Total number of secondary electrons: 1615
1500 130.039 7.26261 16.8525 1.68338 0.180972 263.076 0 0
1500 91.9788 1.5177 16.3812 0.781402 -0.00507034 264.625 0 0
1500 101.623 7.15826 15.4746 0.800468 0.0671988 266.197 0 0
1500 89.8856 8.89623 15.9725 0.662833 0.0968877 276.759 0 0
1500 90.6954 -6.82236 15.4872 0.642268 -0.042134 278.023 0 0
1500 125.42 -7.75656 16.2107 1.42248 -0.161812 284.98 0 0
1500 87.7422 2.11703 14.9855 0.48892 0.0729129 285.132 0 0
1500 87.5137 3.31467 16.0063 0.623822 -0.00734456 286.678 0 0
1500 134.658 5.1026 15.3764 1.33383 0.0886306 287.01 0 0
1500 89.97 5.36378 15.9692 0.615309 0.0570811 290.574 0 0
1500 125.545 -7.2156 15.9271 1.29531 -0.137065 290.656 0 0
1500 87.9032 5.70372 16.0312 0.584204 0.0386305 292.661 0 0
1500 77.9302 -4.54291 15.7319 0.433415 -0.0880912 293.004 0 0
1500 72.084 -20.5278 14.9843 0.222276 -0.284337 294.922 0 0
1500 73.3092 -2.91082 15.8586 0.355549 -0.0583399 295.018 0 0
1500 77.4236 -3.8083 15.972 0.407068 -0.0231483 296.919 0 0
1500 80.2233 3.42999 15.8728 0.424435 0.0877354 297.508 0 0
1500 84.8674 -2.57038 16.3156 0.55748 -0.0486547 298.583 0 0
1500 89.2649 -3.89741 15.9888 0.55562 -0.0834584 300.318 0 0
1500 83.6216 0.845662 16.795 0.582432 -0.0248519 300.407 0 0
1500 98.0141 18.1499 15.9354 0.734242 0.253097 300.686 0 0
1500 96.588 -7.32838 15.1572 0.577411 -0.121238 300.718 0 0
1500 85.1937 -26.0397 14.8333 0.405125 -0.350244 305.823 0 0
1500 85.4418 -28.8076 14.8359 0.407736 -0.383552 305.906 0 0
1500 94.0652 9.78256 15.7861 0.610238 0.130184 308.584 0 0
1500 54.8098 -2.28171 14.8998 -0.0677982 -0.00653165 309.489 0 0
1500 113.574 18.2898 16.3933 1.01167 0.287923 310.025 0 0
1500 104.465 -15.708 14.7779 0.641509 -0.175052 310.58 0 0
1500 84.4148 6.22679 16.2576 0.556447 0.0867965 312.566 0 0
1500 63.7041 23.6634 15.0937 0.0831832 0.347194 313.798 0 0
1500 82.6199 9.73301 16.2474 0.529242 0.148512 315.027 0 0
1500 88.4012 40.551 14.5647 0.439298 0.521839 315.472 0 0
1500 86.4452 6.7139 17.1242 0.667416 0.0876808 315.623 0 0
1500 68.5577 10.3273 14.9185 0.221236 0.174465 315.927 0 0
1500 84.2794 2.79489 15.3937 0.47079 0.073375 317.315 0 0
1500 97.8215 69.412 14.5183 0.537005 0.848833 318.283 0 0
1500 65.2265 -59.4361 14.6181 0.0423182 -0.797308 318.984 0 0
1500 110.558 -0.69412 16.8333 1.09095 -0.0327722 319.056 0 0
1500 82.5163 -11.9525 15.7189 0.494618 -0.162432 319.277 0 0
1500 89.1706 -5.18939 16.8636 0.696956 -0.0782895 319.717 0 0
1500 102.034 -16.4871 15.2071 0.668237 -0.216274 320.375 0 0
1500 71.2766 -69.3182 14.5082 0.220869 -0.874268 320.685 0 0
1500 73.16 30.6044 14.7963 0.280166 0.410832 321.345 0 0
1500 114.63 28.6235 14.7925 0.757617 0.429317 321.597 0 0
1500 95.6187 8.00989 16.1608 0.68261 0.0867303 322.577 0 0
1500 98.6946 -19.0013 15.0445 0.610432 -0.25478 324.266 0 0
1500 87.4847 -12.4215 15.8622 0.557922 -0.155464 324.316 0 0
1500 97.202 11.87 15.5005 0.664583 0.249652 325.069 0 0
1500 97.0095 2.66837 17.4036 0.899279 0.0512189 327.23 0 0
1500 42.068 51.3098 15.0809 -0.228338 0.691297 327.448 0 0
1500 78.9084 -2.13969 16.5765 0.460301 0.0256339 327.673 0 0
1500 80.0558 -1.21387 16.3164 0.421596 -0.0469961 328.464 0 0
1500 90.2468 15.6269 15.3111 0.457625 0.251411 329.674 0 0
1500 102.43 3.7655 15.7725 0.657749 0.0906995 330.31 0 0
1500 114.821 -19.2294 17.7002 1.28992 -0.385692 330.418 0 0
1500 83.0741 -9.17045 16.5523 0.459849 -0.14838 331.315 0 0
1500 51.484 18.5455 15.6978 -0.0931051 0.292085 332.841 0 0
1500 85.5979 51.6419 15.6168 0.348137 0.688174 334.776 0 0
1500 101.951 -31.7175 15.8946 0.664967 -0.423401 334.879 0 0
1500 84.5348 1.79511 16.6416 0.447471 0.0524884 335.244 0 0
1500 86.8434 -8.53169 17.1224 0.564651 -0.168617 335.323 0 0
1500 77.8645 -46.3041 15.8097 0.311903 -0.617058 336.453 0 0
1500 67.1716 -49.4296 15.7649 0.0679839 -0.666702 337.243 0 0
1500 81.6615 0.920693 17.0179 0.494427 -0.0302507 337.417 0 0
1500 154.848 -88.7214 15.8955 1.41702 -1.26804 337.502 0 0
1500 75.1838 20.0929 16.8237 0.336448 0.288968 337.507 0 0
1500 100.345 -12.1605 17.2794 0.766792 -0.168625 337.6 0 0
1500 77.0198 0.0945959 15.7186 0.251046 0.0629228 337.678 0 0
1500 95.8062 -0.426894 16.3231 0.584902 -0.0403117 338.534 0 0
1500 62.8341 13.8207 15.9157 0.116989 0.225217 339.544 0 0
1500 62.4044 -18.6103 16.3148 0.132329 -0.289783 339.681 0 0
1500 74.1759 3.82695 16.5098 0.2775 0.106204 339.925 0 0
1500 48.513 55.6688 16.0207 -0.0989964 0.87097 339.937 0 0
1500 92.0154 -13.7537 16.3472 0.493721 -0.228557 340.193 0 0
1500 65.9221 33.9163 15.9954 0.0671559 0.476756 340.378 0 0
1500 86.7038 11.1643 17.8942 0.608303 0.152992 340.487 0 0
1500 103.558 -0.976861 15.9825 0.651944 0.000497033 341.655 0 0
1500 75.0962 -29.1208 16.1542 0.30444 -0.45178 341.697 0 0
1500 57.1662 -38.5747 16.0427 0.0473141 -0.537137 342.087 0 0
1500 183.604 82.857 17.3002 2.38354 1.51837 342.106 0 0
1500 93.9794 -12.0367 16.9402 0.591439 -0.185633 342.268 0 0
1500 66.756 14.1235 17.0295 0.231532 0.235128 342.5 0 0
1500 44.9783 -12.3943 16.2543 -0.190362 -0.207536 342.849 0 0
1500 103.957 46.7016 16.0573 0.646521 0.604917 342.924 0 0
1500 60.3069 -14.2353 16.1171 0.0876759 -0.229013 343.015 0 0
1500 82.9145 -2.35136 17.8601 0.557501 0.0025258 343.438 0 0
1500 59.0984 14.3552 16.3891 0.0336387 0.248203 343.472 0 0
1500 91.0333 5.7624 16.2878 0.446262 0.138014 343.889 0 0
1500 23.6697 72.8068 16.1196 -0.425752 0.950417 344.114 0 0
1500 70.4975 13.9505 16.3607 0.147275 0.20534 344.146 0 0
1500 62.2961 39.2624 16.308 0.0773793 0.564956 344.255 0 0
1500 130.73 -10.892 16.4956 1.15204 -0.140947 344.274 0 0
1500 34.7999 9.48666 16.4056 -0.31605 0.170349 344.346 0 0
1500 87.5194 28.188 16.7856 0.480153 0.403754 344.625 0 0
1500 117.474 42.5705 16.532 0.931981 0.667673 344.784 0 0
1500 65.7269 -10.1121 16.8397 0.206203 -0.182655 344.803 0 0
1500 87.7739 6.92222 16.8669 0.512185 0.123151 344.833 0 0
1500 77.9237 10.6687 16.7692 0.327167 0.142932 344.858 0 0
1500 14.0916 14.5145 16.4072 -0.605263 0.183749 344.959 0 0
1500 120.414 -54.0072 16.4631 0.999645 -0.819916 345.358 0 0
1500 78.3536 -10.4561 16.5894 0.30046 -0.199566 345.385 0 0
1500 82.4 -7.61872 16.9984 0.448545 -0.129234 346.304 0 0
1500 60.3017 -42.1514 16.6836 0.00426225 -0.629255 346.574 0 0
1500 128.244 -16.6005 16.395 0.938886 -0.268426 347.228 0 0
1500 26.7434 22.5409 16.568 -0.460466 0.324576 348.756 0 0
1500 39.5891 4.72435 16.5259 -0.300302 0.0903401 348.882 0 0
1500 111.083 16.8185 16.7768 0.796366 0.214366 349.043 0 0
1500 81.0949 -7.40251 17.7544 0.424652 -0.113666 349.125 0 0
1500 83.9185 -38.0704 16.6598 0.357665 -0.570034 349.127 0 0
1500 94.6721 -9.56969 16.7985 0.522868 -0.191526 349.352 0 0
1500 86.4793 20.4221 16.7442 0.426918 0.335346 349.489 0 0
1500 95.7432 0.992435 16.8379 0.589408 0.0610537 349.531 0 0
1500 114.157 -15.9703 16.5109 0.754497 -0.277796 349.526 0 0
1500 75.4755 -29.8788 16.7414 0.218423 -0.442649 349.742 0 0
1500 73.2579 51.1089 16.5007 0.25739 0.72367 349.941 0 0
1500 96.2888 28.3456 16.8591 0.592773 0.417103 350.019 0 0
1500 112.769 -20.8396 16.5119 0.782079 -0.235851 350.197 0 0
1500 106.511 26.6082 17.0585 0.82591 0.492467 350.64 0 0
1500 59.0197 26.8418 17.0137 0.0177184 0.381304 350.759 0 0
1500 119.102 -42.8007 16.609 0.831936 -0.601005 350.905 0 0
1500 62.9489 -4.8727 16.6017 0.114814 -0.0443254 351.063 0 0
1500 107.566 7.98395 17.2092 0.845223 0.184787 351.13 0 0
1500 125.11 18.0817 17.0353 1.17626 0.277223 351.137 0 0
1500 26.0442 60.7484 16.6109 -0.474245 0.811389 351.261 0 0
1500 86.8995 -7.11139 17.47 0.465514 -0.0810535 351.278 0 0
1500 121.224 -34.701 16.5673 0.880281 -0.413532 351.415 0 0
1500 74.0082 1.67913 16.8899 0.2336 -0.0333605 351.494 0 0
1500 73.4442 -6.01261 17.6089 0.313273 -0.102805 351.782 0 0
1500 96.8123 23.8811 18.0204 0.838382 0.49881 352.044 0 0
1500 -13.4895 -18.8716 16.6495 -0.981662 -0.229376 352.084 0 0
1500 102.722 7.45254 17.2366 0.723643 0.0965556 352.113 0 0
1500 125.011 -11.1086 16.6126 0.930239 -0.108419 352.225 0 0
1500 82.5637 0.248219 16.7644 0.338874 -0.0390253 352.538 0 0
1500 103.37 -10.5675 16.7959 0.691816 -0.151279 352.574 0 0
1500 102.007 17.9107 17.1141 0.705928 0.30012 352.753 0 0
1500 -13.988 26.7392 16.7043 -0.972494 0.368227 352.848 0 0
1500 66.0362 -4.62225 17.0331 0.175958 -0.0164597 352.984 0 0
1500 66.6667 -5.15867 17.2818 0.204592 -0.0285513 353.29 0 0
1500 78.2035 12.4309 17.3583 0.327702 0.187184 353.689 0 0
1500 87.7422 -27.3376 17.4518 0.527509 -0.411536 353.696 0 0
1500 123.504 -45.3694 16.898 1.04449 -0.753269 353.72 0 0
1500 35.2588 35.2495 16.7782 -0.389523 0.471995 353.962 0 0
1500 81.3872 2.00544 18.4459 0.482588 0.0260337 354.203 0 0
1500 81.2015 11.0076 16.9898 0.404142 0.114079 354.38 0 0
1500 115.023 24.6019 16.9306 0.922878 0.389699 354.363 0 0
1500 49.5737 -42.3519 16.8465 -0.18184 -0.676282 354.605 0 0
1500 81.1479 -16.4274 17.0575 0.307512 -0.248737 354.75 0 0
1500 108.664 -39.297 16.8863 0.750664 -0.520398 354.757 0 0
1500 42.3936 36.8912 16.724 -0.228221 0.562171 354.738 0 0
1500 100.017 38.6992 16.9795 0.597739 0.621466 354.888 0 0
1500 9.19489 -39.7209 16.8472 -0.740747 -0.59932 354.984 0 0
1500 105.057 14.9467 17.0249 0.714375 0.164723 355.314 0 0
1500 84.1608 -10.6213 17.2455 0.377164 -0.197925 355.351 0 0
1500 91.2791 -37.05 17.027 0.531941 -0.521989 355.368 0 0
1500 82.744 -12.0152 18.0567 0.455359 -0.156134 355.402 0 0
1500 109.736 17.7142 16.7614 0.694944 0.266515 355.468 0 0
1500 14.2512 18.4316 16.9699 -0.615298 0.277875 355.625 0 0
1500 85.4277 -12.9109 17.1784 0.428172 -0.222787 355.745 0 0
1500 99.9743 65.7586 16.9355 0.692717 0.956553 355.754 0 0
1500 76.7076 7.75038 18.0403 0.376657 0.124083 355.94 0 0
1500 29.0221 30.1331 17.0906 -0.452372 0.401534 356.05 0 0
1500 106.122 -20.1553 17.1146 0.737155 -0.280317 356.239 0 0
1500 65.2745 12.9481 17.3 0.11727 0.195699 356.318 0 0
1500 104.496 35.0899 16.7979 0.695045 0.459787 356.319 0 0
1500 -8.54729 6.24307 16.7943 -0.893384 0.146059 356.468 0 0
1500 65.7748 -50.0246 16.8249 0.107228 -0.742218 356.82 0 0
1500 59.1517 7.92892 17.0343 0.0709549 0.167904 357.028 0 0
1500 19.0432 -40.9742 16.8356 -0.521236 -0.617728 357.107 0 0
1500 123.474 -15.4293 16.9622 0.926945 -0.237688 357.24 0 0
1500 67.9074 -56.6777 16.8418 0.135174 -0.826926 357.273 0 0
1500 60.3969 28.8211 17.0469 0.0874437 0.449903 357.415 0 0
1500 69.8914 -8.26503 16.972 0.218658 -0.165013 357.675 0 0
1500 81.9904 6.59016 16.9183 0.337765 0.116934 357.966 0 0
1500 44.4061 49.7092 17.2116 -0.189119 0.781376 358.445 0 0
1500 72.3112 42.1584 17.0716 0.153229 0.600885 358.519 0 0
1500 90.3961 41.2104 17.0091 0.448467 0.62163 358.559 0 0
1500 91.1801 0.182875 17.0953 0.527499 0.0401522 359.153 0 0
1500 113.442 -9.85245 17.0231 0.79936 -0.182899 359.23 0 0
1500 31.0858 -18.1641 16.9449 -0.436623 -0.27997 359.314 0 0
1500 97.2435 20.58 17.0459 0.595838 0.324 359.356 0 0
1500 -67.1951 2.14703 16.9367 -1.6721 0.0840014 359.712 0 0
1500 120.968 12.3884 17.0416 0.894268 0.115192 359.749 0 0
1500 91.5013 70.6142 16.9419 0.497872 0.904624 359.895 0 0
1500 118.97 -29.3575 17.0903 0.874659 -0.421056 359.851 0 0
1500 75.795 -17.6463 17.5702 0.269576 -0.292735 360.029 0 0
1500 97.7469 -11.7075 17.1272 0.600191 -0.219655 360.144 0 0
1500 76.0925 25.2405 17.165 0.219787 0.392376 360.187 0 0
1500 129.706 4.85254 17.2865 1.10817 0.0189918 360.366 0 0
1500 102.466 1.6878 17.7598 0.725651 0.0612319 360.399 0 0
1500 77.0103 14.0275 17.4884 0.264435 0.221775 360.471 0 0
1500 35.6999 12.0835 17.1466 -0.300699 0.233535 360.577 0 0
1500 96.359 -14.5288 18.1251 0.793995 -0.234354 360.662 0 0
1500 78.0463 -73.353 16.9934 0.258673 -1.00226 360.865 0 0
1500 56.2819 19.4844 17.2686 -0.0591291 0.280194 360.927 0 0
1500 -2.89675 17.8729 16.9995 -0.884592 0.211959 361 0 0
1500 65.0077 42.7918 17.1263 0.0757831 0.636274 361.02 0 0
1500 83.577 58.9991 17.1961 0.326199 0.874476 361.178 0 0
1500 71.3085 18.3497 17.1993 0.213798 0.319146 361.239 0 0
1500 84.8063 -17.0624 17.8068 0.507097 -0.258251 361.32 0 0
1500 32.2019 50.5809 17.2035 -0.373582 0.726277 361.432 0 0
1500 32.5663 2.82791 17.1511 -0.362209 0.103191 361.418 0 0
1500 89.5715 11.6855 17.931 0.574008 0.193944 361.463 0 0
1500 76.1714 20.1756 17.153 0.237669 0.341611 361.486 0 0
1500 89.5436 -10.4832 17.24 0.464516 -0.148124 361.547 0 0
1500 74.7028 40.4858 17.0574 0.293143 0.539045 362.022 0 0
1500 83.331 35.0364 17.1687 0.33359 0.541846 362.035 0 0
1500 44.3155 7.80435 17.3231 -0.262551 0.104338 362.242 0 0
1500 120.954 -3.80042 18.2058 1.25209 -0.0483525 362.254 0 0
1500 103.168 -33.4356 18.5321 0.95633 -0.641838 362.329 0 0
1500 71.5518 -8.71357 17.45 0.252248 -0.178215 362.456 0 0
1500 71.7705 -9.68258 17.4506 0.255092 -0.191059 362.476 0 0
1500 106.784 22.9338 17.3533 0.73342 0.378176 362.495 0 0
1500 90.3768 -53.9352 17.2183 0.420263 -0.781878 362.609 0 0
1500 102.203 -19.5783 17.6059 0.700032 -0.303571 362.644 0 0
1500 97.5535 -67.639 17.3327 0.605237 -1.02135 362.704 0 0
1500 94.3802 47.1185 17.3558 0.566974 0.671605 362.759 0 0
1500 110.468 -20.9096 17.2403 0.767152 -0.332707 362.878 0 0
1500 91.8856 -32.5737 17.1248 0.533599 -0.472542 362.925 0 0
1500 82.4467 66.9732 17.1685 0.376851 0.934525 363.155 0 0
1500 108.833 4.7509 17.1666 0.681626 0.0871554 363.261 0 0
1500 64.7334 -12.7395 17.7025 0.160635 -0.206238 363.376 0 0
1500 115.267 26.2099 17.3476 0.858267 0.361722 363.419 0 0
1500 71.7378 -0.554507 18.4559 0.335301 0.0431767 363.51 0 0
1500 118.193 18.1929 17.3908 0.892574 0.265411 363.53 0 0
1500 55.2731 -53.4999 17.3339 -0.0246308 -0.785356 363.592 0 0
1500 89.9547 5.57695 18.6882 0.654816 0.0460146 363.604 0 0
1500 20.9548 39.1124 17.2583 -0.506175 0.593307 363.669 0 0
1500 99.8728 -1.57792 17.3352 0.638768 0.0513211 363.763 0 0
1500 78.036 -53.2593 17.3549 0.324979 -0.773874 363.835 0 0
1500 45.3829 -12.9248 17.2682 -0.19025 -0.189874 363.958 0 0
1500 54.5475 42.3327 17.1566 0.00787177 0.622214 364.073 0 0
1500 82.6223 -2.86515 17.4103 0.381472 -0.0484255 364.082 0 0
1500 69.2649 30.1106 17.4172 0.224295 0.466059 364.304 0 0
1500 14.9157 35.871 17.2214 -0.644376 0.482298 364.325 0 0
1500 93.6015 6.69784 17.4442 0.583001 0.104288 364.38 0 0
1500 68.2008 -32.0033 17.5258 0.21404 -0.493087 364.491 0 0
1500 153.142 20.8491 17.2013 1.42059 0.33341 364.519 0 0
1500 90.2155 22.3583 17.425 0.507296 0.359211 364.59 0 0
1500 107.417 25.3904 17.3755 0.736106 0.389002 364.863 0 0
1500 89.9649 10.6123 17.4767 0.430659 0.164764 365.287 0 0
1500 90.968 11.5028 18.6451 0.662718 0.159333 365.322 0 0
1500 64.3493 29.8889 17.3473 0.157675 0.453312 365.603 0 0
1500 94.5142 1.77196 17.7343 0.573385 0.0263983 365.69 0 0
1500 34.263 -1.79674 17.2858 -0.357595 0.0341827 365.672 0 0
1500 93.5385 31.8953 18.4208 0.763325 0.589199 365.734 0 0
1500 115.569 38.2311 17.4037 0.824553 0.55656 365.942 0 0
1500 83.4641 -31.8054 18.4395 0.551461 -0.633489 366.033 0 0
1500 68.4525 -50.3265 17.2587 0.19355 -0.735995 366.139 0 0
1500 104.56 -10.1493 17.8095 0.754262 -0.150245 366.165 0 0
1500 68.3629 -34.4509 17.262 0.185798 -0.44614 366.231 0 0
1500 130.868 -4.03973 17.2417 0.990384 -0.0832256 366.205 0 0
1500 95.8343 -66.6341 17.2037 0.551864 -0.88359 366.242 0 0
1500 73.5941 15.2988 17.4364 0.305253 0.228123 366.29 0 0
1500 125.665 31.17 17.2854 0.94153 0.404375 366.309 0 0
1500 10.4115 -35.6873 17.2186 -0.658098 -0.475626 366.32 0 0
1500 93.1332 8.70791 18.316 0.656748 0.123854 366.338 0 0
1500 98.5441 15.2203 18.0913 0.654214 0.261614 366.363 0 0
1500 131.035 -38.0256 17.2666 1.07613 -0.497482 366.366 0 0
1500 65.0731 -51.3334 17.4755 0.0505975 -0.766873 366.388 0 0
1500 89.0922 34.1089 17.2909 0.464704 0.494544 366.567 0 0
1500 101.814 29.855 17.3761 0.662751 0.446286 366.673 0 0
1500 116.147 -27.8568 18.0321 1.0637 -0.510362 366.664 0 0
1500 82.8709 7.25073 17.691 0.397798 0.165411 366.798 0 0
1500 82.1983 16.1602 17.6936 0.388166 0.285427 366.902 0 0
1500 98.2844 26.3535 17.4615 0.635835 0.374926 367.265 0 0
1500 45.4082 -41.2839 17.2656 -0.215453 -0.539392 367.293 0 0
1500 105.398 17.7787 17.4659 0.730637 0.258148 367.428 0 0
1500 92.2191 -8.89717 17.3961 0.54525 -0.0909371 367.493 0 0
1500 121.919 34.7219 18.682 1.28179 0.661066 367.49 0 0
1500 75.6135 -54.0588 17.4485 0.272236 -0.856834 367.558 0 0
1500 92.4228 27.2776 18.0035 0.588182 0.409012 367.669 0 0
1500 70.5586 -1.51873 17.9072 0.256183 -0.00684567 367.987 0 0
1500 122.156 -14.6947 17.3627 0.935432 -0.194609 368.007 0 0
1500 74.3352 65.8671 17.3681 0.212743 0.945816 368.025 0 0
1500 51.6817 -18.7252 17.4482 -0.138965 -0.266217 368.024 0 0
1500 104.733 6.36915 17.41 0.711964 0.118089 368.04 0 0
1500 88.3692 13.4604 17.5904 0.446985 0.260089 368.058 0 0
1500 85.5178 -3.44155 18.4425 0.563398 -0.0181404 368.076 0 0
1500 69.6405 -41.1059 17.3191 0.229403 -0.576161 368.092 0 0
1500 48.9501 -20.4289 17.9008 -0.150797 -0.380533 368.101 0 0
1500 110.53 -30.4774 17.3227 0.696809 -0.423757 368.127 0 0
1500 89.6743 18.2295 18.4509 0.614469 0.260182 368.393 0 0
1500 119.091 14.5975 17.493 0.904336 0.212435 368.365 0 0
1500 74.0688 -7.97996 18.2355 0.346632 -0.114507 368.467 0 0
1500 102.378 -24.9719 17.3952 0.659584 -0.406984 368.758 0 0
1500 27.9959 -10.7319 17.4485 -0.522307 -0.150358 368.763 0 0
1500 109.479 -3.10409 17.4527 0.789566 -0.0415442 368.79 0 0
1500 2.26113 69.8079 17.3702 -0.805401 1.04112 368.798 0 0
1500 221.002 -121.063 17.3566 2.3097 -1.79176 368.905 0 0
1500 40.2502 -3.94487 17.5189 -0.240984 -0.00572449 368.988 0 0
1500 127.825 -1.09014 17.5202 1.00924 0.00291609 369.236 0 0
1500 114.813 -65.7414 17.3458 0.743101 -0.948467 369.548 0 0
1500 109.06 -26.8505 17.4994 0.77986 -0.343606 369.626 0 0
1500 134.1 -3.17249 17.3325 1.00888 -0.0991084 369.793 0 0
1500 75.5977 0.423228 18.4568 0.361348 0.0528811 370.013 0 0
1500 71.7252 5.11346 18.662 0.318055 0.123746 369.93 0 0
1500 9.20083 69.5355 17.4553 -0.778467 1.0609 370.012 0 0
1500 104.597 33.8832 17.3777 0.659211 0.528704 370.212 0 0
1500 69.2867 2.47673 17.923 0.240675 -0.0112278 370.44 0 0
1500 87.7597 11.9831 18.7629 0.54946 0.167168 370.539 0 0
1500 86.12 -7.5607 17.5369 0.394819 -0.142099 370.624 0 0
1500 -7.39503 36.5119 17.3794 -0.923129 0.439672 370.616 0 0
1500 54.433 40.0385 17.4017 -0.11698 0.584989 370.617 0 0
1500 92.3065 -56.3532 17.4785 0.543888 -0.821341 370.691 0 0
1500 174.742 57.3677 17.4811 1.68599 0.901741 370.66 0 0
1500 63.7055 -10.0901 17.604 0.126816 -0.206606 370.864 0 0
1500 58.0128 38.1321 17.9068 0.0111227 0.679036 370.966 0 0
1500 34.4371 -24.6334 17.7343 -0.366943 -0.36753 370.992 0 0
1500 96.5419 23.6677 17.6144 0.536624 0.340981 371.155 0 0
1500 130.406 5.54445 17.4151 0.994264 0.138106 371.561 0 0
1500 60.4598 70.2806 17.4173 0.0537859 1.00747 371.635 0 0
1500 111.967 -0.291465 17.5571 0.814123 -0.0155217 371.545 0 0
1500 103.901 6.29562 18.8315 0.861763 0.141857 371.569 0 0
1500 81.5195 9.7062 18.7542 0.526951 0.156309 371.834 0 0
1500 87.1503 65.1207 17.4238 0.411087 0.935453 371.851 0 0
1500 115.432 28.9429 17.5505 0.813478 0.461573 371.912 0 0
1500 59.2454 7.36071 18.1623 0.0444567 0.0902714 372.011 0 0
1500 56.0958 97.2556 17.4505 -0.0647799 1.33957 372.18 0 0
1500 71.7576 20.6275 17.6597 0.291738 0.323694 372.287 0 0
1500 90.4587 5.01537 18.1627 0.591593 0.0776812 372.511 0 0
1500 72.595 72.4399 17.4459 0.214127 1.02379 372.558 0 0
1500 90.7581 8.97284 18.1635 0.595293 0.130414 372.548 0 0
1500 79.7273 -2.19742 18.0591 0.440025 -0.0383191 372.624 0 0
1500 83.7547 -9.82027 18.062 0.493626 -0.141388 372.774 0 0
1500 -10.0614 7.30763 17.4546 -0.988088 0.123445 372.844 0 0
1500 120.354 -30.6679 17.5831 0.890455 -0.464745 372.882 0 0
1500 16.4609 -13.2473 17.4721 -0.644202 -0.145656 372.894 0 0
1500 43.4008 54.2294 17.6858 -0.23275 0.856888 372.966 0 0
1500 66.4836 -36.0067 17.9328 0.184216 -0.559024 373.008 0 0
1500 46.57 0.55038 17.6809 -0.180324 0.0633709 373.106 0 0
1500 119.684 -37.4568 17.4817 0.859476 -0.491001 373.222 0 0
1500 76.5025 -1.84213 18.8298 0.418466 -0.0530857 373.335 0 0
1500 99.3116 -3.72696 18.0732 0.698896 -0.0584996 373.327 0 0
1500 69.3714 -5.73172 17.6609 0.110988 -0.0998189 373.756 0 0
1500 41.9183 -52.2078 17.5096 -0.243843 -0.793951 373.998 0 0
1500 114.099 -21.0046 17.5107 0.760678 -0.359152 374.055 0 0
1500 35.4033 -24.9075 17.6966 -0.362631 -0.360384 374.03 0 0
1500 36.1858 -10.792 17.6647 -0.357022 -0.170742 374.024 0 0
1500 84.3499 -54.8543 17.7457 0.373159 -0.850943 374.103 0 0
1500 89.984 -24.2586 18.8696 0.705255 -0.515046 374.109 0 0
1500 84.7047 9.78672 18.7019 0.526721 0.20538 374.135 0 0
1500 109.524 -38.5566 17.7008 0.748707 -0.585659 374.191 0 0
1500 82.0667 17.9821 19.1558 0.529826 0.288615 374.23 0 0
1500 31.0934 -22.1419 17.6692 -0.427035 -0.329323 374.313 0 0
1500 74.3639 65.578 17.5116 0.220711 0.929477 374.381 0 0
1500 74.9731 6.57467 18.4738 0.327203 0.149912 374.553 0 0
1500 86.4855 -15.8742 18.2335 0.481602 -0.281685 374.546 0 0
1500 105.399 -35.7911 17.6821 0.731488 -0.521585 374.556 0 0
1500 28.4846 -58.3077 17.5301 -0.425234 -0.867314 374.956 0 0
1500 76.6456 -45.9403 17.7429 0.243679 -0.750569 375.031 0 0
1500 120.605 -18.0681 17.6828 0.938364 -0.235561 375.132 0 0
1500 103.952 -19.446 17.5299 0.675399 -0.335049 375.257 0 0
1500 61.6537 -2.16155 17.727 0.0444739 -0.0949464 375.052 0 0
1500 97.9559 -35.7932 18.293 0.679914 -0.609579 375.318 0 0
1500 117.929 42.82 17.5367 0.838364 0.612818 375.519 0 0
1500 79.0655 23.9016 18.1453 0.379358 0.392788 375.475 0 0
1500 37.6683 -38.9649 17.7319 -0.323818 -0.575068 375.553 0 0
1500 21.872 -58.7344 17.6225 -0.509158 -0.861616 375.612 0 0
1500 85.8166 -6.15296 17.5968 0.364297 -0.136141 375.686 0 0
1500 74.2151 -0.769164 17.6641 0.186032 -0.0566767 375.931 0 0
1500 55.4653 5.29337 17.7374 -0.0625768 0.129075 376.107 0 0
1500 67.5825 -14.5018 18.2629 0.264351 -0.270017 376.089 0 0
1500 82.7801 67.3314 17.5438 0.325972 0.950586 376.208 0 0
1500 119.536 -12.6213 17.6367 0.90353 -0.185547 376.129 0 0
1500 6.99508 -4.05914 17.6332 -0.741288 0.00448517 376.135 0 0
1500 39.6284 44.7301 17.6334 -0.284077 0.687866 376.147 0 0
1500 79.5985 8.65744 18.0577 0.358866 0.191507 376.196 0 0
1500 2.43317 3.28926 17.7123 -0.854623 0.114174 376.269 0 0
1500 86.7436 10.6963 18.6164 0.580574 0.121454 376.291 0 0
1500 53.0098 -18.3018 17.9851 -0.0839127 -0.273635 376.315 0 0
1500 114.563 40.9378 17.5795 0.799626 0.524767 376.412 0 0
1500 48.8878 -49.6801 17.7468 -0.133691 -0.753379 376.365 0 0
1500 67.1745 22.9733 17.7407 0.103186 0.378528 376.371 0 0
1500 35.2619 11.7454 17.7411 -0.347797 0.219705 376.403 0 0
1500 71.5368 0.80566 17.6106 0.177341 -0.0581558 376.511 0 0
1500 71.8898 37.712 17.6038 0.193948 0.533291 376.764 0 0
1500 81.6165 17.5778 18.9333 0.512484 0.28529 376.799 0 0
1500 89.2478 -17.4241 18.3659 0.552677 -0.35953 377.277 0 0
1500 101.661 19.0239 17.605 0.593215 0.289083 377.42 0 0
1500 -1.98188 -24.444 17.6971 -0.858028 -0.388294 377.43 0 0
1500 23.8664 41.5891 17.6643 -0.519068 0.629765 377.348 0 0
1500 54.8377 92.3993 17.6116 -0.0685084 1.37691 377.387 0 0
1500 43.9491 -72.4181 17.7277 -0.159013 -1.15455 377.597 0 0
1500 7.32377 1.66782 17.6252 -0.732322 -0.0450539 377.638 0 0
1500 107.246 -64.3086 17.7713 0.822661 -1.06479 377.718 0 0
1500 64.9329 -38.3809 17.6066 0.163276 -0.569929 377.777 0 0
1500 14.5984 95.8485 17.6491 -0.583468 1.44688 377.896 0 0
1500 73.1997 47.2479 17.8147 0.231128 0.729067 377.904 0 0
1500 7.82336 -50.7576 17.6131 -0.680634 -0.732854 378.006 0 0
1500 52.4165 -56.0336 17.6677 -0.0807772 -0.900629 378.02 0 0
1500 95.8902 31.0168 17.9139 0.685322 0.460234 378.004 0 0
1500 3.29358 -52.9502 17.5976 -0.708438 -0.772598 378.315 0 0
1500 94.8258 -62.7126 17.9237 0.650536 -1.10601 378.521 0 0
1500 100.216 6.65932 18.394 0.734084 0.0803707 378.563 0 0
1500 23.4803 13.6278 17.6626 -0.539666 0.13183 378.536 0 0
1500 9.86415 -29.6558 17.6188 -0.679423 -0.451978 378.65 0 0
1500 91.1589 3.14088 17.677 0.476135 0.0684956 378.715 0 0
1500 47.6276 6.82178 17.6723 -0.148169 0.147879 379.046 0 0
1500 16.2985 -25.2238 17.7377 -0.601455 -0.387644 379.139 0 0
1500 92.4181 -15.6459 18.926 0.670585 -0.271429 379.094 0 0
1500 85.3991 -38.0386 18.7233 0.616757 -0.707949 379.118 0 0
1500 38.7085 -38.9592 17.6633 -0.355826 -0.558029 379.184 0 0
1500 62.6509 71.4141 17.6781 0.0769675 1.01004 379.42 0 0
1500 105.046 -18.0798 17.7064 0.669223 -0.328092 379.485 0 0
1500 106.915 19.0621 17.7413 0.713776 0.3043 379.514 0 0
1500 30.925 63.969 17.8118 -0.364779 1.01994 379.696 0 0
1500 65.0961 -56.3653 18.0466 0.0872925 -1.04899 379.702 0 0
1500 2.52532 25.8858 17.728 -0.822409 0.397288 379.929 0 0
1500 55.4009 20.62 18.1665 0.00365956 0.354838 379.902 0 0
1500 48.7093 96.8898 17.7527 -0.202875 1.46269 379.9 0 0
1500 36.873 57.6755 17.7146 -0.300411 0.875989 380.078 0 0
1500 56.6188 -27.2796 17.7067 -0.0914595 -0.429888 380.082 0 0
1500 67.5789 30.2308 17.7639 0.137459 0.534193 379.987 0 0
1500 99.2732 0.0889166 19.0604 0.945986 -0.033319 379.98 0 0
1500 104.144 -14.4035 17.8611 0.741037 -0.221645 380.272 0 0
1500 102.001 21.4074 17.8607 0.711195 0.283084 380.238 0 0
1500 80.4642 -20.8099 17.7252 0.398497 -0.320941 380.275 0 0
1500 30.0561 -44.7259 17.6914 -0.429069 -0.700085 380.28 0 0
1500 65.3125 31.8969 17.8362 0.108065 0.52791 380.279 0 0
1500 115.361 13.2391 17.8315 0.984306 0.165804 380.382 0 0
1500 59.958 65.3982 17.7095 0.040788 0.91819 380.427 0 0
1500 60.5011 6.95198 18.036 0.111045 0.125356 380.496 0 0
1500 71.0149 13.3076 17.7715 0.266379 0.217845 380.567 0 0
1500 114.162 43.6733 17.671 0.837926 0.57651 380.592 0 0
1500 90.1811 8.52414 17.9139 0.513188 0.181697 380.607 0 0
1500 84.0063 14.1005 17.9136 0.505711 0.206588 380.629 0 0
1500 69.6278 -40.2237 18.0463 0.222753 -0.778561 380.61 0 0
1500 112.113 5.61361 17.866 0.848793 0.0600839 380.652 0 0
1500 23.1908 12.7434 17.7507 -0.551426 0.235302 380.767 0 0
1500 70.2064 -8.28305 17.8916 0.271844 -0.127607 380.852 0 0
1500 106.293 29.4912 18.0579 0.786072 0.494225 380.885 0 0
1500 66.7375 67.4121 17.7287 0.11599 1.00074 380.895 0 0
1500 83.5469 -4.09666 18.2768 0.431536 -0.126926 380.894 0 0
1500 71.7028 4.28553 17.9366 0.247488 0.016643 380.929 0 0
1500 23.4907 -31.9386 17.7852 -0.492131 -0.467092 380.944 0 0
1500 78.5652 12.0377 18.0785 0.401711 0.207324 381.084 0 0
1500 100.383 -56.9855 17.8183 0.690985 -0.84619 381.051 0 0
1500 95.9248 23.1326 18.6637 0.797567 0.506586 381.042 0 0
1500 1.95492 70.2914 17.6858 -0.788571 1.01655 381.111 0 0
1500 58.0313 -12.143 17.7085 -0.0356917 -0.210634 381.416 0 0
1500 101.652 -4.68095 17.9238 0.717158 -0.0521742 381.359 0 0
1500 85.8667 -33.5625 17.9793 0.416697 -0.554961 381.398 0 0
1500 102.404 42.3091 17.7293 0.590267 0.620284 381.468 0 0
1500 83.9729 -8.77446 18.8292 0.525213 -0.175888 381.597 0 0
1500 91.1115 -1.26348 18.3948 0.61182 0.00466177 381.744 0 0
1500 112.959 -4.86572 17.7157 0.774144 -0.0741006 381.904 0 0
1500 107.24 -23.6299 17.7783 0.794334 -0.300532 381.915 0 0
1500 97.3735 -109.517 17.9048 0.640406 -1.79046 381.964 0 0
1500 97.7211 8.03522 18.4265 0.692867 0.150582 382.083 0 0
1500 95.6926 75.9069 17.7284 0.602308 1.09973 382.079 0 0
1500 87.6716 -45.9369 17.8564 0.519124 -0.737777 382.098 0 0
1500 78.0635 -3.17896 18.6828 0.406495 -0.130213 382.061 0 0
1500 74.9111 10.6005 17.8995 0.328995 0.145736 382.158 0 0
1500 122.113 0.162193 18.4739 1.2791 0.000202373 382.161 0 0
1500 84.5722 31.9757 17.7256 0.458261 0.492382 382.181 0 0
1500 92.2208 19.6172 17.7915 0.475228 0.2985 382.22 0 0
1500 86.5071 -6.61251 19.6158 0.68355 -0.0589165 382.295 0 0
1500 84.5177 -8.64912 17.9861 0.488964 -0.131372 382.26 0 0
1500 77.939 3.58687 18.1446 0.349865 0.0150852 382.308 0 0
1500 35.1908 -2.01842 17.8896 -0.332194 -0.0421872 382.324 0 0
1500 60.2046 -0.535859 17.8441 -0.0112836 -0.0600049 382.408 0 0
1500 45.4523 -6.87713 17.8947 -0.202405 -0.103306 382.457 0 0
1500 72.6726 70.8746 17.7609 0.193941 1.02678 382.434 0 0
1500 53.8815 -4.09091 17.844 -0.105928 -0.113188 382.445 0 0
1500 77.6138 20.3493 17.9055 0.364621 0.280183 382.569 0 0
1500 30.8662 -0.571729 17.8744 -0.452565 0.0249512 382.555 0 0
1500 80.2975 -13.6148 18.6752 0.434358 -0.258726 382.617 0 0
1500 -41.9688 6.32759 17.7624 -1.60437 0.0937497 382.662 0 0
1500 14.0339 -48.9563 17.7351 -0.692267 -0.673699 382.682 0 0
1500 95.43 14.3601 18.3446 0.639987 0.226103 383.131 0 0
1500 69.1305 3.96592 19.0388 0.32316 0.119968 383.195 0 0
1500 9.93342 -53.2094 17.7432 -0.68565 -0.786702 383.325 0 0
1500 62.86 78.2741 17.749 0.0252469 1.13991 383.256 0 0
1500 31.1069 44.1088 17.8578 -0.455721 0.772008 383.355 0 0
1500 124.421 -6.31953 18.4346 1.34288 -0.124953 383.338 0 0
1500 72.0325 23.2542 18.6973 0.275693 0.375131 383.664 0 0
1500 97.595 -8.6579 18.389 0.716113 -0.216479 383.656 0 0
1500 67.0362 64.9426 17.7349 0.195344 0.955066 383.803 0 0
1500 122.124 25.3589 18.147 1.10713 0.449949 383.982 0 0
1500 97.3228 -11.1603 18.1511 0.686572 -0.174272 383.999 0 0
1500 21.6699 -58.0797 17.7695 -0.511588 -0.890193 384.022 0 0
1500 80.7288 1.40316 18.8549 0.435233 0.0651885 384.043 0 0
1500 76.4601 58.0182 17.7601 0.32161 0.889083 384.102 0 0
1500 79.1673 0.489721 18.0171 0.378108 -0.0597983 384.185 0 0
1500 124.513 -0.383546 17.7395 1.01495 0.0153534 384.29 0 0
1500 35.2979 -7.63441 18.0206 -0.357677 -0.169363 384.324 0 0
1500 53.0855 12.9824 17.8712 -0.141606 0.196315 384.376 0 0
1500 101.757 -7.75429 18.158 0.736435 -0.156565 384.439 0 0
1500 44.9929 -6.90902 18.4445 -0.170922 -0.1109 384.532 0 0
1500 48.9525 -20.2471 17.8702 -0.203908 -0.307491 384.519 0 0
1500 84.8528 45.7901 18.1458 0.524888 0.887398 384.57 0 0
1500 98.2394 11.3671 18.6121 0.710275 0.209743 384.822 0 0
1500 101.981 -21.9437 18.1589 0.736578 -0.359212 384.73 0 0
1500 29.5525 -54.008 17.8463 -0.454806 -0.832391 384.692 0 0
1500 45.6131 -10.023 18.0532 -0.214506 -0.108924 384.785 0 0
1500 69.805 -27.2752 17.9241 0.261019 -0.443435 384.815 0 0
1500 58.6191 32.7312 17.8688 -0.0572869 0.49345 384.734 0 0
1500 105.556 -6.67752 18.2983 0.858111 -0.17694 384.638 0 0
1500 -7.36748 -57.6101 17.762 -0.988158 -0.814575 385.005 0 0
1500 77.4754 -43.0609 17.8196 0.349219 -0.692179 385.056 0 0
1500 43.7478 -6.49295 18.0655 -0.235697 -0.0486939 384.969 0 0
1500 116.044 0.918748 18.1487 0.994847 0.0801161 384.991 0 0
1500 110.883 28.3276 17.8228 0.843226 0.43278 385.141 0 0
1500 85.9378 -13.5456 17.9563 0.463276 -0.183479 385.19 0 0
1500 68.807 31.8041 18.3426 0.213633 0.554454 385.203 0 0
1500 69.7959 15.6837 18.0673 0.158115 0.287505 385.266 0 0
1500 84.7085 50.8559 17.9917 0.521548 0.838914 385.231 0 0
1500 77.3358 -34.7753 18.1667 0.378874 -0.565412 385.429 0 0
1500 100.431 -2.86718 17.9216 0.715051 -0.076129 385.376 0 0
1500 110.068 -30.325 17.8192 0.849207 -0.519873 385.398 0 0
1500 58.4799 21.5527 17.7994 0.0706975 0.36985 385.312 0 0
1500 58.5339 -79.3496 18.0984 0.0765365 -1.38404 385.511 0 0
1500 51.6426 1.11556 18.7311 -0.0951659 0.0288791 385.377 0 0
1500 75.7453 28.4515 18.3567 0.255357 0.508834 385.37 0 0
1500 29.8362 41.0381 17.8652 -0.485776 0.611184 385.568 0 0
1500 56.5069 -14.9161 17.8561 -0.0130501 -0.255105 385.792 0 0
1500 29.3854 -2.73172 17.8203 -0.436374 -0.0472705 386.399 0 0
1500 101.056 24.2925 17.8373 0.717042 0.394793 386.249 0 0
1500 13.7535 41.2009 17.7976 -0.649167 0.698247 386.295 0 0
1500 88.4197 -6.34477 18.2064 0.489967 -0.0981565 386.683 0 0
1500 6.20328 -35.857 17.8648 -0.823322 -0.525959 386.778 0 0
1500 5.27239 -26.0678 17.7995 -0.829027 -0.44285 386.563 0 0
1500 70.8199 -55.2837 17.8376 0.162726 -0.88886 386.684 0 0
1500 51.6312 18.728 17.8736 -0.0506367 0.35586 386.494 0 0
1500 52.4336 18.3481 17.8739 -0.0397226 0.352465 386.507 0 0
1500 72.9026 43.6344 18.1417 0.28961 0.711696 386.855 0 0
1500 85.248 -3.30754 19.2777 0.601303 0.006493 387.036 0 0
1500 61.5599 -2.15003 18.3133 0.14555 -0.0689329 386.806 0 0
1500 112.787 -39.8111 17.7926 0.852666 -0.584707 386.809 0 0
1500 66.8276 -63.4268 17.8 0.0822156 -0.989171 387.047 0 0
1500 23.9862 -48.6017 17.9087 -0.560922 -0.739143 386.811 0 0
1500 60.1471 4.60263 18.0662 0.00872694 0.0182969 386.849 0 0
1500 59.2263 31.7299 17.8318 0.0284309 0.563308 386.96 0 0
1500 81.5119 5.19076 18.0202 0.384348 0.0495722 387.252 0 0
1500 115.037 -34.7187 17.8241 0.881122 -0.550055 387.212 0 0
1500 98.332 30.3576 18.1409 0.661133 0.513812 387.164 0 0
1500 126.481 0.098728 17.8255 1.04344 -0.0467832 387.415 0 0
1500 87.7418 22.0101 18.3114 0.481248 0.394578 387.456 0 0
1500 81.9922 23.7641 18.9053 0.56563 0.523727 387.459 0 0
1500 114.945 -36.4298 17.8262 0.875978 -0.572284 387.514 0 0
1500 105.854 -17.8982 18.1198 0.777257 -0.330908 387.739 0 0
1500 82.3932 -12.972 17.9485 0.39197 -0.178656 387.771 0 0
1500 19.8667 87.7727 17.9676 -0.577913 1.47954 387.743 0 0
1500 92.3277 28.7167 18.2804 0.63003 0.458343 388.183 0 0
1500 47.3795 1.24099 18.2255 -0.136512 0.0601852 388.232 0 0
1500 65.8277 -29.6185 18.6161 0.160208 -0.562863 388.242 0 0
1500 96.4776 -5.27382 18.1325 0.686048 -0.111043 388.331 0 0
1500 132.425 42.2866 18.012 1.34829 0.69704 388.255 0 0
1500 147.606 49.969 17.8463 1.47212 0.863089 388.422 0 0
1500 115.582 -37.3562 18.4388 1.12143 -0.707892 388.398 0 0
1500 110.192 13.5942 17.8709 0.86667 0.200716 388.466 0 0
1500 43.6242 3.65645 18.1528 -0.241552 0.0185188 388.466 0 0
1500 82.8355 23.5987 18.0371 0.468818 0.399066 388.587 0 0
1500 88.3411 -22.2268 18.5903 0.563737 -0.387696 388.718 0 0
1500 132.333 37.9424 18.0229 1.28558 0.619201 388.778 0 0
1500 109.153 -32.6041 17.8686 0.843038 -0.489243 389.098 0 0
1500 78.9247 10.2427 18.0721 0.411851 0.202959 389.07 0 0
1500 138.754 -37.7008 18.0696 1.45294 -0.61398 389.356 0 0
1500 36.8047 1.66504 18.2091 -0.412199 0.00593618 389.366 0 0
1500 28.9117 -60.3557 17.8494 -0.441227 -0.924326 389.591 0 0
1500 100.182 15.5834 17.9014 0.721072 0.203177 389.6 0 0
1500 100.96 -12.5027 17.907 0.635406 -0.218059 389.767 0 0
1500 4.13867 -37.4271 17.8198 -0.832439 -0.534556 389.645 0 0
1500 33.7797 -19.95 17.9118 -0.384053 -0.382714 389.731 0 0
1500 10.5127 17.9073 17.979 -0.780824 0.323522 389.794 0 0
1500 69.5512 14.0982 17.9097 0.183767 0.248087 389.893 0 0
1500 72.0452 40.5496 18.034 0.276401 0.680798 389.936 0 0
1500 106.676 17.6804 17.8978 0.81486 0.233653 390.028 0 0
1500 78.5912 -54.3901 17.891 0.343419 -0.849857 390.091 0 0
1500 65.1456 9.41489 18.4127 0.109402 0.138572 390.088 0 0
1500 68.3381 23.6808 18.1034 0.203512 0.364758 390.338 0 0
1500 58.559 44.1781 18.3799 0.0155032 0.766196 390.259 0 0
1500 45.1813 65.8632 17.822 -0.1777 1.03225 390.433 0 0
1500 58.4304 25.3357 18.3195 0.0435811 0.452392 390.451 0 0
1500 115.768 24.2869 17.8252 0.93666 0.345011 390.541 0 0
1500 54.8537 18.7264 18.1387 -0.0099469 0.388283 390.709 0 0
1500 95.1232 -1.99673 18.0793 0.583948 0.0056019 391.096 0 0
1500 107.841 29.5044 18.026 0.805024 0.504836 391.062 0 0
1500 96.7653 -2.53435 18.2038 0.687252 -0.0908725 390.873 0 0
1500 85.4346 -40.9375 17.907 0.398431 -0.694998 390.846 0 0
1500 38.9733 -18.9251 17.8567 -0.373209 -0.296295 390.826 0 0
1500 79.2993 7.4549 18.2542 0.376324 0.0566814 391.273 0 0
1500 96.469 -41.8564 18.0538 0.650442 -0.680815 391.135 0 0
1500 82.64 -19.6219 18.4258 0.487855 -0.355595 391.543 0 0
1500 96.0353 -1.54113 17.9749 0.606604 -0.0930213 391.804 0 0
1500 55.6036 -0.122232 18.3683 -0.0352524 0.0302055 391.938 0 0
1500 115.637 -31.404 17.8907 0.921815 -0.49505 392.098 0 0
1500 10.6267 -43.7216 17.8935 -0.715344 -0.723265 392.104 0 0
1500 37.7369 -58.1061 17.8983 -0.323449 -0.939031 392.105 0 0
1500 67.1838 14.2273 18.3661 0.140777 0.248175 392.076 0 0
1500 45.044 16.3489 18.3474 -0.205257 0.246185 392.146 0 0
1500 18.6928 6.59019 18.0834 -0.632641 0.141184 392.066 0 0
1500 44.3193 -25.1794 18.3123 -0.236528 -0.473005 392.15 0 0
1500 101.704 -49.8326 17.8908 0.715913 -0.764836 392.198 0 0
1500 70.0771 -12.6118 18.9442 0.269483 -0.274316 392.202 0 0
1500 73.3697 -21.323 18.1382 0.343306 -0.36172 392.378 0 0
1500 72.7877 32.1446 18.0905 0.240626 0.50114 392.41 0 0
1500 46.179 56.7095 17.8374 -0.158509 0.873218 392.447 0 0
1500 148.6 13.9226 17.9139 1.45873 0.277563 392.527 0 0
1500 3.39496 40.0761 17.8455 -0.813604 0.660846 392.572 0 0
1500 41.8485 21.4557 18.122 -0.236689 0.331874 392.714 0 0
1500 62.3864 -3.08587 17.9193 0.0964802 -0.0964353 392.701 0 0
1500 122.834 0.111016 17.906 1.08544 0.0462758 392.665 0 0
1500 77.7013 25.4978 18.0698 0.394286 0.436703 392.858 0 0
1500 45.6589 -37.5444 18.0079 -0.181297 -0.575525 392.975 0 0
1500 91.5492 45.6785 17.9182 0.561557 0.746729 393.007 0 0
1500 27.4945 54.612 17.8361 -0.534862 0.823211 392.894 0 0
1500 111.87 21.1181 17.9623 0.922443 0.297078 393.071 0 0
1500 93.4252 -60.0274 18.0888 0.616388 -0.980296 393.141 0 0
1500 124.536 -19.4541 18.108 1.18342 -0.276772 393.186 0 0
1500 33.6878 -48.9756 18.0304 -0.367623 -0.809494 393.297 0 0
1500 -20.9938 47.9861 17.9345 -1.25608 0.80734 393.312 0 0
1500 52.9722 -0.314325 18.0209 -0.0594201 0.0626107 393.344 0 0
1500 101.117 54.758 17.8036 0.5884 0.865858 393.427 0 0
1500 38.7983 63.7039 17.8339 -0.36164 0.953732 393.363 0 0
1500 47.0397 -14.416 18.0185 -0.161058 -0.256447 393.571 0 0
1500 113.335 23.9805 18.0268 0.916551 0.39245 393.524 0 0
1500 84.5915 37.2911 18.0623 0.495105 0.611562 393.492 0 0
1500 79.5705 21.4467 18.001 0.37802 0.403723 393.586 0 0
1500 136.583 -0.965765 18.0935 1.34773 -0.0549123 393.548 0 0
1500 101.086 2.07146 18.0945 0.689223 0.00686244 393.777 0 0
1500 70.899 62.7155 17.8504 0.174934 0.975456 393.828 0 0
1500 112.548 15.7779 17.7947 0.819689 0.292563 393.767 0 0
1500 84.8969 26.8301 18.437 0.434257 0.476276 393.779 0 0
1500 142.907 -164.52 18.1691 1.51744 -2.94712 393.747 0 0
1500 81.2415 12.0856 18.8491 0.479029 0.166076 394.018 0 0
1500 65.8544 -7.21217 18.7369 0.207299 -0.157154 393.997 0 0
1500 -4.9603 19.539 17.8323 -1.00666 0.288468 394.091 0 0
1500 94.4104 -39.5683 17.8416 0.584616 -0.577357 394.285 0 0
1500 97.2463 -35.9783 18.4529 0.763593 -0.728601 394.309 0 0
1500 133.705 -5.63758 18.0392 1.28765 -0.153497 394.432 0 0
1500 102.258 26.1995 17.8439 0.693735 0.352783 394.488 0 0
1500 57.6796 -16.4815 18.6517 -0.0287073 -0.40662 394.695 0 0
1500 62.2325 -43.0767 17.874 0.0651937 -0.673584 394.777 0 0
1500 54.6537 -22.8944 18.3082 -0.0371773 -0.406475 394.76 0 0
1500 89.0106 -12.7886 18.1385 0.532509 -0.269137 394.766 0 0
1500 124.373 11.0335 18.0532 1.1769 0.217349 394.789 0 0
1500 107.621 -12.6069 18.4837 0.885636 -0.204623 395.099 0 0
1500 81.1157 -60.5508 17.8651 0.349891 -0.95333 395.235 0 0
1500 119.319 17.1963 18.0323 0.995731 0.290351 395.529 0 0
1500 69.8885 21.2849 17.9842 0.256338 0.385086 395.499 0 0
1500 45.1165 13.3854 17.8572 -0.190515 0.286828 395.263 0 0
1500 98.1637 43.2439 17.9184 0.633645 0.680757 395.878 0 0
1500 115.447 -25.4823 17.8581 0.9024 -0.346664 395.856 0 0
1500 7.23759 38.6242 17.8361 -0.806657 0.55827 395.689 0 0
1500 -4.69272 7.75229 17.9666 -1.06889 0.109503 395.702 0 0
1500 93.3554 -11.1622 18.1219 0.651045 -0.154048 396.015 0 0
1500 -5.26954 -9.78063 17.8349 -0.989548 -0.154317 396.226 0 0
1500 75.1661 5.21726 17.9253 0.307962 0.0408208 396.267 0 0
1500 72.1147 -21.7778 17.9221 0.187352 -0.370385 396.822 0 0
1500 42.7504 -33.7339 17.9167 -0.224206 -0.539818 396.812 0 0
1500 86.6934 41.2558 17.925 0.462222 0.643569 396.799 0 0
1500 90.7696 44.8472 17.8202 0.517432 0.694029 396.562 0 0
1500 62.1645 -65.2723 17.8946 0.0825972 -1.02208 396.496 0 0
1500 105.322 45.9206 17.9789 0.738265 0.743994 396.809 0 0
1500 90.274 -7.27227 18.7583 0.667901 -0.122172 396.873 0 0
1500 35.9755 -32.4826 18.0484 -0.371058 -0.541962 396.851 0 0
1500 117.01 50.3451 17.9454 0.977532 0.854984 396.287 0 0
1500 33.9758 30.2646 17.9257 -0.454028 0.441183 396.806 0 0
1500 84.4278 -19.0174 17.9777 0.372597 -0.364691 396.608 0 0
1500 70.2221 -13.4954 18.2134 0.134113 -0.248831 396.609 0 0
1500 14.8805 9.09216 17.8475 -0.71205 0.0794183 396.965 0 0
1500 116.812 -17.7439 17.8911 0.963531 -0.282744 397.172 0 0
1500 119.59 -0.852108 17.8066 1.00112 -0.0159093 397.066 0 0
1500 123.178 -2.61729 17.9732 1.04799 -0.0249574 397.285 0 0
1500 67.6393 12.9972 17.8751 0.230429 0.207585 397.411 0 0
1500 64.6601 -20.9258 18.2219 0.184852 -0.333939 397.625 0 0
1500 88.4855 -44.5733 17.8361 0.480868 -0.666504 397.626 0 0
1500 81.3679 -7.8397 18.5946 0.496603 -0.174421 397.573 0 0
1500 111.901 -23.0244 18.0569 0.909306 -0.331527 397.766 0 0
1500 49.0867 54.8862 17.8604 -0.127125 0.909909 397.684 0 0
1500 109.186 -20.5911 18.1538 0.966003 -0.416827 397.751 0 0
1500 67.2393 -40.6401 18.3474 0.178798 -0.7123 397.849 0 0
1500 83.5127 -56.0778 17.9661 0.469476 -0.954508 397.834 0 0
1500 123.183 8.93177 17.8886 1.04189 0.115315 398.27 0 0
1500 82.0897 -21.7121 17.8732 0.447915 -0.323974 398.252 0 0
1500 56.5108 51.0515 17.9244 -0.0812551 0.809313 398.38 0 0
1500 94.0986 1.47021 17.9781 0.609409 0.0910785 398.145 0 0
1500 36.9193 7.11983 17.9098 -0.354686 0.0410144 398.375 0 0
1500 82.4927 7.61732 19.256 0.627381 0.178409 398.029 0 0
1500 68.3744 7.97713 18.515 0.223351 0.166235 398.497 0 0
1500 97.0386 -9.43806 18.2783 0.634047 -0.1861 398.733 0 0
1500 98.7495 -21.0595 18.1299 0.667977 -0.326355 398.645 0 0
1500 95.7262 26.0722 17.9744 0.617846 0.375635 398.739 0 0
1500 120.785 -12.297 17.8685 1.01559 -0.192708 398.611 0 0
1500 17.1628 -48.4268 17.8209 -0.613647 -0.803196 398.703 0 0
1500 93.3404 0.72858 18.1745 0.642043 0.0581057 398.575 0 0
1500 76.3928 32.9847 18.1736 0.383978 0.547898 398.646 0 0
1500 99.5035 -12.778 17.9782 0.714504 -0.241487 398.433 0 0
1500 89.0525 56.04 17.8803 0.522373 0.840014 398.821 0 0
1500 108.132 38.1367 17.9838 0.821098 0.614795 399.059 0 0
1500 114.215 -26.3826 17.8631 0.9212 -0.413258 398.839 0 0
1500 114.69 -6.16288 17.8483 0.895704 -0.163477 399.045 0 0
1500 67.8472 -39.8757 17.8999 0.125854 -0.68362 399.099 0 0
1500 89.2597 57.4326 17.9106 0.506264 0.897876 399.483 0 0
1500 110.57 41.6467 17.8677 0.855473 0.605765 399.228 0 0
1500 99.6449 -9.3458 18.3262 0.746492 -0.188007 399.304 0 0
1500 95.6853 -16.3533 18.059 0.636332 -0.318809 399.153 0 0
1500 82.6548 -6.44754 18.217 0.501388 -0.106134 399.351 0 0
1500 25.8434 -22.7579 17.8153 -0.562099 -0.400862 399.325 0 0
1500 133.813 -1.43024 18.3184 1.3536 -0.0338167 399.194 0 0
1500 90.5306 16.6143 18.4725 0.555166 0.286286 399.632 0 0
1500 86.1831 24.3576 18.4722 0.495954 0.392142 399.609 0 0
1500 63.8126 -16.6756 18.1424 0.177092 -0.261298 399.68 0 0
1500 77.1678 62.6152 17.9108 0.329695 0.972232 399.565 0 0
1500 45.3376 -1.03647 18.3215 -0.261256 -0.0384185 399.604 0 0
1500 113.715 -34.1844 17.869 0.890329 -0.507609 400.109 0 0
1500 108.223 13.1036 17.8576 0.825284 0.201421 399.921 0 0
1500 99.1632 -31.9737 17.9801 0.680106 -0.550959 400.013 0 0
1500 82.9966 -14.5151 17.881 0.447314 -0.28116 400.041 0 0
1500 126.822 0.0365233 17.8625 1.13098 0.0667455 400.064 0 0
1500 117.85 -21.9406 17.9345 1.03726 -0.325859 400.151 0 0
1500 84.9242 -16.3897 18.6215 0.608905 -0.328265 399.958 0 0
1500 101.998 -1.6353 18.0176 0.73742 0.0113249 400.27 0 0
1500 46.0611 -17.9799 18.0427 -0.213859 -0.331062 400.39 0 0
1500 95.4404 -47.7569 17.8013 0.548515 -0.760637 400.755 0 0
1500 92.9929 27.5702 18.0173 0.6007 0.438111 400.743 0 0
1500 78.9504 44.7067 17.8653 0.386731 0.663481 400.533 0 0
1500 116.798 -31.6964 17.8407 0.900838 -0.53605 401.011 0 0
1500 26.5292 -59.4874 17.8408 -0.435035 -0.950957 400.71 0 0
1500 90.9487 -47.3166 17.9762 0.551301 -0.777384 400.53 0 0
1500 83.7334 -56.7278 17.886 0.361705 -0.920529 400.704 0 0
1500 57.995 44.5164 18.1669 -0.0124035 0.724727 400.784 0 0
1500 53.9823 -31.0142 17.9557 -0.0946968 -0.540219 400.554 0 0
1500 81.5536 2.04534 18.0769 0.467419 0.0874306 401.173 0 0
1500 107.367 36.9514 17.9016 0.821237 0.576637 401.293 0 0
1500 132.848 19.2056 17.8155 1.16161 0.325558 401.491 0 0
1500 113.701 33.8703 17.8252 0.905994 0.504934 401.557 0 0
1500 86.0979 19.8427 18.3874 0.499351 0.373359 401.527 0 0
1500 75.9542 -42.2605 18.1906 0.318027 -0.712626 401.518 0 0
1500 51.4646 54.9795 17.8058 -0.133403 0.908076 401.437 0 0
1500 80.0945 -16.2813 17.9385 0.40746 -0.309128 401.447 0 0
1500 117.589 -4.2019 17.8893 0.979773 -0.0525045 401.655 0 0
1500 29.0066 -43.9738 17.923 -0.485053 -0.72037 401.805 0 0
1500 68.7373 -19.1649 18.0401 0.175979 -0.321614 402.11 0 0
1500 26.7937 -48.0649 18.0235 -0.498311 -0.775292 402.107 0 0
1500 54.922 15.8475 18.2847 -0.00682443 0.31567 402.096 0 0
1500 94.5584 13.2941 18.2533 0.713041 0.189551 402.217 0 0
1500 33.3898 12.5361 17.8891 -0.384669 0.229042 402.393 0 0
1500 82.3559 -19.1053 18.7497 0.506748 -0.350072 402.398 0 0
1500 70.9874 15.8841 18.3188 0.302701 0.272393 402.826 0 0
1500 69.8924 57.2349 17.8337 0.193593 0.89086 402.49 0 0
1500 57.8561 -66.0847 17.8837 -0.0266042 -1.02948 402.756 0 0
1500 82.5069 -64.6508 17.7982 0.299972 -0.997773 402.69 0 0
1500 82.45 36.5999 18.1177 0.456899 0.597123 402.523 0 0
1500 -1.94647 -17.0837 17.9166 -0.942864 -0.30702 402.717 0 0
1500 71.1321 -12.4947 17.8207 0.279923 -0.19319 402.647 0 0
1500 132.381 -8.224 18.2681 1.31205 -0.153272 402.72 0 0
1500 93.7838 -69.9597 17.8642 0.645043 -1.15911 402.589 0 0
1500 131.688 43.5919 17.8825 1.27452 0.731787 402.611 0 0
1500 73.8557 22.8264 18.6228 0.286344 0.469335 402.883 0 0
1500 80.5866 0.0932128 18.7101 0.427863 -0.0530353 403.089 0 0
1500 66.4488 -10.8502 17.8242 0.12606 -0.220954 402.921 0 0
1500 -8.903 8.49999 17.7987 -1.02797 0.194597 403.081 0 0
1500 77.5317 7.39233 18.6262 0.470361 0.105201 403.471 0 0
1500 71.5951 -43.9026 18.0859 0.273077 -0.734005 403.342 0 0
1500 78.1608 -14.6516 17.9329 0.389302 -0.269996 402.991 0 0
1500 73.3448 -106.697 17.9269 0.219978 -1.80388 403.121 0 0
1500 -19.8082 -9.43433 18.0772 -1.31174 -0.197689 403.364 0 0
1500 116.126 39.1411 18.033 1.06701 0.650105 403.254 0 0
1500 82.0542 55.7914 18.0491 0.405283 0.903469 403.765 0 0
1500 53.9655 -44.3685 17.922 -0.0387886 -0.756225 403.568 0 0
1500 115.697 8.97966 18.2516 1.0008 0.221382 403.698 0 0
1500 101.328 39.8954 18.0102 0.737863 0.634153 404.016 0 0
1500 112.91 10.3807 17.8756 0.903088 0.114811 403.895 0 0
1500 40.3697 40.7152 18.0302 -0.320085 0.625624 403.9 0 0
1500 -18.2442 28.5072 18 -1.24982 0.493059 403.905 0 0
1500 98.6584 -4.91827 17.8608 0.603693 -0.133884 404.272 0 0
1500 45.6038 -54.2267 17.8926 -0.200774 -0.837475 404.313 0 0
1500 -1.38876 10.1433 17.8049 -0.915143 0.101168 404.177 0 0
1500 74.8234 -61.7854 17.9193 0.292482 -0.955547 404.271 0 0
1500 101.508 -27.8953 17.9179 0.736886 -0.466206 404.274 0 0
1500 61.7449 15.4261 18.1441 0.147147 0.296193 404.288 0 0
1500 30.6374 52.3955 17.9563 -0.405749 0.863144 404.654 0 0
1500 67.5207 -56.5915 17.8022 0.179621 -0.926058 404.638 0 0
1500 65.0002 25.1394 18.5699 0.116185 0.485161 404.535 0 0
1500 50.9878 16.1568 18.4032 -0.0617393 0.280006 404.867 0 0
1500 88.0155 -12.9018 18.4388 0.520578 -0.232903 405.073 0 0
1500 81.1756 -1.7721 18.2814 0.447195 -0.0180072 405.25 0 0
1500 67.4864 -37.8264 17.9907 0.184837 -0.590979 405.448 0 0
1500 91.9434 10.0439 17.8139 0.537911 0.173362 405.006 0 0
1500 114.136 32.9378 18.006 0.910531 0.519157 405.413 0 0
1500 86.945 -19.0762 18.2364 0.535798 -0.330378 405.06 0 0
1500 111.218 5.54119 18.2924 0.917196 0.113198 405.367 0 0
1500 80.8299 -16.2777 18.488 0.427355 -0.31909 404.791 0 0
1500 114.246 -23.5574 17.7966 0.921872 -0.353628 404.98 0 0
1500 116.837 -0.0601657 17.7979 0.964247 0.001623 404.761 0 0
1500 76.5174 53.6172 17.8695 0.249177 0.880764 404.965 0 0
1500 11.548 24.0143 17.8274 -0.774004 0.410204 404.905 0 0
1500 68.3051 -40.1394 17.9953 0.24388 -0.655598 404.867 0 0
1500 102.187 11.379 17.9623 0.757474 0.212748 405.449 0 0
1500 41.8818 -38.9296 17.8154 -0.25918 -0.678836 404.808 0 0
1500 63.0485 12.4227 18.2929 0.0691077 0.224004 405.616 0 0
1500 62.5533 -10.1472 18.0899 0.106679 -0.233893 404.886 0 0
1500 84.8662 -5.12684 17.9998 0.511297 -0.094201 405.37 0 0
1500 49.0406 4.40043 18.0649 -0.182958 0.128836 405.379 0 0
1500 80.9645 38.2574 18.5584 0.422114 0.707097 404.87 0 0
1500 138.5 -36.6656 17.9797 1.44087 -0.589866 405.51 0 0
1500 51.1966 29.1308 17.9097 -0.0643187 0.453818 405.972 0 0
1500 80.7539 -16.7002 17.9952 0.36874 -0.293705 405.808 0 0
1500 44.6205 -15.5956 17.8251 -0.24553 -0.262431 406.087 0 0
1500 55.2613 62.8761 17.9528 -0.0237351 1.01241 405.973 0 0
1500 81.0826 -39.309 18.261 0.39089 -0.664711 405.722 0 0
1500 113.751 17.3169 17.9839 0.922798 0.220521 406.094 0 0
1500 95.2063 -40.4866 17.852 0.634057 -0.65525 405.855 0 0
1500 58.8355 -6.18604 18.0469 -0.0100358 -0.155434 405.835 0 0
1500 62.7781 -28.5697 18.2715 0.118254 -0.619068 406.108 0 0
1500 65.2129 3.29193 18.3149 0.215631 0.0758624 407.344 0 0
1500 59.3345 -0.239072 18.0011 0.0699257 -0.0640003 406.239 0 0
1500 53.0976 -3.77765 18.1271 -0.0416153 -0.120343 407.243 0 0
1500 85.1452 2.59567 18.4328 0.510639 0.0310758 408.159 0 0
1500 46.8496 -47.6924 17.9483 -0.18722 -0.728989 406.68 0 0
1500 40.875 -21.4015 17.9586 -0.268274 -0.353399 407.553 0 0
1500 106.792 -39.3983 17.9414 0.78031 -0.604221 406.706 0 0
1500 123.537 2.82783 17.9396 1.041 0.0681599 406.285 0 0
1500 125.204 -9.0853 17.8096 1.04441 -0.0787471 406.167 0 0
1500 112.704 36.996 17.7944 0.870536 0.544335 407.109 0 0
1500 122.353 -9.36121 17.8194 0.974297 -0.0771282 408.272 0 0
1500 -0.552038 -31.3077 17.8191 -0.938498 -0.426236 406.333 0 0
1500 -2.68828 -25.9413 17.806 -0.951924 -0.438909 407.316 0 0
1500 -0.575394 -29.0721 17.8072 -0.909616 -0.479511 408.132 0 0
1500 97.8506 -10.5264 18.4481 0.68892 -0.230261 407.091 0 0
1500 101.191 -24.7274 18.073 0.689365 -0.449883 406.214 0 0
1500 106.693 27.6016 18.0271 0.819039 0.457897 406.799 0 0
1500 53.5026 46.9032 18.175 -0.0461445 0.779463 406.912 0 0
1500 107.714 -25.8984 17.8157 0.76766 -0.470816 406.32 0 0
1500 21.16 53.8258 17.8475 -0.53183 0.878004 408.085 0 0
1500 54.1488 -56.5857 17.9956 -0.041047 -0.92749 407.999 0 0
1500 86.0109 6.95122 18.4506 0.557238 0.0531584 408.249 0 0
1500 40.9994 24.3605 17.8788 -0.299509 0.445044 406.237 0 0
1500 91.5504 11.9338 17.8784 0.48557 0.251919 406.26 0 0
1500 59.1673 -14.0711 18.2022 0.085281 -0.289973 407.124 0 0
1500 79.3213 -7 18.1996 0.39328 -0.18105 407.3 0 0
1500 94.2636 -18.838 17.8763 0.620597 -0.237312 406.63 0 0
1500 116.241 0.0135008 17.8638 0.941472 0.0529698 407.921 0 0
1500 89.7979 8.60848 18.1005 0.515943 0.208277 407.339 0 0
1500 69.0783 -46.0086 18.0644 0.216777 -0.771501 408.088 0 0
1500 92.8182 -45.0902 17.8055 0.511139 -0.761918 407.751 0 0
1500 90.7857 -43.7127 18.2222 0.570337 -0.734378 408.219 0 0
1500 67.0258 27.5848 18.0855 0.117207 0.478522 407.429 0 0
1500 80.1483 35.4273 18.0797 0.316734 0.59501 407.871 0 0
1500 30.42 -17.9093 18.1139 -0.456482 -0.329621 406.412 0 0
1500 44.8945 -38.1983 17.8859 -0.224202 -0.660735 407.328 0 0
1500 53.1501 -3.73974 17.8987 -0.0982818 -0.131227 406.417 0 0
1500 54.032 4.64296 17.8993 -0.0845333 -0.000124299 406.383 0 0
1500 52.8117 4.80026 17.8992 -0.103619 0.00233679 406.389 0 0
1500 32.3221 -25.2054 17.8886 -0.419474 -0.461931 407.11 0 0
1500 62.3192 12.4339 18.0177 0.0668399 0.266887 407.31 0 0
1500 78.2116 8.32132 18.0311 0.414368 0.130516 408.036 0 0
1500 26.9121 8.26741 17.8572 -0.542996 0.175562 407.749 0 0
1500 45.9596 11.111 17.8632 -0.248701 0.22115 407.337 0 0
1500 81.5441 -20.1975 18.0662 0.474327 -0.310764 407.547 0 0
1500 70.1603 22.3901 18.1252 0.263388 0.418706 408.031 0 0
1500 170.919 -8.14574 18.0907 1.94058 -0.112645 406.272 0 0
1500 111.599 17.543 18.1886 0.979207 0.236651 407.644 0 0
1500 75.2157 -37.2657 18.0353 0.21307 -0.629817 406.946 0 0
1500 131.176 -31.8947 18.1697 1.36321 -0.556939 406.975 0 0
1500 55.0748 -21.0939 18.2824 -0.053825 -0.451344 408.055 0 0
1500 69.6614 44.9308 18.1962 0.220002 0.900446 406.719 0 0
1500 73.3241 -4.76921 18.4185 0.288446 -0.131781 409.093 0 0
1500 68.6483 32.2587 18.0679 0.191982 0.516331 408.522 0 0
1500 73.8802 -8.998 17.9671 0.299781 -0.0996024 409.79 0 0
1500 94.5228 14.2755 18.0379 0.599788 0.225244 409.523 0 0
1500 92.1628 -38.5352 17.9203 0.505729 -0.616447 408.89 0 0
1500 87.0689 -5.02058 17.8213 0.440812 -0.13118 410.016 0 0
1500 84.3906 -34.8552 17.9337 0.451997 -0.504968 410.335 0 0
1500 101.493 -48.8231 17.8458 0.70053 -0.750823 408.591 0 0
1500 83.4442 -56.9316 17.8119 0.377065 -0.896551 409.823 0 0
1500 76.289 -16.2966 18.611 0.329459 -0.301744 408.607 0 0
1500 69.2622 65.0251 17.8599 0.175349 1.0274 409.95 0 0
1500 78.9261 62.749 17.8596 0.31837 0.99778 409.692 0 0
1500 105.606 16.4323 18.2407 0.836931 0.222682 409.015 0 0
1500 41.6847 -64.2159 17.869 -0.26065 -1.0113 410.574 0 0
1500 6.85643 42.5348 17.8073 -0.837183 0.612037 409.513 0 0
1500 96.9331 26.6174 18.0745 0.694705 0.423796 408.688 0 0
1500 107.062 25.8031 18.0687 0.839558 0.407314 409.361 0 0
1500 5.70731 -42.59 17.8452 -0.845544 -0.614399 410.358 0 0
1500 14.524 49.0223 17.8457 -0.717565 0.748721 410.085 0 0
1500 98.8958 -47.3692 17.9446 0.688134 -0.747081 410.058 0 0
1500 102.821 -26.9393 18.015 0.777856 -0.405404 409.416 0 0
1500 33.3992 42.7158 18.0532 -0.387585 0.709929 409.395 0 0
1500 60.5533 46.6121 18.0979 0.0377584 0.773509 409.589 0 0
1500 96.8008 32.2511 17.9093 0.678337 0.49712 409.271 0 0
1500 68.6121 17.2964 18.3376 0.168019 0.307804 410.142 0 0
1500 14.9837 0.112251 17.8756 -0.690912 -0.0685464 408.577 0 0
1500 54.8105 42.4754 18.1461 -0.07063 0.687026 409.89 0 0
1500 109.786 -43.4095 17.8092 0.864268 -0.639244 409.504 0 0
1500 72.0413 -52.0932 17.8724 0.269599 -0.850258 410.476 0 0
1500 83.2693 1.84179 17.9601 0.442051 0.0976965 409.338 0 0
1500 53.0767 -31.6571 17.9725 -0.123851 -0.530334 409.695 0 0
1500 72.0636 -29.8233 18.0919 0.197826 -0.514141 410.189 0 0
1500 52.8034 25.9084 18.2546 -0.0996152 0.404582 410.692 0 0
1500 55.9138 -48.0214 17.8757 0.0288404 -0.790799 410.305 0 0
1500 53.0048 1.89957 17.8254 -0.0595972 0.105022 408.9 0 0
1500 85.1394 31.4672 17.8115 0.438602 0.561002 409.879 0 0
1500 96.9543 -11.8505 17.8602 0.617352 -0.259595 410.655 0 0
1500 79.2398 -17.1823 17.8661 0.345738 -0.344382 410.217 0 0
1500 39.4778 67.4143 17.8839 -0.25226 1.14071 410.075 0 0
1500 58.7956 47.2291 18.0917 -0.0445787 0.789726 409.591 0 0
1500 36.9455 -29.5309 18.081 -0.406405 -0.469885 409.604 0 0
1500 63.0488 2.39948 18.5754 0.135594 -0.0348268 410.64 0 0
1500 76.4809 3.15081 18.1672 0.285383 0.111713 411.816 0 0
1500 21.494 -12.6024 17.9564 -0.550535 -0.20093 413.095 0 0
1500 76.3872 -24.2302 17.8237 0.249462 -0.410767 411.237 0 0
1500 97.1847 27.9877 17.8273 0.617005 0.363938 410.776 0 0
1500 67.6911 5.76201 18.1905 0.152757 0.144198 413.517 0 0
1500 65.2267 35.3173 17.9598 0.171592 0.535941 412.533 0 0
1500 92.1853 24.5916 17.8762 0.537494 0.396276 412.768 0 0
1500 109.48 -14.6569 17.9536 0.805336 -0.246798 413.441 0 0
1500 118.393 -6.12031 17.9399 0.946712 -0.116645 412.745 0 0
1500 118.635 7.15816 18.0387 1.00166 0.121065 410.831 0 0
1500 97.5571 -53.8169 17.8025 0.650957 -0.819841 411.394 0 0
1500 20.2323 49.2644 17.8202 -0.564255 0.783102 413.477 0 0
1500 50.2761 64.2915 17.8879 -0.0833791 1.02853 411.609 0 0
1500 79.7106 -44.7196 18.0402 0.337551 -0.751464 411.001 0 0
1500 121.321 -17.5764 17.7981 0.974448 -0.193195 411.476 0 0
1500 53.8553 65.9443 17.7952 -0.0433489 1.04206 413.135 0 0
1500 96.0973 -10.2034 18.2565 0.705081 -0.164113 411.726 0 0
1500 51.6049 11.6182 18.3011 -0.109044 0.200403 410.915 0 0
1500 61.8465 -63.2849 17.8713 0.056311 -1.02063 412.961 0 0
1500 81.0652 -34.7261 17.8866 0.354239 -0.611878 410.966 0 0
1500 65.1826 36.0012 18.1438 0.105244 0.610353 411.67 0 0
1500 76.5236 1.30061 18.3744 0.423255 0.0450762 412.388 0 0
1500 85.8879 -6.45568 18.1583 0.544087 -0.109659 411.874 0 0
1500 38.9224 -56.81 17.7957 -0.252984 -0.92621 412.698 0 0
1500 103.233 21.6764 17.8044 0.734537 0.269304 411.681 0 0
1500 37.8687 42.2149 17.9243 -0.302976 0.72251 412.296 0 0
1500 56.6137 -32.6398 17.9287 -0.0265869 -0.580206 411.914 0 0
1500 18.4817 -14.0568 17.9252 -0.613668 -0.291644 412.183 0 0
1500 7.66148 -19.477 17.8986 -0.832986 -0.296052 413.113 0 0
1500 90.7411 -20.3391 18.1883 0.618828 -0.313515 413.412 0 0
1500 92.1115 17.3672 18.1884 0.639719 0.25798 413.4 0 0
1500 77.9481 -17.9783 18.4899 0.331049 -0.324966 411.601 0 0
1500 99.5083 29.056 17.9076 0.711501 0.40785 413.027 0 0
1500 69.1585 2.09124 18.2991 0.238832 -0.044033 413.295 0 0
1500 39.4563 44.1455 17.8812 -0.278834 0.753238 413.328 0 0
1500 69.7274 11.965 17.9727 0.244305 0.248793 412.538 0 0
1500 77.7225 37.0105 17.8442 0.250593 0.627166 413.016 0 0
1500 42.8183 42.7362 17.8405 -0.288123 0.712228 413.338 0 0
1500 64.7194 40.8023 17.8438 0.0493387 0.685455 413.053 0 0
1500 29.3312 34.1302 17.8407 -0.495961 0.579891 413.317 0 0
1500 19.3594 -55.0881 17.8564 -0.557249 -0.925551 412.525 0 0
1500 122.417 47.9502 18.0769 1.13507 0.80497 411.779 0 0
1500 115.394 23.6102 18.0536 0.969815 0.442372 413.036 0 0
1500 124.019 16.5686 18.2745 1.13858 0.326763 413.196 0 0
1500 47.7668 -59.0404 17.9456 -0.186683 -1.02056 412.168 0 0
1500 117.817 -21.6951 17.8921 1.03638 -0.379996 413.131 0 0
1500 42.8111 -51.99 18.1576 -0.313199 -0.890575 411.132 0 0
1500 132.113 -4.6784 18.0004 1.30206 -0.0603534 413.043 0 0
1500 48.3936 39.5207 18.1418 -0.21514 0.638887 412.664 0 0
1500 31.5282 22.0387 18.1573 -0.457603 0.466708 411.86 0 0
1500 53.201 5.93849 18.3614 -0.0376083 0.139403 414.443 0 0
1500 40.6758 -33.8298 17.9039 -0.237485 -0.525333 415.729 0 0
1500 87.437 -6.68999 18.3051 0.516585 -0.131659 415.4 0 0
1500 34.1427 33.4718 17.8546 -0.391447 0.515438 414.2 0 0
1500 79.4802 4.64219 17.8294 0.364505 0.041335 415.012 0 0
1500 99.3499 3.03908 17.9167 0.661906 0.0473985 414.749 0 0
1500 24.0488 -44.5199 17.868 -0.510215 -0.701229 413.76 0 0
1500 67.5351 5.66841 17.9856 0.166321 0.145717 416.092 0 0
1500 70.6916 -21.4071 17.8879 0.18107 -0.369418 415.603 0 0
1500 59.5674 15.4152 18.3788 0.110815 0.272955 417.669 0 0
1500 78.1773 22.1492 17.9095 0.258728 0.372477 415.924 0 0
1500 28.9499 12.269 17.9085 -0.430304 0.234514 415.851 0 0
1500 95.2141 11.9534 18.0591 0.612067 0.143853 416.241 0 0
1500 76.9376 -1.84913 18.3287 0.369132 -0.0728949 417.607 0 0
1500 86.8223 34.2757 17.8121 0.425882 0.554036 415.761 0 0
1500 100.297 30.6857 17.8078 0.620658 0.506088 415.347 0 0
1500 70.1697 9.84299 18.0305 0.160043 0.198488 418.062 0 0
1500 37.8469 11.7117 18.0286 -0.288057 0.224789 417.925 0 0
1500 98.047 7.92428 17.9377 0.640438 0.0863379 417.528 0 0
1500 77.7973 -22.4128 18.5553 0.360837 -0.402956 413.743 0 0
1500 51.8456 -65.9031 17.8965 -0.0948132 -1.04397 414.645 0 0
1500 37.185 -3.10797 17.9843 -0.337492 -0.0177351 419.19 0 0
1500 114.902 8.1295 18.1756 0.964055 0.115425 414.846 0 0
1500 99.0866 -4.85783 18.0815 0.670575 -0.0978058 418.779 0 0
1500 111.484 -29.0761 17.8986 0.878256 -0.47194 414.24 0 0
1500 89.5186 1.03978 17.919 0.511961 -0.0186689 419.013 0 0
1500 62.7317 21.2437 18.3837 0.136712 0.357159 421.079 0 0
1500 68.3426 -40.006 18.2869 0.22329 -0.677197 414.201 0 0
1500 19.149 -102.288 17.8015 -0.661135 -1.54334 414.47 0 0
1500 93.5627 54.7265 17.8691 0.534576 0.889025 415.264 0 0
1500 65.3531 57.7158 17.8763 0.1104 0.898711 417.867 0 0
1500 27.7832 58.8267 17.8687 -0.442874 0.946474 415.519 0 0
1500 8.98956 40.2283 17.8933 -0.783758 0.646508 415.2 0 0
1500 31.6522 57.1372 17.896 -0.428648 0.866657 417.725 0 0
1500 24.3846 23.4977 17.8452 -0.524755 0.38164 419.182 0 0
1500 67.7885 66.5209 17.8264 0.0930293 1.04095 415.679 0 0
1500 23.5918 56.0781 17.8263 -0.562536 0.883667 415.837 0 0
1500 124.405 -3.47951 17.864 1.03705 -0.0959429 416.617 0 0
1500 86.5289 -25.9725 18.1806 0.55184 -0.413634 414.384 0 0
1500 76.4343 -7.81637 18.4145 0.41241 -0.166904 415.006 0 0
1500 111.67 -16.6275 17.9787 0.832975 -0.2856 419.229 0 0
1500 111.224 -17.7889 17.9788 0.826607 -0.302102 419.232 0 0
1500 100.079 1.05647 17.9882 0.659096 -0.0336796 420.197 0 0
1500 100.844 -6.76705 17.9848 0.730154 -0.156334 414.306 0 0
1500 82.2774 -51.2273 17.976 0.439864 -0.824119 415.259 0 0
1500 95.3155 23.8205 17.9967 0.609857 0.438011 414.432 0 0
1500 96.1269 36.3849 18.0395 0.678871 0.554475 415.191 0 0
1500 109.31 10.7433 18.0387 0.876732 0.167021 415.283 0 0
1500 104.463 5.70933 18.045 0.748623 0.0848713 420.156 0 0
1500 59.7671 -38.6804 18.0128 0.0101214 -0.600728 420.677 0 0
1500 14.4631 51.4363 17.8861 -0.714079 0.797927 415.867 0 0
1500 76.3135 32.9127 18.1431 0.25495 0.541868 414.706 0 0
1500 52.5958 -30.8733 17.9711 -0.0176596 -0.539222 413.689 0 0
1500 116.529 31.6266 17.9011 0.937478 0.448415 417.716 0 0
1500 88.899 -22.8779 17.9187 0.562343 -0.367299 414.208 0 0
1500 65.2524 -22.7566 17.9111 0.105756 -0.430024 413.723 0 0
1500 78.2194 -40.1356 17.9031 0.27897 -0.63552 420.274 0 0
1500 35.3112 -61.9138 17.8859 -0.342434 -0.98871 416.987 0 0
1500 97.7701 18.6124 17.9604 0.625337 0.362036 414.696 0 0
1500 109.004 -40.8627 17.9408 0.802759 -0.66898 417.253 0 0
1500 59.1993 -34.9474 17.9847 -0.0394353 -0.544663 414.344 0 0
1500 43.7133 -46.5306 17.9766 -0.275637 -0.716186 414.999 0 0
1500 98.9543 -9.15044 18.4224 0.761314 -0.148507 416.804 0 0
1500 67.381 4.71151 17.91 0.199717 0.0973702 421.44 0 0
1500 101.924 36.9188 17.9895 0.717248 0.639931 414.942 0 0
1500 97.2102 -9.02861 18.4234 0.735439 -0.149401 416.932 0 0
1500 119.491 -21.9114 17.9946 0.980983 -0.357286 418.418 0 0
1500 45.2501 -65.1427 17.9447 -0.202267 -1.02734 417.896 0 0
1500 51.9005 -66.3498 17.9447 -0.104037 -1.04301 418.034 0 0
1500 81.6993 24.3448 18.1697 0.365487 0.405912 422.342 0 0
1500 103.267 34.2699 17.8536 0.760226 0.48754 415.78 0 0
1500 -8.75564 -3.0687 17.8797 -1.04564 -0.0682747 418.026 0 0
1500 76.684 0.409085 18.0378 0.304642 -0.0597098 422.317 0 0
1500 55.7772 -10.8357 18.0391 0.0150117 -0.215184 422.415 0 0
1500 67.4112 -40.6418 18.0261 0.194308 -0.692974 415.586 0 0
1500 3.16779 -38.3526 17.8441 -0.884277 -0.54683 417.421 0 0
1500 72.378 -49.2617 17.8742 0.188298 -0.820148 415.733 0 0
1500 6.99908 -42.9768 17.8634 -0.78036 -0.696404 418.329 0 0
1500 53.3104 -70.0348 17.8813 -0.00267613 -1.13639 414.274 0 0
1500 67.6936 -22.854 17.9615 0.208579 -0.418635 414.953 0 0
1500 97.8125 -46.7178 17.9418 0.626145 -0.731074 420.01 0 0
1500 90.9594 -7.73241 18.2105 0.621786 -0.0920372 416.338 0 0
1500 115.098 -11.3528 17.9971 0.935824 -0.219449 417.198 0 0
1500 83.2281 -15.493 18.1304 0.451685 -0.230365 422.842 0 0
1500 63.165 -65.1463 17.8274 0.0437492 -1.03792 417.718 0 0
1500 28.4373 -52.1268 17.8307 -0.480258 -0.85476 416.856 0 0
1500 97.7109 -23.0859 17.8792 0.604094 -0.434003 415.241 0 0
1500 86.7467 -1.76731 18.3343 0.530999 0.0427737 416.906 0 0
1500 62.4031 -40.3468 18.1139 0.080732 -0.68661 416.565 0 0
1500 71.9186 -63.6475 17.8746 0.203625 -1.01977 418.415 0 0
1500 15.3292 -17.2751 17.9477 -0.669007 -0.338592 416.139 0 0
1500 66.4552 4.47134 17.9507 0.0683307 0.0896905 414.422 0 0
1500 83.4245 -4.94535 18.0835 0.48579 -0.0314462 416.515 0 0
1500 70.4588 -32.1895 18.1324 0.272498 -0.554089 417.062 0 0
1500 74.9852 1.29691 18.7329 0.37723 0.0205943 429.452 0 0
1500 138.836 -12.7543 17.9668 1.32309 -0.260767 415.858 0 0
1500 2.35446 8.30416 17.8106 -0.897689 0.186733 417.37 0 0
1500 119.145 -11.2746 17.9551 0.985187 -0.218186 418.773 0 0
1500 69.1354 -6.07964 17.9812 0.24862 -0.146433 416.127 0 0
1500 44.6083 -8.74011 17.8858 -0.261249 -0.189964 415.828 0 0
1500 79.0201 -17.1467 17.8837 0.27555 -0.320562 415.964 0 0
1500 89.5034 -39.866 17.8711 0.432256 -0.664369 416.952 0 0
1500 19.3685 -6.08491 17.8763 -0.648585 -0.146955 416.501 0 0
1500 43.717 -25.3447 17.8825 -0.246954 -0.4032 423.144 0 0
1500 24.681 -52.3596 17.8628 -0.52897 -0.804987 421.09 0 0
1500 -1.46541 -29.825 17.8582 -0.92249 -0.488388 419.872 0 0
1500 68.7927 -2.88208 18.0875 0.215686 -0.0896945 425.976 0 0
1500 96.2478 -54.1552 17.893 0.636129 -0.813972 420.552 0 0
1500 156.511 52.7278 17.911 1.57979 0.829555 417.79 0 0
1500 21.1804 -15.2814 17.8892 -0.626727 -0.241688 417.967 0 0
1500 42.2601 -0.736432 17.8836 -0.293517 -0.069805 416.224 0 0
1500 123.885 -1.49664 17.8179 1.04412 0.0146431 419.526 0 0
1500 123.797 8.40806 17.8179 1.0326 0.160427 420.19 0 0
1500 61.3056 57.0289 17.9913 0.101963 0.954574 416.934 0 0
1500 75.4423 -12.7789 17.9957 0.370976 -0.208563 415.988 0 0
1500 79.8149 -19.6679 18.272 0.453465 -0.337897 418.454 0 0
1500 63.4349 -0.563774 17.8697 0.0765245 0.0687779 416.746 0 0
1500 29.9171 26.0131 17.8601 -0.403348 0.43616 423.94 0 0
1500 21.7562 31.4396 17.8549 -0.521647 0.515905 423.484 0 0
1500 42.2555 58.8355 17.8448 -0.235008 0.919832 422.292 0 0
1500 67.2693 60.4407 17.8423 0.131302 0.985024 419.332 0 0
1500 99.0631 -16.9261 18.0011 0.722908 -0.274424 418.664 0 0
1500 61.3929 2.34365 18.0311 0.108275 -0.0242918 425.462 0 0
1500 -32.958 2.00943 17.8305 -1.43014 0.00693817 420.074 0 0
1500 65.9781 2.074 17.8426 0.093568 0.0962871 425.724 0 0
1500 4.44925 30.9291 17.8515 -0.87024 0.495937 419.86 0 0
1500 31.9691 57.6246 17.8512 -0.456131 0.89657 419.913 0 0
1500 1.19422 -2.39287 17.8581 -0.874615 -0.00479399 423.249 0 0
1500 -0.476814 -26.6453 17.8591 -0.936708 -0.425562 420.628 0 0
1500 98.2174 -22.4307 17.814 0.631372 -0.350187 424.336 0 0
1500 85.6589 24.2772 17.9838 0.419933 0.446503 418.915 0 0
1500 79.5459 17.1319 18.0352 0.369386 0.289599 425.905 0 0
1500 116.016 -34.1962 17.9778 1.05084 -0.591499 414.019 0 0
1500 41.6575 -6.98995 17.9602 -0.298915 -0.182925 415.748 0 0
1500 83.8923 49.1054 17.9582 0.403834 0.766471 424.443 0 0
1500 66.8484 -44.8892 18.0442 0.145466 -0.757116 419.918 0 0
1500 42.2991 -8.67575 18.0585 -0.207304 -0.187371 426.496 0 0
1500 72.4405 -6.38981 17.9401 0.273442 -0.0984883 427.258 0 0
1500 16.3827 16.7723 17.8272 -0.641465 0.288137 424.797 0 0
1500 29.8172 59.2075 17.8113 -0.466135 0.919509 422.509 0 0
1500 56.8501 -104.594 17.8804 0.00564291 -1.68083 419.423 0 0
1500 24.6035 2.49883 18.0235 -0.55219 -0.00656148 419.296 0 0
1500 94.9279 44.5921 17.9795 0.616285 0.732772 420.987 0 0
1500 115.197 26.3249 17.945 0.929913 0.431226 421.648 0 0
1500 118.869 23.8512 17.9437 0.973067 0.38982 422.441 0 0
1500 80.2642 28.5579 17.9648 0.385972 0.437068 425.859 0 0
1500 118.237 6.31503 17.9492 0.939614 0.128635 424.19 0 0
1500 108.511 20.8643 17.9536 0.793458 0.334393 424.781 0 0
1500 48.5628 -37.3498 17.8793 -0.088101 -0.578017 426.122 0 0
1500 97.89 49.6437 17.8323 0.606902 0.788293 423.402 0 0
1500 14.0642 -26.2519 17.932 -0.723793 -0.428439 420.386 0 0
1500 54.6663 9.4876 17.951 -0.109734 0.11719 418.811 0 0
1500 70.2801 -25.491 18.3336 0.270871 -0.402217 427.588 0 0
1500 88.4962 -9.40272 18.33 0.573486 -0.200555 420.811 0 0
1500 28.0492 60.1744 17.8033 -0.420102 0.960403 422.258 0 0
1500 43.0156 15.0157 18.092 -0.272725 0.212757 419.646 0 0
1500 100.612 24.7393 18.0721 0.719811 0.505253 413.648 0 0
1500 84.3575 -53.9974 17.8149 0.446995 -0.793859 424.604 0 0
1500 117.024 -18.2717 17.9332 0.934231 -0.273939 424.583 0 0
1500 81.213 3.51889 17.9539 0.451081 0.0427957 419.603 0 0
1500 99.0669 -29.4212 17.9395 0.714615 -0.459419 420.804 0 0
1500 98.4076 -29.0179 18.0156 0.769971 -0.473161 414.39 0 0
1500 -2.3921 -18.302 17.9 -0.962287 -0.237148 421.86 0 0
1500 0.989028 32.4105 17.8985 -0.881721 0.507441 424.108 0 0
1500 1.79279 22.4875 17.9008 -0.901385 0.376348 421.715 0 0
1500 49.4386 59.3106 17.8354 -0.107122 0.930012 424.33 0 0
1500 119.475 -25.7664 17.9193 0.948195 -0.446762 423.216 0 0
1500 31.984 46.6135 17.905 -0.455347 0.742053 421.059 0 0
1500 79.2297 10.0597 17.8255 0.376627 0.218925 419.435 0 0
1500 114.304 27.9478 17.8021 0.890344 0.479922 421.917 0 0
1500 81.6203 25.3502 17.8221 0.37332 0.412945 426.405 0 0
1500 64.8483 11.8613 17.8289 0.135931 0.221223 426.914 0 0
1500 123.433 0.861032 17.803 0.993522 0.0699216 424.205 0 0
1500 170.916 -39.033 17.972 1.88604 -0.633026 418.453 0 0
1500 54.2587 -40.3212 17.862 -0.0391636 -0.698167 420.439 0 0
1500 120.475 -5.69868 17.8266 1.01148 -0.0678554 422.262 0 0
1500 77.9655 64.7581 17.8256 0.36366 0.96555 423.973 0 0
1500 24.3475 8.49724 17.9356 -0.528502 0.105013 427.156 0 0
1500 26.5664 -11.2981 18.0049 -0.486673 -0.142718 427.45 0 0
1500 62.7221 37.2569 17.86 0.113982 0.578412 426.825 0 0
1500 41.7793 -0.316367 17.9285 -0.261036 -0.0578523 427.735 0 0
1500 57.9491 -19.8947 18.1552 -0.0150159 -0.319454 428.589 0 0
1500 81.3496 37.3538 17.989 0.383345 0.584742 427.158 0 0
1500 68.7534 -17.156 18.0108 0.118648 -0.285891 428.139 0 0
1500 83.5568 -45.8003 18.0189 0.36986 -0.800104 417.585 0 0
1500 118.135 -1.94315 17.8474 0.963156 0.025452 422.422 0 0
1500 93.3333 7.16061 17.8499 0.614528 0.0697047 420.727 0 0
1500 117.241 -5.98389 17.8368 0.913783 -0.12443 425.777 0 0
1500 119.955 -21.034 17.8309 0.968911 -0.346669 424.622 0 0
1500 96.5032 -15.0592 18.0288 0.628071 -0.187646 427.764 0 0
1500 93.513 -0.130672 17.8536 0.563439 0.0271308 427.543 0 0
1500 78.0895 27.6956 18.3224 0.353833 0.446335 429.147 0 0
1500 95.3902 34.8955 17.977 0.59997 0.604792 422.205 0 0
1500 90.7477 27.8079 17.8946 0.572309 0.432426 423.3 0 0
1500 28.0669 53.4797 17.8736 -0.443404 0.839661 426.127 0 0
1500 36.0527 21.5522 17.8906 -0.354031 0.409598 421.104 0 0
1500 32.3319 32.6684 17.8871 -0.37396 0.528662 427.62 0 0
1500 157.109 91.0726 17.829 1.51395 1.38596 424.7 0 0
1500 80.5675 9.52259 18.8755 0.472455 0.21775 423.385 0 0
1500 25.4825 30.0038 17.957 -0.54261 0.506519 422.141 0 0
1500 56.7303 -4.90959 18.2054 0.0226696 -0.151982 421.987 0 0
1500 80.6864 54.0054 17.9355 0.408325 0.867474 423.381 0 0
1500 112.594 11.6856 17.9401 0.840106 0.217484 427.236 0 0
1500 106.366 9.9336 17.8605 0.816341 0.125827 422.258 0 0
1500 110.306 -10.5814 17.8956 0.935034 -0.175235 418.17 0 0
1500 7.61595 19.0152 17.8704 -0.788815 0.275204 426.835 0 0
1500 34.7386 -33.5576 17.8278 -0.309211 -0.578032 420.816 0 0
1500 107.479 -43.102 17.8343 0.802298 -0.672027 424.626 0 0
1500 74.8752 -27.6675 18.2647 0.301532 -0.448909 429.684 0 0
1500 78.1411 3.45351 17.8572 0.335922 0.00308589 428.753 0 0
1500 112.562 -16.5974 17.8357 0.887386 -0.301164 423.125 0 0
1500 85.1003 -27.4956 18.1706 0.531877 -0.421289 423.188 0 0
1500 79.3334 6.45603 18.2269 0.393958 0.130772 430.117 0 0
1500 88.9713 0.587166 17.8883 0.556534 -0.0239458 422.101 0 0
1500 97.7921 -46.9565 17.9161 0.613956 -0.74078 427.2 0 0
1500 106.735 57.4258 17.9522 0.864708 0.974708 419.413 0 0
1500 78.4873 31.6015 17.9304 0.284138 0.512068 429.019 0 0
1500 82.2548 -0.984333 17.8739 0.362452 -0.0899527 423.621 0 0
1500 82.4419 -19.3418 17.8704 0.362296 -0.365592 424.165 0 0
1500 114.502 -20.5242 18.3845 0.993463 -0.389632 421.592 0 0
1500 73.3438 -2.23413 18.3645 0.327557 0.00495543 431.555 0 0
1500 1.66214 30.2812 17.8104 -0.891769 0.463557 426.428 0 0
1500 18.4369 -49.71 17.8112 -0.671275 -0.727272 423.992 0 0
1500 83.5868 -14.9147 17.9744 0.49295 -0.21803 421.803 0 0
1500 128.976 -12.7273 17.8959 1.24436 -0.180576 418.45 0 0
1500 106.9 -22.8754 17.9133 0.775858 -0.315677 428.342 0 0
1500 60.2632 47.3777 17.821 0.0844592 0.786285 423.032 0 0
1500 103.9 -21.6253 18.222 0.801101 -0.362806 425.028 0 0
1500 60.5219 -30.3315 18.3711 0.0702616 -0.604303 416.372 0 0
1500 74.8467 48.3855 17.959 0.261986 0.81111 423.936 0 0
1500 29.614 46.789 17.8378 -0.483892 0.768022 423.908 0 0
1500 13.9786 49.7527 17.8906 -0.658854 0.79453 426.8 0 0
1500 113.292 0.676923 17.8107 0.875448 0.0795879 423.678 0 0
1500 43.3983 -5.80203 18.1553 -0.259892 -0.091138 423.377 0 0
1500 106.157 -24.214 18.113 0.787806 -0.412718 426.749 0 0
1500 69.1269 60.3393 17.8691 0.126393 0.928369 428.018 0 0
1500 67.6993 24.2281 17.8878 0.114577 0.442725 422.729 0 0
1500 -3.78932 18.9677 17.8088 -0.984977 0.232367 425.087 0 0
1500 28.7016 -39.6259 17.818 -0.5065 -0.662218 423.749 0 0
1500 0.293407 11.4141 17.8127 -0.933396 0.120022 424.388 0 0
1500 1.02346 -31.8263 17.8069 -0.902924 -0.525952 425.799 0 0
1500 6.08484 13.8279 17.8165 -0.851504 0.157851 423.913 0 0
1500 94.5433 -17.2699 17.9663 0.641277 -0.307662 423.807 0 0
1500 111.018 40.2363 17.797 0.855568 0.564121 425.262 0 0
1500 78.9362 -29.8473 18.2322 0.393978 -0.523831 424.653 0 0
1500 30.1051 30.973 18.0372 -0.424311 0.587768 419.659 0 0
1500 91.6155 -51.9066 18.0576 0.568668 -0.886637 422.733 0 0
1500 38.3049 56.6561 17.9962 -0.284422 0.923556 425.431 0 0
1500 81.1661 58.5592 17.9938 0.35572 0.945443 425.9 0 0
1500 99.9593 0.187499 17.9173 0.625782 0.028703 433.36 0 0
1500 93.912 -45.3194 18.1323 0.692907 -0.812453 418.287 0 0
1500 69.9707 -20.3548 17.8336 0.229859 -0.265884 430.97 0 0
1500 17.7952 -98.6812 17.8212 -0.631556 -1.57345 424.667 0 0
1500 142.266 -6.48991 18.0648 1.49847 -0.0817891 418.972 0 0
1500 103.452 -42.5317 17.8283 0.727693 -0.630442 428.16 0 0
1500 112.718 8.26331 17.8631 0.872008 0.19385 424.78 0 0
1500 45.2107 54.1915 17.8625 -0.156077 0.892376 424.858 0 0
1500 30.2043 -55.1185 17.8426 -0.424803 -0.957069 421.754 0 0
1500 -62.7117 30.4364 17.8249 -1.87454 0.441998 426.208 0 0
1500 92.3946 -38.2236 17.9108 0.59264 -0.630888 424.858 0 0
1500 110.78 -4.80358 17.9129 0.814143 -0.113804 429.575 0 0
1500 108.696 45.0367 17.8013 0.764415 0.719786 428.032 0 0
1500 106.242 -37.766 17.9274 0.767292 -0.634214 425.946 0 0
1500 59.4444 -65.3931 17.925 0.0652797 -1.03714 426.66 0 0
1500 82.5901 34.339 18.3097 0.474837 0.577168 426.035 0 0
1500 31.368 -22.8199 18.0364 -0.397772 -0.42601 424.505 0 0
1500 72.5539 0.0155218 18.0441 0.23696 -0.0757648 423.977 0 0
1500 59.8742 -12.8263 17.8713 0.0814498 -0.258176 424.214 0 0
1500 150.649 13.5208 17.7925 1.37533 0.273182 427.163 0 0
1500 95.2354 6.47733 17.859 0.605165 0.173341 424.13 0 0
1500 83.9051 60.507 17.8398 0.406871 0.957057 427.736 0 0
1500 93.8645 27.4856 17.8564 0.533333 0.455641 430.252 0 0
1500 49.9082 9.37671 17.8685 -0.0981717 0.2205 423.476 0 0
1500 74.9475 23.5028 18.3123 0.302172 0.48494 417.933 0 0
1500 61.4482 -67.9109 17.8331 -0.0100006 -1.03442 427.951 0 0
1500 -0.457219 -17.2038 17.8121 -0.958568 -0.268761 425.998 0 0
1500 78.2125 -19.5301 18.1395 0.384384 -0.266314 432.087 0 0
1500 59.9659 9.33074 18.2024 0.00133553 0.140239 424.902 0 0
1500 67.7536 -55.9609 17.9413 0.223367 -0.925492 423.842 0 0
1500 104.795 -46.0633 17.991 0.743052 -0.739441 428.155 0 0
1500 120.947 4.02945 18.0064 1.10118 0.111042 421.656 0 0
1500 59.2644 -1.06762 18.2629 -0.042739 -0.0202053 417.051 0 0
1500 67.15 13.4904 18.2127 0.203929 0.244839 433.009 0 0
1500 55.7998 21.7411 18.0539 0.0103605 0.368689 432.459 0 0
1500 -38.6678 -35.7225 17.8299 -1.56061 -0.491055 423.664 0 0
1500 107.081 33.7932 18.0895 0.876589 0.630448 420.767 0 0
1500 77.1099 46.302 17.9987 0.308355 0.878651 418.742 0 0
1500 121.647 14.6519 17.9549 1.005 0.252448 429.354 0 0
1500 117.335 27.2626 17.9542 0.951268 0.44025 428.701 0 0
1500 -1.59669 -13.802 17.7956 -0.958029 -0.15253 426.717 0 0
1500 111.01 -4.12837 18.4945 1.02125 -0.13773 419.551 0 0
1500 77.1985 -6.15054 18.2081 0.417624 -0.0794544 426.499 0 0
1500 100.909 69.2492 17.8627 0.655784 1.13853 426.46 0 0
1500 98.4396 23.0887 18.0811 0.697717 0.323669 429.622 0 0
1500 84.7951 0.567116 18.5454 0.568307 0.0186176 428.454 0 0
1500 101.137 -8.8973 18.5363 0.802821 -0.121256 429.245 0 0
1500 84.06 -49.9762 18.2977 0.462979 -0.923202 420.987 0 0
1500 96.8039 -5.9274 17.8965 0.64652 -0.167602 424.844 0 0
1500 106.66 -25.1222 17.9527 0.748588 -0.414284 432.038 0 0
1500 11.75 34.7333 17.8926 -0.693913 0.602257 427.708 0 0
1500 91.192 32.3705 17.8554 0.528494 0.572919 426.816 0 0
1500 96.2314 25.2732 17.9922 0.730378 0.435703 421.352 0 0
1500 68.1847 40.1744 18.2857 0.193283 0.677674 428.45 0 0
1500 57.9285 -52.8238 17.9374 0.0662658 -0.857732 427.847 0 0
1500 120.098 -12.6173 17.929 0.991805 -0.241252 429.181 0 0
1500 28.2424 -57.1942 17.8125 -0.523906 -0.839154 428.109 0 0
1500 30.3703 -1.24319 18.2356 -0.482882 -0.0605279 423.224 0 0
1500 117.269 30.773 17.7975 0.889936 0.534117 429.365 0 0
1500 11.8054 38.3632 17.8046 -0.660569 0.623602 431.933 0 0
1500 82.892 67.2091 18.0234 0.423031 1.14744 425.442 0 0
1500 54.5575 -43.1666 17.9674 -0.106387 -0.691848 427.704 0 0
1500 41.6525 -54.3509 17.9583 -0.300241 -0.851636 428.609 0 0
1500 49.5875 1.72004 18.0688 -0.137658 -0.0258663 435.053 0 0
1500 69.3773 -31.565 18.0606 0.150743 -0.539902 427.724 0 0
1500 24.6961 -2.61445 17.9828 -0.632723 -0.106629 421.048 0 0
1500 26.6424 50.9687 17.897 -0.463698 0.844283 429.145 0 0
1500 0.856518 50.9677 17.9115 -0.985943 0.791017 425.37 0 0
1500 25.1376 31.6064 17.8445 -0.469249 0.518202 433.557 0 0
1500 1.48757 -31.3142 17.8284 -0.91946 -0.457398 429.797 0 0
1500 26.9753 -7.38693 17.8489 -0.558527 -0.103015 427.332 0 0
1500 -2.12818 -25.6152 17.8277 -0.969955 -0.370697 430.047 0 0
1500 52.9953 -29.1422 17.8518 -0.154578 -0.442564 427.128 0 0
1500 0.621978 29.8132 17.8293 -0.907187 0.445279 431.655 0 0
1500 10.6572 45.3867 17.8277 -0.778983 0.687959 430.072 0 0
1500 25.72 38.5076 17.8414 -0.52862 0.558158 433.346 0 0
1500 -6.58336 -15.2197 17.8273 -1.02448 -0.213179 430.827 0 0
1500 32.3942 -45.5219 17.8031 -0.473677 -0.703633 428.167 0 0
1500 94.2517 -40.2632 17.878 0.582706 -0.612027 433.166 0 0
1500 115.73 -18.4541 17.8728 0.897534 -0.304 432.494 0 0
1500 111.954 4.8791 18.3501 0.938071 0.0710913 430.956 0 0
1500 122.819 -40.9359 17.9426 1.03509 -0.694665 428.688 0 0
1500 64.225 66.2285 17.8411 0.137055 1.03929 430.882 0 0
1500 50.2935 16.0777 17.8689 -0.07284 0.315099 427.204 0 0
1500 89.5835 -0.664493 17.8652 0.485999 0.047932 434.488 0 0
1500 45.7054 41.4092 17.8575 -0.142697 0.701911 428.039 0 0
1500 64.3784 114.128 17.9888 0.147526 1.93769 424.511 0 0
1500 53.0261 -9.92876 18.0866 -0.100686 -0.206703 428.104 0 0
1500 48.8615 0.194866 18.0874 -0.14727 -0.044821 435.916 0 0
1500 50.9721 -55.9227 17.9128 -0.090851 -0.910507 430.363 0 0
1500 38.3537 -56.7517 17.9114 -0.273135 -0.902055 431.909 0 0
1500 67.0637 -58.3677 17.9118 0.145919 -0.923408 432.076 0 0
1500 60.8435 -38.4253 17.9782 0.0732065 -0.687718 426.501 0 0
1500 104.513 20.7968 18.2742 0.788032 0.37975 430.199 0 0
1500 72.7014 -21.0969 17.8549 0.300274 -0.362871 427.667 0 0
1500 77.7243 -32.4942 17.8745 0.352487 -0.516027 432.199 0 0
1500 85.2445 -8.62692 17.8782 0.479582 -0.174883 429.68 0 0
1500 94.2948 48.6288 17.9284 0.528388 0.800909 430.085 0 0
1500 123.743 -5.99297 17.8258 1.02441 -0.127723 432.006 0 0
1500 90.0271 -51.5372 17.8654 0.484496 -0.852259 430.167 0 0
1500 41.1792 -39.3358 17.8798 -0.235837 -0.62565 434.69 0 0
1500 141.161 34.576 17.9428 1.46163 0.593708 424.094 0 0
1500 109.997 -10.4106 17.917 0.81596 -0.124031 434.33 0 0
1500 15.2421 7.29902 17.8639 -0.727791 0.138144 428.966 0 0
1500 59.5478 -3.60875 17.946 0.0869869 -0.0939256 436.128 0 0
1500 102.417 -43.9244 17.9178 0.731705 -0.701101 431.33 0 0
1500 117.582 -4.68393 17.9201 0.965294 -0.117593 430.792 0 0
1500 67.1709 -42.239 17.9317 0.212892 -0.696108 429.39 0 0
1500 116.04 16.3041 17.9206 0.943336 0.197776 430.708 0 0
1500 -1.52956 34.1248 17.8745 -0.928583 0.494879 433.243 0 0
1500 8.67552 -118.305 17.8204 -0.735196 -1.80222 432.652 0 0
1500 86.1904 -9.42065 17.8879 0.517735 -0.168236 428.756 0 0
1500 47.5915 46.5309 18.1211 -0.172826 0.758092 430.388 0 0
1500 118.834 -57.199 18.0175 1.07066 -0.948779 426.575 0 0
1500 108.95 23.8965 17.9344 0.858883 0.349409 430.566 0 0
1500 132.456 -7.11877 18.0181 1.29471 -0.174434 425.362 0 0
1500 77.3353 33.6149 17.9308 0.349793 0.604481 427.58 0 0
1500 17.8003 44.8376 17.909 -0.668216 0.694428 430.965 0 0
1500 62.8695 36.2484 17.9255 0.0114326 0.579678 429.28 0 0
1500 -2.25794 -47.4573 17.8722 -1.00542 -0.747165 429.211 0 0
1500 66.1504 -0.914701 18.4683 0.175794 -0.0792393 438.854 0 0
1500 97.6891 -33.4037 18.1709 0.688794 -0.528192 432.97 0 0
1500 -13.8185 -27.0931 17.977 -1.18637 -0.475704 427.94 0 0
1500 84.097 52.7282 18.2669 0.483558 0.972825 424.168 0 0
1500 25.0723 -8.77832 17.8874 -0.483855 -0.187928 436.207 0 0
1500 42.0727 32.1621 17.8476 -0.297647 0.556724 429.46 0 0
1500 79.5104 7.97732 18.1014 0.440481 0.138357 430.099 0 0
1500 55.6846 -32.5963 18.2375 0.0281928 -0.570551 430.885 0 0
1500 56.2435 46.8845 17.9099 -0.0992714 0.750769 428.482 0 0
1500 108.678 44.5371 18.4535 1.01572 0.812915 422.552 0 0
1500 87.1816 -49.9583 17.8022 0.417468 -0.83317 431.094 0 0
1500 -6.80818 10.7704 17.7981 -1.00288 0.0904857 431.794 0 0
1500 86.6645 -38.4501 18.0018 0.559262 -0.660762 426.327 0 0
1500 101.794 32.8209 17.9985 0.707168 0.49335 436.08 0 0
1500 110.388 7.90734 17.8753 0.868317 0.161223 431.287 0 0
1500 106.913 33.9992 17.9517 0.783505 0.509059 435.522 0 0
1500 105.843 -31.2876 17.8284 0.797278 -0.443885 431.361 0 0
1500 122.112 1.74612 17.8221 1.0269 0.0583126 432.526 0 0
1500 98.323 -5.66011 17.8382 0.693082 -0.0542899 430.38 0 0
1500 77.024 -120.417 17.8297 0.266797 -1.88644 432.114 0 0
1500 26.4814 27.729 17.9055 -0.595387 0.422739 426.583 0 0
1500 69.225 27.9001 17.909 0.204119 0.442313 437.832 0 0
1500 48.2737 19.9204 18.2249 -0.106923 0.380328 431.254 0 0
1500 117.757 -27.5121 17.9293 0.983177 -0.483407 430.788 0 0
1500 90.3245 -4.05727 18.0658 0.545109 -0.0430043 437.853 0 0
1500 75.5901 20.0922 18.0391 0.260929 0.426442 423.446 0 0
1500 112.086 13.7555 17.8767 0.896639 0.237706 432.098 0 0
1500 50.8788 37.2045 17.8873 -0.0535165 0.579953 437.316 0 0
1500 93.4754 46.2733 17.871 0.586252 0.760499 432.355 0 0
1500 68.9451 -0.962315 17.8956 0.198734 0.0429771 437.942 0 0
1500 87.3482 58.319 17.8673 0.476544 0.909891 434.73 0 0
1500 81.4528 -36.0703 18.1892 0.504666 -0.655551 424.365 0 0
1500 28.6622 -93.8648 17.8859 -0.447873 -1.50203 432.356 0 0
1500 -2.49079 -11.399 17.8935 -0.967333 -0.118236 432.149 0 0
1500 73.7918 54.9929 17.8671 0.29432 0.934615 430.197 0 0
1500 56.7678 -34.1462 17.9621 -0.0347788 -0.539679 438.476 0 0
1500 83.7348 -12.5671 17.9643 0.379258 -0.263595 431.511 0 0
1500 29.0597 -1.34961 17.8275 -0.479655 -0.0208246 438.125 0 0
1500 21.9482 43.1796 17.8135 -0.590238 0.616277 436.848 0 0
1500 22.1196 26.7729 17.914 -0.562867 0.410583 437.566 0 0
1500 38.638 4.78454 17.9407 -0.31985 0.0998449 438.926 0 0
1500 21.4607 40.6981 17.9215 -0.609323 0.653981 433.01 0 0
1500 76.4227 -28.3666 17.9654 0.369643 -0.47343 432.076 0 0
1500 8.66513 26.0115 17.8659 -0.755087 0.471985 433.032 0 0
1500 23.9586 29.6522 17.8748 -0.484275 0.489223 438.161 0 0
1500 56.1182 21.4958 17.8833 -0.0329515 0.41255 431.544 0 0
1500 80.5343 3.72655 18.1806 0.437875 0.136548 428.424 0 0
1500 91.6525 -44.4802 17.8416 0.45527 -0.701475 437.906 0 0
1500 8.03199 -43.7779 17.8308 -0.759868 -0.711432 435.938 0 0
1500 74.1494 56.709 17.8023 0.280401 0.866538 437.362 0 0
1500 102.885 47.1046 17.8777 0.71955 0.729643 436.523 0 0
1500 114.814 10.5374 17.8818 0.927252 0.204236 434.016 0 0
1500 51.3218 35.2363 17.9627 -0.111978 0.554773 439.385 0 0
1500 81.222 -5.53008 18.3066 0.489089 -0.0989374 433.893 0 0
1500 99.489 8.15096 18.2974 0.757657 0.1074 434.637 0 0
1500 55.3273 -61.5401 17.9622 -0.0652058 -0.975873 435.223 0 0
1500 76.8926 -1.97906 18.1985 0.324671 -0.0921685 440.779 0 0
1500 108.6 -22.42 18.1176 0.892158 -0.465751 426.767 0 0
1500 83.8811 -59.7515 17.9784 0.44284 -0.943642 435.824 0 0
1500 88.256 -40.0781 17.9912 0.485371 -0.624868 438.901 0 0
1500 113.738 -0.990739 17.9857 0.904119 -0.0780635 434.283 0 0
1500 78.7102 -39.1408 18.0171 0.300579 -0.729821 426.995 0 0
1500 128.847 24.8355 17.8847 1.18994 0.351757 431.519 0 0
1500 116.747 29.0961 17.9482 0.922543 0.477246 436.845 0 0
1500 73.564 63.3608 17.9319 0.196987 1.01963 434.045 0 0
1500 40.1377 -37.6411 17.9367 -0.273639 -0.654189 433.681 0 0
1500 79.1911 26.3001 18.1079 0.347599 0.477752 434.142 0 0
1500 124.289 -26.116 17.9039 1.09734 -0.505167 430.162 0 0
1500 95.7261 -35.7432 18.1591 0.668544 -0.581237 435.61 0 0
1500 105.759 34.5672 17.9389 0.73536 0.554673 438.844 0 0
1500 96.5358 9.21793 17.9496 0.648709 0.206518 433.965 0 0
1500 59.8069 -17.7826 17.9053 -0.0242587 -0.327259 433.099 0 0
1500 82.7255 -46.5431 17.9793 0.414244 -0.778036 435.071 0 0
1500 53.9655 26.1148 17.8666 0.00935527 0.435209 434.812 0 0
1500 32.073 32.4165 17.8248 -0.415319 0.577622 433.828 0 0
1500 118.343 8.53622 17.9381 0.990397 0.145436 436.062 0 0
1500 60.695 10.2376 17.895 0.0980585 0.227508 430.145 0 0
1500 23.7158 14.9296 18.0475 -0.683141 0.239012 427.291 0 0
1500 82.2173 -5.47008 17.9653 0.352881 -0.152062 434.313 0 0
1500 77.8368 24.4957 17.9262 0.257829 0.428188 434.587 0 0
1500 24.2708 49.0474 17.8538 -0.474293 0.775363 439.801 0 0
1500 93.6115 31.3184 17.8812 0.582632 0.464205 440.303 0 0
1500 112.002 -14.1294 18.0121 0.871726 -0.292912 435.088 0 0
1500 60.445 40.7208 18.0498 0.0469389 0.637448 441.806 0 0
1500 86.1754 -5.15676 18.0356 0.468356 -0.0273333 442.566 0 0
1500 63.8863 -27.7172 17.8515 0.0908365 -0.458792 442.086 0 0
1500 29.8237 -56.2172 17.8291 -0.414756 -0.919768 437.366 0 0
1500 139.736 12.5371 18.0782 1.45904 0.148829 429.483 0 0
1500 68.8842 62.8298 17.7944 0.187432 0.979431 439.568 0 0
1500 92.8794 -3.86281 17.8147 0.519308 0.00831585 441.873 0 0
1500 125.983 11.9338 18.0369 1.15164 0.130151 434.091 0 0
1500 92.165 52.1674 17.8613 0.472868 0.856572 435.792 0 0
1500 79.5798 31.5019 17.8569 0.360756 0.488114 442.323 0 0
1500 103.836 -43.3916 17.9096 0.718057 -0.683335 440.596 0 0
1500 49.7821 15.718 17.9644 -0.170315 0.295614 435.827 0 0
1500 69.3179 -44.8925 17.8643 0.103491 -0.734938 434.77 0 0
1500 68.312 48.6013 18.0916 0.213677 0.910288 430.377 0 0
1500 75.8165 15.4106 17.9087 0.361371 0.25603 436.173 0 0
1500 45.9587 25.9973 18.307 -0.254062 0.471852 430.035 0 0
1500 131.24 22.4602 17.8505 1.24417 0.324394 434.501 0 0
1500 116.4 -28.2629 18.4499 1.05663 -0.51119 435.193 0 0
1500 95.8485 -50.2704 17.9279 0.604434 -0.819726 439.447 0 0
1500 64.4481 13.3443 17.9601 0.178929 0.25219 436.782 0 0
1500 96.4297 -1.40141 17.9503 0.669001 0.0226199 437.484 0 0
1500 112.9 10.0224 17.9416 0.853757 0.183607 442.708 0 0
1500 124.213 -0.720987 17.9326 1.04153 0.031431 440.91 0 0
1500 82.2159 -45.8418 18.151 0.433306 -0.8922 429.573 0 0
1500 68.4755 -93.3637 17.8996 0.202664 -1.53434 436.611 0 0
1500 102.732 51.1716 18.0324 0.808209 0.838263 435.79 0 0
1500 37.5863 37.8001 17.9194 -0.339288 0.648186 438.024 0 0
1500 118.271 4.3257 17.8116 0.980116 0.0903822 439.149 0 0
1500 43.4721 49.6471 17.8232 -0.238808 0.834681 438.476 0 0
1500 69.5974 21.9436 17.8397 0.147509 0.37645 444.434 0 0
1500 49.8146 43.5115 17.8281 -0.14283 0.746408 437.985 0 0
1500 90.3474 -47.6529 17.8719 0.442609 -0.777788 438.832 0 0
1500 132.687 -16.2079 18.418 1.45311 -0.251341 429.102 0 0
1500 79.7605 -26.5091 18.0635 0.381391 -0.405244 445.847 0 0
1500 52.6225 -68.5499 17.9509 -0.0264274 -1.16693 435.607 0 0
1500 76.2963 -63.697 17.8897 0.318154 -0.996271 442 0 0
1500 100.908 -17.7096 17.9056 0.653935 -0.308914 444.666 0 0
1500 84.9523 -30.2554 18.1502 0.401822 -0.517627 439.662 0 0
1500 72.5917 -16.1614 18.0681 0.171638 -0.272457 432.415 0 0
1500 120.484 17.7568 17.9701 1.0166 0.261425 441.667 0 0
1500 0.117438 30.4265 17.8423 -0.858518 0.51176 442.968 0 0
1500 25.2332 34.1155 17.8553 -0.481881 0.55177 444.662 0 0
1500 82.4858 -45.8331 17.8416 0.437159 -0.682032 442.076 0 0
1500 94.0473 21.3872 17.8476 0.593325 0.302364 443.722 0 0
1500 94.8073 46.1871 17.8363 0.600216 0.660334 444.029 0 0
1500 33.9229 6.12212 17.909 -0.342089 0.154051 445.975 0 0
1500 81.6371 -32.7105 17.8352 0.434055 -0.540637 439.113 0 0
1500 50.4723 -56.1658 17.8263 -0.0474118 -0.891552 439.977 0 0
1500 57.5385 -51.6925 17.9226 0.0616701 -0.84957 439.219 0 0
1500 102.772 2.90857 17.9425 0.700431 0.0826368 445.468 0 0
1500 101.53 48.6373 17.9268 0.70547 0.75095 443.2 0 0
1500 111.713 34.6969 17.9265 0.870982 0.559144 441.837 0 0
1500 82.73 39.0276 17.9392 0.453728 0.642053 439.886 0 0
1500 84.7703 31.6216 17.9419 0.486779 0.530812 439.637 0 0
1500 51.1407 9.09938 17.8523 -0.18147 0.11645 438.499 0 0
1500 104.661 31.4588 18.0077 0.792671 0.506091 441.291 0 0
1500 80.6176 -47.2514 17.8618 0.308806 -0.741599 445.547 0 0
1500 14.6374 -35.1087 17.8651 -0.711765 -0.582668 441.17 0 0
1500 130.001 82.1496 17.8988 1.24587 1.3118 437.076 0 0
1500 53.315 -24.3868 17.9515 -0.113866 -0.432573 439.908 0 0
1500 24.1357 -35.9348 17.941 -0.516075 -0.557284 446.202 0 0
1500 85.1172 43.944 17.8464 0.453342 0.738416 441.045 0 0
1500 70.1633 -56.8262 18.0567 0.23193 -1.0278 435.906 0 0
1500 0.710819 -13.2114 17.9907 -0.909471 -0.229478 442.329 0 0
1500 21.7969 -32.4886 17.9975 -0.59914 -0.525801 441.548 0 0
1500 49.6387 -11.5323 18.013 -0.178351 -0.210462 440.354 0 0
1500 113.878 -20.7897 18.0673 0.937892 -0.299756 443.411 0 0
1500 88.7769 19.8089 17.9951 0.512778 0.306198 448.045 0 0
1500 71.2281 34.8025 17.9937 0.293727 0.566837 441.62 0 0
1500 58.2438 -22.4911 17.8227 -0.0706123 -0.317964 440.222 0 0
1500 26.1566 -34.9566 17.8874 -0.484546 -0.61303 442.299 0 0
1500 64.8172 -63.687 17.8748 0.10563 -1.02457 444.162 0 0
1500 50.0497 -61.8921 17.8781 -0.110952 -0.965521 446.403 0 0
1500 16.1593 -26.1795 17.8867 -0.637322 -0.477893 442.362 0 0
1500 79.7827 -16.9893 17.9752 0.346013 -0.30127 448.907 0 0
1500 89.8708 -30.0973 17.9653 0.534128 -0.53123 442.531 0 0
1500 93.1397 39.6448 17.8353 0.519522 0.634482 447.291 0 0
1500 78.2672 49.8081 17.8947 0.387524 0.787013 443.277 0 0
1500 100.673 43.6642 17.891 0.688441 0.655163 447.116 0 0
1500 120.233 10.3669 17.887 1.00684 0.182884 444.561 0 0
1500 75.0906 48.4129 17.8965 0.340165 0.768051 443.082 0 0
1500 84.8584 43.5149 17.8463 0.353296 0.72512 441.047 0 0
1500 57.4354 66.856 17.9108 0.00435633 1.04479 446.844 0 0
1500 75.8323 -35.4188 17.8544 0.322956 -0.501854 449.124 0 0
1500 32.5558 30.9352 17.8094 -0.470925 0.506879 443.013 0 0
1500 45.5944 28.072 17.8162 -0.244184 0.419998 449.547 0 0
1500 100.295 0.0749148 17.8479 0.730566 -0.00688212 443.289 0 0
1500 -0.292332 -4.74467 17.8616 -0.901972 -0.0845224 448.239 0 0
1500 20.7939 -6.08711 17.8424 -0.566789 -0.142284 449.486 0 0
1500 0.745941 -14.5197 17.829 -0.86582 -0.266198 448.136 0 0
1500 74.4192 -2.83141 17.8415 0.311706 0.0104417 442.758 0 0
1500 122.427 -21.2797 17.8137 1.01048 -0.264576 446.111 0 0
1500 93.6456 55.2124 17.8135 0.580827 0.871468 446.273 0 0
1500 75.3005 12.2743 18.1282 0.273751 0.218982 455.784 0 0
1500 49.9885 11.3096 18.1624 -0.198802 0.160162 437.295 0 0
1500 63.8888 -37.8949 17.9636 0.0570644 -0.5776 452.674 0 0
1500 97.2293 2.91693 18.3377 0.671349 0.117605 446.308 0 0
1500 108.977 -10.5094 17.8291 0.801054 -0.237777 444.632 0 0
1500 27.465 -57.003 17.843 -0.525339 -0.878313 447.073 0 0
1500 70.2373 -4.8006 17.8716 0.120355 -0.101263 444.112 0 0
1500 -6.10541 9.1015 17.8441 -0.997886 0.108103 449.084 0 0
1500 38.597 -10.7247 17.8674 -0.373716 -0.193243 444.385 0 0
1500 41.6976 -40.3025 17.8577 -0.321711 -0.647304 445.11 0 0
1500 25.7648 -19.7276 17.8623 -0.518252 -0.301331 451.267 0 0
1500 -1.32651 20.5908 17.8442 -0.960741 0.284658 446.77 0 0
1500 123.856 -14.1551 17.833 0.999444 -0.272933 448.79 0 0
1500 81.9837 62.3945 17.8064 0.316341 0.993451 447.818 0 0
1500 107.378 -1.0765 18.0242 0.878257 0.0254056 443.299 0 0
1500 3.61279 33.5787 17.9588 -0.861857 0.571368 446.626 0 0
1500 94.5169 -25.1477 18.0274 0.621091 -0.477725 444.146 0 0
1500 13.0745 11.0084 17.8949 -0.731396 0.227687 446.64 0 0
1500 44.6299 63.8952 17.9119 -0.159922 1.01966 449.055 0 0
1500 -8.7206 -94.9329 17.9283 -1.08225 -1.53553 446.055 0 0
1500 40.1436 -14.3791 17.945 -0.304396 -0.182321 453.926 0 0
1500 57.4749 20.1186 17.9452 -0.0702935 0.333065 446.428 0 0
1500 34.5951 100.371 17.7984 -0.431387 1.51596 448.557 0 0
1500 103.719 47.9181 17.857 0.758381 0.714167 449.486 0 0
1500 104.891 -34.8653 17.8621 0.790159 -0.526128 448.264 0 0
1500 106.018 34.1088 17.8642 0.764667 0.490958 451.94 0 0
1500 34.2055 2.52907 17.9823 -0.408246 0.0907121 446.842 0 0
1500 11.0262 8.90659 17.9703 -0.756388 0.186809 447.782 0 0
1500 46.896 29.0146 17.979 -0.21086 0.499319 447.072 0 0
1500 -1.81867 -30.1046 18.0372 -0.986641 -0.550272 444.73 0 0
1500 51.0263 59.1775 17.9217 -0.117873 0.9616 449.111 0 0
1500 100.655 39.6161 17.9242 0.632617 0.670824 448.748 0 0
1500 58.2097 20.9563 17.9443 -0.00902139 0.357542 454.451 0 0
1500 110.111 38.4628 17.8474 0.820892 0.604369 451.498 0 0
1500 106.62 30.5437 17.9567 0.797708 0.517459 449.339 0 0
1500 99.5605 21.0435 17.9668 0.647147 0.350441 453.881 0 0
1500 63.8321 -26.4379 17.8672 0.0445629 -0.470818 447.579 0 0
1500 48.7947 4.75566 18.0033 -0.172064 0.137808 447.297 0 0
1500 34.1357 -49.4572 17.8511 -0.375803 -0.767769 453.828 0 0
1500 85.5345 -61.4741 17.8555 0.383508 -0.974994 451.911 0 0
1500 29.222 55.4811 17.8237 -0.42007 0.875472 454.184 0 0
1500 27.4041 36.5533 17.8351 -0.437632 0.589675 455.566 0 0
1500 48.5248 31.5422 17.8405 -0.150968 0.567771 449.458 0 0
1500 114.852 -35.2364 18.1014 1.07944 -0.614195 442.796 0 0
1500 80.6862 1.44224 17.9761 0.390705 0.0564882 457.001 0 0
1500 96.2684 -60.8342 17.8251 0.670643 -0.951393 449.545 0 0
1500 89.2475 6.198 17.9523 0.481911 0.148658 457.177 0 0
1500 94.8068 -54.1628 17.8746 0.53445 -0.87963 452.679 0 0
1500 66.0997 -38.8303 18.096 0.189124 -0.661379 451.584 0 0
1500 62.2521 -34.2358 18.0989 0.13094 -0.593424 451.356 0 0
1500 109.713 -29.5706 17.8968 0.804742 -0.520333 452.263 0 0
1500 50.4663 -65.2035 17.8921 -0.0879878 -1.0394 453.462 0 0
1500 109.274 31.4709 18.0619 0.952487 0.541479 445.911 0 0
1500 102.911 51.6184 17.8148 0.733749 0.746385 454.561 0 0
1500 118.632 -25.906 17.8101 0.974502 -0.373924 454.289 0 0
1500 63.2201 10.4339 17.8394 0.140307 0.156938 458.662 0 0
1500 76.8791 29.4196 18.0828 0.293581 0.567967 447.017 0 0
1500 20.2718 18.2742 18.0818 -0.619284 0.274544 452.949 0 0
1500 100.032 38.4907 17.9576 0.643248 0.675957 452.237 0 0
1500 25.1743 -57.208 17.8131 -0.542628 -0.896884 456.239 0 0
1500 117.852 -5.89014 17.9217 0.985503 -0.0939851 455.422 0 0
1500 108.17 -43.7248 17.9184 0.823472 -0.648484 456.778 0 0
1500 104.493 7.074 17.931 0.799442 0.10238 454.222 0 0
1500 57.3148 35.2334 17.8841 0.0219628 0.624553 453.006 0 0
1500 -2.82406 -26.3215 17.9661 -1.03355 -0.381209 451.914 0 0
1500 72.7845 27.5576 17.9922 0.327522 0.508805 448.305 0 0
1500 76.1531 -38.3532 17.9159 0.30171 -0.665156 455.281 0 0
1500 37.3882 -63.6938 17.9001 -0.281326 -1.00928 458.199 0 0
1500 107.499 -44.863 17.9002 0.749031 -0.731651 458.264 0 0
1500 96.4563 -22.2285 17.9178 0.562819 -0.382794 461.162 0 0
1500 87.8781 -58.3503 17.9003 0.464111 -0.936583 457.772 0 0
1500 66.6607 -6.79053 17.9295 0.141123 -0.163145 462.073 0 0
1500 84.1995 -69.1127 17.8488 0.454898 -1.10898 455.787 0 0
1500 96.8446 3.87048 18.6294 0.820933 0.0386452 449.899 0 0
1500 90.9524 93.5081 17.8231 0.44044 1.45941 457.781 0 0
1500 88.4021 -7.273 17.9221 0.550018 -0.0770573 456.012 0 0
1500 106.37 36.8803 17.9015 0.811135 0.535894 458.442 0 0
1500 66.7427 -16.7601 17.9251 0.198243 -0.251741 463.803 0 0
1500 94.5128 -50.6622 17.8999 0.629609 -0.779093 458.751 0 0
1500 116.68 -28.8378 17.898 0.936707 -0.440027 460.548 0 0
1500 115.145 -16.5257 17.9011 0.942298 -0.268246 458.514 0 0
1500 97.4793 25.0252 17.9678 0.694114 0.399539 457.717 0 0
1500 81.9871 -8.12865 17.9806 0.418039 -0.0969134 463.957 0 0
1500 103.308 -1.33295 17.9712 0.72287 -0.00229447 463.173 0 0
1500 56.1171 -0.139834 18.062 -0.0610652 -0.0532603 456.204 0 0
1500 124.039 7.21886 17.8622 1.03164 0.0653714 461.124 0 0
1500 62.4388 -12.1679 17.8904 0.124839 -0.208032 464.437 0 0
1500 103.807 -45.052 17.9332 0.728606 -0.707527 461.731 0 0
1500 84.6189 -7.87487 18.0458 0.404184 -0.191935 456.842 0 0
1500 81.9068 -26.8018 17.8809 0.444983 -0.446364 458.193 0 0
1500 69.0464 -39.0271 18.1144 0.232378 -0.664698 459.671 0 0
1500 85.6165 -3.66901 18.0051 0.50145 -0.112114 458.851 0 0
1500 162.312 -8.39867 18.0392 1.83074 -0.211152 453.916 0 0
1500 45.6299 54.6762 18.0652 -0.18117 1.01253 453.991 0 0
1500 27.0766 -64.2855 17.8737 -0.541372 -1.06497 459.234 0 0
1500 93.2716 -5.69811 17.8962 0.570054 -0.063145 467.129 0 0
1500 117.114 -14.7381 17.8803 0.926934 -0.194748 465.445 0 0
1500 103.073 -16.9532 17.8871 0.771612 -0.241225 461.237 0 0
1500 77.0626 -36.2229 17.8634 0.298318 -0.636318 461.032 0 0
1500 72.1193 -39.4131 17.8651 0.20306 -0.62704 467.079 0 0
1500 56.527 36.0327 18.1538 -0.0642736 0.603323 460.147 0 0
1500 130.206 33.9558 18.1074 1.35631 0.620727 455.28 0 0
1500 46.6946 12.4506 17.8352 -0.148805 0.267195 462.911 0 0
1500 76.2681 59.5843 17.8091 0.301975 0.965457 465.572 0 0
1500 118.079 29.1505 17.8078 0.907774 0.495095 467.263 0 0
1500 41.6074 47.743 17.821 -0.207595 0.74509 469.342 0 0
1500 77.2768 61.5976 17.8076 0.314909 0.988716 466.044 0 0
1500 44.6794 46.9723 17.8219 -0.163651 0.733147 469.436 0 0
1500 90.8131 31.2059 17.8732 0.491035 0.555043 464.096 0 0
1500 7.26091 -41.9101 17.8067 -0.820923 -0.651909 467.054 0 0
1500 88.4813 7.25183 18.0462 0.569123 0.133371 465.3 0 0
1500 55.6009 -65.9968 17.8034 0.000556528 -1.02921 468.507 0 0
1500 26.9172 -4.18093 17.8869 -0.549141 -0.0370476 465.703 0 0
1500 61.0969 13.3933 17.831 0.0883133 0.238666 472.788 0 0
1500 -23.5114 -4.9956 17.8166 -1.2894 -0.138183 467.485 0 0
1500 68.6781 38.23 18.0745 0.125289 0.647329 465.466 0 0
1500 111.768 38.4462 17.8055 0.873305 0.553226 471.58 0 0
1500 68.7814 64.8767 17.8459 0.105205 1.01737 475.246 0 0
1500 -11.5927 49.6565 17.8077 -1.06459 0.750139 480.329 0 0
