Total number of secondary electrons: 310
1500 77.4949 26.732 17.9367 0.38969 0.42841 289.473 0 0
1500 85.408 5.18471 19.2415 0.576023 0.14614 290.137 0 0
1500 82.5897 -21.9515 17.9307 0.465179 -0.314055 290.171 0 0
1500 101.284 -25.1238 17.9267 0.74742 -0.368199 290.336 0 0
1500 115.129 22.2972 17.9179 0.940957 0.348591 291.566 0 0
1500 86.1064 -1.59694 19.0188 0.622161 -0.109715 292.009 0 0
1500 122.665 -2.30182 17.9168 1.023 -0.0191437 293.576 0 0
1500 79.1024 -4.34508 19.1854 0.5036 -0.0581107 296.344 0 0
1500 77.1606 -2.37898 17.9427 0.346564 -0.0194229 296.56 0 0
1500 75.7601 -18.8994 17.9413 0.327512 -0.249917 296.459 0 0
1500 87.5895 40.2705 17.903 0.478653 0.67869 297.376 0 0
1500 107.475 55.0951 17.8083 0.802372 0.886692 297.683 0 0
1500 43.2302 -62.9877 17.7933 -0.210493 -1.01518 299.102 0 0
1500 108.074 -9.3631 18.9949 1.12826 -0.184134 299.451 0 0
1500 0.328994 -37.1049 17.7927 -0.84356 -0.621968 299.769 0 0
1500 51.5216 -9.41882 18.5275 -0.052625 -0.175086 300.493 0 0
1500 94.8442 21.0873 19.1249 0.711345 0.408176 301.305 0 0
1500 104.906 17.2778 18.3411 0.837886 0.262377 301.836 0 0
1500 42.3408 -39.7541 17.811 -0.211998 -0.63259 302.823 0 0
1500 61.0516 7.01243 18.6637 0.0806103 0.102013 302.672 0 0
1500 100.477 35.7224 18.6562 0.904746 0.649564 302.91 0 0
1500 59.9963 11.0465 18.6634 0.0657013 0.153481 303.295 0 0
1500 75.9206 25.5391 19.1028 0.422239 0.53795 304.37 0 0
1500 -60.9677 -31.1085 18.3135 -2.21764 -0.663604 306.435 0 0
1500 42.6278 7.46298 18.6041 -0.261183 0.122842 308.837 0 0
1500 82.5731 23.3395 18.1438 0.377361 0.392559 311.447 0 0
1500 71.2276 -33.5191 18.3394 0.292946 -0.57519 311.22 0 0
1500 78.7885 -64.6635 17.836 0.264661 -1.01256 311.855 0 0
1500 29.1574 -44.5364 17.8476 -0.451728 -0.692875 314.114 0 0
1500 77.4201 -24.7437 17.8606 0.232742 -0.403856 315.282 0 0
1500 79.9848 -23.1356 18.3367 0.355629 -0.414383 316.63 0 0
1500 87.7922 -56.2796 17.8377 0.459389 -0.908581 316.892 0 0
1500 82.8383 -13.3846 18.7733 0.455303 -0.26314 317.551 0 0
1500 62.4919 16.1315 18.4212 0.069792 0.244185 317.4 0 0
1500 135.092 2.1108 18.0902 1.35078 0.0172231 317.625 0 0
1500 87.4447 15.1089 18.436 0.575527 0.22067 318.002 0 0
1500 52.1473 -5.57302 18.2869 -0.098247 -0.114215 318.179 0 0
1500 60.131 -4.50475 18.2873 0.02266 -0.0980768 318.153 0 0
1500 72.4686 11.0594 18.37 0.23847 0.223294 319.087 0 0
1500 85.77 -49.6044 18.0842 0.509062 -0.847547 318.565 0 0
1500 87.3803 -14.407 18.9185 0.662688 -0.370163 319.921 0 0
1500 68.2127 65.2348 17.8301 0.0833539 1.00589 320.264 0 0
1500 88.2989 3.37258 18.7049 0.581474 0.120678 320.912 0 0
1500 70.4676 18.7242 18.1904 0.202856 0.354952 321.66 0 0
1500 26.0418 -11.2259 17.9878 -0.531652 -0.222968 321.459 0 0
1500 55.2614 37.7597 17.8869 -9.26094e-05 0.651842 321.401 0 0
1500 27.9819 31.2777 17.899 -0.473829 0.481694 322.842 0 0
1500 -5.24703 12.7956 17.8073 -0.994027 0.252918 323.211 0 0
1500 25.9788 -34.1517 17.9803 -0.52755 -0.570813 322.083 0 0
1500 59.6926 -55.5155 17.9751 -0.012793 -0.889538 322.627 0 0
1500 54.0773 58.7816 17.8732 -0.0179937 0.955618 322.83 0 0
1500 87.1958 56.4148 17.8693 0.476939 0.908733 323.638 0 0
1500 22.8035 -2.2109 18.1309 -0.57168 -0.0120601 322.199 0 0
1500 70.1216 51.0649 17.8761 0.215084 0.850558 323.068 0 0
1500 101.923 69.0308 18.0773 0.801729 1.15139 323.838 0 0
1500 78.4209 25.3175 18.3273 0.364649 0.503069 322.28 0 0
1500 106.872 -63.1503 17.9419 0.887885 -1.09211 323.836 0 0
1500 53.5292 -22.8569 18.0747 -0.159293 -0.421057 322.913 0 0
1500 75.3714 63.5831 17.8681 0.297122 1.00503 324.356 0 0
1500 89.7188 1.96216 18.663 0.599769 0.100272 324.342 0 0
1500 22.8019 57.9355 17.8384 -0.590959 0.865564 325.727 0 0
1500 22.8 55.9263 17.8365 -0.594975 0.852096 325.687 0 0
1500 86.2375 4.99665 17.9859 0.530248 0.0943672 324.654 0 0
1500 221.904 60.2833 17.8287 2.62396 0.958336 325.099 0 0
1500 88.0296 -10.2918 17.9163 0.516582 -0.224504 325.745 0 0
1500 98.9443 -4.56612 18.0679 0.662813 -0.094927 326.281 0 0
1500 110.235 12.9206 17.9711 0.882102 0.212212 326.016 0 0
1500 30.5677 -21.3465 18.1346 -0.45644 -0.323776 325.917 0 0
1500 77.421 -38.3828 17.9098 0.349505 -0.654226 326.263 0 0
1500 74.0904 -43.2992 17.9079 0.297552 -0.727816 326.436 0 0
1500 89.3277 52.4249 17.9107 0.546016 0.825576 326.746 0 0
1500 36.0851 -12.3275 17.8177 -0.398296 -0.133607 326.637 0 0
1500 64.4836 3.25971 18.0794 0.179031 0.0142451 327.182 0 0
1500 55.6203 53.3168 17.8799 0.00502365 0.821728 326.956 0 0
1500 -2.14164 16.4008 17.8427 -0.93948 0.247018 327.155 0 0
1500 116.76 4.57568 17.9005 0.939248 0.00558118 327.272 0 0
1500 77.0204 35.8972 18.052 0.288621 0.618589 327.141 0 0
1500 86.3308 32.2464 18.051 0.43038 0.562092 327.222 0 0
1500 61.0429 34.2998 17.8903 0.0810966 0.543673 327.912 0 0
1500 111.366 12.5351 18.2384 0.917851 0.204646 327.919 0 0
1500 64.4026 -64.182 17.8955 0.145059 -1.01915 328.268 0 0
1500 98.7562 29.551 17.806 0.574097 0.514326 327.54 0 0
1500 52.7976 4.96722 18.1586 -0.103477 0.149119 327.891 0 0
1500 29.5034 10.2246 17.8624 -0.4677 0.153071 329.245 0 0
1500 61.1527 -66.0986 17.8946 0.0959933 -1.04082 328.712 0 0
1500 97.3256 22.992 18.4252 0.678626 0.414488 329.157 0 0
1500 59.2364 -9.90789 18.3812 0.0494345 -0.216241 328.516 0 0
1500 81.0161 -19.0804 18.1152 0.411691 -0.365374 329.024 0 0
1500 61.4293 8.86741 18.1876 0.0242683 0.155884 328.854 0 0
1500 69.5147 43.3536 17.8922 0.119327 0.708587 329.298 0 0
1500 51.9139 27.4812 17.8642 -0.16097 0.389851 329.303 0 0
1500 93.865 5.12481 18.2225 0.60988 0.0877998 329.809 0 0
1500 94.3973 42.2646 17.9169 0.590658 0.638973 330.295 0 0
1500 86.0972 -57.7698 17.8968 0.4558 -0.898828 330.117 0 0
1500 1.55578 28.1516 17.8342 -0.852876 0.499985 329.9 0 0
1500 77.7208 -54.2621 18.0987 0.352392 -0.881989 330.662 0 0
1500 28.5554 15.4668 18.1481 -0.464389 0.288935 329.662 0 0
1500 65.1551 25.8801 18.1505 0.0953143 0.449297 329.49 0 0
1500 3.60965 -10.6125 17.8843 -0.884763 -0.12088 330.08 0 0
1500 -2.23081 -16.5905 17.8795 -0.9632 -0.209562 330.791 0 0
1500 0.125119 -1.71746 17.897 -0.958876 0.0441816 329.444 0 0
1500 30.0747 13.7719 17.9606 -0.478533 0.290288 330.558 0 0
1500 81.5903 -37.3443 17.91 0.328508 -0.657854 331.101 0 0
1500 127.207 2.06789 18.2659 1.24227 -0.0199948 330.204 0 0
1500 71.1625 14.5631 17.9355 0.260753 0.183865 331.615 0 0
1500 77.4505 -13.772 17.9205 0.318119 -0.251049 332.779 0 0
1500 61.9779 -61.7738 17.8578 0.0714258 -0.963474 331.738 0 0
1500 97.6649 46.1295 17.9148 0.623014 0.732772 331.78 0 0
1500 115.835 -26.1965 17.988 0.964029 -0.409345 331.875 0 0
1500 109.782 -20.4922 17.8805 0.815818 -0.383735 332.126 0 0
1500 76.9594 15.6706 18.1803 0.297698 0.30747 332.683 0 0
1500 59.0793 -28.1795 17.8952 -0.0505042 -0.478578 332.387 0 0
1500 58.2174 -7.21353 17.9243 0.0493663 -0.158863 333.052 0 0
1500 68.1776 -10.4139 17.9562 0.236466 -0.206593 333.151 0 0
1500 45.7169 35.7866 18.1891 -0.226266 0.578118 333.368 0 0
1500 54.6704 -4.04922 17.8834 -0.0329045 -0.12542 334.236 0 0
1500 71.2857 -7.08773 18.3058 0.286169 -0.0492323 335.193 0 0
1500 58.1907 34.3993 17.8806 -0.033146 0.523392 335.882 0 0
1500 60.4414 -25.4799 18.2553 0.048384 -0.408688 336.377 0 0
1500 96.01 16.9588 17.8293 0.541945 0.30251 339.405 0 0
1500 96.1345 -53.8948 17.9286 0.631071 -0.829978 337.251 0 0
1500 79.5152 -46.2555 18.0079 0.330727 -0.775146 335.755 0 0
1500 55.2958 56.2226 17.8572 -0.113295 0.877037 335.308 0 0
1500 75.0568 -29.4499 17.8842 0.32694 -0.472924 337.463 0 0
1500 70.9592 -33.5485 17.8836 0.26405 -0.529872 337.968 0 0
1500 57.9394 -53.8122 18.0025 -0.00992075 -0.882509 336.852 0 0
1500 26.4907 37.177 17.8116 -0.48957 0.589574 341.159 0 0
1500 51.3593 21.4501 18.2216 -0.0948748 0.342367 343.961 0 0
1500 85.7897 44.8024 18.2141 0.500209 0.735489 338.265 0 0
1500 0.14409 -23.9437 17.9396 -0.909222 -0.406067 338.487 0 0
1500 59.6695 -26.1954 17.8902 0.0821158 -0.411344 344.298 0 0
1500 81.1059 -22.38 17.8858 0.423304 -0.396645 337.328 0 0
1500 99.2835 -3.56117 18.2913 0.718175 -0.120351 339.516 0 0
1500 0.385922 -31.1639 17.806 -0.907218 -0.501292 341.353 0 0
1500 34.0938 28.5908 17.8264 -0.436668 0.39827 337.553 0 0
1500 31.3792 -59.0155 17.8061 -0.460448 -0.926899 340.127 0 0
1500 52.3334 -64.9811 17.8065 -0.147442 -1.01809 339.996 0 0
1500 30.2264 -33.8283 17.8228 -0.45274 -0.521579 343.812 0 0
1500 36.9783 -57.5695 17.8427 -0.315647 -0.90162 342.584 0 0
1500 34.5429 -49.083 17.9689 -0.3838 -0.813113 338.89 0 0
1500 -8.01005 4.44181 17.7939 -1.01008 0.140557 340.014 0 0
1500 109.051 41.7188 17.7936 0.748103 0.6999 340.091 0 0
1500 123.652 23.9293 17.7928 0.947399 0.424004 341.487 0 0
1500 93.5058 52.8338 17.7944 0.516349 0.869378 339.888 0 0
1500 113.131 20.6298 17.7998 0.822968 0.38982 338.988 0 0
1500 106.57 16.3618 18.1824 0.845228 0.266751 340.376 0 0
1500 103.538 -23.7144 17.9901 0.727856 -0.364263 344.424 0 0
1500 118.016 -15.1557 17.9799 0.981775 -0.256065 340.881 0 0
1500 116.16 -1.49208 18.1944 0.98262 -0.0262854 341.368 0 0
1500 13.1349 42.5995 17.9119 -0.68355 0.711967 340.44 0 0
1500 85.4518 -13.5132 18.5282 0.565392 -0.240256 341.536 0 0
1500 94.5325 2.21591 18.5274 0.64008 -0.00512057 347.902 0 0
1500 38.2192 2.63563 17.9962 -0.36285 0.0544413 340.184 0 0
1500 -9.0546 -0.516056 17.8077 -1.0473 0.0443397 345.712 0 0
1500 2.23805 16.229 17.8488 -0.914712 0.266801 344.969 0 0
1500 34.9841 -37.1519 17.8208 -0.332698 -0.597067 349.789 0 0
1500 102.941 -49.6102 17.8032 0.661002 -0.811529 346.488 0 0
1500 78.3059 -19.183 17.9417 0.269936 -0.332885 351.375 0 0
1500 54.7721 -49.3678 17.9278 -0.0639535 -0.824583 345.252 0 0
1500 35.6091 12.294 17.8658 -0.399172 0.133782 344.155 0 0
1500 4.3725 -34.9654 17.8428 -0.825107 -0.561705 348.923 0 0
1500 15.2372 -5.46908 17.8585 -0.649185 -0.129776 350.849 0 0
1500 50.1897 -12.9588 18.0088 -0.144853 -0.220709 352.595 0 0
1500 63.5227 -55.7989 17.9887 0.0436384 -0.888866 346.572 0 0
1500 80.8476 35.9608 17.8115 0.426812 0.563809 345.236 0 0
1500 114.693 27.8314 17.7984 0.891667 0.410765 349.515 0 0
1500 78.5449 56.5363 17.8003 0.384078 0.86632 346.429 0 0
1500 88.0178 21.0469 18.0303 0.555188 0.317202 346.896 0 0
1500 70.9728 12.0066 18.0923 0.277951 0.164121 353.118 0 0
1500 109.115 -14.4046 17.8262 0.800079 -0.208598 351.079 0 0
1500 101.577 44.6817 17.8178 0.731636 0.671024 347.327 0 0
1500 105.615 -31.4235 18.1923 0.823193 -0.603493 341.779 0 0
1500 62.1038 1.99992 18.1568 0.158453 0.0502067 354.277 0 0
1500 105.157 -20.7828 17.9247 0.746295 -0.320953 352.043 0 0
1500 60.5334 65.9373 17.8404 -0.0113052 1.03725 348.969 0 0
1500 -2.62803 1.73375 17.8442 -0.966296 0.0811219 348.047 0 0
1500 80.1883 61.5705 17.8415 0.283318 0.97759 348.595 0 0
1500 57.7704 46.6426 17.8562 -0.0498639 0.711947 352.514 0 0
1500 70.0428 35.9687 17.9856 0.150967 0.608321 347.096 0 0
1500 78.0657 -25.2833 18.1666 0.32273 -0.418536 354.737 0 0
1500 106.073 -17.5848 18.4953 0.846114 -0.362814 344.793 0 0
1500 114.453 -19.0893 18.4544 1.04874 -0.362604 344.947 0 0
1500 19.3561 -54.5123 17.8764 -0.679716 -0.831275 346.863 0 0
1500 58.4756 28.2306 18.0512 -0.0292953 0.425003 355.638 0 0
1500 42.3498 15.134 18.002 -0.248146 0.258981 355.647 0 0
1500 91.0091 -1.25216 18.4486 0.61366 -0.083586 350.906 0 0
1500 101.692 7.45247 18.0419 0.707116 0.0940074 355.628 0 0
1500 89.7964 -14.6684 18.0448 0.590507 -0.236225 349.566 0 0
1500 122.598 8.12538 18.0256 1.04249 0.107812 352.737 0 0
1500 122.276 -2.81093 18.0258 1.04378 -0.052304 352.344 0 0
1500 12.077 -15.4707 17.9186 -0.76359 -0.260401 349.755 0 0
1500 107.688 -36.1126 18.043 0.797341 -0.605331 351.684 0 0
1500 95.7803 -45.2821 18.0447 0.623097 -0.745142 351.374 0 0
1500 51.3124 -12.4933 18.2012 -0.18583 -0.258679 341.827 0 0
1500 111.24 37.6736 17.9478 0.874164 0.572637 353.01 0 0
1500 22.9169 37.7674 17.9883 -0.629413 0.567457 346.352 0 0
1500 72.4604 45.8782 17.9827 0.210202 0.769368 351.061 0 0
1500 39.908 -46.4017 17.9279 -0.365207 -0.738109 348.115 0 0
1500 89.277 48.3155 18.0487 0.55866 0.767585 353.012 0 0
1500 76.5445 26.3855 18.0659 0.341433 0.407445 358.188 0 0
1500 113.393 5.00509 17.8702 0.91567 0.106911 352.493 0 0
1500 56.2075 5.0657 18.1009 -0.0189615 0.133146 360.101 0 0
1500 68.5968 -19.3034 18.2786 0.246363 -0.36516 352.745 0 0
1500 51.2385 -26.9642 17.8583 -0.0745703 -0.445677 358.605 0 0
1500 5.5032 -25.6444 17.9743 -0.84958 -0.505186 348.117 0 0
1500 49.6834 -22.8342 18.0404 -0.155353 -0.344524 360.827 0 0
1500 208.48 104.948 17.8073 2.32821 1.58583 355.663 0 0
1500 79.7153 -64.5297 17.7944 0.386387 -0.940838 357.481 0 0
1500 68.319 23.2251 17.8192 0.211152 0.327987 360.302 0 0
1500 120.548 -12.9944 17.7956 0.979182 -0.187021 357.753 0 0
1500 71.1312 20.3562 17.8392 0.240574 0.386565 353.56 0 0
1500 66.7293 8.54241 17.8434 0.153917 0.181043 361.028 0 0
1500 25.7713 -54.075 17.8244 -0.520007 -0.87681 356.247 0 0
1500 54.2239 -50.7079 17.9067 -0.0845954 -0.777468 360.413 0 0
1500 107.129 30.9638 18.0273 0.820668 0.509728 356.791 0 0
1500 113.048 36.7782 17.9523 0.854308 0.604605 358.905 0 0
1500 96.2722 -6.73651 18.0656 0.68877 -0.084521 356.224 0 0
1500 65.7059 65.4408 17.8372 0.0759536 1.0168 359.792 0 0
1500 113.206 31.1928 18.0223 0.93165 0.59107 352.64 0 0
1500 139.715 -31.725 17.988 1.45956 -0.573223 351.387 0 0
1500 112.381 12.3039 17.8144 0.864417 0.120089 357.752 0 0
1500 117.946 -9.47519 18.1774 1.00095 -0.155755 360.495 0 0
1500 79.6541 -42.8414 17.8815 0.338318 -0.747485 356.622 0 0
1500 53.4432 -63.2588 17.8469 -0.072254 -0.989379 361.677 0 0
1500 61.5714 -65.0303 17.8403 0.0126858 -0.999071 362.262 0 0
1500 42.7928 -29.8586 18.0587 -0.2815 -0.45798 358.132 0 0
1500 119.224 -42.8428 17.9575 1.07534 -0.757526 354.578 0 0
1500 36.5741 63.9892 17.794 -0.263668 1.00084 360.712 0 0
1500 88.0009 -33.9704 17.8099 0.523223 -0.480834 358.481 0 0
1500 77.8362 44.7608 17.8053 0.363529 0.733019 358.901 0 0
1500 67.3923 61.5485 17.8453 0.15229 0.998691 360.712 0 0
1500 41.4514 59.48 17.8482 -0.227993 0.930079 363.401 0 0
1500 118.432 27.744 17.8439 0.912778 0.488012 361.138 0 0
1500 83.0019 -40.3626 17.8097 0.45071 -0.587817 359.439 0 0
1500 37.8874 15.0711 18.3065 -0.318847 0.240875 360.482 0 0
1500 122.006 -11.0223 18.0353 1.12625 -0.120919 355.976 0 0
1500 115.516 -6.6872 18.1658 0.96987 -0.11597 363.242 0 0
1500 86.1491 -30.9936 18.1774 0.545426 -0.486237 361.878 0 0
1500 17.2649 -49.5304 17.9606 -0.651478 -0.778746 363.046 0 0
1500 48.8517 -5.24777 17.9882 -0.168295 -0.110676 368.04 0 0
1500 52.649 -55.0981 17.9912 -0.0425729 -0.94631 360.285 0 0
1500 83.7165 -1.0091 18.0661 0.403561 -0.0906881 356.529 0 0
1500 109.055 -63.8418 17.9146 0.791373 -1.02778 365.097 0 0
1500 -3.62529 -60.8532 17.8603 -1.04314 -0.949519 362.105 0 0
1500 85.8717 77.7642 18.0604 0.547252 1.34194 358.377 0 0
1500 95.5392 -35.6024 17.8524 0.542674 -0.614022 363.908 0 0
1500 1.52022 -14.4225 17.8467 -0.890072 -0.286337 364.568 0 0
1500 11.5645 -10.6119 17.8541 -0.746912 -0.231376 363.746 0 0
1500 -6.44041 -15.8443 17.8072 -0.98921 -0.176144 368.053 0 0
1500 31.1584 45.4355 17.8164 -0.433009 0.70263 369.405 0 0
1500 93.7407 31.8985 17.8583 0.587983 0.556699 364.706 0 0
1500 53.6758 -12.5962 17.9634 -0.031884 -0.271149 364.011 0 0
1500 91.9447 -54.47 17.9358 0.538062 -0.88096 367.052 0 0
1500 74.98 7.94848 17.9026 0.343664 0.0904112 363.38 0 0
1500 47.3258 -50.5652 17.9103 -0.228962 -0.782158 366.305 0 0
1500 22.0297 34.9743 17.9106 -0.615912 0.525771 366.281 0 0
1500 121.846 -1.63082 17.866 1.03118 -0.00976236 368.466 0 0
1500 94.9568 43.1028 17.8744 0.60345 0.6299 371.417 0 0
1500 88.976 7.62585 17.8527 0.505797 0.0983153 372.923 0 0
1500 121.975 -13.5289 17.8295 1.02454 -0.210281 369.105 0 0
1500 118.059 -11.5063 17.8346 0.939597 -0.175246 371.025 0 0
1500 88.0702 -11.561 17.9278 0.458118 -0.226291 373.506 0 0
1500 1.28499 -18.7448 17.9387 -0.887973 -0.340772 368.659 0 0
1500 95.8678 -23.7881 18.1866 0.662489 -0.503794 359.483 0 0
1500 53.7974 -41.7843 17.9039 -0.0140884 -0.70785 368.086 0 0
1500 47.2062 -18.1807 18.0412 -0.130744 -0.321098 375.509 0 0
1500 109.808 -19.4125 18.0987 0.88398 -0.270219 371.108 0 0
1500 89.4804 15.686 18.1127 0.537417 0.237065 376.328 0 0
1500 119.084 18.2972 17.8302 0.965345 0.331205 371.344 0 0
1500 117.979 18.9743 17.8329 0.915908 0.329533 373.737 0 0
1500 34.5146 54.614 17.8347 -0.30648 0.886955 370.497 0 0
1500 73.2415 -7.58252 18.0745 0.339773 -0.0943542 369.883 0 0
1500 123.181 -13.8258 17.8118 0.99354 -0.145112 374.013 0 0
1500 121.654 6.94943 17.8111 1.0024 0.162428 371.881 0 0
1500 94.6573 17.8148 17.8263 0.614407 0.33535 369.967 0 0
1500 80.9108 25.5375 17.982 0.343406 0.465286 371.476 0 0
1500 156.13 127.312 18.0891 1.68648 2.25909 365.479 0 0
1500 68.3431 56.8226 17.9677 0.127908 0.911862 374.632 0 0
1500 22.429 -44.8088 18.2003 -0.605835 -0.782296 370.295 0 0
1500 73.4045 20.4221 18.0396 0.222909 0.355683 379.976 0 0
1500 53.3713 48.5193 18.0275 -0.0617447 0.778447 377.565 0 0
1500 48.621 4.89318 18.0433 -0.136981 0.147812 374.626 0 0
1500 53.2908 -22.3041 18.002 -0.127685 -0.368503 373.665 0 0
1500 3.42777 -12.8714 17.9509 -0.883152 -0.213189 376.098 0 0
1500 49.249 -44.5283 18.0282 -0.212364 -0.737078 371.068 0 0
1500 123.959 -38.9565 17.9981 1.14026 -0.610581 373.732 0 0
1500 76.0258 14.6002 18.1363 0.340582 0.241594 382.973 0 0
1500 75.0371 -34.367 18.0456 0.327213 -0.591468 376.166 0 0
1500 61.6504 -33.2042 18.0504 0.111437 -0.521975 382.643 0 0
1500 100.549 -52.9381 17.8377 0.700745 -0.773205 378.917 0 0
1500 85.2208 -72.4424 17.8421 0.462657 -1.09424 380.815 0 0
1500 135.132 -39.6446 17.9058 1.20482 -0.633863 380.397 0 0
1500 105.758 2.4584 17.8545 0.811829 0.0349641 377.926 0 0
1500 88.5691 7.26946 17.864 0.554949 0.110117 377.127 0 0
1500 65.2518 -10.2037 17.8475 0.170359 -0.137354 384.639 0 0
1500 111.962 15.9323 17.8048 0.891595 0.218924 378.968 0 0
1500 49.8867 -27.6668 17.9852 -0.120051 -0.508158 378.745 0 0
1500 108.71 42.8892 17.8143 0.774797 0.698803 383.064 0 0
1500 90.7166 60.1509 17.8095 0.439913 0.951484 382.641 0 0
1500 92.7027 57.7256 17.8115 0.462083 0.9014 383.701 0 0
1500 2.31893 -15.3984 17.817 -0.894976 -0.172658 380.735 0 0
1500 89.1988 -20.6343 17.9522 0.49546 -0.398887 380.17 0 0
1500 20.6571 10.1342 17.981 -0.687479 0.137277 378.804 0 0
1500 -57.9533 92.3529 17.8702 -1.91369 1.56561 386.276 0 0
1500 87.9868 6.99173 18.0688 0.571204 0.102989 394.03 0 0
1500 89.5861 -17.4289 17.8626 0.479353 -0.307539 403.855 0 0
1500 87.2003 -6.07862 17.8236 0.515358 -0.0490915 397.025 0 0
1500 116.149 28.6617 17.8021 0.905352 0.461358 401.377 0 0
1500 6.53731 -38.0357 17.8298 -0.793866 -0.641619 400.506 0 0
1500 109.847 -11.1766 17.8309 0.761173 -0.226486 404.497 0 0
