Total number of secondary electrons: 1653
1500 77.9287 2.38984 14.6294 0.410356 0.092997 278.462 0 0
1500 93.236 -7.99187 15.7774 0.723819 -0.101934 300.509 0 0
1500 98.1896 -5.31103 15.7683 0.774911 -0.0727462 300.798 0 0
1500 67.0601 -10.2253 14.2586 0.188026 -0.172526 302.004 0 0
1500 97.4354 -4.04207 14.2854 0.570391 -0.0283433 302.961 0 0
1500 90.6011 -8.55771 16.12 0.682187 -0.134916 306.723 0 0
1500 120.068 -13.3369 14.9779 1.12512 -0.219207 309.023 0 0
1500 93.9039 -12.0365 14.906 0.614466 -0.243478 310.823 0 0
1500 133.236 -37.9369 14.3062 1.02561 -0.5212 313.551 0 0
1500 81.6356 -4.03299 14.6844 0.386316 0.00674524 315.293 0 0
1500 85.7048 -3.23361 15.9526 0.546918 -0.00549908 318.247 0 0
1500 81.8983 -21.2243 14.3642 0.317314 -0.299428 319.052 0 0
1500 72.0666 56.6482 14.0382 0.173656 0.700486 322.494 0 0
1500 68.7033 -6.26622 14.1735 0.113625 -0.105231 322.579 0 0
1500 31.7885 31.3884 14.0428 -0.389465 0.382187 322.911 0 0
1500 71.9927 1.68058 14.3565 0.22948 0.0687681 323.229 0 0
1500 83.3569 4.93876 15.0837 0.434531 0.0325204 323.402 0 0
1500 94.3062 -5.52024 15.7641 0.66131 -0.0533162 326.474 0 0
1500 85.8722 -10.101 15.342 0.488773 -0.156039 326.504 0 0
1500 81.9573 13.315 14.9532 0.409497 0.197294 328.142 0 0
1500 77.1779 3.88236 15.9196 0.456732 0.100497 329.496 0 0
1500 101.848 3.89211 15.5408 0.769317 0.0126607 333.924 0 0
1500 51.7246 22.1118 14.4291 -0.0508527 0.271587 334.223 0 0
1500 89.9839 -11.0078 14.9178 0.48196 -0.193232 334.348 0 0
1500 71.2722 4.09133 14.9115 0.219087 0.084806 335.63 0 0
1500 87.0987 -16.4432 14.9125 0.43813 -0.245613 336.815 0 0
1500 94.2002 0.285466 15.9636 0.64716 -0.0110401 338.234 0 0
1500 124.032 -30.8554 14.3304 0.890717 -0.3633 338.526 0 0
1500 59.3675 -71.1196 14.4315 0.0229276 -0.891818 338.811 0 0
1500 81.7414 -4.78034 15.9919 0.505406 -0.0867643 340.354 0 0
1500 91.1766 -12.6386 15.4426 0.508711 -0.200021 340.695 0 0
1500 22.1068 -68.1492 14.4836 -0.432036 -0.85583 341.78 0 0
1500 79.5773 12.4187 16.4492 0.50986 0.236614 341.9 0 0
1500 61.6091 -60.1458 14.668 0.0586484 -0.798704 341.95 0 0
1500 13.5004 -32.8164 14.4818 -0.560773 -0.449209 342.587 0 0
1500 72.9608 3.8918 15.2982 0.319263 0.0884108 342.837 0 0
1500 89.2541 1.48505 15.2941 0.501155 0.0585196 343.734 0 0
1500 84.0232 -12.4862 15.6979 0.466969 -0.188951 343.913 0 0
1500 96.3221 -5.38589 16.0494 0.785888 -0.0969656 344.376 0 0
1500 75.3706 8.08881 15.5857 0.294341 0.194601 344.592 0 0
1500 76.0607 -17.2965 15.3932 0.34928 -0.241304 344.688 0 0
1500 -3.24371 -54.1729 14.9361 -0.827159 -0.793266 347.497 0 0
1500 51.2467 -15.257 14.7642 -0.0388696 -0.236993 347.703 0 0
1500 47.8818 8.38369 15.2534 -0.0970905 0.138511 347.788 0 0
1500 75.7748 29.3073 15.4504 0.330158 0.526435 348.003 0 0
1500 94.9357 6.43462 16.6583 0.805166 0.0986777 348.111 0 0
1500 63.1789 29.3307 15.3923 0.121829 0.450854 348.147 0 0
1500 86.9525 3.92224 15.9099 0.465332 0.0476366 348.496 0 0
1500 79.2393 -4.22004 15.959 0.453744 -0.0498967 348.519 0 0
1500 77.1304 -34.5408 14.9132 0.315905 -0.46857 348.685 0 0
1500 110.725 11.3801 14.9659 0.725502 0.138686 349.073 0 0
1500 77.7346 24.7424 15.3103 0.317706 0.354967 349.215 0 0
1500 117.382 29.3676 15.6979 0.963601 0.454602 350.255 0 0
1500 68.0262 -32.4194 15.467 0.171935 -0.444359 350.481 0 0
1500 100.394 16.6971 15.4723 0.685266 0.231829 350.663 0 0
1500 84.039 13.8911 15.0899 0.335343 0.235633 350.916 0 0
1500 68.7337 -75.5332 14.9264 0.174295 -0.956381 351.129 0 0
1500 53.2743 44.2777 15.1029 -0.0500036 0.611936 351.527 0 0
1500 94.9604 -21.3512 15.0795 0.539395 -0.279163 352.095 0 0
1500 37.9226 -2.03348 15.4685 -0.301028 -0.0405029 352.127 0 0
1500 30.7012 20.4843 15.3558 -0.352944 0.278639 352.407 0 0
1500 93.2263 -15.2071 16.2047 0.571554 -0.241551 352.514 0 0
1500 86.9216 9.10267 14.9943 0.419835 0.152459 352.925 0 0
1500 89.4282 10.9342 15.9076 0.577971 0.126439 353.161 0 0
1500 135.023 -33.6988 14.9938 0.951833 -0.439016 353.249 0 0
1500 143.175 5.21736 14.9937 1.048 0.0200098 353.248 0 0
1500 63.4508 57.6231 15.1831 0.0200139 0.807766 353.673 0 0
1500 41.2509 -56.77 15.0423 -0.278129 -0.76236 354.211 0 0
1500 67.9059 -4.73361 16.1953 0.201692 -0.143565 354.343 0 0
1500 89.7746 3.19589 15.7912 0.454383 0.0605451 354.436 0 0
1500 33.8705 -9.7735 15.276 -0.332358 -0.146901 354.581 0 0
1500 79.8321 0.528649 16.5128 0.468375 0.0528092 354.655 0 0
1500 80.5292 1.51551 15.442 0.364256 0.0692026 354.699 0 0
1500 38.4493 -51.4926 15.0769 -0.313255 -0.68825 355.074 0 0
1500 69.8418 15.5278 16.5203 0.293272 0.32551 355.15 0 0
1500 135.006 13.9976 15.0959 0.927438 0.192336 355.612 0 0
1500 88.5723 -23.5438 15.768 0.430818 -0.341093 355.724 0 0
1500 58.3374 -117.075 15.5034 -0.040762 -1.75604 356.408 0 0
1500 88.0457 7.96065 17.1066 0.622718 0.0709499 356.427 0 0
1500 69.8606 -25.9445 15.536 0.239278 -0.36743 356.87 0 0
1500 120.552 3.46171 15.4554 0.896469 0.116495 357.026 0 0
1500 43.8358 -2.40857 15.1932 -0.248615 -0.0411245 357.48 0 0
1500 66.9902 23.104 15.5246 0.0970781 0.290296 357.583 0 0
1500 96.2302 -19.3471 16.0269 0.622316 -0.393811 357.952 0 0
1500 75.228 -9.68003 16.0464 0.319575 -0.103139 358.015 0 0
1500 128.492 1.58281 15.5718 1.0116 0.0451383 358.263 0 0
1500 75.544 31.3372 15.2513 0.239441 0.378008 358.532 0 0
1500 63.0972 -28.2621 15.807 0.11345 -0.403888 358.732 0 0
1500 79.2843 -44.7934 15.7793 0.354845 -0.634324 359.527 0 0
1500 128.678 12.8653 15.7867 1.14615 0.253928 359.831 0 0
1500 74.2324 -69.5165 15.289 0.232748 -0.912697 360.122 0 0
1500 82.991 -17.2822 15.3768 0.380021 -0.253251 360.472 0 0
1500 67.5095 -30.9955 15.3778 0.184305 -0.426466 360.492 0 0
1500 84.5847 -41.5244 15.3833 0.425027 -0.556991 360.96 0 0
1500 135.612 -16.04 15.3117 0.978973 -0.249487 361.082 0 0
1500 103.021 28.6075 16.7316 0.850678 0.505234 361.405 0 0
1500 85.7252 -5.97546 15.7231 0.436778 -0.1211 361.548 0 0
1500 76.8401 4.17291 15.8785 0.315029 0.0571404 361.589 0 0
1500 48.9753 -24.5122 15.3669 -0.127421 -0.372261 361.66 0 0
1500 -21.8273 5.38725 15.317 -1.03264 0.0557731 361.927 0 0
1500 111.298 -33.06 15.4533 0.722311 -0.443171 362.167 0 0
1500 63.2487 -30.6702 15.4594 0.0961738 -0.446474 362.253 0 0
1500 28.0847 18.6527 15.7669 -0.439566 0.270541 362.289 0 0
1500 83.3552 -18.705 15.7654 0.313042 -0.259162 362.681 0 0
1500 71.3333 -14.2852 16.7401 0.295845 -0.190949 362.967 0 0
1500 49.7976 -50.6778 15.5467 -0.137682 -0.73945 363.404 0 0
1500 87.5687 -1.25562 16.3497 0.573696 -0.00672772 364.215 0 0
1500 46.217 -35.6945 15.6277 -0.196933 -0.542012 364.343 0 0
1500 125.125 -39.9582 15.6611 0.857265 -0.574032 364.946 0 0
1500 73.4044 -3.01195 15.6436 0.236067 0.0119847 365.33 0 0
1500 135.667 -17.094 15.8281 1.17985 -0.238301 365.319 0 0
1500 78.8014 -4.78654 16.5434 0.404079 -0.111269 365.378 0 0
1500 29.4283 -68.8726 15.6281 -0.391696 -0.807991 365.808 0 0
1500 57.4674 26.5564 16.0579 -0.0790818 0.375853 365.836 0 0
1500 77.4406 -46.4494 16.1803 0.26252 -0.682155 366.018 0 0
1500 98.9426 -118.044 15.7086 0.510683 -1.54285 366.476 0 0
1500 95.1582 -9.27638 16.9309 0.688926 -0.0809731 367.181 0 0
1500 80.6538 -18.0761 16.123 0.331036 -0.238388 367.255 0 0
1500 69.4871 -0.384542 16.0372 0.168815 -0.0581514 367.413 0 0
1500 67.751 -41.594 15.8221 0.139917 -0.52032 367.536 0 0
1500 149.014 32.6065 15.8451 1.18084 0.473025 367.591 0 0
1500 153.402 -3.07803 16.029 1.38307 -0.0508263 367.599 0 0
1500 63.4379 7.1498 15.8196 0.102787 0.145434 367.684 0 0
1500 73.3059 -17.2273 16.135 0.179632 -0.248627 367.893 0 0
1500 72.5546 14.019 16.009 0.250475 0.223722 367.97 0 0
1500 25.2674 5.35236 15.821 -0.428511 0.051483 368.111 0 0
1500 124.241 47.8506 16.434 0.999601 0.732626 368.832 0 0
1500 119.338 46.2413 15.8812 0.787192 0.613424 368.887 0 0
1500 82.0045 -75.4666 16.0793 0.328558 -1.07758 369.025 0 0
1500 43.0242 28.8875 16.2184 -0.197667 0.406929 369.484 0 0
1500 76.4867 33.6451 16.2282 0.223097 0.465857 369.648 0 0
1500 78.4396 -0.637202 16.9692 0.411393 -0.0556164 369.982 0 0
1500 64.7547 -5.91421 16.4235 0.081095 -0.0693778 369.995 0 0
1500 86.0964 0.158779 17.6209 0.59031 0.00283038 370.1 0 0
1500 53.8791 62.7895 15.9795 -0.0184232 0.828133 370.17 0 0
1500 97.3228 5.38481 16.684 0.593032 0.112259 370.895 0 0
1500 -17.4661 -7.49966 16.0598 -0.959907 -0.149518 371.234 0 0
1500 101.304 -38.7913 16.3049 0.622509 -0.516506 371.328 0 0
1500 -11.5474 -24.4534 16.0805 -0.858186 -0.304574 371.586 0 0
1500 52.9807 -32.1142 16.4662 -0.0619039 -0.445882 371.586 0 0
1500 123.731 39.8078 16.1155 0.816594 0.568532 371.799 0 0
1500 93.6514 -1.96045 17.3569 0.597875 -0.0734255 372.377 0 0
1500 17.3638 28.0588 16.2099 -0.570855 0.328119 372.468 0 0
1500 81.2239 10.4508 17.9503 0.480137 0.14476 372.542 0 0
1500 113.752 9.30882 16.1581 0.743178 0.0617911 372.512 0 0
1500 95.4483 -14.1836 17.5305 0.661471 -0.190066 372.853 0 0
1500 72.0285 -66.067 16.1854 0.237507 -0.837832 373.003 0 0
1500 67.4011 13.3494 16.7763 0.196221 0.233096 373.356 0 0
1500 90.8052 62.686 16.2013 0.420891 0.79524 373.389 0 0
1500 69.8682 -3.82761 16.3383 0.197441 -0.0450927 373.718 0 0
1500 71.8053 4.87226 16.2699 0.179169 0.129485 373.776 0 0
1500 105.786 -13.2563 16.7421 0.701027 -0.210748 373.89 0 0
1500 61.1163 -18.2422 16.862 0.09805 -0.286482 374.002 0 0
1500 103.89 -18.0754 16.6454 0.685172 -0.245351 374.355 0 0
1500 69.488 6.34038 17.1478 0.26927 0.138376 374.422 0 0
1500 79.1702 30.1663 16.7374 0.286168 0.428668 374.49 0 0
1500 82.649 0.760109 17.7054 0.469705 0.0318507 374.7 0 0
1500 96.3546 -17.7728 17.2191 0.630881 -0.252486 374.72 0 0
1500 84.6514 7.92385 17.2675 0.498466 0.118415 375.105 0 0
1500 79.3181 4.21327 16.6547 0.32099 0.0604419 375.793 0 0
1500 83.9052 2.64361 16.7881 0.446326 0.0195446 375.919 0 0
1500 92.9909 4.82942 16.9331 0.541955 0.116015 376.026 0 0
1500 45.4166 36.1451 16.5901 -0.206575 0.498945 376.305 0 0
1500 98.7585 -3.02432 17.8763 0.709999 -0.068156 376.45 0 0
1500 79.7428 -0.492433 16.6087 0.327296 0.0558185 376.667 0 0
1500 50.2335 -38.438 16.5592 -0.0988546 -0.577584 376.601 0 0
1500 71.4973 40.1997 16.6414 0.217357 0.583279 377.363 0 0
1500 57.1925 46.4675 16.6486 0.031696 0.663311 377.513 0 0
1500 95.8834 31.7788 16.6577 0.531425 0.47195 377.701 0 0
1500 67.2761 -8.29049 16.8953 0.172663 -0.171835 377.684 0 0
1500 53.6274 -55.4931 16.7512 -0.0183015 -0.819025 377.988 0 0
1500 15.4377 -11.2298 16.7081 -0.629849 -0.144521 377.97 0 0
1500 54.9799 -31.5685 16.5612 -0.0352874 -0.486825 378.142 0 0
1500 96.4076 23.6445 17.0936 0.573863 0.39861 378.179 0 0
1500 86.0791 2.53367 17.2966 0.513016 0.0389729 378.459 0 0
1500 62.149 -11.9855 17.0451 0.0534119 -0.160444 378.965 0 0
1500 84.6889 -6.03187 17.4 0.430067 -0.128698 379.021 0 0
1500 94.9961 -15.0797 17.5023 0.590021 -0.280843 379.011 0 0
1500 31.1679 3.53428 16.9792 -0.36006 0.0506043 379.052 0 0
1500 46.842 -48.7278 17.0575 -0.150888 -0.735125 379.519 0 0
1500 103.782 106.639 16.7013 0.607264 1.43787 380.665 0 0
1500 96.4572 -5.55132 17.2053 0.627555 -0.0607237 380.78 0 0
1500 0.285813 -24.9133 16.7896 -0.791611 -0.358035 380.957 0 0
1500 116.712 -46.2394 16.6945 0.757658 -0.657071 381.008 0 0
1500 134.227 -10.4555 16.67 1.02299 -0.0962938 381.04 0 0
1500 96.5631 -8.07469 16.9175 0.511667 -0.127412 381.473 0 0
1500 86.012 23.0542 17.3229 0.453566 0.358557 381.515 0 0
1500 80.4183 -31.8365 17.2496 0.339476 -0.471799 381.611 0 0
1500 -18.4038 -25.3012 17.067 -1.246 -0.327304 381.634 0 0
1500 114.984 40.2036 17.0851 0.861587 0.63977 382.205 0 0
1500 78.6597 -35.3918 16.8255 0.262236 -0.538096 382.498 0 0
1500 101.992 -65.6283 16.7806 0.556927 -0.886667 382.683 0 0
1500 125.541 16.9099 16.8074 0.941157 0.190081 383.032 0 0
1500 90.9744 -11.0681 17.4159 0.50276 -0.207465 383.316 0 0
1500 108.7 -20.0605 17.1556 0.767502 -0.270351 383.501 0 0
1500 67.3598 -21.8114 17.0511 0.117764 -0.348824 383.808 0 0
1500 54.806 -3.406 17.1099 -0.0321095 0.0164294 383.798 0 0
1500 88.9008 39.1856 16.8816 0.449474 0.582117 383.899 0 0
1500 54.1033 16.2836 17.1156 -0.0414368 0.279749 383.965 0 0
1500 130.737 -16.9706 16.8515 0.996361 -0.248237 383.995 0 0
1500 101.797 -9.90898 17.3566 0.685434 -0.180271 384.18 0 0
1500 124.018 31.2406 16.9313 0.892996 0.430539 384.235 0 0
1500 76.4247 14.6124 18.1131 0.442777 0.278705 384.285 0 0
1500 107.347 -76.922 16.8979 0.68167 -1.11807 384.332 0 0
1500 56.5003 16.2072 17.4383 -0.0239197 0.217145 384.39 0 0
1500 11.1217 -35.0124 17.1033 -0.683005 -0.572865 384.473 0 0
1500 74.8029 19.0649 17.5414 0.263478 0.294555 384.501 0 0
1500 98.344 39.4833 17.3701 0.650788 0.662397 384.577 0 0
1500 60.255 51.4278 17.137 0.0997978 0.805526 384.776 0 0
1500 24.5056 -12.4245 16.8814 -0.445434 -0.23521 384.872 0 0
1500 135.67 -6.17598 16.8985 1.0581 -0.150865 385.008 0 0
1500 119.558 2.86419 18.4354 1.20516 0.061687 384.983 0 0
1500 104.708 -39.7849 17.0651 0.690444 -0.605181 385.223 0 0
1500 125.907 -4.70949 16.9631 1.00848 -0.088308 385.29 0 0
1500 120.918 -60.4223 17.0966 0.981072 -0.891052 385.731 0 0
1500 93.9012 35.6419 17.0161 0.552498 0.496711 385.818 0 0
1500 116.57 -16.7521 16.9275 0.827766 -0.283282 385.818 0 0
1500 30.474 27.7734 17.1987 -0.452043 0.377592 385.836 0 0
1500 83.8018 52.9896 17.0336 0.415475 0.723226 386.28 0 0
1500 131.764 -1.41473 16.9617 1.06528 0.0111892 386.294 0 0
1500 4.11618 -32.6135 16.935 -0.707639 -0.498795 386.32 0 0
1500 131.371 -34.2655 16.9592 1.03306 -0.420037 386.33 0 0
1500 126.069 -55.9836 17.0355 0.998393 -0.781994 386.325 0 0
1500 76.9949 44.5806 17.0135 0.322376 0.621928 386.602 0 0
1500 -6.4534 -6.33435 16.9763 -0.897891 -0.151178 386.751 0 0
1500 57.5433 21.254 17.0047 0.0427877 0.286271 386.916 0 0
1500 112.609 -21.4192 17.2399 0.813919 -0.271077 386.849 0 0
1500 78.9015 -1.44948 18.133 0.400468 -0.0592719 387.096 0 0
1500 -1.5038 -35.5782 17.0142 -0.785111 -0.487844 387.257 0 0
1500 147.499 35.8332 17.1057 1.34057 0.464706 387.431 0 0
1500 94.4361 7.41743 18.3542 0.720801 0.0777139 387.507 0 0
1500 72.9317 28.5173 17.121 0.259187 0.434392 387.513 0 0
1500 82.3898 3.47638 17.3946 0.386642 -0.0184991 388.169 0 0
1500 118.74 15.4191 17.0982 0.827561 0.268041 388.429 0 0
1500 90.4462 7.49472 17.319 0.498089 0.159073 388.414 0 0
1500 94.3813 -52.2607 17.1908 0.499853 -0.751176 388.595 0 0
1500 93.5852 7.60626 17.5913 0.67923 0.142413 388.516 0 0
1500 122.742 0.0148113 18.3499 1.3684 -0.017832 388.546 0 0
1500 94.1485 -39.6517 17.2359 0.538588 -0.625404 388.668 0 0
1500 100.094 -9.08336 17.276 0.628375 -0.0674569 388.696 0 0
1500 120.686 37.7165 17.1056 0.879365 0.513787 388.967 0 0
1500 97.9535 -31.5116 17.2043 0.605822 -0.453154 388.955 0 0
1500 18.0493 -27.168 17.6324 -0.635553 -0.507069 388.973 0 0
1500 -1.83995 69.767 17.1362 -0.834689 0.954571 389.114 0 0
1500 159.371 81.1257 17.1835 1.55692 1.23289 389.172 0 0
1500 98.2048 -9.81007 17.0878 0.569406 -0.0696824 389.21 0 0
1500 75.0046 56.3561 17.0875 0.276331 0.796943 389.328 0 0
1500 91.7279 24.4421 17.4494 0.529147 0.376929 389.34 0 0
1500 126.504 -6.76847 17.2561 0.976356 -0.0862935 389.449 0 0
1500 87.3174 3.70634 17.8883 0.478335 0.0222123 389.574 0 0
1500 76.914 -13.7916 17.1515 0.283044 -0.193175 389.689 0 0
1500 86.8432 61.4535 17.1989 0.433772 0.852777 389.665 0 0
1500 76.3921 -7.9763 17.1552 0.276578 -0.123362 389.752 0 0
1500 95.935 30.6941 17.348 0.550024 0.471439 389.736 0 0
1500 66.4202 -0.116041 17.1701 0.172729 -0.0410868 390.044 0 0
1500 70.8874 -29.1865 17.3428 0.168475 -0.453606 390.344 0 0
1500 149.301 -66.7527 17.139 1.19999 -0.92215 390.409 0 0
1500 67.7389 2.13265 17.2969 0.203242 0.0739185 390.496 0 0
1500 87.424 0.145184 18.136 0.49958 -0.0193052 390.665 0 0
1500 109.848 42.3846 17.122 0.690735 0.629924 390.755 0 0
1500 67.4645 -50.3022 17.5458 0.143309 -0.760123 390.976 0 0
1500 76.2309 84.8703 17.15 0.266996 1.21016 390.801 0 0
1500 137.491 -5.3212 17.2339 1.182 -0.126522 390.866 0 0
1500 70.062 -27.547 18.3032 0.259005 -0.46649 390.91 0 0
1500 60.6036 -31.746 17.4122 -0.0295968 -0.502905 390.875 0 0
1500 105.799 26.524 17.4037 0.700196 0.406721 391.039 0 0
1500 74.4828 -19.1236 17.1993 0.28945 -0.242731 391.05 0 0
1500 61.7648 -4.88951 17.2702 0.0965454 -0.127572 391 0 0
1500 60.0629 16.3835 17.5777 0.0688792 0.285598 391.088 0 0
1500 -24.2499 -41.5469 17.3514 -1.26705 -0.638343 391.285 0 0
1500 83.9262 10.3109 17.7114 0.473867 0.109663 391.348 0 0
1500 103.407 12.2581 17.2943 0.684895 0.210793 391.37 0 0
1500 126.239 25.6153 17.2186 0.9287 0.410612 391.519 0 0
1500 52.9787 8.02938 18.0729 -0.00907045 0.12781 391.685 0 0
1500 97.3596 28.4255 17.251 0.602114 0.412976 391.756 0 0
1500 66.4168 -75.3615 17.1927 0.142088 -1.03278 391.836 0 0
1500 64.0454 -24.4019 17.5164 0.159546 -0.386208 391.861 0 0
1500 85.4342 58.4951 17.3247 0.371757 0.839931 391.95 0 0
1500 89.0713 8.50621 17.521 0.496455 0.0581727 392.03 0 0
1500 88.7841 -6.57026 18.6104 0.619002 -0.113155 392.01 0 0
1500 81.989 15.7288 18.0143 0.447967 0.262937 392.093 0 0
1500 44.8042 42.8065 17.5446 -0.189339 0.672843 392.13 0 0
1500 0.978506 51.6482 17.1949 -0.723763 0.736206 392.254 0 0
1500 64.9721 -14.5504 17.6074 0.0858044 -0.22921 392.266 0 0
1500 59.0665 -10.188 17.6058 0.00600319 -0.170405 392.203 0 0
1500 28.6681 -13.641 17.2914 -0.443883 -0.136501 392.254 0 0
1500 42.3833 16.7993 17.535 -0.209751 0.286085 392.547 0 0
1500 80.4139 71.8626 17.2094 0.312773 0.995582 392.621 0 0
1500 82.8308 25.5528 17.6439 0.397509 0.407339 392.639 0 0
1500 62.7421 25.1647 17.6841 0.149449 0.398927 392.688 0 0
1500 114.664 27.6568 17.2836 0.825094 0.396957 392.796 0 0
1500 75.6622 -12.0351 18.2811 0.368656 -0.167865 392.946 0 0
1500 119.535 -5.17176 17.3268 0.868539 -0.127986 392.971 0 0
1500 108.542 35.7947 18.1911 1.01206 0.658562 393.025 0 0
1500 38.7697 57.4365 17.4375 -0.281199 0.92422 393.099 0 0
1500 67.3571 8.28847 17.4881 0.187331 0.0676692 393.406 0 0
1500 65.4386 -18.5167 17.8062 0.110011 -0.277286 393.506 0 0
1500 86.5323 -27.4628 17.8245 0.433755 -0.427316 393.559 0 0
1500 98.7198 23.8265 17.4118 0.625533 0.368937 393.537 0 0
1500 100.976 28.6014 17.3298 0.587312 0.372491 393.732 0 0
1500 61.7818 -35.5665 17.5649 0.0438176 -0.520769 393.672 0 0
1500 44.8312 4.91151 17.7949 -0.173341 0.0453132 393.74 0 0
1500 48.1117 1.83072 17.4191 -0.181665 0.064421 393.652 0 0
1500 51.7928 -30.6441 17.2802 -0.155369 -0.404132 393.584 0 0
1500 84.7583 31.9929 17.7047 0.454366 0.526649 393.603 0 0
1500 6.73019 30.9363 17.3328 -0.725875 0.514983 393.823 0 0
1500 55.5978 28.1079 17.5556 -0.00169972 0.455721 393.915 0 0
1500 93.313 42.818 17.425 0.54813 0.623762 394.028 0 0
1500 46.1585 50.3274 17.3939 -0.215695 0.708505 393.996 0 0
1500 34.3549 18.0943 17.4091 -0.372614 0.318142 394.039 0 0
1500 128.208 20.7926 17.3326 0.987415 0.299502 394.216 0 0
1500 87.5099 8.71719 17.8777 0.467155 0.113114 394.24 0 0
1500 69.3771 69.5572 17.2865 0.157853 0.934527 394.392 0 0
1500 17.9225 2.51852 17.4336 -0.599435 0.0733416 394.365 0 0
1500 160.012 110.172 17.6475 1.7655 1.86625 394.378 0 0
1500 60.4832 27.378 17.8913 0.0348477 0.417928 394.483 0 0
1500 121.156 40.8254 17.3574 0.887132 0.557455 394.883 0 0
1500 117.358 32.5011 17.4062 0.936457 0.447475 394.97 0 0
1500 131.171 -19.1411 17.3533 1.07432 -0.335804 394.976 0 0
1500 36.5914 69.2541 17.3779 -0.320972 0.969841 395.254 0 0
1500 78.1409 23.1785 17.8626 0.376682 0.372247 395.403 0 0
1500 64.515 -17.0155 17.5182 0.0988024 -0.264163 395.688 0 0
1500 262.7 -238.229 17.335 2.92562 -3.36555 395.713 0 0
1500 102.669 -13.7183 18.5769 0.959828 -0.243231 395.831 0 0
1500 77.8502 -56.8864 17.5633 0.319753 -0.836202 396.014 0 0
1500 115.299 51.3204 17.4088 0.879578 0.824685 396.011 0 0
1500 130.714 18.9761 17.3253 0.986569 0.318418 396.038 0 0
1500 98.5467 36.4993 17.5288 0.590201 0.549785 396.201 0 0
1500 56.8423 18.7804 17.9983 0.00128622 0.274484 396.185 0 0
1500 83.3821 32.1605 17.408 0.43248 0.459632 396.341 0 0
1500 101.738 11.3965 17.4127 0.66693 0.107605 396.424 0 0
1500 76.1059 15.2233 19.1806 0.424379 0.240121 396.583 0 0
1500 3.57088 39.8074 17.3924 -0.74351 0.614593 396.571 0 0
1500 109.012 -97.8201 17.3675 0.772452 -1.34908 396.474 0 0
1500 83.1887 -6.52146 17.4372 0.429774 -0.110522 396.591 0 0
1500 87.8618 -1.61695 17.4095 0.45994 0.0407904 396.733 0 0
1500 72.9495 7.1432 18.1133 0.333961 0.154617 396.822 0 0
1500 75.1399 21.4459 18.409 0.363032 0.34626 396.838 0 0
1500 26.5715 31.0666 17.493 -0.506407 0.514739 396.989 0 0
1500 60.9383 -24.2357 17.7755 0.0906894 -0.346153 397.043 0 0
1500 7.23559 -31.1721 17.4499 -0.764378 -0.519741 397.036 0 0
1500 86.3228 -30.9658 17.561 0.411427 -0.490663 397.135 0 0
1500 115.108 17.6025 17.4595 0.837307 0.302397 397.217 0 0
1500 115.274 1.94788 17.4272 0.848975 -0.025594 397.189 0 0
1500 85.3484 -50.3027 17.4295 0.430074 -0.754631 397.302 0 0
1500 73.1112 -4.18714 18.3925 0.35546 -0.117354 397.433 0 0
1500 85.6274 6.39273 17.4873 0.468656 0.119277 397.397 0 0
1500 80.5508 73.4385 17.5324 0.37643 1.14551 397.345 0 0
1500 88.1192 16.9918 18.3899 0.581459 0.256481 397.745 0 0
1500 98.261 13.7988 17.5573 0.641219 0.236438 397.747 0 0
1500 81.5973 47.6415 17.5971 0.442881 0.787563 397.723 0 0
1500 93.739 -14.9039 18.4898 0.701352 -0.20601 397.91 0 0
1500 18.7956 38.9168 17.5373 -0.603707 0.540289 397.916 0 0
1500 125.99 54.6421 17.7253 1.1581 0.846103 398.057 0 0
1500 100.764 -36.2803 18.1015 0.748692 -0.619343 398.118 0 0
1500 86.915 -21.7979 18.3687 0.55778 -0.338787 398.247 0 0
1500 96.4781 2.44874 17.8002 0.617452 -0.0269002 398.25 0 0
1500 81.8387 1.0082 17.7707 0.416782 0.0737887 398.311 0 0
1500 78.65 -37.9547 17.8041 0.367865 -0.587697 398.494 0 0
1500 112.762 -5.43375 17.5024 0.860284 -0.0145021 398.516 0 0
1500 40.9146 68.7499 17.4482 -0.253341 0.946606 398.548 0 0
1500 110.52 -44.2436 17.4584 0.76753 -0.658268 398.589 0 0
1500 87.5952 -8.16136 19.0663 0.690721 -0.199323 398.55 0 0
1500 82.6014 23.569 17.7753 0.425522 0.390074 398.647 0 0
1500 48.7928 -27.6416 17.6822 -0.116578 -0.388282 398.822 0 0
1500 164.492 -164.526 17.7734 1.87118 -2.75099 398.846 0 0
1500 88.7861 25.8471 17.5356 0.442171 0.344015 399.046 0 0
1500 76.7262 -5.36769 18.28 0.36617 -0.141045 398.973 0 0
1500 85.1863 56.4678 17.4278 0.43451 0.830932 399.034 0 0
1500 57.3509 -39.715 17.7403 -0.0517259 -0.673022 398.969 0 0
1500 130.246 -11.8627 17.4506 1.03356 -0.154432 399.146 0 0
1500 106.98 -22.9389 17.6687 0.817047 -0.341935 399.159 0 0
1500 94.1373 -32.4843 17.5712 0.553047 -0.524597 399.255 0 0
1500 80.4654 10.9188 17.948 0.349172 0.154637 399.457 0 0
1500 129.918 -19.7851 17.6881 1.11287 -0.308096 399.618 0 0
1500 83.684 -5.3396 18.0472 0.423565 -0.0874391 399.763 0 0
1500 60.8548 10.2365 17.5683 0.0967352 0.150146 399.728 0 0
1500 85.2681 -3.17775 17.9398 0.504208 -0.0780674 399.78 0 0
1500 59.6947 -20.4095 18.0515 0.0545364 -0.351049 399.795 0 0
1500 47.2662 -11.177 17.8036 -0.137568 -0.181732 399.92 0 0
1500 60.1048 15.7717 18.1006 0.0856805 0.279658 400.014 0 0
1500 106.921 19.8185 17.9481 0.802867 0.345158 400.063 0 0
1500 -9.13442 53.9528 17.5584 -1.02246 0.809122 400.516 0 0
1500 93.8166 -6.3258 18.0794 0.641452 -0.0886399 400.535 0 0
1500 74.4559 38.8299 17.7289 0.291306 0.613765 400.574 0 0
1500 133.057 -54.1401 17.5882 1.14114 -0.810709 400.576 0 0
1500 89.9809 3.43683 18.3463 0.613312 0.0541099 400.807 0 0
1500 120.155 38.3693 17.4963 0.870788 0.579314 400.899 0 0
1500 76.6365 1.61245 18.4336 0.369532 -0.0133844 400.963 0 0
1500 92.5659 -7.1018 17.9619 0.581847 -0.157984 400.998 0 0
1500 43.6022 -30.9074 17.9403 -0.202578 -0.477757 401.101 0 0
1500 76.9052 1.75255 18.4204 0.431995 0.0655754 401.217 0 0
1500 111.714 30.1769 17.6947 0.830572 0.452864 401.139 0 0
1500 103.213 8.09009 17.5351 0.674402 0.0484985 401.248 0 0
1500 -8.16899 11.3861 17.6018 -1.03301 0.235674 401.124 0 0
1500 97.2488 -58.8335 17.7387 0.68144 -0.916687 401.135 0 0
1500 56.8743 -41.6818 17.6848 0.00910449 -0.602804 401.277 0 0
1500 63.5479 65.7986 17.6251 0.120188 1.10381 401.37 0 0
1500 7.99142 -18.6374 17.6267 -0.765411 -0.259591 401.476 0 0
1500 102.503 57.3756 17.5745 0.669156 0.799594 401.666 0 0
1500 92.8406 10.6196 18.2807 0.588446 0.213571 401.574 0 0
1500 119.803 20.159 17.7025 0.937473 0.31202 401.553 0 0
1500 116.198 0.286425 17.6591 0.887814 -0.0416224 401.623 0 0
1500 59.4272 9.84947 17.8258 0.0504155 0.212124 401.552 0 0
1500 60.2412 -37.2084 17.784 0.0280592 -0.591993 402.318 0 0
1500 82.3356 57.0829 17.942 0.455471 0.997055 402.393 0 0
1500 100.471 -57.967 17.6367 0.614465 -0.84637 402.5 0 0
1500 69.5884 3.31066 18.0709 0.21959 0.116309 402.587 0 0
1500 -38.2219 -117.227 17.5256 -1.33443 -1.72735 402.541 0 0
1500 54.2313 13.6131 17.6931 -0.0841435 0.209623 402.735 0 0
1500 102.142 -20.5276 17.5959 0.642766 -0.284247 402.643 0 0
1500 39.6246 -0.937901 17.7875 -0.288363 -0.089924 402.708 0 0
1500 61.1149 -49.3642 17.7905 0.0401786 -0.759002 402.883 0 0
1500 115.871 -26.5629 17.5353 0.833719 -0.348036 403.022 0 0
1500 123.224 18.4919 17.5946 0.966126 0.239927 403.133 0 0
1500 82.5086 26.5854 18.0767 0.398696 0.441341 403.197 0 0
1500 107.478 23.3208 17.71 0.721718 0.3551 403.23 0 0
1500 84.2792 -54.9193 17.6644 0.342307 -0.849095 403.309 0 0
1500 43.761 29.9869 18.0001 -0.203285 0.465535 403.657 0 0
1500 46.9458 67.0432 17.5471 -0.193079 0.948152 403.594 0 0
1500 67.9798 5.63649 17.6266 0.215984 0.0502217 403.652 0 0
1500 71.1764 3.50639 17.6268 0.262899 0.0188499 403.691 0 0
1500 41.942 55.694 17.682 -0.205026 0.893159 403.583 0 0
1500 48.3551 30.3868 17.811 -0.0871332 0.505297 403.87 0 0
1500 84.4379 10.7639 19.1118 0.610639 0.14076 403.884 0 0
1500 34.3026 59.412 17.556 -0.402343 0.867912 403.968 0 0
1500 71.9974 14.7518 18.2966 0.310019 0.272155 404.004 0 0
1500 74.7977 44.4025 17.9245 0.272676 0.685562 404.112 0 0
1500 13.894 11.0029 17.67 -0.662002 0.239958 404.125 0 0
1500 87.6816 11.5257 18.5834 0.571345 0.254986 404.176 0 0
1500 62.2059 -9.98574 17.6427 0.122151 -0.195203 404.386 0 0
1500 75.0011 -22.4642 18.1428 0.269695 -0.371249 404.463 0 0
1500 38.7931 12.6302 18.0147 -0.292437 0.187805 404.738 0 0
1500 36.7102 65.9393 17.7079 -0.280566 1.04522 404.765 0 0
1500 94.4154 2.56826 18.6451 0.696529 0.0370774 404.921 0 0
1500 65.2104 17.597 17.889 0.111481 0.283619 405.05 0 0
1500 3.84166 -5.10071 17.5962 -0.841837 -0.0748855 405.128 0 0
1500 104.033 -27.069 17.6377 0.729981 -0.421588 405.217 0 0
1500 83.7514 24.6779 17.8508 0.471943 0.373672 405.247 0 0
1500 80.4044 -59.9448 17.5891 0.385316 -0.870554 405.317 0 0
1500 -14.8763 5.42396 17.6353 -1.03851 0.10311 405.565 0 0
1500 81.7001 12.1545 17.8928 0.393668 0.162766 405.595 0 0
1500 33.2689 -63.1065 17.6886 -0.352192 -0.949352 405.721 0 0
1500 40.2632 36.4277 17.89 -0.24953 0.57783 405.688 0 0
1500 120.435 -88.3536 17.6614 0.991639 -1.31385 405.666 0 0
1500 94.1429 10.273 17.9366 0.630495 0.215145 405.618 0 0
1500 39.8079 10.8802 17.6548 -0.334003 0.186376 405.767 0 0
1500 98.4816 -17.0471 18.1988 0.665225 -0.329576 405.76 0 0
1500 165.657 75.8157 17.7427 1.78189 1.21631 405.767 0 0
1500 83.4645 20.7486 17.6572 0.43221 0.356277 405.772 0 0
1500 110.782 -1.96338 17.6956 0.844917 -0.0812894 405.792 0 0
1500 52.8337 -12.0249 18.1733 -0.0560342 -0.179471 405.989 0 0
1500 95.88 5.21261 18.132 0.667261 0.0487928 405.956 0 0
1500 52.23 53.1506 17.636 -0.105151 0.838303 405.949 0 0
1500 119.596 58.1442 17.7609 1.02609 0.890131 405.824 0 0
1500 119.652 20.5543 17.6489 0.941695 0.260171 406.181 0 0
1500 62.4862 23.9428 18.1702 0.133433 0.412263 406.062 0 0
1500 59.7252 41.2451 17.624 0.00409894 0.675602 406.084 0 0
1500 78.8208 -19.5124 18.5789 0.380528 -0.32966 406.22 0 0
1500 74.4863 -13.1459 18.0096 0.367063 -0.232311 406.203 0 0
1500 70.272 -5.80413 18.1133 0.233048 -0.129319 406.262 0 0
1500 59.0319 -41.9271 17.9565 0.0463686 -0.672131 406.242 0 0
1500 98.2013 118.125 17.9097 0.616566 2.05254 406.248 0 0
1500 25.7199 -1.55763 17.7157 -0.505612 -0.0870852 406.3 0 0
1500 27.0874 -3.13842 17.8426 -0.510807 -0.0454623 406.316 0 0
1500 78.889 -14.7835 17.754 0.306442 -0.249052 406.358 0 0
1500 75.7687 8.79784 17.8997 0.307518 0.200803 406.398 0 0
1500 95.4662 29.2318 17.7039 0.590321 0.488941 406.466 0 0
1500 4.92528 9.71903 17.6186 -0.782245 0.215069 406.479 0 0
1500 98.0279 14.1958 17.6965 0.686609 0.257305 406.475 0 0
1500 69.2667 -7.24254 17.7619 0.182188 -0.15165 406.578 0 0
1500 93.7591 33.7848 17.6448 0.590125 0.52261 406.602 0 0
1500 118.192 -36.1988 17.7739 0.983812 -0.594994 406.744 0 0
1500 89.3899 -33.7524 17.7173 0.432011 -0.558508 406.834 0 0
1500 114.092 4.63403 17.7841 0.885644 0.0328979 406.883 0 0
1500 98.9436 9.44966 18.2907 0.724182 0.149999 406.947 0 0
1500 79.9466 37.7001 18.3363 0.383817 0.660997 406.96 0 0
1500 103.448 -2.83006 18.3496 0.79759 0.00941003 407.035 0 0
1500 113.11 -44.2458 17.653 0.765594 -0.665574 407.082 0 0
1500 73.0951 -8.8474 18.9261 0.388626 -0.192292 407.25 0 0
1500 15.6037 -31.943 17.6653 -0.674865 -0.433567 407.276 0 0
1500 86.1276 -30.9809 17.9659 0.478483 -0.522864 407.231 0 0
1500 90.2845 -40.3082 18.2475 0.53613 -0.688811 407.248 0 0
1500 99.377 98.5451 17.6421 0.638471 1.40725 407.358 0 0
1500 96.594 -29.2217 18.862 0.845796 -0.647255 407.483 0 0
1500 72.6175 1.03124 18.0506 0.300635 0.0429236 407.757 0 0
1500 79.7961 52.9916 17.8082 0.367391 0.823857 407.667 0 0
1500 105.866 -13.5669 17.8025 0.765105 -0.144848 407.755 0 0
1500 57.124 45.6308 17.7777 -0.0782438 0.760722 407.705 0 0
1500 33.2912 -23.7932 18.0695 -0.420178 -0.441896 407.629 0 0
1500 105.903 6.08501 18.0025 0.865832 0.112192 407.866 0 0
1500 96.7818 -21.3949 17.8284 0.618933 -0.377879 408.007 0 0
1500 81.3401 -14.5558 17.7642 0.41621 -0.170918 408.182 0 0
1500 83.0162 -14.6734 18.459 0.515131 -0.307286 408.131 0 0
1500 68.0418 67.2238 17.6584 0.208911 0.988546 408.215 0 0
1500 114.303 -5.09891 17.8054 0.881214 -0.0214495 408.276 0 0
1500 89.0338 45.9884 17.9793 0.545222 0.757374 408.389 0 0
1500 124.158 -26.4848 17.8788 1.11199 -0.376059 408.29 0 0
1500 85.7044 29.6481 18.2443 0.521082 0.474448 408.56 0 0
1500 -2.05878 4.11547 17.6825 -0.91032 0.0833373 408.695 0 0
1500 60.5627 68.1713 17.7465 0.0757068 1.02777 408.63 0 0
1500 98.7713 -0.533089 18.8434 0.861604 0.0144325 408.767 0 0
1500 123.293 -19.2446 17.6995 0.954894 -0.29295 409.02 0 0
1500 70.7029 25.9235 18.3423 0.219066 0.422265 409.009 0 0
1500 62.9526 14.7524 18.349 0.114484 0.268438 409.01 0 0
1500 47.9015 -25.0114 17.7448 -0.127219 -0.445879 409.025 0 0
1500 -7.29233 130.029 17.6653 -0.921336 1.89315 409.323 0 0
1500 94.719 -23.6256 18.1968 0.644034 -0.386055 409.326 0 0
1500 21.2104 -15.8786 17.6868 -0.545343 -0.181714 409.414 0 0
1500 80.7571 26.6684 17.9248 0.371593 0.382771 409.78 0 0
1500 86.4934 11.8486 17.9931 0.467102 0.171981 409.62 0 0
1500 122.267 8.84751 17.8018 0.999803 0.105103 409.724 0 0
1500 92.8294 -1.75068 18.7042 0.660888 0.0287937 409.82 0 0
1500 125.571 -24.7786 17.7556 1.09074 -0.359126 409.815 0 0
1500 140.749 24.0151 17.866 1.35791 0.332821 410.027 0 0
1500 76.6462 -12.6046 18.2872 0.361124 -0.149907 410.425 0 0
1500 100.933 54.1954 17.6892 0.659444 0.779137 410.296 0 0
1500 121.04 -3.04798 17.7724 0.97508 0.00015989 410.343 0 0
1500 132.132 -1.13353 18.0403 1.28339 0.024858 410.452 0 0
1500 82.5663 5.67695 18.5987 0.520611 0.0364715 410.505 0 0
1500 104.958 -33.9605 17.7478 0.707786 -0.566118 410.604 0 0
1500 68.6319 48.4998 17.7142 0.183115 0.785395 410.668 0 0
1500 72.6123 21.4462 17.8628 0.235894 0.393866 410.642 0 0
1500 56.9527 -4.66465 18.5818 0.0231084 -0.0546465 410.566 0 0
1500 103.436 -14.1029 18.2459 0.909099 -0.230327 410.526 0 0
1500 42.2735 -61.1931 17.7143 -0.185445 -0.89513 410.947 0 0
1500 83.2717 -21.9536 17.7981 0.388649 -0.332773 411.352 0 0
1500 40.6671 54.7329 17.7208 -0.253994 0.802611 410.992 0 0
1500 86.0596 5.19671 18.261 0.462226 0.14572 410.948 0 0
1500 79.2333 -31.4671 17.7391 0.363562 -0.528672 411.099 0 0
1500 97.7144 -7.61912 17.739 0.638553 -0.172935 411.158 0 0
1500 42.1607 -22.6937 17.8079 -0.214928 -0.413177 411.002 0 0
1500 77.3035 1.85399 17.7758 0.320715 -0.0432567 411.191 0 0
1500 86.883 31.9804 19.1132 0.697786 0.700622 411.216 0 0
1500 111.156 -21.2161 18.0297 0.868738 -0.331161 411.567 0 0
1500 100.345 3.81306 17.9921 0.674079 0.126363 411.379 0 0
1500 73.9009 -51.8388 17.6926 0.293185 -0.804283 411.561 0 0
1500 88.3625 -11.5506 17.7486 0.494825 -0.237485 411.4 0 0
1500 144.132 14.8333 18.1868 1.5345 0.251981 411.416 0 0
1500 29.538 6.74519 18.0444 -0.515331 0.192562 411.584 0 0
1500 85.683 9.16992 17.9136 0.41835 0.208687 411.733 0 0
1500 74.9982 45.4726 17.9927 0.301758 0.730839 411.796 0 0
1500 61.9499 -0.353077 18.0542 0.142204 -0.0356072 411.877 0 0
1500 84.0731 6.12888 18.0491 0.452787 0.0234477 411.878 0 0
1500 45.3222 -39.6322 18.2419 -0.213929 -0.649423 412.117 0 0
1500 72.4323 12.9078 18.4664 0.284268 0.221652 412.034 0 0
1500 62.7028 68.2954 17.693 0.0174574 1.03454 412.005 0 0
1500 51.4836 68.0075 17.694 -0.143376 1.02882 412.112 0 0
1500 10.0469 47.2513 17.694 -0.737356 0.731382 412.107 0 0
1500 47.0615 -62.1785 17.7135 -0.186039 -0.970036 411.995 0 0
1500 99.6779 -34.3122 17.74 0.659408 -0.563411 412.013 0 0
1500 63.4212 38.2783 17.7956 0.150311 0.613071 412.151 0 0
1500 138.779 8.20769 18.0009 1.44552 0.159201 412.125 0 0
1500 68.6633 -21.879 18.1168 0.24708 -0.383688 412.237 0 0
1500 49.0823 17.4294 18.1603 -0.216678 0.325067 412.204 0 0
1500 7.57641 46.0713 17.6979 -0.768796 0.710795 412.467 0 0
1500 -6.64625 -30.8367 17.6972 -0.972368 -0.386259 412.413 0 0
1500 64.4963 46.2 17.9127 0.101934 0.750577 412.539 0 0
1500 61.8406 -6.71515 18.003 0.115972 -0.139517 412.575 0 0
1500 76.1039 -44.316 17.8135 0.318123 -0.72823 412.688 0 0
1500 80.3782 -18.3773 18.3681 0.412812 -0.263844 412.829 0 0
1500 102.246 49.2622 17.798 0.71643 0.72113 412.738 0 0
1500 62.6517 6.99947 17.798 0.00433407 0.0804059 412.92 0 0
1500 16.0651 -1.11203 17.7397 -0.650417 0.0595941 412.856 0 0
1500 105.583 48.7947 17.7847 0.723312 0.754648 413.137 0 0
1500 68.5854 13.226 18.0501 0.172979 0.266887 413.086 0 0
1500 69.1528 -38.7824 18.1006 0.183876 -0.651243 412.969 0 0
1500 40.319 -5.24954 18.2764 -0.325511 -0.0731788 413.089 0 0
1500 82.4988 16.9895 18.4159 0.447667 0.241881 413.413 0 0
1500 79.1659 -9.29842 18.5187 0.38274 -0.173403 413.288 0 0
1500 68.7953 36.9246 17.8298 0.185955 0.546364 413.163 0 0
1500 90.2831 17.1033 18.4954 0.606922 0.287318 413.294 0 0
1500 112.229 -37.8162 17.7475 0.827035 -0.602566 413.411 0 0
1500 102.682 -20.9578 18.1082 0.731048 -0.366815 413.416 0 0
1500 252.621 -24.5282 17.7389 2.97012 -0.413471 413.406 0 0
1500 72.7187 -12.2356 17.7508 0.221917 -0.261864 413.163 0 0
1500 51.1815 -34.063 17.978 -0.142568 -0.57414 413.481 0 0
1500 99.1016 46.935 18.1358 0.734109 0.795713 413.243 0 0
1500 60.8292 -12.723 18.2622 0.112402 -0.224452 413.828 0 0
1500 -7.47327 5.23342 17.7297 -1.01819 0.0895606 413.746 0 0
1500 88.5678 -24.9673 18.0723 0.523031 -0.433081 413.857 0 0
1500 107.182 7.40157 18.1802 0.972308 0.12136 413.884 0 0
1500 72.1257 7.08793 18.4306 0.3184 0.106479 414.06 0 0
1500 24.4382 -33.0471 17.7296 -0.516187 -0.482791 413.978 0 0
1500 95.3284 44.4851 17.804 0.537266 0.671562 414.063 0 0
1500 125.712 19.55 17.7128 1.0176 0.239569 414.225 0 0
1500 72.1899 68.6655 17.7854 0.165827 1.04573 414.205 0 0
1500 -1.32208 15.6861 17.7401 -0.892728 0.301272 414.223 0 0
1500 109.665 -7.67637 17.7655 0.822254 -0.166304 414.2 0 0
1500 97.9558 56.269 17.8053 0.566735 0.874565 414.327 0 0
1500 78.8658 -57.6424 17.8511 0.354883 -0.900058 414.39 0 0
1500 -0.919899 24.6758 17.7268 -0.865594 0.394575 414.441 0 0
1500 54.1225 -20.3625 18.1132 -0.0396975 -0.32387 414.577 0 0
1500 27.4208 -59.423 17.7421 -0.454187 -0.896602 414.564 0 0
1500 105.854 15.8462 18.2405 0.820897 0.24807 414.687 0 0
1500 61.7749 -7.48162 18.1482 0.0641676 -0.172038 414.533 0 0
1500 38.8277 -37.9205 17.8507 -0.239197 -0.632721 414.52 0 0
1500 71.948 21.2092 17.8452 0.29551 0.332049 414.554 0 0
1500 89.4133 22.8855 18.4052 0.54652 0.398726 414.97 0 0
1500 48.7259 -34.2864 18.2007 -0.112739 -0.568458 415.016 0 0
1500 92.1607 -18.5378 18.2862 0.553057 -0.337892 415.511 0 0
1500 104.44 63.6941 17.888 0.726204 1.00308 415.278 0 0
1500 87.1616 11.337 17.7724 0.49184 0.114572 415.164 0 0
1500 137.028 4.00817 17.9629 1.31266 0.0879415 415.419 0 0
1500 33.3824 9.14142 18.1682 -0.441352 0.137633 415.258 0 0
1500 14.3406 -12.1951 18.2455 -0.821173 -0.200727 415.357 0 0
1500 52.3227 -66.8667 17.796 -0.146123 -0.997616 415.788 0 0
1500 106.098 65.5955 17.7797 0.740646 0.961835 415.56 0 0
1500 60.8077 10.9955 18.0575 0.0253303 0.213522 415.66 0 0
1500 110.94 11.1614 17.7834 0.852591 0.126649 415.642 0 0
1500 129.222 10.4607 17.9509 1.17285 0.10729 415.744 0 0
1500 87.7482 -14.1515 18.2939 0.498094 -0.229422 415.855 0 0
1500 82.0082 38.732 18.2423 0.426121 0.63444 415.887 0 0
1500 96.3881 31.506 17.807 0.583236 0.561701 415.865 0 0
1500 29.8301 41.3896 17.949 -0.495451 0.629602 415.914 0 0
1500 34.0846 21.2018 17.8016 -0.315217 0.352432 416.438 0 0
1500 48.6907 28.4879 17.7699 -0.172577 0.435078 416.491 0 0
1500 120.283 -14.0634 17.7823 0.907208 -0.250299 416.156 0 0
1500 4.28047 3.16153 17.798 -0.869357 0.0502731 416.244 0 0
1500 51.7695 -14.723 18.1937 -0.0866402 -0.275422 416.391 0 0
1500 48.2947 32.1055 18.0667 -0.158963 0.531063 416.513 0 0
1500 27.9049 -3.96965 17.8258 -0.511779 -0.102905 416.217 0 0
1500 86.8486 16.0002 17.7624 0.494021 0.195332 416.104 0 0
1500 79.7457 29.5909 18.5528 0.471001 0.537117 416.385 0 0
1500 96.2444 71.6137 18.1411 0.708127 1.35216 416.336 0 0
1500 81.6106 -88.0834 18.1636 0.414506 -1.6681 416.317 0 0
1500 105.748 -15.0507 17.7571 0.707491 -0.242467 416.885 0 0
1500 56.4141 -7.77787 18.0442 -0.0491477 -0.163871 416.947 0 0
1500 34.0539 -17.8929 17.7707 -0.434261 -0.234764 416.922 0 0
1500 136.374 20.4788 17.9417 1.31053 0.282488 416.903 0 0
1500 77.223 28.3104 17.8308 0.32836 0.40014 417.05 0 0
1500 90.8651 -8.56788 17.9606 0.547609 -0.196282 417.132 0 0
1500 52.4622 25.3179 17.9669 -0.0665778 0.456088 417.083 0 0
1500 1.74692 -19.2378 17.81 -0.922401 -0.237798 417.229 0 0
1500 77.949 5.96179 18.3013 0.366767 0.0317965 417.302 0 0
1500 67.9111 -28.3495 17.9554 0.122005 -0.438648 417.281 0 0
1500 75.5301 51.3611 17.8511 0.235607 0.76977 417.476 0 0
1500 -10.336 -6.51171 17.8128 -1.04352 -0.0967026 417.335 0 0
1500 25.0311 23.493 17.8444 -0.520193 0.404949 417.361 0 0
1500 95.0853 -21.7998 17.9072 0.570171 -0.40122 417.493 0 0
1500 62.3066 18.4452 18.076 0.03839 0.316115 417.418 0 0
1500 22.307 -25.3882 17.7675 -0.608319 -0.346167 417.457 0 0
1500 90.2844 13.8067 18.0513 0.57759 0.272228 417.505 0 0
1500 96.1571 0.181899 17.8168 0.559248 -0.0515503 417.893 0 0
1500 79.5508 -38.7053 17.8095 0.335915 -0.580628 417.563 0 0
1500 35.9184 65.1841 17.7621 -0.38234 0.93796 417.582 0 0
1500 88.6809 -102.372 17.7584 0.440441 -1.53821 417.867 0 0
1500 110.494 41.0278 17.8448 0.840525 0.604518 417.529 0 0
1500 73.6793 30.0851 18.0454 0.299427 0.508579 417.718 0 0
1500 92.1804 13.1688 18.0302 0.612924 0.174798 417.576 0 0
1500 55.6445 -60.3878 17.7706 -0.110766 -0.903404 417.885 0 0
1500 58.095 29.1192 18.0742 -0.0247685 0.474715 417.656 0 0
1500 104.896 16.5492 17.7953 0.773687 0.221213 417.677 0 0
1500 58.7228 -9.07437 18.0295 -0.0338777 -0.13406 417.699 0 0
1500 29.4007 15.7165 18.2881 -0.470497 0.334909 417.909 0 0
1500 68.691 -62.5783 17.7591 0.211668 -0.966545 418.205 0 0
1500 59.0727 12.7255 18.0612 0.0659372 0.266012 418.229 0 0
1500 11.0875 2.5366 17.8527 -0.757808 -0.0291465 418.269 0 0
1500 92.2209 -22.8035 18.2258 0.557411 -0.378464 418.412 0 0
1500 70.7818 -17.8306 18.6701 0.279197 -0.326687 418.512 0 0
1500 15.4378 32.2733 17.7903 -0.606035 0.511005 418.757 0 0
1500 90.7372 -5.07997 17.7847 0.558937 -0.0360577 418.603 0 0
1500 63.7479 -60.501 17.842 0.0425331 -0.910118 418.911 0 0
1500 44.9923 -13.2154 18.0581 -0.200484 -0.209272 418.773 0 0
1500 -8.24338 -10.898 17.8252 -1.01532 -0.199219 419.023 0 0
1500 21.5984 50.3194 17.7649 -0.60439 0.779384 419.06 0 0
1500 76.4975 -0.453989 18.226 0.324576 0.0674977 419.108 0 0
1500 135.168 15.3019 17.9495 1.30842 0.208066 418.979 0 0
1500 75.0256 -2.56878 18.3019 0.360175 -0.113797 418.934 0 0
1500 119.168 -2.64781 18.2858 1.098 0.0111209 418.942 0 0
1500 92.9881 -0.141716 18.1607 0.629831 -0.0842184 419.115 0 0
1500 102.042 8.12411 18.0115 0.682159 0.138067 419.22 0 0
1500 101.326 4.86349 18.0128 0.671911 0.0939092 419.283 0 0
1500 23.156 42.1658 17.7862 -0.550454 0.599361 419.155 0 0
1500 66.8755 47.4722 18.0534 0.180372 0.776107 419.453 0 0
1500 82.9109 35.1565 18.0638 0.402524 0.597875 419.428 0 0
1500 79.0853 48.5183 17.8456 0.391743 0.752002 419.168 0 0
1500 79.3537 65.1999 18.1764 0.41414 1.14481 419.372 0 0
1500 37.8879 15.4719 18.3472 -0.356651 0.287588 419.474 0 0
1500 69.8745 -3.7559 18.0869 0.291641 -0.048161 419.608 0 0
1500 8.74328 -24.7461 17.8458 -0.743904 -0.345171 419.842 0 0
1500 72.5028 -0.781384 18.1673 0.272055 0.0465179 419.827 0 0
1500 61.2372 13.2853 17.8802 0.106079 0.216461 419.513 0 0
1500 114.516 20.5628 17.7934 0.858312 0.281957 419.77 0 0
1500 8.93083 -50.5061 17.8648 -0.784761 -0.775856 419.68 0 0
1500 76.5738 -11.4663 19.1506 0.387716 -0.220966 419.634 0 0
1500 105.885 -30.0146 17.7796 0.773569 -0.406823 419.928 0 0
1500 43.0726 18.7912 18.1117 -0.256534 0.258017 419.947 0 0
1500 3.71336 7.88268 18.0496 -0.896861 0.0880955 419.989 0 0
1500 69.4733 -50.1763 18.0252 0.195896 -0.89747 419.907 0 0
1500 88.2534 -37.2343 18.0177 0.495468 -0.715782 419.966 0 0
1500 119.397 -3.46086 18.4845 1.17533 -0.0305411 420.056 0 0
1500 78.5678 -4.92668 17.7964 0.326873 -0.111376 420.157 0 0
1500 1.84139 -6.31569 17.8394 -0.844011 -0.0947401 420.386 0 0
1500 88.0901 55.6152 17.7863 0.448208 0.848217 420.391 0 0
1500 54.5812 48.8049 17.8625 -0.0817287 0.746165 420.221 0 0
1500 64.5821 -10.4033 18.8581 0.166272 -0.173967 420.362 0 0
1500 58.2018 -53.6511 18.0132 -0.0133346 -0.85113 420.284 0 0
1500 115.006 -11.956 17.7795 0.904906 -0.137094 420.266 0 0
1500 98.9682 6.8399 17.9155 0.708246 0.0980159 420.357 0 0
1500 52.1808 -33.0991 17.8443 -0.140355 -0.557596 420.394 0 0
1500 82.4693 18.016 18.4274 0.547716 0.372228 420.478 0 0
1500 98.9026 29.5912 17.8068 0.633114 0.403484 420.578 0 0
1500 85.0007 18.5493 18.0518 0.490613 0.334743 420.664 0 0
1500 70.9102 32.134 18.0515 0.27796 0.539361 420.697 0 0
1500 81.2968 24.7599 18.0514 0.434479 0.428144 420.705 0 0
1500 74.2338 -4.40548 17.9446 0.277504 0.00809864 420.739 0 0
1500 68.5311 13.5783 18.1263 0.154074 0.243523 420.984 0 0
1500 77.1937 -11.8257 18.0824 0.353169 -0.172125 421.037 0 0
1500 90.4748 20.7905 18.2375 0.548375 0.38231 421.049 0 0
1500 69.3506 -2.11272 17.8864 0.105849 -0.0265376 421.093 0 0
1500 125.807 15.8236 17.8791 1.11068 0.320343 421.103 0 0
1500 38.2179 7.39171 17.8726 -0.33056 0.0968075 421.222 0 0
1500 46.0757 -39.9293 18.1 -0.206173 -0.635769 421.237 0 0
1500 65.2505 15.9601 18.2361 0.0951855 0.271957 421.213 0 0
1500 52.7791 -21.5496 17.9688 -0.136932 -0.327917 421.171 0 0
1500 114.647 35.0184 17.8608 0.869288 0.572067 421.316 0 0
1500 98.3737 -93.5783 17.9729 0.70733 -1.51957 421.491 0 0
1500 112.768 8.83355 17.9905 0.902327 0.0959802 421.592 0 0
1500 25.9562 -10.8313 17.9097 -0.532878 -0.216834 421.541 0 0
1500 118.112 24.5386 17.8499 0.951384 0.457564 421.732 0 0
1500 37.1998 16.961 18.1477 -0.358521 0.311453 421.591 0 0
1500 98.8853 -22.4232 18.2452 0.821795 -0.408424 421.65 0 0
1500 83.2112 54.6666 18.0405 0.403161 0.879101 423.119 0 0
1500 114.304 -34.1172 17.9475 0.907771 -0.50763 422.334 0 0
1500 54.9484 6.81414 18.2033 -0.00146783 0.156435 421.864 0 0
1500 42.5259 -1.43141 17.917 -0.251587 0.0223989 423.189 0 0
1500 74.2621 1.27916 18.0914 0.275928 -0.0443332 422.927 0 0
1500 27.5527 -3.41445 18.0181 -0.457429 -0.0525329 423.265 0 0
1500 101.863 -26.0724 17.8336 0.674101 -0.386334 423.038 0 0
1500 88.5557 48.9287 17.8374 0.510658 0.717697 422.481 0 0
1500 101.186 -41.0936 17.9894 0.725508 -0.640555 422.051 0 0
1500 114.954 -16.5188 17.9081 0.929711 -0.260394 421.837 0 0
1500 83.9561 -12.8617 18.3771 0.48813 -0.25982 422.305 0 0
1500 113.435 -34.9656 17.8627 0.895649 -0.507323 423.136 0 0
1500 121.805 -16.4003 17.8731 1.02664 -0.258822 422.651 0 0
1500 89.8069 1.24886 18.2501 0.5927 -0.0260009 422.139 0 0
1500 75.7117 23.8483 18.3334 0.397283 0.391368 422.398 0 0
1500 53.3623 -51.821 18.075 -0.0646851 -0.839521 422.45 0 0
1500 109.28 20.5558 17.9316 0.79504 0.381339 422.373 0 0
1500 82.9719 0.0851986 18.4929 0.464883 -0.0724823 423.211 0 0
1500 98.1543 -11.756 18.3055 0.689013 -0.241676 423.206 0 0
1500 1.68498 19.6087 17.9555 -0.892065 0.292878 423.092 0 0
1500 75.2565 -19.3705 17.9244 0.346452 -0.273849 422.555 0 0
1500 11.8713 -4.20669 17.9054 -0.741629 -0.114896 422.072 0 0
1500 4.80497 12.3468 17.8726 -0.861348 0.190214 423.004 0 0
1500 104.022 -15.4317 17.8896 0.767803 -0.191382 422.781 0 0
1500 82.4507 -21.2602 17.8456 0.454037 -0.323452 421.873 0 0
1500 100.67 -18.6729 18.0009 0.733345 -0.247939 423.202 0 0
1500 80.7245 38.9377 17.9887 0.43539 0.613605 423.191 0 0
1500 116.088 -29.1941 17.8663 0.952253 -0.397298 422.293 0 0
1500 77.7973 -22.1012 18.0087 0.258819 -0.373365 422.84 0 0
1500 66.1308 30.5474 17.8978 0.173339 0.533361 422.652 0 0
1500 64.3875 34.2833 17.8967 0.146383 0.589546 422.766 0 0
1500 59.1033 3.62295 17.9761 -0.0121487 -0.00476414 422.943 0 0
1500 128.393 -2.81037 17.9693 1.17244 0.000217638 422.67 0 0
1500 22.2368 20.98 17.853 -0.593959 0.259875 422.738 0 0
1500 12.9381 22.0987 17.9319 -0.760926 0.317705 422.633 0 0
1500 61.1185 -15.8164 18.0085 0.126916 -0.296446 423.311 0 0
1500 24.0422 44.0689 18.0591 -0.523663 0.778092 422.193 0 0
1500 19.9494 -111.071 17.8783 -0.656741 -1.84285 423.151 0 0
1500 74.6079 -22.6649 18.3367 0.292553 -0.442935 422.615 0 0
1500 93.9054 32.5682 18.0492 0.570745 0.612811 422.089 0 0
1500 38.2047 -40.3135 18.2697 -0.308471 -0.746524 423.144 0 0
1500 156.144 7.87868 18.0325 1.77468 0.129399 422.413 0 0
1500 44.4112 0.169769 17.8741 -0.181015 -0.0646915 423.531 0 0
1500 67.5732 -92.8941 17.8532 0.176453 -1.46467 423.497 0 0
1500 83.3259 42.3849 17.8903 0.430854 0.705111 423.536 0 0
1500 89.3112 0.456817 17.9845 0.570153 -0.0221256 423.348 0 0
1500 43.2221 -24.5065 17.9702 -0.2553 -0.435564 423.412 0 0
1500 41.6893 8.48561 17.9665 -0.310162 0.117831 423.512 0 0
1500 103.602 -49.2122 17.9747 0.789903 -0.842165 423.359 0 0
1500 36.3071 -22.7973 18.151 -0.338428 -0.436653 423.518 0 0
1500 78.5908 45.9338 18.2397 0.387558 0.892569 423.422 0 0
1500 118.741 -46.4774 17.8389 0.956461 -0.683056 423.661 0 0
1500 59.6643 8.67359 18.5013 0.11655 0.163348 423.79 0 0
1500 96.1349 -14.9595 17.9125 0.601653 -0.201226 424.22 0 0
1500 7.35318 37.259 17.8713 -0.810979 0.553946 424.02 0 0
1500 95.5581 5.15871 18.2231 0.667257 0.0238421 424.067 0 0
1500 114.945 -3.10531 17.8879 0.902935 0.0176098 423.954 0 0
1500 102.214 9.00334 17.9767 0.738144 0.193797 424.146 0 0
1500 74.7795 16.6918 17.9341 0.348545 0.251368 424.048 0 0
1500 24.1508 -14.4816 17.826 -0.57378 -0.28175 424.134 0 0
1500 107.384 6.73783 17.916 0.819619 0.16957 424.099 0 0
1500 122.277 33.0068 18.0341 1.12059 0.560057 424.218 0 0
1500 103.379 55.3003 18.0083 0.797445 0.959958 424.082 0 0
1500 53.3618 39.8293 18.0652 -0.13265 0.686388 424.086 0 0
1500 123.233 -49.5097 17.8403 1.03226 -0.774922 424.304 0 0
1500 45.7739 -30.6136 17.8202 -0.143074 -0.484691 425.042 0 0
1500 104.71 -1.91372 17.8114 0.708999 0.0110889 424.384 0 0
1500 120.252 -4.53098 17.8949 0.956327 -0.0913401 424.765 0 0
1500 72.8674 -60.798 17.9484 0.233508 -0.971582 424.702 0 0
1500 68.0434 58.8766 17.8862 0.197371 0.942127 424.392 0 0
1500 114.68 -39.5136 17.8351 0.85641 -0.671955 425.048 0 0
1500 69.5857 -3.44188 18.0334 0.19198 -0.129192 424.415 0 0
1500 41.98 6.89098 18.0986 -0.267351 0.172288 424.453 0 0
1500 43.2875 -40.8588 17.9352 -0.180262 -0.716684 424.738 0 0
1500 54.0279 84.231 17.8777 -0.0124848 1.41992 424.415 0 0
1500 14.7134 16.5528 18.0026 -0.742683 0.351307 424.784 0 0
1500 48.1955 26.6212 18.4949 -0.156035 0.534511 424.905 0 0
1500 74.0891 -3.66009 18.9703 0.404533 -0.0541083 425.495 0 0
1500 65.3725 -0.337068 18.3021 0.173975 0.0582057 425.492 0 0
1500 61.3469 9.0322 18.2311 0.127064 0.17792 425.264 0 0
1500 50.0206 19.6773 18.1292 -0.130854 0.299671 425.183 0 0
1500 71.6241 -6.35729 17.9434 0.239052 -0.139639 425.402 0 0
1500 32.9479 -61.9222 17.794 -0.364512 -0.968373 425.274 0 0
1500 58.3656 -65.4979 17.9483 0.0192056 -1.03294 425.229 0 0
1500 43.9506 14.9603 18.1526 -0.235679 0.273027 425.381 0 0
1500 101.803 63.9857 18.0774 0.782414 1.09062 425.482 0 0
1500 47.4692 -26.5853 18.2622 -0.203029 -0.431481 425.412 0 0
1500 42.3592 -16.06 18.2142 -0.315853 -0.220121 425.242 0 0
1500 29.2773 43.8166 18.0136 -0.481306 0.68288 425.801 0 0
1500 120.631 -12.6491 17.7955 0.964304 -0.177262 425.515 0 0
1500 69.6777 34.9872 18.1468 0.15693 0.575582 425.822 0 0
1500 38.9033 27.143 18.0514 -0.283478 0.48985 425.666 0 0
1500 104.057 22.8146 17.8169 0.754036 0.291621 425.738 0 0
1500 91.4927 -20.6111 18.0343 0.536136 -0.396444 425.876 0 0
1500 78.904 1.44357 18.12 0.436294 -0.0155113 425.706 0 0
1500 236.843 94.4826 17.9884 3.08109 1.55909 425.639 0 0
1500 98.9345 -29.2821 17.8707 0.690647 -0.494023 425.99 0 0
1500 109.671 9.74748 18.0016 0.870747 0.118136 426.101 0 0
1500 96.3514 4.16698 18.1145 0.684802 0.0245184 426.184 0 0
1500 49.082 -46.9727 17.8624 -0.174922 -0.699404 426.192 0 0
1500 21.7812 8.58557 17.8689 -0.633863 0.125419 426.202 0 0
1500 89.203 -5.80142 18.2423 0.51717 -0.125226 426.308 0 0
1500 -6.76643 10.3643 17.8118 -1.0162 0.0981005 426.328 0 0
1500 87.7743 29.2769 18.0517 0.50276 0.518781 426.299 0 0
1500 70.1406 41.5134 17.9544 0.13668 0.67803 426.33 0 0
1500 77.8216 14.0672 17.9943 0.355551 0.180651 426.684 0 0
1500 121.268 12.0075 17.8936 0.971443 0.210962 426.664 0 0
1500 105.317 -46.2017 17.8538 0.730073 -0.729285 426.446 0 0
1500 107.26 30.2524 18.0185 0.807626 0.509362 426.64 0 0
1500 15.2958 4.82801 17.9855 -0.707924 0.132701 426.727 0 0
1500 5.67346 -70.7292 18.0803 -0.878646 -1.22745 426.773 0 0
1500 27.7126 -23.8196 17.9589 -0.581681 -0.361647 426.382 0 0
1500 66.9219 3.97822 17.9387 0.161201 -0.0126709 426.859 0 0
1500 71.0699 -63.513 17.8573 0.232052 -0.971889 427.025 0 0
1500 109.48 -6.99811 18.1647 0.880118 -0.136387 427.105 0 0
1500 91.4685 -3.61374 18.3254 0.642588 -0.068287 427.109 0 0
1500 59.0597 64.3847 17.8286 -0.0577511 0.992389 427.139 0 0
1500 20.5977 -101.388 17.8804 -0.623807 -1.60992 426.958 0 0
1500 98.7889 -1.72014 17.865 0.705658 -0.00098824 427.099 0 0
1500 75.3131 50.4343 17.8691 0.212586 0.850269 426.953 0 0
1500 97.6055 -33.5974 17.8146 0.545424 -0.559103 427.259 0 0
1500 103.752 40.384 17.8187 0.672341 0.685261 427.242 0 0
1500 64.4517 17.9215 18.1372 0.117476 0.349814 427.2 0 0
1500 103.933 -5.86942 18.217 0.805336 -0.10456 427.353 0 0
1500 111.4 29.4332 17.821 0.865947 0.486656 427.406 0 0
1500 14.3189 14.253 17.8975 -0.736234 0.197288 427.406 0 0
1500 93.7288 18.1616 18.1848 0.595431 0.267639 427.494 0 0
1500 84.6022 22.3152 18.1886 0.469223 0.323314 427.734 0 0
1500 90.7161 9.69521 18.5219 0.556453 0.183648 427.612 0 0
1500 72.1943 -54.1753 17.8519 0.215139 -0.83444 427.786 0 0
1500 104.195 -0.885156 18.236 0.820237 -0.0189942 427.555 0 0
1500 5.95799 33.8554 17.8168 -0.805866 0.583332 427.578 0 0
1500 78.284 56.0359 17.9266 0.266219 0.900076 427.635 0 0
1500 104.558 10.2708 17.8959 0.782343 0.10106 427.715 0 0
1500 103.124 -23.8438 18.3634 0.807231 -0.479909 427.709 0 0
1500 61.2253 -57.4195 17.8669 0.0892885 -0.871176 428.079 0 0
1500 54.6621 -10.1482 18.4712 -0.000261326 -0.193227 427.802 0 0
1500 90.1489 -2.20585 18.198 0.543613 -0.00388698 428.576 0 0
1500 74.3271 -18.7687 17.8272 0.291664 -0.256018 427.921 0 0
1500 39.7204 -53.3033 17.8522 -0.243313 -0.821821 427.813 0 0
1500 110.34 40.5268 17.8809 0.838801 0.625453 428.122 0 0
1500 115.999 18.8676 18.0304 0.962948 0.28904 428.396 0 0
1500 -6.89868 16.7017 17.8143 -0.98881 0.321088 428.312 0 0
1500 117.902 30.1731 17.8153 0.877427 0.524872 427.948 0 0
1500 99.808 -43.8282 17.9877 0.649212 -0.731256 428.077 0 0
1500 115.475 -26.0296 17.8733 0.930001 -0.42672 428.213 0 0
1500 56.6145 37.7646 17.9362 -0.0607801 0.627801 428.195 0 0
1500 24.8423 -41.9288 17.9393 -0.591468 -0.690005 428.465 0 0
1500 71.1261 44.9213 18.2097 0.189066 0.783745 427.923 0 0
1500 66.7257 25.2627 18.0149 0.0761688 0.44935 428.246 0 0
1500 66.4116 39.8797 18.1278 0.111911 0.735772 428.527 0 0
1500 48.7512 14.3544 18.0568 -0.237157 0.264154 428.271 0 0
1500 54.7177 -28.6943 18.6095 -0.0785215 -0.479901 427.942 0 0
1500 78.59 -43.9335 18.6541 0.479946 -0.878729 428.204 0 0
1500 76.7524 1.65585 18.9376 0.38145 -0.0581561 428.118 0 0
1500 99.8043 -1.82501 17.9163 0.646988 0.0131183 428.616 0 0
1500 71.7985 -25.1392 18.0287 0.285573 -0.447314 428.636 0 0
1500 39.1403 4.77843 17.975 -0.344399 0.110051 428.665 0 0
1500 109.088 -36.4904 17.9705 0.86867 -0.667386 428.823 0 0
1500 39.7403 44.4733 17.9234 -0.290909 0.809208 428.719 0 0
1500 91.7052 -18.1732 18.001 0.551393 -0.237595 428.96 0 0
1500 3.13499 33.0793 17.8854 -0.886658 0.474932 428.97 0 0
1500 2.46087 0.0196763 17.8907 -0.89052 -0.0535375 428.935 0 0
1500 143.503 24.7266 17.8949 1.47611 0.40923 428.931 0 0
1500 29.1359 -52.3687 17.8212 -0.461415 -0.804192 429.121 0 0
1500 121.76 -13.1583 17.9309 1.01293 -0.244303 429.071 0 0
1500 76.1486 -56.8459 17.8096 0.269932 -0.936151 429.075 0 0
1500 114.809 9.73462 17.833 0.895661 0.0779817 429.108 0 0
1500 86.3638 -2.10122 17.8677 0.453978 -0.110059 429.022 0 0
1500 73.319 -31.9947 17.9191 0.207834 -0.512191 429.704 0 0
1500 89.2106 -58.0288 17.8008 0.489435 -0.926979 429.799 0 0
1500 84.3311 -26.088 18.4498 0.529556 -0.440631 429.237 0 0
1500 47.6813 -64.9935 17.8915 -0.190077 -1.02324 429.75 0 0
1500 37.3468 47.9192 17.9276 -0.345816 0.764874 429.68 0 0
1500 110.24 39.1764 17.7921 0.852869 0.581027 429.695 0 0
1500 90.9329 14.4268 18.3824 0.606365 0.280417 429.64 0 0
1500 48.8588 -22.7493 18.4032 -0.132232 -0.374762 429.517 0 0
1500 74.0399 -53.8778 17.8314 0.273063 -0.88933 429.314 0 0
1500 36.0656 -54.5931 17.8049 -0.413555 -0.825474 429.818 0 0
1500 110.683 86.2561 17.9504 0.87603 1.39025 429.766 0 0
1500 54.7943 43.6032 18.0953 -0.0973351 0.709005 429.18 0 0
1500 99.6547 15.8857 17.9822 0.648819 0.329907 429.625 0 0
1500 3.48792 -15.3729 17.983 -0.962844 -0.211031 429.434 0 0
1500 -2.0654 2.72693 18.0069 -1.06468 0.0742768 429.46 0 0
1500 73.9897 -10.7739 18.4049 0.333318 -0.186965 429.91 0 0
1500 56.738 7.66817 17.9282 0.026484 0.164341 430.049 0 0
1500 126.538 12.9322 17.8009 1.03974 0.123606 429.96 0 0
1500 100.213 28.9641 18.1949 0.754347 0.444516 429.964 0 0
1500 3.14568 11.0876 17.8045 -0.914412 0.175184 429.873 0 0
1500 89.4975 -14.7732 18.1366 0.502031 -0.299659 429.87 0 0
1500 19.3745 6.92394 17.8347 -0.657345 0.0557184 430.069 0 0
1500 33.1317 -43.1233 17.8887 -0.397281 -0.761416 429.98 0 0
1500 -7.46288 7.95569 17.9168 -1.02964 0.1403 430.297 0 0
1500 10.1452 -5.45505 17.8432 -0.747059 -0.160247 430.327 0 0
1500 -32.0403 -8.36174 17.8746 -1.50973 -0.0751078 430.363 0 0
1500 77.6001 58.2331 17.8195 0.262798 0.910274 430.542 0 0
1500 67.3773 -57.2564 18.0023 0.180915 -0.933095 430.503 0 0
1500 97.8427 15.8096 18.0937 0.709152 0.27023 430.709 0 0
1500 62.3773 87.4695 17.8235 0.0589172 1.41604 430.525 0 0
1500 38.9336 -61.5192 17.9474 -0.307608 -1.0485 430.527 0 0
1500 73.0389 15.7352 18.5034 0.325834 0.261175 431.89 0 0
1500 81.8277 -5.65073 18.3038 0.431705 -0.119019 431.889 0 0
1500 32.6485 -10.997 17.9796 -0.403273 -0.163659 430.948 0 0
1500 71.9816 -11.0725 17.9061 0.197024 -0.223193 431.896 0 0
1500 86.2418 -12.7517 18.0724 0.501707 -0.184377 431.025 0 0
1500 105.34 -12.0455 17.8225 0.715222 -0.22487 431.068 0 0
1500 60.3077 -34.576 17.8303 0.0758066 -0.539482 431.715 0 0
1500 111.055 12.2917 17.8294 0.81575 0.216378 431.066 0 0
1500 27.8079 -56.6198 17.8048 -0.411285 -0.887534 431.212 0 0
1500 109.697 36.4695 17.86 0.774143 0.596037 431.727 0 0
1500 79.03 62.9802 17.7949 0.373701 0.9091 431.786 0 0
1500 85.3405 59.5993 17.9657 0.423425 0.953656 430.727 0 0
1500 94.4534 3.59181 18.4218 0.685295 0.0116367 430.73 0 0
1500 59.6377 -58.9472 18.0259 0.0044258 -0.943839 430.906 0 0
1500 111.565 36.9106 17.9106 0.84747 0.607465 431.792 0 0
1500 107.527 -21.065 18.1971 0.855724 -0.342387 431.756 0 0
1500 92.9905 -50.4563 17.85 0.607068 -0.758464 430.897 0 0
1500 111.41 -1.30343 17.8669 0.886021 -0.0550979 430.742 0 0
1500 25.2215 23.7815 17.9346 -0.568794 0.366191 431.016 0 0
1500 72.256 -45.251 17.9896 0.303997 -0.728066 431.647 0 0
1500 75.1619 7.36359 18.179 0.328018 0.186947 431.335 0 0
1500 9.63512 17.3618 17.8563 -0.808961 0.288578 431.822 0 0
1500 52.1246 44.9185 17.8159 -0.0226739 0.724145 431.162 0 0
1500 83.8829 48.184 18.0658 0.478714 0.804808 431.332 0 0
1500 57.6224 -40.7213 17.9448 0.00193819 -0.702163 431.763 0 0
1500 45.1734 -6.6083 17.9513 -0.254941 -0.138797 431.031 0 0
1500 65.4829 26.5317 17.815 0.0811452 0.485861 430.99 0 0
1500 82.3001 17.844 17.815 0.343769 0.350219 430.986 0 0
1500 72.0318 3.22584 17.932 0.255538 0.123805 431.213 0 0
1500 75.2144 18.4262 17.9281 0.303909 0.359243 431.473 0 0
1500 89.5351 15.0311 17.924 0.523805 0.305154 431.766 0 0
1500 41.946 -18.6746 17.9337 -0.313323 -0.307379 431.577 0 0
1500 77.1011 -14.9611 17.8503 0.357405 -0.284202 431.567 0 0
1500 27.6083 -6.36433 17.8247 -0.527868 -0.157442 431.84 0 0
1500 139.338 14.3052 17.8993 1.36964 0.169656 430.853 0 0
1500 41.663 60.661 17.8796 -0.25633 1.07443 431.156 0 0
1500 77.0363 -45.191 18.3619 0.380853 -0.842436 431.696 0 0
1500 41.8075 -27.3347 18.0601 -0.289437 -0.556922 431.322 0 0
1500 78.7379 -3.36267 18.1174 0.308959 0.00484068 431.717 0 0
1500 77.6848 22.799 18.2721 0.318506 0.499597 431.757 0 0
1500 94.4879 -24.0333 18.1773 0.610279 -0.3631 432.173 0 0
1500 95.5049 1.85409 18.1808 0.621891 -0.00399001 432.462 0 0
1500 76.2625 52.1142 17.8047 0.327805 0.75559 433.239 0 0
1500 1.97122 -33.1646 17.8 -0.893881 -0.478006 432.695 0 0
1500 117.582 27.4955 17.9302 0.946291 0.450767 432.574 0 0
1500 11.3941 -46.154 17.8161 -0.747607 -0.733968 432.952 0 0
1500 100.566 42.7267 17.9924 0.67545 0.712335 432.574 0 0
1500 92.1327 49.1528 17.985 0.521932 0.811767 433.214 0 0
1500 95.1768 30.2507 17.8444 0.640893 0.451991 432.622 0 0
1500 19.5699 -34.1533 17.9604 -0.642698 -0.501465 432.335 0 0
1500 95.9908 27.0446 18.0096 0.583218 0.486312 432.464 0 0
1500 83.8168 -42.0871 17.8461 0.359514 -0.705262 432.957 0 0
1500 73.1691 22.8073 17.9926 0.288263 0.414203 432.708 0 0
1500 101.212 17.0815 17.9176 0.698424 0.334057 432.305 0 0
1500 65.8954 48.2632 17.9153 0.156714 0.809209 432.52 0 0
1500 63.9891 50.6459 17.9299 0.0725027 0.841009 432.809 0 0
1500 -3.02188 26.7316 17.8172 -0.971262 0.341263 432.556 0 0
1500 53.5354 11.7592 18.2309 -0.0389839 0.253396 432.826 0 0
1500 49.3799 8.7289 18.2313 -0.102683 0.207038 432.804 0 0
1500 68.4038 36.2499 17.8546 0.130482 0.629917 432.497 0 0
1500 36.973 27.3409 17.8969 -0.280196 0.490994 432.281 0 0
1500 90.7955 21.5875 17.8228 0.557328 0.391937 432.34 0 0
1500 88.6115 23.0621 17.9536 0.517255 0.425035 432.9 0 0
1500 54.2718 -36.8845 17.8249 -0.076686 -0.647858 432.407 0 0
1500 76.6873 0.310276 18.0326 0.375592 -0.0420369 432.716 0 0
1500 86.8728 -19.9204 17.9036 0.531561 -0.29874 432.945 0 0
1500 102.798 46.8113 18.1224 0.793433 0.775488 433.196 0 0
1500 148.379 97.1404 17.861 1.51196 1.5271 432.606 0 0
1500 80.8754 57.1746 17.9028 0.451233 0.961039 432.919 0 0
1500 25.3333 -40.9467 18.0896 -0.516673 -0.76425 432.205 0 0
1500 144.152 2.08902 18.2465 1.55823 -0.0215788 432.041 0 0
1500 133.266 26.2695 18.1214 1.36599 0.501074 432.829 0 0
1500 40.5166 -14.5381 17.9097 -0.303768 -0.222589 433.891 0 0
1500 78.7293 41.6711 17.9116 0.292226 0.65853 433.671 0 0
1500 113.428 12.3263 17.9334 0.871962 0.156761 434.063 0 0
1500 41.7788 -63.8819 17.8174 -0.292726 -0.982873 433.916 0 0
1500 115.303 -32.3765 17.8304 0.9121 -0.516696 433.528 0 0
1500 126.802 33.7747 17.8401 1.09595 0.499068 433.61 0 0
1500 123.272 -15.8706 17.8268 1.02763 -0.188013 433.877 0 0
1500 118.355 21.2943 17.8278 0.960768 0.366891 433.44 0 0
1500 59.4861 67.0902 17.8267 0.0792077 1.04367 433.985 0 0
1500 55.9738 62.7311 17.9058 0.00507242 1.00941 433.868 0 0
1500 112.023 25.4316 17.8728 0.816953 0.460768 433.817 0 0
1500 -2.0597 1.19666 17.8123 -0.932194 -0.0561246 433.665 0 0
1500 83.6473 -18.4412 18.1624 0.510043 -0.290789 433.822 0 0
1500 90.4787 1.81241 17.9907 0.573948 -0.0275381 433.65 0 0
1500 32.0183 30.1061 17.9707 -0.45205 0.493318 434.033 0 0
1500 30.4254 -2.25043 17.9768 -0.479853 -0.00389522 433.582 0 0
1500 53.4244 2.438 17.9238 -0.0927477 -0.0336387 433.402 0 0
1500 68.1242 -33.2533 17.914 0.13552 -0.585221 434.065 0 0
1500 57.2969 13.2452 18.2378 -0.0098612 0.230775 434.701 0 0
1500 87.6643 19.345 17.918 0.415193 0.340549 434.222 0 0
1500 66.694 24.1801 17.8193 0.18763 0.349973 434.514 0 0
1500 83.3755 6.66909 18.802 0.48482 0.16611 434.557 0 0
1500 1.70869 -10.5454 17.8411 -0.868283 -0.223374 434.17 0 0
1500 119.434 21.0039 17.9049 0.951252 0.383522 434.115 0 0
1500 102.893 20.7865 18.2652 0.798243 0.334176 434.196 0 0
1500 111.112 34.0112 17.8415 0.866343 0.540054 434.445 0 0
1500 101.739 43.0366 17.8408 0.629073 0.716345 434.157 0 0
1500 105.98 42.6831 17.8687 0.717462 0.714296 434.546 0 0
1500 -35.7413 -4.9288 17.8152 -1.49406 -0.0808753 434.42 0 0
1500 107.266 27.4219 17.9191 0.797946 0.478454 434.726 0 0
1500 89.7524 33.3952 18.1165 0.486844 0.575119 434.683 0 0
1500 47.7428 79.9278 17.8535 -0.172214 1.29997 434.103 0 0
1500 68.5988 -3.41061 18.1819 0.192276 -0.127624 434.393 0 0
1500 85.877 38.7557 17.8839 0.513492 0.594204 434.09 0 0
1500 48.2461 -39.3342 17.9105 -0.17114 -0.676354 434.342 0 0
1500 25.8531 -36.3221 17.9058 -0.512619 -0.625913 434.764 0 0
1500 97.4692 -7.97265 17.8804 0.685895 -0.0940384 434.332 0 0
1500 41.7961 8.86361 18.0288 -0.27434 0.198711 434.257 0 0
1500 39.1377 7.74373 17.9516 -0.334996 0.0660475 434.125 0 0
1500 79.5959 -10.771 17.9511 0.293971 -0.221738 434.16 0 0
1500 70.6812 -29.0068 18.011 0.200192 -0.521675 434.758 0 0
1500 62.6244 19.5459 17.8416 0.0880034 0.385597 434.642 0 0
1500 0.70297 14.4566 17.9092 -1.00956 0.176772 434.221 0 0
1500 77.9877 -7.16747 18.2116 0.387293 -0.0884969 435.891 0 0
1500 50.5158 -32.7908 17.9909 -0.0861348 -0.527549 435.332 0 0
1500 90.1252 4.93996 18.0985 0.546802 0.0656087 435.896 0 0
1500 58.4294 -8.50781 17.9546 0.0853505 -0.13668 435.946 0 0
1500 98.7308 5.26536 17.9982 0.650755 0.109568 435.429 0 0
1500 52.9761 -21.8353 17.9573 -0.0326452 -0.373739 435.361 0 0
1500 102.392 17.2211 17.9451 0.694809 0.288062 435.339 0 0
1500 69.9841 -27.7088 17.8404 0.132546 -0.450155 436.721 0 0
1500 104.027 -43.5745 17.8069 0.735509 -0.65094 434.948 0 0
1500 111.46 -8.68085 17.814 0.831346 -0.142488 435.946 0 0
1500 81.8694 50.1517 17.8367 0.396555 0.763588 436.514 0 0
1500 101.32 49.3754 17.8274 0.691592 0.771194 434.818 0 0
1500 31.7047 56.7639 17.8389 -0.413115 0.896621 436.112 0 0
1500 10.783 39.2337 17.8406 -0.714356 0.636046 436.564 0 0
1500 124.153 -14.1276 17.8053 1.03249 -0.155052 434.938 0 0
1500 120.796 -30.0137 17.806 0.912001 -0.516866 435.454 0 0
1500 101.248 -53.1949 17.8175 0.601368 -0.846818 436.102 0 0
1500 121.827 -5.49668 18.0069 1.02659 -0.12606 435.679 0 0
1500 102.588 -7.10691 18.3005 0.770529 -0.169377 435.009 0 0
1500 98.2135 -48.3877 17.8691 0.633853 -0.785676 435.716 0 0
1500 110.633 17.8036 18.0441 0.893908 0.263767 434.949 0 0
1500 115.101 -37.2981 17.807 0.836197 -0.626509 435.923 0 0
1500 108.611 -20.0739 17.9768 0.836644 -0.357665 434.948 0 0
1500 19.0152 75.2351 17.8079 -0.667621 1.11782 435.007 0 0
1500 23.9487 -48.7305 17.8981 -0.53401 -0.804085 435.712 0 0
1500 99.1277 55.0144 17.8664 0.707711 0.829618 435.255 0 0
1500 82.0697 -2.47537 18.0253 0.46165 0.00218382 435.1 0 0
1500 16.0807 2.30729 17.9554 -0.681211 0.0913616 435.735 0 0
1500 44.9757 -25.4173 17.9034 -0.20047 -0.471956 435.871 0 0
1500 89.9152 -14.9616 17.8179 0.564634 -0.197828 435.552 0 0
1500 69.2253 -13.7995 18.0826 0.259321 -0.267527 436.605 0 0
1500 71.2935 -33.6728 17.8958 0.237389 -0.593632 436.531 0 0
1500 80.6767 4.99584 17.903 0.385497 0.00401655 436.012 0 0
1500 30.387 28.4722 17.8521 -0.394084 0.511412 436.471 0 0
1500 61.2142 38.4127 17.8512 0.0833385 0.664664 436.542 0 0
1500 53.7696 23.2645 17.8584 -0.0321164 0.433842 436.01 0 0
1500 91.3969 4.58951 17.8546 0.552616 0.141894 436.278 0 0
1500 132.478 -71.8291 17.8909 1.15911 -1.21046 435.363 0 0
1500 52.3793 -2.15044 17.9354 -0.102185 -0.110776 435.589 0 0
1500 55.8831 17.6592 18.2433 0.0115484 0.359135 436.637 0 0
1500 115.814 26.0465 18.0892 1.00875 0.488692 436.006 0 0
1500 145.447 -23.6189 18.1659 1.53853 -0.446242 434.898 0 0
1500 82.9358 -33.2696 17.8723 0.364759 -0.539308 437.225 0 0
1500 62.7555 49.9582 17.841 0.122308 0.755838 436.975 0 0
1500 85.6625 3.17288 17.8556 0.464252 0.0389812 437.239 0 0
1500 24.2483 -46.4167 17.8681 -0.583853 -0.700139 437.42 0 0
1500 112.27 -2.84132 17.8862 0.859015 -0.115569 437.409 0 0
1500 105.123 2.96962 17.8472 0.758803 0.11565 436.877 0 0
1500 111.003 8.49448 17.8427 0.843427 0.199303 437.331 0 0
1500 29.2903 39.6085 17.8462 -0.407887 0.678616 436.975 0 0
1500 105.6 11.1202 17.9051 0.851169 0.199569 436.758 0 0
1500 98.4407 4.95625 18.6711 0.76691 0.112613 437.526 0 0
1500 89.159 -29.9423 18.0707 0.558812 -0.509261 437.522 0 0
1500 106.967 4.53554 18.0676 0.825899 0.0149322 437.816 0 0
1500 24.0478 33.2658 17.9883 -0.507592 0.583376 437.551 0 0
1500 43.6786 48.6077 17.9853 -0.207059 0.813881 437.845 0 0
1500 63.136 16.5562 17.9883 0.145213 0.318875 437.727 0 0
1500 71.9422 9.63363 17.9435 0.196199 0.220251 437.677 0 0
1500 54.1951 -30.214 17.8529 0.00444783 -0.516328 437.938 0 0
1500 123.516 -28.5428 17.9029 1.14366 -0.443428 437.916 0 0
1500 137.293 6.79409 18.022 1.3975 0.0741912 437.897 0 0
1500 93.3494 9.17718 18.0945 0.67478 0.227194 437.543 0 0
1500 -7.08513 -74.0297 18.1661 -1.15448 -1.36815 437.568 0 0
1500 60.2635 0.312787 18.2967 0.0747699 0.0718097 438.204 0 0
1500 61.7464 -7.43021 17.9722 0.124406 -0.115086 439.768 0 0
1500 32.3774 -0.378122 18.1089 -0.389326 -0.0217982 438.069 0 0
1500 63.6341 -11.9546 18.7691 0.204343 -0.22364 441.69 0 0
1500 70.1255 5.12137 18.1603 0.189708 0.137555 439.519 0 0
1500 53.0727 41.6321 17.9691 -0.100561 0.63608 438.36 0 0
1500 84.0585 21.0936 17.8593 0.33933 0.360933 438.77 0 0
1500 77.3221 28.915 17.8271 0.317179 0.459851 438.74 0 0
1500 54.9609 29.7505 17.8159 -0.103364 0.460101 439.175 0 0
1500 91.9035 -3.05014 18.1026 0.551395 -0.0918629 440.171 0 0
1500 84.6067 54.7129 17.9351 0.414877 0.854141 438.207 0 0
1500 90.6891 12.5057 17.9519 0.489706 0.242319 439.979 0 0
1500 84.2242 -17.7116 17.9417 0.424926 -0.300261 440.684 0 0
1500 72.4431 -60.9619 17.8982 0.188407 -0.944057 438.836 0 0
1500 60.8785 -34.8312 17.9156 0.0212874 -0.55286 440.704 0 0
1500 118.467 15.1673 17.8671 0.946102 0.246387 438.701 0 0
1500 91.2881 -47.6 17.8336 0.54667 -0.702227 439.398 0 0
1500 -6.10812 3.17967 17.8391 -1.00302 0.0489371 438.609 0 0
1500 111.069 -32.579 17.8223 0.828646 -0.437394 439.474 0 0
1500 105.116 -2.03567 18.0158 0.744666 0.00817291 441.43 0 0
1500 -4.10272 22.2837 17.8208 -0.974531 0.368801 439.209 0 0
1500 -7.70921 -0.688452 17.8208 -1.0411 0.0314125 438.324 0 0
1500 108.17 6.2208 18.2379 0.869245 0.0573939 438.451 0 0
1500 35.1742 -56.4168 17.8159 -0.382348 -0.917098 438.018 0 0
1500 74.0242 -0.331332 18.0839 0.298667 -0.0536177 444.13 0 0
1500 104.571 -44.499 17.879 0.70556 -0.714257 440.76 0 0
1500 45.6336 -29.4789 17.9002 -0.144327 -0.479474 443.189 0 0
1500 118.739 8.80729 17.8398 0.905049 0.192066 441.424 0 0
1500 53.4317 62.8496 17.835 -0.0359857 1.01196 438.509 0 0
1500 68.396 23.0093 17.8587 0.176147 0.38617 443.262 0 0
1500 64.8503 -57.5132 17.9101 0.0885367 -0.940025 438.109 0 0
1500 94.4376 11.3309 18.2074 0.639804 0.236964 437.966 0 0
1500 125.068 6.28079 17.8223 1.04377 0.0352972 439.212 0 0
1500 65.5052 -35.322 17.9398 0.0910405 -0.560059 443.44 0 0
1500 65.3661 -64.0325 17.9194 0.0946823 -1.02276 439.226 0 0
1500 120.384 23.3013 17.8657 0.961896 0.402774 440.262 0 0
1500 60.0579 -16.1011 18.1233 0.0739202 -0.289861 444.715 0 0
1500 104.682 -4.39615 17.9416 0.740885 -0.0565902 443.21 0 0
1500 -9.19511 1.14957 17.879 -1.04643 0.0582371 440.259 0 0
1500 46.2517 65.8965 17.8771 -0.132743 1.03018 440.994 0 0
1500 53.2452 43.1534 18.153 -0.0680327 0.71972 438.884 0 0
1500 89.1599 -49.4925 17.95 0.504265 -0.763268 443.021 0 0
1500 97.3015 52.338 17.871 0.603102 0.83266 441.691 0 0
1500 13.7819 24.0671 17.9206 -0.669425 0.386701 443.885 0 0
1500 86.9003 -6.38485 17.9858 0.461587 -0.0332556 445.03 0 0
1500 115.969 10.6438 18.0266 0.966782 0.14968 440.281 0 0
1500 28.9389 47.2268 17.9229 -0.460784 0.784134 439.436 0 0
1500 92.6672 20.4417 17.9972 0.6008 0.3722 438.836 0 0
1500 62.1814 -1.94495 18.0107 0.121112 0.0265719 445.769 0 0
1500 88.7205 -58.2339 17.8297 0.517081 -0.908841 441.028 0 0
1500 92.2492 -4.1536 17.993 0.568496 -0.139014 438.424 0 0
1500 111.093 -2.2503 17.8426 0.881347 -0.00257905 439.294 0 0
1500 115.797 -34.8949 17.8345 0.913984 -0.48037 442.101 0 0
1500 102.539 46.8438 17.8343 0.733969 0.730233 440.792 0 0
1500 114.114 -25.2507 17.8374 0.917141 -0.349789 440.031 0 0
1500 88.897 -36.8506 17.848 0.547023 -0.535263 438.75 0 0
1500 74.8722 43.82 17.8499 0.304754 0.650381 444.368 0 0
1500 61.6844 63.0704 17.8369 0.125446 0.982275 440.12 0 0
1500 87.1764 -70.9499 17.8293 0.436253 -1.11628 441.829 0 0
1500 112.91 -25.4459 17.8111 0.855591 -0.39852 443.153 0 0
1500 94.4302 -39.7688 18.3639 0.665708 -0.686931 438.496 0 0
1500 80.0588 -45.7268 17.8211 0.36379 -0.772141 439.292 0 0
1500 121.535 21.9708 17.871 1.00129 0.286015 442.251 0 0
1500 123.008 -5.58698 17.8709 1.03597 -0.119463 441.389 0 0
1500 76.7139 -7.88131 18.3647 0.372834 -0.192742 440.142 0 0
1500 201.248 17.3018 17.7968 2.12461 0.31438 442.781 0 0
1500 100.395 -49.391 17.7977 0.67052 -0.798204 441.305 0 0
1500 118.048 -27.3888 17.7976 0.932753 -0.469625 441.377 0 0
1500 102.999 -35.7138 17.8032 0.723291 -0.605941 440.012 0 0
1500 124.852 8.356 17.7979 1.03695 0.062967 441.192 0 0
1500 53.19 66.973 17.8246 -0.124867 1.03384 442.346 0 0
1500 53.1191 28.9978 17.8488 -0.120273 0.454426 445.534 0 0
1500 40.788 -28.4829 17.8477 -0.325528 -0.39117 438.503 0 0
1500 72.9204 22.5561 18.0291 0.265414 0.424093 439.18 0 0
1500 122.684 -8.83558 17.9771 1.03648 -0.152052 442.668 0 0
1500 86.2381 34.3887 17.8322 0.511499 0.51996 439.118 0 0
1500 122.8 5.94017 17.8167 1.03852 0.0778462 441.46 0 0
1500 80.1127 -62.3646 17.8558 0.377377 -0.968706 442.679 0 0
1500 21.2808 -43.5211 17.8249 -0.597705 -0.6147 444.392 0 0
1500 26.5806 -17.7433 17.8345 -0.565915 -0.266528 438.952 0 0
1500 15.7884 -52.6231 17.8149 -0.702666 -0.773998 441.771 0 0
1500 0.407424 -33.1704 17.8147 -0.929273 -0.483654 441.923 0 0
1500 -7.8419 0.334137 17.8147 -1.04786 0.0133672 442.167 0 0
1500 51.8259 -36.4356 17.8359 -0.174394 -0.557543 438.846 0 0
1500 93.7746 39.1455 17.9851 0.597862 0.658829 440.62 0 0
1500 35.8358 30.6767 17.8741 -0.362965 0.476172 445.64 0 0
1500 68.2991 -54.6108 17.9171 0.179938 -0.845679 444.894 0 0
1500 89.3691 -32.8465 17.8769 0.489143 -0.496737 447.094 0 0
1500 27.4898 -54.857 17.9466 -0.51065 -0.849615 441.545 0 0
1500 18.5343 -51.8869 17.9447 -0.640522 -0.79977 441.992 0 0
1500 0.463903 -18.0331 17.8815 -0.893725 -0.341247 441.033 0 0
1500 24.1359 24.98 17.8635 -0.535202 0.390495 445.67 0 0
1500 66.71 5.22741 17.9724 0.178597 0.0134007 445.13 0 0
1500 102.808 10.8852 18.1308 0.78034 0.123034 441.121 0 0
1500 56.6678 -64.2911 17.8003 0.0310083 -0.982163 444.014 0 0
1500 74.1448 -57.6933 17.8009 0.297153 -0.92498 441.139 0 0
1500 90.4018 17.6846 17.8173 0.557853 0.222819 439.437 0 0
1500 116.695 29.8815 17.8359 0.886525 0.521378 442.024 0 0
1500 99.1413 -37.9739 17.8422 0.703052 -0.544912 439.28 0 0
1500 20.9059 -47.6467 17.8449 -0.631075 -0.694199 441.135 0 0
1500 -4.4408 -22.1449 17.8095 -1.01302 -0.351973 441.951 0 0
1500 91.2641 -25.3058 18.0758 0.528516 -0.414073 447.052 0 0
1500 109.785 -40.8137 17.8332 0.819572 -0.652483 443.326 0 0
1500 93.8935 -55.1736 17.8843 0.609023 -0.846657 442.996 0 0
1500 84.6411 3.29501 18.2459 0.532936 0.0304397 441.373 0 0
1500 109.888 8.97748 18.2313 0.898241 0.114478 442.736 0 0
1500 112.626 -24.0692 18.1486 0.923281 -0.372012 443.291 0 0
1500 53.6968 -64.9073 17.8069 -0.0500187 -1.04046 442.812 0 0
1500 83.0142 -4.37196 17.8443 0.37742 0.00310886 447.154 0 0
1500 2.87924 -16.564 18.027 -0.884995 -0.306266 440.676 0 0
1500 75.3461 -35.1663 17.9174 0.242862 -0.611079 440.839 0 0
1500 25.7124 -55.6329 17.9017 -0.490485 -0.869768 445.085 0 0
1500 36.4475 -37.1808 17.9145 -0.355728 -0.639784 441.079 0 0
1500 56.9796 -42.4479 17.9263 0.025265 -0.661488 447.062 0 0
1500 52.9195 66.4799 17.884 -0.0285624 1.04645 443.671 0 0
1500 114.09 24.19 17.8673 0.935236 0.34691 441.546 0 0
1500 42.1676 45.7462 17.9213 -0.256833 0.770728 441.696 0 0
1500 17.661 10.5057 17.9269 -0.636174 0.233993 441.197 0 0
1500 16.4447 -37.4924 17.8305 -0.667848 -0.533088 446.026 0 0
1500 27.9204 61.7323 17.8668 -0.463857 0.986981 443.77 0 0
1500 52.4542 45.1724 17.8475 -0.0381222 0.698054 447.141 0 0
1500 68.0627 -52.3144 18.0121 0.200983 -0.862046 442.835 0 0
1500 66.8868 -3.57267 18.0327 0.167731 -0.114797 448.941 0 0
1500 -20.501 -87.9954 17.9036 -1.32131 -1.50421 438.031 0 0
1500 112.371 10.8403 18.0265 0.904942 0.206769 443.373 0 0
1500 48.9839 39.8844 17.8311 -0.0774802 0.662095 441.459 0 0
1500 87.9086 54.5922 17.8153 0.510805 0.864907 443.33 0 0
1500 86.7189 21.8294 17.8323 0.507867 0.382875 441.371 0 0
1500 18.9699 36.1888 17.8965 -0.587535 0.573142 447.261 0 0
1500 94.1362 -40.8732 17.8191 0.626913 -0.620185 442.469 0 0
1500 74.8083 9.07282 18.2252 0.373097 0.178819 442.612 0 0
1500 97.8144 -27.4022 17.973 0.636297 -0.427666 448.127 0 0
1500 126.963 -13.7695 17.9897 1.18623 -0.294432 438.266 0 0
1500 49.6578 6.05617 18.0459 -0.153845 0.113832 449.737 0 0
1500 113.235 12.2548 18.0072 0.928336 0.189261 444.005 0 0
1500 118.361 25.0345 18.0016 0.980153 0.371669 445.715 0 0
1500 78.6046 -12.6447 18.1059 0.35091 -0.27124 442.617 0 0
1500 81.1687 -50.3856 18.0883 0.381013 -0.831105 444.207 0 0
1500 18.8323 -42.3579 17.8062 -0.555787 -0.678904 447.331 0 0
1500 61.8823 13.97 18.0389 0.132482 0.234411 449.915 0 0
1500 -29.9352 10.7663 18.0088 -1.45765 0.175211 440.675 0 0
1500 84.5873 44.8968 17.8985 0.358696 0.740097 442.921 0 0
1500 73.4529 -57.934 17.9265 0.238308 -0.945817 444.366 0 0
1500 93.8393 -31.9048 17.9666 0.579772 -0.490527 448.826 0 0
1500 102.393 6.23621 17.9665 0.759127 0.0517032 443.352 0 0
1500 96.4223 25.13 18.1637 0.695697 0.400589 444.284 0 0
1500 112.498 -3.11117 18.7425 1.04441 -0.0145527 441.516 0 0
1500 50.8521 -0.15762 18.0429 -0.0761115 -0.071267 450.386 0 0
1500 99.7605 -46.8636 18.0152 0.645883 -0.77183 445.213 0 0
1500 83.2277 -9.83537 17.9557 0.430294 -0.112172 449.776 0 0
1500 110.997 -17.051 17.9378 0.886943 -0.23086 444.18 0 0
1500 106.738 25.6061 17.9403 0.773606 0.389984 448.357 0 0
1500 73.0163 -3.31208 17.9589 0.286898 -0.021099 450.011 0 0
1500 120.368 16.9746 17.9308 1.00567 0.277651 445.696 0 0
1500 81.9555 1.80009 18.1574 0.461201 -0.0286932 443.446 0 0
1500 116.092 -1.88359 17.8126 0.910505 -0.10093 443.611 0 0
1500 82.4904 2.97245 17.8963 0.369477 0.119506 444.691 0 0
1500 6.46737 41.402 17.8506 -0.816011 0.657996 446.022 0 0
1500 64.7476 0.615286 17.9273 0.118559 -0.068418 442.507 0 0
1500 104.254 3.58779 17.9415 0.748962 0.126819 443.782 0 0
1500 77.3354 47.4022 17.9369 0.334356 0.792447 444.232 0 0
1500 117.98 27.9584 17.9431 0.934053 0.475534 446.523 0 0
1500 75.338 43.7096 17.8859 0.359016 0.695195 440.927 0 0
1500 105.618 13.2092 18.1778 0.835389 0.203397 445.474 0 0
1500 57.1038 27.2628 17.859 -0.022059 0.450031 450.43 0 0
1500 121.21 -20.4197 18.3066 1.11091 -0.420776 439.123 0 0
1500 41.0935 -81.7024 17.8408 -0.308194 -1.30793 444.379 0 0
1500 63.2978 7.85946 17.8778 0.146606 0.107224 450.85 0 0
1500 104.011 21.7919 17.8585 0.783388 0.330647 444.537 0 0
1500 115.067 -30.3657 17.8487 0.92903 -0.455515 446.187 0 0
1500 64.3375 -35.9837 17.8914 0.162541 -0.607758 443.846 0 0
1500 36.7449 14.4614 18.3267 -0.383815 0.301068 438.125 0 0
1500 94.9372 31.9566 17.8089 0.57696 0.56757 444.377 0 0
1500 -6.61688 14.8464 17.7987 -0.964434 0.297853 445.792 0 0
1500 61.2139 1.95928 17.8638 0.12155 0.0621557 445.576 0 0
1500 80.615 -62.5151 17.8189 0.386856 -0.97122 447.338 0 0
1500 53.4091 -23.0652 17.9277 -0.0304615 -0.430074 443.849 0 0
1500 -0.961229 32.9948 17.8762 -0.947952 0.484679 446.462 0 0
1500 84.5391 -88.1756 17.8327 0.341835 -1.37901 445.664 0 0
1500 160.275 39.2974 17.8182 1.63304 0.623588 445.027 0 0
1500 -8.5115 3.03749 17.8073 -1.03245 0.110119 446.579 0 0
1500 61.2367 55.6286 17.8141 0.00918345 0.914116 445.206 0 0
1500 -19.9906 72.943 17.8274 -1.22267 1.14342 446.383 0 0
1500 -41.9731 -103.867 18.0087 -1.72665 -1.75669 439.873 0 0
1500 44.2939 -3.66955 18.1347 -0.181258 -0.11373 452.323 0 0
1500 62.6817 26.5268 17.9323 0.0576633 0.438734 451.159 0 0
1500 58.691 -1.85656 17.8866 -0.0346649 -0.089302 443.602 0 0
1500 31.4576 -15.4692 17.8785 -0.457265 -0.29994 444.138 0 0
1500 107.773 -20.9474 18.1039 0.87173 -0.288238 444.627 0 0
1500 94.9331 33.4075 18.3243 0.6551 0.559626 447.374 0 0
1500 48.7477 27.8577 17.9325 -0.113614 0.506986 444.734 0 0
1500 65.3625 35.1346 17.9288 0.143212 0.617135 445.005 0 0
1500 44.7318 28.5472 17.9317 -0.175681 0.517214 444.79 0 0
1500 107.878 23.6569 18.1519 0.842583 0.402831 447.256 0 0
1500 98.0478 -5.11916 18.1622 0.707394 -0.0269661 446.169 0 0
1500 132.445 30.4984 18.1433 1.30331 0.549329 442.143 0 0
1500 64.3596 -40.0334 17.9207 0.108001 -0.632903 451.743 0 0
1500 112.606 -39.2106 17.9016 0.821956 -0.649208 448.69 0 0
1500 72.7136 -38.3772 17.9181 0.246578 -0.666554 445.669 0 0
1500 93.3238 -6.79832 18.3011 0.593236 -0.140467 453.351 0 0
1500 89.9532 11.0547 18.301 0.600239 0.115649 446.888 0 0
1500 -20.3111 -5.28456 17.9253 -1.29482 -0.114276 444.341 0 0
1500 28.8594 57.6381 17.805 -0.500119 0.904574 447.609 0 0
1500 125.874 51.7703 17.8776 1.17932 0.863886 442.269 0 0
1500 58.893 3.71065 17.9957 -0.0419979 0.027516 443.807 0 0
1500 106.07 -10.2774 18.3114 0.851788 -0.168574 448.038 0 0
1500 54.2058 -55.4054 17.9077 -0.129083 -0.874548 444.94 0 0
1500 -15.7063 2.22067 17.8854 -1.23341 -0.0428756 441.914 0 0
1500 98.9325 -38.1858 17.9768 0.662843 -0.576573 451.285 0 0
1500 11.7452 43.2093 17.8486 -0.670303 0.696373 450.174 0 0
1500 77.4059 -20.4107 18.1523 0.330404 -0.38837 446.389 0 0
1500 42.1701 -24.1105 18.1528 -0.208858 -0.445223 446.354 0 0
1500 94.6076 -9.625 17.8123 0.552635 -0.22653 445.382 0 0
1500 16.7646 -29.6341 17.8025 -0.649949 -0.53085 446.23 0 0
1500 43.6221 -37.2299 17.811 -0.218781 -0.596427 451.805 0 0
1500 87.0688 -51.6311 17.7965 0.424804 -0.858801 446.976 0 0
1500 71.0572 31.6928 18.222 0.180372 0.528861 444.922 0 0
1500 28.5696 13.9051 18.0327 -0.455576 0.18539 453.373 0 0
1500 21.7136 -43.1609 17.8108 -0.622549 -0.691669 447.224 0 0
1500 104.669 11.954 17.8438 0.723556 0.207404 451.948 0 0
1500 67.898 -68.1172 17.8657 0.204477 -1.07782 448.311 0 0
1500 70.5668 -2.11357 18.1432 0.246535 0.0225183 455.673 0 0
1500 22.3765 -30.0214 18.0788 -0.583779 -0.470623 447.498 0 0
1500 47.0689 -8.53554 18.0282 -0.198276 -0.104562 453.146 0 0
1500 22.702 -23.9825 18.017 -0.579199 -0.344493 448.277 0 0
1500 70.2301 15.4293 17.8995 0.233075 0.256729 453.581 0 0
1500 120.588 7.05254 17.8712 1.01503 0.121146 448.916 0 0
1500 82.9897 7.47229 17.8937 0.470805 0.132472 446.366 0 0
1500 132.176 -0.111973 17.8702 1.17766 0.0729251 446.476 0 0
1500 98.676 2.10324 18.5026 0.747651 -0.0184973 449.638 0 0
1500 89.7266 -6.72977 17.9326 0.497562 -0.181467 447.011 0 0
1500 80.4713 16.9796 18.1793 0.412767 0.331599 448.201 0 0
1500 108.356 -10.3796 17.9324 0.794995 -0.164224 453.51 0 0
1500 101.123 11.064 17.9633 0.701873 0.241921 448.326 0 0
1500 90.7756 44.4774 18.0814 0.54598 0.739461 449.701 0 0
1500 10.9589 -1.81528 17.8443 -0.73736 -0.0191212 454.04 0 0
1500 25.7741 31.6863 17.8435 -0.572462 0.495383 448.463 0 0
1500 -5.00058 19.2875 17.8287 -1.0063 0.29264 451.062 0 0
1500 94.1391 39.0865 18.1654 0.59396 0.658854 450.548 0 0
1500 71.8666 -42.5937 17.8706 0.256976 -0.720908 449.057 0 0
1500 13.1707 10.5078 17.949 -0.714585 0.224471 449.38 0 0
1500 122.582 -42.707 17.9868 1.12591 -0.651969 446.243 0 0
1500 80.4759 37.6275 18.1087 0.390297 0.717765 443.715 0 0
1500 -0.562077 -90.4474 17.8132 -0.955071 -1.43483 449.862 0 0
1500 91.4865 -6.48489 17.8586 0.608248 -0.0689383 446.545 0 0
1500 139.977 -35.3884 17.9184 1.34464 -0.537182 449.806 0 0
1500 68.1176 2.59577 17.9955 0.159362 0.102478 458.49 0 0
1500 78.7276 63.1712 17.7994 0.356086 0.981907 452.617 0 0
1500 108.066 1.33193 17.8137 0.761285 0.0677646 455.053 0 0
1500 80.4839 -15.929 17.8255 0.3636 -0.175415 456.046 0 0
1500 112.755 8.80325 18.0428 0.883606 0.201231 451.286 0 0
1500 93.9597 52.3154 18.0363 0.590055 0.841343 452.474 0 0
1500 69.409 9.5567 18.0248 0.251511 0.206379 449.536 0 0
1500 101.019 49.372 17.9145 0.717934 0.757324 452.583 0 0
1500 37.7597 -5.35698 18.366 -0.357404 -0.045789 445.486 0 0
1500 118.354 19.0718 17.8413 0.980222 0.268374 452.548 0 0
1500 109.127 42.1714 17.8103 0.754344 0.705168 452.799 0 0
1500 -4.77741 20.249 17.8108 -0.951906 0.378118 452.639 0 0
1500 6.81173 29.5981 17.8151 -0.788081 0.524947 451.796 0 0
1500 75.2299 48.4475 17.8224 0.235579 0.761326 456.111 0 0
1500 53.4529 -11.0084 17.8861 -0.134056 -0.132633 449.889 0 0
1500 -8.39725 -11.561 17.8563 -1.03976 -0.133318 453.706 0 0
1500 19.8293 37.095 17.8681 -0.600973 0.564452 456.186 0 0
1500 44.1936 65.0119 17.8581 -0.25959 0.983575 454.653 0 0
1500 59.6727 23.4917 18.1671 -0.0484208 0.431285 442.766 0 0
1500 22.895 29.9223 18.125 -0.552949 0.534126 450.27 0 0
1500 4.14956 -1.3005 17.8477 -0.875666 -0.0721239 451.9 0 0
1500 -4.50256 -12.0089 17.8423 -0.956083 -0.22352 455.44 0 0
1500 58.4783 -39.6873 18.0895 0.0684993 -0.68624 451.017 0 0
1500 96.6216 -44.1254 17.8475 0.574749 -0.702881 456.127 0 0
1500 121.411 14.5218 17.9139 1.00796 0.218569 455.167 0 0
1500 72.2843 -6.25004 18.1699 0.275487 -0.179215 449.2 0 0
1500 63.5451 -11.6003 18.3013 0.145094 -0.225129 459.958 0 0
1500 81.0555 -35.2868 17.8792 0.411878 -0.600785 451.732 0 0
1500 107.105 -28.1701 17.8095 0.817237 -0.402127 452.372 0 0
1500 87.4805 -52.0377 17.8089 0.517227 -0.76519 452.457 0 0
1500 123.044 9.2229 17.8029 1.01932 0.161725 455.011 0 0
1500 147.621 90.1384 17.813 1.33934 1.44262 452.647 0 0
1500 -0.264767 33.5162 17.9025 -0.979985 0.56612 450.445 0 0
1500 82.8301 -7.94252 18.1882 0.39734 -0.197806 448.427 0 0
1500 198.036 8.71199 17.9134 2.35221 0.144858 448.927 0 0
1500 48.1161 64.9419 17.8206 -0.203532 0.989052 456.098 0 0
1500 110.23 18.8406 17.9676 0.843344 0.351248 453.938 0 0
1500 50.3933 9.45051 17.9059 -0.184566 0.174113 452.041 0 0
1500 115.424 -16.6379 17.9882 1.0436 -0.33581 446.946 0 0
1500 119.23 14.3918 17.8394 0.959169 0.194618 457.381 0 0
1500 -7.73897 16.5306 17.7979 -1.02938 0.194037 456.123 0 0
1500 6.80636 3.46969 17.8087 -0.845115 0.000968747 453.659 0 0
1500 79.5354 16.0487 18.0297 0.388058 0.244037 460.55 0 0
1500 68.0167 59.5102 17.8792 0.197571 0.960394 455.08 0 0
1500 81.1871 0.755681 17.9219 0.434463 -0.0323236 453.125 0 0
1500 104.727 38.6117 17.8097 0.75618 0.637255 455.101 0 0
1500 71.167 -9.23302 17.8355 0.23088 -0.0790626 460.383 0 0
1500 88.2945 19.9353 18.0603 0.566471 0.384127 450.531 0 0
1500 47.7934 -22.8949 17.843 -0.181136 -0.380582 460.384 0 0
1500 51.1212 -61.8698 17.8218 -0.138702 -0.956519 458.203 0 0
1500 24.5748 11.745 17.8388 -0.56183 0.116721 453.402 0 0
1500 83.5508 -6.14679 17.9063 0.369484 -0.164647 453.46 0 0
1500 81.9723 -56.9022 17.8839 0.333539 -0.923414 455.649 0 0
1500 54.0921 -66.5304 17.8802 -0.0842288 -1.04351 457.232 0 0
1500 5.1654 -9.33782 17.8902 -0.833662 -0.209977 454.791 0 0
1500 80.0674 -26.3477 17.9018 0.313707 -0.476823 453.776 0 0
1500 -6.06528 -7.13749 17.8397 -1.01142 -0.188347 453.515 0 0
1500 64.5146 -0.522944 17.9189 0.119372 -0.0858172 453.448 0 0
1500 79.0313 -33.0122 17.9088 0.311575 -0.534103 460.555 0 0
1500 45.7935 -27.337 17.8397 -0.225372 -0.49457 453.867 0 0
1500 81.3491 31.639 17.982 0.368865 0.491347 462.719 0 0
1500 2.74667 -31.5244 17.8654 -0.826535 -0.520073 458.897 0 0
1500 80.3572 -23.0014 18.3993 0.370032 -0.409228 456.175 0 0
1500 78.4678 -5.43493 18.3357 0.45352 -0.0503216 453.766 0 0
1500 89.4773 60.3221 17.9669 0.561142 1.07514 450.486 0 0
1500 98.8163 -44.5649 17.8393 0.59955 -0.747922 456.351 0 0
1500 -2.2566 -30.5042 17.8343 -0.908923 -0.52223 457.964 0 0
1500 104.404 -33.5312 17.8422 0.688328 -0.58436 455.952 0 0
1500 31.3603 -8.48352 17.8598 -0.390625 -0.186509 461.658 0 0
1500 108.656 34.7474 17.858 0.788864 0.549184 459.724 0 0
1500 115.513 19.3121 17.873 0.898126 0.246721 459.942 0 0
1500 69.2391 -3.82105 18.5701 0.293364 -0.0910834 464.941 0 0
1500 70.3743 -38.8595 17.8149 0.19874 -0.678071 455.35 0 0
1500 106.574 -26.4174 17.8067 0.74967 -0.479536 456.155 0 0
1500 86.5925 -45.6628 17.8066 0.444135 -0.773589 456.167 0 0
1500 102.304 -43 17.8013 0.676291 -0.724346 456.939 0 0
1500 68.9367 62.7681 17.803 0.161764 1.01553 457.901 0 0
1500 36.2494 61.1582 17.8024 -0.32674 0.987386 458.173 0 0
1500 111.557 40.9135 17.8028 0.783503 0.673465 459.344 0 0
1500 46.9715 59.0328 17.808 -0.161198 0.924033 460.466 0 0
1500 53.5951 63.9088 17.8028 -0.0680336 1.03106 458.002 0 0
1500 22.3043 34.3825 17.8166 -0.509762 0.560182 461.472 0 0
1500 62.0821 39.693 17.8192 0.0610043 0.691971 455.757 0 0
1500 64.9428 -56.3122 17.8638 0.0953848 -0.876937 461.084 0 0
1500 69.2235 -55.2467 17.8614 0.166149 -0.913982 457.086 0 0
1500 109.958 -32.0255 17.8597 0.781496 -0.559414 457.334 0 0
1500 70.669 -8.46157 17.8833 0.193673 -0.209909 455.186 0 0
1500 34.3004 -10.9628 17.881 -0.335487 -0.222921 462.672 0 0
1500 110.002 24.9904 17.956 0.954206 0.420943 451.114 0 0
1500 98.5296 -50.3275 18.0141 0.696741 -0.836667 456.56 0 0
1500 98.4873 -22.4351 17.8426 0.70732 -0.326444 455.783 0 0
1500 92.9567 52.0995 18.001 0.590314 0.830676 459.615 0 0
1500 80.7916 35.9077 18.0147 0.421104 0.606718 457.778 0 0
1500 99.0636 -15.2092 17.9026 0.69798 -0.293898 456.674 0 0
1500 105.147 42.9676 17.8799 0.748915 0.666207 461.435 0 0
1500 64.3531 63.316 17.8993 0.130577 0.981304 461.754 0 0
1500 65.0518 -28.5999 18.1946 0.212007 -0.540336 451.35 0 0
1500 107.889 2.12768 18.2666 0.876072 0.0344603 459.733 0 0
1500 31.1965 -58.3837 17.9404 -0.389972 -0.943974 459.889 0 0
1500 9.95804 42.6112 17.8857 -0.744614 0.662468 462.214 0 0
1500 16.5284 -39.1092 17.805 -0.599915 -0.664237 458.656 0 0
1500 83.295 7.81952 17.9942 0.43268 0.090654 465.786 0 0
1500 38.094 13.4013 17.9385 -0.324178 0.208921 468.1 0 0
1500 17.1151 -36.553 17.8898 -0.689771 -0.542367 459.692 0 0
1500 36.2701 58.5695 17.8132 -0.295862 0.916895 463.156 0 0
1500 87.9648 -3.09701 17.8325 0.487509 0.026496 458.146 0 0
1500 91.3694 -49.8693 18.0292 0.529707 -0.81991 461.005 0 0
1500 6.54538 -26.8525 17.8296 -0.800759 -0.4817 459.904 0 0
1500 83.1508 -34.154 17.8424 0.337845 -0.550971 464.883 0 0
1500 91.4674 22.9225 18.3819 0.574054 0.418162 460.917 0 0
1500 76.5573 -62.5721 17.8104 0.282648 -0.987963 462.992 0 0
1500 60.3992 -23.3026 17.8355 0.0441982 -0.395844 465.979 0 0
1500 6.42161 -29.5694 17.8155 -0.773049 -0.524609 460.423 0 0
1500 31.3853 -12.3695 17.8334 -0.403501 -0.269783 458.771 0 0
1500 54.7312 -61.0463 17.8145 -0.03637 -0.953397 463.869 0 0
1500 102.781 -47.8761 17.8109 0.664921 -0.771009 463.155 0 0
1500 34.6728 -21.8226 17.8332 -0.317389 -0.376015 465.803 0 0
1500 8.51357 -35.4216 17.8142 -0.739027 -0.611794 460.619 0 0
1500 36.358 -62.8104 17.8092 -0.308805 -1.00126 462.323 0 0
1500 91.5891 -3.52073 17.8331 0.482891 -0.118722 465.792 0 0
1500 94.6204 -67.8221 18.1014 0.693699 -1.13476 456.449 0 0
1500 9.37602 7.68241 17.9119 -0.784557 0.195293 458.417 0 0
1500 75.3524 -48.0113 18.0031 0.28314 -0.899973 453.81 0 0
1500 101.28 -50.8832 17.9834 0.705451 -0.843559 460.984 0 0
1500 99.5863 -41.7645 17.8487 0.593097 -0.698727 461.117 0 0
1500 -4.14585 -21.9332 17.842 -0.964195 -0.388848 462.512 0 0
1500 160.244 -12.2603 18.0348 1.71724 -0.177987 458.599 0 0
1500 101.431 42.7572 18.0974 0.719189 0.696769 462.828 0 0
1500 -84.6732 62.4485 17.9188 -2.41383 0.995042 456.429 0 0
1500 75.7585 -36.191 18.1458 0.364225 -0.603648 461.31 0 0
1500 71.2053 0.299295 18.157 0.298819 -0.0502282 460.489 0 0
1500 89.9432 34.993 18.1622 0.576115 0.58253 461.891 0 0
1500 74.0311 0.492745 18.1773 0.342676 0.0640021 460.679 0 0
1500 83.9211 32.343 18.1683 0.447927 0.500723 467.444 0 0
1500 71.785 -19.3961 18.3371 0.211248 -0.334667 461.388 0 0
1500 78.9182 33.4053 18.3501 0.407134 0.572296 462.199 0 0
1500 115.628 -9.50634 18.0352 1.02494 -0.208271 456.728 0 0
1500 106.079 -4.48762 17.8512 0.785013 -0.131558 460.976 0 0
1500 94.3264 -43.0782 17.8472 0.563503 -0.675244 465.711 0 0
1500 48.4113 21.1366 17.8596 -0.105959 0.360446 467.458 0 0
1500 99.4656 34.4471 17.8441 0.620642 0.557427 466.095 0 0
1500 60.5813 -34.7875 17.8223 0.0193999 -0.557376 467.452 0 0
1500 35.4559 2.8764 17.9194 -0.383499 -0.0133245 461.771 0 0
1500 52.5958 -14.5566 18.9493 -0.0489983 -0.360392 449.856 0 0
1500 105.442 16.6114 18.8051 1.02224 0.371474 449.908 0 0
1500 15.6795 -4.31676 17.818 -0.702342 -0.129854 461.087 0 0
1500 15.2511 -40.0766 17.8062 -0.694881 -0.669408 462.398 0 0
1500 73.8818 -28.5137 17.8255 0.179972 -0.458416 467.534 0 0
1500 63.098 -56.5131 17.8084 0.0306463 -0.923045 462.079 0 0
1500 3.26152 -9.417 17.812 -0.827677 -0.193166 466.3 0 0
1500 35.8385 -24.0487 17.8243 -0.355562 -0.39611 467.445 0 0
1500 68.5471 29.2449 17.859 0.149688 0.466101 470.046 0 0
1500 65.0659 -47.4988 18.0686 0.142517 -0.795584 462.706 0 0
1500 91.9354 -21.0702 17.8419 0.49105 -0.366723 467.818 0 0
1500 53.4528 -60.837 17.8271 -0.0531162 -0.94933 466.211 0 0
1500 66.408 -61.425 17.824 0.139516 -0.997898 463.429 0 0
1500 24.3239 -47.5069 17.8304 -0.470536 -0.751928 466.668 0 0
1500 25.0672 -56.6336 17.8238 -0.467229 -0.896938 465.571 0 0
1500 94.3573 -40.5611 17.8299 0.567924 -0.693899 462.489 0 0
1500 50.4345 -9.84478 18.1071 -0.0599643 -0.203363 469.649 0 0
1500 74.7947 -10.2175 18.2449 0.319784 -0.247048 458.725 0 0
1500 63.9017 10.7917 18.262 0.071797 0.147842 462.598 0 0
1500 119.131 -20.5833 17.931 1.01346 -0.403056 459.933 0 0
1500 82.9489 -5.39967 17.8526 0.447112 -0.031335 461.72 0 0
1500 32.6543 -18.3427 17.9087 -0.500048 -0.26644 458.649 0 0
1500 81.9909 29.7879 17.9011 0.346167 0.530424 463.401 0 0
1500 51.7937 57.2728 17.8875 -0.117991 0.935275 464.778 0 0
1500 49.023 47.0836 17.8941 -0.161814 0.790351 464.004 0 0
1500 54.9528 14.0452 17.9103 -0.064643 0.25894 470.447 0 0
1500 63.333 19.178 17.9084 0.0582934 0.369418 462.883 0 0
1500 -9.93865 -1.76725 17.8223 -1.03014 -0.0907552 467.094 0 0
1500 36.6388 -41.4504 17.8346 -0.364557 -0.705465 463.895 0 0
1500 61.3458 -15.0441 17.8497 0.0156637 -0.304784 462.744 0 0
1500 41.6229 8.46448 17.8498 -0.293124 0.0632479 462.739 0 0
1500 75.3522 -16.1927 17.8479 0.234496 -0.322165 462.863 0 0
1500 15.4604 -9.89199 17.8375 -0.692972 -0.221034 463.638 0 0
1500 76.4434 2.50711 18.0733 0.361206 -0.0309798 460.692 0 0
1500 75.7393 -0.915134 18.4867 0.347947 -0.0730541 473.378 0 0
1500 18.4678 -41.7752 18.0151 -0.662689 -0.693325 463.642 0 0
1500 37.6987 40.6425 18.2899 -0.324858 0.75934 459.533 0 0
1500 86.093 24.7104 18.0104 0.48272 0.352951 471.667 0 0
1500 76.5719 21.7726 18.0993 0.290658 0.453216 458.336 0 0
1500 99.8483 23.0706 17.845 0.659774 0.356392 471.323 0 0
1500 69.2945 51.453 17.8404 0.243657 0.81859 466.223 0 0
1500 110.978 29.849 17.8332 0.868346 0.48061 467.221 0 0
1500 113.302 31.7347 17.8328 0.870884 0.490727 469.696 0 0
1500 89.5153 28.175 17.846 0.557719 0.466168 465.685 0 0
1500 61.7761 54.9924 17.8391 0.128314 0.870872 466.365 0 0
1500 71.1781 -51.3305 17.9135 0.264992 -0.907601 461.858 0 0
1500 78.5091 -84.9219 17.8544 0.392776 -1.38066 464.919 0 0
1500 83.654 -7.14188 18.4828 0.479727 -0.139152 475.282 0 0
1500 111.871 31.7889 17.9068 0.822103 0.520979 471.116 0 0
1500 11.4625 41.5462 17.9353 -0.746411 0.661071 468.677 0 0
1500 37.7092 36.6359 17.9492 -0.362415 0.60259 467.009 0 0
1500 36.8374 17.203 17.9564 -0.37897 0.306688 466.465 0 0
1500 61.7088 20.1864 17.9595 0.00625935 0.354049 466.255 0 0
1500 99.7104 19.5878 17.8622 0.600828 0.347263 472.87 0 0
1500 66.7523 -3.81676 17.8751 0.149187 0.0180021 466.006 0 0
1500 57.0025 9.25929 17.8743 -0.00352626 0.222656 466.053 0 0
1500 101.287 50.332 17.845 0.652704 0.819204 469.666 0 0
1500 9.81451 -44.7 17.8261 -0.744327 -0.733232 469.63 0 0
1500 91.4792 -54.5025 17.8282 0.475072 -0.889008 468.87 0 0
1500 86.6636 -23.9098 17.8463 0.415659 -0.442862 466.79 0 0
1500 37.9541 -19.4261 17.8508 -0.307731 -0.337471 473.625 0 0
1500 111.044 -34.3934 17.8301 0.773676 -0.590022 468.489 0 0
1500 67.4338 -28.6254 17.9629 0.0779357 -0.4799 463.682 0 0
1500 121.457 87.1522 17.9955 1.0622 1.42271 467.131 0 0
1500 80.6982 -15.1906 17.87 0.35011 -0.276523 474.573 0 0
1500 106.713 -40.0166 17.8049 0.796754 -0.633877 469.804 0 0
1500 35.2005 -32.857 18.2097 -0.399466 -0.572314 464.93 0 0
1500 60.0364 -11.6717 18.0149 -0.0074314 -0.133429 467.414 0 0
1500 100.35 32.686 18.0486 0.660988 0.560783 470.544 0 0
1500 86.8491 27.1449 18.0568 0.468006 0.486566 469.406 0 0
1500 75.0082 -4.12646 18.4581 0.322213 -0.135825 469.637 0 0
1500 87.956 -36.8757 18.0035 0.482948 -0.576669 474.485 0 0
1500 109.018 5.81398 17.9995 0.840488 0.0262312 469.328 0 0
1500 86.1364 -11.616 18.0122 0.452538 -0.218739 475.238 0 0
1500 108.918 16.6357 18.2852 0.964959 0.280225 464.735 0 0
1500 0.216151 -44.9214 17.8775 -0.997957 -0.786867 465.795 0 0
1500 93.6396 15.6334 17.8576 0.602092 0.181293 468.766 0 0
1500 73.8034 7.13005 17.8666 0.265647 0.0446376 475.822 0 0
1500 101.667 -26.1336 17.8483 0.717266 -0.460042 469.596 0 0
1500 49.5016 -49.1788 17.8499 -0.081064 -0.814645 469.435 0 0
1500 45.9354 -25.2483 17.909 -0.256668 -0.389053 469.478 0 0
1500 70.7599 -51.3642 17.8524 0.25701 -0.847257 469.662 0 0
1500 80.6331 -43.6935 17.8273 0.398555 -0.726728 470.338 0 0
1500 39.1 -7.25557 18.2612 -0.32109 -0.166418 467.696 0 0
1500 113.034 -18.7476 17.8067 0.908687 -0.282477 472.048 0 0
1500 86.6178 -34.3216 17.8168 0.516266 -0.527929 470.932 0 0
1500 96.7162 -56.0796 17.8014 0.641914 -0.825035 473.993 0 0
1500 121.499 -18.45 17.8017 1.0044 -0.26916 474.2 0 0
1500 -48.5999 85.812 17.8381 -1.65204 1.42829 469.217 0 0
1500 60.9305 -40.2694 17.893 0.0877838 -0.689228 471.407 0 0
1500 90.0745 -0.0258513 18.0476 0.543954 -0.0736759 471.74 0 0
1500 124.632 6.06461 17.8269 1.09974 0.0385257 470.34 0 0
1500 110.481 -28.9502 17.8733 0.87263 -0.43968 473.443 0 0
1500 61.8461 51.6373 18.1178 0.0618206 0.85077 473.063 0 0
1500 -8.05769 31.935 17.8232 -1.01213 0.50734 476.341 0 0
1500 75.3137 125.843 18.1319 0.373809 2.25485 464.688 0 0
1500 143.033 17.5474 17.8118 1.39361 0.249546 471.623 0 0
1500 53.0851 -14.6498 18.1771 -0.155073 -0.325507 462.949 0 0
1500 50.0293 58.058 17.8756 -0.189977 0.894255 473.603 0 0
1500 115.001 -1.60013 17.8083 0.919778 0.00322377 474.894 0 0
1500 83.9247 60.5203 17.8709 0.452311 0.94012 475.569 0 0
1500 102.713 31.7742 17.878 0.748175 0.525374 474.039 0 0
1500 7.66544 -15.6869 17.9596 -0.81609 -0.271354 474.044 0 0
1500 19.6581 1.6765 17.9429 -0.636434 0.0751152 473.439 0 0
1500 4.71198 18.9216 17.931 -0.851536 0.334891 474.6 0 0
1500 39.7654 63.5236 17.9243 -0.314304 0.989667 475.969 0 0
1500 61.15 46.5884 17.8587 -0.0305404 0.778456 470.928 0 0
1500 47.0383 -43.3295 17.8233 -0.251493 -0.664233 473.528 0 0
1500 106.943 -30.4599 17.988 0.766399 -0.533604 476.88 0 0
1500 64.7949 -10.2237 18.0106 0.121117 -0.210577 482.638 0 0
1500 8.4723 -28.6407 17.8496 -0.796103 -0.494033 476.417 0 0
1500 13.0321 -49.563 17.9259 -0.685723 -0.792876 478.876 0 0
1500 134.855 17.4805 17.8995 1.24498 0.339799 475.471 0 0
1500 92.5072 -33.9169 18.3475 0.657745 -0.707055 466.588 0 0
1500 30.0181 -51.026 17.965 -0.475774 -0.794369 477.987 0 0
1500 -27.1198 -33.8871 17.9408 -1.45558 -0.542668 473.85 0 0
1500 17.8594 57.1117 18.0128 -0.763555 1.01029 470.709 0 0
1500 78.5166 -1.11824 17.9002 0.330838 0.0426864 484.331 0 0
1500 84.8524 48.018 17.8799 0.45613 0.792604 478.543 0 0
1500 102.583 38.7779 17.877 0.720798 0.648162 478.962 0 0
1500 50.6276 11.9395 18.2784 -0.0816511 0.253714 478.607 0 0
1500 57.6844 21.5608 17.8253 0.0475733 0.345499 485.417 0 0
1500 118.351 -6.13601 17.8048 0.923258 -0.0439619 483.465 0 0
1500 38.1093 52.1222 17.807 -0.247576 0.84468 479.44 0 0
1500 90.6219 -52.2918 17.8414 0.566964 -0.807428 480.449 0 0
1500 123.637 2.38038 17.838 1.04692 0.0168328 481.587 0 0
1500 115.11 33.9722 17.8393 0.906607 0.477935 482.619 0 0
1500 110.146 26.5423 17.8462 0.8191 0.362782 483.875 0 0
1500 111.102 17.0876 17.8755 0.868721 0.346479 477.266 0 0
1500 60.306 -59.9253 17.848 0.0260714 -0.933869 483.933 0 0
1500 93.2709 -19.3175 17.8604 0.538155 -0.37564 479.078 0 0
1500 90.3297 15.977 18.2247 0.536691 0.275061 487.373 0 0
1500 98.7778 30.6584 18.2146 0.661197 0.5343 483.27 0 0
1500 129.824 65.3597 17.8098 1.08977 0.987487 486.028 0 0
1500 30.2988 -37.3932 17.8214 -0.396519 -0.646483 481.815 0 0
1500 99.3085 -0.444015 17.8247 0.670906 -0.0768691 481.532 0 0
1500 67.516 -50.4259 17.8196 0.164138 -0.783424 487.119 0 0
1500 33.5682 60.9645 17.9471 -0.372255 0.971384 484.821 0 0
1500 90.3188 -27.9328 18.0674 0.516025 -0.501546 483.786 0 0
1500 94.1385 44.238 17.8423 0.55999 0.693431 488.221 0 0
1500 12.5379 5.42985 17.8935 -0.70154 0.102287 489.546 0 0
1500 89.9261 -19.2463 17.9818 0.584509 -0.31211 484.232 0 0
1500 83.033 4.11322 17.9875 0.481764 0.0470159 483.807 0 0
1500 104.148 -44.6093 17.9645 0.775788 -0.677953 486.512 0 0
1500 116.948 23.544 17.9649 0.967512 0.334106 486.389 0 0
1500 94.9018 -26.2742 18.3715 0.678065 -0.489696 483.272 0 0
1500 84.0614 32.1189 18.2199 0.413006 0.608681 482.292 0 0
1500 46.2475 -66.4781 17.8265 -0.120523 -1.02603 494.305 0 0
1500 114.839 80.0554 17.8099 0.853687 1.19177 496.449 0 0
1500 34.5719 -11.3928 17.8883 -0.342396 -0.226561 498.401 0 0
1500 10.9113 -47.4759 17.8625 -0.706667 -0.767477 495.034 0 0
1500 70.0016 1.24999 17.9919 0.278518 -0.00820612 491.433 0 0
1500 36.0525 34.9076 17.8428 -0.35663 0.546265 498.067 0 0
1500 86.2917 5.78326 18.1149 0.5509 0.089844 493.239 0 0
1500 83.7253 -31.7444 17.9794 0.402479 -0.602331 489.481 0 0
1500 75.2271 -29.4528 17.973 0.337111 -0.508571 495.294 0 0
1500 78.6258 -33.6251 17.9344 0.266158 -0.601648 490.151 0 0
1500 45.3829 64.7896 17.873 -0.139778 1.02642 499.16 0 0
1500 40.6902 51.6305 17.8815 -0.214566 0.84995 497.621 0 0
1500 102.022 45.6194 17.8329 0.709468 0.674512 503.115 0 0
1500 105.015 39.6947 17.8716 0.745883 0.608889 504.149 0 0
1500 161.822 22.3043 17.9847 1.7568 0.440687 498.171 0 0
1500 77.3288 -44.3959 17.9641 0.265775 -0.787946 498.83 0 0
