Total number of secondary electrons: 1612
1500 82.3526 8.47313 16.8136 0.567766 0.151871 225.05 0 0
1500 91.6883 -2.10336 17.7195 0.883137 -0.0249485 236.752 0 0
1500 92.9516 -1.57925 17.7072 0.913033 -0.0398273 236.936 0 0
1500 92.7474 22.3505 14.5496 0.516062 0.358765 245.523 0 0
1500 94.2972 -0.259049 16.6833 0.811166 -0.0370456 253.407 0 0
1500 110.069 3.39339 14.4006 0.767437 0.0727343 257.17 0 0
1500 92.3219 1.06874 14.6039 0.571916 0.0123811 259.038 0 0
1500 110.221 10.1212 17.2578 1.23025 0.175356 266.408 0 0
1500 86.9548 7.92099 16.5661 0.681738 0.139792 267.327 0 0
1500 10.1013 250.529 13.9342 -0.612758 3.25358 269.522 0 0
1500 19.0555 -10.5963 14.1376 -0.498564 -0.129874 270.038 0 0
1500 119.396 27.7156 15.1485 1.10077 0.487863 271.272 0 0
1500 64.8529 -11.9114 14.1512 0.115241 -0.20573 271.721 0 0
1500 91.117 33.437 14.4109 0.483846 0.446623 273.155 0 0
1500 131.665 9.2953 14.0928 0.938678 0.0783097 273.285 0 0
1500 49.875 17.4323 14.5539 -0.0719817 0.246465 274.509 0 0
1500 32.2048 5.11184 14.3374 -0.329033 0.0524107 274.562 0 0
1500 28.9105 -10.0364 14.3426 -0.367942 -0.128772 274.683 0 0
1500 75.8102 -19.3372 14.2446 0.207735 -0.28771 275.826 0 0
1500 80.5006 -2.87289 15.474 0.434777 -0.0694843 276.632 0 0
1500 111.511 -48.208 14.295 0.689438 -0.600237 277.777 0 0
1500 478.978 99.9932 14.2916 5.58023 1.30702 278.943 0 0
1500 139.7 12.6919 14.2353 1.00675 0.148577 279.978 0 0
1500 74.6426 32.0393 14.4842 0.247917 0.432704 280.605 0 0
1500 -1.7739 14.9643 14.2723 -0.78091 0.235488 280.88 0 0
1500 95.9848 73.0541 14.3669 0.53572 0.976754 282.015 0 0
1500 67.6604 -28.2656 14.3759 0.195989 -0.377939 282.547 0 0
1500 58.0394 -7.11279 14.231 0.0598691 -0.104418 282.692 0 0
1500 88.5086 16.4951 15.2037 0.492339 0.238751 283.183 0 0
1500 94.722 9.70972 16.4386 0.737086 0.108878 283.575 0 0
1500 84.0874 21.2736 14.5792 0.378639 0.301734 284.086 0 0
1500 99.6779 -10.9621 14.3005 0.553279 -0.174693 284.235 0 0
1500 35.4413 -39.8329 14.6337 -0.362554 -0.61823 284.743 0 0
1500 97.8499 -10.6625 14.2116 0.484249 -0.184301 284.854 0 0
1500 7.62363 65.977 14.0354 -0.579555 0.811435 285.541 0 0
1500 41.4373 13.474 14.1646 -0.271975 0.187354 285.544 0 0
1500 -19.995 42.5936 13.9917 -0.885112 0.53782 286.554 0 0
1500 92.2352 22.0757 16.4225 0.798861 0.44364 286.975 0 0
1500 108.249 -6.87611 16.8327 1.07645 -0.122108 287.307 0 0
1500 127.23 -27.3168 15.475 1.27982 -0.433754 288.812 0 0
1500 90.953 50.3477 13.8731 0.446904 0.577979 289.443 0 0
1500 98.6799 -5.14167 14.8042 0.630465 -0.031283 290.964 0 0
1500 88.3466 4.17887 16.5493 0.695306 0.0671504 292.151 0 0
1500 108.284 -4.52772 14.348 0.791463 -0.145254 292.531 0 0
1500 140.439 21.5724 13.7526 0.995034 0.22862 292.648 0 0
1500 16.8366 78.5085 13.7182 -0.502809 0.8937 293.458 0 0
1500 43.9462 -65.4552 13.9223 -0.190149 -0.84046 293.516 0 0
1500 -9.98216 -23.3636 13.7635 -0.873718 -0.341768 294.374 0 0
1500 61.3044 -63.6573 13.7882 -0.0180226 -0.805558 294.99 0 0
1500 90.2749 -8.48884 15.9704 0.642284 -0.128134 295.093 0 0
1500 89.1859 2.67749 15.1748 0.563923 -0.00732485 295.21 0 0
1500 19.0421 -50.1249 13.8239 -0.546865 -0.624078 298.147 0 0
1500 119.493 11.8215 13.7622 0.758241 0.202218 298.437 0 0
1500 74.6587 58.0711 13.762 0.216131 0.760932 298.48 0 0
1500 86.6187 4.90599 14.9346 0.500746 0.00468813 299.545 0 0
1500 96.7692 -21.7932 14.0497 0.482824 -0.31115 300.306 0 0
1500 84.5077 -6.23833 13.9777 0.372966 -0.0226485 301.856 0 0
1500 -56.1306 41.5371 13.8351 -1.36819 0.517066 302.535 0 0
1500 -60.1676 -33.3617 13.9888 -1.57056 -0.421309 302.605 0 0
1500 84.991 -7.32856 15.5876 0.514992 -0.12293 302.699 0 0
1500 112.766 -23.7433 13.9136 0.725677 -0.308389 302.704 0 0
1500 115.029 13.8784 14.0415 0.731143 0.218374 303.397 0 0
1500 59.3372 14.7348 14.407 0.0246111 0.161609 303.479 0 0
1500 124.379 -56.4004 13.9738 0.888794 -0.684585 303.478 0 0
1500 146.233 24.0284 14.1789 1.23951 0.346928 303.64 0 0
1500 83.8735 -2.07474 14.5003 0.431003 -0.0544518 304.327 0 0
1500 76.7144 18.7043 15.163 0.359862 0.266489 304.63 0 0
1500 116.801 43.1648 14.1033 0.740097 0.559404 304.779 0 0
1500 83.1116 -5.46442 14.864 0.47334 -0.0959981 305.679 0 0
1500 80.6347 9.04874 14.2084 0.34603 0.147054 306.282 0 0
1500 86.4187 -1.71217 15.3511 0.4671 -0.0115767 306.367 0 0
1500 61.8826 -60.0406 14.5631 0.0940514 -0.858749 306.433 0 0
1500 91.7521 8.22616 14.1735 0.4515 0.0447889 307.022 0 0
1500 69.2186 59.1184 14.2217 0.135414 0.696501 307.639 0 0
1500 52.8002 -21.76 14.4948 -0.0264089 -0.286272 307.66 0 0
1500 117.339 22.7635 14.3887 0.77779 0.307958 308.28 0 0
1500 127.721 54.0506 14.611 1.03299 0.720643 308.533 0 0
1500 129.462 17.0889 14.4808 0.912156 0.23707 309.285 0 0
1500 96.7321 -15.1881 16.6624 0.771192 -0.230456 309.457 0 0
1500 85.1773 10.5225 14.5433 0.414427 0.0972964 309.698 0 0
1500 47.2525 21.5459 15.1704 -0.138743 0.319091 309.814 0 0
1500 110.484 41.3256 14.4593 0.616314 0.555373 309.912 0 0
1500 124.016 -43.1961 14.462 0.814748 -0.564529 310.511 0 0
1500 -8.58725 40.0523 14.5147 -0.81041 0.531075 311.297 0 0
1500 101.443 2.83806 15.0613 0.644171 0.011498 311.354 0 0
1500 99.8533 1.8823 15.8766 0.693957 0.0327063 312.175 0 0
1500 57.3762 -66.885 14.5777 0.0334764 -0.855973 312.351 0 0
1500 87.8207 4.11335 16.4142 0.595355 0.0865767 312.38 0 0
1500 39.7126 -31.4818 14.5685 -0.271487 -0.431 312.667 0 0
1500 112.16 -28.7195 14.5605 0.729023 -0.346778 312.714 0 0
1500 119.993 56.9961 14.5447 0.731712 0.696828 312.776 0 0
1500 106.771 3.95002 16.9234 0.942129 0.0422313 313.596 0 0
1500 126.205 -3.76935 14.5921 0.882177 -0.0306514 314.501 0 0
1500 -9.479 18.7907 14.6312 -0.860036 0.187112 314.609 0 0
1500 65.2055 -46.4282 14.9648 0.0617717 -0.641857 315.082 0 0
1500 127.121 30.6488 16.2813 1.29379 0.513529 315.09 0 0
1500 89.5638 -48.0733 14.9563 0.445213 -0.628345 315.433 0 0
1500 125.507 39.2005 14.6775 0.861074 0.483154 315.712 0 0
1500 132.131 -37.9584 14.7649 0.932311 -0.446937 315.992 0 0
1500 105.169 -21.7914 16.3654 0.879801 -0.351667 316 0 0
1500 58.6912 -1.20525 14.9813 -0.0547843 -0.0507248 316.959 0 0
1500 103.356 -32.3026 14.9627 0.599894 -0.46046 317.032 0 0
1500 -33.7248 -3.87269 14.8108 -1.15256 -0.0374302 317.486 0 0
1500 99.5207 7.84249 14.9926 0.507929 0.116203 317.515 0 0
1500 73.6602 -14.7806 15.2508 0.251206 -0.272823 317.59 0 0
1500 78.3863 -2.72651 15.5954 0.340693 -0.0493437 317.699 0 0
1500 46.7531 -14.6575 15.153 -0.135 -0.180303 318.124 0 0
1500 58.4954 39.2666 15.1821 -0.0170673 0.503561 319.326 0 0
1500 105.668 33.3014 16.0821 0.884168 0.546157 319.51 0 0
1500 89.1983 -15.2809 15.9495 0.545194 -0.205719 319.977 0 0
1500 71.4433 2.22141 15.3687 0.234673 -0.00527116 320.032 0 0
1500 62.8318 -98.4371 14.94 0.0325399 -1.2228 320.034 0 0
1500 60.7863 -28.8385 15.0737 0.0670127 -0.356933 321.728 0 0
1500 88.3419 1.88482 15.3587 0.462707 -0.0190917 322.125 0 0
1500 78.6333 8.37 15.207 0.327301 0.0605106 322.389 0 0
1500 109.514 37.1707 15.3027 0.734187 0.489223 323.465 0 0
1500 48.8187 -0.59416 15.2883 -0.155682 0.0317912 324.276 0 0
1500 78.9197 11.8076 15.0171 0.308024 0.200312 324.412 0 0
1500 24.8039 -33.5837 15.1927 -0.436695 -0.452018 324.529 0 0
1500 54.8013 42.4643 15.0065 -4.18719e-05 0.587433 325.006 0 0
1500 87.6594 1.87717 16.5218 0.546154 0.0850143 325.043 0 0
1500 88.2922 11.134 17.1422 0.665279 0.216775 325.148 0 0
1500 79.2765 -23.6753 15.2758 0.288235 -0.300671 325.149 0 0
1500 98.3301 4.61643 16.2458 0.679087 0.0748271 325.67 0 0
1500 96.9042 38.4833 14.9903 0.52887 0.532117 325.726 0 0
1500 118.047 17.6437 14.9802 0.789357 0.268581 326.241 0 0
1500 70.3627 62.3975 14.9776 0.19393 0.826081 326.348 0 0
1500 58.4081 8.34155 15.7993 0.0561545 0.115112 326.405 0 0
1500 123.231 18.2526 14.9729 0.849199 0.274609 326.7 0 0
1500 94.9677 -60.3031 15.1089 0.517098 -0.775113 326.973 0 0
1500 84.8107 1.31955 16.8853 0.58577 -0.0180824 327.111 0 0
1500 74.5084 1.17289 15.4404 0.327152 0.0102203 327.309 0 0
1500 135.023 4.5837 14.9919 0.982399 0.103586 327.778 0 0
1500 73.1521 17.5734 15.3715 0.178864 0.236407 328.099 0 0
1500 72.0565 -44.1276 15.3925 0.171421 -0.645159 328.496 0 0
1500 104.401 -27.5966 15.0507 0.623023 -0.398641 328.651 0 0
1500 64.3839 5.22615 15.0784 0.0864507 0.131269 329.143 0 0
1500 62.4807 82.5328 15.0308 0.0923996 1.04012 329.197 0 0
1500 182.178 -25.1583 15.4775 1.84844 -0.395279 329.623 0 0
1500 95.1747 31.7794 15.22 0.54629 0.414647 329.845 0 0
1500 109.023 64.5532 15.1049 0.67102 0.801921 330.527 0 0
1500 39.3937 -73.324 15.0944 -0.190499 -0.951837 330.502 0 0
1500 113.778 -50.5215 15.0998 0.72235 -0.669797 330.704 0 0
1500 106.277 17.2663 15.2819 0.689276 0.214396 330.965 0 0
1500 115.689 57.8364 15.0901 0.71698 0.72672 331.04 0 0
1500 120.359 23.8084 15.3196 0.837964 0.333462 331.124 0 0
1500 82.104 18.116 15.0987 0.356452 0.193574 331.263 0 0
1500 103.82 66.2506 15.1025 0.574689 0.822194 331.413 0 0
1500 33.2 -36.0286 15.3131 -0.376389 -0.528808 331.52 0 0
1500 137.169 121.789 16.3622 1.40133 2.14542 331.879 0 0
1500 61.0026 39.4871 15.2098 -0.0112411 0.529311 332.267 0 0
1500 126.191 12.0544 15.3413 0.920644 0.146664 332.45 0 0
1500 87.7537 -11.2342 17.0894 0.621862 -0.14739 333.014 0 0
1500 90.0846 9.64091 16.8976 0.633238 0.122916 333.169 0 0
1500 130.042 19.9068 15.2975 0.889589 0.256069 333.694 0 0
1500 129.983 8.03122 15.3252 0.885641 0.118255 334.012 0 0
1500 101.372 -11.0575 16.502 0.704041 -0.168251 334.316 0 0
1500 81.128 69.1936 15.3274 0.24069 0.920782 334.341 0 0
1500 69.0238 -8.18635 16.9472 0.284004 -0.208096 334.67 0 0
1500 46.1881 33.483 15.4047 -0.0967991 0.419678 335.138 0 0
1500 90.8576 -5.80711 17.6355 0.688397 -0.062982 335.904 0 0
1500 55.6475 49.2916 15.5691 -0.035733 0.671559 335.898 0 0
1500 78.6975 48.8605 15.5812 0.250716 0.664767 336.07 0 0
1500 81.9511 -60.2931 15.6336 0.304137 -0.84814 336.088 0 0
1500 95.601 14.0374 15.5093 0.477864 0.183074 336.101 0 0
1500 82.3544 -20.6101 15.8541 0.345842 -0.268551 336.149 0 0
1500 88.3364 23.5184 15.6656 0.497828 0.335791 336.364 0 0
1500 103.258 -56.6631 15.6622 0.588656 -0.796389 336.643 0 0
1500 78.2899 -1.87601 15.5709 0.29747 0.0273942 336.813 0 0
1500 103.32 -8.78002 15.8612 0.658681 -0.0980582 337.476 0 0
1500 82.5126 -14.3033 15.779 0.294816 -0.226421 337.662 0 0
1500 52.0575 -64.2103 15.6505 -0.0484922 -0.8577 338.627 0 0
1500 99.8961 -34.9446 15.7757 0.51878 -0.504778 338.662 0 0
1500 100.238 33.281 15.7353 0.518758 0.477433 338.985 0 0
1500 14.2353 36.0582 15.9173 -0.5787 0.528171 339.068 0 0
1500 97.9421 -13.5655 15.812 0.582621 -0.175149 340.246 0 0
1500 -6.73378 137.234 15.7969 -0.790487 1.8114 340.266 0 0
1500 85.8643 -31.2167 16.2576 0.36801 -0.464117 340.718 0 0
1500 26.9988 -39.0707 16.145 -0.431312 -0.562928 340.8 0 0
1500 99.3875 -6.9608 17.1589 0.697128 -0.101006 341.95 0 0
1500 47.4721 9.56759 16.2196 -0.158585 0.12356 342.12 0 0
1500 78.677 -16.1591 16.1914 0.245603 -0.233594 342.549 0 0
1500 80.3657 -6.72171 16.4177 0.310287 -0.141578 342.879 0 0
1500 21.0807 -78.7418 15.9581 -0.455525 -1.0202 343.036 0 0
1500 81.238 -2.88328 17.4979 0.512857 -0.0628402 343.112 0 0
1500 86.0604 57.6831 16.695 0.444396 0.941756 343.428 0 0
1500 92.6177 -7.49402 16.6758 0.533937 -0.146983 343.75 0 0
1500 85.8507 -29.6272 16.6876 0.450133 -0.416563 343.946 0 0
1500 38.2729 10.3124 16.3179 -0.284756 0.141098 344.137 0 0
1500 83.6055 -13.1428 16.3044 0.381351 -0.226981 344.28 0 0
1500 97.2428 0.257098 16.2128 0.506715 0.0206488 344.306 0 0
1500 62.7188 8.28478 16.9999 0.115333 0.101429 344.666 0 0
1500 102.956 4.99095 16.9763 0.707358 0.0421909 344.875 0 0
1500 82.9409 14.4869 17.4948 0.477629 0.227455 345.171 0 0
1500 42.5498 -28.9295 16.1652 -0.255897 -0.341494 345.241 0 0
1500 89.5681 18.887 16.5404 0.478499 0.303115 345.275 0 0
1500 65.6345 -12.927 16.9476 0.198794 -0.185642 345.818 0 0
1500 86.774 -5.70645 17.2123 0.471243 -0.0897727 346.132 0 0
1500 4.72682 12.6959 16.2272 -0.737711 0.197906 346.385 0 0
1500 78.1038 52.3976 16.3742 0.248396 0.730739 346.459 0 0
1500 54.9697 12.5687 16.7704 0.00388884 0.187717 347.242 0 0
1500 43.9447 7.30728 16.3043 -0.222778 0.149448 347.31 0 0
1500 92.5226 17.1722 16.3414 0.519737 0.220028 347.508 0 0
1500 29.4657 -14.386 16.318 -0.411436 -0.134947 347.584 0 0
1500 26.2563 35.8199 16.648 -0.439866 0.518088 347.941 0 0
1500 73.1546 59.3342 16.6351 0.247718 0.969845 348.018 0 0
1500 104.674 -4.71293 16.4019 0.640208 -0.126652 348.266 0 0
1500 -13.266 29.8997 16.3653 -0.939826 0.406286 348.778 0 0
1500 72.0001 -3.9574 17.3717 0.321239 -0.0331284 348.853 0 0
1500 102.587 11.1285 17.2242 0.699949 0.176052 348.849 0 0
1500 35.9267 0.042389 16.5853 -0.324116 0.011301 348.837 0 0
1500 -4.03724 -5.51535 16.3959 -0.833409 -0.0185095 349.09 0 0
1500 101.906 -1.14946 16.4392 0.632786 0.0107065 349.123 0 0
1500 101.278 33.7576 16.5586 0.604632 0.464174 349.191 0 0
1500 92.2889 64.9499 16.4279 0.416401 0.876053 349.199 0 0
1500 104.545 9.49311 16.4486 0.665379 0.14825 349.308 0 0
1500 117.923 -35.2888 16.7726 0.867224 -0.562504 349.907 0 0
1500 84.9404 -4.51756 18.2669 0.570822 -0.100039 350.094 0 0
1500 80.7749 -11.4547 16.7399 0.331263 -0.155793 350.12 0 0
1500 64.0241 -0.876607 16.7931 0.0967564 0.0490216 350.292 0 0
1500 107.509 41.0818 16.5064 0.693781 0.548735 350.414 0 0
1500 56.6075 19.5211 16.6157 0.0179991 0.270842 351.357 0 0
1500 69.2763 -23.401 17.0171 0.209471 -0.360508 351.299 0 0
1500 78.6902 -45.6486 16.7935 0.337628 -0.628692 351.719 0 0
1500 96.4739 -10.6164 16.6763 0.575675 -0.129003 351.712 0 0
1500 93.0205 44.4537 16.8185 0.470665 0.625682 351.737 0 0
1500 98.6632 -8.27482 16.8375 0.618869 -0.112875 351.785 0 0
1500 94.6094 -36.5348 16.8003 0.539417 -0.511752 351.855 0 0
1500 132.567 14.2925 16.5856 0.994798 0.203575 351.86 0 0
1500 5.0762 56.4287 16.5296 -0.722377 0.732963 351.931 0 0
1500 -108.827 -9.19805 16.6417 -2.269 -0.143682 351.937 0 0
1500 80.9848 42.7968 16.9239 0.340778 0.631555 352.009 0 0
1500 22.224 -3.73826 17.1062 -0.528862 -0.0451779 352.029 0 0
1500 97.3849 18.9815 16.6044 0.52745 0.323254 352.166 0 0
1500 45.6794 -31.9739 16.8934 -0.127559 -0.50905 352.289 0 0
1500 106.021 8.06681 16.9846 0.715302 0.0820148 352.758 0 0
1500 64.8948 6.17777 17.888 0.15492 0.102496 352.772 0 0
1500 20.1904 -70.4559 16.6335 -0.499321 -0.903327 352.796 0 0
1500 98.8689 69.5148 16.6493 0.565236 0.882314 352.973 0 0
1500 22.5457 28.9927 16.9019 -0.537269 0.380846 353.032 0 0
1500 130.064 15.358 18.1144 1.41071 0.243519 353.073 0 0
1500 52.1919 10.1429 16.7521 -0.0940059 0.193108 353.718 0 0
1500 30.0819 6.14215 16.7752 -0.348631 0.114912 353.85 0 0
1500 76.2519 -13.4682 17.5011 0.346938 -0.228557 353.927 0 0
1500 52.1451 21.0524 16.9893 -0.0543656 0.3325 354.004 0 0
1500 62.0753 -7.42053 16.9376 0.0939627 -0.136442 354.206 0 0
1500 48.145 -23.964 17.0526 -0.0883182 -0.370736 354.332 0 0
1500 111.37 24.0282 17.0172 0.774007 0.311424 354.409 0 0
1500 62.9523 32.9251 16.753 0.00883844 0.413213 354.753 0 0
1500 130.251 -39.1357 16.7511 0.982632 -0.463017 354.763 0 0
1500 103.658 -11.3419 17.2609 0.702338 -0.148252 354.918 0 0
1500 -10.873 -27.4305 16.7268 -0.885461 -0.303832 355.224 0 0
1500 87.0518 6.31756 18.3299 0.589032 0.117767 355.233 0 0
1500 119.641 41.2385 16.7881 0.798897 0.518602 355.275 0 0
1500 52.904 -19.4689 17.0158 -0.080513 -0.298844 355.397 0 0
1500 58.4836 -56.9506 16.9449 -0.0144542 -0.801744 355.463 0 0
1500 160.55 -0.231578 17.1548 1.58069 0.00939311 355.482 0 0
1500 85.3495 50.1441 16.8154 0.334867 0.727249 355.605 0 0
1500 87.5481 -0.316354 17.6571 0.539178 0.0141219 355.691 0 0
1500 66.4642 -55.1527 17.0208 0.142986 -0.870914 355.707 0 0
1500 75.853 9.60713 17.6461 0.288575 0.162021 355.866 0 0
1500 114.052 21.2516 17.9169 1.04027 0.338208 355.91 0 0
1500 65.0861 -21.8722 17.362 0.148554 -0.339867 356.284 0 0
1500 37.5885 13.2971 17.3412 -0.295025 0.199511 356.328 0 0
1500 86.2024 -47.7355 16.9309 0.395389 -0.675301 356.58 0 0
1500 186.233 41.2164 17.1327 2.00222 0.573988 356.527 0 0
1500 80.294 -23.3321 17.8312 0.41827 -0.34557 356.644 0 0
1500 113.787 -66.3445 17.0342 0.896565 -0.980098 356.72 0 0
1500 74.8764 34.2217 16.8623 0.163081 0.447116 356.81 0 0
1500 80.6059 3.05568 17.7116 0.390911 0.0690515 357.002 0 0
1500 73.1519 -6.37765 17.1157 0.23014 -0.144404 356.973 0 0
1500 64.0465 -17.0442 17.3497 0.075528 -0.223211 357.298 0 0
1500 44.1342 -42.4539 17.0145 -0.16949 -0.643997 357.311 0 0
1500 75.05 4.90328 18.6942 0.426606 0.0699935 357.799 0 0
1500 91.8496 -10.7341 16.9502 0.45172 -0.102021 357.795 0 0
1500 74.5266 17.465 17.9737 0.317882 0.243148 357.995 0 0
1500 77.2782 25.9443 17.5608 0.339154 0.389197 358.139 0 0
1500 92.9376 -48.5294 17.0105 0.451963 -0.689685 358.254 0 0
1500 81.8346 -2.974 17.578 0.428613 0.0101744 358.286 0 0
1500 72.3466 21.2781 17.5792 0.308481 0.316851 358.314 0 0
1500 73.6087 3.52995 18.1862 0.363723 0.0194439 358.35 0 0
1500 34.4532 -10.3649 17.2034 -0.321388 -0.184256 358.605 0 0
1500 93.9678 17.7264 17.5935 0.566777 0.277808 358.814 0 0
1500 13.1848 -3.39783 17.3733 -0.721644 -0.108963 359.285 0 0
1500 10.526 -37.1365 17.1058 -0.75575 -0.574827 359.396 0 0
1500 91.6573 -18.562 17.7592 0.578779 -0.253465 359.783 0 0
1500 31.5022 47.2387 17.1374 -0.373898 0.683611 359.815 0 0
1500 8.94914 54.1588 17.0771 -0.735062 0.799743 359.876 0 0
1500 122.083 -92.7386 17.0092 0.805236 -1.25677 359.962 0 0
1500 -7.19897 143.78 16.9882 -0.772381 1.82851 360.05 0 0
1500 75.7497 -31.5406 17.5538 0.278664 -0.46613 360.16 0 0
1500 67.8927 26.7661 17.6588 0.190481 0.402488 360.141 0 0
1500 127.962 17.9167 17.0679 0.953145 0.290684 360.169 0 0
1500 22.3039 34.1053 17.0977 -0.451778 0.517998 360.386 0 0
1500 85.2947 3.17078 17.6465 0.424094 0.0691441 360.582 0 0
1500 121.618 38.9 17.0739 0.851753 0.565186 360.794 0 0
1500 80.017 40.6728 17.3397 0.329005 0.598077 360.981 0 0
1500 53.2113 -46.8658 17.6212 -0.107224 -0.848824 361.011 0 0
1500 88.2472 -15.9193 17.6754 0.489131 -0.316007 361.141 0 0
1500 91.3846 2.36805 17.6541 0.516323 0.0940235 361.223 0 0
1500 98.74 -5.06576 17.5303 0.643871 -0.0365487 361.34 0 0
1500 26.267 -1.24637 17.1663 -0.484792 0.0231043 361.493 0 0
1500 18.4964 69.0201 17.2439 -0.574969 1.02282 361.526 0 0
1500 98.2865 -34.1176 17.2215 0.601275 -0.567654 361.563 0 0
1500 81.8534 4.25642 18.5371 0.457014 0.0885454 361.801 0 0
1500 48.824 66.0189 17.1391 -0.155025 0.925227 361.955 0 0
1500 42.5453 -11.2959 17.362 -0.253749 -0.101883 362.265 0 0
1500 73.7961 13.6868 17.3897 0.310262 0.206458 362.452 0 0
1500 37.3895 21.4322 17.367 -0.314326 0.325639 362.494 0 0
1500 37.9774 17.1847 17.207 -0.329745 0.283959 362.501 0 0
1500 60.8733 13.5914 17.9218 0.0731304 0.182969 362.821 0 0
1500 77.9581 -3.74617 17.6718 0.335891 -0.0205026 363.007 0 0
1500 75.9678 10.9795 18.6914 0.425244 0.191425 363.161 0 0
1500 59.1411 -36.8952 17.301 0.00247494 -0.573357 363.143 0 0
1500 58.936 -19.8512 17.5901 0.0827909 -0.378923 363.182 0 0
1500 81.8365 4.48772 18.5231 0.511111 0.0955444 363.328 0 0
1500 75.2488 45.2183 17.3689 0.214808 0.670577 363.572 0 0
1500 78.8595 -10.0367 18.6077 0.423111 -0.181574 363.762 0 0
1500 72.9846 -31.5449 17.3195 0.202089 -0.42447 363.859 0 0
1500 146.638 -8.20659 17.3283 1.32284 -0.133256 363.945 0 0
1500 52.701 -38.5883 17.455 -0.0417475 -0.598408 363.994 0 0
1500 92.1146 -58.7563 17.4005 0.572259 -0.969786 364.305 0 0
1500 74.758 0.420718 18.2222 0.398335 0.0402094 364.478 0 0
1500 96.5741 46.033 17.3224 0.602431 0.638427 364.487 0 0
1500 130.425 -29.1362 17.3951 1.18494 -0.482765 364.566 0 0
1500 111.139 -0.0320795 17.2924 0.779992 -0.0575588 364.679 0 0
1500 59.77 57.6144 17.4238 -0.0148553 0.875103 364.664 0 0
1500 32.0309 -48.0288 17.2931 -0.315868 -0.722232 364.708 0 0
1500 57.9543 -66.2895 17.3353 0.0565086 -1.02188 364.747 0 0
1500 79.6001 -17.722 18.1658 0.405994 -0.296409 364.791 0 0
1500 52.9188 -60.4079 17.3352 -0.0363857 -0.888953 365.01 0 0
1500 87.8178 4.81609 18.082 0.480863 0.0733317 365.061 0 0
1500 80.0168 0.698399 17.5498 0.380028 0.0690398 365.276 0 0
1500 99.0486 50.3604 17.3221 0.595234 0.705386 365.314 0 0
1500 130.83 159.616 17.7866 1.33063 2.84159 365.418 0 0
1500 51.1955 -4.23416 17.545 -0.11136 -0.0017153 365.561 0 0
1500 93.1128 20.2503 17.4808 0.558189 0.328046 365.688 0 0
1500 90.378 -22.5595 17.902 0.543724 -0.361783 365.736 0 0
1500 67.8307 43.2381 17.5812 0.15326 0.662181 365.792 0 0
1500 52.7816 -36.5346 17.4593 -0.0894803 -0.574533 365.828 0 0
1500 66.5406 -25.3322 17.522 0.0858935 -0.420502 365.914 0 0
1500 113.087 37.1801 17.3477 0.772522 0.527612 366.003 0 0
1500 97.4902 -32.2304 17.499 0.622343 -0.49089 366.096 0 0
1500 80.5584 -26.2463 17.6584 0.320993 -0.422376 366.117 0 0
1500 87.4327 -34.994 17.4605 0.412504 -0.557182 366.084 0 0
1500 77.4791 14.9505 17.7259 0.327403 0.1734 366.203 0 0
1500 48.4771 -46.4136 17.463 -0.132618 -0.71574 366.215 0 0
1500 77.2952 44.0073 17.5417 0.289895 0.679687 366.39 0 0
1500 67.3102 -3.94124 17.5653 0.189013 -0.05429 366.471 0 0
1500 95.064 -42.7155 17.5593 0.526753 -0.693314 366.685 0 0
1500 77.854 -40.3628 17.7095 0.296179 -0.626909 366.685 0 0
1500 94.6286 -8.35701 18.1259 0.673513 -0.114097 366.683 0 0
1500 104.2 -5.81464 17.7003 0.747706 -0.100183 366.684 0 0
1500 98.2173 48.5838 17.3203 0.635466 0.675788 366.687 0 0
1500 44.1737 -28.151 17.5637 -0.207555 -0.464309 366.643 0 0
1500 139.654 -38.1538 17.4957 1.33107 -0.559428 366.785 0 0
1500 51.5263 12.9618 17.9306 -0.0670474 0.228427 366.883 0 0
1500 78.2006 7.78274 18.1522 0.387822 0.171334 366.995 0 0
1500 73.5097 21.0116 18.1631 0.290499 0.344022 367.082 0 0
1500 89.9848 16.102 17.7318 0.533393 0.283043 367.189 0 0
1500 49.7372 -41.7902 17.4169 -0.168686 -0.626839 367.293 0 0
1500 126.663 -16.0444 17.3072 0.991383 -0.255886 367.379 0 0
1500 44.4008 -24.6942 17.4266 -0.258572 -0.376892 367.51 0 0
1500 64.0238 4.36951 17.7704 0.149787 0.0945844 367.616 0 0
1500 49.4038 -34.3634 17.4079 -0.0993896 -0.564138 367.675 0 0
1500 102.136 48.8594 17.4439 0.665827 0.760689 367.82 0 0
1500 117.637 9.95996 17.4951 0.915184 0.139261 367.88 0 0
1500 65.4829 14.4432 17.645 0.204752 0.241095 367.96 0 0
1500 43.2253 -43.2414 17.4139 -0.187204 -0.687686 368.112 0 0
1500 58.0501 -16.9183 17.8826 0.068038 -0.250949 368.336 0 0
1500 86.7109 32.1629 17.6417 0.424456 0.522792 368.375 0 0
1500 53.5027 -9.1762 17.5533 -0.115105 -0.115107 368.384 0 0
1500 129.807 20.7833 17.3387 1.01914 0.24347 368.47 0 0
1500 63.1237 -52.7117 17.4213 0.0969413 -0.817592 368.594 0 0
1500 78.4385 -0.224006 17.7574 0.405031 -0.0278456 368.632 0 0
1500 95.4218 -31.0043 17.6767 0.614152 -0.504367 368.782 0 0
1500 39.3189 60.3779 17.5087 -0.331218 0.96534 368.808 0 0
1500 91.5957 3.14486 17.6636 0.570829 0.0856188 368.871 0 0
1500 62.9859 -47.6287 17.482 0.142095 -0.743903 368.897 0 0
1500 71.7483 12.9245 18.2588 0.316243 0.243158 368.929 0 0
1500 64.0317 1.91659 17.6132 0.0882217 -0.0366426 369.268 0 0
1500 107.9 1.56738 18.0915 0.830865 0.0372503 369.452 0 0
1500 144.243 -9.0617 17.5203 1.37443 -0.117674 369.689 0 0
1500 97.5708 -33.6932 17.5629 0.679529 -0.576138 370.11 0 0
1500 53.2019 56.8994 17.4768 -0.0192461 0.868552 370.284 0 0
1500 83.2766 -40.7427 17.4312 0.411429 -0.64479 370.394 0 0
1500 51.5515 53.5534 17.6287 -0.0821776 0.817305 370.558 0 0
1500 68.4649 -64.8275 17.6488 0.187043 -1.04903 370.585 0 0
1500 102.322 -10.4126 17.7925 0.716047 -0.203057 370.873 0 0
1500 75.7633 2.60459 18.0427 0.331435 0.125804 370.888 0 0
1500 93.1154 -1.25074 17.7224 0.56884 0.053486 370.962 0 0
1500 104.085 -16.6045 17.7952 0.738751 -0.289726 371.085 0 0
1500 75.6083 62.0898 17.4901 0.296858 0.93144 371.124 0 0
1500 41.6507 -70.4054 17.4779 -0.200423 -1.02867 371.36 0 0
1500 125.116 4.5742 17.4943 0.991406 0.120197 371.366 0 0
1500 124.621 -21.5193 17.4217 0.975187 -0.349891 371.405 0 0
1500 111.985 -39.9818 18.0204 1.04077 -0.73297 371.486 0 0
1500 22.7921 18.0963 17.6049 -0.551167 0.340334 371.75 0 0
1500 75.8258 -6.31021 17.8419 0.25745 -0.144828 371.908 0 0
1500 62.3874 3.85299 17.7417 0.122601 0.0026392 372.102 0 0
1500 68.2226 3.87511 18.0549 0.242111 0.123568 372.01 0 0
1500 85.0699 -29.2299 19.1235 0.649948 -0.588109 372.322 0 0
1500 83.3014 -65.028 17.5067 0.36379 -0.940982 372.458 0 0
1500 114.544 42.2677 17.5168 0.829598 0.639538 372.505 0 0
1500 96.2693 -58.0625 17.5093 0.537876 -0.84609 372.549 0 0
1500 93.5594 -58.988 17.513 0.500507 -0.857007 372.682 0 0
1500 95.0829 -9.69722 18.3553 0.689621 -0.153477 372.692 0 0
1500 81.9255 15.2909 18.302 0.480095 0.270634 372.813 0 0
1500 96.3348 -1.14664 18.3871 0.694543 0.0313777 372.861 0 0
1500 57.4846 -5.00638 18.4003 0.0454736 -0.0534521 372.858 0 0
1500 112.749 -122.785 17.6284 0.946024 -1.98495 372.943 0 0
1500 97.6506 21.428 18.993 0.912076 0.540848 372.945 0 0
1500 65.641 8.27517 17.9832 0.124606 0.153915 373.025 0 0
1500 64.5497 63.4016 17.5938 0.111529 1.05658 373.042 0 0
1500 14.3645 10.9618 17.6491 -0.678363 0.129755 373.154 0 0
1500 68.396 -16.2655 17.764 0.241649 -0.282754 373.193 0 0
1500 89.1624 -51.874 17.5451 0.435165 -0.750619 373.755 0 0
1500 90.6112 35.0929 17.7159 0.488504 0.514601 373.825 0 0
1500 75.1469 3.31184 18.0917 0.358673 0.107695 374.18 0 0
1500 62.7327 -0.952566 18.058 0.116889 0.0495862 374.229 0 0
1500 113.095 -42.1869 17.5026 0.79723 -0.629518 374.365 0 0
1500 97.5723 58.7018 17.5 0.641224 0.881668 374.451 0 0
1500 84.6476 -8.00039 17.936 0.440456 -0.08463 374.489 0 0
1500 121.597 18.824 17.5502 1.01354 0.337036 374.547 0 0
1500 39.9096 9.61322 17.83 -0.244839 0.210161 374.631 0 0
1500 51.0095 6.01059 17.9297 -0.0731434 0.12919 374.71 0 0
1500 104.702 -14.7463 18.1716 0.818888 -0.229904 374.71 0 0
1500 55.7931 14.5341 18.2899 -0.0397464 0.284526 374.803 0 0
1500 80.6132 17.0259 17.9464 0.364219 0.267435 374.838 0 0
1500 87.8144 55.2116 17.818 0.565905 0.921378 374.824 0 0
1500 66.1654 2.0034 18.2827 0.237225 0.0494258 374.876 0 0
1500 81.6377 -22.4374 18.223 0.487525 -0.346844 375.04 0 0
1500 62.009 -3.89089 18.0586 0.125396 -0.107413 375.185 0 0
1500 86.2465 -3.55702 17.773 0.461944 0.0182403 375.147 0 0
1500 92.4644 13.3232 18.1835 0.582291 0.257667 375.234 0 0
1500 91.5535 -13.4011 18.7398 0.666212 -0.222723 375.391 0 0
1500 85.3731 20.7255 18.6153 0.573601 0.32189 375.475 0 0
1500 92.9161 2.46959 17.6517 0.543127 0.106787 375.489 0 0
1500 48.3669 -19.0167 17.6941 -0.173855 -0.331772 375.514 0 0
1500 80.7787 33.2226 17.5813 0.325857 0.558101 375.672 0 0
1500 21.8098 -48.0497 17.6558 -0.559607 -0.732489 375.779 0 0
1500 45.2418 37.4296 17.6826 -0.150578 0.615611 375.753 0 0
1500 104.867 4.97609 17.7776 0.725259 0.141043 375.912 0 0
1500 55.3139 76.0308 17.7481 0.012293 1.22776 376.014 0 0
1500 97.0029 -25.7721 17.5584 0.632761 -0.410003 376.097 0 0
1500 50.7615 2.00082 17.7406 -0.124414 -0.0315808 376.178 0 0
1500 80.2869 -11.2071 17.7647 0.34841 -0.252504 376.159 0 0
1500 86.3511 -0.287164 18.5286 0.509237 0.0253713 376.307 0 0
1500 92.8818 37.3491 17.7804 0.549791 0.604723 376.253 0 0
1500 86.5173 19.8487 18.8815 0.683345 0.404988 376.294 0 0
1500 77.2915 11.4299 17.8704 0.369275 0.219423 376.375 0 0
1500 64.5056 11.7848 18.5054 0.124626 0.301353 376.454 0 0
1500 83.579 -50.4191 17.5637 0.433257 -0.762569 376.701 0 0
1500 78.6659 -8.36481 17.6931 0.356859 -0.0600555 376.656 0 0
1500 69.2949 -14.3839 18.4209 0.272894 -0.27314 376.752 0 0
1500 103.506 1.31133 17.5688 0.644789 -0.033025 376.766 0 0
1500 64.3253 -30.7077 17.6117 0.0723361 -0.467109 376.86 0 0
1500 58.2401 -37.3273 17.7438 -0.0144587 -0.60278 376.884 0 0
1500 23.3941 -16.1702 17.7438 -0.520932 -0.295369 376.873 0 0
1500 83.6424 -25.3064 19.0721 0.601725 -0.558058 376.962 0 0
1500 105.566 -5.62001 17.8762 0.768957 -0.0275899 377.324 0 0
1500 88.2221 -56.2185 17.5719 0.495136 -0.837552 377.43 0 0
1500 41.942 -18.5594 17.9418 -0.246509 -0.311854 377.419 0 0
1500 76.7052 -67.6709 17.5609 0.255461 -1.01589 377.522 0 0
1500 93.2918 25.1429 17.9604 0.607416 0.406335 377.73 0 0
1500 -16.2275 -50.1541 17.5796 -1.13015 -0.68803 377.891 0 0
1500 94.4561 -10.7245 18.7033 0.72827 -0.166407 378.019 0 0
1500 77.8646 9.62831 19.2141 0.440706 0.172458 378.182 0 0
1500 57.1145 -7.00451 18.3912 0.0465784 -0.139489 378.44 0 0
1500 58.1951 18.9483 18.2602 0.0317101 0.309972 378.433 0 0
1500 83.8192 -56.8637 18.147 0.462976 -0.953777 378.574 0 0
1500 123.276 2.50046 18.3091 1.16796 0.0425243 378.706 0 0
1500 108.6 -48.6017 17.596 0.768998 -0.712393 379.024 0 0
1500 119.991 41.4962 17.8862 1.07314 0.655463 379.149 0 0
1500 24.0194 60.502 17.6306 -0.477921 0.907288 379.418 0 0
1500 82.2107 36.4148 17.7283 0.40056 0.573163 379.431 0 0
1500 17.8264 -47.4279 17.6785 -0.636333 -0.678007 379.42 0 0
1500 75.1182 -24.8929 17.8282 0.314994 -0.42792 379.538 0 0
1500 111.868 -15.1687 18.2753 1.00093 -0.289648 379.499 0 0
1500 41.4649 5.89109 17.938 -0.339077 0.150284 379.76 0 0
1500 144.188 30.6611 17.9124 1.49876 0.605154 379.848 0 0
1500 85.5177 0.627248 18.5164 0.508245 0.031908 379.944 0 0
1500 61.3156 31.2269 17.9211 0.0591569 0.53497 379.953 0 0
1500 89.6644 -62.348 17.6255 0.506122 -0.911968 379.978 0 0
1500 86.9208 15.2098 18.7405 0.605733 0.293092 380.034 0 0
1500 57.4478 66.8104 17.7495 0.00984117 1.11842 380.381 0 0
1500 132.349 -30.0801 17.9186 1.27614 -0.537091 380.286 0 0
1500 64.9204 -20.3821 17.8974 0.0708123 -0.401925 380.311 0 0
1500 77.4171 4.68092 18.4579 0.45163 0.0727364 380.55 0 0
1500 92.6653 -55.0969 17.6811 0.539465 -0.777652 380.714 0 0
1500 122.839 36.0191 17.9122 1.09149 0.639655 380.77 0 0
1500 15.3298 46.6545 17.6917 -0.674173 0.656973 381.016 0 0
1500 78.2139 -4.04795 18.8526 0.44919 -0.019696 381.192 0 0
1500 122.189 -33.0135 17.7912 1.07725 -0.482443 381.201 0 0
1500 40.7892 27.4743 17.813 -0.29929 0.430146 381.311 0 0
1500 73.1481 24.2311 17.9633 0.187891 0.379114 381.319 0 0
1500 93.2157 34.0939 18.7411 0.735839 0.669837 381.323 0 0
1500 116.476 -6.42243 17.649 0.849873 -0.11862 381.485 0 0
1500 61.5855 38.4185 17.8135 0.00530084 0.589095 381.467 0 0
1500 43.7406 -14.0094 17.6579 -0.19455 -0.251536 381.525 0 0
1500 59.1397 -18.5934 18.0663 0.0365262 -0.333471 381.596 0 0
1500 95.5534 -9.93764 18.0532 0.661849 -0.149607 381.651 0 0
1500 33.7315 33.0723 17.8141 -0.400765 0.509725 381.634 0 0
1500 110.207 34.056 17.6383 0.823623 0.471078 381.831 0 0
1500 88.1927 -19.9976 18.0752 0.464361 -0.355141 381.982 0 0
1500 69.9449 21.2076 18.0136 0.192593 0.375569 381.956 0 0
1500 62.2911 24.7584 18.0136 0.0813483 0.427032 381.978 0 0
1500 89.6959 -24.5095 17.6642 0.462365 -0.435467 382.006 0 0
1500 135.473 -8.33192 18.5362 1.56968 -0.11089 381.996 0 0
1500 83.6014 -6.92946 19.4529 0.564649 -0.114527 382.406 0 0
1500 60.1076 50.2474 17.7052 0.0514967 0.736523 382.287 0 0
1500 54.5186 17.4276 17.9226 0.016418 0.320413 382.453 0 0
1500 85.2022 -23.2209 17.7493 0.447024 -0.405385 382.438 0 0
1500 76.7339 -21.4987 17.6657 0.346637 -0.342931 382.356 0 0
1500 48.5092 -17.9956 17.737 -0.182178 -0.210789 382.316 0 0
1500 102.359 -38.0592 17.7799 0.737253 -0.671829 382.302 0 0
1500 68.1659 42.5323 17.8857 0.156113 0.674041 382.578 0 0
1500 96.0983 -8.0097 17.6795 0.565755 -0.137952 382.622 0 0
1500 117.196 -8.12936 18.1958 1.07433 -0.162531 382.658 0 0
1500 71.3251 35.9814 17.806 0.20821 0.539888 382.701 0 0
1500 91.9093 -26.0425 17.7502 0.54334 -0.444941 382.74 0 0
1500 86.6334 19.5427 17.7373 0.382812 0.345691 382.688 0 0
1500 66.8121 29.2558 18.011 0.15346 0.495345 382.827 0 0
1500 78.5547 -36.9835 17.6667 0.370975 -0.568942 382.851 0 0
1500 83.9492 -32.2551 17.6824 0.445687 -0.449477 382.919 0 0
1500 34.1192 -32.6769 17.8033 -0.407996 -0.478329 382.952 0 0
1500 -12.3839 28.3939 17.8087 -1.15248 0.490138 382.966 0 0
1500 84.8077 -7.88539 18.8468 0.573736 -0.063652 383.13 0 0
1500 32.0698 34.8756 17.7385 -0.421064 0.568058 383.219 0 0
1500 68.7387 -34.4102 17.8359 0.0902204 -0.558703 383.354 0 0
1500 58.3358 -0.268043 17.7013 0.0624763 -0.0345597 383.366 0 0
1500 83.8512 1.35499 18.1785 0.495883 -0.0228497 383.72 0 0
1500 124.235 -20.7175 18.7419 1.39689 -0.390816 383.755 0 0
1500 90.825 -14.7229 18.1599 0.593702 -0.250255 383.848 0 0
1500 73.8588 14.0226 18.3949 0.34284 0.219542 383.97 0 0
1500 115.792 -18.4465 17.7571 0.877961 -0.327866 383.937 0 0
1500 105.437 -32.2251 18.0641 0.807421 -0.506825 384.153 0 0
1500 81.6203 -2.98293 17.8987 0.446025 -0.0380728 384.176 0 0
1500 77.1763 0.387275 18.8099 0.385591 0.0654934 384.221 0 0
1500 43.7578 69.7924 17.7296 -0.261681 1.0278 384.227 0 0
1500 52.2993 1.32337 17.7862 -0.136872 -0.0219165 384.339 0 0
1500 85.2342 -54.1701 17.7573 0.469977 -0.856528 384.307 0 0
1500 87.7197 -18.6738 18.2096 0.468685 -0.335507 384.42 0 0
1500 29.0798 -42.394 17.8436 -0.434572 -0.679114 384.411 0 0
1500 76.9923 178.438 17.9858 0.406203 3.07274 384.466 0 0
1500 79.2169 7.53437 18.4273 0.439064 0.165578 384.633 0 0
1500 88.1646 -49.8903 17.7951 0.419932 -0.826347 384.567 0 0
1500 166.303 0.661618 17.6742 1.62651 -0.00381604 384.737 0 0
1500 81.4011 14.9749 18.3442 0.437947 0.283215 384.745 0 0
1500 63.9823 49.7208 17.8499 0.155546 0.775029 384.817 0 0
1500 88.4686 -0.940205 18.2819 0.507481 -0.0569565 385.122 0 0
1500 69.4466 9.11359 18.2717 0.190592 0.184833 385.13 0 0
1500 51.0099 -11.4966 18.2251 -0.0746882 -0.22582 384.955 0 0
1500 108.297 -68.8082 17.7438 0.720704 -1.07214 385.116 0 0
1500 120.708 -24.2067 17.6836 0.960202 -0.367808 385.169 0 0
1500 71.2026 -12.6507 17.8514 0.190598 -0.254136 385.157 0 0
1500 96.092 37.0918 17.9027 0.646764 0.540702 385.423 0 0
1500 58.3675 49.5466 18.2629 0.059814 0.906372 385.392 0 0
1500 100.976 36.1782 17.7635 0.680548 0.574773 385.494 0 0
1500 143.586 -24.9503 18.1051 1.59544 -0.488561 385.579 0 0
1500 70.5043 34.4609 18.1097 0.154215 0.677158 385.564 0 0
1500 81.7846 17.8358 18.7913 0.433998 0.286948 385.84 0 0
1500 77.5611 -68.4614 17.6916 0.341398 -0.990215 385.811 0 0
1500 19.612 -47.8987 17.8049 -0.541079 -0.761042 385.86 0 0
1500 80.4068 41.1837 17.8216 0.378421 0.663021 386.17 0 0
1500 95.0981 19.8565 17.8081 0.620273 0.257344 386.376 0 0
1500 65.4543 19.7387 17.8284 0.127883 0.367451 386.338 0 0
1500 83.1398 16.078 18.0547 0.456309 0.28915 386.421 0 0
1500 79.1323 -41.9247 18.0842 0.354206 -0.673732 386.502 0 0
1500 119.182 -32.2584 17.7918 0.891683 -0.506848 386.67 0 0
1500 75.1125 -43.6112 17.8618 0.242035 -0.689273 386.715 0 0
1500 54.1734 -13.8157 18.0782 -0.0736958 -0.241287 386.669 0 0
1500 58.4141 -18.9021 17.9624 -0.0352704 -0.301246 386.608 0 0
1500 42.6882 72.2463 17.7638 -0.186785 1.15263 386.724 0 0
1500 117.828 35.3133 17.7883 0.920059 0.501147 386.726 0 0
1500 103.128 -110.439 18.0075 0.840651 -1.88154 386.75 0 0
1500 125.098 -2.91412 17.8043 1.00246 -0.0496041 386.778 0 0
1500 96.5256 -11.938 18.0216 0.638201 -0.232956 386.805 0 0
1500 112.82 43.7014 17.7913 0.847105 0.617252 386.938 0 0
1500 49.7579 66.7029 17.7759 -0.078139 1.01312 386.851 0 0
1500 83.3771 51.2534 17.8252 0.417375 0.801556 386.893 0 0
1500 29.1604 -18.2981 17.9621 -0.464472 -0.290546 387.023 0 0
1500 51.8782 14.4482 18.1357 -0.175305 0.215275 387.021 0 0
1500 113.124 -21.8877 17.7609 0.869644 -0.339662 387.182 0 0
1500 76.0459 14.053 18.7297 0.413807 0.260378 387.354 0 0
1500 47.679 -47.2989 17.8093 -0.214695 -0.715617 387.602 0 0
1500 30.8108 -20.0056 17.9152 -0.40019 -0.282375 387.846 0 0
1500 27.0324 63.134 17.807 -0.47733 0.933189 387.842 0 0
1500 97.8431 8.83773 18.1908 0.690502 0.167595 387.692 0 0
1500 120.496 2.10051 17.7208 0.971239 0.045058 387.667 0 0
1500 125.838 49.9875 17.7366 1.06523 0.700734 387.745 0 0
1500 34.51 8.56504 17.7654 -0.385844 0.195532 387.815 0 0
1500 126.175 -23.2162 18.0075 1.1067 -0.417136 387.72 0 0
1500 98.8702 -18.2588 18.5244 0.735717 -0.290026 387.934 0 0
1500 75.8587 -1.79494 18.1609 0.301587 -0.0835288 387.937 0 0
1500 20.9119 39.7385 17.8989 -0.589597 0.592734 387.87 0 0
1500 90.7735 -3.60742 18.0604 0.554403 -0.116989 387.959 0 0
1500 46.1561 26.9061 17.7651 -0.210758 0.469394 387.971 0 0
1500 51.3675 34.1487 17.8897 -0.079509 0.578862 388.077 0 0
1500 67.3579 -24.7981 18.2087 0.187376 -0.384286 388.193 0 0
1500 98.8493 4.2835 17.8896 0.621294 0.136971 388.217 0 0
1500 44.0166 -20.3868 18.0313 -0.243695 -0.288901 388.216 0 0
1500 95.8263 -55.2488 17.94 0.694828 -0.973404 388.199 0 0
1500 40.5718 33.2279 17.7411 -0.333896 0.468869 388.254 0 0
1500 93.4938 -3.92903 18.0702 0.62648 -0.0846528 388.342 0 0
1500 63.8993 -9.88078 17.7634 0.0687847 -0.196855 388.438 0 0
1500 106.591 36.3611 17.7928 0.774746 0.554406 388.438 0 0
1500 92.0199 12.6886 18.5982 0.653084 0.206167 388.474 0 0
1500 108.894 -27.6007 17.8258 0.81643 -0.422944 388.538 0 0
1500 103.365 37.8859 17.9185 0.730383 0.589596 388.628 0 0
1500 123.081 25.8815 17.7706 0.939225 0.421681 388.97 0 0
1500 64.6966 -19.9144 17.9664 0.167541 -0.356681 388.996 0 0
1500 112.585 35.86 17.7975 0.853667 0.542207 389.07 0 0
1500 98.9658 37.6946 17.7653 0.569731 0.620558 389.07 0 0
1500 113.966 -0.520359 17.8428 0.912188 0.0148762 389.034 0 0
1500 61.1164 2.1336 17.9565 0.0513922 0.104435 389.029 0 0
1500 33.7555 47.2111 17.8187 -0.364765 0.689475 389.113 0 0
1500 76.0138 -9.48106 18.5427 0.380767 -0.139927 389.253 0 0
1500 14.8792 26.0675 17.823 -0.618238 0.402835 389.297 0 0
1500 35.9669 8.32746 17.9555 -0.323676 0.196389 389.269 0 0
1500 77.9322 -19.4181 18.5503 0.344058 -0.333396 389.424 0 0
1500 98.6397 10.7265 18.1443 0.687501 0.209053 389.528 0 0
1500 48.6594 42.009 17.9545 -0.0854904 0.685966 389.471 0 0
1500 121.012 -44.8663 17.8846 1.04185 -0.6877 389.435 0 0
1500 61.2046 -5.92967 17.7844 0.0376042 -0.145037 389.558 0 0
1500 51.5431 45.7902 17.9545 -0.0429573 0.739672 389.647 0 0
1500 76.2335 18.5538 18.3872 0.31293 0.416506 389.604 0 0
1500 100.633 16.1707 18.1092 0.734533 0.227121 389.691 0 0
1500 74.1684 2.71112 18.9297 0.364738 0.106414 389.825 0 0
1500 103.216 15.6561 18.1095 0.770413 0.219225 389.83 0 0
1500 122.003 60.5275 17.8129 0.946928 0.996636 389.831 0 0
1500 144.302 -97.8201 17.7336 1.21036 -1.46054 389.903 0 0
1500 100.501 6.92937 18.293 0.737802 0.0588121 389.973 0 0
1500 79.695 63.6922 18.1478 0.399876 1.08212 389.972 0 0
1500 85.1075 18.6875 18.177 0.452911 0.286039 390.133 0 0
1500 81.6749 8.24631 18.349 0.441001 0.188442 390.215 0 0
1500 82.8733 31.9071 17.8597 0.446734 0.50885 390.095 0 0
1500 93.0957 62.3937 17.8883 0.561169 1.10067 390.085 0 0
1500 93.3358 -11.3073 18.3199 0.715571 -0.175518 390.33 0 0
1500 73.8923 18.6145 18.0805 0.29056 0.290038 390.439 0 0
1500 58.4942 10.9878 18.0403 0.0668394 0.201752 390.575 0 0
1500 48.2127 -19.6939 17.8088 -0.210443 -0.253895 390.583 0 0
1500 -2.00818 114.176 17.8249 -0.958514 1.83732 390.494 0 0
1500 106.662 10.118 17.9491 0.834616 0.216112 390.547 0 0
1500 161.277 27.1229 17.9304 1.74521 0.453028 390.663 0 0
1500 69.3023 17.1048 17.9984 0.13763 0.35197 390.962 0 0
1500 103.835 42.3949 17.9587 0.709567 0.675816 391.063 0 0
1500 5.01888 -3.66971 17.7955 -0.82245 -0.1211 391.027 0 0
1500 101.245 7.20404 17.9896 0.665971 0.101187 391.161 0 0
1500 116.357 -11.6315 17.8548 0.911747 -0.11485 391.157 0 0
1500 62.7048 -40.729 18.0652 0.0629741 -0.662395 391.14 0 0
1500 57.9957 8.81046 18.1075 -0.0212958 0.0887977 391.094 0 0
1500 82.2565 -64.6062 17.8254 0.394287 -0.951325 391.245 0 0
1500 71.3603 2.57685 18.8527 0.346803 -0.0052633 391.347 0 0
1500 54.5465 -1.82557 17.9351 -0.0557185 -0.0857308 391.462 0 0
1500 89.4017 -2.13359 19.2725 0.684314 -0.0127862 391.444 0 0
1500 84.0278 0.302401 18.4901 0.494509 -0.0624927 391.488 0 0
1500 84.7222 -14.1041 18.2762 0.448862 -0.279877 391.45 0 0
1500 86.9266 49.7904 18.0914 0.479054 0.873252 391.354 0 0
1500 79.8601 14.4045 18.0009 0.357257 0.324543 391.504 0 0
1500 67.8754 -19.5014 17.9557 0.206311 -0.361947 391.613 0 0
1500 58.5162 -44.8181 17.9031 0.0195116 -0.676846 391.675 0 0
1500 78.7528 -38.0289 17.9054 0.294012 -0.583723 391.787 0 0
1500 40.1642 -36.9527 17.8719 -0.285643 -0.643968 391.762 0 0
1500 27.1644 -11.0632 17.8484 -0.541142 -0.228126 391.882 0 0
1500 76.7259 67.4786 17.7872 0.232614 1.01576 391.951 0 0
1500 60.0899 -29.2479 18.0536 0.0719808 -0.497288 391.951 0 0
1500 71.9055 7.75678 17.9677 0.297733 0.156067 391.909 0 0
1500 70.9795 18.1691 17.8507 0.226721 0.352411 391.994 0 0
1500 94.3752 23.4349 18.9508 0.732387 0.402365 392.602 0 0
1500 88.9522 14.3164 18.4469 0.616447 0.186133 392.439 0 0
1500 81.5533 -33.3048 17.8705 0.42589 -0.549907 392.542 0 0
1500 118.732 9.11788 17.8107 0.947234 0.219455 392.458 0 0
1500 91.4696 21.2771 17.8025 0.514127 0.3002 392.734 0 0
1500 71.7688 37.3046 18.1235 0.2926 0.61353 392.757 0 0
1500 85.4405 31.7328 17.9606 0.497769 0.515089 392.745 0 0
1500 125.404 14.7682 17.8665 1.01429 0.264243 393.179 0 0
1500 77.3226 -4.35035 18.208 0.371111 -0.0678433 393.019 0 0
1500 118.648 -28.9922 17.8667 0.954524 -0.41445 393.202 0 0
1500 120.75 16.5694 17.8727 0.967307 0.298903 392.981 0 0
1500 79.9638 90.2934 17.8104 0.267368 1.43654 393.042 0 0
1500 42.4006 -4.36616 17.9635 -0.274015 -0.124028 393.22 0 0
1500 96.8557 -13.6523 17.8712 0.58971 -0.157236 393.623 0 0
1500 102.179 -6.46202 17.8671 0.662915 -0.06063 393.446 0 0
1500 22.4266 40.5723 17.832 -0.515422 0.615358 393.955 0 0
1500 33.8596 -53.3489 17.7934 -0.399633 -0.760222 394.054 0 0
1500 111.69 41.7194 17.8723 0.812558 0.642724 393.742 0 0
1500 74.0995 26.6009 18.3762 0.355731 0.453382 393.892 0 0
1500 17.9158 -30.3795 17.9285 -0.639454 -0.510308 393.289 0 0
1500 13.29 49.9346 17.8901 -0.733365 0.756971 394.004 0 0
1500 110.229 38.4605 17.8723 0.778433 0.656033 393.558 0 0
1500 76.0927 52.3307 17.8798 0.233844 0.878153 393.507 0 0
1500 24.6819 -5.59791 17.9302 -0.61017 -0.137306 393.79 0 0
1500 49.3725 30.5777 17.9592 -0.173748 0.57922 393.916 0 0
1500 100.132 -42.0957 18.3176 0.853052 -0.796918 393.952 0 0
1500 69.1445 -16.267 18.0057 0.191881 -0.275062 394.274 0 0
1500 95.9206 42.8973 17.8022 0.557007 0.721346 394.403 0 0
1500 16.0295 16.1526 17.8535 -0.710023 0.223903 394.307 0 0
1500 56.9002 -20.4851 17.856 0.0207191 -0.386535 394.111 0 0
1500 121.778 36.7497 18.3875 1.25381 0.673244 394.129 0 0
1500 71.596 -22.101 17.8663 0.237081 -0.346176 394.624 0 0
1500 98.0437 42.4081 17.8359 0.585037 0.644222 394.502 0 0
1500 83.5235 -57.3246 17.8758 0.448625 -0.889833 394.83 0 0
1500 1.85974 -29.7015 17.7883 -0.909776 -0.456013 394.971 0 0
1500 77.2168 -52.253 17.9494 0.254935 -0.839683 394.8 0 0
1500 83.3663 -14.9592 18.3425 0.46492 -0.300071 395.071 0 0
1500 31.9459 7.20144 17.8192 -0.403978 0.18969 394.682 0 0
1500 41.5515 -14.941 18.3667 -0.282598 -0.242612 394.991 0 0
1500 70.7056 -47.3489 17.8922 0.19297 -0.852537 394.877 0 0
1500 75.0652 -36.4924 17.8479 0.227146 -0.629025 395.082 0 0
1500 98.0013 28.8947 17.9544 0.664813 0.515097 395.124 0 0
1500 85.8076 14.7622 18.6913 0.517108 0.214986 395.197 0 0
1500 45.3813 21.146 17.9793 -0.151566 0.348727 395.42 0 0
1500 70.0716 21.0889 17.9789 0.1778 0.348046 395.403 0 0
1500 67.8421 56.3297 17.855 0.085247 0.917648 395.236 0 0
1500 70.7683 46.8358 18.1724 0.212806 0.819816 395.388 0 0
1500 51.6954 28.8908 17.9119 -0.180125 0.490334 395.226 0 0
1500 93.4495 -2.97376 18.5004 0.633582 0.0186339 395.73 0 0
1500 135.332 16.1159 17.8124 1.18553 0.176867 395.558 0 0
1500 114.377 -9.39845 18.0386 0.917157 -0.193345 395.653 0 0
1500 115.315 31.3263 17.8881 0.888725 0.466482 395.954 0 0
1500 71.6099 23.5916 18.2292 0.269098 0.36003 396.335 0 0
1500 73.5833 5.46231 18.0415 0.254434 0.134236 396.611 0 0
1500 2.62938 14.7229 17.8288 -0.830441 0.24936 396.665 0 0
1500 57.8807 51.1687 17.9005 0.0554383 0.802782 396.32 0 0
1500 21.7133 56.2219 17.8008 -0.545532 0.894983 396.427 0 0
1500 0.384443 10.146 17.8342 -0.904021 0.0852075 396.015 0 0
1500 79.7305 -46.3435 17.9031 0.278854 -0.750662 396.002 0 0
1500 120.971 4.61841 17.8012 0.952095 0.145081 396.641 0 0
1500 96.562 39.9728 17.8437 0.6596 0.579272 396.029 0 0
1500 79.4609 12.3119 18.1367 0.441186 0.167478 396.123 0 0
1500 86.1873 33.9918 18.0107 0.473224 0.590087 396.621 0 0
1500 133.582 -7.56281 17.8734 1.24354 -0.0888748 396.5 0 0
1500 104.726 -41.4262 17.8284 0.669919 -0.698914 396.651 0 0
1500 -14.7664 -47.6775 17.9701 -1.19275 -0.799821 396.03 0 0
1500 67.2844 -33.0373 18.0896 0.245273 -0.562879 396.691 0 0
1500 126.567 -36.8078 17.9421 1.20027 -0.58641 396.293 0 0
1500 80.3393 4.76822 17.9954 0.360702 0.161162 396.707 0 0
1500 61.441 67.9091 18.315 0.0500804 1.2284 396.599 0 0
1500 109 46.6077 17.8002 0.727736 0.754194 396.833 0 0
1500 55.4306 -19.0178 18.4946 -0.0182504 -0.310794 396.77 0 0
1500 94.7923 -19.296 17.9963 0.627549 -0.365308 396.807 0 0
1500 57.3078 -15.2322 18.2635 0.00957673 -0.259001 397.011 0 0
1500 27.7422 26.3877 18.3374 -0.513033 0.457019 396.983 0 0
1500 -7.06752 -9.39115 17.8261 -0.997267 -0.209686 397.133 0 0
1500 94.7724 6.89933 18.1973 0.659746 0.0525437 397.109 0 0
1500 43.5126 -7.54371 18.2397 -0.242832 -0.0970227 397.086 0 0
1500 85.1205 24.6175 18.0202 0.445417 0.454315 397.134 0 0
1500 82.3794 4.35468 19.1519 0.573658 0.108231 397.228 0 0
1500 73.4137 -7.71908 18.8109 0.32692 -0.18072 397.204 0 0
1500 89.3065 23.7892 18.5693 0.579512 0.42005 397.384 0 0
1500 35.1806 59.0953 17.7989 -0.340097 0.958857 397.244 0 0
1500 3.88634 14.7037 17.824 -0.894902 0.195766 397.292 0 0
1500 103.755 27.064 17.8524 0.776922 0.404483 397.424 0 0
1500 96.9784 3.83622 17.995 0.684675 0.0973125 397.304 0 0
1500 43.8912 33.0853 18.2227 -0.222628 0.536824 397.581 0 0
1500 102.835 -4.23285 18.6267 0.826578 -0.0810231 397.501 0 0
1500 70.8433 67.2162 17.8204 0.253139 1.00799 397.555 0 0
1500 3.2458 20.3493 17.9579 -0.888841 0.376819 397.648 0 0
1500 74.0213 38.9708 17.9519 0.242245 0.590192 397.696 0 0
1500 90.7455 32.38 17.9909 0.585871 0.531836 397.668 0 0
1500 57.0808 47.4464 17.9712 0.045364 0.788321 397.68 0 0
1500 89.5335 -1.09305 17.875 0.527339 -0.0871313 397.686 0 0
1500 0.799372 -21.6305 17.9351 -0.916551 -0.300692 398.068 0 0
1500 88.4463 -3.59348 18.2627 0.502052 -0.00318693 397.886 0 0
1500 69.0097 4.2644 19.3446 0.34852 0.100659 397.824 0 0
1500 93.2903 2.73048 17.9119 0.547391 0.0761509 398.06 0 0
1500 56.7181 50.4145 17.8181 -0.00295969 0.76643 397.838 0 0
1500 92.129 50.6365 17.848 0.554312 0.740186 397.871 0 0
1500 82.4734 -58.5246 17.8242 0.379766 -0.904639 397.887 0 0
1500 108.048 9.33299 17.9687 0.819983 0.205873 397.935 0 0
1500 29.2162 -13.7415 17.9903 -0.487218 -0.249861 397.832 0 0
1500 85.1632 31.7588 17.9628 0.508931 0.500129 397.966 0 0
1500 98.07 -85.4059 17.8213 0.638639 -1.35261 398.274 0 0
1500 84.2744 -0.0654951 18.141 0.463978 -0.0746853 398.184 0 0
1500 9.70811 39.617 17.9336 -0.779255 0.61726 398.357 0 0
1500 115.718 -0.931196 17.8339 0.888365 0.00496568 398.474 0 0
1500 104.712 -0.116864 18.0269 0.831783 -0.0795662 398.491 0 0
1500 84.0915 56.61 17.9169 0.392393 0.921752 398.607 0 0
1500 96.9222 -30.0377 17.8639 0.633041 -0.52927 398.611 0 0
1500 81.4422 57.8067 17.9168 0.352623 0.939395 398.627 0 0
1500 76.2862 14.3911 18.3104 0.304745 0.256629 398.745 0 0
1500 19.2605 -6.57492 17.8877 -0.600435 -0.083686 398.698 0 0
1500 107.484 5.94233 18.0334 0.777295 0.105378 399.188 0 0
1500 85.5789 -3.47904 18.1391 0.440199 -0.111064 398.879 0 0
1500 61.9713 15.4545 17.9303 0.127026 0.23197 398.814 0 0
1500 64.5684 19.2243 17.9773 0.164747 0.288909 399.205 0 0
1500 110.449 17.2883 17.8663 0.815407 0.24944 399.157 0 0
1500 80.7953 -41.4263 18.1292 0.404618 -0.698343 399.155 0 0
1500 102.203 15.6755 17.8365 0.753869 0.260481 398.912 0 0
1500 110.976 -5.58214 18.4968 0.995647 -0.0590785 399.065 0 0
1500 86.6887 44.3126 18.6308 0.592061 0.94332 398.987 0 0
1500 116.155 5.73339 18.1228 0.977139 0.0899332 399.384 0 0
1500 109.731 -19.7907 17.8548 0.848773 -0.293308 399.423 0 0
1500 93.1546 19.6032 17.9913 0.630058 0.269814 399.435 0 0
1500 80.4281 -25.4088 17.9897 0.405837 -0.456301 399.414 0 0
1500 82.1555 21.3404 17.8541 0.404717 0.295624 399.634 0 0
1500 43.4589 20.5876 18.0857 -0.202797 0.392971 399.551 0 0
1500 146.61 63.2612 17.8789 1.43313 1.05109 399.606 0 0
1500 97.6657 16.4783 17.9105 0.737438 0.259426 399.547 0 0
1500 88.9284 6.36042 18.8797 0.583996 0.071923 399.986 0 0
1500 79.7915 -12.1103 18.5269 0.421654 -0.198025 400.177 0 0
1500 18.8384 47.0994 17.8067 -0.561246 0.748226 400.026 0 0
1500 74.9136 -9.94759 18.8262 0.344773 -0.211279 400.121 0 0
1500 114.881 -5.44735 18.1034 0.952212 -0.113666 399.753 0 0
1500 46.2995 30.3296 18.0823 -0.15849 0.540919 399.791 0 0
1500 28.6108 -30.4266 17.8866 -0.515353 -0.432824 399.933 0 0
1500 123.138 -12.4209 17.9268 1.05766 -0.254222 400.237 0 0
1500 49.417 -25.2196 17.848 -0.211718 -0.385675 399.742 0 0
1500 80.9665 -27.97 18.5404 0.481767 -0.523536 400.039 0 0
1500 93.3933 55.5303 17.9581 0.575128 0.874585 400.46 0 0
1500 94.2027 54.7995 17.9585 0.584588 0.86037 400.739 0 0
1500 114.452 0.886079 17.9572 0.934704 0.0495848 400.486 0 0
1500 56.6577 -15.8027 18.4365 0.0220579 -0.304904 400.583 0 0
1500 37.4521 31.5493 17.9876 -0.296065 0.562947 400.807 0 0
1500 94.8391 22.6215 18.4272 0.646568 0.456222 400.626 0 0
1500 106.067 19.5672 17.8159 0.682364 0.347986 400.979 0 0
1500 86.0589 4.75253 18.0771 0.469023 0.103855 400.819 0 0
1500 99.0427 30.6161 17.8594 0.667878 0.442828 401.609 0 0
1500 106.801 23.7985 18.1862 0.809748 0.421589 401.011 0 0
1500 5.46151 -11.2681 17.9487 -0.823936 -0.232679 401.253 0 0
1500 97.9878 -37.1165 17.8957 0.6051 -0.640083 401.128 0 0
1500 60.9286 -58.8422 17.8246 0.117009 -0.916338 401.363 0 0
1500 28.4446 -51.348 17.8289 -0.524891 -0.772632 401.473 0 0
1500 131.464 30.1219 17.8728 1.26361 0.463866 401.094 0 0
1500 150.931 26.7093 17.9608 1.57005 0.502334 401.155 0 0
1500 80.9964 42.2713 18.034 0.339757 0.766189 400.936 0 0
1500 37.2886 85.4379 17.8254 -0.297501 1.3738 401.815 0 0
1500 75.5132 7.50792 18.2882 0.239954 0.140019 401.774 0 0
1500 59.2974 -15.4787 18.5515 -0.0325789 -0.288292 401.789 0 0
1500 72.1338 -35.8766 17.9027 0.167695 -0.561416 401.934 0 0
1500 18.1114 -4.314 17.8779 -0.605858 -0.109936 402.008 0 0
1500 122.947 -11.3948 17.8244 1.02234 -0.148343 402.121 0 0
1500 114.425 -31.1935 17.9702 0.893807 -0.524652 401.974 0 0
1500 88.4953 -7.67636 18.6417 0.624959 -0.146256 402.125 0 0
1500 59.2793 -23.2384 18.3633 0.0298908 -0.360369 402.392 0 0
1500 57.8418 11.8367 18.8561 0.0726355 0.202233 402.413 0 0
1500 89 -17.784 18.0273 0.522862 -0.248954 402.643 0 0
1500 96.0875 -16.957 18.6363 0.73211 -0.281642 402.61 0 0
1500 116.85 25.5176 17.9915 0.966165 0.375048 402.343 0 0
1500 79.8174 -39.1004 18.2456 0.343904 -0.65327 402.761 0 0
1500 85.2955 11.6175 18.2439 0.465631 0.25267 402.442 0 0
1500 88.3461 -30.868 18.0653 0.470407 -0.543256 402.618 0 0
1500 98.3265 8.09935 17.8808 0.644011 0.200638 402.19 0 0
1500 60.1222 14.1563 17.8499 0.0415456 0.299433 402.644 0 0
1500 32.9377 39.6654 17.9443 -0.373883 0.713014 402.609 0 0
1500 116.41 -26.528 17.988 0.982444 -0.513518 402.267 0 0
1500 125.405 -40.9001 17.9746 1.17508 -0.722329 402.919 0 0
1500 -8.10102 9.2293 17.8689 -1.0279 0.170418 403.35 0 0
1500 27.9939 29.6273 17.8844 -0.537759 0.442878 403.001 0 0
1500 18.7265 9.1443 17.8699 -0.643111 0.0747947 403.493 0 0
1500 69.8837 62.8371 17.8502 0.263289 1.03087 403.483 0 0
1500 88.2614 -4.81055 17.9182 0.507977 0.00211827 403.17 0 0
1500 97.8319 25.4938 17.9085 0.593758 0.427472 403.669 0 0
1500 83.8251 22.8704 19.1724 0.534714 0.400143 403.557 0 0
1500 103.773 51.0742 17.8181 0.743606 0.731459 403.613 0 0
1500 58.1898 21.4357 18.0123 -0.014894 0.392898 403.773 0 0
1500 48.7593 -22.309 18.1055 -0.148215 -0.407916 403.954 0 0
1500 -31.0846 29.5382 17.9768 -1.49386 0.578851 403.685 0 0
1500 72.4025 -20.0658 18.3979 0.320925 -0.306046 404.035 0 0
1500 112.554 -30.8348 17.8848 0.851428 -0.50456 404.014 0 0
1500 30.9 -27.4993 17.8972 -0.467911 -0.476125 403.993 0 0
1500 66.0746 -22.9544 17.995 0.0711459 -0.356022 404.271 0 0
1500 61.6367 -18.6404 17.8548 0.0209723 -0.36054 404.235 0 0
1500 16.3897 -14.3614 17.8708 -0.654852 -0.200134 404.412 0 0
1500 99.3939 -50.7219 17.8128 0.692763 -0.742218 404.389 0 0
1500 54.973 56.3942 17.828 -0.0379307 0.932736 404.559 0 0
1500 82.05 16.617 17.9879 0.466776 0.243251 404.49 0 0
1500 95.8528 -53.8232 17.9309 0.621783 -0.843926 404.796 0 0
1500 12.2942 15.9191 17.9177 -0.748287 0.194771 404.844 0 0
1500 68.8958 0.131482 18.127 0.243071 -0.0653101 404.884 0 0
1500 -5.819 49.697 17.8991 -1.0159 0.874371 404.85 0 0
1500 39.7722 -34.868 17.8452 -0.317415 -0.607683 404.923 0 0
1500 80.3585 -33.0931 17.8177 0.417639 -0.534552 404.909 0 0
1500 122.131 1.75838 18.0365 1.04048 0.0520016 405.032 0 0
1500 9.52821 -24.6382 17.9122 -0.783857 -0.423079 405.412 0 0
1500 47.9532 -28.838 17.9455 -0.131683 -0.522863 405.275 0 0
1500 61.0975 -28.2875 17.9461 0.0717245 -0.514674 405.233 0 0
1500 72.3783 6.63075 17.9637 0.289026 0.0435237 404.947 0 0
1500 80.6081 -7.50056 17.947 0.438515 -0.0928738 405.315 0 0
1500 86.335 61.2275 17.9116 0.417161 1.04082 405.361 0 0
1500 2.4442 -16.7276 17.9161 -0.92686 -0.197668 405.362 0 0
1500 107.81 41.5896 17.9809 0.793119 0.755513 405.467 0 0
1500 101.291 50.0417 18.4722 0.80603 0.899299 405.529 0 0
1500 -32.1333 66.3928 17.9464 -1.58096 1.14277 404.976 0 0
1500 27.8122 41.6997 17.8817 -0.485476 0.626262 405.564 0 0
1500 34.6882 27.8726 17.939 -0.424089 0.427697 405.55 0 0
1500 113.425 -36.4076 17.7991 0.860359 -0.597271 405.578 0 0
1500 95.4401 11.774 18.1092 0.599203 0.155159 405.626 0 0
1500 85.3473 22.428 18.1226 0.467937 0.363228 405.694 0 0
1500 94.5277 -12.9967 18.0112 0.601636 -0.176062 405.74 0 0
1500 54.6632 68.3793 17.8602 -0.0354252 1.08125 405.717 0 0
1500 98.6881 10.376 18.5216 0.767618 0.17408 405.716 0 0
1500 108.149 23.6574 17.8262 0.834224 0.386854 405.813 0 0
1500 63.2102 -22.1092 18.0101 0.0319297 -0.37381 406.072 0 0
1500 48.2318 2.89383 18.1528 -0.138281 0.0951192 406.264 0 0
1500 80.5907 8.40051 17.9721 0.376219 0.0653366 406.248 0 0
1500 61.1158 -66.3867 17.8509 0.0122148 -1.0472 406.373 0 0
1500 72.7997 59.7604 17.8232 0.294056 0.93024 406.255 0 0
1500 235.425 85.4166 17.8143 2.7785 1.2921 406.101 0 0
1500 64.7806 -47.9363 17.935 0.126935 -0.807355 406.154 0 0
1500 102.725 -2.54916 17.9921 0.715711 -0.0544988 407.332 0 0
1500 100.943 22.5348 17.831 0.69722 0.284713 406.684 0 0
1500 107.135 -43.4278 17.8207 0.806741 -0.625168 406.793 0 0
1500 119.679 4.47315 17.8217 0.998588 0.0937304 406.548 0 0
1500 101.67 27.9445 18.1008 0.768076 0.411423 406.765 0 0
1500 68.1325 56.7089 17.974 0.222075 0.910667 406.926 0 0
1500 102.114 -39.3945 17.928 0.687789 -0.668234 407.011 0 0
1500 57.0293 -47.7919 17.9244 -0.00102324 -0.806875 407.082 0 0
1500 -71.2676 11.4731 17.8102 -2.05517 0.143292 406.872 0 0
1500 49.245 20.0034 18.2058 -0.159538 0.320001 407.229 0 0
1500 86.2595 11.2559 17.8974 0.520831 0.15641 407.254 0 0
1500 49.5455 36.9193 17.8807 -0.150768 0.653836 406.767 0 0
1500 85.0217 67.9883 17.886 0.502732 1.07672 407.174 0 0
1500 114.617 37.4345 17.8655 0.859945 0.66056 407.086 0 0
1500 38.7614 -22.2096 17.9212 -0.284721 -0.429424 407.196 0 0
1500 24.6234 19.1516 18.0204 -0.58451 0.330211 407.293 0 0
1500 125.986 32.4828 17.8491 1.15662 0.499397 407.152 0 0
1500 -25.0967 -68.8265 17.9862 -1.44675 -1.12792 406.557 0 0
1500 91.8919 -56.9409 17.9544 0.534939 -1.02766 406.694 0 0
1500 123.838 10.1206 17.8437 0.991423 0.213658 407.635 0 0
1500 71.6001 63.2407 17.9084 0.231372 1.01123 407.706 0 0
1500 90.1386 -53.8314 17.9247 0.507901 -0.880851 407.558 0 0
1500 113.379 -19.2079 17.8785 0.904594 -0.243537 407.73 0 0
1500 103.826 18.0556 17.8428 0.774885 0.246756 407.477 0 0
1500 84.9453 -34.9014 17.8868 0.497805 -0.542926 407.419 0 0
1500 106.572 -9.56 17.832 0.767972 -0.220718 407.908 0 0
1500 40.3001 22.5439 17.8815 -0.260359 0.427643 407.595 0 0
1500 90.8094 -6.63665 17.862 0.528023 -0.179142 407.827 0 0
1500 53.4116 -20.0214 17.8664 -0.0532907 -0.388937 407.524 0 0
1500 115.278 23.8702 17.9395 0.927886 0.403735 408.199 0 0
1500 103.436 41.5319 17.9398 0.75198 0.668198 408.12 0 0
1500 89.3345 20.4594 17.8831 0.567233 0.318135 408.197 0 0
1500 79.696 -17.1479 17.9555 0.364834 -0.289345 408.418 0 0
1500 91.7725 25.7058 18.0537 0.564411 0.384513 408.554 0 0
1500 89.6299 -34.8573 17.8146 0.489022 -0.552191 408.294 0 0
1500 90.967 20.8769 17.9477 0.519178 0.378499 408.613 0 0
1500 13.3913 5.7164 17.8153 -0.672602 0.160987 408.614 0 0
1500 78.3482 -8.13835 18.4363 0.401146 -0.196719 408.532 0 0
1500 84.2122 -51.4663 17.9231 0.482248 -0.796402 408.455 0 0
1500 114.243 -13.8735 17.8359 0.922987 -0.24029 408.309 0 0
1500 117.823 -1.02979 17.8347 0.974445 -0.0454936 408.499 0 0
1500 117.031 6.08055 17.8262 0.919672 0.0195628 408.552 0 0
1500 116.298 -7.02293 17.8259 0.907966 -0.17982 408.591 0 0
1500 128.706 -0.500729 18.1501 1.29168 -0.00261178 408.531 0 0
1500 73.0935 -6.0234 18.6489 0.360231 -0.110526 409.004 0 0
1500 71.7072 21.0958 18.0616 0.281098 0.317125 409.205 0 0
1500 111.106 -3.24563 17.8842 0.807189 -0.100505 409.448 0 0
1500 39.6491 -56.4967 17.8496 -0.251941 -0.883004 409.043 0 0
1500 88.6796 56.8657 17.8319 0.498015 0.872833 408.936 0 0
1500 116.809 -15.1767 17.8254 0.914493 -0.193472 409.517 0 0
1500 0.0215346 -17.1049 17.8347 -0.866942 -0.309639 409.791 0 0
1500 86.137 -59.7319 17.9235 0.433301 -0.944641 409.12 0 0
1500 68.9193 -62.0812 17.9267 0.179591 -0.966656 409.99 0 0
1500 86.8098 17.926 17.9506 0.449337 0.328734 409.926 0 0
1500 111.021 38.0565 17.8377 0.835102 0.625286 408.802 0 0
1500 100.713 6.7119 18.5078 0.759723 0.163275 409.304 0 0
1500 107.088 -41.3142 17.8759 0.810827 -0.635896 409.688 0 0
1500 83.034 -59.1468 17.8199 0.394715 -0.955622 409.779 0 0
1500 18.622 33.9514 17.8689 -0.587859 0.595313 408.645 0 0
1500 113.913 -12.1761 17.8477 0.869168 -0.259882 409.147 0 0
1500 105.442 -9.84264 17.876 0.808428 -0.148854 408.821 0 0
1500 101.774 0.439526 17.9249 0.703691 -0.0677391 409.058 0 0
1500 65.3208 42.393 18.0648 0.194502 0.705685 409.481 0 0
1500 178.23 9.04265 17.8068 1.91372 0.137022 409.582 0 0
1500 66.5024 43.9761 17.8359 0.202986 0.705988 409.349 0 0
1500 54.4178 -50.2127 17.822 -0.101252 -0.832635 409.837 0 0
1500 61.3615 -40.7422 17.8282 0.00530919 -0.693456 409.264 0 0
1500 87.311 18.0508 17.8481 0.534354 0.295363 408.813 0 0
1500 85.6027 -86.7661 17.8481 0.494588 -1.429 409.894 0 0
1500 51.1422 50.7845 17.9473 -0.0473537 0.888645 408.698 0 0
1500 32.8585 -4.16585 18.2255 -0.444452 -0.13036 409.799 0 0
1500 89.0255 -53.5047 18.1208 0.619592 -0.944321 409.083 0 0
1500 83.6934 -11.959 18.0698 0.376022 -0.204287 410.206 0 0
1500 60.2232 12.0703 18.075 0.0296412 0.228602 410.036 0 0
1500 65.7114 -10.2426 18.0564 0.182718 -0.188385 410.281 0 0
1500 90.5427 48.503 17.9153 0.493797 0.763121 410.285 0 0
1500 94.0505 -44.9255 17.8086 0.583458 -0.665067 410.037 0 0
1500 101.478 49.0022 17.8732 0.698642 0.761882 410.154 0 0
1500 87.759 9.87154 18.0603 0.486969 0.228556 410.302 0 0
1500 85.5707 34.6176 18.0921 0.460103 0.53886 410.689 0 0
1500 95.4674 -24.524 17.9816 0.613875 -0.357032 410.827 0 0
1500 9.78309 -22.9183 17.9075 -0.73219 -0.369217 410.44 0 0
1500 31.402 -47.9328 17.9065 -0.425656 -0.725787 410.33 0 0
1500 120.854 -16.0501 17.8322 0.984969 -0.26307 410.87 0 0
1500 100.389 -52.305 17.8714 0.70207 -0.773936 410.507 0 0
1500 116.345 -33.4856 17.8193 0.879994 -0.564063 410.734 0 0
1500 122.386 12.4862 17.8487 1.01665 0.131402 410.371 0 0
1500 101.06 -108.081 17.8224 0.613858 -1.68794 410.83 0 0
1500 106.34 18.5894 17.9948 0.829426 0.280243 410.934 0 0
1500 94.8787 12.8373 17.8004 0.571987 0.271292 410.82 0 0
1500 104.405 24.613 17.9002 0.794807 0.360625 410.572 0 0
1500 8.08135 -5.37453 17.8874 -0.796417 -0.0159229 410.67 0 0
1500 42.0504 56.0204 18.0059 -0.235696 0.960091 410.409 0 0
1500 76.1352 -5.8715 18.919 0.417343 -0.0306983 411.207 0 0
1500 89.3594 22.1247 17.8395 0.507997 0.336888 411.005 0 0
1500 98.7773 -1.24862 17.819 0.64167 -0.0374702 411.084 0 0
1500 75.1916 -48.0287 17.936 0.265282 -0.750579 411.233 0 0
1500 92.0905 56.8964 17.8578 0.516322 0.911241 411.165 0 0
1500 115.132 -29.4817 17.9098 0.882416 -0.512358 411.025 0 0
1500 16.2652 -45.1398 17.8339 -0.70275 -0.659049 410.956 0 0
1500 143.999 -59.1451 17.9339 1.35865 -0.995955 411.25 0 0
1500 83.0903 -3.16682 17.9902 0.435404 -0.0560998 411.546 0 0
1500 106.839 -38.9458 17.8347 0.774329 -0.592413 411.415 0 0
1500 49.8819 -65.7606 17.8402 -0.102101 -1.03894 411.472 0 0
1500 123.447 4.937 17.8646 1.03796 0.0741386 411.724 0 0
1500 81.5671 40.9572 17.7945 0.363357 0.690569 411.783 0 0
1500 32.4063 -32.0514 17.8717 -0.460504 -0.527362 411.551 0 0
1500 211.256 -2.17255 17.9199 2.50574 0.0205716 411.754 0 0
1500 49.0676 20.8182 18.6151 -0.142723 0.414 411.651 0 0
1500 29.4429 57.5669 17.8611 -0.399837 0.905763 412.316 0 0
1500 98.5969 -51.8886 17.9089 0.621361 -0.827814 412.562 0 0
1500 33.5822 -61.3105 17.8111 -0.404384 -0.96361 412.494 0 0
1500 91.8794 56.6337 17.8238 0.583315 0.876003 412.049 0 0
1500 137.074 -20.5499 17.9714 1.27628 -0.346476 412.348 0 0
1500 23.3257 30.2324 17.922 -0.564237 0.525687 412.237 0 0
1500 4.96005 21.9103 17.8157 -0.894918 0.332229 412.509 0 0
1500 78.9413 45.6333 17.8014 0.369046 0.757132 412.638 0 0
1500 90.9709 -4.099 17.9602 0.529083 -0.012945 412.747 0 0
1500 97.6135 -25.7884 17.846 0.628132 -0.39402 412.806 0 0
1500 2.68104 -16.5369 17.8604 -0.902469 -0.282722 412.752 0 0
1500 91.001 -14.0105 18.126 0.608256 -0.249955 412.82 0 0
1500 119.086 -64.0574 17.8718 1.02764 -1.02335 412.726 0 0
1500 137.1 1.47708 18.0543 1.3505 -0.01422 412.724 0 0
1500 81.4834 -20.7735 17.9357 0.341044 -0.360412 413.163 0 0
1500 76.6798 -29.641 17.8528 0.328334 -0.444942 413.399 0 0
1500 83.787 -39.3471 17.8465 0.431617 -0.585967 412.86 0 0
1500 54.6048 -18.099 17.8591 0.0176006 -0.280655 413.876 0 0
1500 93.9631 -8.6688 17.892 0.581782 -0.127315 413.538 0 0
1500 62.621 -32.8281 17.8418 0.0844004 -0.529419 413.933 0 0
1500 71.2334 -17.2641 17.846 0.204673 -0.309028 414.252 0 0
1500 81.8724 -45.4743 17.8528 0.356505 -0.716898 413.724 0 0
1500 118.491 5.28965 17.826 0.939883 0.101809 413.864 0 0
1500 101.795 -42.9114 17.9637 0.696563 -0.673047 413.946 0 0
1500 29.0444 -60.0101 17.9108 -0.434001 -0.948567 413.533 0 0
1500 41.7559 48.451 17.7928 -0.230966 0.786858 413.175 0 0
1500 116.87 -26.7112 17.9245 0.948572 -0.432817 413.06 0 0
1500 103.516 7.75461 18.4214 0.822008 0.142284 413.108 0 0
1500 101.536 -14.0356 18.3284 0.786045 -0.233825 412.929 0 0
1500 98.9045 6.64985 18.4109 0.743376 0.147591 413.556 0 0
1500 119.277 -21.1126 17.892 0.988828 -0.28043 413.586 0 0
1500 -3.62396 5.92983 17.8578 -0.991489 0.0572763 413.185 0 0
1500 84.0916 5.85775 18.4642 0.521438 0.154752 413.073 0 0
1500 56.4451 23.5798 18.1362 -0.0476572 0.406029 412.835 0 0
1500 26.7623 -21.8379 17.9195 -0.515001 -0.396517 412.93 0 0
1500 96.7795 -27.3654 17.8933 0.665218 -0.461318 413.163 0 0
1500 58.7711 -36.9674 17.9292 0.0301316 -0.646824 412.917 0 0
1500 68.4993 48.0264 17.8036 0.230757 0.762746 413.534 0 0
1500 98.8687 35.2426 17.7991 0.693412 0.561689 414.013 0 0
1500 62.0222 36.1719 17.8856 0.141446 0.584827 414.244 0 0
1500 56.0123 20.38 17.9547 -0.0303452 0.392873 414.237 0 0
1500 -4.20984 38.5983 18.0611 -1.04487 0.673578 413.635 0 0
1500 123.068 -8.87632 18.2895 1.15644 -0.21226 413.194 0 0
1500 40.2735 -20.5542 18.1504 -0.337032 -0.301607 413.953 0 0
1500 139.068 31.0617 18.3268 1.483 0.543516 413.974 0 0
1500 203.851 16.6417 18.0011 2.55284 0.34305 413.36 0 0
1500 92.4459 24.7911 18.3242 0.659744 0.504563 413.766 0 0
1500 109.394 41.4709 17.8539 0.777961 0.675329 414.353 0 0
1500 66.2194 -57.0354 17.8322 0.159515 -0.91252 414.449 0 0
1500 13.0225 -35.2588 17.8183 -0.674406 -0.616546 414.387 0 0
1500 80.1005 -7.61967 18.0843 0.393075 -0.143248 415.153 0 0
1500 47.1636 -31.7748 17.9458 -0.161918 -0.510847 414.856 0 0
1500 55.519 -38.3216 17.9286 -0.00693192 -0.606079 415.25 0 0
1500 117.946 -8.07477 17.8581 0.904958 -0.1608 414.854 0 0
1500 11.5026 -50.5731 17.8857 -0.71075 -0.784092 414.668 0 0
1500 108.023 -43.827 17.8933 0.762989 -0.713209 415.03 0 0
1500 65.395 -53.3888 17.9189 0.122965 -0.879391 414.949 0 0
1500 5.93444 35.2359 17.8651 -0.78045 0.605854 415.137 0 0
1500 82.9349 23.2622 17.8733 0.463914 0.334903 414.739 0 0
1500 13.7922 -39.4801 17.9081 -0.684277 -0.602013 415.711 0 0
1500 46.8823 -59.8217 17.9461 -0.154655 -0.972062 415.566 0 0
1500 58.6319 5.44397 18.4842 0.0896079 0.157609 415.646 0 0
1500 44.8612 54.8013 17.903 -0.208918 0.985105 415.564 0 0
1500 96.5924 18.4413 18.0032 0.631754 0.257581 416.17 0 0
1500 106.859 33.6593 17.848 0.762302 0.527544 416.418 0 0
1500 114.268 -22.4804 17.8468 0.882582 -0.367173 416.329 0 0
1500 -16.0671 -21.5079 17.8577 -1.15594 -0.333363 415.901 0 0
1500 -31.4496 -56.6116 17.9399 -1.43613 -0.943334 415.945 0 0
1500 70.513 8.13441 17.8313 0.114902 0.128002 416.034 0 0
1500 63.6853 -22.5507 17.8373 0.165125 -0.358667 416.311 0 0
1500 101.947 -68.2577 18.1587 0.814917 -1.17729 416.41 0 0
1500 91.7877 55.4632 17.866 0.580465 0.851333 416.693 0 0
1500 105.008 -21.5627 17.9277 0.778236 -0.384807 416.743 0 0
1500 103.372 -1.63097 17.8489 0.764037 0.0176223 416.657 0 0
1500 132.72 -40.2992 17.8137 1.14932 -0.606435 416.857 0 0
1500 65.4527 0.0316577 18.5491 0.191203 0.0674969 417.631 0 0
1500 110.261 41.6978 17.863 0.765587 0.681008 417.297 0 0
1500 98.6998 34.4836 18.028 0.649448 0.595915 417.344 0 0
1500 -2.3985 11.0795 17.8142 -0.969723 0.216794 417.693 0 0
1500 81.1678 34.2293 18.1083 0.415691 0.591358 417.776 0 0
1500 53.6905 -9.17372 18.1783 -0.0966991 -0.124165 417.028 0 0
1500 20.6718 80.3375 17.8313 -0.524333 1.29476 417.059 0 0
1500 82.0427 44.0243 17.8235 0.444644 0.670991 417.395 0 0
1500 81.4464 11.0638 17.9923 0.459418 0.16715 417.366 0 0
1500 111.549 -10.2813 17.8725 0.891696 -0.233109 417.236 0 0
1500 126.54 -83.7034 17.8987 1.0509 -1.40099 417.509 0 0
1500 73.3918 1.13524 18.7813 0.367906 0.02234 418.19 0 0
1500 112.309 36.2303 17.8661 0.867134 0.551863 418.206 0 0
1500 94.9519 57.2046 17.8113 0.513592 0.913851 418.292 0 0
1500 13.8101 44.4388 17.8129 -0.721879 0.716836 417.996 0 0
1500 95.8668 36.0902 18.1013 0.632438 0.613148 418.474 0 0
1500 72.4089 31.0106 18.3269 0.275736 0.543181 418.382 0 0
1500 40.9401 68.6464 17.9232 -0.218024 1.11055 418.366 0 0
1500 64.0318 -23.5933 18.3331 0.0926771 -0.397876 418.242 0 0
1500 105.221 -46.5066 17.8569 0.735746 -0.78333 418.376 0 0
1500 26.8363 15.1988 18.006 -0.53453 0.231519 417.862 0 0
1500 68.2447 -4.06049 17.9298 0.248418 -0.0641229 417.826 0 0
1500 148.269 116.495 17.8682 1.45653 1.88173 418.125 0 0
1500 52.8769 -8.34153 17.8325 -0.150823 -0.0908819 418.2 0 0
1500 97.2499 -56.3977 17.9386 0.650695 -0.968832 418.158 0 0
1500 73.7518 -35.6352 18.4856 0.3457 -0.703915 418.016 0 0
1500 90.2352 -3.34867 19.1884 0.64952 -0.0671326 418.999 0 0
1500 80.6851 -2.90671 18.2006 0.424232 -0.0360598 419.831 0 0
1500 54.4735 -5.73941 17.9112 0.0159481 -0.118383 419.705 0 0
1500 52.0108 43.8138 17.8789 -0.0812996 0.689757 419.495 0 0
1500 45.5407 -61.3845 17.836 -0.184162 -0.961201 418.933 0 0
1500 116.594 28.8206 17.9897 0.943441 0.452977 419.462 0 0
1500 99.0824 48.2867 17.886 0.62684 0.797434 419.545 0 0
1500 104.719 0.34786 18.0401 0.768273 0.075261 419.013 0 0
1500 74.4955 -6.97623 17.8943 0.335054 -0.135111 418.673 0 0
1500 80.0127 22.8804 18.1652 0.31608 0.39178 419.643 0 0
1500 65.6228 22.887 18.1677 0.0962688 0.392909 419.472 0 0
1500 36.8513 -90.665 17.8975 -0.347311 -1.49402 418.941 0 0
1500 61.863 39.0637 18.0429 0.0155504 0.638011 419.548 0 0
1500 107.442 31.4031 17.9547 0.883115 0.473653 419.285 0 0
1500 54.4477 -49.2131 18.3736 -0.0156733 -0.990588 419.083 0 0
1500 62.7977 -7.98949 18.224 0.073119 -0.166397 420.769 0 0
1500 86.6575 29.9003 17.9478 0.402857 0.488905 421.061 0 0
1500 41.4195 54.0426 17.8206 -0.293157 0.821689 421.187 0 0
1500 87.5502 -59.2558 17.8135 0.501034 -0.86806 421.068 0 0
1500 115.953 -32.0168 17.8288 0.88363 -0.533366 420.842 0 0
1500 121.837 11.6458 17.9685 1.03281 0.16788 420.552 0 0
1500 96.7816 -27.1238 17.9843 0.671545 -0.406109 420.644 0 0
1500 86.6791 -19.4613 18.1266 0.551906 -0.287697 420.711 0 0
1500 20.5304 31.7114 17.8865 -0.635563 0.449629 421.041 0 0
1500 60.625 9.32939 18.079 0.00232468 0.110066 420.969 0 0
1500 44.206 11.7914 17.9302 -0.200767 0.261436 421.354 0 0
1500 129.647 21.6282 18.0654 1.23672 0.354274 420.647 0 0
1500 124.411 -33.8095 18.0747 1.15968 -0.624492 421.117 0 0
1500 67.931 1.38407 17.8944 0.209652 0.04139 421.423 0 0
1500 90.3492 52.2324 17.8894 0.476969 0.823409 422.229 0 0
1500 91.9418 -48.3245 17.8732 0.57975 -0.742998 421.531 0 0
1500 1.811 -39.1891 17.8027 -0.895012 -0.540441 422.294 0 0
1500 85.387 3.77894 17.9246 0.498778 0.0287692 422.005 0 0
1500 99.252 34.5111 17.9357 0.642347 0.600078 422.117 0 0
1500 92.1265 4.541 17.9938 0.616705 0.040979 421.604 0 0
1500 92.8622 -8.9414 17.9927 0.627207 -0.166176 421.688 0 0
1500 83.4249 3.32032 17.8785 0.405313 -0.0260439 421.422 0 0
1500 41.0493 8.58164 17.8949 -0.325605 0.172946 421.469 0 0
1500 20.9691 21.0757 17.8839 -0.630674 0.363135 422.287 0 0
1500 97.4246 -61.7736 17.8429 0.686581 -0.959585 422.364 0 0
1500 69.2249 -52.8599 18.3768 0.237615 -0.979553 422.198 0 0
1500 76.8092 27.7052 18.012 0.345664 0.416829 422.721 0 0
1500 34.4726 -29.9301 17.9528 -0.382202 -0.442896 423.271 0 0
1500 112.216 16.4907 17.9603 0.857421 0.254413 423.44 0 0
1500 4.20007 36.5715 17.8037 -0.853562 0.572971 422.787 0 0
1500 109.251 -6.3848 17.9948 0.868096 -0.067786 423.434 0 0
1500 75.4091 37.4339 18.0021 0.359345 0.602465 422.721 0 0
1500 84.5765 -36.3373 18.0074 0.470975 -0.616893 423.264 0 0
1500 28.3967 32.6994 17.8545 -0.522581 0.538306 422.677 0 0
1500 111.71 -9.64821 17.9622 0.847412 -0.117693 423.671 0 0
1500 56.8498 -67.517 17.8575 -0.0673714 -1.04608 423.867 0 0
1500 62.6 4.23819 18.3362 0.115183 0.125478 425.574 0 0
1500 45.2171 -25.6328 18.1276 -0.177673 -0.413839 424.599 0 0
1500 43.9213 -4.00223 18.31 -0.200288 -0.077766 425.752 0 0
1500 75.2378 1.68493 17.996 0.326589 0.0199488 424.672 0 0
1500 54.3489 -1.04606 17.9146 -0.0396671 0.0549019 424.623 0 0
1500 65.9261 20.7323 17.9107 0.121834 0.359208 424.348 0 0
1500 39.9358 -3.47738 18.0129 -0.299961 -0.0504111 424.997 0 0
1500 99.788 13.7667 17.9688 0.671679 0.21286 424.342 0 0
1500 85.6722 39.6546 17.8506 0.421954 0.628455 424.46 0 0
1500 -1.42084 -29.7404 17.8731 -0.928854 -0.471366 424.1 0 0
1500 1.44102 -6.53118 17.8821 -0.864314 -0.127797 425.883 0 0
1500 10.2969 -31.3323 17.8663 -0.731497 -0.496264 426.005 0 0
1500 74.616 63.9869 17.9266 0.259915 1.0155 424.208 0 0
1500 118.386 -6.63567 17.8251 0.936764 -0.124876 425.929 0 0
1500 85.9115 49.8612 17.9247 0.471449 0.818362 424.192 0 0
1500 61.906 58.0101 17.9245 0.109009 0.941063 424.215 0 0
1500 88.5206 47.4064 18.037 0.485168 0.787799 424.594 0 0
1500 85.5284 51.9838 17.8331 0.385292 0.858689 423.978 0 0
1500 115.457 4.07371 18.094 0.953559 0.104142 425.95 0 0
1500 77.7575 -11.9758 18.0883 0.389616 -0.240125 424.315 0 0
1500 50.9836 23.9195 17.9673 -0.169692 0.361831 423.945 0 0
1500 45.5684 -44.435 17.9567 -0.25061 -0.690186 424.743 0 0
1500 153.485 -1.27577 17.981 1.56829 -0.0489174 424.082 0 0
1500 40.1363 -42.177 17.9312 -0.225779 -0.709487 425.6 0 0
1500 40.1656 -19.2341 18.1701 -0.304531 -0.279351 425.077 0 0
1500 56.5555 -10.5336 17.9669 0.00921723 -0.240106 424.16 0 0
1500 19.6525 3.50571 18.0933 -0.628378 0.0566755 425.431 0 0
1500 89.4621 27.1533 18.1095 0.55133 0.479098 425.914 0 0
1500 80.2727 -12.8269 17.8181 0.396002 -0.142547 424.622 0 0
1500 41.3096 51.6824 17.802 -0.206074 0.842219 426.167 0 0
1500 86.59 -6.09771 17.9352 0.475342 -0.169348 425.475 0 0
1500 23.6282 -7.03925 17.832 -0.602977 -0.0707372 425.391 0 0
1500 89.1178 12.1228 17.9106 0.564728 0.208803 425.965 0 0
1500 84.2153 3.26315 17.9007 0.427174 -0.0261035 425.828 0 0
1500 61.5532 18.0237 17.8403 0.0991698 0.346011 425.561 0 0
1500 73.4092 13.8034 17.8395 0.284435 0.279741 425.615 0 0
1500 52.6013 14.2204 17.9777 -0.135164 0.274132 424.549 0 0
1500 113.674 -6.00486 17.9865 0.975936 -0.0315156 424.957 0 0
1500 128.934 -13.3472 18.1034 1.28141 -0.235204 425.383 0 0
1500 60.174 39.7281 18.0289 0.108553 0.722756 424.795 0 0
1500 207.893 -89.9113 17.9943 2.62136 -1.54456 424.867 0 0
1500 6.4395 63.6358 18.1616 -0.9292 1.23891 425.749 0 0
1500 83.7975 14.3289 18.3782 0.457863 0.260006 426.489 0 0
1500 89.7107 -42.3166 18.2285 0.534591 -0.705867 426.309 0 0
1500 106.44 -29.3616 17.8504 0.754862 -0.520938 426.52 0 0
1500 72.3814 -35.609 17.9356 0.164702 -0.582597 426.258 0 0
1500 128.038 -25.979 17.9024 1.20165 -0.495151 426.534 0 0
1500 42.6551 11.9923 18.1696 -0.229579 0.202634 426.948 0 0
1500 97.0166 21.1034 18.1231 0.649346 0.303157 426.797 0 0
1500 116.051 -13.2004 17.7986 0.922931 -0.143621 426.743 0 0
1500 64.626 8.16987 18.5252 0.157349 0.19037 427.167 0 0
1500 18.7269 -44.2742 17.881 -0.575971 -0.745075 427.636 0 0
1500 84.5605 63.2339 17.8981 0.493913 1.00699 427.193 0 0
1500 50.6138 36.6743 17.8332 -0.0642991 0.626991 427.548 0 0
1500 86.4586 1.75506 17.8167 0.49157 0.0860211 427.225 0 0
1500 46.259 27.9428 17.8163 -0.135906 0.494611 427.253 0 0
1500 69.4841 38.7774 17.8101 0.224841 0.658829 427.724 0 0
1500 111.342 -24.5492 18.064 0.967759 -0.391334 426.738 0 0
1500 66.7459 -4.69267 18.1358 0.223478 -0.0562296 427.822 0 0
1500 115.869 -28.4395 18.0539 0.944493 -0.449412 427.774 0 0
1500 32.9044 -27.446 18.1731 -0.404918 -0.453153 427.744 0 0
1500 45.6003 -10.9965 17.9213 -0.202166 -0.210512 427.992 0 0
1500 92.2379 39.4963 17.9309 0.53294 0.622172 428.42 0 0
1500 54.0301 44.4889 17.8288 -0.0112225 0.744101 427.908 0 0
1500 123.427 31.9432 17.9083 1.12278 0.468099 427.916 0 0
1500 97.05 48.1958 17.8791 0.641641 0.77891 428.575 0 0
1500 90.2142 38.7126 17.9277 0.579266 0.601589 428.548 0 0
1500 73.9691 5.80779 18.763 0.390874 0.0823921 428.921 0 0
1500 83.9324 8.40435 18.1438 0.462413 0.131783 428.702 0 0
1500 67.6606 -52.2829 17.8328 0.170077 -0.809866 428.693 0 0
1500 62.4636 -54.0454 17.9014 0.0931843 -0.895128 428.916 0 0
1500 123.385 -103.698 17.8821 1.13005 -1.64818 428.618 0 0
1500 64.3251 19.8555 17.9459 0.134343 0.337203 429.726 0 0
1500 73.8005 -3.1531 17.9476 0.26591 0.0166029 429.848 0 0
1500 68.6903 -30.5238 18.1644 0.14791 -0.478875 431.024 0 0
1500 37.4305 38.9215 17.9931 -0.305996 0.603821 430.497 0 0
1500 5.9693 19.6983 17.8775 -0.808257 0.281567 429.439 0 0
1500 60.3089 -53.6917 17.927 0.0763526 -0.837011 429.328 0 0
1500 85.3715 -5.63774 17.9823 0.467958 -0.0783495 431.587 0 0
1500 91.1041 -53.242 17.8306 0.547094 -0.800961 429.285 0 0
1500 108.741 33.0227 17.8957 0.806998 0.494521 430.871 0 0
1500 115.645 -19.4585 17.8959 0.905808 -0.259794 430.904 0 0
1500 26.5814 -57.0399 17.9013 -0.497299 -0.909895 429.737 0 0
1500 120.007 20.3084 17.9166 1.00022 0.310554 430.738 0 0
1500 41.6453 64.4253 17.8142 -0.195837 1.01794 430.061 0 0
1500 104.22 44.7301 17.8143 0.739217 0.724235 430.019 0 0
1500 35.5678 62.0572 17.8148 -0.287503 0.985642 429.852 0 0
1500 120.26 19.2656 17.8142 0.97826 0.343431 430.065 0 0
1500 125.406 -9.88445 17.8137 1.04135 -0.0907141 430.951 0 0
1500 109.045 33.9021 17.8165 0.818619 0.567471 429.422 0 0
1500 124.183 -14.4819 17.7931 1.03152 -0.159859 430.265 0 0
1500 85.7811 51.0875 17.7981 0.467931 0.832873 429.014 0 0
1500 40.3626 58.2831 17.7975 -0.221497 0.94079 429.109 0 0
1500 99.7948 -42.1097 17.9422 0.687095 -0.693248 429.851 0 0
1500 75.1593 -63.5824 17.9179 0.256059 -1.01334 431.154 0 0
1500 24.2267 -50.005 17.9269 -0.551204 -0.801662 430.126 0 0
1500 55.4417 -65.3279 17.8155 -0.0676064 -1.04133 430.911 0 0
1500 121.529 -26.2671 17.8418 0.969105 -0.467273 430.551 0 0
1500 89.4014 11.6062 18.3168 0.530978 0.25062 430.252 0 0
1500 101.435 -31.9518 18.058 0.699706 -0.555056 430.548 0 0
1500 86.8882 -33.9975 17.9109 0.518216 -0.535662 430.565 0 0
1500 106.386 14.7818 17.9277 0.824762 0.234894 430.148 0 0
1500 107.915 36.4103 17.9202 0.834212 0.554946 431.236 0 0
1500 52.8217 -24.3623 18.0601 -0.0399372 -0.442413 430.956 0 0
1500 33.2427 46.8667 17.9256 -0.403789 0.777096 430.529 0 0
1500 31.226 -55.081 17.8181 -0.403502 -0.906482 431.115 0 0
1500 58.083 -37.3466 18.141 0.0369209 -0.64484 430.589 0 0
1500 64.8844 -22.5877 17.8607 0.122006 -0.429129 429.144 0 0
1500 49.6656 -19.7312 18.0028 -0.127853 -0.380309 429.751 0 0
1500 84.0912 -2.62989 18.3313 0.495906 0.027409 431.456 0 0
1500 43.0238 -3.5317 17.84 -0.216609 -0.131186 429.302 0 0
1500 61.6768 27.7118 17.9951 0.117992 0.493458 430.343 0 0
1500 -10.2663 59.6206 17.8192 -1.1166 0.994181 430.147 0 0
1500 76.44 28.9092 17.8913 0.218148 0.470046 431.222 0 0
1500 99.2044 -10.6234 17.9145 0.711172 -0.198883 431.595 0 0
1500 91.4412 2.93481 17.9198 0.595854 0.00943274 431.166 0 0
1500 79.7925 -14.3343 17.923 0.417228 -0.258498 430.936 0 0
1500 83.304 -70.8149 17.8809 0.459392 -1.17759 430.066 0 0
1500 112.367 13.77 17.8779 0.864096 0.289386 431.557 0 0
1500 37.2829 -23.3104 17.9669 -0.39824 -0.335895 429.649 0 0
1500 65.1237 29.6387 18.1112 0.0677848 0.540754 429.296 0 0
1500 88.4795 33.3308 17.9309 0.577377 0.584382 431.47 0 0
1500 119.84 -40.1766 18.4738 1.18159 -0.752089 429.207 0 0
1500 62.9867 -21.1195 18.1481 0.0071421 -0.411399 429.305 0 0
1500 61.4413 20.8986 17.8539 0.0646446 0.356154 432.686 0 0
1500 93.7513 26.0515 18.1259 0.57711 0.419012 432.203 0 0
1500 97.8224 50.3848 17.8382 0.624173 0.76325 432.568 0 0
1500 82.21 -26.9014 18.006 0.418981 -0.410572 434.165 0 0
1500 80.6933 58.0502 17.7972 0.372903 0.895939 432.15 0 0
1500 92.655 -53.9871 17.9404 0.558667 -0.839779 432.377 0 0
1500 13.6549 -36.8404 17.8457 -0.66139 -0.598606 433.264 0 0
1500 37.1623 60.7092 17.9177 -0.337413 0.968034 431.853 0 0
1500 75.9957 15.1664 18.5955 0.395776 0.296175 431.808 0 0
1500 55.5773 -58.7594 17.8221 -0.0344207 -0.917468 434.331 0 0
1500 112.89 32.9996 17.8995 0.902926 0.485451 432.009 0 0
1500 103.361 -47.0784 17.8115 0.693994 -0.774456 432.549 0 0
1500 92.661 55.4077 17.9718 0.568777 0.878379 433.498 0 0
1500 72.7172 52.9484 17.9793 0.282224 0.864007 431.781 0 0
1500 110.246 12.357 18.2774 0.905751 0.201484 433.422 0 0
1500 21.9459 18.6644 17.8855 -0.615054 0.309761 431.778 0 0
1500 112.653 -36.519 17.8991 0.877382 -0.570396 434.59 0 0
1500 84.5278 -59.7755 17.8997 0.470145 -0.92323 433.755 0 0
1500 86.4179 -60.0867 17.8991 0.495292 -0.922357 434.156 0 0
1500 72.0535 29.8835 18.3364 0.327737 0.508174 433.021 0 0
1500 96.9734 -0.815577 18.3329 0.70074 0.0448018 433.304 0 0
1500 117.928 13.7932 17.8917 0.978689 0.228868 433.547 0 0
1500 79.3623 16.1309 17.9605 0.393903 0.287792 434.036 0 0
1500 121.243 -17.2728 17.8945 1.01578 -0.226118 434.437 0 0
1500 89.6491 40.1701 17.9026 0.568 0.622798 432.607 0 0
1500 116.193 30.5508 17.8918 0.941328 0.460421 434.821 0 0
1500 23.1072 30.2721 17.8302 -0.530143 0.537486 433.205 0 0
1500 79.3093 8.02894 18.315 0.427151 0.186236 434.079 0 0
1500 71.3 1.7377 18.3454 0.313398 0.088526 434.731 0 0
1500 123.06 -1.85047 17.9175 1.06128 -0.0965045 433.534 0 0
1500 133.532 4.45574 18.1571 1.32189 0.0481283 432.234 0 0
1500 57.0522 43.2629 18.0005 0.0255417 0.750291 434 0 0
1500 67.8702 -24.2392 18.0609 0.25024 -0.409709 434.84 0 0
1500 137.602 -24.9477 17.9724 1.34595 -0.470574 433.146 0 0
1500 13.5718 13.7085 17.9346 -0.761858 0.296512 432.625 0 0
1500 94.3733 -27.9171 18.088 0.603495 -0.531604 433.333 0 0
1500 103.808 8.65872 18.0763 0.830163 0.0771102 433.761 0 0
1500 77.9791 -12.2859 18.4603 0.378333 -0.226793 437.042 0 0
1500 85.9625 16.407 18.3187 0.434702 0.293297 436.994 0 0
1500 49.984 -10.7572 18.0641 -0.0771681 -0.221291 435.735 0 0
1500 121.038 17.4387 17.8312 0.973288 0.208506 435.149 0 0
1500 82.1663 27.6576 17.9151 0.412186 0.416952 438.289 0 0
1500 90.2948 -9.57234 17.9142 0.530853 -0.125326 438.408 0 0
1500 141.061 -24.2787 17.8603 1.2929 -0.392253 435.864 0 0
1500 93.4994 52.3303 17.9468 0.578097 0.849357 434.95 0 0
1500 110.709 -40.0569 17.8649 0.815738 -0.652433 437.235 0 0
1500 105.192 24.8763 18.0682 0.788825 0.432865 436.128 0 0
1500 109.88 30.334 18.0634 0.850065 0.509413 436.854 0 0
1500 42.6637 -89.6293 17.8019 -0.190207 -1.40514 436.807 0 0
1500 25.6708 33.8892 18.0518 -0.521313 0.564058 435.951 0 0
1500 120.06 -8.15644 17.8916 0.964321 -0.194649 436.697 0 0
1500 100.05 -30.6611 17.8978 0.671986 -0.540261 435.833 0 0
1500 104.569 13.4723 18.1774 0.820304 0.208951 437.02 0 0
1500 105.165 54.8507 17.9918 0.809913 0.895553 435.165 0 0
1500 114.991 23.3896 18.0762 0.948191 0.364986 438.207 0 0
1500 115.099 -3.99503 17.8751 0.890593 -0.135074 436.488 0 0
1500 23.972 55.3355 17.8181 -0.468113 0.892882 437.503 0 0
1500 53.2876 -25.3116 18.0973 -0.108736 -0.420666 436.551 0 0
1500 103.12 -34.6687 17.8521 0.737335 -0.582934 437.663 0 0
1500 12.3952 43.5163 17.8062 -0.759914 0.675233 438.507 0 0
1500 53.0962 4.02389 17.8343 -0.154892 0.0854078 435.666 0 0
1500 56.3578 -53.1592 17.8741 0.0348559 -0.888873 435.683 0 0
1500 49.9751 55.8247 17.7983 -0.146621 0.923243 438.058 0 0
1500 60.7063 -52.5106 17.8901 0.117574 -0.875361 434.989 0 0
1500 30.0891 14.4933 18.0606 -0.428521 0.294256 437.879 0 0
1500 70.5932 0.602386 18.0402 0.233042 -0.0667484 438.271 0 0
1500 59.8229 -5.46136 18.0543 -0.018632 -0.0633092 438.096 0 0
1500 71.5327 1.27912 18.0696 0.267724 -0.0566311 437.943 0 0
1500 155.007 6.93233 18.3415 1.75851 0.139343 437.281 0 0
1500 124.31 -2.19247 18.3065 1.23473 -0.0910889 436.502 0 0
1500 105.463 33.5208 18.146 0.83114 0.649147 437.754 0 0
1500 116.441 -17.964 18.4868 1.16299 -0.36131 435.189 0 0
1500 61.5351 -5.58296 18.2939 0.00247308 -0.115516 436.514 0 0
1500 65.1791 9.8437 18.5998 0.211192 0.195327 439.152 0 0
1500 93.2262 -5.41911 18.1155 0.55762 -0.0435455 440.128 0 0
1500 62.8576 26.8603 17.9189 0.141505 0.400864 438.858 0 0
1500 79.0578 23.6209 18.2905 0.387183 0.380234 439.976 0 0
1500 76.0469 -6.43025 18.3885 0.376097 -0.0655755 441.062 0 0
1500 58.6001 19.4211 18.0876 0.0807197 0.322273 442.011 0 0
1500 118.851 -0.0912203 17.8706 0.941106 0.0378506 439.283 0 0
1500 104.696 2.57071 17.8806 0.725468 0.0749121 440.431 0 0
1500 74.9273 40.1982 18.0027 0.236186 0.630546 441.347 0 0
1500 104.488 -27.7299 17.8993 0.690294 -0.462516 440.523 0 0
1500 42.2158 -6.79032 18.1688 -0.239149 -0.0616832 443.653 0 0
1500 66.7582 10.9572 17.8446 0.163208 0.209387 442.538 0 0
1500 60.0334 -29.3111 17.9279 0.0373994 -0.479816 442.92 0 0
1500 39.7183 -60.3174 17.9079 -0.254351 -0.941766 440.768 0 0
1500 -7.32034 7.83448 17.8044 -1.03766 0.136586 439.695 0 0
1500 45.8387 55.1103 17.8151 -0.244984 0.808669 441.864 0 0
1500 -2.03778 -29.6955 17.8045 -0.95894 -0.417184 439.747 0 0
1500 59.6486 37.061 18.0117 0.0102235 0.602002 440.766 0 0
1500 33.7062 7.77952 18.0169 -0.378758 0.180668 438.767 0 0
1500 46.158 31.3315 18.0135 -0.184472 0.51339 441.453 0 0
1500 49.063 27.7468 18.0148 -0.147547 0.4778 439.115 0 0
1500 98.7034 25.6084 18.0551 0.640407 0.416495 443.345 0 0
1500 22.7242 27.3302 17.9366 -0.531419 0.476217 439.71 0 0
1500 26.1989 25.4122 17.8115 -0.472581 0.42767 443.062 0 0
1500 100.503 36.1355 17.8037 0.584696 0.585534 442.317 0 0
1500 38.6003 -62.9857 17.7931 -0.293856 -1.0056 440.305 0 0
1500 37.4297 45.1498 18.0496 -0.311243 0.755033 438.797 0 0
1500 45.0841 48.5175 18.049 -0.195009 0.805421 438.852 0 0
1500 32.6156 16.9344 17.8143 -0.403627 0.294698 443.94 0 0
1500 100.405 10.6656 18.5627 0.774319 0.194476 441.954 0 0
1500 79.9667 28.1871 18.2065 0.38099 0.503874 439.118 0 0
1500 75.4626 -51.2965 18.0198 0.298451 -0.839508 440.366 0 0
1500 51.8158 -165.113 17.8178 -0.0585926 -2.53517 440.299 0 0
1500 53.08 -33.2662 17.9746 -0.0250935 -0.528819 445.261 0 0
1500 142.773 14.3654 17.9041 1.35593 0.179861 439.917 0 0
1500 65.4988 -34.1182 17.817 0.171908 -0.487916 444.71 0 0
1500 92.0094 -30.5771 17.9423 0.559408 -0.452977 445.004 0 0
1500 99.5884 -10.2337 18.0532 0.671186 -0.174761 445.624 0 0
1500 72.5423 -14.3512 18.0552 0.276096 -0.295031 439.034 0 0
1500 35.8404 -42.2548 17.8348 -0.40078 -0.69724 439.406 0 0
1500 108.979 -13.9547 17.8675 0.818861 -0.289863 438.992 0 0
1500 123.934 4.475 17.8091 1.04423 0.0835337 442.273 0 0
1500 100.302 -20.5519 17.8227 0.724318 -0.298353 439.536 0 0
1500 94.6706 56.3757 17.8092 0.610427 0.848545 442.426 0 0
1500 107.272 -20.1152 17.8162 0.740769 -0.384397 439.772 0 0
1500 55.0896 49.6336 17.8088 0.0197643 0.799602 439.63 0 0
1500 122.638 8.94881 17.7963 1.02725 0.167953 441.681 0 0
1500 106.821 -45.461 17.7972 0.795338 -0.647427 441.332 0 0
1500 124.556 -5.21905 17.7962 1.0427 -0.0429444 442.527 0 0
1500 95.0191 -32.3466 17.8094 0.635059 -0.462911 439.571 0 0
1500 55.243 35.038 17.8173 0.0223691 0.581213 438.924 0 0
1500 91.7364 18.2539 17.8142 0.588203 0.318817 439.16 0 0
1500 91.8574 39.6525 17.8084 0.543181 0.598939 444.727 0 0
1500 69.5512 1.93952 18.0402 0.130261 0.0510341 439.242 0 0
1500 36.8456 11.0681 17.9574 -0.348734 0.136467 447.014 0 0
1500 41.2915 32.0446 17.9522 -0.318106 0.475378 439.951 0 0
1500 -1.98525 -9.36886 17.9349 -0.960065 -0.159911 441.74 0 0
1500 -0.221581 -12.3029 17.9358 -0.935493 -0.204438 441.603 0 0
1500 44.4009 -5.81258 17.9594 -0.243022 -0.098439 447.158 0 0
1500 110.196 -7.50979 17.8883 0.819385 -0.120761 445.645 0 0
1500 52.9299 52.2247 17.8473 -0.0860255 0.872992 441.105 0 0
1500 108.429 19.6761 17.8485 0.762988 0.376834 440.965 0 0
1500 55.1402 62.9454 17.8416 -0.0496167 0.983901 444.618 0 0
1500 60.7482 5.8464 17.8229 0.101975 0.100393 447.19 0 0
1500 97.3542 2.98602 18.0623 0.696894 0.00744522 441.199 0 0
1500 65.9684 -21.8549 18.0705 0.219916 -0.375235 440.582 0 0
1500 4.73056 33.1613 17.8209 -0.873882 0.471146 442.266 0 0
1500 90.7393 -19.0302 17.9728 0.500107 -0.331679 447.633 0 0
1500 118.345 -22.6715 17.9536 0.941521 -0.406328 443.476 0 0
1500 83.954 -38.6685 17.9653 0.441423 -0.661131 441.754 0 0
1500 98.8336 -18.892 17.9668 0.669917 -0.360088 441.616 0 0
1500 21.4429 -45.225 17.8498 -0.554521 -0.761653 442.689 0 0
1500 83.596 -23.5407 18.5693 0.527725 -0.404412 444.091 0 0
1500 55.8794 19.6471 18.3752 -0.0236998 0.301596 450.491 0 0
1500 130.313 -17.3094 17.8583 1.11215 -0.265826 446.645 0 0
1500 97.1616 -5.92886 17.905 0.663269 -0.15224 441.77 0 0
1500 123.058 -180.764 17.8079 0.928867 -2.81193 442.487 0 0
1500 20.683 -38.8079 17.9357 -0.610463 -0.638825 443.207 0 0
1500 63.0752 -53.283 18.0235 0.1268 -0.883393 443.199 0 0
1500 19.2886 106.795 17.8951 -0.568799 1.78979 439.17 0 0
1500 121.718 -13.2033 18.2199 1.11995 -0.288024 439.002 0 0
1500 84.0266 -44.0201 17.8658 0.478831 -0.680884 443.302 0 0
1500 -5.03544 6.14109 17.9243 -0.99684 0.0557173 444.855 0 0
1500 29.4954 27.9532 17.941 -0.493571 0.393677 442.956 0 0
1500 26.12 5.8089 17.9475 -0.530338 0.147646 442.887 0 0
1500 70.9626 49.6686 17.9368 0.160812 0.814356 443.802 0 0
1500 8.197 36.7808 17.9286 -0.783071 0.60763 444.904 0 0
1500 101.397 7.54531 18.0293 0.703041 0.189094 443.964 0 0
1500 63.6442 54.8253 18.0213 0.126708 0.896038 444.888 0 0
1500 74.1049 29.606 18.0356 0.264025 0.481659 449.854 0 0
1500 101.252 -11.1348 18.4193 0.782154 -0.20676 445.595 0 0
1500 78.4748 -75.8809 17.9932 0.365945 -1.24817 442.852 0 0
1500 50.6861 -16.1453 18.1805 -0.0595667 -0.324136 443.655 0 0
1500 78.7796 -32.4765 18.1709 0.367609 -0.568635 444.358 0 0
1500 95.103 21.6296 18.2586 0.633938 0.327218 450.329 0 0
1500 74.614 23.5495 18.1252 0.362419 0.391827 443.837 0 0
1500 108.077 -10.4006 17.8083 0.761481 -0.236921 443.507 0 0
1500 82.0181 62.2192 17.802 0.415669 0.962292 446.358 0 0
1500 36.6983 52.3677 17.811 -0.264255 0.842095 444.288 0 0
1500 133.141 -22.2791 17.8852 1.28345 -0.336722 441.295 0 0
1500 90.6848 40.3002 18.0196 0.509701 0.634951 449.884 0 0
1500 40.0177 19.6659 18.3424 -0.335612 0.321245 438.728 0 0
1500 14.2862 -30.3794 17.8189 -0.739519 -0.494723 444.61 0 0
1500 5.81674 -34.7015 17.8121 -0.854408 -0.551395 445.72 0 0
1500 20.7025 -19.8593 17.8285 -0.594338 -0.309458 449.805 0 0
1500 111.785 18.4549 17.9631 0.901588 0.259192 445.939 0 0
1500 56.5324 -24.5313 17.8722 -0.00015963 -0.411238 451.148 0 0
1500 48.2292 -63.222 17.8492 -0.12062 -0.987367 448.659 0 0
1500 93.057 14.2306 18.1895 0.692027 0.21002 440.709 0 0
1500 37.2812 63.8592 17.8104 -0.276487 1.00965 448.363 0 0
1500 140.353 16.5152 18.0436 1.43044 0.288991 442.517 0 0
1500 55.4955 109.232 17.9711 -0.075374 1.82207 442.943 0 0
1500 119.618 -51.3754 18.1496 1.09252 -0.845952 443.657 0 0
1500 71.4801 102.547 18.0062 0.258902 1.69847 444.023 0 0
1500 67.6418 64.4763 17.8226 0.17813 1.02636 448.129 0 0
1500 139.361 -16.224 17.8752 1.39772 -0.242804 442.813 0 0
1500 97.7094 -24.7532 18.0585 0.775281 -0.416842 439.211 0 0
1500 135.282 -23.3449 18.1617 1.35688 -0.43347 442.789 0 0
1500 105.362 -5.36839 17.9805 0.755911 -0.0695177 452.679 0 0
1500 102.158 17.1803 17.9338 0.74715 0.310379 447.385 0 0
1500 118.554 -10.2155 17.9249 0.980412 -0.1062 448.53 0 0
1500 105.916 -11.8728 18.2748 0.861288 -0.254963 444.664 0 0
1500 19.9253 31.1452 17.8778 -0.570727 0.50282 452.769 0 0
1500 77.2638 64.7219 17.8634 0.251297 1.01515 450.253 0 0
1500 49.0324 59.9119 17.8694 -0.160235 0.923676 451.781 0 0
1500 92.736 31.0304 17.8787 0.501156 0.54399 447.221 0 0
1500 152.584 -25.2284 17.8059 1.39844 -0.403957 452.722 0 0
1500 119.314 -3.61814 17.9681 0.990342 -0.00241513 449.331 0 0
1500 47.6004 45.584 17.9746 -0.233036 0.743371 444.964 0 0
1500 108.332 -10.7617 17.8511 0.777037 -0.243168 447.461 0 0
1500 104.141 49.0731 17.8532 0.743305 0.777254 450.326 0 0
1500 71.0404 54.2236 17.9774 0.218783 0.948184 445.364 0 0
1500 79.8237 62.421 17.9011 0.393862 0.967088 450.564 0 0
1500 69.0159 -59.2776 17.8388 0.135235 -0.921015 452.639 0 0
1500 70.867 -62.8028 17.8337 0.168391 -1.01083 449.954 0 0
1500 50.2933 -56.9636 17.838 -0.141501 -0.935411 449.096 0 0
1500 43.6778 -12.0345 17.8594 -0.249177 -0.261567 447.158 0 0
1500 77.75 -29.1261 17.8531 0.281398 -0.525097 447.595 0 0
1500 41.046 -35.207 17.8523 -0.262025 -0.562954 454.065 0 0
1500 71.9577 -11.6157 17.8602 0.192949 -0.255225 447.107 0 0
1500 96.708 -33.9963 17.8495 0.55279 -0.585314 448.374 0 0
1500 15.7626 -41.7044 17.8438 -0.646228 -0.659052 452.782 0 0
1500 62.0017 -31.4416 18.2221 0.0875543 -0.500773 455.87 0 0
1500 60.1084 64.8703 17.8669 -0.0139241 0.992894 452.334 0 0
1500 110.108 33.6975 17.8172 0.832065 0.564506 449.825 0 0
1500 123.324 -16.8507 17.809 0.97426 -0.327345 450.235 0 0
1500 -1.58534 0.0741335 17.7963 -0.981493 0.00127019 449.585 0 0
1500 -7.23806 -1.4479 17.7932 -1.03585 -0.0211265 451.574 0 0
1500 154.96 55.1411 17.8979 1.56759 0.928424 447.475 0 0
1500 75.3407 -36.6285 18.2356 0.257621 -0.669012 442.715 0 0
1500 50.0082 37.5724 17.8359 -0.139805 0.657713 448.4 0 0
1500 84.7658 -35.4161 18.1795 0.408427 -0.689181 439.463 0 0
1500 106.992 -34.109 18.0097 0.827528 -0.532519 451.108 0 0
1500 82.1507 -69.2024 17.837 0.451615 -1.10595 448.058 0 0
1500 108.756 -33.1393 17.8231 0.809217 -0.562277 450.737 0 0
1500 104.86 -9.66006 18.0176 0.80353 -0.181621 450.496 0 0
1500 50.5973 -12.1759 17.9289 -0.145658 -0.215723 456.494 0 0
1500 85.3764 -26.0566 17.9385 0.42917 -0.478472 449.703 0 0
1500 2.5975 -73.7465 17.9005 -0.970282 -1.16003 446.915 0 0
1500 119.762 13.8301 17.9073 1.04851 0.163881 447.744 0 0
1500 23.6616 45.2791 17.8127 -0.522964 0.716291 455.103 0 0
1500 84.7482 -28.66 17.9752 0.4421 -0.450245 456.824 0 0
1500 71.9431 -8.77263 17.9836 0.260195 -0.169879 457.478 0 0
1500 107.286 -37.2492 17.96 0.777135 -0.585013 455.074 0 0
1500 111.969 -19.2919 17.8673 0.832712 -0.368939 451.334 0 0
1500 49.0976 -42.2719 17.8753 -0.124653 -0.727411 450.509 0 0
1500 48.8373 -65.3182 17.8605 -0.122311 -1.02881 453.881 0 0
1500 63.4962 -17.8081 17.8867 0.0983131 -0.355456 449.655 0 0
1500 114.933 -10.3303 17.8055 0.8871 -0.151729 455.612 0 0
1500 59.2737 65.9626 17.969 0.0194294 1.04437 453.93 0 0
1500 103.12 25.167 18.0666 0.790631 0.420603 451.601 0 0
1500 91.2771 2.82142 18.062 0.596574 0.0947822 451.653 0 0
1500 86.4522 34.4613 17.873 0.479882 0.596698 451.611 0 0
1500 104.288 46.4977 17.8595 0.717261 0.743581 454.947 0 0
1500 46.2751 -49.8404 17.8554 -0.189245 -0.775885 457.039 0 0
1500 88.8563 -12.0295 17.9582 0.528482 -0.187583 456.641 0 0
1500 107.032 25.2856 18.0818 0.806732 0.474607 450.81 0 0
1500 43.2963 -3.13552 17.9604 -0.283138 -0.0135442 451.578 0 0
1500 36.9757 26.1107 17.9659 -0.301322 0.412529 461.841 0 0
1500 121.317 2.03868 17.8617 0.976225 0.075074 456.762 0 0
1500 23.8092 -6.67603 17.9669 -0.529588 -0.0723533 459.405 0 0
1500 11.9887 -7.90499 17.9585 -0.760295 -0.0979693 453.243 0 0
1500 25.3358 -35.4288 17.9588 -0.55634 -0.519115 453.221 0 0
1500 85.5818 39.6692 17.9342 0.445999 0.66364 455.081 0 0
1500 67.0112 -65.7726 17.7988 0.184982 -1.00985 456.464 0 0
1500 66.2359 -4.97046 17.8269 0.186106 -0.128091 451.886 0 0
1500 2.73339 28.6751 17.9238 -0.950699 0.532074 449.488 0 0
1500 103.999 -3.37089 17.806 0.757219 0.00558441 453.233 0 0
1500 44.4849 19.1891 17.8186 -0.146868 0.321463 459.771 0 0
1500 25.6234 -54.217 17.9545 -0.528202 -0.852663 455.535 0 0
1500 18.3146 -12.9189 17.9712 -0.598319 -0.221108 459.908 0 0
1500 93.4392 59.7522 17.8011 0.590397 0.861051 456.6 0 0
1500 82.0222 -38.7417 17.8155 0.441948 -0.618218 453.558 0 0
1500 73.3165 -50.0535 17.8144 0.284103 -0.732129 458.925 0 0
1500 108.692 -42.7449 17.8013 0.813584 -0.648226 456.734 0 0
1500 121.074 21.4805 17.8014 0.994693 0.296135 456.803 0 0
1500 86.861 -36.2999 18.1133 0.497701 -0.684956 449.418 0 0
1500 90.582 -26.9418 17.8797 0.52771 -0.489429 454.059 0 0
1500 40.2253 -15.6597 17.8904 -0.225068 -0.28624 460.717 0 0
1500 71.0739 -27.5859 18.4164 0.240945 -0.61832 442.18 0 0
1500 142.775 3.89343 17.9081 1.34704 0.0510125 456.929 0 0
1500 111.551 37.6688 17.8924 0.799567 0.617982 459.574 0 0
1500 93.4102 62.7588 17.9077 0.560214 1.01258 457.523 0 0
1500 76.6814 -61.4991 17.919 0.370935 -0.987274 455.371 0 0
1500 45.8853 -63.0395 18.0269 -0.281831 -1.14815 448.667 0 0
1500 124.925 -39.0267 17.8366 1.02493 -0.655903 458.089 0 0
1500 55.4728 51.4882 17.9791 -0.110246 0.844633 453.632 0 0
1500 110.703 -9.87029 17.8503 0.825324 -0.145946 461.962 0 0
1500 111.222 -31.2883 17.8442 0.842316 -0.456818 461.164 0 0
1500 99.2255 -21.5729 17.8552 0.656867 -0.31076 462.458 0 0
1500 71.8964 9.00504 17.9852 0.244048 0.216786 456.59 0 0
1500 35.3879 33.7835 17.8892 -0.311781 0.592358 456.992 0 0
1500 50.7626 59.9125 17.9983 -0.0613848 0.998665 457.446 0 0
1500 133.211 42.502 17.8691 1.15591 0.665102 463.13 0 0
1500 -11.3716 93.6627 17.8156 -1.09128 1.42627 462.597 0 0
1500 76.5826 10.5307 17.8718 0.360466 0.21806 457.445 0 0
1500 117.823 27.3355 17.869 0.953711 0.425916 463.643 0 0
1500 76.4623 53.438 17.8693 0.271016 0.885494 462.65 0 0
1500 103.288 51.8849 17.8849 0.790783 0.816116 460.912 0 0
1500 109.088 41.4973 17.9274 0.829483 0.618617 465.682 0 0
1500 75.618 -21.2023 17.8589 0.315839 -0.30944 469.173 0 0
1500 94.8672 -20.0296 17.9537 0.653269 -0.280723 463.685 0 0
1500 80.3759 18.192 17.9598 0.434051 0.308186 463.205 0 0
1500 113.84 -1.33928 17.9464 0.876225 0.00569845 468.759 0 0
1500 124.051 -8.26776 17.9166 1.09528 -0.102066 463.806 0 0
1500 122.253 -15.4511 17.8299 0.980249 -0.304069 465.337 0 0
1500 76.382 -55.0615 17.8339 0.297125 -0.908099 464.526 0 0
1500 159.399 -42.1667 17.8461 1.61488 -0.648634 464.573 0 0
1500 153.286 -0.0520714 17.9358 1.56133 0.00351832 463.44 0 0
1500 61.8181 -20.0901 18.0767 0.140946 -0.36763 463.644 0 0
1500 105.558 32.7432 17.9355 0.806478 0.512327 465.426 0 0
1500 92.1215 -24.9802 18.439 0.626014 -0.43529 466.718 0 0
1500 73.5737 -16.03 18.4982 0.37807 -0.290413 468.213 0 0
1500 113.454 5.78793 17.9451 0.887057 0.161045 468.889 0 0
1500 5.45635 -22.0939 17.8675 -0.855737 -0.291049 469.85 0 0
1500 21.7435 -24.0809 17.8768 -0.616588 -0.325833 468.93 0 0
1500 178.069 -112.118 17.8737 1.92114 -1.76827 470.483 0 0
1500 19.3172 -22.4098 17.9045 -0.647982 -0.387825 472.486 0 0
1500 20.7749 -53.1475 17.8907 -0.606975 -0.834163 474.484 0 0
1500 74.6296 -21.6426 17.9152 0.203843 -0.380865 471.662 0 0
1500 75.9525 -23.6863 17.9871 0.378792 -0.389212 473.037 0 0
1500 90.525 15.611 18.112 0.58464 0.29553 482.019 0 0
1500 107.881 -33.5486 17.8165 0.811501 -0.554112 483.066 0 0
1500 46.7782 -21.9208 17.9183 -0.239042 -0.322533 482.455 0 0
1500 32.7467 33.1061 17.9095 -0.450896 0.522671 483.201 0 0
1500 76.0933 9.2486 18.0218 0.339631 0.14503 490.628 0 0
1500 127.422 16.6875 18.2322 1.32763 0.277714 478.123 0 0
1500 38.0406 12.9505 18.0453 -0.401861 0.180104 481.991 0 0
1500 102.648 -15.5612 17.935 0.709469 -0.197837 494.364 0 0
1500 96.8315 -25.5527 17.9556 0.575165 -0.429121 498.718 0 0
1500 95.0455 42.3254 17.8253 0.616614 0.729178 492.534 0 0
1500 138.409 -10.4904 17.916 1.38465 -0.135563 496.321 0 0
1500 86.9889 45.0801 17.8182 0.445108 0.70789 508.469 0 0
