Total number of secondary electrons: 1551
1500 80.891 -6.39805 20.395 0.639333 -0.153256 228.784 0 0
1500 89.522 13.1827 18.375 0.759945 0.214813 249.902 0 0
1500 117.667 -26.7601 18.2506 1.4826 -0.638601 265.202 0 0
1500 129.578 17.7665 17.5398 1.63724 0.396949 266.18 0 0
1500 108.225 -18.2976 16.8656 1.01361 -0.412914 266.869 0 0
1500 78.0209 -10.3358 16.1964 0.411232 -0.172679 273.7 0 0
1500 87.9262 55.9394 16.2565 0.607108 1.00496 275.373 0 0
1500 52.7852 11.4926 16.1264 -0.133563 0.200526 275.977 0 0
1500 76.5315 1.16331 17.4777 0.481883 0.0806753 276.566 0 0
1500 80.2321 25.344 16.4143 0.412021 0.416605 278.135 0 0
1500 80.3217 5.17008 17.633 0.543682 0.109037 279.689 0 0
1500 68.1652 19.0168 15.9947 0.247586 0.316036 280.072 0 0
1500 105.467 -44.4905 16.1924 0.804766 -0.778886 284.63 0 0
1500 93.3994 16.6641 17.3356 0.670287 0.279392 284.688 0 0
1500 102.036 -7.76842 17.2365 0.8248 -0.0995121 285.422 0 0
1500 108.567 -20.2887 17.2658 1.08358 -0.408821 285.65 0 0
1500 88.1185 -17.1002 16.3473 0.545156 -0.24815 286.93 0 0
1500 49.3597 -18.5952 15.9133 -0.091915 -0.328052 287.011 0 0
1500 106.388 17.6327 16.3855 0.784415 0.222436 287.839 0 0
1500 77.0876 -0.214021 16.453 0.352537 0.0608245 288.983 0 0
1500 90.9722 -12.2659 17.7747 0.699035 -0.197149 289.288 0 0
1500 88.1664 -8.04747 17.3458 0.611183 -0.162511 289.36 0 0
1500 77.328 18.8933 17.1446 0.37047 0.36434 289.934 0 0
1500 73.3931 -18.0686 17.5683 0.384664 -0.333349 292.133 0 0
1500 106.336 -3.72388 16.543 0.763447 -0.0818728 292.376 0 0
1500 87.7265 0.137874 17.5812 0.587212 0.00219114 292.445 0 0
1500 100.868 -7.6912 17.7048 0.783885 -0.146129 292.992 0 0
1500 132.706 24.49 16.4294 1.18249 0.392457 293.352 0 0
1500 76.4786 -12.8286 17.8608 0.452641 -0.227159 293.537 0 0
1500 98.1428 -6.41495 17.1708 0.706185 -0.117232 294.066 0 0
1500 97.8144 -8.05076 17.1708 0.701926 -0.138518 294.064 0 0
1500 106.42 -5.23919 16.7205 0.720457 -0.0784386 294.479 0 0
1500 101.054 1.2801 17.477 0.748258 0.0701142 294.814 0 0
1500 87.3344 4.82708 17.3146 0.579121 0.051537 296.169 0 0
1500 96.4227 4.45176 17.4466 0.686122 0.10531 296.207 0 0
1500 85.1297 36.4794 16.4069 0.423465 0.539766 297.147 0 0
1500 89.8605 -1.47596 16.588 0.471081 -0.0510067 297.4 0 0
1500 125.707 2.01016 16.6995 0.983575 0.0508908 298.21 0 0
1500 117.208 30.227 17.8509 1.17929 0.599818 298.39 0 0
1500 154.852 29.7755 17.3997 1.77478 0.607632 298.568 0 0
1500 114.744 -15.4318 16.6116 0.798077 -0.273182 298.684 0 0
1500 91.5351 -25.4707 17.4584 0.585238 -0.386223 299.495 0 0
1500 73.3331 8.32844 17.118 0.277667 0.175422 299.843 0 0
1500 59.7346 -17.9227 17.2416 0.0546986 -0.243308 300.186 0 0
1500 80.7752 -20.2203 16.9112 0.324965 -0.305302 300.362 0 0
1500 95.0474 -1.18347 17.4455 0.609593 -0.0850736 301.973 0 0
1500 75.9769 8.45226 18.0389 0.433567 0.119023 302.127 0 0
1500 80.751 -14.7169 17.6563 0.441497 -0.198002 303.165 0 0
1500 95.0291 -11.4673 17.1596 0.609472 -0.122482 303.256 0 0
1500 78.4654 10.102 17.602 0.316787 0.205907 303.824 0 0
1500 108.744 -12.638 17.5065 0.948651 -0.18717 303.954 0 0
1500 83.4019 11.2823 18.2134 0.54938 0.191123 304.093 0 0
1500 113.981 14.1548 17.2063 0.853172 0.268832 304.426 0 0
1500 101.783 39.1296 16.9521 0.648183 0.555322 304.776 0 0
1500 68.1484 -13.7674 17.4655 0.182145 -0.224786 304.839 0 0
1500 93.9107 -31.5266 16.8201 0.531196 -0.467672 305.428 0 0
1500 89.8947 -13.7427 17.2502 0.544852 -0.179294 305.553 0 0
1500 109.769 12.969 16.8276 0.740651 0.124897 305.616 0 0
1500 73.1953 1.8782 16.8359 0.262576 -0.0174543 305.702 0 0
1500 100.896 9.65146 17.8765 0.743251 0.134881 305.754 0 0
1500 84.8793 9.67721 17.8937 0.460283 0.18029 305.819 0 0
1500 97.8066 9.88766 17.2609 0.64587 0.128879 305.828 0 0
1500 81.3329 21.0095 17.1188 0.314033 0.312461 305.897 0 0
1500 88.1646 -33.6933 17.3047 0.467532 -0.581976 306.765 0 0
1500 113.602 -30.9475 16.878 0.78452 -0.450659 306.901 0 0
1500 18.2951 -0.643801 16.9458 -0.581668 0.0597724 306.992 0 0
1500 16.5401 -15.561 16.9461 -0.596816 -0.170502 307.028 0 0
1500 57.2087 124.723 16.9326 0.00654889 1.74768 307.279 0 0
1500 114.046 -0.251828 17.006 0.820613 0.0107733 307.32 0 0
1500 83.7805 -21.6139 17.2376 0.401325 -0.276929 307.802 0 0
1500 119.64 6.59496 17.0251 0.888674 0.100203 307.792 0 0
1500 79.5019 12.508 17.5114 0.416106 0.198506 307.888 0 0
1500 22.1387 -68.1618 16.9218 -0.459291 -0.936888 308.003 0 0
1500 113.2 -8.24443 18.1091 1.11227 -0.129317 308.045 0 0
1500 68.995 -15.5942 18.2674 0.272696 -0.238704 308.119 0 0
1500 122.859 -17.1513 17.0441 0.925268 -0.208952 308.246 0 0
1500 68.5149 14.4588 17.4401 0.163907 0.301132 308.272 0 0
1500 103.807 -35.636 17.1413 0.681003 -0.504813 308.338 0 0
1500 98.973 -26.5108 17.2787 0.58819 -0.411655 308.427 0 0
1500 90.4072 -74.0652 17.1338 0.510249 -1.12075 308.476 0 0
1500 94.8454 8.1371 18.278 0.651075 0.149675 308.853 0 0
1500 118.483 -48.1647 17.1276 0.918239 -0.760517 308.908 0 0
1500 59.745 11.6835 17.833 0.0968307 0.25215 309.13 0 0
1500 60.6091 43.7583 17.2764 0.0641235 0.64045 309.212 0 0
1500 122.139 -52.7393 16.9838 0.93227 -0.69296 309.447 0 0
1500 123.434 -21.0037 17.9163 1.16747 -0.350032 309.579 0 0
1500 64.8351 5.80143 17.7965 0.142793 0.111469 309.816 0 0
1500 63.0891 -12.1762 17.6939 0.111131 -0.203401 310.145 0 0
1500 59.8695 -29.2483 17.1845 0.00540256 -0.469929 310.306 0 0
1500 86.6399 10.9267 17.505 0.495165 0.181008 310.381 0 0
1500 37.203 -38.6579 17.4453 -0.287526 -0.605349 310.705 0 0
1500 48.7899 0.658674 17.9091 -0.130135 0.0492856 310.942 0 0
1500 33.6354 70.5151 17.1245 -0.340481 0.96362 311.283 0 0
1500 29.6626 -67.8108 17.0657 -0.335166 -0.922323 311.437 0 0
1500 75.5922 -65.9595 17.0364 0.22229 -0.937051 311.547 0 0
1500 56.3304 26.5375 17.3343 -0.0209492 0.365514 311.606 0 0
1500 82.4278 -9.27032 18.624 0.48931 -0.153231 311.849 0 0
1500 94.1487 4.40834 18.2671 0.668793 0.0667274 311.85 0 0
1500 92.4775 -4.93787 17.2844 0.537378 -0.1157 311.888 0 0
1500 75.2676 -3.10997 18.6363 0.407573 -0.0835948 312.077 0 0
1500 94.3069 -63.6687 17.0616 0.465612 -0.899218 312.184 0 0
1500 112.029 -21.9959 17.1439 0.708072 -0.312221 312.269 0 0
1500 44.2029 48.6856 17.3048 -0.226747 0.751036 312.481 0 0
1500 83.27 10.481 18.066 0.426218 0.220729 312.482 0 0
1500 78.2544 17.7411 17.4699 0.353945 0.294976 312.619 0 0
1500 100.891 96.0136 17.211 0.586346 1.48074 312.743 0 0
1500 73.6681 -18.4151 17.7228 0.277284 -0.306587 312.817 0 0
1500 49.9568 34.2658 17.4787 -0.079571 0.522977 312.805 0 0
1500 3.62489 -53.5722 17.0927 -0.715301 -0.759416 312.941 0 0
1500 97.1764 -4.40819 17.691 0.652165 -0.045472 313.059 0 0
1500 110.482 -41.0349 17.152 0.677963 -0.568673 313.22 0 0
1500 91.4651 62.58 17.1071 0.484234 0.87414 313.249 0 0
1500 107.163 43.7192 17.4721 0.850996 0.750671 313.273 0 0
1500 92.7768 -7.59546 17.6592 0.629277 -0.0845432 313.352 0 0
1500 101.328 -43.9908 17.3287 0.637439 -0.634201 313.357 0 0
1500 41.8239 16.5741 17.5364 -0.207552 0.279049 313.389 0 0
1500 59.8192 19.8808 17.3444 0.0826792 0.334284 313.393 0 0
1500 73.5314 11.172 17.765 0.311333 0.130069 313.597 0 0
1500 66.9266 34.169 17.5461 0.131301 0.514502 313.748 0 0
1500 107.639 35.0508 17.3822 0.728047 0.514853 313.87 0 0
1500 77.4091 26.4871 18.0751 0.447446 0.533618 313.896 0 0
1500 72.0806 -58.7604 17.3215 0.227882 -0.848184 313.929 0 0
1500 58.5581 40.7228 17.3599 0.0647439 0.616562 314 0 0
1500 145.446 41.9002 17.3823 1.45121 0.654325 314.014 0 0
1500 -40.3852 64.5271 17.5384 -1.62536 1.11258 314.071 0 0
1500 54.8854 -8.13979 17.2439 0.0119153 -0.137725 314.236 0 0
1500 61.4705 -13.2264 17.9 0.0433406 -0.191611 314.274 0 0
1500 14.0362 -0.129293 17.3416 -0.659177 -0.073186 314.426 0 0
1500 8.65654 -3.32212 17.3323 -0.717107 -0.0835814 314.649 0 0
1500 106.602 -47.8174 18.1464 0.9214 -0.914781 314.647 0 0
1500 21.9983 -36.9196 17.3366 -0.532954 -0.543077 314.813 0 0
1500 15.3254 -30.2829 17.3377 -0.623885 -0.452007 314.856 0 0
1500 103.175 -3.74726 17.9762 0.806298 -0.123128 314.868 0 0
1500 118.962 18.3829 17.3194 0.981819 0.288338 314.988 0 0
1500 17.4798 -60.7752 17.1893 -0.5209 -0.829489 315.112 0 0
1500 36.5041 -60.4291 17.3933 -0.304185 -0.952808 315.239 0 0
1500 84.4386 16.0737 18.093 0.522733 0.216236 315.268 0 0
1500 -1.82326 -40.74 17.2024 -0.761757 -0.574683 315.392 0 0
1500 88.8993 -3.13067 17.7915 0.609121 -0.103784 315.965 0 0
1500 59.5295 17.2019 17.7226 0.0835129 0.259512 316.215 0 0
1500 88.5296 -14.0515 18.1786 0.574839 -0.213999 316.357 0 0
1500 100.637 -23.5709 17.9526 0.716847 -0.381526 316.436 0 0
1500 21.7298 6.99268 17.4606 -0.612581 0.0799037 316.548 0 0
1500 78.5595 3.78803 17.8878 0.425068 0.0670631 317.038 0 0
1500 88.7834 13.4359 17.7727 0.462544 0.197627 317.13 0 0
1500 81.1993 59.971 17.4674 0.30013 0.903893 317.244 0 0
1500 69.9324 7.47339 18.4849 0.299127 0.134324 317.478 0 0
1500 79.0821 -17.3392 17.7617 0.330212 -0.305094 317.484 0 0
1500 148.454 1.6632 17.3827 1.42371 0.0394488 317.497 0 0
1500 57.3103 19.9292 17.6625 0.0186416 0.294237 317.628 0 0
1500 52.7445 -31.2676 17.7636 -0.0330529 -0.496546 317.583 0 0
1500 81.0205 -13.7681 17.8755 0.378601 -0.268323 317.581 0 0
1500 63.211 -66.9794 17.2871 0.0972088 -0.979314 317.7 0 0
1500 51.7362 -12.9152 17.6656 -0.109817 -0.15948 317.754 0 0
1500 69.2722 -11.4438 17.5724 0.235383 -0.216183 317.77 0 0
1500 73.1458 -3.26986 18.3963 0.354131 -0.0207017 318.079 0 0
1500 91.887 33.0888 17.698 0.563384 0.54817 318.094 0 0
1500 113.424 -21.5632 17.4297 0.843544 -0.266329 318.157 0 0
1500 101.842 -34.9091 17.3578 0.664745 -0.535024 318.115 0 0
1500 59.7795 48.5516 17.5413 0.0289277 0.773098 318.328 0 0
1500 32.7224 49.7427 17.5903 -0.363286 0.781133 318.372 0 0
1500 101.385 -31.6741 18.375 0.903142 -0.592315 318.431 0 0
1500 111.638 -49.4588 17.3198 0.748592 -0.728008 318.844 0 0
1500 76.8391 14.7232 17.3689 0.333423 0.245066 318.906 0 0
1500 94.0307 -21.2603 17.5971 0.542616 -0.410578 318.919 0 0
1500 59.3344 -193.584 17.5335 0.00541659 -3.16122 319.292 0 0
1500 113.805 27.3526 17.4056 0.835418 0.419555 319.35 0 0
1500 91.6167 4.71884 17.4056 0.552319 0.0849785 319.405 0 0
1500 38.4211 4.31555 17.3686 -0.305262 -0.00726336 319.384 0 0
1500 66.2284 -72.0675 17.4482 0.134708 -1.03341 319.413 0 0
1500 72.7388 12.2346 17.366 0.255705 0.231309 319.515 0 0
1500 70.0918 -11.1461 17.4567 0.228344 -0.214671 319.602 0 0
1500 68.1808 20.6757 17.666 0.192989 0.293359 319.646 0 0
1500 61.1807 -57.8045 17.5544 0.0558068 -0.868958 319.668 0 0
1500 68.7981 -1.7921 17.5912 0.215467 -0.0241001 319.839 0 0
1500 102.175 2.74392 18.1408 0.881162 0.104945 319.964 0 0
1500 63.7404 -53.7731 17.4289 0.0823122 -0.837045 319.999 0 0
1500 103.341 -4.8382 18.1122 0.769237 -0.0813395 320.047 0 0
1500 64.9026 -14.2407 17.473 0.0375941 -0.221916 320.1 0 0
1500 49.5899 -7.19905 17.8376 -0.125302 -0.0741991 320.2 0 0
1500 22.4215 -33.3921 17.6002 -0.540894 -0.484047 320.338 0 0
1500 39.7879 -44.0922 17.3847 -0.281122 -0.695247 320.47 0 0
1500 114.429 -16.1019 17.5109 0.82044 -0.29217 320.602 0 0
1500 113.205 -1.58471 17.3872 0.823432 0.0312193 320.892 0 0
1500 84.751 12.133 17.806 0.396202 0.197364 321.067 0 0
1500 63.8772 14.8467 18.1081 0.167365 0.274074 321.087 0 0
1500 93.5374 3.33369 17.4927 0.554252 -0.0103956 321.081 0 0
1500 115.047 14.0699 17.3932 0.845517 0.251591 321.225 0 0
1500 38.1457 27.1603 17.4527 -0.303784 0.372055 321.543 0 0
1500 64.102 16.2645 17.989 0.151239 0.298417 321.578 0 0
1500 62.1594 22.93 17.669 0.136213 0.379405 321.61 0 0
1500 78.1729 0.0586387 18.6623 0.468383 0.0535203 321.68 0 0
1500 84.9931 -2.73768 18.2801 0.485311 -0.0962655 321.84 0 0
1500 94.0419 -55.082 17.5017 0.551693 -0.815185 322.199 0 0
1500 66.6573 -62.8804 17.4912 0.0703893 -0.992263 322.168 0 0
1500 78.6815 -25.1873 18.3573 0.37822 -0.399942 322.589 0 0
1500 72.6949 -19.8534 18.6073 0.341253 -0.339796 322.64 0 0
1500 -12.332 -15.8014 17.4294 -0.990707 -0.284135 322.691 0 0
1500 89.3283 18.9873 17.8129 0.495414 0.336084 322.588 0 0
1500 90.8757 -1.58404 18.2406 0.62306 -0.0188479 322.736 0 0
1500 5.8824 -38.5624 17.5231 -0.77 -0.581043 322.946 0 0
1500 117.835 38.7805 17.4333 0.862287 0.584419 323.078 0 0
1500 103.201 -0.318751 18.1236 0.874135 -0.0584296 323.351 0 0
1500 59.7367 27.7159 18.0853 0.0423126 0.418446 323.604 0 0
1500 123.527 40.8003 17.7661 1.06211 0.66848 323.829 0 0
1500 121.771 30.1544 17.7147 0.991854 0.502264 323.913 0 0
1500 126.188 25.6185 17.4548 0.965807 0.399125 323.918 0 0
1500 68.6308 -69.548 17.7463 0.206407 -1.10862 323.935 0 0
1500 47.7264 -10.8053 17.9804 -0.123492 -0.164191 324.025 0 0
1500 92.3097 -27.9954 18.6784 0.688122 -0.521849 324.08 0 0
1500 85.5743 -6.56087 18.4677 0.486915 -0.10583 324.173 0 0
1500 43.5653 40.933 17.7644 -0.215083 0.631139 324.119 0 0
1500 46.6865 33.2871 17.8316 -0.219195 0.523739 324.167 0 0
1500 81.9189 -14.4527 18.469 0.44361 -0.19892 324.203 0 0
1500 128.069 5.05062 17.5165 1.00304 0.0838552 324.299 0 0
1500 76.761 2.65734 18.7703 0.376246 0.0714633 324.43 0 0
1500 72.6915 -7.24335 17.5173 0.212229 -0.14904 324.651 0 0
1500 122.538 -5.47749 17.6344 0.977436 -0.0562841 324.995 0 0
1500 61.9727 66.1309 17.6256 0.0410899 0.985525 324.977 0 0
1500 118.402 -11.5625 17.5955 0.862776 -0.169529 325.038 0 0
1500 82.6752 1.79666 18.2061 0.459669 0.0887035 325.028 0 0
1500 59.9047 25.9123 17.6388 0.0609746 0.446573 325.068 0 0
1500 107.554 41.4707 17.5459 0.71996 0.563125 325.246 0 0
1500 83.553 -10.9735 18.5709 0.55327 -0.194665 325.252 0 0
1500 71.0874 -2.57899 18.3835 0.297222 0.009795 325.511 0 0
1500 79.2326 40.0451 17.6453 0.338335 0.645019 325.823 0 0
1500 94.6177 -6.04252 17.6356 0.587837 -0.0463896 325.944 0 0
1500 111.259 -32.4446 17.5553 0.801375 -0.511639 326.014 0 0
1500 120.034 50.4551 17.7676 1.05185 0.799788 326.024 0 0
1500 115.073 19.779 17.5231 0.79055 0.31029 326.194 0 0
1500 100.562 -56.8593 17.6025 0.648784 -0.817559 326.228 0 0
1500 76.6295 0.0457104 17.5991 0.333781 -0.0473128 326.393 0 0
1500 41.8855 -17.5025 17.7569 -0.193432 -0.284156 326.404 0 0
1500 45.7141 -35.5016 17.5578 -0.168377 -0.523003 326.476 0 0
1500 89.7132 46.5565 17.5318 0.455116 0.660535 326.456 0 0
1500 64.2652 -8.9722 18.5547 0.165774 -0.166434 326.473 0 0
1500 66.9496 4.2295 17.8726 0.150097 0.131309 326.469 0 0
1500 45.1722 -18.1049 18.0293 -0.170551 -0.310464 326.494 0 0
1500 64.6397 45.8492 17.558 0.13488 0.620247 326.574 0 0
1500 69.7556 -3.39933 18.1811 0.242879 -0.0909591 326.663 0 0
1500 58.0061 -18.5377 17.9824 0.0157999 -0.326877 326.692 0 0
1500 71.8724 -67.9756 17.8329 0.284203 -1.12761 326.721 0 0
1500 77.8759 42.5003 18.6868 0.431499 0.795931 326.8 0 0
1500 104.231 14.5691 17.7 0.746441 0.176616 326.993 0 0
1500 84.1381 12.6476 18.3272 0.520942 0.26347 327.303 0 0
1500 79.2905 -15.915 17.6596 0.280754 -0.307726 327.459 0 0
1500 74.8887 -56.1057 17.6508 0.318515 -0.829 327.516 0 0
1500 81.6699 8.35466 17.6034 0.352212 0.150687 327.628 0 0
1500 82.8243 18.4518 17.573 0.359228 0.287406 327.625 0 0
1500 95.0443 -6.48631 17.6325 0.529864 -0.16638 327.652 0 0
1500 82.3462 -21.1161 17.6628 0.362184 -0.320549 327.703 0 0
1500 20.7582 -14.056 17.6334 -0.561172 -0.276956 327.838 0 0
1500 123.247 0.554548 18.5405 1.33318 0.020365 327.913 0 0
1500 75.7359 3.84279 17.8796 0.298696 0.0960211 327.935 0 0
1500 90.3245 15.0394 18.4861 0.571199 0.274876 328.075 0 0
1500 80.7168 -51.4953 17.61 0.384877 -0.78998 328.03 0 0
1500 29.1866 -13.1254 17.6905 -0.425222 -0.167729 328.163 0 0
1500 93.4317 6.18332 17.7102 0.531438 0.136012 328.23 0 0
1500 56.2869 -23.6219 18.3636 0.0355285 -0.396204 328.254 0 0
1500 108.946 -11.3053 17.6038 0.730746 -0.161153 328.338 0 0
1500 47.8905 30.6263 17.8156 -0.154724 0.430804 328.364 0 0
1500 89.6123 -9.2348 17.7942 0.51851 -0.199745 328.372 0 0
1500 114.557 -11.6073 17.9422 0.90921 -0.162415 328.525 0 0
1500 79.8966 34.0339 17.7825 0.377696 0.509217 328.505 0 0
1500 2.62537 30.9578 17.6706 -0.837591 0.420319 328.653 0 0
1500 69.2007 -41.594 17.7394 0.152113 -0.711699 328.835 0 0
1500 71.9904 21.189 18.3767 0.211728 0.342939 328.822 0 0
1500 82.3013 18.4675 17.6624 0.325088 0.33596 328.886 0 0
1500 50.9213 15.0805 17.8826 -0.141403 0.208343 328.935 0 0
1500 29.899 42.8622 17.6088 -0.485082 0.621065 329.179 0 0
1500 11.6287 -43.486 17.6475 -0.677987 -0.691196 329.557 0 0
1500 161.807 46.6297 17.8489 1.79988 0.807358 329.58 0 0
1500 31.4437 -33.4949 17.885 -0.422115 -0.497884 329.692 0 0
1500 92.7325 129.96 17.8983 0.599713 2.18217 329.765 0 0
1500 66.836 17.5394 18.2007 0.24492 0.314422 329.988 0 0
1500 68.4859 2.75502 17.7897 0.235075 0.0832542 329.88 0 0
1500 69.4077 7.28365 18.0052 0.218939 0.145771 330.137 0 0
1500 30.3677 38.8522 17.6752 -0.453083 0.616621 330.036 0 0
1500 78.1813 -4.45801 17.7899 0.377701 -0.0234435 330.034 0 0
1500 98.9324 -23.3843 18.7983 0.779455 -0.432419 330.05 0 0
1500 96.3279 -148.929 17.7186 0.60505 -2.34589 330.222 0 0
1500 83.5117 -2.99523 18.0035 0.483875 -0.0121132 330.384 0 0
1500 86.9321 -16.6176 18.3816 0.498337 -0.304334 330.481 0 0
1500 30.5021 46.4914 17.6777 -0.448441 0.723955 330.445 0 0
1500 66.2051 28.6475 17.7398 0.175354 0.41552 330.639 0 0
1500 86.5208 1.3478 18.9178 0.601679 0.0665902 330.614 0 0
1500 89.8557 30.521 17.8311 0.493087 0.531035 330.658 0 0
1500 124.369 -22.6897 17.6512 0.974638 -0.359468 330.887 0 0
1500 107.278 17.4936 18.056 0.824132 0.243765 330.951 0 0
1500 64.6075 20.9433 18.1401 0.144763 0.326319 330.994 0 0
1500 19.9637 58.7322 17.6261 -0.531423 0.898642 330.972 0 0
1500 58.4224 59.5259 17.8074 0.00674855 0.921318 331.113 0 0
1500 36.2462 64.4663 17.7418 -0.310917 0.978611 331.216 0 0
1500 68.8633 18.2126 18.0097 0.230535 0.334273 331.256 0 0
1500 111.124 -7.36056 18.2911 0.967243 -0.0984283 331.477 0 0
1500 60.0354 -16.4255 18.221 0.0336174 -0.255328 331.629 0 0
1500 90.6179 21.4423 17.6553 0.542598 0.356926 331.804 0 0
1500 25.2755 -67.955 17.7092 -0.551194 -0.992521 331.844 0 0
1500 96.7207 11.3609 18.5793 0.724417 0.136794 332.062 0 0
1500 71.6465 -43.2525 17.923 0.24419 -0.698785 332.108 0 0
1500 114.034 -30.9727 17.6795 0.816288 -0.46565 332.222 0 0
1500 72.9586 33.0093 18.0226 0.267438 0.551404 332.494 0 0
1500 87.6421 58.2842 17.8052 0.498271 0.869626 332.634 0 0
1500 77.2082 38.3801 17.6647 0.351446 0.543773 332.754 0 0
1500 85.5956 62.1815 17.6382 0.463573 0.915196 332.838 0 0
1500 128.525 -18.8937 17.6422 1.0267 -0.206848 332.982 0 0
1500 126.245 4.4967 17.8158 1.03491 0.105951 333.144 0 0
1500 102.41 47.9511 17.6673 0.612387 0.724018 333.181 0 0
1500 39.0147 21.6454 18.1753 -0.289684 0.407581 333.252 0 0
1500 67.5458 38.6821 18.0286 0.163329 0.629769 333.582 0 0
1500 79.8092 -38.1592 17.7175 0.343558 -0.552169 333.723 0 0
1500 5.94235 -70.7385 17.8954 -0.862315 -1.16643 333.701 0 0
1500 68.9349 1.65419 18.2785 0.267626 0.0208605 333.802 0 0
1500 41.572 -2.77893 17.8244 -0.24323 0.0138927 333.826 0 0
1500 123.484 21.4964 17.7452 0.968259 0.342336 333.822 0 0
1500 129.34 -32.9494 17.8124 1.14387 -0.457977 334.045 0 0
1500 27.8717 32.9248 17.7619 -0.432147 0.555991 334.085 0 0
1500 111.182 20.3721 17.8068 0.854186 0.301629 334.168 0 0
1500 106.384 15.6961 18.4905 0.956993 0.23348 334.421 0 0
1500 49.8843 -42.7146 17.7447 -0.121911 -0.63457 334.578 0 0
1500 44.7707 62.4611 17.7317 -0.212516 0.911163 334.499 0 0
1500 84.8748 10.6223 18.8418 0.522734 0.123259 334.642 0 0
1500 97.6286 -23.9465 17.8954 0.670031 -0.368009 334.64 0 0
1500 75.1854 -12.3097 17.8124 0.337036 -0.205676 334.699 0 0
1500 84.0896 6.54685 19.0441 0.599314 0.104821 334.729 0 0
1500 106.894 -2.95902 17.8962 0.802374 -0.0634208 334.816 0 0
1500 65.6889 10.7735 17.84 0.192613 0.212892 334.757 0 0
1500 108.546 -27.9581 18.0389 0.866709 -0.496398 334.984 0 0
1500 168.221 106.981 17.9201 1.91637 1.8398 334.963 0 0
1500 71.0096 -33.2457 18.5183 0.269033 -0.651982 335.266 0 0
1500 80.0485 17.2505 18.637 0.390881 0.277524 335.348 0 0
1500 127.48 52.5211 17.7559 1.06829 0.801749 335.392 0 0
1500 53.7092 34.9225 17.9736 -0.0438534 0.581028 335.465 0 0
1500 67.4595 39.7242 17.7553 0.207377 0.62202 335.463 0 0
1500 119.936 -59.8259 17.841 1.0332 -0.976226 335.408 0 0
1500 113.79 20.1614 17.9008 0.892536 0.268202 335.56 0 0
1500 82.7471 30.9242 17.8325 0.325076 0.475118 335.682 0 0
1500 75.0676 -3.49338 18.8956 0.388215 -0.0859347 335.653 0 0
1500 117.28 9.88179 17.9018 0.940737 0.120833 335.691 0 0
1500 86.2721 51.63 17.7412 0.398245 0.818044 335.721 0 0
1500 97.1328 -54.7214 17.7248 0.579784 -0.847581 335.766 0 0
1500 53.1818 16.1468 17.9309 -0.157027 0.267451 335.834 0 0
1500 47.2056 30.1074 17.8386 -0.146496 0.462892 335.906 0 0
1500 108.008 60.0295 17.7023 0.775242 0.828598 335.979 0 0
1500 114.326 -29.759 17.915 0.89027 -0.450113 336.144 0 0
1500 78.4308 -0.701829 17.7229 0.37757 -0.0115182 336.279 0 0
1500 68.9692 3.81434 17.8509 0.140858 0.114081 336.345 0 0
1500 62.817 15.1008 18.0888 0.0890735 0.288206 336.384 0 0
1500 78.5177 25.7381 18.2579 0.398192 0.432362 336.397 0 0
1500 57.3784 18.8962 17.8485 0.0271014 0.377692 336.438 0 0
1500 49.4704 36.4077 17.7814 -0.158796 0.530531 336.531 0 0
1500 92.8693 -6.96372 17.7226 0.589797 -0.104567 336.724 0 0
1500 136.114 26.5471 18.3093 1.50736 0.474891 336.794 0 0
1500 50.798 -17.8712 17.9249 -0.050416 -0.290909 336.936 0 0
1500 44.3892 1.35788 17.7965 -0.224952 0.062179 337.088 0 0
1500 -5.70337 29.6918 17.7252 -0.953708 0.39039 337.029 0 0
1500 110.131 23.8161 17.8895 0.842253 0.339535 337.007 0 0
1500 47.0859 -4.26889 18.0129 -0.176262 -0.0670559 337.197 0 0
1500 87.4423 55.0388 17.8245 0.441787 0.813411 337.135 0 0
1500 117.993 27.7457 17.8804 0.929554 0.427289 337.12 0 0
1500 58.7972 -42.4715 17.936 -0.0397267 -0.738721 337.162 0 0
1500 -5.38872 28.5733 17.7295 -0.946027 0.373498 337.279 0 0
1500 -9.88857 8.24682 17.7311 -1.00729 0.0910502 337.368 0 0
1500 89.5014 -6.40808 17.7951 0.510097 -0.155865 337.356 0 0
1500 29.4272 16.1121 17.8102 -0.433628 0.246954 337.68 0 0
1500 66.7545 29.7716 17.9576 0.12956 0.507302 337.69 0 0
1500 70.2333 17.6001 17.9057 0.233198 0.270754 337.917 0 0
1500 80.4396 31.6892 17.9576 0.329888 0.533515 337.948 0 0
1500 47.6711 22.5075 17.9385 -0.235017 0.347934 337.92 0 0
1500 114.368 -17.7785 18.7049 1.04714 -0.347663 338.17 0 0
1500 70.1483 -18.2422 18.4031 0.248267 -0.332609 338.051 0 0
1500 56.7931 9.86378 18.2202 -0.0274438 0.154559 338.145 0 0
1500 59.976 -18.0471 17.9764 0.0703954 -0.340422 338.174 0 0
1500 99.3638 32.5032 17.7802 0.697103 0.468933 338.052 0 0
1500 52.6982 149.642 17.719 -0.10336 2.20367 338.266 0 0
1500 52.4167 -47.8502 17.7982 -0.0350559 -0.755836 338.232 0 0
1500 92.607 3.58144 17.906 0.518544 0.0922179 338.53 0 0
1500 114.682 -27.9802 17.7294 0.88963 -0.405913 338.579 0 0
1500 77.8608 -6.46327 17.9695 0.387961 -0.0639747 338.649 0 0
1500 81.4033 26.6487 17.8198 0.392177 0.460586 338.734 0 0
1500 89.2843 29.3734 18.378 0.619897 0.645685 338.774 0 0
1500 109.551 6.94906 17.7476 0.760222 0.0726139 338.917 0 0
1500 95.3908 -14.4456 18.0206 0.615271 -0.275678 338.925 0 0
1500 78.6524 14.1507 18.1102 0.378171 0.274608 338.91 0 0
1500 100.714 -12.1097 17.9755 0.666016 -0.249371 339.001 0 0
1500 9.81855 -13.087 17.8106 -0.768285 -0.156279 339.018 0 0
1500 61.8757 16.0218 18.6408 0.0790633 0.259803 339.12 0 0
1500 87.7613 -2.25445 18.2111 0.559416 -0.0576633 339.311 0 0
1500 74.5656 -27.0013 17.9147 0.198887 -0.431899 339.301 0 0
1500 115.798 32.5134 17.7981 0.914337 0.43188 339.477 0 0
1500 112.658 3.48994 17.8202 0.845341 0.114466 339.672 0 0
1500 95.7237 36.484 17.8201 0.597225 0.598888 339.634 0 0
1500 131.968 -10.7172 18.1192 1.39936 -0.200038 339.633 0 0
1500 63.14 -16.4304 17.8285 0.127019 -0.309859 339.792 0 0
1500 29.0543 -49.3825 17.9144 -0.441302 -0.778125 339.903 0 0
1500 36.9653 14.3617 17.815 -0.337097 0.289617 339.825 0 0
1500 99.2133 2.40889 18.1861 0.721435 0.050751 339.993 0 0
1500 59.2587 -14.0659 18.164 -0.0566259 -0.262711 340.021 0 0
1500 80.8506 -17.6425 17.9072 0.383583 -0.227141 340.146 0 0
1500 38.0534 -4.80825 18.0307 -0.410552 -0.137897 340.147 0 0
1500 70.3257 -31.3862 18.06 0.151359 -0.495199 340.209 0 0
1500 70.5834 37.6769 17.9752 0.169297 0.618332 340.2 0 0
1500 18.2032 -20.5784 17.9186 -0.615108 -0.333428 340.271 0 0
1500 89.1323 -1.4612 18.9899 0.640864 0.0245789 340.719 0 0
1500 61.812 -55.0413 17.8891 0.078724 -0.877871 340.697 0 0
1500 73.7603 -7.41004 17.8402 0.273862 -0.126666 340.806 0 0
1500 73.2253 -57.8626 17.8238 0.257462 -0.868448 340.834 0 0
1500 121.218 27.2445 17.7962 0.964275 0.411113 340.866 0 0
1500 115.014 2.0424 17.7851 0.904 0.0673598 341.006 0 0
1500 63.256 51.1674 17.8112 0.0593479 0.831329 341 0 0
1500 43.6931 -48.8454 17.8237 -0.164736 -0.786872 340.989 0 0
1500 66.9271 -41.1407 17.8109 0.0600787 -0.626618 340.903 0 0
1500 92.3266 9.25592 17.9932 0.542241 0.103851 341.109 0 0
1500 25.2068 -40.012 17.7953 -0.522357 -0.661921 341.23 0 0
1500 62.9675 8.61867 17.9766 0.161651 0.172107 341.252 0 0
1500 79.2213 7.99079 18.6087 0.409803 0.152258 341.492 0 0
1500 120.705 -5.72687 17.7981 0.972199 -0.0723268 341.403 0 0
1500 33.4027 20.0954 17.8423 -0.344509 0.377801 341.554 0 0
1500 72.4883 -0.0533463 18.1338 0.230596 -0.0702379 341.811 0 0
1500 117.603 23.1748 18.0287 1.08702 0.469219 341.768 0 0
1500 72.3834 23.5639 18.1475 0.280075 0.372139 342.046 0 0
1500 38.3044 67.1396 17.769 -0.22421 1.0058 342.045 0 0
1500 100.462 6.18183 18.0911 0.73268 0.12008 342.017 0 0
1500 43.3012 2.19919 17.982 -0.278559 -0.0442459 342.129 0 0
1500 103.843 -10.214 17.812 0.727149 -0.086489 342.155 0 0
1500 56.6695 43.3141 17.7894 -0.0990891 0.676951 342.299 0 0
1500 83.9358 -14.2907 18.915 0.553209 -0.352706 342.29 0 0
1500 78.0288 -62.9204 17.7955 0.289789 -0.984898 342.372 0 0
1500 86.4133 -21.1109 18.2936 0.48488 -0.443975 342.407 0 0
1500 92.9843 -30.0279 17.9186 0.550397 -0.432732 342.45 0 0
1500 86.9174 -24.2631 17.8472 0.485708 -0.433688 342.444 0 0
1500 134.536 69.2005 17.7685 1.13962 1.08796 342.611 0 0
1500 42.6369 -47.6426 17.7871 -0.311749 -0.707888 342.619 0 0
1500 135.625 2.71743 18.2439 1.37849 0.0198857 342.65 0 0
1500 90.8913 41.8236 17.835 0.522928 0.696302 342.783 0 0
1500 97.3571 5.45009 17.9265 0.606631 0.0476491 342.815 0 0
1500 51.274 9.8497 18.4333 -0.0415618 0.186625 343.027 0 0
1500 96.9131 56.9048 17.8173 0.543067 0.889894 343.017 0 0
1500 36.7529 61.3107 17.7779 -0.339106 0.965588 343.096 0 0
1500 90.7938 -19.6945 18.2371 0.600234 -0.334267 343.101 0 0
1500 95.9139 7.03834 18.2372 0.676089 0.0604399 343.074 0 0
1500 69.2017 3.609 18.0571 0.277966 0.0556294 342.87 0 0
1500 71.0867 0.555425 18.8913 0.323179 0.0616397 343.539 0 0
1500 73.994 4.39094 18.117 0.281661 0.0936139 343.159 0 0
1500 105.069 26.7946 17.8401 0.708172 0.389687 343.593 0 0
1500 7.48895 -45.3783 17.7744 -0.757797 -0.702818 343.384 0 0
1500 125.868 -11.0159 17.8303 1.02334 -0.216296 343.299 0 0
1500 108.056 45.7601 17.8223 0.746891 0.729799 343.416 0 0
1500 45.8251 33.9987 17.8289 -0.125395 0.568455 343.486 0 0
1500 4.78781 -84.6272 17.8918 -0.953693 -1.40345 343.301 0 0
1500 50.4757 -38.3181 17.829 -0.0652242 -0.645651 343.623 0 0
1500 88.8138 6.24994 17.9946 0.493708 0.0938212 343.657 0 0
1500 60.9398 -15.0731 18.1351 0.00067249 -0.267173 343.643 0 0
1500 63.8793 -68.6695 17.8342 0.13033 -1.0387 343.788 0 0
1500 47.4983 0.737953 18.2886 -0.166854 0.0393333 343.862 0 0
1500 69.97 -29.1785 17.9081 0.239033 -0.509106 343.802 0 0
1500 -31.9274 98.244 17.7947 -1.33754 1.53622 343.879 0 0
1500 75.4886 66.3828 17.8057 0.307577 0.973544 343.982 0 0
1500 109.648 -44.4129 17.8359 0.78231 -0.690213 343.975 0 0
1500 122.294 12.706 17.8337 0.976642 0.255802 343.921 0 0
1500 78.4498 27.4911 18.2492 0.409732 0.467897 344.04 0 0
1500 102.872 -57.4641 17.8269 0.759565 -0.868269 344.045 0 0
1500 77.4212 -25.6152 18.6172 0.360438 -0.439843 344.353 0 0
1500 99.6791 8.54015 17.8542 0.629015 0.139475 344.251 0 0
1500 123.095 -18.0149 17.8096 0.975948 -0.217904 344.288 0 0
1500 87.5721 -63.0952 17.7985 0.501703 -0.918145 344.415 0 0
1500 54.3865 -4.83057 18.0261 -0.0421843 -0.150458 344.269 0 0
1500 51.1207 -24.5657 17.8472 -0.0527582 -0.444315 344.175 0 0
1500 110.763 -39.0925 17.8771 0.784193 -0.649026 344.649 0 0
1500 80.1773 -0.646509 18.2478 0.465522 0.0236509 344.597 0 0
1500 28.4581 -52.785 17.8816 -0.413753 -0.866712 344.696 0 0
1500 63.0217 1.64194 18.8261 0.173044 0.0835888 344.956 0 0
1500 50.127 4.18549 17.9848 -0.145658 0.0215224 345.028 0 0
1500 81.877 62.7384 17.8367 0.375895 0.978311 344.917 0 0
1500 37.5926 -34.6399 18.0161 -0.29689 -0.601601 345.107 0 0
1500 20.3442 -43.5042 17.8533 -0.664967 -0.649247 345.149 0 0
1500 43.341 -32.0469 18.0455 -0.218841 -0.632118 345.208 0 0
1500 12.5652 -18.6564 17.8244 -0.67299 -0.301468 345.306 0 0
1500 75.0718 -31.5136 18.1009 0.289686 -0.478353 345.635 0 0
1500 121.432 25.6762 17.8409 0.940594 0.435996 345.607 0 0
1500 21.9854 -39.4896 17.8044 -0.537231 -0.602409 345.37 0 0
1500 98.9143 54.3921 17.8048 0.656793 0.792196 345.599 0 0
1500 82.7337 54.7551 17.9091 0.428305 0.872165 345.456 0 0
1500 64.9228 -14.5146 17.8007 0.153039 -0.28025 345.457 0 0
1500 61.1883 5.25075 18.0552 0.0231867 0.0262183 345.41 0 0
1500 74.8771 -16.6236 18.2211 0.274868 -0.341212 345.584 0 0
1500 46.9088 -44.3302 17.8434 -0.122327 -0.717402 345.87 0 0
1500 102.76 9.40252 18.3075 0.798195 0.153613 345.982 0 0
1500 36.6513 44.4193 17.9505 -0.372957 0.712092 345.8 0 0
1500 57.4809 -19.8642 18.0689 0.000375708 -0.378878 345.771 0 0
1500 -105.352 83.0896 17.8469 -2.56794 1.35078 345.784 0 0
1500 113.102 -19.5169 18.0326 0.885832 -0.386857 345.704 0 0
1500 96.5465 24.9556 17.9004 0.672403 0.364028 346.003 0 0
1500 24.5023 2.37817 18.2714 -0.574758 0.0807809 346.048 0 0
1500 111.051 11.8253 18.0654 0.851467 0.229492 346.204 0 0
1500 87.4196 13.7039 18.1909 0.457645 0.242059 346.23 0 0
1500 59.2007 52.3482 18.0078 0.0546998 0.865018 346.228 0 0
1500 102.181 -11.6767 17.8442 0.686867 -0.262802 346.202 0 0
1500 89.9758 18.1166 18.2489 0.55236 0.351828 346.349 0 0
1500 128.246 -26.403 18.0734 1.19967 -0.420166 346.42 0 0
1500 60.7762 24.4354 17.8177 0.00771343 0.453504 346.355 0 0
1500 55.2276 15.1664 17.9039 -0.0511285 0.263696 346.809 0 0
1500 83.6241 -42.9935 17.9667 0.356428 -0.705519 346.654 0 0
1500 82.9025 -19.7845 18.5897 0.436008 -0.373433 346.67 0 0
1500 32.0733 56.6942 17.802 -0.366492 0.881393 346.896 0 0
1500 78.9593 19.9988 18.9338 0.446154 0.358161 346.896 0 0
1500 105.4 -8.74387 18.6169 0.893468 -0.112234 347.144 0 0
1500 77.7806 37.1232 17.8685 0.294131 0.574728 347.071 0 0
1500 64.099 -45.6114 17.8469 0.128987 -0.723179 347.1 0 0
1500 -5.81317 -20.919 17.8577 -0.991699 -0.327671 347.124 0 0
1500 104.097 1.13564 17.7904 0.736157 -0.0388606 347.106 0 0
1500 14.9387 23.7824 17.9986 -0.681973 0.418541 347.087 0 0
1500 181.376 28.0426 18.0281 2.18231 0.562814 347.069 0 0
1500 71.6607 21.1512 18.8321 0.298081 0.373408 347.161 0 0
1500 117.723 -30.096 17.8962 0.919862 -0.495597 347.431 0 0
1500 89.013 41.2016 17.8041 0.441448 0.703412 347.461 0 0
1500 88.9822 -40.9741 17.8616 0.441315 -0.700539 347.537 0 0
1500 50.435 47.7415 17.8679 -0.0770679 0.728417 347.964 0 0
1500 80.4473 8.92207 18.6615 0.449248 0.10705 347.9 0 0
1500 5.1032 15.927 17.8045 -0.818935 0.239291 347.677 0 0
1500 60.9377 46.0071 18.1286 0.0879027 0.77098 347.735 0 0
1500 78.5743 52.1397 17.8507 0.365268 0.849378 347.772 0 0
1500 56.898 42.4564 18.4372 0.0096723 0.750707 347.689 0 0
1500 46.3971 -51.6157 17.8556 -0.211016 -0.77307 348.251 0 0
1500 35.5268 10.5374 17.8853 -0.335237 0.204683 348.258 0 0
1500 14.5348 40.1805 17.7971 -0.693422 0.678419 348.354 0 0
1500 23.4649 -40.8183 17.8168 -0.493144 -0.691987 348.422 0 0
1500 75.2175 4.71721 18.881 0.385716 0.149491 348.378 0 0
1500 93.376 56.4456 17.9845 0.610954 0.953279 348.437 0 0
1500 105.395 -98.7773 17.8238 0.758865 -1.51137 348.559 0 0
1500 104.131 -27.0837 17.8662 0.783825 -0.412073 348.454 0 0
1500 83.9133 -12.1401 18.4877 0.43859 -0.22062 348.831 0 0
1500 94.5101 0.813989 18.6478 0.695079 -0.0335178 348.724 0 0
1500 83.0382 51.5295 17.865 0.461324 0.784242 348.603 0 0
1500 77.6706 -4.68752 18.249 0.424518 -0.0410366 348.621 0 0
1500 69.2116 53.3911 17.8116 0.17445 0.890598 348.705 0 0
1500 99.1953 -12.2583 17.9312 0.65884 -0.264095 348.81 0 0
1500 14.4293 49.3537 17.8231 -0.644407 0.788804 349.273 0 0
1500 110.251 -6.64379 18.1306 0.872452 -0.16745 349.143 0 0
1500 138.886 21.0533 18.0152 1.42329 0.396221 349.312 0 0
1500 44.5137 -37.3088 18.1296 -0.253067 -0.725766 349.495 0 0
1500 62.5162 17.8328 18.1304 0.120342 0.303622 349.887 0 0
1500 57.3472 15.1209 18.1316 0.0503273 0.266672 349.954 0 0
1500 69.7784 -22.1165 17.8967 0.260447 -0.376796 349.894 0 0
1500 81.1061 -25.0013 18.4523 0.424982 -0.468984 349.92 0 0
1500 138.532 -19.5567 18.1659 1.41816 -0.296043 349.962 0 0
1500 73.2095 12.7261 18.6125 0.336376 0.211805 350.451 0 0
1500 65.9367 22.944 18.0378 0.176937 0.364844 350.224 0 0
1500 103.604 -15.1133 17.8785 0.699016 -0.259653 350.773 0 0
1500 112.678 -26.5807 17.8966 0.861 -0.396795 350.403 0 0
1500 80.5989 -62.598 17.9397 0.338803 -0.991399 350.325 0 0
1500 81.8117 -7.57582 18.6591 0.462446 -0.18656 350.372 0 0
1500 117.738 -12.1521 18.0129 0.986458 -0.197585 350.199 0 0
1500 121.956 4.0164 17.8712 1.0196 0.100997 350.37 0 0
1500 108.044 19.9581 18.052 0.843346 0.325825 350.433 0 0
1500 70.7822 -60.2304 17.8622 0.185376 -0.979958 350.764 0 0
1500 17.4006 -45.7246 17.863 -0.618758 -0.76362 350.608 0 0
1500 105.93 8.30773 18.1033 0.831924 0.154072 350.413 0 0
1500 44.355 9.68463 18.1194 -0.249253 0.163281 350.729 0 0
1500 29.9711 30.7955 17.8531 -0.500814 0.432514 350.251 0 0
1500 84.4953 -6.01037 18.1049 0.509776 -0.144773 350.353 0 0
1500 78.274 -4.57162 17.9474 0.334945 -0.0104316 350.859 0 0
1500 74.9953 5.11392 18.344 0.348266 0.0417857 351.01 0 0
1500 105.823 42.8878 17.8167 0.787028 0.680132 350.97 0 0
1500 65.7373 -50.2304 17.8836 0.194353 -0.800827 350.962 0 0
1500 85.4266 10.5875 17.8502 0.470605 0.0998528 350.977 0 0
1500 114.982 15.0459 17.8948 0.938279 0.309441 350.987 0 0
1500 90.3623 -37.1789 17.9093 0.524974 -0.56027 351.205 0 0
1500 98.9894 -50.9853 17.9149 0.632083 -0.828388 351.239 0 0
1500 -18.2092 89.6238 17.8048 -1.14558 1.41619 351.181 0 0
1500 82.9925 -11.6593 18.2968 0.475405 -0.243877 351.225 0 0
1500 75.695 19.8425 18.0406 0.334306 0.381888 351.29 0 0
1500 75.8934 27.5282 18.4165 0.364 0.486297 351.324 0 0
1500 35.7851 44.6027 17.8769 -0.303538 0.753304 351.603 0 0
1500 57.7086 -37.4894 17.845 0.038298 -0.645722 351.36 0 0
1500 75.9761 -37.9429 17.842 0.32015 -0.650281 351.605 0 0
1500 18.6928 -138.398 17.959 -0.750695 -2.34324 351.503 0 0
1500 80.1057 -64.2109 18.1347 0.450718 -1.15173 351.602 0 0
1500 69.887 8.70816 18.7759 0.243812 0.17574 351.665 0 0
1500 90.4207 56.6268 17.8056 0.476881 0.900057 351.611 0 0
1500 94.7896 31.5059 18.1315 0.665857 0.499286 351.652 0 0
1500 87.3238 -32.528 17.8409 0.494589 -0.565849 351.702 0 0
1500 25.3266 30.4148 17.8809 -0.467218 0.4973 351.828 0 0
1500 103.411 20.9192 17.8395 0.741087 0.257477 351.831 0 0
1500 128.648 -4.61357 18.0583 1.26152 -0.0678456 351.85 0 0
1500 36.5885 -2.64087 18.306 -0.329762 -0.00159305 351.95 0 0
1500 81.3989 2.9466 18.2529 0.464372 -0.0100448 351.984 0 0
1500 75.4274 13.0583 18.1861 0.29605 0.274703 351.871 0 0
1500 61.7167 44.5537 17.9202 0.113904 0.749384 351.971 0 0
1500 82.3686 -53.245 17.9878 0.47101 -0.90187 351.906 0 0
1500 81.9985 49.1418 17.8121 0.3009 0.795332 352.283 0 0
1500 -37.6625 102.277 17.8814 -1.533 1.67871 352.124 0 0
1500 108.327 23.73 18.2796 0.920074 0.401454 352.136 0 0
1500 55.4747 -28.9914 18.1025 -0.104405 -0.496512 352.17 0 0
1500 47.2923 -35.9386 17.9171 -0.258218 -0.636789 352.129 0 0
1500 6.14464 18.5669 18.0782 -0.976714 0.318074 352.217 0 0
1500 80.9237 9.1984 17.9225 0.398059 0.0731901 352.323 0 0
1500 68.1396 -14.3028 17.9214 0.216487 -0.21425 352.605 0 0
1500 115.657 29.7389 18.0311 0.935896 0.471229 352.435 0 0
1500 97.8749 -34.7407 18.2551 0.710724 -0.559478 352.372 0 0
1500 101.592 -26.6617 18.0828 0.737862 -0.460534 352.576 0 0
1500 93.9545 -44.9745 17.9138 0.603962 -0.734499 352.6 0 0
1500 112.413 8.74283 17.8114 0.886287 0.184607 352.605 0 0
1500 62.5705 -16.9358 18.2459 0.0614778 -0.303233 352.599 0 0
1500 69.4584 -10.1808 17.8734 0.191382 -0.236777 352.476 0 0
1500 108.783 4.97089 18.1854 0.877048 0.101483 352.955 0 0
1500 78.1788 -39.9945 18.6574 0.38585 -0.726279 352.833 0 0
1500 70.655 -6.37486 18.0793 0.226649 -0.0255339 353.283 0 0
1500 83.6349 7.40983 18.0361 0.435477 0.0643449 353.15 0 0
1500 108.637 41.5587 17.9664 0.801639 0.674349 353.104 0 0
1500 84.9416 -50.0039 18.0031 0.487832 -0.798505 353.237 0 0
1500 143.337 -37.1825 17.8067 1.36175 -0.602461 353.183 0 0
1500 91.1975 -65.0672 17.9054 0.601329 -1.03123 353.078 0 0
1500 108.696 -8.87208 18.0443 0.832272 -0.222675 353.018 0 0
1500 64.1515 21.8785 18.0388 0.156002 0.352587 353.375 0 0
1500 24.0107 54.0534 17.8027 -0.573514 0.853271 353.611 0 0
1500 113.958 -12.1489 17.9819 0.936384 -0.187272 353.721 0 0
1500 96.4621 25.0743 17.8734 0.645396 0.332716 353.809 0 0
1500 -4.51959 -11.7101 17.8174 -0.989115 -0.116214 353.864 0 0
1500 89.1024 -39.7643 17.8562 0.488069 -0.684657 353.841 0 0
1500 95.7926 10.9608 19.0815 0.74671 0.249719 353.84 0 0
1500 98.7352 -6.40235 17.9131 0.644936 -0.0582729 353.962 0 0
1500 76.5698 -52.0711 17.9245 0.288215 -0.81156 353.976 0 0
1500 97.241 18.5905 18.4566 0.71899 0.327154 354.005 0 0
1500 77.1262 34.1933 17.9657 0.340821 0.595757 354.044 0 0
1500 117.575 -26.795 17.9088 0.939452 -0.450364 354.065 0 0
1500 117.498 6.69699 18.0346 0.986809 0.0973212 354.141 0 0
1500 48.7051 -62.8591 17.8379 -0.0911376 -1.00339 354.265 0 0
1500 54.7305 -20.5729 18.3401 -0.05811 -0.319822 354.171 0 0
1500 92.898 32.9246 17.8664 0.616067 0.5106 354.166 0 0
1500 25.4927 -60.0459 17.8259 -0.440469 -0.951119 354.355 0 0
1500 39.0899 22.9335 17.9004 -0.32819 0.32239 354.411 0 0
1500 104.345 -0.925772 17.8701 0.739333 0.0596669 354.438 0 0
1500 88.1584 22.9659 18.4806 0.539034 0.381887 354.507 0 0
1500 123.231 10.5419 17.8367 1.02387 0.0992628 354.593 0 0
1500 5.47597 -36.4556 17.8081 -0.864872 -0.530081 354.516 0 0
1500 81.7981 -17.3321 18.0607 0.478119 -0.263973 354.532 0 0
1500 132.534 -17.5777 17.9317 1.27801 -0.339408 354.501 0 0
1500 46.921 54.4432 17.9871 -0.133274 0.896708 354.926 0 0
1500 52.0421 35.0734 18.4428 -0.0283768 0.669575 354.935 0 0
1500 76.865 1.98079 18.3693 0.341037 0.0916972 355.105 0 0
1500 96.4036 19.3966 18.0477 0.666112 0.335827 354.96 0 0
1500 -40.4143 59.7065 17.7924 -1.55316 0.873811 355.051 0 0
1500 97.243 31.4328 18.0954 0.687635 0.518095 355.092 0 0
1500 85.0962 -38.8946 17.8149 0.448487 -0.657938 355.007 0 0
1500 106.276 1.18023 18.3688 0.867796 -0.0310268 355.074 0 0
1500 34.0376 -15.2437 17.9432 -0.38251 -0.309817 355.109 0 0
1500 90.6152 -22.0412 18.267 0.568204 -0.430858 354.952 0 0
1500 87.5252 22.7212 18.2434 0.520759 0.341553 355.427 0 0
1500 120.313 -14.5599 17.9113 0.961462 -0.264758 355.361 0 0
1500 78.9608 -58.9934 17.9126 0.361359 -0.90471 355.621 0 0
1500 103.174 39.2454 17.9521 0.723899 0.657943 355.569 0 0
1500 82.9844 24.0619 18.1652 0.47486 0.422707 355.469 0 0
1500 46.5733 -28.1586 17.835 -0.153857 -0.507765 355.72 0 0
1500 35.9689 -7.94819 17.9654 -0.338725 -0.199901 355.351 0 0
1500 61.6452 -38.9019 18.2927 0.0143806 -0.660106 355.409 0 0
1500 52.6145 61.7601 17.9513 -0.0347123 0.993374 355.731 0 0
1500 7.98423 -43.185 17.8042 -0.722066 -0.701611 355.779 0 0
1500 32.0468 -29.644 18.0775 -0.440385 -0.465386 355.786 0 0
1500 61.9041 -30.1683 17.8345 0.0824466 -0.53843 355.759 0 0
1500 116.139 39.4931 18.0187 0.998948 0.720625 355.752 0 0
1500 60.4998 60.9642 17.8468 0.0291414 0.950725 355.872 0 0
1500 85.9101 12.9898 18.5414 0.499991 0.267908 355.942 0 0
1500 80.2162 -57.2524 17.831 0.360853 -0.88749 356.048 0 0
1500 57.2481 -36.6574 17.8315 0.0106605 -0.635583 356.047 0 0
1500 123.198 46.5529 17.8082 1.07447 0.715954 356.057 0 0
1500 59.2101 -7.90241 17.8654 0.0879835 -0.106528 356.408 0 0
1500 90.9281 -8.62784 17.8534 0.499643 -0.181842 356.769 0 0
1500 74.2984 -63.8627 17.8456 0.250684 -1.01007 356.651 0 0
1500 66.2538 62.3397 17.8565 0.148743 1.00599 356.23 0 0
1500 83.1335 2.69781 18.2363 0.435736 0.117417 356.26 0 0
1500 53.972 -46.0239 17.8261 -0.0392055 -0.771641 356.691 0 0
1500 80.9201 -32.57 17.8298 0.372732 -0.571283 356.23 0 0
1500 116.527 -8.77582 17.8753 0.97464 -0.118111 356.45 0 0
1500 78.2865 -37.785 17.8805 0.250738 -0.62039 356.139 0 0
1500 72.4215 10.446 17.9133 0.238377 0.240583 356.572 0 0
1500 125.386 29.6309 17.9323 1.10221 0.563923 356.512 0 0
1500 61.2485 88.4435 18.001 0.11966 1.51307 356.354 0 0
1500 103.641 -4.79278 18.1354 0.740788 -0.0444329 356.891 0 0
1500 74.5129 -37.683 17.8635 0.300216 -0.645931 356.874 0 0
1500 107.667 39.3456 18.0765 0.855912 0.721585 356.927 0 0
1500 41.2191 -44.3997 17.8337 -0.333786 -0.66393 356.98 0 0
1500 64.1489 -15.4963 17.9365 0.142628 -0.267748 358.087 0 0
1500 78.3739 -29.4879 17.8561 0.356934 -0.42896 357.425 0 0
1500 106.561 -36.0481 17.8776 0.773888 -0.537736 357.41 0 0
1500 108.432 42.9512 17.8129 0.712308 0.69449 357.837 0 0
1500 85.9177 13.412 18.5705 0.58608 0.184972 358.044 0 0
1500 0.466451 11.7413 17.8682 -0.932886 0.141837 357.421 0 0
1500 60.5089 72.639 18.008 0.0710562 1.18714 357.224 0 0
1500 103.784 0.430113 18.0771 0.771343 0.0685278 357.876 0 0
1500 1.56488 2.52675 17.8248 -0.931753 0.059186 357.942 0 0
1500 44.0133 -7.53674 18.2185 -0.240814 -0.112971 357.424 0 0
1500 77.4725 18.8415 18.0733 0.398586 0.324779 357.617 0 0
1500 92.8189 12.4796 18.0682 0.630701 0.225659 358.005 0 0
1500 35.4637 44.5392 17.8856 -0.359793 0.754008 358.053 0 0
1500 42.784 63.1725 17.8352 -0.290174 1.0703 357.115 0 0
1500 140.666 -19.6033 17.9066 1.3621 -0.372429 357.904 0 0
1500 100.463 23.3637 18.368 0.849449 0.372465 357.448 0 0
1500 139.343 24.7201 18.0301 1.47991 0.462129 357.469 0 0
1500 76.1009 -19.6248 18.2986 0.335426 -0.329757 358.203 0 0
1500 74.2014 -16.2925 17.8524 0.265688 -0.286844 358.204 0 0
1500 99.9874 -19.2402 17.9923 0.680249 -0.27516 358.239 0 0
1500 61.8247 -24.2604 18.4062 0.140611 -0.441497 358.27 0 0
1500 31.5649 53.9021 17.8233 -0.474055 0.837367 358.167 0 0
1500 56.4684 -18.7741 18.2706 0.0512205 -0.322201 358.883 0 0
1500 52.429 -11.1938 17.8311 -0.0713429 -0.22593 358.646 0 0
1500 113.164 -38.6947 17.8484 0.812338 -0.639406 358.39 0 0
1500 51.4868 -65.3087 17.8484 -0.090212 -1.02839 358.422 0 0
1500 65.7422 -55.4025 17.8201 0.135962 -0.890417 358.442 0 0
1500 -7.2762 11.6719 17.8243 -1.02275 0.211812 359.063 0 0
1500 -5.48181 23.622 17.8624 -0.999309 0.31435 358.985 0 0
1500 83.602 -25.6993 18.5351 0.431079 -0.443632 358.868 0 0
1500 115.255 -29.4816 17.848 0.899301 -0.502904 359 0 0
1500 119.847 14.7031 17.8503 0.976299 0.158508 358.424 0 0
1500 55.8431 -0.999439 18.5713 0.00123922 -0.0550332 358.925 0 0
1500 89.2821 41.2546 18.0597 0.569647 0.657205 358.811 0 0
1500 111.206 1.3161 17.8627 0.843301 -0.0519377 358.455 0 0
1500 92.2806 41.7684 17.8461 0.526102 0.713518 358.684 0 0
1500 80.0786 -4.31676 18.2714 0.415466 -0.139348 359.068 0 0
1500 35.585 1.06037 17.955 -0.40757 -0.00651972 358.765 0 0
1500 110.207 -63.663 17.8515 0.900881 -0.983861 358.647 0 0
1500 120.864 29.7701 18.3359 1.10605 0.542345 358.704 0 0
1500 110.088 -67.2483 18.0338 0.979577 -1.14465 358.977 0 0
1500 20.8093 54.8804 17.8244 -0.60892 0.847472 359.101 0 0
1500 98.673 1.17857 18.525 0.701488 0.0244775 359.145 0 0
1500 21.8231 14.6201 17.8279 -0.550172 0.263433 359.236 0 0
1500 60.0052 -50.5858 17.8624 -0.0172991 -0.769769 359.145 0 0
1500 100.385 -29.6736 17.8667 0.677343 -0.416862 359.324 0 0
1500 91.6839 -26.0202 18.1227 0.555748 -0.470794 359.329 0 0
1500 41.4197 -19.4127 18.0533 -0.217098 -0.375811 359.442 0 0
1500 100.739 -21.4954 17.9114 0.673291 -0.405375 359.452 0 0
1500 46.1938 8.81168 18.3075 -0.164253 0.154821 359.61 0 0
1500 61.9552 -25.9295 18.3683 0.0697586 -0.402436 359.633 0 0
1500 95.5087 26.3204 17.8701 0.605107 0.377449 359.661 0 0
1500 108.003 23.2803 17.8658 0.736917 0.400444 359.615 0 0
1500 85.3911 -56.3899 17.8339 0.43414 -0.918024 359.638 0 0
1500 101.498 -44.2578 17.8545 0.682543 -0.735819 359.629 0 0
1500 68.2145 -14.4232 18.1614 0.246968 -0.28162 359.65 0 0
1500 67.1566 -30.092 18.3692 0.138738 -0.527846 359.631 0 0
1500 67.0582 53.0855 18.4547 0.212977 0.956061 359.689 0 0
1500 64.3383 -57.8603 17.8552 0.0959063 -0.901922 359.75 0 0
1500 65.7298 17.0845 18.3101 0.122055 0.288927 360.048 0 0
1500 44.9598 33.3721 17.8313 -0.204007 0.538508 359.976 0 0
1500 39.387 -20.828 18.1582 -0.289849 -0.379129 360.115 0 0
1500 17.939 -24.7588 17.8307 -0.63744 -0.455432 359.955 0 0
1500 28.8532 56.4506 17.8215 -0.525175 0.845076 359.877 0 0
1500 65.378 -5.39443 18.0938 0.188317 -0.148689 359.966 0 0
1500 44.82 -0.205669 18.0079 -0.223038 0.0634558 360.085 0 0
1500 17.9507 27.0056 17.9337 -0.703904 0.394964 360.055 0 0
1500 93.035 56.4435 17.8858 0.528893 0.904865 360.305 0 0
1500 87.4597 -27.0689 18.1147 0.553436 -0.445146 360.252 0 0
1500 85.7867 -20.4397 18.0212 0.409993 -0.354641 361.596 0 0
1500 111.299 -15.6049 17.9876 0.836736 -0.259821 360.618 0 0
1500 95.0433 -32.9043 18.0656 0.60549 -0.505205 361.351 0 0
1500 62.1899 -13.6816 17.9911 0.131924 -0.229531 362.498 0 0
1500 47.1348 -21.985 17.8383 -0.133225 -0.378559 361.551 0 0
1500 6.38142 19.5701 17.8284 -0.80836 0.29969 362.025 0 0
1500 93.8575 -75.5155 17.8268 0.562947 -1.16493 360.954 0 0
1500 81.6487 -61.5759 17.8522 0.375904 -0.974307 361.114 0 0
1500 35.2787 -62.8575 17.852 -0.308033 -1.00089 360.587 0 0
1500 45.9394 -65.4269 17.8525 -0.148539 -1.02801 361.306 0 0
1500 94.5879 -9.75049 17.9645 0.602246 -0.092199 362.283 0 0
1500 13.3237 48.5677 17.8904 -0.675213 0.79223 361.665 0 0
1500 87.5457 -13.0007 18.2208 0.56302 -0.239425 360.513 0 0
1500 -9.08059 -4.49188 17.818 -1.02325 -0.139377 361.865 0 0
1500 109.667 -26.6083 18.0015 0.862737 -0.435746 362.28 0 0
1500 104.366 -18.2753 18.0072 0.792221 -0.314393 361.526 0 0
1500 63.333 -23.8397 18.1182 0.0493087 -0.399463 360.679 0 0
1500 88.6343 -4.98071 18.136 0.489491 -0.150415 361.059 0 0
1500 78.349 -14.6072 18.3645 0.353202 -0.292578 361.965 0 0
1500 97.687 11.6607 18.0794 0.709888 0.156586 361.854 0 0
1500 108.375 53.7913 17.8734 0.855423 0.866016 360.779 0 0
1500 38.4045 43.5807 17.8098 -0.379142 0.693893 361.605 0 0
1500 32.8055 33.7549 17.8128 -0.467371 0.54485 361.33 0 0
1500 20.3388 -6.88301 17.9043 -0.606977 -0.178753 361.075 0 0
1500 72.1643 -15.9256 17.9058 0.22874 -0.325862 361.023 0 0
1500 99.7536 -13.4127 17.8961 0.651107 -0.283566 361.739 0 0
1500 38.8098 -7.74578 17.9067 -0.290958 -0.198677 360.96 0 0
1500 78.1289 1.19854 18.8327 0.499155 0.073607 361.158 0 0
1500 -24.199 -49.4696 17.8536 -1.30727 -0.838714 361.827 0 0
1500 63.2879 -1.50824 17.911 0.0419648 -0.0848046 361.566 0 0
1500 91.3838 -50.5049 17.8466 0.598046 -0.771951 362.152 0 0
1500 79.9131 4.67667 18.1006 0.404676 -0.00214929 361.938 0 0
1500 69.8622 -42.5005 17.8643 0.209394 -0.660136 362.777 0 0
1500 113.965 -14.9144 18.1687 0.942439 -0.252078 362.745 0 0
1500 83.154 0.775923 18.5814 0.516028 -0.0542434 362.695 0 0
1500 65.998 -26.3965 18.3549 0.21903 -0.468856 362.735 0 0
1500 90.405 -35.9815 17.8949 0.457544 -0.612552 362.744 0 0
1500 72.067 -17.3118 17.8497 0.275982 -0.324404 362.864 0 0
1500 94.2589 -18.9918 18.1681 0.607387 -0.293923 363.166 0 0
1500 12.6984 -39.4096 17.8036 -0.721894 -0.540274 362.926 0 0
1500 88.9415 58.839 17.8913 0.43885 0.926848 362.963 0 0
1500 22.4397 -55.5222 17.8176 -0.54215 -0.886424 363.073 0 0
1500 13.0111 -20.9063 17.8924 -0.728043 -0.379704 362.983 0 0
1500 70.4922 37.7521 17.9437 0.150328 0.634415 363.039 0 0
1500 73.2048 22.5155 18.0387 0.327395 0.385006 363.062 0 0
1500 93.5405 -35.3488 18.5233 0.723346 -0.685667 362.929 0 0
1500 81.3297 -36.9423 17.8649 0.31238 -0.579262 363.775 0 0
1500 48.1409 -27.3926 17.8719 -0.0968929 -0.442562 363.407 0 0
1500 28.0828 -17.7052 17.841 -0.489372 -0.229954 363.217 0 0
1500 52.8142 -47.704 17.867 -0.050858 -0.747387 363.719 0 0
1500 73.2285 -64.4795 17.9073 0.211614 -1.00963 363.765 0 0
1500 82.3386 -20.8481 18.5737 0.480284 -0.381875 363.632 0 0
1500 103.789 -24.3299 18.0894 0.764715 -0.429607 363.611 0 0
1500 29.7724 -8.68971 17.8202 -0.499658 -0.176085 363.66 0 0
1500 60.2656 -28.5584 17.9683 -0.00791818 -0.491313 363.195 0 0
1500 76.8941 3.05963 17.9969 0.318177 0.124829 363.279 0 0
1500 40.5045 19.153 17.9946 -0.245586 0.373523 363.432 0 0
1500 71.7761 55.1615 18.028 0.238931 1.02253 363.186 0 0
1500 82.8327 12.2391 18.0876 0.413858 0.226287 364.144 0 0
1500 38.485 13.9123 17.9126 -0.260233 0.263859 364.05 0 0
1500 91.4994 15.3439 17.8305 0.532519 0.250495 363.981 0 0
1500 24.1841 45.4794 17.8995 -0.494079 0.717465 364.381 0 0
1500 -7.40233 6.25672 17.7965 -1.04131 0.1142 364.313 0 0
1500 49.5185 -64.3479 17.8801 -0.118335 -1.03131 364.049 0 0
1500 13.2471 -48.9437 17.8801 -0.657873 -0.802382 364.036 0 0
1500 62.5735 -59.1856 17.9761 0.107338 -0.960963 364.35 0 0
1500 25.6836 26.4449 17.9212 -0.559523 0.381713 363.865 0 0
1500 78.6291 -46.7653 17.9835 0.404938 -0.755447 364.185 0 0
1500 79.2242 25.622 17.9682 0.421169 0.387529 364.305 0 0
1500 37.3666 16.2344 18.095 -0.319997 0.321586 364.24 0 0
1500 71.1972 41.6748 17.8071 0.274423 0.665051 364.351 0 0
1500 129.765 -7.86363 17.9862 1.21676 -0.0702102 364.072 0 0
1500 79.0027 -34.336 18.1048 0.425779 -0.608971 363.842 0 0
1500 55.3594 -36.9629 17.9133 -0.000178264 -0.674232 364.38 0 0
1500 113.201 -33.9918 17.9978 0.88615 -0.528783 364.504 0 0
1500 72.5867 -63.3444 17.8821 0.1791 -1.00531 364.517 0 0
1500 19.2593 36.9952 17.9141 -0.651878 0.538773 364.523 0 0
1500 77.1257 -3.27223 18.7737 0.434574 -0.0491333 365.297 0 0
1500 86.0257 -34.2826 17.9153 0.412313 -0.553457 365.089 0 0
1500 51.0156 -42.759 17.8904 -0.129642 -0.663252 365.103 0 0
1500 36.0934 -31.1961 17.893 -0.339123 -0.498534 365.326 0 0
1500 104.443 45.6945 17.8431 0.664663 0.734334 365.197 0 0
1500 105.312 -47.0153 17.8805 0.698314 -0.759311 365.31 0 0
1500 113.615 -15.1315 18.221 0.946647 -0.238447 364.703 0 0
1500 103.043 32.2733 18.1056 0.723591 0.557898 365.268 0 0
1500 25.9129 40.633 17.8105 -0.547602 0.569855 365.009 0 0
1500 54.5059 7.59738 18.4257 -0.0245673 0.172528 365.201 0 0
1500 53.2469 2.1614 18.4263 -0.043682 0.0901434 365.166 0 0
1500 26.7266 -17.2363 17.9345 -0.476555 -0.34343 365.01 0 0
1500 72.374 -29.3029 17.9773 0.182458 -0.504086 365.278 0 0
1500 34.2536 -13.1592 17.9789 -0.406989 -0.255194 365.167 0 0
1500 98.3167 -9.59194 17.8707 0.630926 -0.225427 365.294 0 0
1500 -24.4893 -28.6004 17.9359 -1.35588 -0.442404 364.746 0 0
1500 130.365 31.2146 17.907 1.26167 0.543905 365.328 0 0
1500 111.519 28.0838 18.1509 1.00934 0.454759 364.983 0 0
1500 77.6088 6.21531 18.6631 0.358533 0.150531 366.206 0 0
1500 67.8467 22.1867 18.2298 0.221149 0.361508 365.692 0 0
1500 73.5476 -11.7524 18.0666 0.310476 -0.154421 366.403 0 0
1500 44.4134 -13.5472 17.9001 -0.220408 -0.248388 365.871 0 0
1500 46.866 28.877 17.9137 -0.167234 0.471571 365.716 0 0
1500 108.496 -1.48623 18.0098 0.795689 -0.0557313 366.429 0 0
1500 74.324 56.2517 17.8475 0.225566 0.878407 365.905 0 0
1500 21.1683 32.9429 17.8106 -0.595958 0.49 366.909 0 0
1500 73.4522 -54.4642 17.8886 0.228273 -0.849622 366.796 0 0
1500 119.192 29.1362 17.7942 0.875988 0.496758 365.944 0 0
1500 52.6612 -63.56 17.8843 -0.114773 -0.975008 366.817 0 0
1500 122.369 9.53071 18.0153 1.03282 0.176121 366.326 0 0
1500 124.872 -5.73433 17.8244 1.03533 -0.137788 366.427 0 0
1500 79.4786 60.7259 17.9014 0.36772 0.967041 365.793 0 0
1500 73.225 58.915 17.973 0.252095 0.956241 365.627 0 0
1500 65.3315 -66.5903 17.824 0.161727 -1.03559 366.464 0 0
1500 123.4 18.0387 17.8248 1.01106 0.213511 367.07 0 0
1500 117.114 -27.7266 17.9589 0.957001 -0.427677 367.046 0 0
1500 110.122 -26.8979 17.9633 0.872732 -0.424487 365.605 0 0
1500 75.2548 31.1272 18.4169 0.287367 0.5244 365.822 0 0
1500 110.123 -38.3108 17.8535 0.847427 -0.601539 366.44 0 0
1500 77.6695 -61.0221 17.8549 0.366852 -0.946243 365.971 0 0
1500 111.884 0.675806 18.1775 0.921093 0.0330064 366.459 0 0
1500 108.071 25.1203 17.9535 0.84789 0.371702 365.715 0 0
1500 56.2315 52.2074 18.0208 -0.00160429 0.868228 365.525 0 0
1500 7.78584 40.9278 17.8379 -0.822139 0.623526 367.212 0 0
1500 4.21037 -11.4529 17.8556 -0.887567 -0.148629 365.944 0 0
1500 6.73866 -26.6643 17.8542 -0.846708 -0.37923 366.127 0 0
1500 7.72926 -40.2599 17.8499 -0.822674 -0.579372 366.846 0 0
1500 93.3988 -40.3114 18.0494 0.586292 -0.678736 366.7 0 0
1500 11.0821 14.9947 17.9171 -0.777973 0.201901 365.805 0 0
1500 11.6819 -1.52318 17.9185 -0.770353 -0.0508309 365.673 0 0
1500 102.027 2.4954 17.8868 0.744924 -0.00805776 365.522 0 0
1500 95.3382 -31.1964 17.8652 0.580564 -0.555192 365.777 0 0
1500 31.8848 -55.3529 17.8559 -0.385844 -0.909218 366.964 0 0
1500 55.9611 -45.5311 17.8663 -0.0235572 -0.776421 365.666 0 0
1500 63.6948 47.4682 18.1328 0.11086 0.806126 365.68 0 0
1500 67.2412 -26.6206 18.2652 0.178715 -0.478338 366.546 0 0
1500 47.3594 29.7137 18.0487 -0.182017 0.518228 365.945 0 0
1500 74.5595 -34.1258 17.9965 0.308895 -0.592521 366.335 0 0
1500 32.3681 35.836 17.8091 -0.474874 0.53185 365.826 0 0
1500 40.749 -24.8812 17.8153 -0.347713 -0.410874 365.352 0 0
1500 106.823 -15.0965 17.9993 0.81426 -0.283855 367.285 0 0
1500 94.7053 11.2383 17.9885 0.65256 0.139039 366.52 0 0
1500 91.6844 8.93375 17.893 0.590551 0.0923052 366.012 0 0
1500 77.6063 -28.0569 17.9812 0.301397 -0.506912 366.41 0 0
1500 61.8601 23.7149 17.9935 0.0485956 0.437879 366.158 0 0
1500 40.9046 36.5098 17.839 -0.266121 0.641921 366.29 0 0
1500 44.1747 24.4318 17.8453 -0.217156 0.45853 365.812 0 0
1500 85 18.6986 18.27 0.545499 0.276918 367.099 0 0
1500 23.3891 -16.7069 18.0713 -0.57466 -0.263311 367.205 0 0
1500 104.388 55.1338 17.8081 0.786463 0.872991 366.772 0 0
1500 76.6252 -1.10703 17.8257 0.360718 0.0122489 366.088 0 0
1500 72.2691 -3.91869 17.8551 0.292055 -0.0230053 366.684 0 0
1500 85.5939 -49.876 18.3738 0.500546 -0.877529 365.672 0 0
1500 82.3503 -12.9102 18.1318 0.36325 -0.260512 365.671 0 0
1500 -14.8087 -73.6153 17.8781 -1.22201 -1.19751 366.733 0 0
1500 -33.2219 17.1859 18.0115 -1.52328 0.327899 365.825 0 0
1500 96.8584 -17.3604 18.0537 0.674189 -0.361095 365.749 0 0
1500 133.061 7.83021 18.1375 1.30693 0.0795115 367.348 0 0
1500 31.3875 -3.17174 18.4204 -0.457577 -0.126589 366.539 0 0
1500 56.8154 -8.04657 18.1077 -0.0930222 -0.191434 367.342 0 0
1500 83.9417 -25.4435 18.2572 0.437254 -0.413949 368.064 0 0
1500 54.6391 17.1307 18.0068 -0.06306 0.297213 367.761 0 0
1500 68.1693 -34.9888 17.9008 0.150233 -0.561791 367.988 0 0
1500 114.919 43.7984 17.9007 0.888037 0.673389 367.776 0 0
1500 98.3081 -34.0239 17.8357 0.62663 -0.534917 368.901 0 0
1500 110.92 -30.6345 17.8581 0.832511 -0.472077 368.601 0 0
1500 35.1569 64.4306 17.8369 -0.409157 0.965096 367.875 0 0
1500 27.0214 -58.5247 17.9137 -0.452214 -0.940344 367.842 0 0
1500 112.996 -36.5784 17.8533 0.82781 -0.620054 367.638 0 0
1500 71.2176 -62.9532 17.8533 0.204706 -1.01353 367.631 0 0
1500 8.61332 -43.1531 17.8538 -0.730888 -0.719915 367.47 0 0
1500 19.7788 -49.5805 17.7949 -0.651856 -0.769058 367.597 0 0
1500 84.4734 -63.0919 17.816 0.467096 -0.934383 368.665 0 0
1500 111.473 29.5927 17.8192 0.881383 0.450885 367.702 0 0
1500 117.076 -30.3715 17.8158 0.948502 -0.445928 368.921 0 0
1500 84.2518 -60.043 17.8617 0.351536 -0.95756 368.407 0 0
1500 108.864 38.7566 17.8891 0.834541 0.607005 368.729 0 0
1500 14.6576 36.7717 17.8309 -0.721642 0.553529 368.817 0 0
1500 110.512 20.2779 17.805 0.866686 0.337516 367.908 0 0
1500 119.462 -8.30555 17.8013 0.993749 -0.0967981 368.517 0 0
1500 93.6133 29.5734 18.1318 0.564417 0.522059 368.485 0 0
1500 82.3078 23.1459 17.9572 0.324914 0.397887 367.408 0 0
1500 107.954 -22.4794 17.8356 0.829759 -0.305843 368.292 0 0
1500 16.9988 -37.4552 17.8657 -0.679193 -0.614642 368.613 0 0
1500 -0.149538 4.3593 17.8646 -0.937601 0.0207103 368.766 0 0
1500 81.5494 -43.7551 17.811 0.35519 -0.748861 368.679 0 0
1500 53.7689 15.8662 17.9662 -0.12627 0.237961 368.646 0 0
1500 59.792 -38.8429 18.0373 0.0268953 -0.688884 367.8 0 0
1500 224.093 44.3365 17.9177 2.70161 0.76092 367.464 0 0
1500 59.7334 -9.06466 17.841 -0.0262212 -0.0831901 368.415 0 0
1500 138.661 -14.4643 17.9736 1.38592 -0.175011 367.748 0 0
1500 95.2558 -37.1134 17.987 0.573657 -0.677127 367.953 0 0
1500 81.7368 29.3294 17.834 0.396583 0.445412 369.2 0 0
1500 88.6025 -50.1969 17.8608 0.507773 -0.750011 368.99 0 0
1500 34.298 -48.0789 17.8079 -0.36878 -0.811183 369.008 0 0
1500 29.3451 -18.1346 18.3332 -0.485122 -0.367521 368.995 0 0
1500 55.3772 -11.7895 18.0047 -0.0512193 -0.224031 370.317 0 0
1500 65.6082 -45.0759 17.8408 0.158919 -0.687701 369.401 0 0
1500 3.6818 -14.7803 17.8575 -0.840412 -0.187018 370.257 0 0
1500 0.596383 6.14396 17.8559 -0.887023 0.112317 370.059 0 0
1500 97.055 3.78414 18.851 0.743794 0.114946 369.746 0 0
1500 52.9039 -60.3903 17.8578 -0.0314639 -0.962043 369.446 0 0
1500 26.9822 57.8262 17.9349 -0.510029 0.89727 370.093 0 0
1500 102.287 48.8548 17.8268 0.721261 0.7602 370.287 0 0
1500 109.494 -41.9122 17.8281 0.837064 -0.591115 369.56 0 0
1500 102.083 33.0645 17.9653 0.687009 0.576198 370.023 0 0
1500 45.5863 -3.37639 18.4188 -0.185769 -0.0647095 370.266 0 0
1500 83.5818 -7.72386 17.9104 0.464298 -0.168502 369.267 0 0
1500 48.5918 39.0759 17.8278 -0.198284 0.663078 369.341 0 0
1500 20.101 11.8088 17.8281 -0.639508 0.241163 369.314 0 0
1500 69.6827 -26.9447 18.032 0.257362 -0.471496 370.227 0 0
1500 76.5468 -32.0682 17.9595 0.304297 -0.57051 370.254 0 0
1500 65.0595 39.7869 17.8122 0.179484 0.640309 370.02 0 0
1500 23.3362 -10.6105 17.8932 -0.566701 -0.0958639 370.299 0 0
1500 70.5129 25.0599 17.8447 0.222241 0.467047 369.954 0 0
1500 50.0889 33.5863 17.8932 -0.191539 0.49398 369.611 0 0
1500 72.8896 -10.1794 18.2631 0.269982 -0.1796 372.387 0 0
1500 53.4875 -3.1902 18.0897 -0.084429 -0.0901434 370.621 0 0
1500 63.0144 0.444387 18.249 0.146521 -0.0555855 371.755 0 0
1500 54.2708 -2.04272 18.0001 -0.0291744 0.0408014 371.018 0 0
1500 72.4107 -2.27361 17.9987 0.222287 0.0376532 370.925 0 0
1500 57.1191 4.29997 17.9997 0.0102677 0.128674 370.991 0 0
1500 72.6104 12.3057 17.8811 0.271109 0.142585 370.868 0 0
1500 65.4727 5.8388 17.9762 0.187899 0.0739452 371.566 0 0
1500 59.8901 -0.660224 17.977 0.110344 -0.0162316 371.621 0 0
1500 91.1278 -8.5719 18.0862 0.551005 -0.124849 372.445 0 0
1500 27.9289 -13.3003 17.8709 -0.48523 -0.162952 371.509 0 0
1500 43.3274 45.2983 17.8638 -0.271339 0.665343 370.908 0 0
1500 83.4551 -37.877 18.0572 0.4061 -0.597356 371.668 0 0
1500 34.6567 -0.742603 17.9311 -0.380703 -0.0353782 372.11 0 0
1500 61.1177 28.4834 18.1734 0.0905193 0.461702 373.093 0 0
1500 85.767 -11.4159 18.0022 0.436646 -0.221632 372.934 0 0
1500 63.2587 -17.5593 17.9982 0.15356 -0.27404 373.414 0 0
1500 65.9587 -0.474656 17.8457 0.179991 -0.00269371 373.025 0 0
1500 120.711 -10.2378 17.8724 0.978588 -0.182305 370.566 0 0
1500 0.770253 -31.4698 17.8621 -0.87273 -0.514958 370.343 0 0
1500 120.146 14.1409 17.8907 0.975603 0.233847 370.587 0 0
1500 48.6786 61.081 17.8264 -0.136451 0.955736 370.767 0 0
1500 3.15381 -11.9183 17.8321 -0.870791 -0.169828 370.569 0 0
1500 87.1796 29.7613 18.0147 0.482006 0.464449 373.755 0 0
1500 115.654 -35.8132 17.8277 0.908249 -0.488419 371.11 0 0
1500 91.422 37.5033 17.8404 0.537928 0.568399 373.089 0 0
1500 121.955 -14.2418 17.951 1.01694 -0.242189 371.606 0 0
1500 104.429 2.00453 18.7802 0.86906 0.0168546 372.439 0 0
1500 68.8241 -64.8569 17.7994 0.154288 -1.03654 370.97 0 0
1500 58.0421 61.5811 17.9502 -0.00758554 0.992776 370.601 0 0
1500 72.697 -65.9465 17.793 0.278369 -1.00383 371.926 0 0
1500 31.881 85.1134 17.8014 -0.386988 1.33399 372.133 0 0
1500 88.2515 -7.10823 18.3968 0.600787 -0.0760435 370.78 0 0
1500 87.4355 55.726 17.8142 0.393526 0.899344 370.88 0 0
1500 127.498 21.6656 17.8047 1.05293 0.405786 370.584 0 0
1500 103.873 51.9925 17.8625 0.721328 0.8247 372.959 0 0
1500 122.447 25.786 17.7921 0.982211 0.317369 373.208 0 0
1500 106.308 12.5633 17.9155 0.82018 0.214522 371.026 0 0
1500 44.0497 -35.7997 18.0893 -0.211467 -0.61611 370.929 0 0
1500 96.0032 48.5599 18.0471 0.637938 0.780667 373.323 0 0
1500 108.122 -3.39726 18.056 0.833833 0.009276 372.038 0 0
1500 106.439 40.1077 18.0462 0.789998 0.652743 373.572 0 0
1500 109.132 20.5582 18.0518 0.84288 0.369209 372.526 0 0
1500 76.9359 -33.0692 18.2218 0.395244 -0.550285 372.049 0 0
1500 107.098 -5.12179 18.2144 0.843023 -0.125892 372.741 0 0
1500 102.927 -12.6235 17.8407 0.723599 -0.12377 371.012 0 0
1500 65.0087 -13.5934 17.9402 0.14471 -0.285863 370.481 0 0
1500 108.399 34.7314 18.0087 0.839965 0.552816 373.427 0 0
1500 40.8392 48.0803 17.9723 -0.258808 0.823005 370.825 0 0
1500 40.5741 -2.49092 17.9008 -0.32979 0.00456296 370.676 0 0
1500 116.957 29.7817 17.8467 0.901333 0.515458 373.737 0 0
1500 14.9103 -15.0004 17.8855 -0.728984 -0.251365 371.756 0 0
1500 58.1651 16.1923 17.8545 0.0315846 0.324482 371.023 0 0
1500 46.8358 -4.95735 18.0365 -0.185388 -0.00902268 371.25 0 0
1500 14.5039 2.46853 18.0789 -0.704866 0.0205864 372.395 0 0
1500 22.9294 -23.7614 18.0795 -0.576862 -0.379485 372.347 0 0
1500 26.0156 22.4926 18.0819 -0.531362 0.326999 372.153 0 0
1500 64.0871 8.27236 18.2465 0.163949 0.202797 371.77 0 0
1500 117.882 -46.4508 17.8959 0.928631 -0.773292 373.313 0 0
1500 16.513 183.185 17.8342 -0.69061 2.94449 370.675 0 0
1500 190.519 -52.6079 17.8793 2.14743 -0.835731 371.096 0 0
1500 78.5349 -27.8929 17.8863 0.383371 -0.481104 371.624 0 0
1500 8.71183 8.15361 17.8601 -0.827578 0.125199 372.434 0 0
1500 4.01164 -18.7736 17.9407 -0.871509 -0.311572 373.575 0 0
1500 97.0668 36.7257 18.0517 0.640197 0.630461 373.391 0 0
1500 66.7131 -13.6465 17.9791 0.11288 -0.277387 372.334 0 0
1500 48.2475 -10.8768 18.1271 -0.184557 -0.133522 372.077 0 0
1500 122.187 -30.7164 17.9423 1.09824 -0.448002 370.931 0 0
1500 15.1862 86.4154 17.9243 -0.759299 1.42443 370.799 0 0
1500 83.1273 -24.7029 17.9035 0.450695 -0.437016 373.609 0 0
1500 45.91 -22.6622 17.8777 -0.256362 -0.322867 373.056 0 0
1500 41.4438 6.32453 17.886 -0.274929 0.173901 373.478 0 0
1500 122.687 -31.302 18.105 1.12538 -0.53426 372.759 0 0
1500 106.916 28.7757 18.0128 0.86723 0.444016 373.759 0 0
1500 116.396 -39.3913 17.9117 1.00227 -0.590167 373.304 0 0
1500 -11.9615 -50.8484 18.1574 -1.19421 -0.900015 371.003 0 0
1500 71.4015 -35.5025 18.3365 0.244053 -0.667675 371.978 0 0
1500 40.7502 -62.5462 17.9247 -0.351369 -1.10422 372.641 0 0
1500 89.5765 35.423 18.0565 0.490855 0.661426 372.901 0 0
1500 111.737 -1.41713 17.8977 0.833407 -0.0657872 374.4 0 0
1500 61.5653 58.2865 17.8189 0.00232495 0.890816 374.388 0 0
1500 72.0307 -62.9031 17.9628 0.230033 -1.00693 373.911 0 0
1500 51.3722 -57.0086 17.9736 -0.0943587 -0.908809 374.611 0 0
1500 68.5217 12.5724 18.507 0.243117 0.26437 374.246 0 0
1500 102.555 -13.2919 17.8972 0.744751 -0.258497 374.148 0 0
1500 77.6204 -14.0041 18.163 0.418063 -0.197063 374.44 0 0
1500 -2.56276 -111.012 17.8504 -1.03037 -1.76918 374.258 0 0
1500 79.7469 -5.45394 18.7825 0.479117 -0.0721807 374.841 0 0
1500 67.1797 9.57304 18.1464 0.149242 0.199275 375.103 0 0
1500 65.9908 18.9956 18.1928 0.189341 0.308073 376.654 0 0
1500 92.7206 -10.8715 18.7884 0.649303 -0.157644 377.755 0 0
1500 78.2843 4.49367 17.985 0.330949 0.121789 376.086 0 0
1500 83.0418 38.3468 17.9135 0.411559 0.59278 375.15 0 0
1500 25.3881 -14.9551 17.8991 -0.510112 -0.175983 376.2 0 0
1500 70.5294 35.2278 17.9987 0.19132 0.562405 375.902 0 0
1500 76.8545 15.9314 18.1741 0.315362 0.286791 376.996 0 0
1500 35.5461 3.01694 18.1592 -0.338736 0.0557315 377.129 0 0
1500 73.8187 45.134 17.8268 0.176111 0.693648 375.227 0 0
1500 101.126 38.4715 17.992 0.674424 0.606974 375.399 0 0
1500 77.4467 16.6096 18.0054 0.318745 0.294312 377.326 0 0
1500 89.3409 41.6126 17.8373 0.474858 0.658833 376.35 0 0
1500 45.0892 -41.6528 17.9838 -0.18029 -0.660049 377.007 0 0
1500 103.332 -15.1085 17.8812 0.702203 -0.259202 377.606 0 0
1500 37.2205 28.2015 17.8717 -0.358997 0.396545 378.289 0 0
1500 2.32348 7.55953 17.8584 -0.864535 0.108472 377.03 0 0
1500 101.354 -22.0098 17.9106 0.695194 -0.32966 377.582 0 0
1500 91.6172 -4.58496 18.149 0.572867 -0.00456916 376.4 0 0
1500 68.3069 -75.4032 17.7971 0.179554 -1.1565 377.408 0 0
1500 118.039 1.597 18.0012 0.974932 -0.0289201 375.688 0 0
1500 7.91564 34.8074 17.8551 -0.819963 0.55377 375.311 0 0
1500 13.0421 48.795 17.8524 -0.722002 0.743121 377.218 0 0
1500 3.18772 -25.87 17.9675 -0.87416 -0.416124 375.575 0 0
1500 30.8396 -41.3714 18.0271 -0.396403 -0.703917 374.946 0 0
1500 84.3454 9.48639 18.3038 0.441477 0.217052 375.164 0 0
1500 5.74366 -11.0216 17.9408 -0.849622 -0.196422 375.548 0 0
1500 104.396 -10.6191 18.0098 0.798111 -0.129666 375.888 0 0
1500 39.5022 -3.83502 18.4222 -0.277084 -0.0711348 376.205 0 0
1500 69.1112 24.4438 18.0303 0.258848 0.422054 375.246 0 0
1500 105.246 -10.6846 18.0552 0.793926 -0.220122 376.468 0 0
1500 55.3006 54.3292 17.8353 0.0283217 0.855238 376.653 0 0
1500 90.5207 11.9736 17.8249 0.579857 0.195265 375.478 0 0
1500 87.3563 -2.81729 17.8274 0.532217 -0.034654 375.293 0 0
1500 68.3889 -28.2726 18.1939 0.172048 -0.499675 376.728 0 0
1500 95.8673 6.0052 18.1486 0.682312 0.0521633 377.088 0 0
1500 96.0216 -56.664 18.1185 0.635237 -0.957732 375.642 0 0
1500 70.0474 38.0884 17.9912 0.208406 0.660463 376.553 0 0
1500 91.043 2.0303 17.8694 0.58793 0.00248943 375.938 0 0
1500 16.7535 2.18369 17.8594 -0.710543 0.0424883 376.361 0 0
1500 127.921 -51.2965 17.8283 1.04633 -0.853505 377.441 0 0
1500 51.6645 -44.715 18.0008 -0.0391119 -0.748707 377.517 0 0
1500 71.0226 -43.4394 17.9999 0.255423 -0.728271 377.608 0 0
1500 25.5619 -22.9125 17.8422 -0.469453 -0.425153 376.473 0 0
1500 36.1146 96.7914 17.8839 -0.340418 1.56164 377.16 0 0
1500 53.9123 14.8436 17.9299 -0.0970828 0.295367 376.308 0 0
1500 100.609 4.09307 17.8122 0.708514 0.00681175 376.775 0 0
1500 90.0672 16.3444 18.084 0.569509 0.31024 377.929 0 0
1500 29.854 -38.4604 17.8694 -0.481509 -0.643912 377.888 0 0
1500 3.5739 14.6248 17.8651 -0.878337 0.169026 378.349 0 0
1500 40.044 63.6838 18.1271 -0.301692 1.07408 375.87 0 0
1500 24.3634 -9.21191 17.8517 -0.551241 -0.0711438 377.87 0 0
1500 22.5771 11.8839 17.8492 -0.577325 0.2561 378.058 0 0
1500 128.244 -19.4964 18.3642 1.2708 -0.332229 376.536 0 0
1500 36.6053 25.9619 18.0243 -0.338597 0.506491 375.747 0 0
1500 23.9301 -6.33454 18.0912 -0.596291 -0.0477592 375.72 0 0
1500 24.4971 -16.1649 17.921 -0.55479 -0.333957 378.08 0 0
1500 77.3998 50.0798 18.4841 0.371047 0.905776 377.508 0 0
1500 103.859 15.1131 18.0538 0.855422 0.20727 378.4 0 0
1500 65.5567 38.557 18.1778 0.108542 0.739593 378.455 0 0
1500 33.0483 22.6642 18.03 -0.35843 0.376519 378.589 0 0
1500 98.02 52.0259 17.8395 0.593162 0.850251 378.634 0 0
1500 31.5777 49.3379 17.8708 -0.360851 0.818114 378.657 0 0
1500 71.9303 13.5276 18.5069 0.264699 0.250606 381.707 0 0
1500 40.7238 32.0028 17.8735 -0.304113 0.477516 380.039 0 0
1500 40.6631 0.0400757 17.9912 -0.287988 -0.0250535 381.01 0 0
1500 102.329 -9.58799 17.877 0.666679 -0.200348 380.09 0 0
1500 106.201 3.71576 18.5905 0.86955 0.0906268 379.276 0 0
1500 105.344 23.1393 17.962 0.720285 0.390154 381.671 0 0
1500 2.89731 37.2037 17.9031 -0.854469 0.583926 379.606 0 0
1500 115.851 -29.1158 17.8936 0.927833 -0.47465 378.818 0 0
1500 11.3003 -29.8814 17.8535 -0.735211 -0.41849 381.604 0 0
1500 36.0677 -63.6664 17.7958 -0.279859 -1.004 379.217 0 0
1500 -3.63456 9.90298 17.8175 -0.986501 0.0979738 378.876 0 0
1500 14.6156 -38.0028 17.8817 -0.72608 -0.562072 378.943 0 0
1500 43.8773 58.1661 17.8806 -0.281319 0.895636 379.088 0 0
1500 74.8004 -0.684451 18.4261 0.340109 -0.0855704 379.187 0 0
1500 60.1247 37.3109 18.2901 0.0869339 0.63877 379.586 0 0
1500 -2.51358 10.4529 17.8361 -0.97435 0.114495 379.724 0 0
1500 55.4797 -57.6899 17.8559 0.00872082 -0.937285 379.448 0 0
1500 59.1224 60.1545 17.9923 -0.00372677 0.96424 380.21 0 0
1500 80.6997 60.9819 17.8307 0.312295 0.981343 380.418 0 0
1500 105.814 44.3823 17.8318 0.691164 0.736578 380.101 0 0
1500 106.399 33.7165 18.0015 0.793969 0.563813 380.405 0 0
1500 99.1999 65.7877 17.813 0.629185 1.06002 380.438 0 0
1500 104.9 -33.3172 17.863 0.778856 -0.470277 380.308 0 0
1500 108.233 18.07 18.2012 0.828372 0.338885 380.864 0 0
1500 71.5892 -57.7393 17.8963 0.213497 -0.945658 380.368 0 0
1500 45.0832 45.7535 17.8689 -0.247617 0.756769 379.957 0 0
1500 78.7846 29.8109 17.9591 0.361529 0.531528 379.95 0 0
1500 56.6359 50.0046 17.9669 0.00797639 0.836083 380.759 0 0
1500 38.6868 7.73796 17.8371 -0.337323 0.0501796 378.949 0 0
1500 100.81 -43.8694 17.8146 0.615436 -0.734112 381.008 0 0
1500 85.9573 -35.8527 17.9947 0.516754 -0.579388 380.657 0 0
1500 118.307 75.0007 17.9682 0.990865 1.23151 379.626 0 0
1500 50.3325 -58.1915 17.9135 -0.146804 -0.940668 381.559 0 0
1500 79.296 -65.6922 17.8403 0.270284 -1.07389 379.379 0 0
1500 74.2073 -27.5215 18.0683 0.269936 -0.498498 380.797 0 0
1500 42.4737 25.8549 17.8294 -0.310675 0.443197 379.9 0 0
1500 104.014 5.43208 18.4448 0.839211 0.146425 380.323 0 0
1500 54.9755 7.77858 17.8571 -0.109037 0.169568 379.825 0 0
1500 58.1052 56.1235 17.8354 -0.0583402 0.90175 381.629 0 0
1500 67.6314 -16.7548 17.8363 0.0866955 -0.310164 379.922 0 0
1500 22.7773 -44.7028 17.9621 -0.55393 -0.777604 379.887 0 0
1500 41.9406 46.0063 17.8031 -0.245263 0.784059 381.599 0 0
1500 -40.5099 9.66605 17.9035 -1.61033 0.134947 381.193 0 0
1500 94.2408 -69.9491 18.0589 0.679906 -1.19869 381.029 0 0
1500 45.7594 17.3551 18.4773 -0.206961 0.347481 380.146 0 0
1500 103.176 -27.1216 18.0185 0.857328 -0.47583 381.663 0 0
1500 62.3445 53.2533 18.5192 0.0618047 0.981889 381.676 0 0
1500 97.3475 1.12913 18.4437 0.669109 0.0516802 383.33 0 0
1500 96.0648 -14.9414 18.0274 0.625134 -0.199807 382.315 0 0
1500 17.6805 6.20986 17.862 -0.636653 0.0956679 382.426 0 0
1500 49.0623 -0.367825 18.0001 -0.112175 -0.074059 384.362 0 0
1500 66.5474 25.5147 18.2367 0.190481 0.414804 384.92 0 0
1500 89.424 15.3173 18.0865 0.509443 0.268106 384.383 0 0
1500 84.5383 -22.9816 18.035 0.456059 -0.35168 384.281 0 0
1500 65.6304 -3.05838 18.4282 0.18054 -0.108881 386.835 0 0
1500 91.0058 31.8452 17.8717 0.537744 0.474394 383.984 0 0
1500 63.0098 24.903 18.2965 0.118367 0.409402 386.376 0 0
1500 82.2323 18.4756 18.0206 0.401907 0.312141 385.425 0 0
1500 84.3989 -54.8248 17.8212 0.391487 -0.862694 383.472 0 0
1500 0.782563 33.7313 17.8563 -0.887205 0.547478 382.91 0 0
1500 99.7171 47.384 17.9416 0.661804 0.776282 382.108 0 0
1500 79.2895 12.0844 17.9819 0.322565 0.237048 386.886 0 0
1500 71.1393 3.62144 17.9848 0.20854 0.118929 387.093 0 0
1500 -1.3563 27.8033 17.8551 -0.931222 0.466007 382.303 0 0
1500 33.179 54.2041 17.8616 -0.403404 0.829372 384.675 0 0
1500 33.1422 -51.442 17.818 -0.388998 -0.80375 384.717 0 0
1500 65.6149 -48.5805 17.8242 0.0765309 -0.755261 385.4 0 0
1500 30.1282 -58.5221 17.8099 -0.448778 -0.939975 382.157 0 0
1500 28.1176 -37.1254 17.8247 -0.456364 -0.591971 385.447 0 0
1500 43.669 63.1126 17.8082 -0.281172 0.985394 382.386 0 0
1500 61.816 51.3936 17.8211 -0.00857822 0.768284 385.977 0 0
1500 97.9039 2.85892 18.0533 0.643712 0.00439739 387.35 0 0
1500 6.23205 35.5419 17.8312 -0.807247 0.559167 385.019 0 0
1500 -6.94302 -20.1111 17.8275 -1.01693 -0.25203 383.747 0 0
1500 -7.73569 -16.5299 17.8277 -1.02571 -0.19859 383.94 0 0
1500 63.5847 -31.2965 17.8327 0.0209237 -0.482756 387.218 0 0
1500 11.8228 -24.4231 17.8204 -0.717616 -0.392133 386.131 0 0
1500 27.8424 87.5495 17.813 -0.459778 1.29872 386.981 0 0
1500 64.3005 -7.663 18.0324 0.132046 -0.156519 391.799 0 0
1500 -2.59634 -19.3886 17.8817 -0.958598 -0.312954 383.722 0 0
1500 60.9234 -14.4812 18.0854 0.0931943 -0.264722 388.666 0 0
1500 117.742 -29.528 17.8184 0.948965 -0.421804 384.424 0 0
1500 93.5406 -35.6871 17.8907 0.595143 -0.606476 381.866 0 0
1500 69.5737 -53.5834 17.8908 0.21405 -0.821235 386.527 0 0
1500 68.9501 5.78235 17.8207 0.154758 0.15067 388.024 0 0
1500 0.107032 7.38841 17.7991 -0.88264 0.188994 382.032 0 0
1500 39.5894 44.0606 17.9094 -0.238379 0.715709 384.949 0 0
1500 100.458 34.294 18.1689 0.686138 0.587336 383.853 0 0
1500 56.1494 23.9035 18.187 0.0216905 0.397688 389.616 0 0
1500 104.338 -42.118 17.8013 0.733946 -0.585417 386.353 0 0
1500 119.167 -0.259541 17.8838 0.95899 -0.0173638 386.6 0 0
1500 105.281 -4.21466 17.8938 0.74591 -0.0730661 387.813 0 0
1500 99.9163 40.6947 17.8801 0.677013 0.595204 387.113 0 0
1500 73.6078 19.2706 17.8982 0.29308 0.281507 388.817 0 0
1500 78.0829 14.658 17.898 0.355733 0.217073 388.799 0 0
1500 95.9919 -16.7569 17.8887 0.667828 -0.244838 382.197 0 0
1500 92.7496 36.6515 17.8791 0.613914 0.553709 382.818 0 0
1500 73.8156 -28.1877 17.8897 0.328664 -0.444581 381.925 0 0
1500 73.0699 -13.9207 17.8931 0.193211 -0.25871 390.074 0 0
1500 113.915 13.4205 18.0988 0.959993 0.215911 383.512 0 0
1500 88.5505 -7.28575 18.5333 0.614559 -0.142215 384.899 0 0
1500 86.6214 91.0566 17.8285 0.451754 1.47667 382.932 0 0
1500 83.5981 50.9301 17.8355 0.438234 0.83141 383.88 0 0
1500 36.577 63.6279 17.8299 -0.270477 1.00494 385.143 0 0
1500 97.6779 34.7056 18.0143 0.650229 0.595571 384.33 0 0
1500 82.1041 15.4092 18.3048 0.412301 0.275027 391.338 0 0
1500 35.5697 -27.4083 17.8557 -0.419954 -0.399472 383.031 0 0
1500 21.6388 -9.78016 18.1392 -0.590395 -0.157091 384.196 0 0
1500 56.0559 -50.775 18.1552 0.0139192 -0.861236 383.421 0 0
1500 -36.8192 106.663 17.8006 -1.47376 1.56488 386.521 0 0
1500 91.4456 22.4023 18.2274 0.533157 0.375682 390.936 0 0
1500 57.6793 44.7283 17.8134 -0.0564831 0.75084 383.547 0 0
1500 29.6667 18.4498 17.8191 -0.492463 0.347657 383.082 0 0
1500 75.0519 -33.2649 18.2649 0.299188 -0.576906 384.941 0 0
1500 81.8732 -9.87555 18.2706 0.404935 -0.224695 384.515 0 0
1500 58.6767 -11.0317 18.2751 0.0466249 -0.217566 391.983 0 0
1500 77.4871 22.4033 17.9312 0.306194 0.424214 383.37 0 0
1500 46.4958 34.8829 17.9274 -0.173212 0.614907 383.649 0 0
1500 47.2673 65.5493 17.9082 -0.153572 1.0358 386.915 0 0
1500 26.0532 47.1321 17.915 -0.479529 0.788995 384.871 0 0
1500 64.2571 61.7401 17.9128 0.0940389 0.960342 388.298 0 0
1500 84.5336 45.9274 17.9202 0.380609 0.722681 389.264 0 0
1500 61.0063 22.8297 17.9345 0.045785 0.387878 390.516 0 0
1500 78.6109 -17.4629 18.311 0.446879 -0.289522 384.98 0 0
1500 57.031 -36.5765 17.8905 -0.0732199 -0.539576 390.325 0 0
1500 63.9232 56.4896 17.8591 0.051214 0.850901 390.736 0 0
1500 9.76458 -3.10782 17.9082 -0.78185 0.00836319 384.667 0 0
1500 53.0221 -46.4617 17.8531 -0.0266777 -0.774882 384.466 0 0
1500 58.3938 -40.6012 17.8924 -0.00177691 -0.70131 384.425 0 0
1500 67.0199 -21.272 17.9627 0.228197 -0.35702 384.019 0 0
1500 119.798 10.6352 17.9389 1.00684 0.132608 386.579 0 0
1500 103.777 3.38978 17.953 0.725541 0.0231708 390.486 0 0
1500 76.4526 -6.89273 17.9641 0.336043 -0.120232 391.398 0 0
1500 109.286 -33.0865 17.9398 0.85269 -0.521271 386.369 0 0
1500 108.019 -34.7303 17.9422 0.79973 -0.523616 389.209 0 0
1500 102.024 -30.2784 17.948 0.705866 -0.454683 389.979 0 0
1500 111.745 -6.27856 17.8891 0.834208 -0.0544767 389.78 0 0
1500 102.838 -32.5724 17.93 0.764755 -0.468559 385.528 0 0
1500 103.266 17.4109 17.9396 0.762524 0.315009 385.329 0 0
1500 112.727 35.9975 17.9284 0.868562 0.57323 388.217 0 0
1500 81.5033 -3.74429 18.1724 0.437204 -0.126324 385.085 0 0
1500 29.3617 59.0793 17.7919 -0.47686 0.920013 387.964 0 0
1500 27.8996 52.3332 17.797 -0.490107 0.807329 389.107 0 0
1500 72.5847 38.6527 17.8114 0.152182 0.596313 390.655 0 0
1500 61.006 -3.12279 17.822 -0.0127584 0.00652916 383.503 0 0
1500 24.385 48.2103 17.8774 -0.523154 0.848725 382.625 0 0
1500 80.7167 -30.2804 18.3206 0.388477 -0.529307 386.425 0 0
1500 34.4521 -0.818243 18.0972 -0.400801 0.0159658 384.973 0 0
1500 74.6872 -5.27589 18.2315 0.344664 -0.147281 385.894 0 0
1500 84.0832 -26.1738 18.223 0.483711 -0.462359 386.514 0 0
1500 37.1783 60.0659 17.8374 -0.377453 0.937493 387.066 0 0
1500 13.2809 26.2457 17.8477 -0.698367 0.407334 390.691 0 0
1500 111.66 -2.56246 18.1775 0.919935 -0.0527918 387.618 0 0
1500 53.4107 -8.30831 17.9826 -0.0845458 -0.0578997 384.896 0 0
1500 21.4656 15.4563 17.9711 -0.574753 0.308262 385.696 0 0
1500 96.4659 25.3211 17.9678 0.576205 0.458064 385.965 0 0
1500 109.992 -10.4285 17.9461 0.864751 -0.200197 386.804 0 0
1500 92.2949 -56.1126 17.9061 0.521573 -0.88999 389.496 0 0
1500 49.0039 16.5891 17.9795 -0.149463 0.340827 383.755 0 0
1500 20.2204 54.2646 17.8642 -0.60062 0.906476 386.043 0 0
1500 123.097 -11.5027 17.8773 1.03634 -0.133892 388.481 0 0
1500 83.7482 -37.2017 17.8479 0.455068 -0.623668 386.123 0 0
1500 108.916 -38.1281 17.8367 0.794993 -0.602055 389.994 0 0
1500 62.5824 -34.5684 17.8544 0.130446 -0.588029 385.583 0 0
1500 118.253 -11.6021 18.0185 0.99464 -0.183288 388.451 0 0
1500 100.553 -5.96347 18.0709 0.746062 -0.0551893 387.129 0 0
1500 35.9295 11.4574 17.8178 -0.303364 0.241504 387.861 0 0
1500 97.8141 4.06007 17.8218 0.583753 0.123486 392.26 0 0
1500 83.5669 29.1256 18.056 0.49641 0.449388 386.893 0 0
1500 79.6664 14.2191 18.0094 0.434184 0.206142 386.085 0 0
1500 54.5451 -47.3046 17.8812 -0.133446 -0.764789 384.495 0 0
1500 111.96 -34.8318 17.7948 0.820163 -0.598106 388.317 0 0
1500 43.5342 -63.7176 17.7942 -0.203563 -1.00521 390.129 0 0
1500 108.839 -3.4231 17.8057 0.791395 -0.128603 386.79 0 0
1500 88.3652 34.2078 17.9108 0.419254 0.584296 384.484 0 0
1500 44.56 -17.4987 17.8868 -0.268189 -0.22763 386.024 0 0
1500 53.1263 66.9525 17.8607 -0.127741 1.01865 390.566 0 0
1500 41.5184 40.2737 18.0405 -0.233587 0.690134 387.858 0 0
1500 39.5454 41.0351 17.8135 -0.335184 0.59114 392.999 0 0
1500 2.01617 15.4371 17.8005 -0.928445 0.244594 388.328 0 0
1500 96.7827 -41.6646 17.969 0.612091 -0.703183 388.759 0 0
1500 57.7965 -2.31403 17.9928 0.0249655 -0.113285 386.716 0 0
1500 84.054 -1.33698 17.9523 0.400075 -0.0961259 386.867 0 0
1500 84.7858 -29.9784 17.9343 0.495448 -0.490951 387.557 0 0
1500 68.5688 -20.9008 17.9426 0.248456 -0.354754 386.936 0 0
1500 72.9863 -37.34 17.9349 0.314257 -0.604622 387.506 0 0
1500 76.8866 -59.2005 17.8406 0.339864 -0.88221 392.164 0 0
1500 92.6229 -36.2973 17.8486 0.558936 -0.544422 393.132 0 0
1500 90.0673 23.2505 17.8535 0.568971 0.329086 387.4 0 0
1500 74.1095 34.0386 17.9886 0.342376 0.540632 387.978 0 0
1500 103.764 -17.3048 17.9279 0.783284 -0.286796 388.548 0 0
1500 42.3904 -26.6797 18.0224 -0.337853 -0.440114 382.959 0 0
1500 81.7281 -54.5013 17.8315 0.393717 -0.833689 392.899 0 0
1500 123.688 55.0701 17.9551 1.17104 0.955186 383.381 0 0
1500 110.245 17.5603 17.8157 0.829257 0.199026 388.722 0 0
1500 12.4728 -31.9397 17.8148 -0.668406 -0.558876 388.82 0 0
1500 232.845 -121.32 17.9407 2.9308 -2.10232 383.777 0 0
1500 53.9294 46.9598 17.9189 -0.0141916 0.843994 383.869 0 0
1500 83.7283 -50.3428 17.9273 0.460981 -0.808404 390.149 0 0
1500 101.218 -48.3486 17.9223 0.697056 -0.747845 392.839 0 0
1500 118.339 -21.0162 17.9217 0.967894 -0.358968 391.267 0 0
1500 76.2266 45.6457 17.9104 0.325071 0.686638 394.689 0 0
1500 90.4412 47.5879 17.8467 0.450027 0.785322 389.716 0 0
1500 33.5719 17.851 17.8629 -0.383465 0.306422 395.295 0 0
1500 67.8669 31.6947 17.8607 0.10837 0.554174 388.426 0 0
1500 102.181 33.8221 17.9411 0.65904 0.584651 390.061 0 0
1500 50.4122 35.1167 17.9537 -0.117016 0.557435 395.6 0 0
1500 67.8972 65.6626 17.9322 0.13469 1.03802 391.965 0 0
1500 53.7512 9.13132 17.9613 -0.0781199 0.21521 388.413 0 0
1500 45.2507 -41.1922 18.2845 -0.186115 -0.766206 384.372 0 0
1500 104.191 1.47242 17.9855 0.766611 0.0806135 390.5 0 0
1500 21.7674 -30.4074 17.9369 -0.555394 -0.47153 395.379 0 0
1500 116.683 32.7584 17.8225 0.87153 0.563332 391.529 0 0
1500 112.072 -36.7643 17.8398 0.838982 -0.593365 392.999 0 0
1500 49.6223 -16.3203 17.8664 -0.0787861 -0.315157 388.535 0 0
1500 95.2461 -3.64477 18.0813 0.687663 -0.0899359 388.056 0 0
1500 73.3624 -13.0442 18.2009 0.331922 -0.265829 389.139 0 0
1500 57.6548 25.7323 18.0945 -0.0307674 0.396373 397.365 0 0
1500 41.8922 -43.3904 17.8504 -0.266455 -0.652079 397.694 0 0
1500 55.8776 11.5875 18.3261 0.0192494 0.210772 403.676 0 0
1500 83.5686 -41.9672 18.3279 0.535361 -0.807221 382.016 0 0
1500 60.6755 -20.7262 17.9859 0.0948041 -0.344325 397.348 0 0
1500 123.219 53.2995 17.8408 1.08141 0.833635 390.332 0 0
1500 1.18435 2.76997 17.8845 -0.926504 0.0638938 391.476 0 0
1500 18.9309 29.7215 17.9059 -0.705126 0.441525 386.989 0 0
1500 111.037 52.8456 17.8451 0.849655 0.845675 392.58 0 0
1500 81.7544 12.5848 17.934 0.328843 0.253167 390.408 0 0
1500 37.8397 -64.0373 17.9051 -0.352405 -0.983629 393.824 0 0
1500 18.9731 -41.7392 17.9141 -0.608752 -0.629951 396.363 0 0
1500 88.4838 22.3975 18.2199 0.507725 0.415027 392.469 0 0
1500 52.8545 -25.228 18.0072 -0.115455 -0.379064 398.635 0 0
1500 124.323 6.62881 17.8499 1.03414 0.155889 394.137 0 0
1500 55.5544 -29.655 18.2195 0.0308384 -0.525919 392.652 0 0
1500 107.027 40.6409 17.8355 0.778351 0.622147 396.157 0 0
1500 94.176 23.3918 17.8343 0.594005 0.376285 395.933 0 0
1500 101.738 -49.2355 17.8362 0.706783 -0.774141 395.112 0 0
1500 40.4286 10.4605 18.2644 -0.252579 0.224271 393.015 0 0
1500 49.7872 -28.059 17.8644 -0.0887635 -0.505234 392.095 0 0
1500 110.424 6.00525 17.852 0.840999 0.0243892 393.143 0 0
1500 66.7626 -65.676 17.841 0.166392 -1.03473 395.561 0 0
1500 78.6592 -4.78808 17.8684 0.32402 -0.128676 399.325 0 0
1500 21.7366 -53.9722 17.8431 -0.506667 -0.876349 394.448 0 0
1500 58.4074 -8.08101 17.8709 0.0406742 -0.174299 399.502 0 0
1500 27.0279 54.4983 17.9325 -0.44749 0.940447 390.714 0 0
1500 76.4982 36.1888 18.3507 0.340585 0.617863 394.842 0 0
1500 129.635 21.3077 18.1873 1.25745 0.410161 389.641 0 0
1500 77.0302 -39.8119 17.9467 0.272448 -0.679301 393.571 0 0
1500 92.3296 50.5237 18.0537 0.59012 0.806619 395.643 0 0
1500 106.911 5.75497 18.1099 0.936023 0.0717478 386.484 0 0
1500 -4.10544 -10.2464 17.9785 -1.07838 -0.0912668 387.319 0 0
1500 -35.738 -47.0273 17.8162 -1.51729 -0.739887 394.183 0 0
1500 138.723 -38.7102 17.8607 1.35298 -0.594302 392.37 0 0
1500 90.1542 60.5095 17.8502 0.59136 0.97942 391.49 0 0
1500 58.3572 143.056 17.8611 -0.0269642 2.27135 394.189 0 0
1500 106.746 33.1965 17.9943 0.787432 0.564142 396.043 0 0
1500 76.8888 42.4633 17.9244 0.293725 0.668319 400.477 0 0
1500 84.304 23.7621 17.9304 0.39552 0.401279 401 0 0
1500 86.601 -6.80885 18.0016 0.449601 -0.181262 394.409 0 0
1500 13.4158 23.1434 18.0526 -0.704057 0.401013 395.941 0 0
1500 71.758 28.8098 18.0631 0.183321 0.493516 395.065 0 0
1500 114.18 21.5041 17.8899 0.859945 0.400679 396.491 0 0
1500 96.9582 53.8245 17.8843 0.585766 0.86886 398.05 0 0
1500 35.2355 29.1207 17.904 -0.341037 0.527302 395.053 0 0
1500 94.6438 -4.38424 18.2272 0.643882 5.18048e-05 396.381 0 0
1500 110.936 37.1889 17.9927 0.868936 0.57892 398.361 0 0
1500 55.775 30.689 18.3888 -0.0429122 0.613876 387.631 0 0
1500 169.085 89.2007 17.9061 1.83127 1.48913 393.173 0 0
1500 88.0097 -31.9374 18.0288 0.541735 -0.535313 396.389 0 0
1500 72.9792 2.62362 18.0421 0.317579 -0.00882803 395.383 0 0
1500 70.3767 -47.9206 18.0261 0.271997 -0.77584 396.644 0 0
1500 73.0537 -7.78846 18.042 0.285316 -0.152134 402.951 0 0
1500 39.0253 -132.018 17.8009 -0.224952 -2.01335 397.841 0 0
1500 96.7332 18.6399 17.8077 0.66292 0.323879 395.564 0 0
1500 96.0011 -7.87571 18.0103 0.608335 -0.152276 402.398 0 0
1500 60.7413 64.2896 17.8384 0.0227883 1.00524 399.711 0 0
1500 118.254 -4.12548 17.8136 0.983562 -0.0527802 397.15 0 0
1500 103.147 -46.3697 17.8137 0.725267 -0.663594 399.892 0 0
1500 117.374 -26.1316 17.8794 0.918185 -0.434667 399.77 0 0
1500 69.7887 -20.9193 17.9025 0.242021 -0.383862 395.294 0 0
1500 24.5578 11.9292 17.8425 -0.595025 0.169274 395.468 0 0
1500 35.781 -28.3525 18.3346 -0.375241 -0.549606 390.394 0 0
1500 136.351 11.4744 17.8108 1.26109 0.161789 397.345 0 0
1500 77.8337 -65.1671 17.8109 0.372921 -1.01328 397.104 0 0
1500 113.8 6.44546 17.8356 0.897639 0.171942 395.766 0 0
1500 13.114 -48.5293 17.8574 -0.75446 -0.801695 396.048 0 0
1500 84.8955 26.1907 17.9095 0.418882 0.430158 402.914 0 0
1500 44.1915 21.5568 17.9153 -0.152125 0.36276 403.362 0 0
1500 67.0176 62.0082 17.8931 0.172135 0.958341 401.066 0 0
1500 6.35849 4.86297 17.8499 -0.817525 0.145774 397.147 0 0
1500 104.017 45.7758 17.8027 0.655832 0.75211 398.973 0 0
1500 22.1433 27.2428 17.8143 -0.582796 0.490044 396.999 0 0
1500 73.363 47.3228 17.8117 0.203661 0.795301 397.278 0 0
1500 52.0112 62.8439 17.8024 -0.118618 0.994847 399.775 0 0
1500 78.2739 24.6 17.824 0.256858 0.412246 402.866 0 0
1500 -0.855034 6.77212 17.806 -0.92109 0.172526 398.075 0 0
1500 15.6929 -47.8618 17.877 -0.652978 -0.748341 401.351 0 0
1500 43.2802 6.95856 17.9025 -0.273305 0.0490758 396.343 0 0
1500 99.9397 -38.8567 18.0187 0.694095 -0.647039 398.968 0 0
1500 77.136 -63.1088 17.9113 0.329173 -0.995001 400.2 0 0
1500 52.1623 -10.8028 18.3151 -0.133331 -0.239709 390.249 0 0
1500 5.93897 -40.2052 17.8055 -0.810279 -0.663039 399.939 0 0
1500 61.0295 -27.5204 17.8306 0.00768151 -0.448701 403.824 0 0
1500 125.784 -10.59 18.2642 1.17917 -0.221605 396.107 0 0
1500 120.509 0.219545 18.1329 1.03221 0.00697675 400.955 0 0
1500 43.6207 33.4274 17.824 -0.174084 0.533159 404.095 0 0
1500 125.893 21.586 17.8838 1.17426 0.35886 395.3 0 0
1500 76.203 -16.3771 17.9701 0.331889 -0.257138 405.111 0 0
1500 48.9077 -7.83172 18.3068 -0.198103 -0.105066 391.773 0 0
1500 51.2798 66.2198 17.7979 -0.155185 1.02255 401.626 0 0
1500 108.299 -9.70498 17.8856 0.792091 -0.140002 403.886 0 0
1500 116.923 -29.2511 17.8731 0.952406 -0.435026 401.097 0 0
1500 50.1873 1.64094 17.8934 -0.177716 0.0821244 396.406 0 0
1500 34.0901 40.4459 17.9521 -0.328631 0.692221 398.905 0 0
1500 71.75 39.5186 17.9539 0.248193 0.679664 398.748 0 0
1500 63.0614 82.3262 17.9066 0.0645884 1.34218 399.4 0 0
1500 74.5214 -0.988004 17.8876 0.275886 0.0616371 398.647 0 0
1500 72.3545 56.9452 17.8664 0.222284 0.888024 404.331 0 0
1500 73.4719 64.0952 17.8591 0.245193 1.0192 402.378 0 0
1500 -130.893 -4.15603 17.9416 -3.1634 -0.140068 395.204 0 0
1500 51.0621 37.4012 17.8253 -0.136314 0.588696 405.892 0 0
1500 106.745 -37.5452 18.0099 0.788789 -0.598961 403.658 0 0
1500 94.8841 16.4402 17.864 0.624028 0.195629 399.997 0 0
1500 98.7698 31.1639 17.9617 0.728984 0.463859 399.076 0 0
1500 89.4207 -57.6501 17.8433 0.527899 -0.901686 402.872 0 0
1500 69.4645 32.4586 17.9248 0.237727 0.560727 400.55 0 0
1500 106.331 13.4066 17.8509 0.720453 0.242769 407.463 0 0
1500 24.5058 48.621 17.8052 -0.484379 0.818581 401.317 0 0
1500 76.6696 3.04427 18.0408 0.379529 0.00487617 401.336 0 0
1500 85.447 -13.4171 18.0375 0.463903 -0.224707 408.489 0 0
1500 70.2655 -33.9324 18.0339 0.278418 -0.562336 401.831 0 0
1500 106.603 28.2687 17.8677 0.769892 0.416036 406.607 0 0
1500 68.407 -12.6643 18.026 0.203513 -0.271303 401.859 0 0
1500 47.6816 -24.6472 18.023 -0.117019 -0.45544 402.057 0 0
1500 94.2786 43.5873 17.9254 0.58452 0.667243 407.378 0 0
1500 89.8245 33.4869 17.8286 0.520371 0.47097 408.518 0 0
1500 115.185 2.3883 17.8174 0.943006 0.0323497 403.792 0 0
1500 95.3094 37.6387 17.8215 0.646052 0.572281 403.283 0 0
1500 69.6679 -28.8523 17.9835 0.243392 -0.4395 409.134 0 0
1500 97.6909 43.0119 18.0665 0.737236 0.7929 397.083 0 0
1500 114.31 -0.534208 17.8485 0.933333 -0.00925998 404.091 0 0
1500 47.1365 -19.8722 17.8903 -0.215127 -0.285683 410.585 0 0
1500 103.562 -37.756 18.1294 0.824137 -0.743941 395.736 0 0
1500 71.2504 4.47909 17.9837 0.160928 0.114957 402.798 0 0
1500 48.5213 6.77874 17.9831 -0.192533 0.150645 402.834 0 0
1500 91.467 11.0512 18.037 0.614796 0.183181 404.055 0 0
1500 104.583 -49.1298 17.8074 0.790805 -0.743691 403.711 0 0
1500 68.3151 70.9558 17.8523 0.232098 1.13502 403.317 0 0
1500 85.7162 -57.9318 17.8399 0.494121 -0.86964 405.459 0 0
1500 102.537 22.2046 17.8043 0.716891 0.334201 407.823 0 0
1500 88.8195 20.4136 17.812 0.508958 0.303153 408.956 0 0
1500 66.0482 -48.8837 17.8256 0.126546 -0.826429 404.585 0 0
1500 83.6386 -61.0416 17.8144 0.381776 -0.97562 407.078 0 0
1500 81.6735 -48.6281 17.8227 0.364425 -0.818453 404.908 0 0
1500 100.289 -29.1482 17.8256 0.651786 -0.523695 404.586 0 0
1500 26.6618 -43.1969 18.0101 -0.589233 -0.718041 400.631 0 0
1500 101.051 -1.80355 17.9199 0.679777 -0.0344097 411.646 0 0
1500 76.0767 -10.2795 17.9244 0.350212 -0.108807 404.453 0 0
1500 97.5789 25.7065 17.9419 0.610715 0.421684 411.393 0 0
1500 53.8061 79.3008 18.2746 -0.11939 1.45913 397.3 0 0
1500 -100.029 10.5987 17.8777 -2.57968 0.115158 403.432 0 0
1500 80.0184 -41.1757 17.9066 0.382735 -0.635179 410.468 0 0
1500 35.2669 43.2063 17.9361 -0.312644 0.733753 406.524 0 0
1500 89.1117 -41.3537 17.9523 0.482277 -0.763751 401.134 0 0
1500 73.5096 46.7124 17.8912 0.23673 0.724849 412.331 0 0
1500 122.162 -5.49204 17.8021 1.02138 -0.0390854 407.79 0 0
1500 93.2884 6.35257 18.0455 0.644516 0.0943125 406.496 0 0
1500 -2.67189 29.9771 17.8585 -0.952961 0.413193 410.002 0 0
1500 11.9953 -47.6826 17.8581 -0.746604 -0.733064 409.221 0 0
1500 45.9939 -65.569 17.8588 -0.244198 -1.00437 408.804 0 0
1500 36.8148 44.9293 17.821 -0.289939 0.709078 413.007 0 0
1500 96.9878 30.6636 17.9531 0.661138 0.589672 403.972 0 0
1500 101.184 28.3001 17.8117 0.706481 0.373258 408.586 0 0
1500 71.6943 37.6799 18.3083 0.24883 0.760995 399.737 0 0
1500 23.4074 -10.9012 17.8692 -0.545376 -0.24557 408.562 0 0
1500 86.8168 34.7145 17.8198 0.427241 0.560024 414.953 0 0
1500 40.2827 1.92435 18.0929 -0.279651 0.0960855 409.321 0 0
1500 -13.2497 45.7052 17.8357 -1.1523 0.732163 410.191 0 0
1500 77.5057 33.6053 17.9698 0.347412 0.509856 416.03 0 0
1500 10.0681 41.1498 17.9121 -0.782526 0.615161 411.462 0 0
1500 20.7765 18.7162 17.9261 -0.637813 0.285799 409.8 0 0
1500 119.701 50.8636 18.198 1.08954 0.87654 407.299 0 0
1500 43.5035 59.5424 17.8965 -0.21062 0.927477 414.717 0 0
1500 12.3436 51.8515 17.8494 -0.788347 0.889331 407.695 0 0
1500 109.407 -5.78823 17.8154 0.752428 -0.14954 416.258 0 0
1500 30.6177 -13.6132 17.825 -0.404546 -0.286055 410.083 0 0
1500 97.3931 -27.0526 17.9022 0.711408 -0.410647 408.358 0 0
1500 9.70751 -9.83266 17.891 -0.795569 -0.192155 411.482 0 0
1500 -6.65712 -14.1654 17.8802 -0.9964 -0.246204 414.733 0 0
1500 23.7304 14.0572 17.8329 -0.593167 0.266354 410.754 0 0
1500 48.4589 41.2542 17.861 -0.209187 0.680117 411.182 0 0
1500 38.9141 -3.64835 17.8585 -0.299269 0.0104808 418.354 0 0
1500 146.983 20.2403 17.8858 1.40371 0.347374 413.959 0 0
1500 11.853 -64.0848 17.9206 -0.774077 -1.12354 408.879 0 0
1500 102.034 -46.3664 17.8797 0.682485 -0.797096 412.079 0 0
1500 112.704 29.6031 17.811 0.887181 0.403877 414.513 0 0
1500 66.7788 -24.1927 17.8327 0.178121 -0.380467 419.699 0 0
1500 72.941 5.60035 17.8352 0.29546 0.0420264 412.257 0 0
1500 81.2951 -3.23494 18.0842 0.414411 0.023558 413.769 0 0
1500 2.04244 36.9262 17.8066 -0.837694 0.615063 417.476 0 0
1500 17.266 32.0095 17.8192 -0.5954 0.526404 419.595 0 0
1500 75.5185 -26.0888 17.898 0.244329 -0.474271 414.048 0 0
1500 59.7748 10.5043 17.8945 -0.00771954 0.23059 414.811 0 0
1500 75.8557 67.0538 17.8374 0.334349 1.07228 417.464 0 0
1500 53.2974 -33.1384 18.0446 -0.111578 -0.646589 410.644 0 0
1500 37.6367 -23.8207 18.0451 -0.316353 -0.369811 425.288 0 0
1500 21.893 -32.8758 18.0341 -0.585149 -0.541945 419.146 0 0
1500 19.1395 -132.129 17.86 -0.604533 -2.11948 418.075 0 0
1500 44.4571 -18.8963 18.0874 -0.201997 -0.363462 418.551 0 0
1500 38.3352 -17.7821 17.8412 -0.276524 -0.31959 425.165 0 0
1500 80.2569 -21.5024 17.8381 0.345806 -0.412644 418.106 0 0
1500 11.251 -39.8646 17.8193 -0.707391 -0.678189 420.033 0 0
1500 103.346 -11.7703 17.9482 0.724771 -0.17313 424.799 0 0
1500 81.186 -15.8641 17.9694 0.449772 -0.22399 418.698 0 0
1500 119.918 -22.7945 17.8636 0.984259 -0.329235 422.71 0 0
1500 23.1642 -61.789 17.9743 -0.57187 -1.03008 418.502 0 0
1500 21.9432 -15.078 17.8541 -0.559075 -0.179793 428.155 0 0
1500 49.4452 -5.19896 17.898 -0.182115 -0.137088 423.076 0 0
1500 86.1491 11.5068 17.9578 0.423384 0.226869 431.37 0 0
1500 65.8674 -24.5446 17.9174 0.13141 -0.458782 424.22 0 0
1500 58.3904 -2.92993 17.9233 0.0153945 -0.12388 423.835 0 0
1500 102.809 -2.37235 17.8112 0.69746 -0.00661059 430.35 0 0
1500 112.671 -31.3632 17.7993 0.853906 -0.426085 428.982 0 0
1500 109.544 -3.76347 17.9143 0.829947 -0.121927 429.258 0 0
1500 93.4175 -3.8865 17.9236 0.594831 -0.125668 428.269 0 0
1500 58.9543 -18.9456 17.8505 2.45253e-05 -0.372899 427.786 0 0
1500 97.9486 18.5905 17.8124 0.6489 0.355945 429.294 0 0
1500 75.3635 23.6691 17.8213 0.273035 0.395425 435.676 0 0
1500 104.116 -4.02009 17.8122 0.744025 0.00660416 429.309 0 0
1500 63.9267 57.983 17.8048 0.11476 0.898116 434.084 0 0
1500 98.0991 -64.0756 17.8637 0.722309 -1.02869 429.603 0 0
1500 24.4518 -33.145 17.9931 -0.563 -0.624853 430.021 0 0
1500 102.352 -31.9274 17.8128 0.704661 -0.429898 439.434 0 0
1500 25.9336 -3.35983 17.8829 -0.515408 -0.0414399 446.054 0 0
1500 5.29288 -10.3453 17.8711 -0.817343 -0.141593 444.982 0 0
1500 36.6927 -2.28348 17.8866 -0.362984 -0.0262316 446.338 0 0
1500 111.861 39.6515 17.8091 0.804969 0.664656 448.956 0 0
