Total number of secondary electrons: 1588
1500 98.1798 -3.24323 18.0515 1.05812 -0.0325364 252.272 0 0
1500 128.728 -24.6687 16.7649 1.61636 -0.557793 267.262 0 0
1500 338.802 50.2149 15.0356 5.01956 0.816594 276.773 0 0
1500 80.5107 -8.12827 16.0254 0.542093 -0.153929 276.891 0 0
1500 94.693 -15.5626 16.133 0.718279 -0.246708 285.733 0 0
1500 140.695 21.7244 15.9642 1.58536 0.333669 285.8 0 0
1500 97.9418 0.89251 15.8072 0.74321 -0.0227486 286.072 0 0
1500 107.036 -0.252488 16.7278 0.956891 0.043431 293.379 0 0
1500 88.9653 -5.51554 16.7704 0.674229 -0.041574 294.812 0 0
1500 83.7401 -12.7876 15.9555 0.523385 -0.16213 295.537 0 0
1500 87.119 1.98336 16.8658 0.676532 0.0619275 297.918 0 0
1500 35.9249 -19.4129 14.4743 -0.293637 -0.217957 299.478 0 0
1500 125.673 -2.68337 16.1554 1.19985 -0.0188999 300.069 0 0
1500 15.4949 -4.10318 14.4718 -0.564378 -0.110571 300.61 0 0
1500 80.2832 10.0454 16.1281 0.484439 0.143051 300.885 0 0
1500 82.0026 4.11959 15.889 0.480886 0.0744442 304.637 0 0
1500 76.3239 3.09247 15.8849 0.423279 0.0640472 304.815 0 0
1500 111.678 -28.0087 15.6756 1.00826 -0.502676 305.557 0 0
1500 123.178 -3.09622 16.5938 1.40165 -0.0788532 305.806 0 0
1500 88.1015 -11.6135 15.8583 0.607883 -0.231643 306.6 0 0
1500 55.2699 -80.6466 14.2312 -0.0480473 -1.00394 308.621 0 0
1500 120.426 1.00531 15.7779 1.08988 -0.00182354 309.683 0 0
1500 93.2296 10.5106 15.7491 0.614254 0.150369 309.815 0 0
1500 57.9174 18.4847 14.8438 0.0274478 0.224073 310.772 0 0
1500 85.0555 0.0236124 15.0123 0.46037 -0.0248294 311.005 0 0
1500 82.7376 11.1868 16.2101 0.54346 0.160307 311.098 0 0
1500 76.9792 -11.5055 16.0067 0.422114 -0.172599 311.28 0 0
1500 102.948 2.35174 15.0132 0.655592 0.00126705 311.741 0 0
1500 105.239 12.3046 16.4417 0.946569 0.192633 312.683 0 0
1500 90.4587 6.15297 15.7328 0.53927 0.118525 315.333 0 0
1500 23.4513 71.3976 14.4001 -0.370833 0.883296 315.719 0 0
1500 113.649 -7.29627 15.5473 0.995432 -0.159618 316.034 0 0
1500 92.187 -7.33838 15.8698 0.601535 -0.0994529 316.281 0 0
1500 78.7855 -11.7485 16.2963 0.459257 -0.198833 317.093 0 0
1500 98.5617 76.6208 14.5457 0.496553 0.921082 317.889 0 0
1500 65.3642 -11.8131 15.4967 0.156914 -0.169932 318.448 0 0
1500 91.7749 -33.1279 14.7235 0.475032 -0.387309 320.312 0 0
1500 98.08 -19.398 15.0861 0.544953 -0.288831 320.661 0 0
1500 121.813 -1.95554 14.7599 0.830411 -0.00602116 321.489 0 0
1500 79.2614 21.3877 15.8676 0.389379 0.299265 322.208 0 0
1500 108.81 -13.6418 16.3765 0.91042 -0.197423 322.257 0 0
1500 95.5004 -2.84777 15.2963 0.571272 -0.0471695 322.419 0 0
1500 94.9666 -65.6465 15.3376 0.580658 -0.978662 322.679 0 0
1500 110.197 -25.5192 15.8672 0.881308 -0.40574 322.84 0 0
1500 82.0905 -6.9209 16.7626 0.527448 -0.135536 323.007 0 0
1500 92.3928 -22.7622 16.5835 0.729059 -0.463783 323.369 0 0
1500 95.2496 33.2132 16.236 0.722765 0.539847 323.536 0 0
1500 97.4466 -4.84048 16.4365 0.760145 -0.054061 323.667 0 0
1500 84.8219 -6.95618 16.9421 0.59376 -0.0778383 323.985 0 0
1500 106.435 -42.5548 14.9326 0.646704 -0.519033 324.365 0 0
1500 101.667 -4.66616 15.9064 0.670715 -0.0913155 324.595 0 0
1500 91.9294 7.76896 16.0401 0.575383 0.123437 324.674 0 0
1500 83.7304 10.7764 16.1248 0.496519 0.118354 326.117 0 0
1500 125.934 51.3377 15.0436 0.830829 0.600817 326.407 0 0
1500 125.015 1.60887 17.169 1.38885 0.0210769 326.817 0 0
1500 72.611 -6.50514 15.9124 0.232208 -0.180343 326.921 0 0
1500 62.0584 54.4735 15.2178 0.0916039 0.720977 327.992 0 0
1500 87.9337 -17.2781 15.2364 0.379257 -0.171426 330.834 0 0
1500 143.221 22.553 15.3103 1.14983 0.257707 331.706 0 0
1500 60.0702 52.0132 15.3764 0.0946949 0.739987 332.156 0 0
1500 76.6068 1.25115 16.3458 0.308157 -0.0595493 332.245 0 0
1500 62.9165 37.0357 15.5938 0.0653095 0.511216 332.71 0 0
1500 92.3385 2.52513 15.9274 0.517221 0.0810689 332.742 0 0
1500 78.6721 -6.41918 16.0459 0.409551 -0.0552881 333.02 0 0
1500 121.021 -6.70625 16.2674 1.12373 -0.122122 333.013 0 0
1500 86.6534 -11.0544 16.3177 0.470026 -0.190304 333.56 0 0
1500 94.8746 -50.459 15.9454 0.556669 -0.778829 333.926 0 0
1500 103.394 19.954 15.5903 0.629946 0.246447 334.475 0 0
1500 104.173 2.47961 16.1103 0.712634 0.050991 334.456 0 0
1500 76.829 0.677375 17.4492 0.460679 0.0130781 334.779 0 0
1500 85.0909 28.4574 16.128 0.475517 0.404193 334.889 0 0
1500 0.715767 55.206 15.3266 -0.769598 0.706241 335.404 0 0
1500 105.414 -30.3558 15.6777 0.68967 -0.407221 335.486 0 0
1500 62.738 -12.6077 15.8213 0.124495 -0.222153 335.719 0 0
1500 78.9904 -15.703 16.4492 0.43858 -0.230283 336.05 0 0
1500 90.4657 3.53371 16.4786 0.587244 0.00753265 336.152 0 0
1500 92.3011 -16.023 16.3371 0.553455 -0.246789 336.539 0 0
1500 118.867 25.9337 16.035 1.03818 0.447643 336.57 0 0
1500 30.2399 -65.4387 15.2826 -0.314653 -0.864339 336.679 0 0
1500 110.401 -11.8146 15.9806 0.8079 -0.223467 336.943 0 0
1500 72.7396 5.94478 15.7303 0.207109 0.125596 337.326 0 0
1500 82.0693 41.3596 15.2611 0.332392 0.485367 337.459 0 0
1500 97.2854 2.64368 16.936 0.70187 0.0559267 337.647 0 0
1500 114.364 62.4873 15.2507 0.764356 0.757156 337.791 0 0
1500 60.9157 -37.4284 15.4808 0.0877928 -0.540268 337.972 0 0
1500 81.2365 -0.0538315 15.7622 0.360959 0.0625607 338.285 0 0
1500 141.79 -5.00034 15.7246 1.26758 -0.0412387 338.404 0 0
1500 43.0909 -16.4952 15.6566 -0.198568 -0.233231 338.476 0 0
1500 119.711 -1.71573 15.8678 0.957258 -0.049742 338.544 0 0
1500 92.335 -33.3715 16.0951 0.635672 -0.616232 338.618 0 0
1500 52.7074 -15.7384 16.2105 -0.0297433 -0.291559 339.017 0 0
1500 93.9861 -5.31113 17.1861 0.694328 -0.0648501 339.124 0 0
1500 114.997 -39.9391 15.2316 0.706565 -0.528603 339.788 0 0
1500 100.831 -27.8972 15.7765 0.726875 -0.467538 339.862 0 0
1500 88.1148 63.8476 15.2499 0.39474 0.869004 340.665 0 0
1500 48.2961 -30.3425 15.4448 -0.142109 -0.413704 340.801 0 0
1500 77.4674 -28.2531 15.4428 0.218517 -0.3876 340.856 0 0
1500 81.62 30.4986 15.4861 0.380644 0.432372 341.039 0 0
1500 42.7899 -23.8351 15.7366 -0.231353 -0.42282 342.008 0 0
1500 85.2837 32.3696 15.4264 0.376164 0.505935 342.731 0 0
1500 45.118 -8.65154 15.3276 -0.121084 -0.1501 343.048 0 0
1500 39.2346 -14.3173 15.7787 -0.275526 -0.250794 344.107 0 0
1500 32.5601 19.3445 15.8249 -0.339566 0.300278 344.162 0 0
1500 64.0724 -40.2847 15.6948 0.133888 -0.571682 344.49 0 0
1500 94.1787 0.350165 16.1314 0.572194 -0.0535708 344.553 0 0
1500 102.679 13.6662 16.6014 0.76817 0.243534 344.718 0 0
1500 70.8591 17.2107 16.3341 0.263956 0.269595 345.127 0 0
1500 12.5051 -46.8687 15.4586 -0.672064 -0.633653 345.129 0 0
1500 137.545 43.9518 15.4757 1.05175 0.601795 345.287 0 0
1500 94.0853 18.1151 16.3179 0.615835 0.251019 345.378 0 0
1500 86.785 1.62339 16.3588 0.533894 0.10007 345.627 0 0
1500 116.581 22.0514 15.9808 0.953968 0.294141 345.97 0 0
1500 79.0701 -17.3487 15.5134 0.325237 -0.270869 346.535 0 0
1500 214.157 -113.007 16.0909 2.56443 -1.94697 346.641 0 0
1500 92.5678 -24.5851 16.3055 0.554439 -0.357477 346.684 0 0
1500 68.4689 1.17757 15.5216 0.133874 0.0807633 346.82 0 0
1500 3.56196 21.7823 15.5602 -0.715512 0.333244 346.954 0 0
1500 94.9382 19.9251 16.4488 0.609531 0.289404 347.174 0 0
1500 80.803 14.9926 15.7459 0.301349 0.221635 347.536 0 0
1500 92.9694 -6.09964 17.0883 0.653082 -0.101611 348.494 0 0
1500 48.5617 -18.7174 16.1266 -0.146922 -0.280753 349.617 0 0
1500 37.6328 -7.03387 15.7643 -0.26887 -0.158147 349.7 0 0
1500 88.2939 -21.3464 16.558 0.464097 -0.321441 349.704 0 0
1500 59.3482 15.333 15.847 -0.0266241 0.226985 349.833 0 0
1500 86.7028 17.8408 16.6936 0.514848 0.285293 350.198 0 0
1500 12.5221 -15.4601 15.732 -0.640994 -0.153225 350.31 0 0
1500 16.4787 3.16974 15.8892 -0.583069 0.0668342 350.579 0 0
1500 101.679 -6.6252 16.7439 0.724396 -0.0498229 350.938 0 0
1500 103.362 31.5761 15.7798 0.652041 0.413003 350.901 0 0
1500 69.9561 -38.8215 15.9417 0.115135 -0.53068 350.921 0 0
1500 70.5382 -21.5171 16.0183 0.128788 -0.295189 350.957 0 0
1500 1.72053 -19.7211 15.7722 -0.775249 -0.207072 350.996 0 0
1500 23.4324 48.1863 15.7832 -0.492756 0.671183 351.181 0 0
1500 97.6176 -27.8264 16.0268 0.600812 -0.355931 351.205 0 0
1500 67.4876 -23.8694 16.4269 0.224835 -0.357745 351.503 0 0
1500 68.0931 34.5676 16.1081 0.103862 0.469047 351.712 0 0
1500 53.6052 -74.6722 15.9122 -0.067211 -0.99499 352.055 0 0
1500 102.14 -12.4203 16.3857 0.666148 -0.200218 352.606 0 0
1500 13.1595 63.1977 15.9052 -0.569336 0.838587 352.648 0 0
1500 34.3101 51.3639 15.9421 -0.277178 0.729673 352.929 0 0
1500 115.746 -14.025 16.0611 0.824205 -0.173788 352.999 0 0
1500 95.8059 45.2616 15.9592 0.525527 0.647197 353.237 0 0
1500 87.6498 -69.8925 15.977 0.372262 -0.941603 353.272 0 0
1500 133.291 13.3872 15.9258 1.00914 0.171675 353.288 0 0
1500 65.6287 -25.7254 16.4822 0.151995 -0.392356 353.473 0 0
1500 23.994 5.37803 16.5888 -0.548675 0.0269128 353.581 0 0
1500 72.7837 3.17875 17.281 0.334436 0.0819518 353.715 0 0
1500 122.345 -0.993658 16.7604 1.11621 -0.0463607 353.89 0 0
1500 61.5801 52.2284 16.4362 0.0815705 0.809565 353.98 0 0
1500 120.653 4.42748 17.5761 1.22457 0.0864033 354.013 0 0
1500 61.9341 7.71424 16.7253 0.133001 0.165147 354.237 0 0
1500 127.536 -6.15808 16.1244 0.962543 -0.0910087 354.376 0 0
1500 81.4759 -3.06227 16.9863 0.467324 -0.000916371 354.426 0 0
1500 -19.9309 -26.1688 15.9885 -1.01047 -0.278143 354.457 0 0
1500 80.8385 12.2068 17.0824 0.413162 0.169815 354.497 0 0
1500 80.2027 -18.8098 16.4506 0.33728 -0.251204 354.643 0 0
1500 127.729 24.812 16.0448 0.92362 0.373353 354.735 0 0
1500 123.492 -47.3006 16.0222 0.869463 -0.581201 354.782 0 0
1500 118.469 24.6779 16.0334 0.834099 0.289687 354.833 0 0
1500 56.8732 -66.8227 16.0359 0.0425882 -0.885565 354.876 0 0
1500 124.018 14.3733 16.0582 0.900467 0.15642 355.258 0 0
1500 97.0962 -34.6131 16.3874 0.596797 -0.484469 355.472 0 0
1500 108.352 62.5742 16.0743 0.675881 0.768699 355.566 0 0
1500 33.6346 -77.2148 16.0688 -0.372674 -0.97541 355.624 0 0
1500 93.3266 18.6241 16.452 0.544756 0.293681 355.636 0 0
1500 73.8223 18.0528 17.412 0.321185 0.262843 355.839 0 0
1500 -4.47119 -48.9126 16.0948 -0.848822 -0.615105 356.048 0 0
1500 93.15 23.7674 17.848 0.806301 0.506963 356.019 0 0
1500 69.0761 12.4286 16.3043 0.115673 0.205986 356.084 0 0
1500 39.0127 77.6046 16.139 -0.206514 1.02772 356.303 0 0
1500 84.4737 8.23172 16.2773 0.38016 0.175833 356.27 0 0
1500 51.6819 -72.2563 16.2443 -0.0709718 -0.987788 356.564 0 0
1500 66.5218 62.4739 16.1679 0.0568507 0.891344 356.601 0 0
1500 148.908 5.57471 16.6485 1.50026 0.0832647 356.574 0 0
1500 87.4882 -1.89626 16.4697 0.493328 -0.0289125 356.673 0 0
1500 81.5982 -2.0125 17.1004 0.414079 0.0034066 356.852 0 0
1500 80.2408 74.6463 16.212 0.305762 0.976339 357.471 0 0
1500 101.45 -17.8009 17.3991 0.888023 -0.33484 357.479 0 0
1500 102.656 28.4023 16.4008 0.654022 0.4187 357.58 0 0
1500 37.3029 15.9158 16.3211 -0.324047 0.291103 357.853 0 0
1500 82.9908 53.5632 16.4194 0.394771 0.744267 357.955 0 0
1500 39.1796 22.2639 16.5642 -0.272734 0.299297 358.011 0 0
1500 92.3934 66.3283 16.2614 0.451585 0.865346 358.242 0 0
1500 81.4857 -2.89885 18.0491 0.504435 -0.043003 358.325 0 0
1500 62.6498 19.4501 16.6501 0.13096 0.261983 358.591 0 0
1500 96.9902 -28.6729 16.297 0.516621 -0.334602 358.77 0 0
1500 121.031 38.2214 16.2795 0.80716 0.552127 358.772 0 0
1500 26.2993 -35.6259 16.403 -0.416646 -0.556537 358.913 0 0
1500 78.4489 44.1321 16.4156 0.228004 0.618506 359.062 0 0
1500 116.604 40.1439 16.4879 0.81823 0.55982 359.289 0 0
1500 90.7128 -3.38525 17.4868 0.600049 0.00309824 359.355 0 0
1500 96.8236 -7.25547 16.3919 0.509044 -0.0545859 359.544 0 0
1500 110.758 35.0793 16.3527 0.665022 0.474908 359.629 0 0
1500 92.5345 -16.878 16.5588 0.534729 -0.264782 359.773 0 0
1500 122.636 33.2982 16.3276 0.895119 0.454435 359.795 0 0
1500 111.988 -36.2787 16.6247 0.831546 -0.538057 359.801 0 0
1500 96.1997 -11.7249 16.5615 0.582663 -0.196598 359.832 0 0
1500 44.035 -11.1605 16.4259 -0.162775 -0.187403 359.865 0 0
1500 80.3321 9.14882 17.2634 0.444705 0.164623 359.86 0 0
1500 57.5475 56.2039 16.6492 -0.00301377 0.846597 359.906 0 0
1500 117.131 46.2813 16.3477 0.745926 0.645215 359.97 0 0
1500 106.804 28.9146 16.3849 0.613916 0.39844 360.107 0 0
1500 -126.808 -3.83591 16.3607 -2.52051 -0.00670435 360.221 0 0
1500 60.2098 15.7577 17.3217 0.11108 0.283251 360.302 0 0
1500 112.388 90.7213 16.6192 0.871645 1.4238 360.762 0 0
1500 103.018 -3.95567 16.6106 0.683387 -0.0445834 361.026 0 0
1500 80.4344 12.6755 16.4677 0.294194 0.201257 361.313 0 0
1500 90.0856 0.861744 17.2624 0.587524 0.00531214 361.386 0 0
1500 71.4791 8.53538 17.211 0.240739 0.159856 361.563 0 0
1500 52.8666 4.93819 16.4879 -0.0308212 0.109632 361.603 0 0
1500 82.3609 2.998 16.5871 0.383981 -0.0101637 361.589 0 0
1500 27.934 -24.0052 16.8084 -0.4343 -0.384268 361.651 0 0
1500 60.4114 -24.8054 16.6415 -0.0124469 -0.353822 361.683 0 0
1500 36.4222 63.4916 16.452 -0.263776 0.843215 361.718 0 0
1500 63.6759 22.6771 16.9153 0.136492 0.31203 362.024 0 0
1500 61.5417 -42.0665 16.6462 0.0392799 -0.622272 363.142 0 0
1500 100.01 -39.588 16.6397 0.646818 -0.545806 363.332 0 0
1500 46.4966 -2.93703 16.6697 -0.126225 -0.0932538 363.41 0 0
1500 128.325 29.6716 16.6404 0.984191 0.467799 363.415 0 0
1500 90.3606 2.56679 16.72 0.481849 0.0944398 363.489 0 0
1500 82.4996 -21.4987 17.2809 0.464347 -0.30895 363.622 0 0
1500 89.2655 -20.4237 17.1698 0.459873 -0.323912 363.928 0 0
1500 160.917 -43.2166 16.6923 1.55724 -0.641798 364.001 0 0
1500 80.8293 -8.45645 18.1748 0.532332 -0.14154 364.147 0 0
1500 86.0148 0.235596 17.5011 0.566129 -0.0465074 364.19 0 0
1500 64.0491 -29.4758 16.7524 0.0624845 -0.450636 364.301 0 0
1500 66.1207 -0.121385 16.7856 0.149351 0.0460693 364.42 0 0
1500 124.001 40.7761 16.6013 0.890283 0.553384 364.704 0 0
1500 68.8207 -29.5452 16.9698 0.163115 -0.451802 364.841 0 0
1500 91.5123 15.0588 17.1624 0.565768 0.172995 365.149 0 0
1500 72.7656 28.6153 17.3838 0.251106 0.420895 365.35 0 0
1500 126.357 11.2479 16.6174 0.894751 0.163662 365.335 0 0
1500 37.3342 41.1664 16.8266 -0.262391 0.620757 365.484 0 0
1500 133.658 -22.4843 16.6523 1.00089 -0.246843 365.648 0 0
1500 75.2933 -6.21398 16.6679 0.262703 -0.0866329 365.74 0 0
1500 59.2434 -42.0504 16.7725 0.0204397 -0.631984 365.926 0 0
1500 62.3928 9.57073 17.1594 0.075978 0.185063 366.005 0 0
1500 67.4944 14.4473 17.6132 0.242479 0.210975 366.178 0 0
1500 73.4294 7.09161 16.7038 0.238706 0.106552 366.215 0 0
1500 121.622 -16.0879 16.9583 0.948127 -0.237525 366.356 0 0
1500 80.8395 4.31448 18.4038 0.535655 0.0971183 366.45 0 0
1500 62.455 -27.5421 17.3181 0.12806 -0.423527 366.449 0 0
1500 99.2777 -18.2748 16.7404 0.615491 -0.209796 366.653 0 0
1500 130.143 41.2446 17.5333 1.23933 0.6823 366.845 0 0
1500 104.744 -33.9 17.1524 0.69434 -0.549789 366.962 0 0
1500 103.779 -6.29808 16.9875 0.699714 -0.0539771 366.999 0 0
1500 116.523 -45.1827 16.7442 0.7881 -0.56373 367.003 0 0
1500 -4.76452 -6.14509 16.7426 -0.868282 -0.13872 367.028 0 0
1500 105.376 19.4578 16.7565 0.693882 0.297985 367.074 0 0
1500 91.6009 5.52664 17.5237 0.558228 0.130683 367.278 0 0
1500 107.498 -41.595 16.9591 0.691743 -0.605154 367.342 0 0
1500 96.672 44.8753 16.7777 0.572888 0.634658 367.612 0 0
1500 79.7672 2.00309 17.5915 0.402364 -0.0374847 367.663 0 0
1500 85.087 -37.5922 16.9881 0.37024 -0.568226 367.888 0 0
1500 29.2547 32.434 16.8032 -0.44473 0.403407 367.867 0 0
1500 72.0126 -3.16014 17.6637 0.265429 -0.0994926 368.744 0 0
1500 89.8581 -29.258 17.349 0.52079 -0.512089 368.843 0 0
1500 72.0335 16.188 17.7545 0.304356 0.227571 368.971 0 0
1500 89.3998 7.17842 17.9509 0.542019 0.130508 369.166 0 0
1500 74.9564 9.19252 17.3911 0.279555 0.169448 369.152 0 0
1500 73.7679 1.69295 17.4554 0.336371 0.0675876 369.179 0 0
1500 52.0613 -22.7412 17.0554 -0.11314 -0.337 369.383 0 0
1500 -15.1363 -12.4001 16.8335 -1.00283 -0.20454 369.592 0 0
1500 58.1723 76.839 16.8622 0.0581561 1.03334 369.6 0 0
1500 68.2759 -28.1889 17.3935 0.211857 -0.451655 369.633 0 0
1500 60.0359 -26.9514 17.3858 0.0931016 -0.421866 369.698 0 0
1500 49.8297 -68.5338 16.8759 -0.16211 -0.939347 369.747 0 0
1500 43.6601 -7.54866 17.0484 -0.206914 -0.160289 369.76 0 0
1500 128.245 28.0981 16.8759 0.964279 0.398833 369.905 0 0
1500 68.713 -32.8432 17.0749 0.168277 -0.574167 369.871 0 0
1500 130.792 23.2588 16.891 0.992983 0.334811 370.235 0 0
1500 -32.5998 -54.4433 17.1759 -1.50513 -0.814302 370.288 0 0
1500 91.5197 -13.7701 17.419 0.574852 -0.180634 370.4 0 0
1500 90.3404 -27.1363 17.0709 0.421557 -0.421797 370.425 0 0
1500 26.4437 82.0697 17.0087 -0.436177 1.15513 370.439 0 0
1500 35.8931 -25.7553 17.0395 -0.37882 -0.325617 370.516 0 0
1500 13.796 -33.2621 17.0674 -0.63331 -0.453154 370.727 0 0
1500 87.341 -64.0261 17.006 0.447749 -0.877672 370.826 0 0
1500 95.3481 32.8357 17.0948 0.52024 0.504531 370.88 0 0
1500 102.597 23.918 17.0952 0.616816 0.385556 370.891 0 0
1500 120.011 44.5308 16.9287 0.845414 0.602575 371.034 0 0
1500 102.643 -10.4972 17.5537 0.720104 -0.162071 371.268 0 0
1500 43.1193 53.9063 16.956 -0.232939 0.696149 371.665 0 0
1500 75.185 22.3117 17.7902 0.337703 0.388979 371.854 0 0
1500 82.4646 -3.82336 17.5348 0.478818 -0.0967638 372.137 0 0
1500 7.62131 22.2818 17.0577 -0.777489 0.280781 372.14 0 0
1500 79.0393 70.2831 16.9859 0.318379 0.917243 372.2 0 0
1500 77.7289 -13.906 17.7957 0.297643 -0.204623 372.387 0 0
1500 65.5654 26.4679 17.3751 0.167598 0.418141 372.48 0 0
1500 73.1619 24.659 17.3768 0.268841 0.393691 372.536 0 0
1500 18.9519 50.4119 17.1386 -0.565112 0.755495 372.536 0 0
1500 126.099 18.4501 17.1494 0.961834 0.273654 372.659 0 0
1500 125.985 11.7335 17.0114 0.902404 0.180635 372.701 0 0
1500 82.3476 -6.58386 18.1881 0.463961 -0.0756838 372.768 0 0
1500 45.9311 69.3188 17.1237 -0.158213 0.980809 372.803 0 0
1500 83.4911 0.266046 17.1265 0.404987 -0.0496271 372.804 0 0
1500 41.5183 9.25353 17.1999 -0.22168 0.209648 372.822 0 0
1500 95.3797 10.5491 17.3871 0.562939 0.204544 372.852 0 0
1500 101.81 -32.584 17.3141 0.633918 -0.493202 372.929 0 0
1500 70.017 -13.3094 17.8492 0.274124 -0.237425 372.941 0 0
1500 49.2523 3.84459 17.7663 -0.07723 0.0721352 372.99 0 0
1500 85.0741 -26.4163 17.2392 0.402962 -0.342937 373.001 0 0
1500 44.3954 -71.7077 17.0465 -0.145893 -0.998129 373.486 0 0
1500 88.9254 48.1509 17.2166 0.423377 0.707805 373.487 0 0
1500 17.7925 53.3176 17.0361 -0.525808 0.786929 373.38 0 0
1500 124.441 -54.7411 17.1609 1.02863 -0.795654 373.401 0 0
1500 105.277 -24.8283 17.8485 0.882172 -0.376366 373.543 0 0
1500 91.3575 -8.76114 17.7917 0.594207 -0.103635 373.988 0 0
1500 56.8999 -11.6405 18.3012 0.0473841 -0.22109 373.995 0 0
1500 23.3662 94.9416 17.1291 -0.501142 1.45027 374.018 0 0
1500 61.5623 -5.68817 17.651 0.12789 -0.120659 374.238 0 0
1500 69.3745 15.9814 17.1692 0.186514 0.175939 374.287 0 0
1500 59.1761 -17.7398 17.6453 0.0243482 -0.230131 374.325 0 0
1500 53.0206 -11.6545 17.3198 -0.0171189 -0.196296 374.525 0 0
1500 44.4029 19.98 17.269 -0.221543 0.319393 374.621 0 0
1500 89.0835 -1.73116 17.127 0.430173 0.0122268 374.86 0 0
1500 92.1746 -60.5083 17.2455 0.513454 -0.963136 375.055 0 0
1500 91.6313 4.4778 17.6651 0.584094 0.0646837 375.367 0 0
1500 81.424 -33.2563 17.3706 0.348263 -0.517964 375.357 0 0
1500 55.9467 32.7848 17.284 -0.0445253 0.508694 375.341 0 0
1500 42.5241 22.9194 17.1462 -0.238323 0.310968 375.371 0 0
1500 62.7415 -47.8641 17.1365 0.124292 -0.694271 375.38 0 0
1500 58.937 -29.3763 17.4926 0.0762568 -0.46301 375.465 0 0
1500 88.0353 3.75848 18.1362 0.571191 0.10161 375.756 0 0
1500 116.432 26.5569 17.6899 1.05335 0.438043 375.965 0 0
1500 87.8547 -1.29398 17.9197 0.560169 -0.0380376 375.991 0 0
1500 40.217 31.8578 17.4432 -0.290001 0.485665 376.034 0 0
1500 89.2645 4.43946 17.4475 0.505278 0.00556952 376.27 0 0
1500 99.6882 17.6339 17.4018 0.664435 0.242849 376.385 0 0
1500 74.1871 -6.68699 17.8048 0.305124 -0.036794 376.482 0 0
1500 46.5385 -64.4229 17.1695 -0.0970968 -0.908121 376.495 0 0
1500 101.555 -45.3345 17.4258 0.74937 -0.695038 376.675 0 0
1500 197.391 -83.4716 17.2036 2.0492 -1.16632 376.779 0 0
1500 73.1504 7.10883 17.8016 0.336705 0.142113 377.049 0 0
1500 69.9653 16.9242 17.8185 0.247525 0.246972 377.134 0 0
1500 27.4707 -22.9785 17.2727 -0.489858 -0.315528 377.131 0 0
1500 64.9517 8.46013 17.8269 0.18829 0.147279 377.289 0 0
1500 57.2285 -25.6645 17.4945 -0.0271537 -0.444424 377.197 0 0
1500 107.334 7.1183 17.3668 0.760736 0.123008 377.38 0 0
1500 97.6294 -1.94199 17.3666 0.637368 -0.0104896 377.398 0 0
1500 98.4945 1.75086 17.3386 0.63999 -0.0222132 377.479 0 0
1500 102.133 -42.7752 17.2983 0.725457 -0.615467 377.461 0 0
1500 86.6744 17.5274 18.2612 0.48841 0.294613 377.865 0 0
1500 66.6622 -85.3727 17.3174 0.113447 -1.30949 377.911 0 0
1500 105.777 -27.3193 17.484 0.738594 -0.404836 377.988 0 0
1500 70.7096 11.2101 17.5909 0.193396 0.193112 378.037 0 0
1500 88.0079 95.293 17.1979 0.461189 1.3472 378.035 0 0
1500 96.2227 -20.4573 17.7547 0.598377 -0.341733 378.1 0 0
1500 4.10846 -34.0312 17.2793 -0.760709 -0.525491 378.126 0 0
1500 63.3916 -1.59441 17.5898 0.0625771 0.0165043 378.109 0 0
1500 37.5373 63.5005 17.503 -0.270033 1.00544 378.304 0 0
1500 85.743 -1.93641 17.5359 0.421816 0.000479609 378.256 0 0
1500 60.2145 14.1481 17.607 0.0401864 0.221394 378.431 0 0
1500 98.4228 13.9985 18.3707 0.717643 0.239803 378.574 0 0
1500 13.1074 -51.3022 17.292 -0.61434 -0.801536 378.658 0 0
1500 41.6517 -1.11304 17.6109 -0.299687 -0.0908394 378.812 0 0
1500 11.6647 -42.4275 17.2889 -0.69158 -0.623734 378.978 0 0
1500 61.7632 26.2734 17.5874 0.0537392 0.459504 379.124 0 0
1500 85.9259 4.50119 18.4037 0.585039 0.174883 379.17 0 0
1500 111.13 7.43713 17.5168 0.826513 0.0781327 379.311 0 0
1500 91.6085 -15.7783 18.4043 0.695925 -0.363353 379.386 0 0
1500 86.156 -15.3944 17.7966 0.476868 -0.27623 379.442 0 0
1500 103.675 18.8596 17.5181 0.726876 0.231908 379.49 0 0
1500 107.303 -51.7191 17.7697 0.874325 -0.829832 379.56 0 0
1500 91.8191 20.3826 17.6344 0.583804 0.281533 379.742 0 0
1500 96.0909 -6.22325 17.6344 0.643058 -0.0876639 379.744 0 0
1500 94.3071 -38.5152 17.4698 0.588745 -0.566924 379.817 0 0
1500 94.0313 -80.0067 17.3308 0.53033 -1.14971 379.957 0 0
1500 19.3346 -62.8625 17.3351 -0.539206 -0.896684 379.968 0 0
1500 72.8337 -59.8438 17.3773 0.26617 -0.918894 380.224 0 0
1500 13.3658 5.98616 17.3313 -0.659258 0.152999 380.356 0 0
1500 14.1544 38.6351 17.3095 -0.672254 0.581714 380.394 0 0
1500 70.2935 20.8248 18.4627 0.264644 0.322152 380.519 0 0
1500 98.2055 -57.3818 17.2865 0.607787 -0.81937 380.578 0 0
1500 63.6666 3.77653 17.8597 0.0969708 0.00744949 380.57 0 0
1500 87.3575 9.19554 18.323 0.519643 0.187947 380.737 0 0
1500 97.8849 15.6574 17.7221 0.67351 0.219162 380.819 0 0
1500 97.6035 36.8184 17.3484 0.600007 0.578506 380.845 0 0
1500 31.936 37.0108 17.4254 -0.461246 0.564399 380.76 0 0
1500 70.1536 74.6673 17.7796 0.145341 1.24819 380.831 0 0
1500 82.008 -4.7643 17.821 0.430058 -0.128862 380.965 0 0
1500 127.192 49.2605 17.4691 1.07861 0.811621 380.998 0 0
1500 93.6442 13.6801 17.7212 0.616247 0.214862 381.043 0 0
1500 80.3257 0.134746 17.4106 0.373867 0.0595895 381.09 0 0
1500 40.7693 -22.5719 17.5077 -0.247462 -0.296484 381.187 0 0
1500 77.9332 -10.4417 17.7288 0.341251 -0.131902 381.28 0 0
1500 85.4854 -15.7785 18.5197 0.535603 -0.267452 381.389 0 0
1500 78.1663 33.4762 17.5857 0.362933 0.576528 381.372 0 0
1500 62.0639 3.66582 18.2321 0.15036 0.100477 381.508 0 0
1500 67.9953 44.0842 17.7859 0.22603 0.727463 381.522 0 0
1500 97.5043 65.5152 17.6346 0.682874 1.07234 381.687 0 0
1500 72.8993 24.6134 17.6615 0.239323 0.352596 381.79 0 0
1500 84.1875 36.3293 18.0014 0.502591 0.71399 381.771 0 0
1500 60.5294 -10.1414 18.5253 0.120127 -0.139544 381.937 0 0
1500 98.9411 -31.8945 17.3873 0.569037 -0.434033 382.176 0 0
1500 122.232 -35.5724 17.3812 0.938919 -0.464821 382.321 0 0
1500 47.9967 -4.46657 17.4911 -0.181966 -0.0123746 382.279 0 0
1500 52.2974 -16.2065 17.5819 -0.0855882 -0.308225 382.608 0 0
1500 10.5475 -17.1565 17.5396 -0.768413 -0.212593 382.616 0 0
1500 81.093 2.29519 18.0612 0.406715 0.0119388 382.913 0 0
1500 76.6547 41.8994 17.5649 0.33193 0.650615 383.09 0 0
1500 106.39 -52.2209 17.4189 0.715828 -0.76028 383.216 0 0
1500 88.8198 9.87071 17.9778 0.494695 0.123185 383.317 0 0
1500 107.879 -47.1122 17.3675 0.714338 -0.721956 383.339 0 0
1500 34.601 34.9465 17.529 -0.33852 0.569075 383.395 0 0
1500 80.8519 35.2934 17.5854 0.324945 0.575376 383.627 0 0
1500 87.2617 34.1509 17.789 0.514117 0.584635 383.682 0 0
1500 25.8531 -36.3068 17.3922 -0.484986 -0.592691 383.806 0 0
1500 118.498 -6.80562 17.8265 0.99193 -0.124738 383.89 0 0
1500 53.1734 23.688 17.4564 -0.139126 0.332515 383.908 0 0
1500 63.952 12.5895 18.1312 0.110683 0.20004 383.977 0 0
1500 58.7036 27.0218 17.4568 -0.0584454 0.380926 383.945 0 0
1500 71.0839 27.4745 18.0984 0.20476 0.441033 384.013 0 0
1500 78.1512 -21.3293 17.5549 0.311877 -0.305877 384.319 0 0
1500 50.5033 -10.741 17.4703 -0.123377 -0.22991 384.391 0 0
1500 62.005 -0.799444 17.7709 0.0977577 -0.0831881 384.54 0 0
1500 26.7414 -36.692 17.4672 -0.517144 -0.54025 384.896 0 0
1500 80.4962 -20.1532 18.5536 0.467734 -0.348628 385.1 0 0
1500 96.5216 -12.8386 17.4632 0.630587 -0.176009 384.964 0 0
1500 120.872 -45.587 17.7074 1.1056 -0.76498 385.092 0 0
1500 56.9728 -53.7079 17.6333 -0.0484693 -0.800117 385.109 0 0
1500 35.4817 -59.8236 17.548 -0.344039 -0.998266 385.215 0 0
1500 83.1213 -45.0686 17.4683 0.434001 -0.638263 385.398 0 0
1500 69.8222 -33.1752 17.5 0.194986 -0.47235 385.541 0 0
1500 80.2804 -7.88773 18.3717 0.495855 -0.108305 385.604 0 0
1500 57.542 -61.7456 17.4776 -0.0735546 -0.890844 385.644 0 0
1500 104.856 24.8883 17.6207 0.753608 0.330628 385.769 0 0
1500 60.6133 -19.4009 17.516 0.0770016 -0.294973 385.934 0 0
1500 113.58 56.3767 18.1834 1.06388 0.994555 385.893 0 0
1500 71.6071 19.8198 17.9696 0.31786 0.318871 386.445 0 0
1500 71.5055 57.3531 17.4856 0.157042 0.815791 386.401 0 0
1500 122.191 26.7484 17.5167 0.910665 0.413367 386.325 0 0
1500 -12.8642 -11.1435 17.5033 -1.02633 -0.152679 386.364 0 0
1500 100.53 18.2544 17.9013 0.712926 0.29199 386.46 0 0
1500 68.8957 -8.51073 18.4477 0.286741 -0.130822 386.567 0 0
1500 101.317 50.2901 17.5308 0.62576 0.72524 386.815 0 0
1500 149.679 21.4439 17.8487 1.5494 0.389756 386.989 0 0
1500 106.551 18.4121 17.7369 0.789632 0.252564 387.139 0 0
1500 58.781 19.5549 17.9785 0.0806108 0.301795 387.291 0 0
1500 118.886 2.14181 17.5608 0.879422 0.0221782 387.403 0 0
1500 21.3551 -23.7 17.5754 -0.528644 -0.323815 387.371 0 0
1500 90.8753 -40.6423 17.4853 0.451035 -0.596809 387.554 0 0
1500 101.445 3.74653 17.9153 0.709013 -0.000549255 387.536 0 0
1500 68.3411 -0.476102 18.045 0.201041 0.0608675 387.684 0 0
1500 90.1811 -13.4555 17.4864 0.538059 -0.190902 387.675 0 0
1500 -5.16446 15.1117 17.5437 -0.903791 0.200329 387.817 0 0
1500 68.3425 34.9635 17.8595 0.131178 0.532437 387.862 0 0
1500 70.2758 3.51612 17.5749 0.208476 0.00139036 388.052 0 0
1500 54.0487 -43.5749 17.5005 -0.0332185 -0.631709 387.997 0 0
1500 54.7527 -32.5277 17.994 -0.0124865 -0.52021 388.003 0 0
1500 59.7993 -40.8151 17.946 0.0236032 -0.694837 388.117 0 0
1500 141.075 -23.9496 17.4871 1.19612 -0.31888 388.175 0 0
1500 82.6987 2.92159 18.4861 0.489561 0.105572 388.173 0 0
1500 88.1088 8.68245 18.4663 0.560931 0.184255 388.295 0 0
1500 94.6512 62.8933 17.521 0.574951 0.876045 388.4 0 0
1500 64.1335 -43.1285 17.6454 0.0734776 -0.621373 388.484 0 0
1500 98.3333 13.8783 18.2314 0.721326 0.194561 388.497 0 0
1500 56.9793 -37.2887 17.5476 0.0521209 -0.571616 388.474 0 0
1500 110.15 49.3511 17.5283 0.78508 0.686372 388.721 0 0
1500 70.9627 35.5772 17.8654 0.177547 0.55249 388.596 0 0
1500 120.231 34.504 17.5299 0.922499 0.482184 388.792 0 0
1500 89.628 -10.9162 18.1506 0.555656 -0.216389 388.814 0 0
1500 78.6383 -56.1662 17.6356 0.35716 -0.933784 388.818 0 0
1500 -8.48076 -21.0869 17.5472 -0.966024 -0.298163 389.035 0 0
1500 118.162 40.0031 17.5742 0.842272 0.622472 389.087 0 0
1500 83.3304 4.85613 17.5297 0.378017 0.144485 389.192 0 0
1500 38.3925 -27.6207 17.787 -0.373695 -0.434933 389.058 0 0
1500 51.0087 -20.4397 17.7508 -0.110686 -0.378395 389.305 0 0
1500 83.2906 41.982 17.7896 0.349809 0.749811 389.532 0 0
1500 125.791 6.39223 17.5525 0.986405 0.0956425 389.703 0 0
1500 96.9279 -2.16325 17.9699 0.680543 -0.101396 390.113 0 0
1500 86.134 13.513 17.7406 0.424114 0.224827 390.141 0 0
1500 91.8941 -58.6869 17.7756 0.581151 -0.951087 390.152 0 0
1500 46.9311 12.7984 17.9036 -0.133741 0.256257 390.321 0 0
1500 84.5482 -17.1133 18.1925 0.518618 -0.271862 390.516 0 0
1500 111.284 16.577 17.5403 0.774513 0.310999 390.494 0 0
1500 61.7491 52.1988 17.5399 0.0593408 0.825736 390.46 0 0
1500 113.524 -33.2573 17.6792 0.801088 -0.527102 390.556 0 0
1500 50.7762 -13.4739 18.05 -0.0820934 -0.250669 390.555 0 0
1500 78.0913 -21.2603 18.458 0.343506 -0.391731 390.615 0 0
1500 105.772 38.5538 17.5791 0.706108 0.524193 390.671 0 0
1500 117.926 19.1456 17.7492 0.934244 0.256125 390.725 0 0
1500 23.1099 44.7815 17.5425 -0.497101 0.7161 390.7 0 0
1500 95.5225 46.8361 17.5843 0.567781 0.633353 390.851 0 0
1500 76.9173 12.071 18.1607 0.406905 0.195916 390.804 0 0
1500 106.542 -1.04962 18.0172 0.809039 -0.0293663 390.842 0 0
1500 -3.22741 7.71802 17.544 -0.87456 0.182197 390.834 0 0
1500 114.717 20.582 17.5444 0.819702 0.366864 390.865 0 0
1500 89.5387 3.11888 17.6442 0.529162 0.0152345 390.766 0 0
1500 90.8471 0.920265 18.9213 0.717086 0.0372755 390.845 0 0
1500 34.9947 20.5786 18.1842 -0.413432 0.402193 390.861 0 0
1500 81.568 -36.9369 17.6663 0.343962 -0.564452 390.878 0 0
1500 112.451 -5.24892 17.9308 0.877694 -0.0962241 391.031 0 0
1500 69.0704 -27.9976 17.7505 0.126635 -0.496764 391.069 0 0
1500 82.3089 9.10914 18.4319 0.485094 0.186739 391.193 0 0
1500 120.253 37.6324 17.571 0.866594 0.58932 391.363 0 0
1500 54.6491 -13.7882 17.6687 -0.113783 -0.207927 391.346 0 0
1500 86.8324 25.8618 17.7819 0.410567 0.439201 391.445 0 0
1500 61.411 -41.7211 17.5945 0.0375127 -0.680797 391.412 0 0
1500 91.4851 -4.50919 18.1984 0.640427 -0.0572579 391.709 0 0
1500 136.221 85.4923 18.3497 1.56824 1.58318 391.769 0 0
1500 30.4333 20.7524 17.6285 -0.422194 0.259819 391.795 0 0
1500 91.1447 -2.62223 18.0746 0.609602 -0.0662071 391.845 0 0
1500 122.327 -39.1619 17.9277 1.05823 -0.638651 391.885 0 0
1500 48.6706 20.0343 17.9816 -0.197242 0.410292 391.967 0 0
1500 114.472 -33.1135 17.5627 0.87037 -0.469961 392.018 0 0
1500 122.765 11.4656 18.38 1.26167 0.188456 392.02 0 0
1500 37.1831 -10.7598 17.6371 -0.332803 -0.151825 392.05 0 0
1500 65.5857 24.3811 17.9682 0.0821772 0.41699 392.095 0 0
1500 92.5745 -16.1611 18.0122 0.527911 -0.261979 392.145 0 0
1500 54.7003 -15.5142 17.753 -0.103122 -0.223999 392.252 0 0
1500 107.472 -50.2824 17.596 0.682482 -0.754278 392.386 0 0
1500 64.6734 -13.109 18.2216 0.118037 -0.215109 392.481 0 0
1500 89.4993 61.7844 17.5674 0.447296 0.937148 392.458 0 0
1500 101.087 -7.80707 17.8067 0.700891 -0.141162 392.588 0 0
1500 51.3101 28.0686 17.6934 -0.101692 0.483271 392.707 0 0
1500 88.1169 -48.4218 18.0464 0.483724 -0.808465 392.615 0 0
1500 114.207 -33.5656 17.609 0.790683 -0.549709 392.915 0 0
1500 50.2501 -24.529 18.0004 -0.0918261 -0.418384 392.928 0 0
1500 108.805 10.7329 17.8595 0.800654 0.22149 392.968 0 0
1500 82.347 20.9502 17.8537 0.44759 0.296872 393.075 0 0
1500 90.8191 10.1637 17.9182 0.583663 0.154667 392.998 0 0
1500 94.7988 -50.5594 17.9974 0.702143 -0.857564 393.124 0 0
1500 92.7577 1.961 18.9699 0.701974 -0.00383649 393.161 0 0
1500 120.452 7.41117 17.8361 0.970644 0.0730163 393.352 0 0
1500 14.2088 -53.5445 17.5985 -0.613918 -0.825799 393.37 0 0
1500 87.8191 9.24709 18.7997 0.585097 0.189334 393.386 0 0
1500 11.1412 54.3719 17.585 -0.644317 0.822157 393.404 0 0
1500 75.0518 -2.05704 18.2588 0.349191 -0.0451823 393.668 0 0
1500 99.2294 5.66861 18.3382 0.734524 0.102909 393.625 0 0
1500 92.4212 -6.16192 17.8109 0.581755 -0.0475527 393.606 0 0
1500 34.8886 -65.5746 17.6037 -0.32065 -0.990947 393.698 0 0
1500 20.7369 -38.6123 17.7697 -0.52886 -0.624687 393.937 0 0
1500 104.222 -48.7078 17.7258 0.693998 -0.748218 394.106 0 0
1500 120.442 -36.5494 17.6137 0.87382 -0.578616 394.275 0 0
1500 92.6827 3.09316 17.7258 0.57893 0.00755095 394.344 0 0
1500 112.001 -18.9102 17.9438 0.870231 -0.348391 394.298 0 0
1500 59.6768 -8.1444 17.8273 -0.0212774 -0.144662 394.397 0 0
1500 82.1153 -53.9239 17.7747 0.349287 -0.838187 394.454 0 0
1500 77.1148 19.656 17.7128 0.262742 0.357553 394.46 0 0
1500 57.5035 19.9667 18.0123 -0.0149257 0.333807 394.556 0 0
1500 88.1271 -11.8303 18.0514 0.552934 -0.275466 394.499 0 0
1500 9.70905 158.756 17.616 -0.772654 2.2784 394.682 0 0
1500 112.864 -39.9458 17.6222 0.807575 -0.521128 394.869 0 0
1500 36.3948 -95.5875 17.7616 -0.322724 -1.47794 395.098 0 0
1500 101.764 -22.7277 18.0804 0.77152 -0.419443 394.97 0 0
1500 110.015 -7.44094 17.7465 0.830729 -0.0936005 395.182 0 0
1500 61.7513 -7.60121 17.7845 0.00821061 -0.0715915 395.318 0 0
1500 107.135 -50.1516 17.6985 0.689717 -0.773251 395.418 0 0
1500 71.431 1.88757 18.0087 0.273313 -0.037141 395.412 0 0
1500 90.624 -3.2609 18.3745 0.559155 -0.0222032 395.747 0 0
1500 103.129 26.6139 17.8679 0.666632 0.452348 395.663 0 0
1500 96.7899 -68.7534 17.7736 0.685372 -1.07624 395.774 0 0
1500 69.482 8.33303 18.5911 0.275576 0.161064 396.104 0 0
1500 22.9246 41.8445 17.646 -0.464615 0.626424 395.956 0 0
1500 102.821 11.0425 17.8981 0.709004 0.150588 395.905 0 0
1500 72.1735 -2.34187 18.6341 0.34295 -0.100125 395.949 0 0
1500 77.5364 -24.8138 18.208 0.322624 -0.413878 395.843 0 0
1500 86.2676 -47.5595 17.8547 0.442745 -0.748046 395.849 0 0
1500 52.3158 47.9293 17.8577 -0.119822 0.725415 395.815 0 0
1500 73.102 14.0047 17.6693 0.239465 0.280031 396.028 0 0
1500 63.1394 -46.3284 17.6588 0.109056 -0.740372 396.174 0 0
1500 69.0803 43.2009 17.7873 0.114786 0.66892 396.265 0 0
1500 47.6669 42.638 17.7875 -0.196828 0.660393 396.3 0 0
1500 109.217 -34.6695 17.6628 0.694698 -0.539188 396.517 0 0
1500 69.3029 -22.7063 18.1842 0.267575 -0.385084 396.489 0 0
1500 101.262 8.6895 17.9359 0.702107 0.0690321 396.426 0 0
1500 47.3674 -25.038 18.562 -0.192173 -0.423309 396.493 0 0
1500 69.9886 -5.46681 17.9851 0.255019 -0.140098 396.595 0 0
1500 97.9399 3.38689 18.4678 0.729936 0.0273194 396.746 0 0
1500 30.7252 -3.54786 17.9431 -0.420524 -0.0983423 396.782 0 0
1500 -80.2526 -33.2225 17.7132 -2.12994 -0.446138 396.668 0 0
1500 107.74 6.06059 18.91 1.00586 0.0786535 396.731 0 0
1500 112.756 38.8797 18.135 0.986612 0.660492 396.739 0 0
1500 83.0757 18.3958 17.6761 0.33573 0.308327 396.994 0 0
1500 125.455 8.66683 17.7681 1.02563 0.134414 397.018 0 0
1500 77.349 0.931845 18.1406 0.410335 0.00870702 397.035 0 0
1500 62.6831 -21.4623 18.432 0.103629 -0.390651 396.958 0 0
1500 60.6745 38.1653 17.7446 0.0626968 0.63176 397.178 0 0
1500 91.7276 -27.6391 17.8058 0.464267 -0.416782 397.306 0 0
1500 87.648 10.3192 18.1513 0.536319 0.231429 397.306 0 0
1500 38.1956 -67.5734 17.8176 -0.267406 -1.04236 397.575 0 0
1500 100.51 -13.9345 17.9885 0.690052 -0.259788 397.601 0 0
1500 53.349 18.3497 18 -0.0487151 0.33801 397.43 0 0
1500 79.4779 -26.0995 17.8072 0.30313 -0.452474 397.51 0 0
1500 132.227 -17.5592 18.0611 1.27966 -0.330639 397.471 0 0
1500 99.9049 -42.484 17.9452 0.670944 -0.656207 397.63 0 0
1500 106.585 -5.90019 17.7517 0.762597 -0.140795 397.613 0 0
1500 73.11 -21.2452 18.4052 0.357632 -0.350347 397.79 0 0
1500 56.1376 -39.8933 17.8813 0.0356058 -0.642621 397.821 0 0
1500 30.2069 16.5202 17.8005 -0.448055 0.330748 397.792 0 0
1500 85.4707 -8.997 18.3928 0.479759 -0.154021 398.029 0 0
1500 29.7418 -19.0457 17.7044 -0.370312 -0.318045 398.048 0 0
1500 49.5783 -78.3495 17.7935 -0.18761 -1.18847 398.004 0 0
1500 67.218 12.6664 17.7734 0.0691897 0.186458 398.023 0 0
1500 55.4429 -49.8854 17.8642 -0.0949802 -0.793876 397.962 0 0
1500 97.7171 45.5747 17.8749 0.585415 0.748971 398.068 0 0
1500 69.0922 3.69405 18.4285 0.262403 0.123172 398.283 0 0
1500 0.753515 8.37909 17.7853 -0.877201 0.202043 398.315 0 0
1500 146.231 -0.287022 17.7304 1.29672 0.0340978 398.482 0 0
1500 72.3543 22.4257 18.4291 0.30745 0.388085 398.601 0 0
1500 84.2593 1.71005 18.429 0.476299 0.0945239 398.582 0 0
1500 74.2941 -39.7031 17.9681 0.249142 -0.644794 398.622 0 0
1500 101.323 30.5368 17.7529 0.706643 0.427752 398.475 0 0
1500 76.3652 42.9921 17.8032 0.325212 0.683823 398.476 0 0
1500 115.725 -59.2072 18.0294 0.98108 -0.973361 398.589 0 0
1500 72.6064 23.3588 18.4292 0.310908 0.401162 398.627 0 0
1500 121.694 -26.8384 17.7808 0.942427 -0.403593 398.696 0 0
1500 121.085 -23.62 17.749 0.969318 -0.319695 398.983 0 0
1500 79.1372 -6.94721 18.3936 0.377714 -0.168902 398.772 0 0
1500 -79.297 93.5195 17.679 -2.04875 1.33841 398.809 0 0
1500 71.7573 -56.6756 17.7181 0.145422 -0.871698 398.973 0 0
1500 83.9182 -23.3548 17.9804 0.476049 -0.37354 398.866 0 0
1500 73.8715 -21.7231 17.8198 0.205698 -0.383365 398.775 0 0
1500 37.4053 -9.7511 17.8465 -0.326759 -0.0798265 399.018 0 0
1500 52.8082 -33.097 17.7154 -0.151335 -0.513341 398.949 0 0
1500 89.3873 4.89006 18.43 0.544796 0.148002 398.781 0 0
1500 70.151 5.6964 18.0462 0.289483 0.0823708 399.066 0 0
1500 93.0566 14.3027 18.6383 0.676487 0.200347 399.304 0 0
1500 114.435 -18.1249 17.9312 0.899922 -0.278135 399.122 0 0
1500 63.7036 -2.53896 18.3711 0.0958285 -0.0386591 399.119 0 0
1500 1.12317 -47.0015 17.798 -0.90419 -0.69981 399.298 0 0
1500 54.9772 11.4469 17.8381 -0.0671312 0.236442 399.06 0 0
1500 64.8272 20.075 18.2368 0.0986854 0.299031 399.42 0 0
1500 62.1123 36.9786 17.9877 0.107933 0.610084 399.393 0 0
1500 76.6108 -6.61943 18.9382 0.429421 -0.108916 399.699 0 0
1500 117.639 -21.0244 17.8007 0.933417 -0.308653 399.514 0 0
1500 118.684 18.9475 17.7605 0.944861 0.255168 399.527 0 0
1500 122.692 -1.71131 17.7628 0.998916 -0.0408355 399.764 0 0
1500 41.6825 26.6036 17.8786 -0.25453 0.459112 399.727 0 0
1500 123.452 13.2361 17.7658 1.00556 0.17199 400.057 0 0
1500 22.4943 40.4498 17.8004 -0.51727 0.661304 399.926 0 0
1500 58.2102 -40.3551 17.983 0.0691947 -0.652596 399.909 0 0
1500 52.1801 -7.82973 18.1575 -0.102888 -0.117496 399.918 0 0
1500 80.8844 41.7727 17.8794 0.320836 0.676362 400.388 0 0
1500 84.0312 15.2209 17.8182 0.446306 0.171734 400.134 0 0
1500 60.6605 9.52568 17.8245 -0.0026616 0.196939 400.116 0 0
1500 144.567 -7.95226 17.933 1.45973 -0.114168 400.049 0 0
1500 17.8627 -46.7678 17.8268 -0.606293 -0.73296 400.748 0 0
1500 57.4766 -1.04277 17.9924 -0.0319264 -0.0654075 400.774 0 0
1500 59.9291 16.2961 19.1944 0.131575 0.37527 400.662 0 0
1500 122.099 28.493 17.8701 1.00737 0.423874 400.832 0 0
1500 51.3255 50.2758 17.8634 -0.0382371 0.803765 400.851 0 0
1500 65.8324 -19.3363 17.7856 0.0491779 -0.316417 400.963 0 0
1500 -36.5492 158.081 17.7954 -1.47849 2.44895 400.895 0 0
1500 86.4394 -13.6023 17.9298 0.420602 -0.271732 401.129 0 0
1500 58.0513 32.1107 17.7787 0.0574373 0.529875 401.271 0 0
1500 59.1227 -3.73203 18.0642 0.100352 -0.08537 401.445 0 0
1500 27.7004 -58.6674 17.8317 -0.460735 -0.896524 401.345 0 0
1500 72.4447 -37.0436 17.9295 0.212379 -0.615125 401.504 0 0
1500 33.4597 -28.8575 17.9295 -0.361774 -0.495461 401.397 0 0
1500 90.4466 -9.6008 17.8105 0.536218 -0.20025 401.377 0 0
1500 45.9244 -11.4108 17.8022 -0.248439 -0.144079 401.493 0 0
1500 39.3674 -20.6742 18.0279 -0.35109 -0.326091 401.378 0 0
1500 85.7961 -14.9449 18.372 0.492632 -0.200388 402.09 0 0
1500 102.608 -0.505094 17.8563 0.664595 0.0189401 402.151 0 0
1500 72.5007 -70.3456 17.7486 0.150225 -1.02923 401.721 0 0
1500 102.175 -24.7585 17.8236 0.698496 -0.384126 401.823 0 0
1500 32.2497 59.4196 17.8569 -0.388294 0.910846 401.608 0 0
1500 105.706 34.7888 17.9727 0.772409 0.537869 401.972 0 0
1500 81.8306 -18.3963 18.3497 0.477506 -0.318763 401.645 0 0
1500 96.0001 -27.3059 18.0751 0.593088 -0.468479 402.109 0 0
1500 4.09685 -7.95316 17.8245 -0.830495 -0.063185 401.606 0 0
1500 48.4684 10.3697 18.178 -0.097002 0.225092 402.156 0 0
1500 70.6462 -38.1375 17.8103 0.240483 -0.622657 401.641 0 0
1500 45.7513 -26.492 17.9763 -0.193092 -0.455004 402.005 0 0
1500 101.974 -17.2327 17.8499 0.718169 -0.210333 402.302 0 0
1500 70.0759 17.4706 17.9426 0.252967 0.313874 402.116 0 0
1500 67.9161 22.1663 17.8018 0.08222 0.360412 401.594 0 0
1500 41.373 -15.8396 17.8017 -0.316343 -0.210326 401.609 0 0
1500 37.2599 20.4954 17.7832 -0.368506 0.257494 402.265 0 0
1500 38.6477 10.4276 18.1053 -0.311535 0.11051 401.882 0 0
1500 19.6818 -10.7188 17.9616 -0.674367 -0.137803 401.847 0 0
1500 54.6511 18.6952 18.0449 -0.0880732 0.382642 402.431 0 0
1500 36.3687 8.64739 17.994 -0.347427 0.18155 402.775 0 0
1500 75.8349 -22.6448 18.0546 0.305507 -0.347236 403.383 0 0
1500 41.5136 -0.487361 17.8709 -0.252289 -0.055729 403.205 0 0
1500 85.8627 -43.0998 17.8448 0.457165 -0.63026 403.377 0 0
1500 41.0505 -46.5856 17.7807 -0.306576 -0.742759 403.293 0 0
1500 69.3304 11.5774 18.4273 0.211026 0.277675 403.236 0 0
1500 68.4564 19.6721 17.8503 0.208713 0.272548 403.47 0 0
1500 48.036 6.20231 18.0956 -0.177994 0.0641636 403.459 0 0
1500 126.071 9.68482 17.8854 1.04054 0.126368 403.723 0 0
1500 73.3003 -18.3321 18.058 0.271905 -0.290339 403.506 0 0
1500 15.8891 55.7974 17.7461 -0.660987 0.773157 403.644 0 0
1500 -8.37172 19.8711 17.789 -1.00171 0.305925 403.899 0 0
1500 87.4425 -12.0177 18.4435 0.579669 -0.155565 403.615 0 0
1500 -2.6587 -17.0522 17.8035 -0.945975 -0.221168 403.827 0 0
1500 7.35531 32.8625 17.8026 -0.802801 0.50562 403.626 0 0
1500 52.9792 -55.9348 17.7809 -0.128593 -0.876078 403.719 0 0
1500 71.2754 -24.2967 18.094 0.168284 -0.389607 403.728 0 0
1500 43.2504 8.03053 18.0952 -0.249206 0.0913724 403.522 0 0
1500 44.7853 15.1182 18.0365 -0.24451 0.182176 403.866 0 0
1500 61.2785 -21.4167 18.2466 0.0400741 -0.40326 403.648 0 0
1500 99.1698 -30.9824 18.2891 0.848614 -0.609746 403.843 0 0
1500 54.1797 -17.8002 18.2197 -0.0394479 -0.276319 403.988 0 0
1500 112.149 34.7152 17.8561 0.847144 0.542293 403.989 0 0
1500 77.364 -47.2428 17.8627 0.361984 -0.734119 404.07 0 0
1500 61.0783 -28.3258 18.5496 0.0839465 -0.487544 404.142 0 0
1500 24.5587 -36.007 17.7989 -0.501781 -0.530547 404.269 0 0
1500 6.62662 42.4718 17.8078 -0.803087 0.637458 404.509 0 0
1500 57.7278 -8.47433 17.8991 -0.0678318 -0.108553 404.553 0 0
1500 5.48189 34.3792 17.7637 -0.795201 0.467788 404.637 0 0
1500 11.165 -28.4015 17.9432 -0.740158 -0.439833 404.714 0 0
1500 97.0278 -42.4798 17.9188 0.576234 -0.705228 404.827 0 0
1500 92.3389 0.85464 18.0292 0.56054 -0.0604185 404.881 0 0
1500 9.024 4.76056 17.7892 -0.797521 0.1216 405.17 0 0
1500 31.842 -19.2751 17.8541 -0.423466 -0.368508 404.693 0 0
1500 203.915 3.7612 17.8148 2.31325 0.0748361 404.777 0 0
1500 9.03677 -13.3148 17.8899 -0.830491 -0.162278 404.99 0 0
1500 85.1265 4.44977 18.5216 0.477221 0.0120034 405.262 0 0
1500 -6.58262 23.8718 17.8147 -0.982191 0.365755 405.285 0 0
1500 79.2792 -20.1036 18.1318 0.417458 -0.347966 405.198 0 0
1500 54.8587 39.4126 17.8759 -0.044595 0.672586 405.265 0 0
1500 119.006 -171.028 17.8224 0.990102 -2.68891 405.302 0 0
1500 49.1238 -1.01941 18.0755 -0.192051 0.0538095 405.21 0 0
1500 49.0472 -1.29701 17.8287 -0.168699 -0.0612608 405.446 0 0
1500 87.3169 19.3248 18.0516 0.531634 0.33488 405.633 0 0
1500 110.491 3.09359 17.7849 0.830111 -0.0155679 405.424 0 0
1500 53.6461 34.4354 17.9625 -0.0855166 0.587006 405.574 0 0
1500 73.547 -18.1044 18.0779 0.201105 -0.306455 405.585 0 0
1500 31.4392 -13.3575 17.9268 -0.443003 -0.146808 405.485 0 0
1500 71.1405 42.8023 17.8833 0.176331 0.641686 405.692 0 0
1500 34.9508 -36.8843 18.0218 -0.410369 -0.569804 405.716 0 0
1500 31.475 -63.2383 17.7917 -0.432684 -0.954546 405.801 0 0
1500 29.6357 -62.4125 17.7919 -0.458855 -0.94238 405.826 0 0
1500 30.12 58.4966 17.8084 -0.45342 0.908851 405.815 0 0
1500 72.5988 54.3911 17.9965 0.219647 0.87156 405.934 0 0
1500 50.606 32.3115 18.026 -0.139019 0.542539 405.995 0 0
1500 80.2725 -43.225 18.1371 0.408105 -0.703575 406.607 0 0
1500 102.362 -9.09517 18.3044 0.756696 -0.190485 406.294 0 0
1500 70.4536 -20.3709 17.9626 0.244337 -0.288586 406.235 0 0
1500 -9.66712 -12.0904 17.7996 -1.01078 -0.219751 406.563 0 0
1500 128.469 8.67796 17.7897 1.04632 0.0638252 406.107 0 0
1500 120.485 -26.225 17.8719 0.965635 -0.407768 406.538 0 0
1500 79.2298 30.5656 18.4362 0.390924 0.527095 406.379 0 0
1500 102.135 14.6075 18.0482 0.74766 0.261864 406.198 0 0
1500 64.4047 11.0816 18.2115 0.0725812 0.17112 406.498 0 0
1500 43.212 35.8599 18.0553 -0.281694 0.657641 406.516 0 0
1500 68.2896 -54.4514 17.8296 0.226651 -0.847939 406.645 0 0
1500 45.8193 -8.83437 17.8118 -0.233116 -0.123374 406.779 0 0
1500 78.254 15.6077 18.7712 0.367837 0.27632 406.773 0 0
1500 72.4404 26.2493 17.8986 0.277276 0.463877 406.779 0 0
1500 16.127 22.9619 18.0066 -0.727794 0.311885 406.729 0 0
1500 102.272 9.88028 18.9841 0.898969 0.122748 406.869 0 0
1500 126.184 -0.456797 17.8775 1.03818 -0.0390722 407.14 0 0
1500 98.8628 -19.8071 17.9406 0.630298 -0.275817 406.877 0 0
1500 77.1244 -7.8166 17.9981 0.322143 -0.147372 407.102 0 0
1500 78.7018 25.5449 18.5148 0.370967 0.442419 406.976 0 0
1500 86.5464 -32.9101 18.0198 0.441594 -0.570017 406.917 0 0
1500 64.7298 30.7217 18.1219 0.07549 0.503695 406.799 0 0
1500 102.804 -3.11151 18.4933 0.820412 -0.0408844 407.32 0 0
1500 54.2519 10.6504 18.432 -0.0405448 0.195307 407.167 0 0
1500 125.235 18.3039 17.9643 1.13069 0.32841 407.504 0 0
1500 119.522 -12.4908 17.888 0.984962 -0.146979 408.13 0 0
1500 40.864 60.5047 17.8233 -0.242642 0.97363 408.159 0 0
1500 67.6886 -56.3695 17.8287 0.0943124 -0.903098 407.617 0 0
1500 91.9628 -54.3097 17.8266 0.456282 -0.864939 408.164 0 0
1500 73.3413 30.3755 18.2053 0.2316 0.514224 407.921 0 0
1500 53.2277 -29.4088 18.1462 -0.0838641 -0.498839 407.591 0 0
1500 60.7231 45.652 17.9306 0.00178198 0.7476 407.723 0 0
1500 88.3544 -5.09455 17.9055 0.520519 -0.141855 407.818 0 0
1500 46.531 39.4951 18.2024 -0.171574 0.648819 408.208 0 0
1500 80.0281 -30.5033 18.454 0.45643 -0.504772 408.206 0 0
1500 75.6108 -36.7452 17.8845 0.28628 -0.548677 408.195 0 0
1500 31.5488 -15.8399 18.0099 -0.456855 -0.223964 408.272 0 0
1500 27.5124 27.5169 18.1528 -0.493433 0.51082 408.314 0 0
1500 7.31197 43.4037 17.9144 -0.776585 0.689682 408.459 0 0
1500 89.6784 4.36028 18.2323 0.529753 0.0685695 408.836 0 0
1500 110.533 9.72518 17.8825 0.809251 0.154089 408.652 0 0
1500 22.749 -50.0237 17.8774 -0.573746 -0.794541 408.5 0 0
1500 33.5322 -30.2533 17.8452 -0.441915 -0.460135 408.681 0 0
1500 100.574 11.5237 17.9247 0.713154 0.23141 408.486 0 0
1500 17.0006 3.26141 18.005 -0.675528 0.0685217 408.7 0 0
1500 31.2188 -46.8574 18.0264 -0.441972 -0.777102 408.45 0 0
1500 61.9767 13.8449 18.0281 0.00892962 0.21456 408.377 0 0
1500 125.852 43.4487 17.9369 1.1563 0.728454 408.705 0 0
1500 90.8176 -78.1475 17.8411 0.472958 -1.30766 408.725 0 0
1500 189.534 46.9307 17.8639 2.18047 0.760984 408.373 0 0
1500 37.1736 30.1202 18.3275 -0.347113 0.562845 408.493 0 0
1500 95.0105 10.9431 18.0129 0.563661 0.19573 409.32 0 0
1500 65.928 5.35605 18.585 0.194651 0.132608 409.07 0 0
1500 116.358 15.1534 17.9819 0.924337 0.28962 408.944 0 0
1500 34.7639 -56.2408 17.8566 -0.396589 -0.894402 409.215 0 0
1500 63.1239 56.689 17.9183 0.140651 0.908056 409.327 0 0
1500 53.3792 49.4433 17.9092 -0.0307012 0.821627 409.022 0 0
1500 64.9534 -20.1337 18.1618 0.0846019 -0.349083 408.902 0 0
1500 111.735 22.0543 17.8568 0.914114 0.303733 408.97 0 0
1500 89.352 -46.7697 18.0233 0.510074 -0.844073 408.928 0 0
1500 73.2805 -33.4378 18.0107 0.329618 -0.598431 409.003 0 0
1500 38.9185 -12.9587 17.9507 -0.258085 -0.239571 409.703 0 0
1500 79.7101 -61.0835 17.7958 0.348381 -0.926402 409.596 0 0
1500 55.2016 -67.1547 17.9022 -0.0230552 -1.04278 409.724 0 0
1500 95.2974 19.3211 18.5289 0.664332 0.352062 409.518 0 0
1500 87.724 -50.6504 17.8908 0.497335 -0.821443 409.576 0 0
1500 76.1381 -56.3057 17.8908 0.323474 -0.906061 409.591 0 0
1500 104.062 -58.985 18.0053 0.746191 -0.968079 409.546 0 0
1500 86.1953 6.18717 17.8998 0.455235 0.170979 409.513 0 0
1500 50.4062 -1.86941 17.9776 -0.167413 -0.0696777 409.723 0 0
1500 133.476 -0.420397 17.8745 1.22727 0.0646599 409.626 0 0
1500 136.048 -17.9882 17.9001 1.32126 -0.307943 409.675 0 0
1500 50.9127 30.3969 18.1674 -0.104716 0.586759 409.649 0 0
1500 70.8881 -21.8568 17.8555 0.124453 -0.342125 409.857 0 0
1500 77.0034 -20.9839 18.3467 0.364167 -0.310154 409.887 0 0
1500 55.0561 -16.5489 18.0181 -0.0163736 -0.287422 409.979 0 0
1500 71.486 21.0657 17.8766 0.235207 0.333232 410.682 0 0
1500 106.654 -6.04654 17.8171 0.714076 -0.141764 410.833 0 0
1500 110.367 -20.1662 17.8094 0.771504 -0.341039 410.304 0 0
1500 104.726 43.7054 17.897 0.737419 0.660814 410.71 0 0
1500 96.1823 55.0828 17.8913 0.622865 0.833211 409.873 0 0
1500 90.1137 -23.5109 18.4235 0.563448 -0.419406 410.482 0 0
1500 115.385 33.0807 17.903 0.886536 0.552425 410.703 0 0
1500 98.0854 48.1856 17.9147 0.658033 0.769976 410.202 0 0
1500 115.875 -36.5423 17.8303 0.947391 -0.518474 410.203 0 0
1500 69.0059 18.9542 18.3697 0.269685 0.355066 410.864 0 0
1500 102.962 51.1178 17.8833 0.708099 0.856962 410.146 0 0
1500 67.8034 -16.135 17.9758 0.103185 -0.291212 409.833 0 0
1500 24.9863 7.99907 17.9221 -0.571578 0.0941322 410.281 0 0
1500 72.875 0.235759 17.9169 0.317524 0.0182117 410.06 0 0
1500 85.7959 67.0383 17.8973 0.511172 1.05682 410.673 0 0
1500 30.474 30.0102 17.8682 -0.458875 0.552742 410.493 0 0
1500 89.7605 42.9936 18.1489 0.55034 0.767647 410.78 0 0
1500 93.7992 68.3264 17.9886 0.671907 1.1222 410.693 0 0
1500 137.307 36.2042 17.9413 1.39789 0.639231 410.296 0 0
1500 77.0953 -6.18997 18.7717 0.397771 -0.0341486 410.966 0 0
1500 50.4233 -3.17112 18.2286 -0.0894181 -0.0996749 411.269 0 0
1500 45.9914 17.1748 17.8382 -0.150479 0.301089 411.085 0 0
1500 115.512 -20.9848 17.8717 0.882757 -0.336175 411.006 0 0
1500 99.268 45.0703 17.9011 0.655183 0.675863 411.17 0 0
1500 38.5105 -60.3232 17.8357 -0.32797 -0.914357 411.124 0 0
1500 108.323 -2.24614 18.1587 0.871551 -0.0440983 411.216 0 0
1500 37.322 9.95535 18.3523 -0.307416 0.195234 410.905 0 0
1500 74.7715 42.7151 18.0923 0.30466 0.721717 411.13 0 0
1500 100.187 28.4976 18.0773 0.683011 0.554978 411.238 0 0
1500 33.9915 27.6466 17.9256 -0.388041 0.40036 411.965 0 0
1500 86.1451 -13.8281 18.4299 0.499114 -0.222228 412.989 0 0
1500 80.2691 -0.8818 18.6588 0.427069 0.0355939 412.126 0 0
1500 89.9206 -18.0937 18.096 0.52219 -0.29161 413.238 0 0
1500 108.506 -1.45717 17.9122 0.775593 0.0156564 412.136 0 0
1500 84.8451 55.7712 17.8946 0.434225 0.851433 411.802 0 0
1500 10.9592 15.425 17.8452 -0.75079 0.219958 411.489 0 0
1500 30.8164 33.8093 17.8519 -0.456966 0.47953 412.442 0 0
1500 28.4152 15.2383 17.8574 -0.487356 0.212593 413.003 0 0
1500 29.7596 19.5147 17.857 -0.468553 0.273329 412.966 0 0
1500 31.2441 -23.5929 17.8563 -0.447941 -0.338094 412.898 0 0
1500 68.228 56.7957 17.8839 0.17082 0.907234 412.549 0 0
1500 114.836 30.9689 17.9405 0.929946 0.468083 412.603 0 0
1500 97.5795 37.8347 17.9855 0.648327 0.635473 411.645 0 0
1500 142.609 32.1401 17.8808 1.30899 0.550705 412.005 0 0
1500 93.7703 -57.1665 17.8369 0.604316 -0.85645 413.204 0 0
1500 112.178 23.1064 17.8419 0.897055 0.339092 411.671 0 0
1500 120.124 4.64376 17.839 1.00909 0.0590629 412.212 0 0
1500 -0.307212 9.3102 17.9064 -0.94034 0.111739 411.83 0 0
1500 93.8061 31.1502 18.1841 0.590471 0.544358 412.306 0 0
1500 73.0654 -29.8103 18.1866 0.205016 -0.482796 411.353 0 0
1500 75.1043 -4.15977 17.9488 0.296012 0.00973358 412.413 0 0
1500 83.7584 -14.9095 18.4624 0.50481 -0.289689 413.291 0 0
1500 82.0036 -55.6415 17.9019 0.425187 -0.888424 413.286 0 0
1500 54.0054 11.0662 18.1312 -0.0850829 0.216649 411.855 0 0
1500 86.5164 17.4975 18.1602 0.539644 0.310315 412.922 0 0
1500 41.2333 15.9342 18.0082 -0.292036 0.19126 411.886 0 0
1500 41.1364 -28.4444 18.0025 -0.291738 -0.493382 412.284 0 0
1500 21.1541 -11.2692 18.0002 -0.597904 -0.228267 412.456 0 0
1500 103.176 -3.37997 17.8866 0.775565 -0.0654498 412.777 0 0
1500 15.6412 -11.5459 17.9549 -0.687143 -0.120979 412.741 0 0
1500 41.447 -25.649 17.9382 -0.253833 -0.473739 412.414 0 0
1500 89.1836 25.873 17.8479 0.555985 0.424822 412.537 0 0
1500 100.883 1.76804 17.925 0.697835 -0.0449632 413.166 0 0
1500 76.8055 5.23884 17.8712 0.364859 0.119383 412.253 0 0
1500 108.476 -41.7444 17.81 0.799431 -0.720399 413.15 0 0
1500 125.778 30.1229 17.9286 1.14688 0.441553 412.828 0 0
1500 68.155 -39.6888 17.8391 0.236907 -0.632786 412.294 0 0
1500 119.773 -35.1505 17.9392 1.02265 -0.627915 412.655 0 0
1500 7.27596 2.05569 17.9114 -0.846359 -0.0431121 411.445 0 0
1500 140.594 -31.1436 18.2152 1.46089 -0.518639 412.103 0 0
1500 87.3681 35.3204 17.8896 0.53729 0.620674 413.026 0 0
1500 43.6195 21.5912 18.4002 -0.272047 0.366092 412.142 0 0
1500 3.01265 -38.354 18.0389 -0.990286 -0.736606 412.173 0 0
1500 99.6176 28.3786 18.0323 0.804963 0.520449 412.428 0 0
1500 98.9155 -19.8986 17.9094 0.702448 -0.344369 413.379 0 0
1500 103.111 34.2741 17.927 0.699244 0.537675 413.421 0 0
1500 122.688 14.0353 17.837 1.02834 0.196428 413.459 0 0
1500 113.163 -37.1055 17.8892 0.89802 -0.535542 413.457 0 0
1500 91.6328 -30.9351 17.9218 0.55315 -0.545695 413.447 0 0
1500 80.1102 -17.5784 18.0043 0.298016 -0.313271 413.42 0 0
1500 83.1949 9.50078 17.8561 0.448377 0.0882566 413.431 0 0
1500 99.3417 -33.712 17.9041 0.632869 -0.534652 413.656 0 0
1500 101.432 10.4992 18.5911 0.823603 0.122661 413.812 0 0
1500 78.5916 -29.564 17.9172 0.258341 -0.490132 413.613 0 0
1500 51.8224 -35.8339 17.8573 -0.0414296 -0.612733 413.842 0 0
1500 99.241 46.7384 17.9485 0.747638 0.731245 413.81 0 0
1500 71.1632 -42.1604 18.2491 0.232268 -0.772267 413.612 0 0
1500 47.0198 1.7496 18.2153 -0.173129 0.0254786 414.022 0 0
1500 78.9228 0.139951 17.9224 0.33905 0.0567356 414.03 0 0
1500 82.8575 40.3994 17.9345 0.408177 0.618423 414.113 0 0
1500 79.4574 -83.8388 17.809 0.261902 -1.29257 414.067 0 0
1500 102.393 29.8132 18.148 0.767644 0.489092 414.103 0 0
1500 91.9433 -52.1847 17.8865 0.473675 -0.846666 414.046 0 0
1500 118.08 23.7174 17.8222 0.971753 0.337749 414.553 0 0
1500 26.5293 49.1195 17.994 -0.520158 0.773923 414.464 0 0
1500 97.8534 -42.6718 17.913 0.638445 -0.714295 414.469 0 0
1500 89.1633 -8.95697 18.1681 0.52718 -0.140096 414.803 0 0
1500 53.0505 27.5057 17.9351 -0.0282239 0.443989 414.759 0 0
1500 77.8456 12.3024 17.9468 0.333578 0.221244 415.022 0 0
1500 85.6447 3.09733 17.92 0.431657 -0.0141095 414.902 0 0
1500 66.45 -36.5664 17.9738 0.118961 -0.577635 415.125 0 0
1500 121.223 -18.0788 17.8729 1.00938 -0.279102 415.564 0 0
1500 118.428 25.8107 17.8741 0.95905 0.363379 416.215 0 0
1500 37.33 -39.3075 18.0817 -0.342895 -0.615876 414.749 0 0
1500 102.798 -51.1995 17.8303 0.737905 -0.740014 415.338 0 0
1500 108.731 42.2003 17.8447 0.814498 0.657041 416.085 0 0
1500 123.415 -8.22449 17.8448 1.04006 -0.0864242 415.478 0 0
1500 -4.15945 19.7461 17.8719 -0.960644 0.359092 415.225 0 0
1500 98.6663 -38.9583 17.8868 0.694182 -0.618744 414.997 0 0
1500 -2.49522 10.1951 17.8991 -0.969576 0.122166 415.48 0 0
1500 91.3972 -45.0302 17.8142 0.569441 -0.728354 414.748 0 0
1500 97.5386 19.4475 18.1404 0.714392 0.300195 415.189 0 0
1500 31.5505 34.8407 18.0491 -0.446187 0.559637 414.895 0 0
1500 97.123 26.4516 18.1493 0.704833 0.418014 415.946 0 0
1500 43.565 -53.5256 17.9396 -0.187979 -0.884845 415.646 0 0
1500 104.031 -17.4276 17.9441 0.733589 -0.340602 415.143 0 0
1500 22.3056 -20.6046 18.0378 -0.592406 -0.33748 415.208 0 0
1500 99.1225 -17.5694 17.934 0.714018 -0.296807 415.188 0 0
1500 61.8425 -6.8534 18.0834 0.136009 -0.168927 414.902 0 0
1500 87.6052 -5.57319 18.1769 0.493496 -0.16141 416.142 0 0
1500 40.2956 -58.6968 17.9249 -0.343695 -0.913589 414.855 0 0
1500 56.963 -13.6294 17.906 -0.0200733 -0.289771 415.05 0 0
1500 3.59103 -19.3317 17.9018 -0.89429 -0.246245 415.644 0 0
1500 47.1475 45.5958 18.2545 -0.1449 0.83356 414.656 0 0
1500 53.4463 -41.4835 18.0625 -0.143399 -0.702091 415.42 0 0
1500 135.967 -2.58498 18.0578 1.35918 -0.113998 415.399 0 0
1500 24.8658 -4.3792 18.1143 -0.599483 -0.13016 415.724 0 0
1500 110.112 -7.51594 18.1796 0.992553 -0.0787773 415.862 0 0
1500 67.611 -11.8782 18.6491 0.139293 -0.204186 415.72 0 0
1500 82.9321 -5.47757 19.021 0.520748 -0.0701732 416.365 0 0
1500 117.29 -25.7467 17.8746 0.940536 -0.387448 416.355 0 0
1500 114.291 33.1885 17.8236 0.889653 0.466202 416.46 0 0
1500 -2.72584 -13.8505 17.8972 -0.972035 -0.233272 416.249 0 0
1500 99.1693 -19.1045 18.1622 0.742287 -0.290732 416.435 0 0
1500 109.442 23.7866 17.8486 0.847183 0.317301 416.312 0 0
1500 3.79619 -12.4518 17.9947 -0.934795 -0.249023 416.399 0 0
1500 115.73 -14.5729 18.0964 1.06507 -0.295182 416.453 0 0
1500 80.7501 -0.43562 18.5269 0.420637 0.0450489 417.239 0 0
1500 83.4631 -18.1997 18.1596 0.439429 -0.299458 416.738 0 0
1500 86.3662 4.45406 18.2367 0.486802 0.0131956 417.383 0 0
1500 104.545 7.80272 17.9042 0.736283 0.123593 416.59 0 0
1500 95.7297 -10.0613 17.8749 0.594778 -0.104358 417.452 0 0
1500 59.272 54.7215 17.91 -0.00486993 0.84194 417.842 0 0
1500 110.731 -22.9603 17.8809 0.83171 -0.341409 417.462 0 0
1500 111.266 -33.4877 17.8249 0.842291 -0.50208 416.732 0 0
1500 78.7346 -61.9495 17.8245 0.371187 -0.915668 416.653 0 0
1500 113.793 -36.0479 17.9085 0.851564 -0.595334 416.592 0 0
1500 111 -39.8912 17.9084 0.811459 -0.652062 416.533 0 0
1500 106.593 -44.418 17.8074 0.779851 -0.700198 416.514 0 0
1500 111.229 -38.4457 17.8378 0.831149 -0.617125 417.615 0 0
1500 105.803 -5.23899 18.1209 0.833569 -0.0655742 416.584 0 0
1500 4.71812 20.2351 17.9887 -0.838898 0.356391 416.578 0 0
1500 78.0417 54.0565 18.0028 0.361801 0.874405 417.106 0 0
1500 122.021 2.03379 17.8423 1.02168 -0.0137248 417.408 0 0
1500 62.4289 -42.9423 18.2122 0.128145 -0.723209 417.871 0 0
1500 61.1788 43.011 17.9044 -0.00444157 0.705454 416.975 0 0
1500 63.4384 15.0858 18.0376 0.0351521 0.252292 416.875 0 0
1500 66.0922 -43.5399 17.9505 0.20268 -0.710308 417.57 0 0
1500 16.8639 -10.056 17.8919 -0.65578 -0.226651 417.22 0 0
1500 121.031 -17.0038 17.8375 1.01224 -0.194442 417.002 0 0
1500 29.8827 -5.29255 17.8994 -0.505332 -0.0979953 417.461 0 0
1500 105.033 -11.2581 18.2899 0.856137 -0.134883 417.358 0 0
1500 75.5949 8.0157 17.9513 0.343833 0.177787 417.693 0 0
1500 35.7049 29.3007 18.0686 -0.418377 0.577857 416.797 0 0
1500 0.0529071 -23.2302 17.8068 -0.936565 -0.390287 417.961 0 0
1500 41.6417 1.72921 17.9417 -0.30866 0.0673981 417.945 0 0
1500 101.324 3.06012 18.0702 0.699547 0.0694786 418.391 0 0
1500 110.974 14.8015 17.8547 0.822256 0.245932 418.172 0 0
1500 51.3091 52.9128 17.8823 -0.125789 0.814166 418.546 0 0
1500 57.2984 -64.4393 17.9112 -0.0115014 -1.00462 418.393 0 0
1500 116.056 -31.4474 17.7951 0.902896 -0.513287 418.171 0 0
1500 2.37918 23.542 17.892 -0.885756 0.396781 418.566 0 0
1500 102.875 8.5046 18.0677 0.736836 0.204264 418.342 0 0
1500 80.702 -23.7092 17.9787 0.444125 -0.37944 418.233 0 0
1500 63.8782 5.09527 18.0555 0.0895606 0.150623 418.109 0 0
1500 31.2563 13.5874 17.9863 -0.418558 0.285218 418.11 0 0
1500 91.2706 -66.9125 17.9204 0.607247 -1.06609 418.285 0 0
1500 107.572 -2.4858 18.1707 0.909466 0.0277953 418.365 0 0
1500 70.3794 -1.72581 18.2386 0.281307 -0.0473642 419.026 0 0
1500 37.6047 14.6173 18.1285 -0.302641 0.243072 419.413 0 0
1500 43.0894 5.93061 18.263 -0.22172 0.0743308 420.648 0 0
1500 54.6132 -1.26094 18.0765 -0.010027 -0.0857185 420.255 0 0
1500 86.3392 24.006 17.8518 0.466872 0.361047 418.797 0 0
1500 45.5453 -42.401 17.8905 -0.198074 -0.65176 419.98 0 0
1500 45.8128 -56.8361 17.8961 -0.205889 -0.872356 418.954 0 0
1500 92.4826 -13.189 17.8582 0.534974 -0.237556 420.364 0 0
1500 90.5222 12.6991 17.9984 0.522673 0.226891 421.003 0 0
1500 73.3961 -1.15634 17.9605 0.242127 -0.0839614 421.588 0 0
1500 83.341 -2.81315 17.958 0.381312 -0.107261 421.404 0 0
1500 46.6727 -28.5767 17.9558 -0.129894 -0.467303 421.24 0 0
1500 57.6207 -54.7629 17.8273 0.00577339 -0.853955 419.543 0 0
1500 74.8366 49.3149 17.9341 0.27995 0.764273 420.193 0 0
1500 78.7457 -31.481 18.0815 0.294968 -0.503729 422.245 0 0
1500 33.7963 33.1289 17.9493 -0.33894 0.534215 421.936 0 0
1500 43.2693 9.77806 18.0862 -0.2301 0.0939205 423.191 0 0
1500 82.7381 -59.1219 17.9365 0.44478 -0.922108 419.483 0 0
1500 108.269 4.45857 17.9486 0.783661 0.023434 423.022 0 0
1500 99.4724 48.6551 17.7989 0.627575 0.775522 421.541 0 0
1500 63.9115 63.6284 17.7971 0.113277 1.02296 419.559 0 0
1500 108.587 41.893 17.8292 0.82814 0.631504 420.095 0 0
1500 108.954 -43.4451 17.8289 0.830622 -0.637082 420.336 0 0
1500 121.039 -20.0943 17.8288 1.00737 -0.289839 420.509 0 0
1500 119.287 -23.1584 17.8302 0.968464 -0.330762 421.413 0 0
1500 1.75069 37.7189 17.8761 -0.89665 0.542319 420.728 0 0
1500 105.157 20.6515 17.9491 0.740411 0.390346 418.909 0 0
1500 140.711 -59.0647 17.8562 1.33602 -0.875364 418.871 0 0
1500 2.91073 -13.8583 17.8649 -0.828437 -0.253402 423.311 0 0
1500 19.851 -41.0666 17.8647 -0.586521 -0.642416 423.29 0 0
1500 121.633 6.3582 18.0168 1.03658 0.0985074 421.196 0 0
1500 109.527 -33.9125 17.9601 0.860561 -0.519866 420.338 0 0
1500 52.6764 54.14 17.9418 -0.0548357 0.895602 419.577 0 0
1500 48.6268 -25.1078 18.2823 -0.129694 -0.442223 419.361 0 0
1500 88.4661 -32.6366 18.2999 0.576349 -0.536358 420.379 0 0
1500 112.66 9.18105 17.8212 0.851877 0.143582 423.486 0 0
1500 27.6616 46.6491 17.9216 -0.512619 0.746751 419.658 0 0
1500 122.104 15.2279 17.8095 1.01487 0.260481 421.172 0 0
1500 99.5391 13.5188 18.0374 0.735571 0.200488 419.595 0 0
1500 103.793 31.3879 18.0301 0.790895 0.467036 420.379 0 0
1500 1.60747 -31.5331 17.794 -0.90035 -0.467476 422.842 0 0
1500 58.0342 -51.0435 17.8346 0.0506111 -0.840245 419.655 0 0
1500 107.03 8.18148 17.9213 0.833845 0.108272 419.979 0 0
1500 45.3068 -53.7161 18.0117 -0.223141 -0.862627 420.796 0 0
1500 119.599 12.1463 17.9404 0.974249 0.188692 423.944 0 0
1500 111.095 25.6041 17.9415 0.886893 0.398762 421.183 0 0
1500 89.5131 -13.1999 17.9576 0.577255 -0.189188 419.489 0 0
1500 95.988 18.2259 17.9529 0.673104 0.293662 419.874 0 0
1500 118.191 23.6021 17.9376 0.977807 0.362846 422.252 0 0
1500 94.8047 15.0952 17.9542 0.656118 0.246102 419.759 0 0
1500 107.572 0.196786 17.948 0.844653 0.0171665 420.339 0 0
1500 73.772 -51.5337 18.095 0.300873 -0.848232 420.889 0 0
1500 1.36133 -8.9672 17.9837 -0.921689 -0.14667 420.098 0 0
1500 107.822 18.2769 17.8688 0.782647 0.353617 420.19 0 0
1500 39.0313 59.1229 17.8616 -0.263855 0.962288 421.223 0 0
1500 67.6892 49.075 17.8696 0.169902 0.825063 420.106 0 0
1500 105.093 4.40688 17.8733 0.746013 0.14274 419.746 0 0
1500 81.3805 43.0494 17.8703 0.379734 0.733784 420.028 0 0
1500 21.7425 48.8821 17.8632 -0.526218 0.81202 420.919 0 0
1500 67.4734 59.7503 17.8621 0.164092 0.973429 421.106 0 0
1500 83.7688 -1.9747 18.0272 0.453128 -0.101226 419.855 0 0
1500 60.9928 24.4796 18.0399 0.0307026 0.442674 419.913 0 0
1500 57.1773 9.33189 18.0441 -0.0282981 0.209807 419.637 0 0
1500 96.071 19.0448 17.9253 0.65227 0.344736 420.68 0 0
1500 123.942 3.50266 17.8641 1.04299 0.079747 423.597 0 0
1500 113.465 -4.17953 17.8711 0.917908 -0.0343191 421.447 0 0
1500 115.044 32.4895 17.864 0.916531 0.508498 423.27 0 0
1500 73.5566 32.8394 17.921 0.323896 0.521271 421.017 0 0
1500 108.19 19.0668 17.9286 0.849065 0.300714 421.662 0 0
1500 39.3688 10.2577 17.8194 -0.354362 0.108332 419.605 0 0
1500 36.8062 -53.1447 17.8537 -0.283697 -0.87509 421.604 0 0
1500 118.484 -25.9564 17.8471 0.937675 -0.452122 423.017 0 0
1500 121.483 -11.3411 17.8484 0.989458 -0.236347 422.531 0 0
1500 66.5722 -63.109 17.848 0.166127 -1.01062 422.641 0 0
1500 89.4406 55.8448 18.0309 0.477133 0.919939 421.634 0 0
1500 100.967 27.7774 18.2379 0.7255 0.483504 422.835 0 0
1500 106.885 13.7776 17.9748 0.833387 0.231036 421.845 0 0
1500 26.816 -10.839 18.017 -0.526637 -0.198671 420.952 0 0
1500 77.2599 59.1837 17.8549 0.37639 0.94124 420.311 0 0
1500 56.8608 -34.2755 17.9991 0.0247008 -0.59659 421.861 0 0
1500 56.2698 -2.5772 18.0087 0.0158662 -0.114217 421.103 0 0
1500 96.0008 13.9305 18.0414 0.683667 0.216924 422.152 0 0
1500 56.4239 44.275 18.1172 -0.0067463 0.762244 421.171 0 0
1500 93.8126 57.7732 17.8276 0.60677 0.850367 423.983 0 0
1500 106.446 -28.151 18.1248 0.835374 -0.436672 423.709 0 0
1500 35.7634 -34.7179 17.9317 -0.398512 -0.568221 421.762 0 0
1500 3.00105 -10.8022 17.922 -0.889131 -0.197399 422.736 0 0
1500 31.3741 -60.1556 17.7917 -0.370491 -0.967404 423.625 0 0
1500 27.2995 -21.6002 17.8116 -0.44863 -0.406239 421.064 0 0
1500 59.5227 65.4245 17.8505 0.0413999 1.08891 421.404 0 0
1500 43.3451 25.3898 17.9355 -0.298727 0.431792 419.766 0 0
1500 78.3113 17.5955 17.8825 0.353922 0.34398 421.216 0 0
1500 81.3105 -3.99114 17.9325 0.433739 -0.0208808 422.492 0 0
1500 91.5356 -1.65858 17.9282 0.585357 0.014595 422.982 0 0
1500 75.3919 33.6055 18.1939 0.365624 0.562831 423.014 0 0
1500 76.8251 46.207 17.9739 0.383647 0.791431 418.871 0 0
1500 -20.6822 52.1913 17.8711 -1.215 0.855838 423.538 0 0
1500 17.8486 -10.8748 17.9313 -0.680375 -0.101654 418.81 0 0
1500 3.39029 18.171 17.8129 -0.845229 0.352465 422.968 0 0
1500 106.47 16.8885 17.8182 0.732527 0.335925 422.38 0 0
1500 95.6557 51.5876 17.8075 0.553444 0.85002 423.878 0 0
1500 46.1055 24.9356 17.8292 -0.198635 0.466114 421.484 0 0
1500 50.5212 21.2065 17.8312 -0.130054 0.408846 421.345 0 0
1500 99.192 -39.9082 17.9061 0.664306 -0.671778 423.569 0 0
1500 83.4387 42.4328 17.9357 0.465279 0.714696 421.688 0 0
1500 35.2177 31.2363 17.881 -0.372277 0.555332 422.354 0 0
1500 58.4099 33.7743 17.9879 0.0433876 0.595118 422.818 0 0
1500 49.5198 43.0335 18.1196 -0.161161 0.684069 423.643 0 0
1500 87.3938 49.5995 17.7984 0.503882 0.799481 423.666 0 0
1500 82.2399 30.1869 17.8108 0.433963 0.514316 422.385 0 0
1500 20.0716 -35.3707 17.9396 -0.639129 -0.547769 423.831 0 0
1500 188.025 79.8162 17.8472 2.0621 1.24625 423.757 0 0
1500 121.087 -15.8811 17.9275 1.0944 -0.228669 420.857 0 0
1500 16.9643 -44.7123 18 -0.694638 -0.781341 421.075 0 0
1500 89.0507 -3.79973 17.8226 0.554023 -0.0336507 423.519 0 0
1500 70.9314 21.1688 17.8256 0.272701 0.356393 423.31 0 0
1500 30.2628 -35.3513 18.3388 -0.439439 -0.662083 419.756 0 0
1500 67.418 4.7724 17.8218 0.132227 0.152653 423.394 0 0
1500 27.9452 7.11266 18.2807 -0.536867 0.077432 419.325 0 0
1500 75.2081 -10.5532 17.9281 0.232672 -0.234808 422.467 0 0
1500 104.908 37.7656 17.989 0.781653 0.699151 422.224 0 0
1500 118.898 15.3371 17.9002 1.04049 0.192166 423.29 0 0
1500 96.5631 -69.9394 17.9807 0.70841 -1.18521 422.652 0 0
1500 188.102 -89.1456 17.9186 2.22608 -1.47613 423.078 0 0
1500 100.539 -30.0043 17.9376 0.732374 -0.579178 422.475 0 0
1500 84.1481 25.1304 17.9814 0.38847 0.479504 423.558 0 0
1500 64.8157 38.9329 18.3895 0.107307 0.698372 424.07 0 0
1500 38.3324 -20.6445 18.1967 -0.372784 -0.443792 421.487 0 0
1500 108.77 2.9614 18.4141 0.969857 0.12024 423.44 0 0
1500 77.922 -115.05 18.2154 0.300292 -2.17769 420.919 0 0
1500 69.6445 -2.70027 18.7859 0.335108 -0.0339123 425.487 0 0
1500 89.6575 -19.9497 18.2988 0.554534 -0.295272 424.573 0 0
1500 63.1302 -19.6982 17.9283 0.140738 -0.31063 424.223 0 0
1500 96.5731 28.0881 18.1169 0.619334 0.44746 424.26 0 0
1500 56.8587 0.033058 17.9391 0.0223821 -0.063211 424.841 0 0
1500 85.9116 -12.0736 17.9326 0.428796 -0.232925 424.368 0 0
1500 85.0477 2.68902 17.8539 0.449891 0.0449059 424.228 0 0
1500 91.1888 27.0622 17.9564 0.486908 0.450268 424.407 0 0
1500 104.159 -12.4143 17.9721 0.737419 -0.187914 424.242 0 0
1500 61.8902 -4.15749 17.9875 0.138605 -0.070178 425.498 0 0
1500 20.5904 8.15442 17.9347 -0.573504 0.150881 424.986 0 0
1500 14.3358 16.1266 17.9302 -0.664884 0.264169 424.597 0 0
1500 45.8404 44.0379 17.9311 -0.220222 0.657148 424.677 0 0
1500 87.4009 -36.1061 18.0154 0.468934 -0.565489 425.277 0 0
1500 92.615 5.83052 18.0441 0.576886 0.0763564 425.654 0 0
1500 42.3034 7.51524 18.2946 -0.228385 0.0981726 427.528 0 0
1500 61.8263 -54.5921 17.8347 0.101352 -0.833963 424.402 0 0
1500 104.143 5.95166 17.9526 0.73453 0.0971008 425.521 0 0
1500 84.8188 28.9699 17.9571 0.45928 0.419446 425.926 0 0
1500 110.333 0.0699491 17.9489 0.826293 0.0141982 425.14 0 0
1500 88.223 -17.9291 17.9423 0.486429 -0.299441 426.007 0 0
1500 62.7441 -6.60298 18.2579 0.102623 -0.157624 427.888 0 0
1500 72.786 -21.2712 18.0771 0.259492 -0.35894 427.415 0 0
1500 12.1146 -23.8982 17.8947 -0.71419 -0.350515 425.874 0 0
1500 82.6134 -15.737 18.2157 0.399782 -0.241468 432.873 0 0
1500 58.5968 63.9278 17.8076 0.0708506 0.956573 424.612 0 0
1500 99.721 49.7058 17.9112 0.670821 0.772264 424.32 0 0
1500 88.1382 24.8238 17.9295 0.485583 0.396754 426.705 0 0
1500 102.483 -14.4401 17.8802 0.69978 -0.177146 426.279 0 0
1500 108.51 39.2012 17.8666 0.805197 0.596737 424.511 0 0
1500 22.6398 -52.9996 17.7951 -0.573231 -0.820658 424.411 0 0
1500 20.0292 14.0269 17.8127 -0.592994 0.151001 426.525 0 0
1500 107.632 -16.0652 18.0644 0.7972 -0.243739 426.736 0 0
1500 80.4487 11.1394 18.0785 0.406542 0.13748 428.006 0 0
1500 102.656 -33.4608 17.8911 0.715585 -0.479285 426.237 0 0
1500 64.9946 -14.5317 17.8561 0.167681 -0.211117 428.263 0 0
1500 80.3948 -25.6324 17.8135 0.341892 -0.425016 427.711 0 0
1500 105.615 18.9006 17.9761 0.781463 0.301096 425.418 0 0
1500 89.4034 -13.367 17.9295 0.521093 -0.153294 427.034 0 0
1500 77.6977 4.66233 17.9552 0.319367 0.0941699 432.723 0 0
1500 10.7934 -14.0198 17.8877 -0.710466 -0.269439 425.846 0 0
1500 81.5392 11.1806 17.8321 0.318317 0.226269 428.664 0 0
1500 60.8533 63.2195 17.8088 0.0292182 0.990573 426.183 0 0
1500 61.2924 52.0973 17.892 0.00843208 0.79433 427.882 0 0
1500 101.679 -49.2083 17.829 0.692632 -0.77581 425.918 0 0
1500 102.067 -19.5857 17.8435 0.675253 -0.329558 428.246 0 0
1500 116.28 -27.6349 17.9232 0.930083 -0.408728 426.973 0 0
1500 110.765 -36.0378 17.9225 0.872288 -0.544482 425.217 0 0
1500 108.901 -42.6476 17.9216 0.830387 -0.632092 426.363 0 0
1500 33.7971 -101.493 17.8257 -0.420534 -1.56191 425.067 0 0
1500 114.765 19.5518 18.0522 0.949121 0.28107 425.335 0 0
1500 8.95164 -33.8299 17.8003 -0.740111 -0.557735 427.238 0 0
1500 48.2959 66.4521 17.911 -0.178584 1.03165 426.55 0 0
1500 124.514 -2.36312 17.8311 1.04055 0.0033838 426.688 0 0
1500 70.1403 8.23193 18.2608 0.218105 0.198573 424.182 0 0
1500 62.9269 40.709 18.2499 0.106552 0.686615 424.979 0 0
1500 103.048 -49.7362 17.805 0.732327 -0.733477 426.878 0 0
1500 40.1714 54.5385 17.8157 -0.28158 0.903714 424.803 0 0
1500 112.783 33.9498 17.8027 0.864632 0.51888 427.902 0 0
1500 105.419 15.4844 17.8142 0.739821 0.243907 429.519 0 0
1500 105.465 -10.8559 17.8154 0.786024 -0.116741 424.338 0 0
1500 71.1813 65.4378 17.8027 0.24671 1.01053 427.375 0 0
1500 60.1591 39.1699 17.9006 0.00305638 0.612255 430.522 0 0
1500 70.2354 65.4229 17.8805 0.152519 1.03398 426.913 0 0
1500 76.4461 46.1784 18.1017 0.336598 0.769086 425.683 0 0
1500 68.0171 14.43 17.8203 0.0967636 0.259848 430.874 0 0
1500 33.1839 17.7927 17.8155 -0.393049 0.308486 430.516 0 0
1500 8.51637 9.00316 17.8058 -0.749147 0.186986 429.674 0 0
1500 98.7616 0.566726 18.0116 0.713387 -0.0363099 424.37 0 0
1500 52.6888 -20.7742 18.174 -0.0758696 -0.384618 424.709 0 0
1500 88.5668 41.9352 17.7969 0.526425 0.632233 426.628 0 0
1500 105.66 29.8009 17.8096 0.779826 0.504187 425.3 0 0
1500 79.3678 34.8043 17.8676 0.398879 0.578085 424.601 0 0
1500 92.4879 42.3471 17.8584 0.592978 0.684814 425.516 0 0
1500 91.6787 10.4917 17.8724 0.536608 0.184871 430.911 0 0
1500 93.6411 52.7013 17.8539 0.581499 0.80233 428.797 0 0
1500 0.669449 5.27211 17.8588 -0.918336 0.0236627 425.699 0 0
1500 22.0224 1.31219 17.8722 -0.605569 -0.0372407 424.423 0 0
1500 41.8787 -5.70108 18.0475 -0.290374 -0.0509839 424.679 0 0
1500 33.853 7.94973 18.0455 -0.371549 0.143642 432.163 0 0
1500 -15.3704 -3.89141 17.8114 -1.12893 -0.0149223 428.802 0 0
1500 81.8931 -19.1548 18.1902 0.441234 -0.265502 432.547 0 0
1500 68.2227 -57.1325 17.9067 0.165665 -0.938033 426.373 0 0
1500 41.2133 9.58604 17.9523 -0.306619 0.0989613 424.427 0 0
1500 44.2452 -12.8802 17.9516 -0.259266 -0.250323 424.474 0 0
1500 77.2866 1.31638 18.0252 0.370316 -0.0404306 424.83 0 0
1500 45.46 60.088 17.9864 -0.200579 0.97851 426.273 0 0
1500 64.7602 -20.368 18.0954 0.131996 -0.390317 425.202 0 0
1500 20.7044 29.0697 17.8591 -0.57044 0.467476 430.859 0 0
1500 57.9108 56.8545 17.8531 -0.0433797 0.869138 430.227 0 0
1500 1.06614 -8.23202 17.8509 -0.910909 -0.0658095 426.052 0 0
1500 52.7809 66.0319 17.8446 -0.119307 1.02224 428.735 0 0
1500 11.3543 38.2258 17.8473 -0.748201 0.635686 426.596 0 0
1500 96.8155 15.9146 18.0632 0.681708 0.194887 425.886 0 0
1500 108.465 -35.3793 17.9852 0.842643 -0.55392 427.564 0 0
1500 97.5641 -18.3769 18.0113 0.677995 -0.337197 426.056 0 0
1500 72.4977 2.09236 18.3138 0.283998 0.108056 426.239 0 0
1500 101.631 -38.885 17.8693 0.661328 -0.647074 428.418 0 0
1500 1.33589 -15.743 17.9196 -0.894863 -0.293529 426.991 0 0
1500 49.101 -59.631 17.9182 -0.172752 -0.953294 427.213 0 0
1500 40.5411 57.3009 17.8768 -0.221239 0.926707 427.49 0 0
1500 36.8841 -42.1932 17.8889 -0.303203 -0.693691 428.921 0 0
1500 56.7033 -66.2132 17.8137 0.00431867 -1.04695 428.666 0 0
1500 90.2175 -54.7863 17.815 0.506656 -0.891674 427.648 0 0
1500 100.009 5.68176 17.8317 0.675186 0.0150349 425.494 0 0
1500 100.829 -4.80233 17.8306 0.686976 -0.147133 425.58 0 0
1500 96.9999 -13.9237 17.8311 0.628111 -0.288368 425.543 0 0
1500 113.186 -35.0951 17.892 0.877827 -0.549973 429.478 0 0
1500 69.9186 -4.26449 17.9197 0.262326 -0.10629 425.146 0 0
1500 105.59 26.1736 17.8992 0.734654 0.474644 426.741 0 0
1500 109.677 18.1574 17.9235 0.817789 0.267761 431.417 0 0
1500 113.617 5.49902 18.0226 0.898037 0.149922 427.589 0 0
1500 107.369 28.9712 17.8245 0.794844 0.439227 429.558 0 0
1500 77.587 -38.1657 17.8346 0.375253 -0.56937 426.532 0 0
1500 100.042 5.83503 17.8347 0.670397 0.0978484 431.302 0 0
1500 56.8552 -15.2999 17.8383 -0.0806067 -0.289075 425.191 0 0
1500 68.9271 -25.714 17.8348 0.108134 -0.450611 425.421 0 0
1500 50.228 15.7885 17.8388 -0.184521 0.198079 425.161 0 0
1500 120.989 3.57414 17.9045 0.960005 0.0460496 432.803 0 0
1500 45.5157 20.6265 17.8646 -0.160644 0.39292 425.603 0 0
1500 103.674 26.5863 17.8512 0.681853 0.443737 431.693 0 0
1500 37.6145 57.5291 17.843 -0.274845 0.937696 427.715 0 0
1500 85.9629 6.9097 17.9424 0.420125 0.180052 426.015 0 0
1500 91.557 28.8411 17.9338 0.501836 0.515098 426.667 0 0
1500 103.716 5.23272 18.0321 0.750456 0.0679591 431.529 0 0
1500 99.7946 -23.1922 17.8949 0.647079 -0.380206 432.259 0 0
1500 84.5698 -9.08497 17.9033 0.47311 -0.197858 426.049 0 0
1500 104.499 47.0599 17.9145 0.763101 0.717019 429.865 0 0
1500 102.591 16.8246 18.1548 0.787935 0.235477 428.154 0 0
1500 89.1614 45.0068 17.8411 0.481308 0.70578 431.806 0 0
1500 2.27477 3.9778 17.8171 -0.920338 0.0899971 427.567 0 0
1500 -6.17875 -6.19582 17.8128 -1.0035 -0.0620723 430.547 0 0
1500 62.2215 18.0986 17.8384 -0.00791384 0.313765 425.727 0 0
1500 44.0341 -17.8836 17.8378 -0.26184 -0.223422 433.271 0 0
1500 72.8226 -66.23 17.8532 0.174612 -1.03352 429.639 0 0
1500 46.4582 -25.6352 17.8767 -0.225995 -0.457622 426.195 0 0
1500 16.5289 -11.2838 17.8693 -0.685327 -0.232411 426.764 0 0
1500 -29.2745 -15.2782 17.9197 -1.3875 -0.284083 427.048 0 0
1500 19.1829 -22.2647 17.8475 -0.673456 -0.347685 426.908 0 0
1500 20.9314 1.48331 17.8517 -0.650084 0.0181874 426.552 0 0
1500 -3.74525 19.8964 17.8349 -0.970708 0.285265 430.646 0 0
1500 0.0634607 -31.6068 17.8338 -0.919762 -0.467106 430.308 0 0
1500 31.7715 33.3998 17.8498 -0.481026 0.511227 426.71 0 0
1500 42.5756 -14.8689 17.8592 -0.317507 -0.237021 426.018 0 0
1500 12.1284 7.36213 17.8077 -0.721763 0.0387546 427.751 0 0
1500 -4.06211 23.1407 17.8884 -0.986135 0.327364 429.368 0 0
1500 112.495 -10.9034 17.832 0.832957 -0.150088 433.507 0 0
1500 80.3213 -0.160713 17.8294 0.388959 0.0631068 426.19 0 0
1500 22.9602 -44.4441 18.0048 -0.580121 -0.71669 427.806 0 0
1500 21.6295 47.9277 17.8161 -0.594362 0.702281 432.165 0 0
1500 10.3974 37.6213 17.9179 -0.728304 0.637957 428.983 0 0
1500 26.3135 57.4078 17.9139 -0.481346 0.921875 429.992 0 0
1500 57.1916 6.73074 17.8427 0.0334639 0.146493 434.387 0 0
1500 102.138 48.7957 17.8756 0.705694 0.775015 430.887 0 0
1500 99.1484 21.1248 17.889 0.688347 0.381947 428.253 0 0
1500 44.7688 -8.08834 18.0001 -0.264846 -0.0946369 426.159 0 0
1500 122.838 -16.2478 17.872 1.02245 -0.204577 431.403 0 0
1500 85.4399 53.2685 17.8787 0.463656 0.797522 432.907 0 0
1500 102.227 -21.3691 17.8842 0.752127 -0.292126 428.503 0 0
1500 111.197 -3.47712 17.8833 0.826501 -0.0167415 433.481 0 0
1500 22.1419 55.3903 17.846 -0.529744 0.882379 431.643 0 0
1500 104.41 43.3916 17.8411 0.702015 0.726324 429.965 0 0
1500 76.1801 3.83249 17.8676 0.364193 0.0538665 427.583 0 0
1500 107.879 16.92 17.8499 0.839909 0.252449 429.06 0 0
1500 110.699 15.8579 18.0178 0.828488 0.265474 434.155 0 0
1500 11.3038 -14.6518 17.8902 -0.778421 -0.252042 429.032 0 0
1500 -14.547 64.3523 17.9496 -1.1905 1.098 426.285 0 0
1500 100.787 -14.8173 18.008 0.717641 -0.17937 431.667 0 0
1500 78.2734 -18.9272 18.0368 0.41516 -0.296649 428.815 0 0
1500 113.944 24.8961 18.0162 0.932676 0.365878 431.04 0 0
1500 100.77 27.519 18.0397 0.799258 0.434858 424.806 0 0
1500 24.2907 26.3479 17.8353 -0.477232 0.443141 434.801 0 0
1500 99.0132 47.6606 17.8211 0.592614 0.761844 433.184 0 0
1500 52.3333 32.4915 17.8392 -0.0804501 0.527592 435.122 0 0
1500 32.6979 51.522 17.8447 -0.472009 0.79418 428.311 0 0
1500 121.878 -1.09071 17.8204 1.00589 -0.0760163 430.631 0 0
1500 42.3273 -37.1639 17.8364 -0.196269 -0.63702 428.705 0 0
1500 124.475 -5.9724 17.8193 1.01616 -0.145322 432.514 0 0
1500 123.08 6.31285 17.8719 1.02513 0.070453 433.035 0 0
1500 107.249 -14.1376 17.8833 0.773854 -0.222035 434.837 0 0
1500 67.8339 -6.48497 18.2259 0.22177 -0.183224 426.435 0 0
1500 78.3659 34.5307 17.9396 0.277134 0.528631 439.325 0 0
1500 99.7175 15.8547 17.9004 0.725478 0.239579 429.864 0 0
1500 94.8763 48.2986 18.0325 0.649027 0.882971 424.857 0 0
1500 86.4746 12.7244 17.866 0.436482 0.27519 429.225 0 0
1500 93.0606 70.5657 17.8902 0.639934 1.19566 426.174 0 0
1500 92.2754 52.9128 17.9544 0.595889 0.820092 432.127 0 0
1500 77.6516 5.53977 17.963 0.407886 0.0893338 426.891 0 0
1500 100.021 -3.64518 17.8241 0.721045 -0.0330737 429.953 0 0
1500 42.3173 12.1814 17.939 -0.276357 0.180759 437.054 0 0
1500 100.879 -21.1785 17.8389 0.715451 -0.39701 429.137 0 0
1500 73.3498 31.0802 17.8592 0.314716 0.504074 429.909 0 0
1500 52.8826 -29.6002 18.0428 -0.0351046 -0.479908 437.463 0 0
1500 92.6124 -15.4583 18.0375 0.569976 -0.312291 430.793 0 0
1500 67.6549 -49.2352 18.0296 0.18558 -0.820731 431.511 0 0
1500 64.7365 -45.3822 18.0324 0.141959 -0.765593 431.231 0 0
1500 110.257 -32.3557 17.9882 0.828806 -0.505422 435.388 0 0
1500 24.9161 48.8073 17.8609 -0.573488 0.737582 431.701 0 0
1500 83.378 -59.9013 17.8114 0.380075 -0.96808 433.022 0 0
1500 73.7741 9.61425 17.985 0.247075 0.225121 430.418 0 0
1500 117.225 3.7011 18.0937 0.978641 0.0145831 433.31 0 0
1500 113.848 -22.4182 17.8064 0.917742 -0.345649 432.264 0 0
1500 55.0054 -45.1772 17.9887 0.00443611 -0.760376 431.726 0 0
1500 71.006 53.1648 17.8825 0.176196 0.87917 432.077 0 0
1500 93.523 35.9252 17.8865 0.522194 0.621125 431.635 0 0
1500 78.9594 -10.6327 18.0677 0.380635 -0.235675 431.324 0 0
1500 52.2384 -20.351 18.0691 -0.0310551 -0.385949 431.23 0 0
1500 73.8631 -4.65447 18.4978 0.299533 -0.150924 427.114 0 0
1500 137.863 34.0779 17.8121 1.21173 0.595121 432.229 0 0
1500 103.607 47.3112 17.828 0.723239 0.74419 434.884 0 0
1500 123.304 -4.95642 18.1581 1.14187 -0.039632 429.986 0 0
1500 115.915 32.4439 17.8261 0.920698 0.465006 435.218 0 0
1500 115.616 26.1416 17.8291 0.906699 0.368819 435.943 0 0
1500 68.4031 -9.49274 17.933 0.248541 -0.168083 431.138 0 0
1500 123.374 6.37416 17.9048 1.04552 0.074858 434.787 0 0
1500 82.1626 -38.5933 17.8779 0.323901 -0.665907 429.688 0 0
1500 37.0606 43.1107 17.8355 -0.2686 0.718753 432.127 0 0
1500 24.7598 40.5628 17.8776 -0.491782 0.665122 435.607 0 0
1500 121.963 5.47061 17.8738 1.03119 0.0991687 434.402 0 0
1500 101.002 -16.0391 17.8235 0.63438 -0.319972 431.996 0 0
1500 81.8018 0.552809 17.8838 0.350857 -0.0607234 438.946 0 0
1500 126.183 -41.682 17.8082 1.03444 -0.719708 432.17 0 0
1500 95.0196 -31.867 18.1527 0.663633 -0.519133 433.985 0 0
1500 104.382 -30.336 18.1481 0.797698 -0.491907 434.552 0 0
1500 116.805 18.4801 17.8965 0.930505 0.342509 434.156 0 0
1500 118.715 19.9574 17.8596 0.98598 0.290509 434.547 0 0
1500 73.209 -23.0038 18.0269 0.300877 -0.407185 434.169 0 0
1500 90.8768 44.5189 18.5208 0.613013 0.794701 430.358 0 0
1500 112.597 43.3932 17.7916 0.868639 0.681134 435.54 0 0
1500 79.5823 -62.2105 17.802 0.262316 -0.981709 434.654 0 0
1500 32.7277 -57.286 17.8023 -0.442533 -0.908726 434.578 0 0
1500 27.4202 -56.6916 17.876 -0.502896 -0.847667 437.346 0 0
1500 70.7788 3.4807 18.0319 0.266197 0.057301 440.72 0 0
1500 85.9863 -15.1694 17.8536 0.51082 -0.214821 432.641 0 0
1500 27.1052 19.4543 17.8654 -0.465359 0.375525 433.404 0 0
1500 27.3752 37.0346 17.8582 -0.455634 0.637827 434.2 0 0
1500 102.524 -39.4807 17.9782 0.752325 -0.747266 427.984 0 0
1500 171.284 -47.729 17.8315 1.85863 -0.735467 432.255 0 0
1500 119.745 13.1284 17.9658 1.002 0.15655 436.011 0 0
1500 69.4958 -53.3078 17.8083 0.225939 -0.868734 434.368 0 0
1500 43.2927 -65.0343 17.9148 -0.203549 -1.12226 431.072 0 0
1500 104.192 12.888 17.8648 0.724775 0.158785 439.811 0 0
1500 95.9466 4.58363 17.87 0.603985 0.0408038 440.267 0 0
1500 116.085 34.5352 17.8496 0.927927 0.483657 437.183 0 0
1500 73.0754 -12.5096 17.9123 0.23715 -0.241569 441.186 0 0
1500 29.3338 39.9466 17.8733 -0.465967 0.64503 437.229 0 0
1500 33.2469 16.086 17.8835 -0.421845 0.302459 435.036 0 0
1500 27.218 17.6774 18.0876 -0.560776 0.367383 428.618 0 0
1500 95.9142 53.2909 17.8933 0.622104 0.815794 438.633 0 0
1500 87.2662 30.3156 17.9102 0.480012 0.465525 440.942 0 0
1500 89.9537 -35.2353 17.8241 0.530019 -0.589844 436.549 0 0
1500 -3.86728 -242.249 17.8777 -0.960689 -3.91044 433.765 0 0
1500 92.4857 65.0247 17.9095 0.629344 1.09745 432.242 0 0
1500 156.531 -9.38406 17.8025 1.52216 -0.0738625 436.593 0 0
1500 110.938 -39.014 17.9078 0.832506 -0.636661 438.474 0 0
1500 -5.69008 -0.387554 17.8742 -1.0162 0.0226138 437.603 0 0
1500 18.8107 52.7611 17.8743 -0.630816 0.794799 439.574 0 0
1500 8.93302 44.0879 17.8726 -0.790147 0.682237 438.207 0 0
1500 -43.944 42.1366 17.9103 -1.62567 0.71816 435.058 0 0
1500 105.443 -43.4441 17.9798 0.779662 -0.687762 438.66 0 0
1500 40.6207 19.0727 17.8629 -0.271782 0.330625 442.397 0 0
1500 78.1954 11.4617 18.0866 0.330956 0.215936 444.915 0 0
1500 -5.28134 -3.23255 17.8105 -0.982884 -0.00999791 440.316 0 0
1500 25.3314 47.1226 17.8126 -0.564154 0.754822 437.202 0 0
1500 35.2674 4.11891 17.8322 -0.424748 0.104099 435.405 0 0
1500 110.94 -37.9889 17.9118 0.840378 -0.620456 439.148 0 0
1500 79.3068 -13.6114 18.2012 0.447497 -0.188712 437.188 0 0
1500 63.6446 31.5298 18.192 0.063941 0.513212 437.277 0 0
1500 113.231 3.33381 18.0027 0.897063 0.11407 438.228 0 0
1500 67.7007 21.361 17.9517 0.204802 0.397672 436.496 0 0
1500 90.4368 54.9632 17.9277 0.534466 0.880971 439.269 0 0
1500 82.9734 16.0705 17.8266 0.338791 0.312387 436.167 0 0
1500 58.2672 -23.1388 18.151 0.0695677 -0.381719 444.716 0 0
1500 107.886 28.3603 17.9947 0.845813 0.417433 438.803 0 0
1500 68.8148 54.218 17.9141 0.198436 0.893718 438.416 0 0
1500 69.4606 5.67815 18.0286 0.122746 0.091327 434.776 0 0
1500 97.1619 -1.78875 17.9125 0.598905 0.0324767 443.796 0 0
1500 114.996 -35.6352 18.0341 0.959598 -0.611905 437.072 0 0
1500 131.638 -74.1081 17.8094 1.09117 -1.20472 438.095 0 0
1500 82.8421 23.782 18.459 0.490426 0.421283 439.75 0 0
1500 88.8359 57.9149 17.9071 0.505355 0.917492 440.696 0 0
1500 29.4119 -58.963 17.8265 -0.382352 -0.943651 439.9 0 0
1500 74.5796 -49.6453 17.837 0.280669 -0.763829 443.391 0 0
1500 65.2443 -16.6095 17.8519 0.161834 -0.321122 437.208 0 0
1500 91.4709 27.0638 17.8811 0.597199 0.442028 437.86 0 0
1500 40.1957 -53.3768 18.0294 -0.27981 -0.868643 439.958 0 0
1500 85.3328 -24.8065 17.8465 0.390033 -0.419662 444.848 0 0
1500 53.9748 -21.8791 17.8507 -0.0572539 -0.419488 437.899 0 0
1500 81.7129 -60.8287 17.8263 0.351693 -0.961624 442.295 0 0
1500 60.6657 -47.2045 17.8713 0.0708078 -0.742219 443.716 0 0
1500 79.0604 -19.385 17.8794 0.359617 -0.369797 438.798 0 0
1500 75.6674 -36.1203 17.8752 0.283833 -0.579675 444.171 0 0
1500 115.122 34.1798 17.8328 0.863781 0.569296 442.271 0 0
1500 118.193 -23.4721 17.8215 0.98817 -0.349591 439.943 0 0
1500 75.3478 30.6974 17.9545 0.357342 0.492735 438.997 0 0
1500 93.8846 -16.8311 17.9024 0.563357 -0.252463 446.849 0 0
1500 15.08 50.4563 17.8661 -0.707099 0.760078 441.446 0 0
1500 13.7173 -37.1803 17.8722 -0.74158 -0.554853 440.159 0 0
1500 83.3791 -4.45697 17.8334 0.451222 -0.0161783 438.405 0 0
1500 126.411 19.7579 18.3516 1.3416 0.323965 429.852 0 0
1500 -14.2793 -1.84446 17.8115 -1.16915 -0.016574 440.937 0 0
1500 130.936 17.6159 18.0384 1.27274 0.246022 436.377 0 0
1500 113.128 31.3513 18.0239 0.879668 0.528355 442.31 0 0
1500 82.3041 30.9086 18.042 0.399286 0.492298 446.357 0 0
1500 -7.32203 8.18651 17.8298 -1.02702 0.142482 443.212 0 0
1500 52.6055 -16.0415 17.8577 -0.158188 -0.22719 438.899 0 0
1500 86.1588 -31.9449 17.9719 0.541408 -0.51798 438.293 0 0
1500 71.8226 -64.0941 17.8752 0.219402 -1.02286 443.15 0 0
1500 103.251 31.1198 17.9757 0.707269 0.54653 441.71 0 0
1500 84.4915 36.233 17.9818 0.427479 0.629939 441.077 0 0
1500 59.8129 56.6676 17.9738 0.049744 0.929723 441.953 0 0
1500 74.2879 60.7168 17.9693 0.264786 0.978927 442.756 0 0
1500 92.0983 -0.0598448 17.9492 0.591762 0.0761966 436.784 0 0
1500 84.1123 21.9714 17.9726 0.469408 0.397313 440.907 0 0
1500 107.085 43.3577 17.9525 0.785823 0.693682 443.997 0 0
1500 78.4019 24.7186 18.1981 0.39903 0.43307 442.642 0 0
1500 95.8223 62.8812 17.9172 0.678788 0.987942 440.241 0 0
1500 67.9773 46.2659 17.8619 0.10829 0.721462 446.427 0 0
1500 91.9189 -10.7776 17.9275 0.580587 -0.0991644 439.218 0 0
1500 107.131 37.3976 17.9292 0.754557 0.662502 440.04 0 0
1500 112.076 164.809 17.8403 0.891928 2.61114 441.092 0 0
1500 26.4584 57.3435 17.9163 -0.501774 0.909226 444.125 0 0
1500 103.111 -12.0202 18.2728 0.850133 -0.207596 439.42 0 0
1500 42.8813 4.7677 17.944 -0.30427 0.125963 438.484 0 0
1500 88.6599 32.948 18.3846 0.561916 0.615202 439.663 0 0
1500 82.348 41.5691 17.8875 0.408277 0.623495 449.056 0 0
1500 3.17695 22.3643 17.9547 -0.860051 0.407234 444.087 0 0
1500 43.78 -36.9415 18.1598 -0.26159 -0.649668 440.407 0 0
1500 131.377 35.1015 18.1011 1.26388 0.636957 440.576 0 0
1500 205.23 86.7156 17.9376 2.45236 1.53437 438.84 0 0
1500 109.257 -5.06859 17.8963 0.834671 -0.139842 444.615 0 0
1500 104.057 -47.1139 17.8858 0.726579 -0.751926 447.204 0 0
1500 115.743 -30.751 17.8869 0.891032 -0.507583 447.75 0 0
1500 62.3347 -62.9023 17.8878 0.116199 -1.00348 445.866 0 0
1500 82.7007 -24.9995 17.9476 0.3334 -0.415189 450.883 0 0
1500 102.154 45.3767 17.8452 0.738214 0.656455 445.743 0 0
1500 115.631 27.8766 17.8456 0.90394 0.377012 448.492 0 0
1500 62.1419 21.9759 18.1918 0.138519 0.358706 452.366 0 0
1500 84.0514 30.2009 18.1897 0.427806 0.542254 444.285 0 0
1500 63.1063 -27.4886 17.9938 0.115219 -0.446737 451.641 0 0
1500 75.9362 10.258 18.1036 0.291456 0.232475 444.75 0 0
1500 40.3323 -123.673 17.9856 -0.256881 -2.12084 440.363 0 0
1500 26.9848 -38.9283 18.034 -0.554769 -0.599624 442.093 0 0
1500 35.5591 27.9545 17.8105 -0.35981 0.511897 444.264 0 0
1500 39.1873 38.2257 17.8089 -0.27662 0.612214 450.498 0 0
1500 1.01281 2.1808 17.7993 -0.882438 0.109553 445.305 0 0
1500 -9.49272 3.88006 17.7917 -1.02202 0.132801 446.655 0 0
1500 48.913 -127.076 17.8624 -0.223451 -2.06746 442.341 0 0
1500 40.7927 8.44964 18.3614 -0.267265 0.138287 445.944 0 0
1500 88.533 -14.4738 18.0388 0.568662 -0.243509 445.326 0 0
1500 117.034 -23.4939 18.0197 0.968369 -0.367639 447.851 0 0
1500 104.856 -12.8091 18.0326 0.751606 -0.200021 451.176 0 0
1500 77.4243 -56.8609 17.9274 0.244119 -0.944024 442.603 0 0
1500 15.4538 116.717 17.9055 -0.634208 1.91614 443.682 0 0
1500 78.6173 32.9471 17.9 0.317475 0.585114 445.236 0 0
1500 145.577 13.5653 18.2452 1.53686 0.242511 442.451 0 0
1500 97.8673 -44.3899 17.9364 0.640836 -0.731308 447.56 0 0
1500 49.0288 30.6415 18.0015 -0.121368 0.488887 453.308 0 0
1500 108.305 -34.2771 17.9493 0.8258 -0.561262 447.597 0 0
1500 74.7768 -33.2592 17.9652 0.333409 -0.561477 445.759 0 0
1500 64.8845 37.1739 18.0719 0.0827803 0.623373 446.297 0 0
1500 8.77468 -40.5186 17.8042 -0.816612 -0.613491 447.706 0 0
1500 58.9133 -24.0348 17.8765 -0.02205 -0.389768 453.88 0 0
1500 76.6251 -33.7456 18.0177 0.267202 -0.618564 442.316 0 0
1500 33.1703 -28.0018 17.8118 -0.416311 -0.430096 452.394 0 0
1500 25.3808 -11.0958 17.8131 -0.525563 -0.191029 452.498 0 0
1500 47.1189 -11.0246 18.0854 -0.150946 -0.245995 446.478 0 0
1500 68.6987 -4.29597 18.1494 0.220787 -0.0532312 459.704 0 0
1500 88.3573 6.17348 18.2076 0.526497 0.0571388 454.593 0 0
1500 82.1217 6.69229 18.2099 0.439363 0.0641396 454.773 0 0
1500 106.878 35.8346 17.8514 0.705259 0.586618 451.982 0 0
1500 111.418 4.13894 17.9169 0.945006 0.120281 443.105 0 0
1500 27.2389 -2.69976 18.0461 -0.495603 0.017806 448.324 0 0
1500 38.053 64.874 17.9465 -0.351884 1.01983 449.579 0 0
1500 102.413 -33.8726 17.9379 0.70395 -0.547485 452.876 0 0
1500 90.7427 -40.2573 17.8126 0.446119 -0.673654 449.168 0 0
1500 96.2676 13.7511 17.8298 0.544862 0.264364 455.027 0 0
1500 93.7098 -13.8452 18.2185 0.658379 -0.173886 450.284 0 0
1500 55.2293 7.10033 17.9423 -0.0477102 0.165182 456.259 0 0
1500 120.316 26.3066 18.2069 1.1458 0.448306 445.016 0 0
1500 119.019 9.8343 18.2396 1.11648 0.20075 445.589 0 0
1500 89.1777 35.2726 18.0522 0.589468 0.558619 449.06 0 0
1500 73.7587 7.58965 18.0083 0.221499 0.181247 449.289 0 0
1500 2.88156 -26.689 17.9432 -0.88644 -0.411933 451.553 0 0
1500 60.202 26.647 17.978 -0.00734163 0.415109 457.102 0 0
1500 49.24 -13.3686 17.8478 -0.194926 -0.262458 449.198 0 0
1500 12.7626 -4.52935 17.8344 -0.753969 -0.122201 450.201 0 0
1500 43.4587 -11.133 17.8971 -0.255502 -0.264346 446.428 0 0
1500 59.6049 10.6295 18.1033 0.0529375 0.215502 458.281 0 0
1500 92.648 -15.1168 18.1399 0.587264 -0.217659 457.796 0 0
1500 53.1565 38.7139 18.0021 -0.162351 0.65975 445.865 0 0
1500 34.0218 42.2268 17.8668 -0.439019 0.663671 452.166 0 0
1500 117.914 16.6892 17.8617 0.934878 0.212769 456.366 0 0
1500 75.9036 -66.0211 18.1099 0.344222 -1.17835 447.762 0 0
1500 57.4256 -84.5578 18.0777 0.0542312 -1.49043 447.289 0 0
1500 134.453 -14.9404 18.0353 1.32231 -0.247098 450.535 0 0
1500 48.0646 -64.7892 17.8113 -0.163355 -1.03455 455.604 0 0
1500 93.252 -53.6905 17.8378 0.527598 -0.851692 457.278 0 0
1500 87.6222 30.3799 18.0975 0.48543 0.570504 450.678 0 0
1500 65.8013 -65.4854 17.907 0.139445 -1.02792 457.794 0 0
1500 62.9954 9.51995 17.8228 0.0798419 0.227709 453.568 0 0
1500 40.2802 59.9413 17.7977 -0.255733 0.941907 458.791 0 0
1500 82.9323 -61.0685 17.8276 0.355553 -0.981151 457.27 0 0
1500 -1.60739 -31.6515 17.8278 -0.890249 -0.536394 458.164 0 0
1500 52.4729 -13.1583 17.8556 -0.102652 -0.282391 453.944 0 0
1500 89.036 -11.5328 17.8743 0.49231 -0.116282 461.313 0 0
1500 116.019 8.77058 17.7988 0.894811 0.159746 459.839 0 0
1500 111.077 0.277547 17.8004 0.876022 0.0398685 455.688 0 0
1500 45.343 -52.5891 17.8247 -0.142718 -0.860448 456.072 0 0
1500 93.7885 -36.8415 17.8279 0.557552 -0.577425 460.846 0 0
1500 3.27121 -36.6841 17.8627 -0.875545 -0.571066 458.196 0 0
1500 73.9145 17.9409 17.9018 0.315482 0.327763 455.164 0 0
1500 81.3997 55.9677 17.8806 0.418104 0.889831 457.285 0 0
1500 100.369 -34.4501 17.8261 0.621901 -0.599378 456.31 0 0
1500 50.9252 66.1519 17.904 -0.0734723 1.04568 458.924 0 0
1500 79.101 22.8646 17.8988 0.264159 0.387351 455.798 0 0
1500 47.863 57.4773 17.9005 -0.167698 0.939383 457.751 0 0
1500 43.9474 64.6634 17.8952 -0.221706 1.02425 459.279 0 0
1500 59.8798 57.4398 17.9039 0.0130095 0.888272 461.52 0 0
1500 84.9794 43.037 18.0711 0.471782 0.804481 451.272 0 0
1500 40.163 12.9754 17.992 -0.325746 0.159069 455.498 0 0
1500 84.889 -48.3166 17.902 0.370249 -0.813055 455.515 0 0
1500 85.8593 29.6687 17.9462 0.472286 0.434146 463.214 0 0
1500 103.837 26.7865 17.9383 0.732686 0.397931 462.449 0 0
1500 37.3902 56.6291 17.8883 -0.280296 0.884007 461.906 0 0
1500 53.8811 -15.3878 18.0461 -0.0377883 -0.315416 457.468 0 0
1500 60.5088 2.28195 18.0487 0.0649148 -0.0421544 457.302 0 0
1500 68.2586 -38.5913 18.0357 0.182501 -0.666564 458.228 0 0
1500 39.5144 -36.9874 17.9501 -0.313235 -0.630726 457.957 0 0
1500 162.263 -11.8636 17.9424 1.69821 -0.167526 457.674 0 0
1500 124.27 -55.1682 17.9076 1.15903 -0.942847 453.92 0 0
1500 98.0252 0.527079 18.0774 0.708643 -0.0120548 459.504 0 0
1500 94.1197 -55.1656 17.9049 0.565899 -0.882417 461.227 0 0
1500 153.642 9.96742 18.0397 1.68849 0.132964 453.204 0 0
1500 132.527 33.3417 18.0477 1.23577 0.60347 457.054 0 0
1500 120.894 6.31645 17.8965 1.01222 0.133721 461.143 0 0
1500 -8.82312 -12.522 17.9622 -1.11116 -0.218382 457.889 0 0
1500 2.14204 -8.1263 17.8679 -0.854154 -0.0787754 464.306 0 0
1500 113.479 -23.3498 17.9312 0.879276 -0.326013 464.156 0 0
1500 26.0584 5.63451 18.0949 -0.591351 0.0478157 454.3 0 0
1500 32.1597 -57.1869 17.8588 -0.430178 -0.962998 459.321 0 0
1500 90.9465 -40.6545 17.8681 0.577372 -0.650972 461.174 0 0
1500 95.0936 -47.5773 17.8624 0.633106 -0.747696 461.956 0 0
1500 122.386 -11.1357 17.8586 1.02734 -0.194882 463.074 0 0
1500 26.6829 49.7362 17.8099 -0.513839 0.819751 461.781 0 0
1500 72.369 64.427 17.807 0.172028 1.00519 464.22 0 0
1500 108.936 -40.754 17.8856 0.83463 -0.627434 463.762 0 0
1500 58.8574 31.4832 18.1408 -0.0281607 0.598127 455.166 0 0
1500 155.289 -48.9068 17.9046 1.58453 -0.762095 462.494 0 0
1500 75.644 -60.5405 18.0996 0.315188 -1.08703 458.164 0 0
1500 87.5868 -61.3152 17.7955 0.504836 -0.909598 465.891 0 0
1500 53.5098 27.4396 17.8329 -0.0730327 0.455239 469.298 0 0
1500 113.453 13.6277 18.0598 1.05518 0.230064 455.543 0 0
1500 31.8892 60.3146 17.8041 -0.347851 0.963554 465.355 0 0
1500 105.114 42.2687 17.9144 0.764516 0.627518 467.737 0 0
1500 98.4448 -27.5858 17.908 0.628817 -0.432848 470.734 0 0
1500 119.387 -17.686 17.8591 0.974859 -0.354365 464.39 0 0
1500 5.73475 33.3225 17.8157 -0.789961 0.546573 469.951 0 0
1500 114.582 -26.5262 17.8635 0.866404 -0.492586 466.1 0 0
1500 94.7078 98.8175 17.9577 0.692563 1.63967 463.508 0 0
1500 76.3685 32.543 17.8992 0.372657 0.573906 464.138 0 0
1500 82.5522 -40.2922 17.9358 0.383016 -0.753862 463.693 0 0
1500 93.9676 -83.9241 17.8875 0.601323 -1.32036 471.535 0 0
1500 16.6816 7.4872 17.8434 -0.669226 0.197365 469.132 0 0
1500 143.865 -14.246 17.9499 1.48179 -0.229252 468.2 0 0
1500 111.774 12.071 17.9956 0.875074 0.245319 473.661 0 0
1500 70.7418 -27.4283 17.9024 0.210148 -0.449763 478.896 0 0
1500 170.376 -58.8433 17.8011 1.78039 -0.895809 475.559 0 0
1500 95.8698 -10.6643 17.8909 0.585395 -0.203016 484.907 0 0
1500 124.886 -3.15702 17.8715 1.03376 -0.101253 482.163 0 0
1500 71.533 -45.6065 17.9333 0.226609 -0.71084 485.343 0 0
1500 90.1228 -31.4528 17.9349 0.488163 -0.509797 485.495 0 0
1500 48.3655 -109.824 17.8111 -0.215872 -1.71063 481.851 0 0
1500 84.2347 64.1592 17.8083 0.328363 0.995347 485.499 0 0
1500 96.6595 7.79865 17.8886 0.603006 0.0640054 489.173 0 0
