Total number of secondary electrons: 1340
1500 88.5167 12.126 18.2945 0.766372 0.184165 254.249 0 0
1500 93.9216 0.385602 18.2667 0.83569 0.0276483 254.491 0 0
1500 95.2286 13.1986 17.3604 0.739228 0.23318 271.785 0 0
1500 94.1584 1.39282 17.6369 0.819872 0.0228432 273.231 0 0
1500 89.7889 1.48394 17.3258 0.710428 0.0346987 274.028 0 0
1500 99.1503 -6.14573 17.3138 0.827609 -0.0654821 274.61 0 0
1500 88.9102 -0.917734 16.9222 0.597781 0.0235765 274.88 0 0
1500 117.408 -25.2627 17.2263 1.21773 -0.493733 278.984 0 0
1500 89.506 8.38195 17.6022 0.646481 0.129507 285.147 0 0
1500 112.22 -4.58397 16.2124 0.825449 -0.0192552 289.058 0 0
1500 118.14 0.437504 16.2341 0.900013 0.048876 289.56 0 0
1500 62.9712 -9.93676 17.2798 0.169931 -0.166328 291.109 0 0
1500 56.0335 -25.7536 17.28 0.042806 -0.449993 291.316 0 0
1500 70.1491 25.2221 17.4079 0.260143 0.50964 292.563 0 0
1500 78.6255 -4.71757 17.4535 0.441275 -0.123353 295.53 0 0
1500 73.4297 -63.677 16.2852 0.256585 -0.82942 295.892 0 0
1500 115.442 -50.1424 16.51 0.887097 -0.680849 297.748 0 0
1500 37.3399 13.6813 17.1093 -0.299897 0.262629 298.175 0 0
1500 74.4673 -20.0705 16.4794 0.251134 -0.339675 298.266 0 0
1500 19.3548 43.8729 16.6343 -0.556744 0.598123 298.821 0 0
1500 121.117 -39.9189 16.5879 0.891017 -0.551181 299.26 0 0
1500 102.902 -2.10631 17.1846 0.686523 -0.0471843 299.633 0 0
1500 68.5533 -55.283 16.5352 0.167138 -0.805671 299.652 0 0
1500 73.0424 -3.36494 17.1488 0.218837 -0.0409707 300.016 0 0
1500 89.5727 9.03327 18.0885 0.649522 0.0914265 300.416 0 0
1500 85.8878 -2.35046 17.9066 0.548815 -0.0902796 301.177 0 0
1500 87.9193 -3.37107 18.0565 0.583479 -0.0416334 301.564 0 0
1500 94.8728 -21.37 17.1588 0.584838 -0.354598 301.723 0 0
1500 -7.30072 21.7456 16.7221 -0.903998 0.30383 301.794 0 0
1500 51.2981 17.311 17.1456 -0.0838974 0.228175 302.008 0 0
1500 75.1492 -32.7406 16.7832 0.30288 -0.476844 302.775 0 0
1500 77.7833 -81.7035 16.6743 0.334282 -1.13165 302.857 0 0
1500 147.04 2.4263 16.7574 1.27003 0.096151 303.502 0 0
1500 87.7413 -11.461 16.7291 0.369344 -0.211453 303.618 0 0
1500 107.237 -29.7451 16.8293 0.721871 -0.430085 303.922 0 0
1500 90.8031 -2.50257 17.5005 0.610855 -0.0409895 303.877 0 0
1500 86.7838 62.3324 16.7254 0.369506 0.845427 304.068 0 0
1500 91.3285 5.64061 17.9122 0.612645 0.166695 305.099 0 0
1500 89.2265 -8.01736 18.0551 0.549702 -0.162521 305.517 0 0
1500 91.1997 -7.51845 17.8825 0.590017 -0.153733 305.682 0 0
1500 92.8608 -6.27176 17.844 0.596114 -0.14704 305.691 0 0
1500 129.982 0.401034 17.2059 1.1146 -0.0466022 305.794 0 0
1500 98.8394 -12.4669 16.864 0.60021 -0.119851 305.949 0 0
1500 68.441 10.032 18.0151 0.251931 0.177757 306.343 0 0
1500 52.0118 12.7548 17.0287 -0.0956686 0.118006 306.501 0 0
1500 77.9262 30.5369 16.9163 0.32877 0.446156 306.737 0 0
1500 68.7306 -0.703912 17.2704 0.204392 0.0552873 307.881 0 0
1500 105.102 -1.87868 18.0221 0.954554 -0.0706852 308.037 0 0
1500 63.4003 27.8112 17.2832 0.133479 0.429353 308.232 0 0
1500 51.0418 -0.435427 17.6564 -0.102096 0.0631053 308.605 0 0
1500 91.957 13.1808 17.9892 0.619457 0.246226 308.969 0 0
1500 127.495 37.5048 17.2494 1.11848 0.612515 309.17 0 0
1500 110.232 -22.3004 17.131 0.703563 -0.306605 310.15 0 0
1500 91.4377 5.22884 17.4061 0.558382 0.156161 310.703 0 0
1500 -24.6877 -117.959 17.0774 -1.15891 -1.67746 310.785 0 0
1500 -2.43331 -89.6169 17.098 -0.797123 -1.29176 310.805 0 0
1500 110.563 34.2874 17.1688 0.827423 0.507534 310.836 0 0
1500 87.7987 -0.474694 17.2587 0.443109 0.000402531 310.914 0 0
1500 107.88 56.6293 17.0989 0.673849 0.748932 311.165 0 0
1500 63.9463 16.9374 17.413 0.16583 0.275864 311.148 0 0
1500 43.0447 26.9785 17.2153 -0.225853 0.405288 311.145 0 0
1500 121.726 52.3429 17.1036 0.910816 0.673031 311.431 0 0
1500 48.3724 39.4604 17.2265 -0.154312 0.568933 311.465 0 0
1500 15.9342 5.00161 17.2271 -0.583945 0.112389 311.481 0 0
1500 64.9416 44.5097 17.232 0.065069 0.63454 311.619 0 0
1500 95.6769 48.3401 17.5074 0.661257 0.749973 311.733 0 0
1500 81.5023 -0.487105 18.206 0.46331 0.00559826 311.781 0 0
1500 83.8997 -14.368 17.9423 0.467927 -0.241622 311.804 0 0
1500 78.2092 37.116 17.4388 0.350534 0.536778 311.884 0 0
1500 79.2174 8.20505 17.966 0.452822 0.106577 312.27 0 0
1500 91.4011 -6.33131 18.0718 0.59514 -0.0358938 312.246 0 0
1500 57.5173 9.0251 18.2624 0.0496761 0.10791 313.029 0 0
1500 80.8796 -64.2578 17.4925 0.371927 -0.990001 313.122 0 0
1500 77.4045 82.7608 17.1497 0.240482 1.14749 313.272 0 0
1500 79.2526 5.93394 18.372 0.482412 0.0550202 313.925 0 0
1500 75.108 -12.8661 18.2687 0.349023 -0.200275 314.05 0 0
1500 85.4214 -2.11082 18.2205 0.493884 -0.0104909 314.568 0 0
1500 43.9947 63.5971 17.204 -0.129833 0.875776 314.759 0 0
1500 -16.6514 -14.1234 17.5352 -1.23143 -0.276394 314.997 0 0
1500 83.2225 -42.7202 17.578 0.376501 -0.625257 315.161 0 0
1500 85.468 9.77999 17.7058 0.410596 0.19478 315.254 0 0
1500 95.5943 49.7815 17.5787 0.553877 0.777427 315.544 0 0
1500 94.5635 -35.9487 17.5826 0.530302 -0.537337 315.784 0 0
1500 129.736 -20.9993 17.442 1.05762 -0.358099 315.786 0 0
1500 97.3653 97.0042 17.3047 0.580555 1.43319 315.953 0 0
1500 109.327 -66.9502 17.3991 0.773959 -0.995541 316.162 0 0
1500 70.9167 13.0107 17.6748 0.158381 0.188208 316.198 0 0
1500 83.5894 9.22692 17.9481 0.47075 0.0786306 316.459 0 0
1500 92.3435 11.2713 17.557 0.560602 0.157311 316.676 0 0
1500 91.4731 -34.225 17.6681 0.551868 -0.559922 316.799 0 0
1500 67.8469 12.1193 18.0629 0.221539 0.222679 316.87 0 0
1500 118.853 -47.5395 17.7581 1.06441 -0.793182 316.857 0 0
1500 76.3531 14.7353 17.4722 0.209323 0.234383 316.997 0 0
1500 101.724 10.9774 17.8359 0.703362 0.153129 317.093 0 0
1500 104.047 3.03623 17.5191 0.710313 0.0439514 317.184 0 0
1500 107.851 -33.8175 17.8363 0.917732 -0.608569 317.246 0 0
1500 24.7343 37.0856 17.5022 -0.484413 0.531523 317.341 0 0
1500 111.338 6.9282 17.7082 0.808344 0.117508 317.467 0 0
1500 94.9457 0.00796731 18.45 0.786051 0.0409906 317.513 0 0
1500 41.9633 29.9475 17.7473 -0.258642 0.531198 317.568 0 0
1500 76.0009 -0.564657 17.7244 0.313971 0.000564121 317.645 0 0
1500 89.9964 17.2491 18.446 0.565901 0.289479 317.62 0 0
1500 15.2686 -5.87667 17.4884 -0.625663 -0.0488657 317.666 0 0
1500 61.5201 5.7703 18.076 0.107729 0.131422 317.779 0 0
1500 35.2682 40.1098 17.4925 -0.352131 0.577029 317.828 0 0
1500 80.5494 -2.93757 17.6247 0.402363 -0.00746622 317.969 0 0
1500 46.3698 43.2519 17.6377 -0.174388 0.748587 317.9 0 0
1500 76.6944 -25.9309 17.6414 0.266064 -0.418896 318.428 0 0
1500 53.1654 -41.678 17.4411 -0.0481362 -0.644853 318.535 0 0
1500 56.0686 -34.1845 17.6463 0.0352828 -0.550412 318.509 0 0
1500 73.7596 -36.7462 18.085 0.303736 -0.65785 318.601 0 0
1500 -54.533 -47.0861 17.3781 -1.54756 -0.711792 318.697 0 0
1500 100.849 -9.39294 18.0192 0.694997 -0.124456 319.026 0 0
1500 82.9322 -29.2744 18.411 0.478475 -0.518039 319.049 0 0
1500 47.8672 -2.337 17.789 -0.120367 -0.0938414 319.14 0 0
1500 90.3643 -18.021 18.2088 0.565705 -0.284373 319.204 0 0
1500 87.5091 -27.4612 18.2369 0.599865 -0.518457 319.192 0 0
1500 99.6914 -3.59798 17.7853 0.664899 -0.0893184 319.249 0 0
1500 115.529 -1.2174 18.2196 1.08451 -0.0497341 319.283 0 0
1500 65.4095 43.9415 17.6487 0.0935351 0.761638 319.374 0 0
1500 116.979 -38.889 17.4834 0.858155 -0.510781 319.449 0 0
1500 106.235 0.182286 17.7929 0.749885 -0.0382583 319.559 0 0
1500 39.6946 -7.58992 17.5713 -0.305132 -0.139054 319.426 0 0
1500 44.2751 52.8269 17.5544 -0.244233 0.78326 319.568 0 0
1500 96.0609 13.3009 18.3305 0.661046 0.283036 319.461 0 0
1500 82.3983 -3.13998 18.1676 0.460079 0.0118817 319.734 0 0
1500 40.0452 -54.8339 17.5343 -0.232016 -0.88532 319.761 0 0
1500 75.0014 -10.2275 17.9452 0.31302 -0.141006 319.767 0 0
1500 99.6815 -57.1644 17.42 0.523296 -0.826505 319.87 0 0
1500 20.5881 32.0525 17.4357 -0.497913 0.437749 320.122 0 0
1500 50.6368 -4.64022 17.8532 -0.0519386 -0.111777 320.215 0 0
1500 108.24 -36.9924 17.7896 0.889808 -0.599564 320.367 0 0
1500 87.9334 -4.12893 17.7583 0.438181 -0.124524 320.423 0 0
1500 84.6897 -1.32224 18.0748 0.481216 -0.072188 320.555 0 0
1500 96.2336 -5.33261 17.8589 0.638336 -0.0516483 320.88 0 0
1500 30.5245 47.2207 17.5831 -0.372131 0.718222 320.86 0 0
1500 0.144586 45.1913 17.5016 -0.786818 0.672941 320.915 0 0
1500 92.9018 -24.6117 17.9991 0.592814 -0.371683 320.94 0 0
1500 72.1889 -7.7486 18.4007 0.294972 -0.166917 321.194 0 0
1500 99.6215 24.8866 17.6265 0.662405 0.357574 321.138 0 0
1500 19.0449 -17.0901 17.7204 -0.631075 -0.247737 321.134 0 0
1500 109.399 -29.457 17.4603 0.776605 -0.418872 321.29 0 0
1500 39.3206 47.9226 17.7248 -0.304857 0.720808 321.267 0 0
1500 35.1861 54.986 17.5446 -0.354546 0.802357 321.343 0 0
1500 38.156 -16.28 17.5506 -0.287674 -0.306728 321.387 0 0
1500 56.4286 -23.3371 17.9188 -0.0781404 -0.399005 321.397 0 0
1500 99.2978 -62.7367 17.4993 0.575477 -0.867804 321.636 0 0
1500 92.749 4.44065 17.9198 0.638626 0.0638506 321.658 0 0
1500 95.7564 -8.50594 18.4583 0.659592 -0.166154 321.807 0 0
1500 54.9694 59.2572 17.5767 -0.0357996 0.88397 321.835 0 0
1500 79.829 -15.7832 17.7252 0.363521 -0.285038 321.704 0 0
1500 75.3642 -3.48777 18.2494 0.400212 -0.0485488 322.089 0 0
1500 30.0207 -17.4735 17.6086 -0.453791 -0.214063 322.339 0 0
1500 40.3673 15.8575 18.0128 -0.240246 0.252221 322.601 0 0
1500 81.6226 -1.65364 17.8778 0.377447 -0.0347137 322.444 0 0
1500 35.0859 -5.84063 17.8483 -0.333175 -0.125122 322.451 0 0
1500 69.5961 -3.16528 17.9318 0.188793 -0.108965 322.638 0 0
1500 47.1798 19.306 17.7875 -0.134401 0.340937 322.681 0 0
1500 93.9572 -9.907 17.7307 0.617731 -0.154181 322.695 0 0
1500 108.929 17.3115 17.9541 0.859644 0.286589 322.749 0 0
1500 98.9715 33.0883 18.4164 0.83896 0.658114 322.892 0 0
1500 61.5455 -33.9856 17.9037 0.0547757 -0.545733 322.936 0 0
1500 35.2565 31.0428 17.5724 -0.379051 0.398205 323.17 0 0
1500 60.6243 4.04397 17.7604 0.0155725 0.111487 323.309 0 0
1500 36.0328 10.4588 17.9312 -0.46551 0.174982 323.376 0 0
1500 66.5269 9.56482 17.7226 0.163217 0.155948 323.619 0 0
1500 8.94894 2.31565 17.7016 -0.738247 0.0534821 323.709 0 0
1500 95.9184 -33.1351 17.6272 0.589276 -0.52047 323.689 0 0
1500 56.0257 47.4356 17.5916 -0.0210946 0.744057 323.565 0 0
1500 55.1881 12.6217 17.6442 -0.0960157 0.146053 323.732 0 0
1500 107.658 18.8943 17.5942 0.709818 0.338162 323.744 0 0
1500 130.94 -20.6814 18.2024 1.3606 -0.342028 323.742 0 0
1500 104.567 -18.3257 17.7471 0.741825 -0.236754 323.805 0 0
1500 32.2691 -8.70782 17.5875 -0.40986 -0.193382 323.784 0 0
1500 47.8054 46.1413 17.7142 -0.131856 0.719834 323.859 0 0
1500 49.2774 9.98225 17.7063 -0.167565 0.176757 323.907 0 0
1500 60.4435 30.6953 18.1478 0.0943507 0.527482 323.921 0 0
1500 84.987 -38.5987 17.5848 0.44873 -0.587065 323.975 0 0
1500 188.478 -91.4932 17.5855 1.93992 -1.33157 324.252 0 0
1500 6.67942 4.16454 17.6916 -0.812591 0.0194399 324.237 0 0
1500 120.704 34.3498 18.6691 1.25039 0.667363 324.014 0 0
1500 129.592 15.1375 17.5467 1.01831 0.153652 324.425 0 0
1500 86.5817 -71.857 17.6481 0.421487 -1.06765 324.53 0 0
1500 33.8479 0.358203 17.8689 -0.36151 0.0574895 324.484 0 0
1500 56.2888 42.2361 17.6131 0.0246875 0.674121 324.476 0 0
1500 40.7107 -20.2508 17.8344 -0.237889 -0.358892 324.553 0 0
1500 87.1024 14.9179 17.8629 0.442779 0.18625 324.674 0 0
1500 82.0587 2.22886 17.8574 0.449922 0.0430725 324.772 0 0
1500 112.141 -25.3251 17.5977 0.825822 -0.392224 324.898 0 0
1500 67.625 -41.6415 17.7125 0.205488 -0.647496 324.989 0 0
1500 131.901 -9.55106 18.1977 1.29203 -0.168593 325.171 0 0
1500 85.4014 -3.89441 18.4176 0.546884 -0.0405815 325.46 0 0
1500 70.5507 45.8657 17.7801 0.218671 0.721272 325.252 0 0
1500 92.8475 27.5015 18.08 0.605163 0.462315 325.21 0 0
1500 66.3108 33.2467 17.7082 0.191327 0.528369 325.389 0 0
1500 58.9343 33.7259 17.7079 0.0837635 0.53573 325.342 0 0
1500 78.9458 -20.0852 17.8791 0.329928 -0.28676 325.794 0 0
1500 117.282 37.6984 17.6248 0.825643 0.589759 325.49 0 0
1500 90.4295 -39.3476 17.7176 0.52943 -0.610018 325.502 0 0
1500 49.7103 -28.1198 18.1418 -0.083531 -0.478107 325.824 0 0
1500 59.944 58.0932 17.7545 0.086142 0.976955 325.842 0 0
1500 74.5987 -17.985 18.0762 0.243483 -0.275871 326.001 0 0
1500 82.616 52.2655 17.7887 0.386345 0.804175 325.96 0 0
1500 107.79 -7.10032 17.8681 0.806042 -0.089269 325.881 0 0
1500 111.04 -35.9566 17.5987 0.749741 -0.47725 326.068 0 0
1500 -6.32644 -28.2084 17.6187 -0.937727 -0.435448 326.073 0 0
1500 107.999 -20.5252 17.7523 0.869049 -0.359868 326.035 0 0
1500 66.925 6.36135 18.1301 0.213557 0.0463048 326.234 0 0
1500 109.988 -14.2882 17.7151 0.817025 -0.162857 326.358 0 0
1500 160.972 -91.4984 17.7702 1.65244 -1.43452 326.434 0 0
1500 67.6486 30.1008 17.9078 0.187687 0.577564 326.62 0 0
1500 38.4059 -24.6068 17.7703 -0.274241 -0.352426 326.658 0 0
1500 89.5011 -47.5977 17.7987 0.476039 -0.747571 326.698 0 0
1500 100.159 -8.87833 17.8512 0.691096 -0.211477 326.697 0 0
1500 11.2544 -13.2855 17.6713 -0.742271 -0.152649 327.141 0 0
1500 49.7383 52.1459 17.782 -0.169987 0.796493 327.153 0 0
1500 33.1529 0.79429 17.6776 -0.393633 0.0827724 327.052 0 0
1500 89.2708 65.5849 17.7605 0.559127 1.06148 326.936 0 0
1500 106.52 18.871 18.2977 0.864724 0.370477 326.946 0 0
1500 83.733 15.7945 18.6706 0.483878 0.281852 327.324 0 0
1500 81.7284 14.2925 18.5002 0.472362 0.258526 327.29 0 0
1500 108.642 24.5541 17.9621 0.835997 0.468774 327.487 0 0
1500 114.583 -19.4588 17.6591 0.888295 -0.276615 327.573 0 0
1500 56.2246 -10.5049 18.6855 0.0200695 -0.261973 327.597 0 0
1500 84.2883 -2.0392 18.4187 0.529615 -0.0643961 327.78 0 0
1500 20.6021 37.4813 17.6873 -0.612076 0.541949 327.972 0 0
1500 87.8906 3.67124 18.5993 0.568059 0.111614 328.196 0 0
1500 87.3556 -71.8606 17.8283 0.513943 -1.15496 328.216 0 0
1500 114.807 3.73189 17.8415 0.957314 -0.0172001 328.105 0 0
1500 127.241 5.0125 17.7772 1.04322 0.0737486 328.304 0 0
1500 66.8045 5.76051 17.8582 0.189249 0.0845016 328.68 0 0
1500 126.036 13.0021 17.6881 1.05054 0.211739 328.482 0 0
1500 126.69 -18.7966 17.6673 1.05127 -0.226613 328.598 0 0
1500 101.28 23.1652 17.6644 0.667964 0.410356 328.601 0 0
1500 106.382 23.2361 18.3044 0.869155 0.357987 328.889 0 0
1500 79.3617 -13.5698 18.032 0.364376 -0.154243 328.998 0 0
1500 28.4394 -40.873 17.7138 -0.493246 -0.579557 328.867 0 0
1500 41.0443 57.3735 17.6841 -0.267953 0.901921 328.995 0 0
1500 93.5268 50.1898 17.684 0.494184 0.797838 328.976 0 0
1500 27.2177 -47.507 17.789 -0.498938 -0.767751 328.821 0 0
1500 70.6718 4.79388 17.8609 0.286702 0.0727054 328.905 0 0
1500 55.2747 -44.6419 17.8255 -0.081436 -0.732036 328.897 0 0
1500 67.0127 3.5772 18.7191 0.241806 0.0999791 329.258 0 0
1500 111.969 -20.5226 17.8681 0.851594 -0.316645 329.059 0 0
1500 115.323 33.4508 17.8016 0.892734 0.497455 329.221 0 0
1500 102.494 -16.2528 17.8667 0.735125 -0.280235 329.577 0 0
1500 139.407 22.8974 17.9075 1.38902 0.366289 329.207 0 0
1500 63.211 23.8446 18.0429 0.0156528 0.411888 329.176 0 0
1500 3.58193 9.81179 17.7647 -0.851638 0.107572 329.577 0 0
1500 46.7462 -15.7074 18.012 -0.128908 -0.306993 329.623 0 0
1500 55.6325 -16.1234 18.1974 0.0338252 -0.309078 329.679 0 0
1500 50.5768 -0.781363 17.922 -0.0788709 -0.0720772 329.955 0 0
1500 92.1686 -12.2736 18.5671 0.65922 -0.19357 330.053 0 0
1500 82.3266 23.9806 17.9418 0.361368 0.414153 330.001 0 0
1500 140.268 -24.8321 17.741 1.27281 -0.373441 330.052 0 0
1500 83.4602 -8.148 18.1969 0.439367 -0.191646 329.938 0 0
1500 73.8243 -12.9342 18.1972 0.299513 -0.261959 329.797 0 0
1500 88.8718 -2.5358 18.0953 0.547195 -0.0969296 329.875 0 0
1500 109.327 -28.0922 18.1316 0.849636 -0.492595 329.821 0 0
1500 60.5401 18.1519 17.8679 0.0734207 0.287724 330.241 0 0
1500 49.7811 -40.88 18.0106 -0.0830014 -0.672972 330.355 0 0
1500 38.2283 28.6692 17.906 -0.309597 0.497086 330.381 0 0
1500 86.0697 192.551 17.8192 0.469647 3.12223 330.368 0 0
1500 92.3464 -7.27904 17.9234 0.522008 -0.0754727 330.569 0 0
1500 -5.09564 -28.3766 17.7144 -0.946375 -0.446764 330.56 0 0
1500 23.5108 3.48117 17.7454 -0.494295 0.00177064 330.715 0 0
1500 90.31 8.31058 18.5649 0.682348 0.183655 330.772 0 0
1500 120.707 -13.6928 17.8743 0.979505 -0.2373 331.139 0 0
1500 72.7861 8.48055 18.4586 0.309265 0.158093 331.084 0 0
1500 0.379759 7.3936 17.7397 -0.870625 0.114429 331.11 0 0
1500 58.4673 -47.2053 17.6788 0.0440928 -0.754828 331.013 0 0
1500 58.4968 18.8125 17.8897 0.0677991 0.34741 330.927 0 0
1500 119.843 -30.114 17.8628 1.04695 -0.433831 330.944 0 0
1500 99.1699 30.1797 18.1227 0.749648 0.530804 331.11 0 0
1500 75.5451 2.96413 18.2747 0.384711 -0.00622291 331.384 0 0
1500 56.8899 3.19947 18.0777 -0.00157981 0.114725 331.196 0 0
1500 66.5207 -41.0149 17.7603 0.170671 -0.678413 331.395 0 0
1500 69.3044 -0.246821 18.7256 0.266271 0.035414 331.647 0 0
1500 75.5726 -36.2426 18.2165 0.306443 -0.593919 331.761 0 0
1500 73.9643 -14.2052 18.3719 0.345861 -0.273752 331.672 0 0
1500 52.5475 74.4802 17.6955 -0.0544161 1.15064 332.046 0 0
1500 72.7727 2.99104 18.0899 0.275264 -0.00198937 332.212 0 0
1500 66.7067 -18.9844 18.0233 0.16613 -0.304166 332.69 0 0
1500 74.1425 -18.2436 17.7366 0.253001 -0.290342 332.215 0 0
1500 95.9479 4.21084 17.8322 0.564774 0.0948394 332.544 0 0
1500 70.6438 -19.1521 17.8936 0.157458 -0.312531 332.867 0 0
1500 74.6274 -17.3098 18.5865 0.380977 -0.313514 332.184 0 0
1500 83.7311 10.434 17.9958 0.454202 0.221838 332.852 0 0
1500 69.8115 51.2585 17.7224 0.105193 0.793902 332.842 0 0
1500 74.6755 10.5908 18.4611 0.389101 0.205801 332.943 0 0
1500 -24.3191 4.60455 17.7668 -1.28075 0.114376 332.886 0 0
1500 68.2373 29.3269 17.9953 0.222314 0.503471 332.95 0 0
1500 52.3921 -11.7473 18.4976 -0.0286991 -0.189328 333.343 0 0
1500 76.3464 -3.02956 17.8476 0.303681 -0.000806586 333.078 0 0
1500 89.8773 60.0553 17.8123 0.482602 0.92817 333.288 0 0
1500 118.844 -27.6231 17.7019 0.946156 -0.425704 333.336 0 0
1500 34.8743 -53.6214 17.722 -0.415698 -0.772548 333.229 0 0
1500 51.1693 -15.9196 17.9146 -0.141728 -0.285838 333.332 0 0
1500 91.6739 -5.51139 17.7635 0.559073 -0.0225622 333.025 0 0
1500 107.586 -0.340569 18.4044 0.951135 0.0575151 333.014 0 0
1500 91.2042 -2.78877 17.942 0.554955 0.0267338 333.375 0 0
1500 25.9846 -10.5187 17.7778 -0.482624 -0.235126 333.457 0 0
1500 97.7428 -55.5623 17.7039 0.638159 -0.827342 333.591 0 0
1500 20.8932 46.8123 17.7224 -0.619452 0.717946 333.712 0 0
1500 59.9948 11.9214 18.1209 0.0895976 0.252386 333.891 0 0
1500 20.9441 3.60275 17.9116 -0.594191 0.00923924 333.833 0 0
1500 71.8931 35.7801 17.8369 0.186104 0.605 333.941 0 0
1500 36.8349 -11.6667 17.86 -0.317226 -0.199358 334.033 0 0
1500 94.9202 -14.217 18.3136 0.649035 -0.269761 334.05 0 0
1500 121.082 25.9243 18.033 1.09152 0.42981 334.1 0 0
1500 65.705 18.3769 17.8969 0.113117 0.308304 334.277 0 0
1500 88.2827 9.7921 17.9144 0.484931 0.119345 334.379 0 0
1500 106.674 13.8323 18.029 0.783161 0.270804 334.302 0 0
1500 84.2822 -71.5031 17.9781 0.503225 -1.17735 334.366 0 0
1500 75.5683 -14.6457 18.3309 0.268802 -0.262489 334.363 0 0
1500 84.8729 -3.82013 18.3341 0.443141 -0.105381 334.747 0 0
1500 82.8577 63.1249 17.8007 0.350425 0.981339 334.898 0 0
1500 90.3745 -11.5262 18.6376 0.577354 -0.239003 334.804 0 0
1500 76.4265 -2.78316 17.94 0.2689 -0.102517 335.011 0 0
1500 77.4199 -5.43374 18.6567 0.393956 -0.110348 335.144 0 0
1500 62.0719 -4.27145 18.3448 0.149436 -0.110651 335.119 0 0
1500 33.8816 -63.9255 17.7237 -0.411008 -0.925843 335.129 0 0
1500 97.3553 -4.21961 18.3014 0.702905 -0.109541 335.131 0 0
1500 19.4394 0.592264 17.8495 -0.608484 0.0722431 335.052 0 0
1500 52.688 10.6344 17.9502 -0.125682 0.188185 335.199 0 0
1500 93.0729 -22.7581 17.9425 0.548579 -0.345013 335.615 0 0
1500 80.7218 -29.5027 17.7315 0.348288 -0.464267 335.473 0 0
1500 52.114 24.7953 18.3998 -0.0501856 0.418591 335.868 0 0
1500 93.8516 -34.6619 17.9749 0.547871 -0.585788 335.924 0 0
1500 85.8807 -31.3375 18.0012 0.47172 -0.535059 336.039 0 0
1500 60.8116 -36.7632 17.9141 -0.0126561 -0.557995 335.956 0 0
1500 89.783 -6.11349 17.7983 0.503503 -0.166077 335.592 0 0
1500 77.0628 -12.0956 17.7836 0.368109 -0.185256 335.321 0 0
1500 358.887 156.869 17.7501 4.64433 2.3618 335.696 0 0
1500 135.999 1.51058 17.8895 1.29014 -0.0234798 335.548 0 0
1500 88.7591 -41.4162 18.2531 0.561455 -0.723465 335.323 0 0
1500 -9.60187 -10.1255 17.7936 -1.01294 -0.186227 336.451 0 0
1500 74.286 -3.19774 18.3442 0.377325 -0.104981 336.428 0 0
1500 42.3168 -6.26855 18.4068 -0.269501 -0.187312 336.459 0 0
1500 80.2556 6.43245 18.5277 0.491592 0.109724 336.57 0 0
1500 98.5684 -15.8975 17.8607 0.628988 -0.200229 337.1 0 0
1500 142.007 -86.8648 17.7571 1.25938 -1.30838 336.754 0 0
1500 60.2063 7.34847 18.6699 0.0811823 0.0896361 336.806 0 0
1500 102.336 37.7642 17.9949 0.717397 0.613057 336.943 0 0
1500 16.6876 34.3962 17.9436 -0.654717 0.535029 336.705 0 0
1500 35.6753 -47.6661 17.7946 -0.310628 -0.782671 336.64 0 0
1500 55.1328 29.2325 17.9258 -0.00159365 0.511755 337.357 0 0
1500 57.622 -13.4117 18.3381 0.0156186 -0.261553 336.838 0 0
1500 84.9577 -35.7071 18.0691 0.442405 -0.640712 337.012 0 0
1500 45.5677 37.3181 18.0242 -0.2583 0.615759 336.737 0 0
1500 72.9799 59.5624 17.8773 0.252679 1.05577 336.851 0 0
1500 159.4 53.2919 18.0348 1.79766 0.896516 337.434 0 0
1500 84.0669 -35.7646 17.8527 0.38771 -0.553153 337.632 0 0
1500 101.489 16.4347 18.0014 0.744844 0.22097 337.678 0 0
1500 68.5965 50.1081 17.8511 0.184824 0.817026 337.534 0 0
1500 45.1996 -7.01994 17.914 -0.210248 -0.174966 337.749 0 0
1500 75.2483 -2.18586 18.4558 0.34403 0.0221736 338.034 0 0
1500 66.892 -14.5989 18.1822 0.125895 -0.24662 337.879 0 0
1500 77.4912 -22.0268 17.9203 0.313894 -0.355119 337.823 0 0
1500 91.0907 -34.5256 17.8697 0.465141 -0.577878 337.953 0 0
1500 6.87824 -2.53534 17.7661 -0.837354 -0.0561025 338.011 0 0
1500 60.3596 22.561 17.8886 0.000783894 0.401141 338.159 0 0
1500 128.372 -116.088 17.8957 1.1925 -1.88495 338.11 0 0
1500 44.8128 17.658 18.2363 -0.235142 0.244404 338.017 0 0
1500 62.7886 7.85805 18.756 0.184177 0.162653 338.546 0 0
1500 59.0571 23.6538 17.9605 0.0683037 0.376528 338.638 0 0
1500 11.6589 8.06581 17.7714 -0.706153 0.135491 338.485 0 0
1500 105.274 -47.3432 17.7983 0.707589 -0.757635 338.431 0 0
1500 54.1078 -12.2962 18.0552 -0.0909294 -0.196461 338.311 0 0
1500 19.1637 6.33398 18.0251 -0.61072 0.132608 338.386 0 0
1500 76.4231 29.9282 17.8863 0.243549 0.510559 338.476 0 0
1500 67.6428 49.4673 17.798 0.223899 0.773543 338.603 0 0
1500 104.675 -43.0582 17.9762 0.724571 -0.693294 338.878 0 0
1500 83.4405 -15.2257 18.1716 0.417636 -0.299427 338.664 0 0
1500 37.3048 -40.6019 18.0285 -0.341947 -0.634903 338.963 0 0
1500 78.0604 -31.775 17.9873 0.373502 -0.534045 338.839 0 0
1500 50.2316 -50.8146 17.7748 -0.0491674 -0.794431 338.816 0 0
1500 82.7708 13.371 18.7505 0.440566 0.236555 339.797 0 0
1500 30.2211 60.1149 17.852 -0.442839 0.926224 339.768 0 0
1500 99.5985 26.3457 17.8474 0.699001 0.423846 339.178 0 0
1500 65.4096 19.4571 18.1462 0.159136 0.36626 339.335 0 0
1500 55.1229 -5.14616 18.3156 -0.0316419 -0.0302869 339.704 0 0
1500 70.1815 -11.2535 17.7968 0.135146 -0.231477 339.672 0 0
1500 111.259 -30.0454 18.1144 0.866534 -0.547318 339.597 0 0
1500 133.434 -17.9735 17.9569 1.29667 -0.256794 339.365 0 0
1500 126.178 -40.67 18.2538 1.20349 -0.771589 339.575 0 0
1500 15.3635 34.331 17.9257 -0.639135 0.585163 341.716 0 0
1500 95.3946 -8.22013 18.0352 0.631908 -0.0583539 340.435 0 0
1500 64.9739 8.95946 18.0053 0.145183 0.182474 340.861 0 0
1500 32.2747 -63.7042 17.8489 -0.412114 -0.963875 340.502 0 0
1500 85.2023 58.8342 17.9236 0.434187 0.921946 339.886 0 0
1500 5.37715 42.7185 17.8541 -0.799015 0.669732 340.165 0 0
1500 91.5652 -6.0825 18.0121 0.594196 -0.0854005 340.165 0 0
1500 78.8165 4.65674 18.2855 0.430443 0.111818 340.136 0 0
1500 126.25 5.41026 17.763 1.04099 0.123333 341.161 0 0
1500 67.1958 32.1361 18.3112 0.147037 0.52094 340.254 0 0
1500 77.8502 -8.9261 18.4986 0.348468 -0.194947 340.835 0 0
1500 51.9088 56.4839 17.9375 -0.110962 0.898486 340.712 0 0
1500 73.6683 8.49753 18.2417 0.349174 0.176494 340.572 0 0
1500 79.5948 24.9405 18.2796 0.357394 0.439201 341.062 0 0
1500 116.828 6.82562 17.7986 0.941269 0.137806 341.038 0 0
1500 106.597 36.8563 17.9149 0.828429 0.567326 340.003 0 0
1500 92.2371 6.09774 18.1563 0.580438 0.161523 341.287 0 0
1500 100.807 10.7447 18.0478 0.744931 0.175317 341.229 0 0
1500 116.908 -1.95745 17.7666 0.934357 0.019867 341.368 0 0
1500 63.6757 28.829 17.9335 0.0841691 0.512045 340.528 0 0
1500 93.2393 -18.0101 17.978 0.550263 -0.347482 341.307 0 0
1500 79.9539 16.9547 18.1463 0.446623 0.279549 341.695 0 0
1500 28.3126 1.82097 18.0252 -0.472849 -0.0284174 341.272 0 0
1500 81.4097 50.9266 17.8799 0.309362 0.825118 341.454 0 0
1500 63.6432 2.61932 18.0638 0.0978393 0.113044 341.316 0 0
1500 56.3217 -80.7525 17.7906 -0.0199786 -1.32253 340.703 0 0
1500 53.5802 29.2617 17.8905 -0.143354 0.447167 340.248 0 0
1500 98.7607 40.4352 17.9557 0.612161 0.701866 341.512 0 0
1500 49.7297 -5.32425 18.2579 -0.156064 -0.0664674 341.428 0 0
1500 98.4945 -65.9036 18.0034 0.723808 -1.14315 341.192 0 0
1500 35.3249 7.29367 18.2409 -0.413419 0.156197 340.23 0 0
1500 79.9611 14.766 18.0581 0.323387 0.308221 341.011 0 0
1500 51.019 6.72724 18.0309 -0.197848 0.124629 340.34 0 0
1500 28.5503 31.7845 18.2327 -0.491184 0.641244 339.889 0 0
1500 93.3385 49.3029 17.9418 0.609969 0.751757 342.051 0 0
1500 68.7236 2.11528 18.3034 0.244418 -0.0225267 342.178 0 0
1500 47.986 18.1636 18.0943 -0.166852 0.257337 342.223 0 0
1500 69.2166 -3.22784 18.0221 0.214074 0.0125148 342.543 0 0
1500 91.7858 -34.5572 17.8251 0.537183 -0.478006 342.025 0 0
1500 121.74 -10.0501 17.8809 1.01467 -0.157769 341.821 0 0
1500 49.9046 -67.0121 17.8509 -0.117672 -1.03766 343.454 0 0
1500 118.199 -36.8573 17.7695 0.927104 -0.488508 343.283 0 0
1500 90.2623 49.1157 17.9244 0.47694 0.801093 342.13 0 0
1500 82.9282 7.60046 18.6845 0.516093 0.173445 343.494 0 0
1500 91.8782 -17.5435 18.1886 0.546189 -0.335768 341.948 0 0
1500 51.5795 -48.1675 17.9744 -0.0785637 -0.796695 341.843 0 0
1500 86.9441 9.31324 18.2607 0.507044 0.205146 343.578 0 0
1500 80.3187 -26.6971 18.0879 0.443639 -0.428777 341.82 0 0
1500 103.795 4.71885 18.0837 0.789912 0.0435865 342.41 0 0
1500 53.6126 47.4455 18.0525 -0.054115 0.781818 342.567 0 0
1500 47.021 -49.0846 17.931 -0.144752 -0.812742 342.356 0 0
1500 84.352 10.8104 18.163 0.497223 0.109579 342.318 0 0
1500 94.1115 -46.4346 17.8711 0.622443 -0.701025 342.992 0 0
1500 33.5215 -30.0764 17.9388 -0.371132 -0.530443 342.26 0 0
1500 38.4025 -32.6253 17.8714 -0.249286 -0.55682 342.789 0 0
1500 110.248 17.6575 17.9161 0.875809 0.27764 343.112 0 0
1500 75.6171 -14.3666 17.9025 0.350549 -0.187014 342.322 0 0
1500 29.3293 -7.62578 17.8895 -0.465933 -0.0493253 342.759 0 0
1500 53.0756 0.962543 17.8006 -0.133495 0.0703819 342.124 0 0
1500 83.288 -18.9531 18.0509 0.486347 -0.264264 343.686 0 0
1500 59.8352 -22.8056 17.8993 -0.00815513 -0.410542 343.274 0 0
1500 49.7981 -29.8635 17.8475 -0.198723 -0.463942 343.277 0 0
1500 52.0969 19.6437 17.8453 -0.165077 0.302651 343.035 0 0
1500 25.3839 20.4645 17.9484 -0.56273 0.36467 342.528 0 0
1500 134.392 123.87 17.8356 1.17798 2.00056 343.465 0 0
1500 11.007 12.3564 17.9038 -0.799726 0.143026 342.427 0 0
1500 71.4982 41.4357 18.1459 0.227925 0.747854 342.129 0 0
1500 78.433 3.52107 18.2603 0.438 0.107785 343.146 0 0
1500 56.8893 41.1167 18.1721 0.0057355 0.756927 342.132 0 0
1500 134.595 26.1435 17.9404 1.25443 0.503517 343.279 0 0
1500 58.2299 -13.0445 18.2433 -0.0738969 -0.204928 343.539 0 0
1500 71.8037 1.04718 17.9182 0.211931 0.0802614 344.059 0 0
1500 96.5356 -37.1699 17.8927 0.602591 -0.551914 343.871 0 0
1500 120.956 21.9237 17.8701 0.983705 0.331392 344.055 0 0
1500 56.4637 -59.6838 17.9308 -0.02245 -0.958166 343.746 0 0
1500 95.4448 -21.448 17.9338 0.585393 -0.399092 343.947 0 0
1500 35.5963 -36.2375 17.8431 -0.413481 -0.557542 343.766 0 0
1500 37.5004 60.0216 18.0027 -0.283229 1.01036 343.863 0 0
1500 -5.5919 4.00407 17.8705 -1.09431 0.0982698 343.934 0 0
1500 106.7 30.2771 17.809 0.745705 0.398838 344.071 0 0
1500 78.3074 -3.94288 18.2684 0.377362 -0.0928604 344.162 0 0
1500 81.6117 -5.74522 18.3018 0.418798 -0.124266 344.272 0 0
1500 73.9915 19.9274 18.0454 0.317731 0.2779 344.359 0 0
1500 117.021 -16.2965 17.8715 0.899406 -0.250972 344.236 0 0
1500 67.731 -62.5655 17.8615 0.136862 -0.956521 344.69 0 0
1500 57.1388 -67.1429 17.7915 -0.061573 -1.01943 344.39 0 0
1500 111.786 5.76343 17.8679 0.837681 0.0208406 344.227 0 0
1500 12.1872 47.9377 17.8037 -0.703494 0.770315 344.543 0 0
1500 112.873 36.4338 17.8061 0.81953 0.612063 344.557 0 0
1500 79.7357 -36.752 18.1695 0.373187 -0.622903 344.1 0 0
1500 85.3423 -25.0658 18.4337 0.451687 -0.43559 344.786 0 0
1500 37.2852 -60.5833 17.8382 -0.290917 -0.969291 344.851 0 0
1500 98.6948 14.8199 18.1768 0.722552 0.249425 344.546 0 0
1500 83.4974 -1.03419 18.3524 0.476976 -0.0854841 344.549 0 0
1500 107.455 -16.5185 17.94 0.828066 -0.220296 344.344 0 0
1500 61.582 50.9367 17.945 0.0168233 0.816887 344.335 0 0
1500 73.143 -4.78942 18.0772 0.339412 -0.0835655 344.314 0 0
1500 46.5753 -29.8597 18.0302 -0.137292 -0.527996 344.601 0 0
1500 103.199 -1.49602 18.0369 0.769652 0.0352219 344.813 0 0
1500 65.749 -2.48853 17.9287 0.0970854 -0.106687 344.569 0 0
1500 72.7913 0.558278 17.8281 0.291218 0.0534204 344.75 0 0
1500 74.383 -25.0899 18.322 0.368087 -0.464667 344.21 0 0
1500 62.7297 23.9548 18.4466 0.0911846 0.452409 344.406 0 0
1500 135.12 -13.4243 18.3017 1.48626 -0.32948 344.594 0 0
1500 92.5217 28.9762 18.2618 0.572633 0.479135 345.479 0 0
1500 33.9537 -0.0905983 18.0829 -0.352509 0.033234 345.537 0 0
1500 46.8301 15.0271 17.9867 -0.113629 0.267796 344.875 0 0
1500 105.974 22.0791 17.8285 0.732769 0.34278 345.348 0 0
1500 63.0079 -52.7316 17.8745 0.0689552 -0.805396 345.728 0 0
1500 29.494 -57.8557 17.8718 -0.437814 -0.88238 345.372 0 0
1500 102.015 -49.3378 17.8574 0.70411 -0.737599 345.466 0 0
1500 121.949 15.0755 17.8772 0.997285 0.208737 345.729 0 0
1500 110.408 -15.3563 17.9314 0.800679 -0.289645 345.609 0 0
1500 103.545 50.1132 17.808 0.672876 0.803827 345.437 0 0
1500 80.9341 54.383 17.9612 0.373634 0.878939 345.188 0 0
1500 46.8272 -58.0809 17.8865 -0.201755 -0.924556 345.173 0 0
1500 87.4496 -54.2391 17.8863 0.403102 -0.866347 345.248 0 0
1500 7.83501 -29.2433 17.8368 -0.821809 -0.443302 344.913 0 0
1500 94.9793 -23.9158 18.1619 0.665225 -0.384445 345.862 0 0
1500 75.1741 10.0767 18.3283 0.394831 0.174854 345.923 0 0
1500 93.2363 42.54 17.8993 0.508319 0.706391 345.893 0 0
1500 76.663 -23.1109 17.924 0.263367 -0.421373 344.988 0 0
1500 36.8774 -31.697 17.9205 -0.343159 -0.549633 345.35 0 0
1500 62.6311 -31.0917 17.923 0.0487065 -0.54259 345.088 0 0
1500 91.15 -31.9513 17.9183 0.480284 -0.551255 345.618 0 0
1500 14.431 13.0902 17.8273 -0.688806 0.270881 345.449 0 0
1500 119.691 -32.8776 17.8699 1.02168 -0.474236 345.422 0 0
1500 29.342 -65.652 17.8162 -0.42023 -1.07877 345.568 0 0
1500 53.5326 40.9149 17.8301 -0.145841 0.621948 345.455 0 0
1500 55.6394 -19.2865 17.8159 -0.105862 -0.339692 345.498 0 0
1500 81.0227 10.1409 17.841 0.361839 0.234262 346.014 0 0
1500 27.9993 98.8086 17.8651 -0.434511 1.63742 345.328 0 0
1500 29.7055 32.6547 17.8642 -0.404616 0.583589 345.867 0 0
1500 69.1327 24.4129 18.3054 0.160467 0.422158 345.284 0 0
1500 98.3572 18.3142 18.0666 0.737466 0.243798 345.12 0 0
1500 84.6092 41.8426 17.9547 0.510468 0.727495 345.163 0 0
1500 109.094 -37.648 18.003 0.954911 -0.64393 345.494 0 0
1500 102.007 -88.676 18.0106 0.829213 -1.57581 345.636 0 0
1500 72.3038 -11.6587 18.2414 0.321406 -0.277677 345.958 0 0
1500 60.4432 22.8446 18.193 0.0761473 0.374614 346.888 0 0
1500 88.1845 2.38515 17.8457 0.476905 0.0664194 346.417 0 0
1500 74.2291 -43.9631 17.8804 0.224332 -0.679241 346.126 0 0
1500 74.5142 38.0165 17.8038 0.278569 0.574394 346.463 0 0
1500 96.1367 -31.3474 17.8801 0.585731 -0.507733 346.692 0 0
1500 101.423 -50.0494 17.8325 0.659562 -0.785549 346.451 0 0
1500 69.3214 -65.4414 17.8441 0.178225 -1.01406 346.657 0 0
1500 66.5629 67.4368 17.879 0.0990446 1.04349 346.331 0 0
1500 44.7122 -66.3681 17.8872 -0.22771 -1.02307 346.812 0 0
1500 1.43322 37.4099 17.8367 -0.896149 0.541165 346.514 0 0
1500 121.39 -5.25494 18.028 1.02546 -0.0738288 346.713 0 0
1500 39.5808 64.2478 17.8921 -0.309887 0.992733 346.926 0 0
1500 104.343 6.45984 18.2274 0.810644 0.0747066 346.569 0 0
1500 109.628 19.7137 17.9541 0.857324 0.319813 346.475 0 0
1500 85.7828 -19.0333 18.1166 0.533393 -0.289468 346.402 0 0
1500 55.6306 47.0956 17.8621 -0.0158581 0.789121 346.229 0 0
1500 22.3724 46.1785 17.8579 -0.514962 0.76682 346.949 0 0
1500 86.863 -42.7414 17.857 0.394377 -0.712796 346.265 0 0
1500 126.796 -34.032 17.964 1.1687 -0.521768 346.38 0 0
1500 81.1981 -39.2023 18.0024 0.340267 -0.684702 346.669 0 0
1500 26.1185 19.6316 18.1574 -0.569083 0.294366 346.488 0 0
1500 51.4638 -4.13543 17.8994 -0.0902888 -0.124509 347.224 0 0
1500 54.2976 39.3955 17.9616 -0.0530048 0.609812 347.315 0 0
1500 56.6418 -56.3373 17.8566 0.0053985 -0.861195 347.502 0 0
1500 28.436 60.879 17.8739 -0.474689 0.934614 347.188 0 0
1500 90.9721 -20.8552 18.3386 0.576225 -0.380852 347.161 0 0
1500 82.6524 -66.809 17.8813 0.354571 -1.06272 347.238 0 0
1500 109.839 14.012 18.1081 0.880477 0.205438 347.599 0 0
1500 106.675 -12.9612 18.1095 0.836802 -0.195089 347.339 0 0
1500 67.6746 61.4998 17.8112 0.20452 0.961482 347.118 0 0
1500 50.9668 63.398 17.811 -0.0449045 0.988775 347.189 0 0
1500 94.9423 3.39383 18.2865 0.647408 0.116434 347.279 0 0
1500 108.353 33.4195 17.9012 0.75298 0.57335 347.364 0 0
1500 86.7308 16.4545 18.0357 0.431404 0.316446 347.43 0 0
1500 64.7476 -24.3506 18.2352 0.161812 -0.443287 347.506 0 0
1500 79.5287 -5.36091 17.895 0.356576 -0.00839554 347.308 0 0
1500 90.2312 -63.5983 17.9309 0.583369 -1.0097 347.446 0 0
1500 28.6963 -31.2837 18.0647 -0.563675 -0.50737 346.995 0 0
1500 54.0097 -36.0189 18.0489 -0.133735 -0.570995 347.069 0 0
1500 13.4165 -41.7771 17.852 -0.698805 -0.597126 348.689 0 0
1500 144.98 -48.2198 17.8412 1.31795 -0.73818 350.31 0 0
1500 81.1697 -51.8287 17.9551 0.433703 -0.812682 349.46 0 0
1500 59.6193 -34.618 18.0528 0.00214263 -0.525033 348.363 0 0
1500 121.392 44.5989 18.1032 1.09462 0.724615 348.154 0 0
1500 109.726 -19.0423 18.142 0.884499 -0.268885 350.039 0 0
1500 101.26 12.1334 18.3883 0.785879 0.158445 350.071 0 0
1500 54.1515 -10.6278 18.5475 0.000282154 -0.197428 348.599 0 0
1500 70.2607 17.5562 18.4138 0.284981 0.274234 347.976 0 0
1500 51.3479 14.733 18.0166 -0.0772982 0.26835 347.82 0 0
1500 77.755 9.35211 17.9668 0.312848 0.191589 348.797 0 0
1500 64.2433 5.13187 17.8241 0.139517 0.110528 348.543 0 0
1500 79.4375 -33.0981 17.9485 0.342062 -0.530123 347.727 0 0
1500 52.4271 13.3504 17.9225 -0.100499 0.243894 350.286 0 0
1500 74.587 24.7223 17.9178 0.204656 0.401617 350.01 0 0
1500 27.2532 -5.93904 17.9256 -0.456688 -0.136613 350.571 0 0
1500 10.4878 -45.287 17.8456 -0.747199 -0.65288 348.036 0 0
1500 118.576 -4.23296 17.9387 0.940927 -0.0578867 349.303 0 0
1500 38.75 -40.2309 17.8794 -0.290764 -0.63544 349.271 0 0
1500 42.7751 -21.3573 17.8915 -0.230635 -0.363388 350.245 0 0
1500 29.2888 69.9226 17.8434 -0.429544 1.06344 349.449 0 0
1500 93.538 -56.0495 17.9052 0.542415 -0.890691 347.797 0 0
1500 106.36 -45.8061 17.9051 0.73037 -0.741782 347.732 0 0
1500 120.971 -26.005 17.816 0.967725 -0.333857 349.373 0 0
1500 122.079 -13.3408 17.8106 1.01863 -0.188957 347.952 0 0
1500 35.5596 -60.429 17.8049 -0.387107 -0.907037 350.543 0 0
1500 65.3804 3.62906 18.6118 0.173181 0.116481 348.364 0 0
1500 101.812 31.0857 17.998 0.728412 0.510214 348.641 0 0
1500 74.8375 7.04705 18.4793 0.411237 0.125334 347.847 0 0
1500 101.263 -44.1689 17.9264 0.719549 -0.695511 348.932 0 0
1500 58.985 63.9367 17.9207 0.0261308 1.0215 349.612 0 0
1500 79.0563 7.88089 18.7111 0.403818 0.186376 349.988 0 0
1500 151.976 71.2441 17.8576 1.4693 1.11219 349.111 0 0
1500 93.9505 28.5949 18.0505 0.614573 0.494457 348.502 0 0
1500 123.559 -29.867 17.8268 1.03736 -0.478407 349.858 0 0
1500 93.633 57.017 17.814 0.503338 0.91469 350.083 0 0
1500 88.3129 -8.17986 18.6169 0.628785 -0.0839771 348.617 0 0
1500 110.797 21.5064 17.8858 0.832869 0.395372 349.14 0 0
1500 51.9447 42.1272 17.8941 -0.0572143 0.717429 348.174 0 0
1500 97.7041 -42.6699 17.9535 0.679953 -0.672153 349.721 0 0
1500 117.276 -3.19885 17.95 0.963285 -0.00100181 349.83 0 0
1500 142.53 50.4335 17.8521 1.37744 0.781648 348.335 0 0
1500 50.4931 45.4814 17.8637 -0.0739251 0.764377 348.524 0 0
1500 50.3371 -48.3375 17.9998 -0.158271 -0.775873 349.358 0 0
1500 66.4876 41.0783 18.1653 0.158323 0.69592 349.736 0 0
1500 101.074 -63.0051 17.8708 0.691115 -1.02029 349.801 0 0
1500 92.2911 -14.397 18.0442 0.544426 -0.298572 348.445 0 0
1500 120.035 13.4254 17.8387 1.00341 0.186645 350.535 0 0
1500 38.1181 15.5332 17.9137 -0.369754 0.20293 347.741 0 0
1500 98.4052 1.5521 17.9693 0.656392 0.0940756 349.997 0 0
1500 63.363 47.4299 17.8607 0.132463 0.788064 349.15 0 0
1500 -11.1668 -75.0448 17.8861 -1.14548 -1.18678 348.448 0 0
1500 96.4363 5.60158 18.1956 0.701753 0.060703 350.44 0 0
1500 51.2425 47.7715 17.88 -0.0396652 0.779155 350.098 0 0
1500 118.475 6.21616 18.0998 1.01496 0.140159 350.493 0 0
1500 75.7492 -34.0367 18.1838 0.277486 -0.582654 350.557 0 0
1500 41.4278 20.4007 18.1204 -0.288911 0.32898 350.59 0 0
1500 57.0141 -22.1884 18.1227 -0.0514519 -0.321164 350.406 0 0
1500 55.7767 4.10274 17.9046 -0.057907 -0.0080015 349.183 0 0
1500 72.2531 -29.314 17.8959 0.198061 -0.526017 349.764 0 0
1500 34.0447 -32.715 17.8912 -0.39209 -0.57548 350.13 0 0
1500 75.4325 13.3714 18.2746 0.405878 0.21465 349.348 0 0
1500 110.672 -19.841 17.8323 0.832103 -0.39263 348.804 0 0
1500 55.029 18.6106 17.9352 -0.112576 0.289137 349.896 0 0
1500 124.384 -17.867 17.9397 1.1043 -0.350189 349.234 0 0
1500 191.606 119.06 17.9397 2.18896 1.98376 349.241 0 0
1500 97.4786 -26.2592 18.3344 0.747612 -0.50504 348.761 0 0
1500 105.893 -24.2169 18.0065 0.868448 -0.384528 350.297 0 0
1500 56.1849 43.0561 18.0952 -0.0761532 0.753242 349.168 0 0
1500 119.768 7.29896 18.133 1.08548 0.0569365 350.334 0 0
1500 32.5238 11.2011 18.0701 -0.443777 0.119865 350.53 0 0
1500 44.9119 -63.9226 18.0129 -0.250919 -1.1881 349.12 0 0
1500 88.1818 -59.3727 17.8397 0.512417 -0.877736 352.42 0 0
1500 85.9943 0.174404 18.4914 0.483347 0.0620822 351.835 0 0
1500 80.7977 55.0064 17.931 0.335173 0.853072 352.468 0 0
1500 108.078 35.6294 17.8881 0.7509 0.577335 352.744 0 0
1500 104.867 -45.0151 17.9491 0.756239 -0.692011 352.773 0 0
1500 78.568 33.4637 18.0089 0.35907 0.502346 351.676 0 0
1500 65.0319 32.0128 18.1478 0.148494 0.504159 352.969 0 0
1500 73.3705 23.5256 18.4237 0.28447 0.38295 351.457 0 0
1500 50.2909 -15.8771 17.9451 -0.126531 -0.278792 350.925 0 0
1500 48.28 4.35821 17.8822 -0.199071 0.0547142 350.789 0 0
1500 64.6073 -3.21121 18.109 0.187529 -0.0532842 352.087 0 0
1500 90.2694 -6.06212 18.5074 0.578959 -0.068196 353.097 0 0
1500 40.7316 15.9849 17.9869 -0.260033 0.276843 351.532 0 0
1500 75.7613 -7.61481 18.3574 0.363163 -0.0807084 353.371 0 0
1500 70.9275 19.5285 17.9397 0.159077 0.330902 351.985 0 0
1500 72.4323 -14.5524 17.9481 0.220276 -0.267742 352.114 0 0
1500 67.8245 1.56533 18.021 0.206285 0.0656002 352.622 0 0
1500 37.6708 -18.0906 17.9514 -0.299798 -0.310308 352.214 0 0
1500 80.251 33.4599 18.015 0.366285 0.519753 352.052 0 0
1500 70.0818 15.1558 17.9064 0.197891 0.28115 352.414 0 0
1500 60.8582 38.1237 17.8511 0.0448368 0.603022 352.922 0 0
1500 78.1878 -26.8884 17.8348 0.268009 -0.444209 353.126 0 0
1500 22.749 38.2318 17.8303 -0.523389 0.609654 353.055 0 0
1500 66.4337 -66.677 17.8022 0.0832242 -1.04355 350.806 0 0
1500 117.564 16.0698 17.8642 0.973432 0.247527 350.597 0 0
1500 108.72 -39.882 17.9298 0.805475 -0.624947 353.424 0 0
1500 22.2778 -56.6117 17.8843 -0.593995 -0.856164 352.006 0 0
1500 65.7286 6.7919 18.3367 0.107967 0.0968698 350.616 0 0
1500 12.955 19.2192 18.0127 -0.728412 0.328611 350.777 0 0
1500 123.733 -1.20845 17.867 1.04797 0.0039697 352.95 0 0
1500 110.583 -13.4321 17.9548 0.883412 -0.176282 351.372 0 0
1500 13.5376 20.7298 17.9196 -0.744744 0.316182 351.107 0 0
1500 2.956 9.11982 17.9148 -0.899166 0.137587 351.64 0 0
1500 38.63 -6.18583 18.2131 -0.3207 -0.0733968 351.201 0 0
1500 94.8104 11.5466 18.1347 0.659835 0.221569 351.764 0 0
1500 88.2934 34.8605 18.1304 0.557523 0.572604 352.148 0 0
1500 86.9757 -10.4799 18.1395 0.543887 -0.113896 351.384 0 0
1500 113.066 4.80319 18.1242 0.921995 0.11712 352.858 0 0
1500 87.8465 20.3439 18.1809 0.575164 0.303651 351.835 0 0
1500 54.2863 25.4547 18.0161 -0.0427262 0.469793 350.799 0 0
1500 83.3612 9.52938 18.3446 0.494536 0.205912 352.189 0 0
1500 96.5038 -13.9103 18.3217 0.699718 -0.260475 352.553 0 0
1500 97.2012 17.3201 17.9966 0.688476 0.27509 352.355 0 0
1500 94.0274 -12.0616 18.1375 0.660438 -0.205954 351.969 0 0
1500 34.488 24.2337 18.1556 -0.394331 0.408516 351.301 0 0
1500 100.254 -46.0548 17.8288 0.601008 -0.761949 353.052 0 0
1500 83.4476 -16.2117 17.8487 0.357314 -0.319917 351.096 0 0
1500 16.428 -25.2149 18.0126 -0.685409 -0.379007 352.617 0 0
1500 45.8805 -37.4265 18.2019 -0.167156 -0.636473 353.012 0 0
1500 47.5014 56.6235 17.9112 -0.220363 0.882733 353.198 0 0
1500 92.1151 46.8368 17.8232 0.463892 0.775204 351.246 0 0
1500 103.028 -6.31981 17.8443 0.713453 -0.172473 352.383 0 0
1500 -39.2288 26.7947 17.9052 -1.55196 0.446958 352.722 0 0
1500 8.31218 12.0986 17.8627 -0.821105 0.224605 353.05 0 0
1500 61.3849 12.2932 17.8814 -0.00994362 0.232865 351.566 0 0
1500 40.9257 42.6077 17.8592 -0.31042 0.712584 352.992 0 0
1500 39.319 -31.9518 17.9033 -0.243834 -0.562113 353.01 0 0
1500 97.2555 12.4048 17.885 0.618976 0.268395 353.24 0 0
1500 -6.95365 64.3592 17.8499 -1.10821 0.983828 351.076 0 0
1500 120.294 12.9766 18.0117 1.06759 0.261206 351.401 0 0
1500 90.2448 -53.9513 18.1727 0.575909 -0.907562 353.03 0 0
1500 66.6737 -67.0419 18.1859 0.205346 -1.16395 350.939 0 0
1500 -57.6212 179.461 17.8642 -1.80594 2.9187 352.995 0 0
1500 24.6029 61.2556 17.9617 -0.617321 0.999025 351.417 0 0
1500 113.414 40.4371 17.9431 0.96942 0.61268 352.593 0 0
1500 137.289 -16.7277 18.1153 1.37562 -0.292438 353.031 0 0
1500 14.2237 28.2124 17.9183 -0.743386 0.550143 352.122 0 0
1500 92.3919 62.4995 17.9281 0.606641 1.10903 352.947 0 0
1500 28.7525 -28.7588 18.1856 -0.564941 -0.48134 350.891 0 0
1500 115.315 -22.0375 17.9217 1.03671 -0.370459 352.55 0 0
1500 45.027 -10.4736 18.431 -0.241325 -0.190126 353.037 0 0
1500 48.0258 -8.31277 18.2263 -0.172324 -0.233535 351.354 0 0
1500 117.377 55.3526 18.3087 1.13688 1.02368 351.783 0 0
1500 133.382 -1.84604 18.3049 1.43773 -0.00592607 351.576 0 0
1500 108.516 -41.3126 18.4395 0.899573 -0.815004 351.18 0 0
1500 27.5721 -12.7371 18.3232 -0.570499 -0.171887 352.699 0 0
1500 106.668 11.3632 18.2947 0.961864 0.227878 352.868 0 0
1500 72.0821 32.0335 18.1696 0.209254 0.642899 352.677 0 0
1500 81.4349 -10.1626 19.0162 0.45319 -0.191572 354.21 0 0
1500 2.62422 15.1082 17.9005 -0.8474 0.234034 353.726 0 0
1500 24.9689 -4.22105 17.9728 -0.504686 -0.0221852 355.12 0 0
1500 85.7423 -9.75379 18.7813 0.508383 -0.188947 355.507 0 0
1500 69.5859 0.487719 18.1473 0.260655 0.00458399 353.609 0 0
1500 102.247 0.629456 17.9696 0.699304 -0.0213516 354.372 0 0
1500 66.7009 -12.5633 18.1407 0.193767 -0.229343 356.234 0 0
1500 70.5992 -20.3681 17.8656 0.246467 -0.297969 355.239 0 0
1500 46.7473 56.1937 17.8057 -0.181556 0.877077 353.671 0 0
1500 82.0127 -30.54 17.8882 0.317395 -0.495723 355.878 0 0
1500 105.47 -44.396 17.9613 0.748598 -0.703627 354.116 0 0
1500 122.41 11.0488 17.9472 1.02431 0.1874 353.833 0 0
1500 120.404 -17.2442 17.9435 0.992178 -0.270435 354.693 0 0
1500 111.311 21.2365 18.1656 0.9003 0.353074 353.496 0 0
1500 106.498 -48.5643 17.8929 0.792248 -0.744271 354.6 0 0
1500 96.1902 53.1603 17.8988 0.643993 0.81877 354.235 0 0
1500 87.7926 -36.5441 18.2555 0.486325 -0.621751 353.53 0 0
1500 15.3271 -50.166 17.8244 -0.669342 -0.806653 354.485 0 0
1500 104.139 -39.4989 17.9541 0.777701 -0.617527 354.297 0 0
1500 99.7029 -32.7945 17.9595 0.719976 -0.523479 353.491 0 0
1500 105.25 -30.4735 17.9572 0.800348 -0.486075 353.795 0 0
1500 115.304 23.8193 17.9537 0.943755 0.329932 354.373 0 0
1500 80.1565 95.8243 17.9014 0.321943 1.51737 353.798 0 0
1500 54.0251 -61.2337 17.8315 -0.0415067 -0.995716 353.939 0 0
1500 38.9585 -57.8279 17.8322 -0.269041 -0.946352 353.803 0 0
1500 120.429 -8.72065 17.8812 1.01397 -0.115409 354.534 0 0
1500 77.8749 -60.7096 17.8769 0.345023 -0.968137 355.01 0 0
1500 87.141 -44.7006 17.8842 0.492726 -0.74339 353.731 0 0
1500 101.822 -49.0794 17.8761 0.689695 -0.780148 356.248 0 0
1500 166.597 41.1482 17.8534 1.69332 0.688939 353.877 0 0
1500 2.00519 12.0744 17.9901 -0.894416 0.207181 354.534 0 0
1500 38.3408 -64.3782 17.794 -0.36614 -0.981184 355.545 0 0
1500 114.117 -35.2949 17.8831 0.86986 -0.584819 356.216 0 0
1500 103.611 3.88196 17.9497 0.753196 0.0189546 356.108 0 0
1500 117.243 -20.2203 17.895 0.95995 -0.260208 355.444 0 0
1500 114.816 -8.34395 17.8983 0.930953 -0.0825345 354.911 0 0
1500 25.8766 45.6235 17.8266 -0.560892 0.722469 354.599 0 0
1500 27.3948 127.117 17.7924 -0.425838 1.96717 355.8 0 0
1500 47.1495 52.3608 17.9097 -0.230563 0.811449 354.655 0 0
1500 83.7375 44.9659 18.1649 0.467965 0.739184 355.797 0 0
1500 7.05777 -21.412 17.9111 -0.831041 -0.356909 355.333 0 0
1500 32.422 10.2188 17.8848 -0.45695 0.202329 353.751 0 0
1500 113.723 -16.8176 18.0253 0.931388 -0.273464 356.377 0 0
1500 102.284 11.7389 18.1856 0.779381 0.138749 355.94 0 0
1500 78.5445 7.62155 18.1976 0.427799 0.0778243 354.975 0 0
1500 -4.16823 67.6476 17.87 -1.01082 1.06115 355.293 0 0
1500 120.566 9.86637 17.8392 1.00786 0.114511 356.372 0 0
1500 103.832 -45.4436 17.8138 0.756084 -0.650017 356.07 0 0
1500 29.5008 -38.8501 17.8528 -0.510439 -0.613204 355.052 0 0
1500 5.02071 17.1512 17.8473 -0.878357 0.244612 355.649 0 0
1500 48.5665 34.7733 17.8616 -0.220099 0.523354 354.323 0 0
1500 34.2355 -16.7564 17.8629 -0.443363 -0.277421 354.224 0 0
1500 32.6409 -3.73526 17.8643 -0.468852 -0.0749793 354.131 0 0
1500 86.5855 -19.6413 18.1119 0.538234 -0.339263 355.683 0 0
1500 32.176 -50.9583 17.9736 -0.442697 -0.794343 356.393 0 0
1500 117.119 37.9453 18.16 1.00206 0.650164 354.866 0 0
1500 54.1677 -22.4279 18.0158 -0.102638 -0.387024 354.987 0 0
1500 5.46356 -2.13019 18.0005 -0.839873 -0.0716082 356.239 0 0
1500 87.8985 17.4576 17.8751 0.538159 0.238058 355.045 0 0
1500 44.7676 13.122 18.0991 -0.229469 0.153029 355.392 0 0
1500 77.9411 8.63351 18.0869 0.393696 0.198054 353.953 0 0
1500 65.5802 3.51943 18.0499 0.0756087 0.0191639 355.181 0 0
1500 49.2542 10.7595 18.4178 -0.0999545 0.224507 356.71 0 0
1500 55.9285 30.1409 18.0711 0.0210765 0.536493 355.867 0 0
1500 102.749 0.895749 17.8401 0.708775 0.0890714 355.592 0 0
1500 125.312 83.2135 17.9774 1.1525 1.38375 353.601 0 0
1500 57.2765 -1.65846 17.8645 -0.0442139 -0.0964731 355.234 0 0
1500 85.2988 5.74148 17.8584 0.504301 0.0913927 355.988 0 0
1500 56.159 13.1885 17.8507 -0.0300887 0.284809 355.821 0 0
1500 69.6157 9.29352 18.0141 0.126372 0.159104 356.431 0 0
1500 64.8673 126.833 17.9073 0.0617191 2.08713 354.721 0 0
1500 46.8259 -17.0956 17.9402 -0.159557 -0.353029 355.361 0 0
1500 80.634 24.971 18.0665 0.466736 0.415914 355.25 0 0
1500 37.1839 -32.3851 17.8339 -0.271468 -0.561637 356.545 0 0
1500 107.086 15.2485 17.9905 0.816154 0.320589 355.899 0 0
1500 114.446 45.4123 18.1621 1.00375 0.826364 353.653 0 0
1500 110.321 4.0665 17.8784 0.844137 0.145723 355.884 0 0
1500 82.5318 -0.0132687 17.9206 0.486599 0.0145226 353.868 0 0
1500 61.5661 -17.8419 18.0706 0.108578 -0.360614 356.651 0 0
1500 95.74 38.8564 18.2277 0.703253 0.721089 354.231 0 0
1500 21.3993 -30.8133 17.9791 -0.651457 -0.45157 356.466 0 0
1500 126.371 85.3538 17.9993 1.2431 1.46409 354.54 0 0
1500 127.467 34.9727 17.8867 1.2127 0.602635 356.696 0 0
1500 60.4918 -54.4551 17.9943 0.0422518 -1.00245 355.167 0 0
1500 33.1599 -41.3033 17.9992 -0.394152 -0.776851 356.022 0 0
1500 81.3387 -49.6055 18.0738 0.405265 -0.915266 356.735 0 0
1500 72.612 24.6939 18.2077 0.256653 0.523572 355.513 0 0
1500 91.5986 -3.93297 18.5225 0.591637 -0.0410631 358.893 0 0
1500 68.2889 -23.2226 18.4733 0.214121 -0.358808 360.311 0 0
1500 55.6563 34.1325 17.8367 -0.0486382 0.544109 357.446 0 0
1500 38.7694 -32.6558 17.8437 -0.252517 -0.528199 357.131 0 0
1500 72.5685 -40.2075 17.8645 0.269349 -0.603572 357.497 0 0
1500 71.5927 6.43094 18.232 0.301295 0.0814481 359.636 0 0
1500 44.8769 -6.93534 18.0585 -0.225112 -0.0924884 359.116 0 0
1500 18.2079 -0.699843 17.8451 -0.596744 -0.0706186 357.873 0 0
1500 65.3609 -43.3347 17.8423 0.068362 -0.674017 357.639 0 0
1500 24.5128 -5.60603 17.8474 -0.506473 -0.139421 358.065 0 0
1500 54.5082 -29.3641 18.0513 -0.045207 -0.465934 360.319 0 0
1500 70.2168 1.87094 17.9469 0.186852 -0.0444574 357.645 0 0
1500 101.46 -12.7724 17.967 0.693982 -0.204589 358.495 0 0
1500 116.546 18.2214 17.8844 0.921498 0.277022 357.032 0 0
1500 62.6507 64.7374 17.8038 0.130791 0.96818 356.921 0 0
1500 112.363 -21.1708 17.8838 0.824807 -0.362644 357.85 0 0
1500 94.7039 -32.6535 17.8899 0.566377 -0.521915 358.538 0 0
1500 84.9083 -22.5248 17.8975 0.42341 -0.374694 359.218 0 0
1500 78.6059 53.9088 17.8737 0.309534 0.84314 357.87 0 0
1500 69.2835 -5.47462 17.872 0.220403 -0.111318 359.717 0 0
1500 93.9597 -50.4643 17.8875 0.5607 -0.791222 357.684 0 0
1500 74.4784 14.3894 18.0169 0.228288 0.265854 360.454 0 0
1500 80.2091 61.8951 17.8216 0.35793 0.974486 356.772 0 0
1500 113.615 -3.14748 17.8511 0.868752 -0.0355176 358.799 0 0
1500 16.3442 51.8587 17.8194 -0.682465 0.790094 356.872 0 0
1500 73.7202 -22.1594 17.8842 0.257346 -0.3821 359.116 0 0
1500 18.9449 33.7603 17.8739 -0.609474 0.519722 359.768 0 0
1500 110.779 24.8525 18.1501 0.891965 0.402418 357.104 0 0
1500 107.38 36.9539 17.8157 0.776683 0.568386 358.879 0 0
1500 4.02674 -34.5442 17.8428 -0.852331 -0.517142 358.821 0 0
1500 78.4297 62.5147 17.8689 0.341315 0.977541 358.771 0 0
1500 58.3913 65.5648 17.8237 0.022645 1.04603 358.193 0 0
1500 19.2516 -52.6217 17.8895 -0.615044 -0.83823 358.216 0 0
1500 116.113 -31.3573 17.8212 0.917323 -0.43722 359.709 0 0
1500 124.059 -1.24341 17.8198 1.04109 0.00210589 359.192 0 0
1500 46.3802 22.5997 18.1768 -0.200192 0.379132 356.86 0 0
1500 49.0807 62.6275 17.8088 -0.0691501 0.979663 357.528 0 0
1500 90.7055 54.2197 17.809 0.537351 0.817702 360.345 0 0
1500 27.3873 57.0259 17.8366 -0.446886 0.902318 360.181 0 0
1500 101.509 -48.0117 17.8365 0.728244 -0.717339 358.491 0 0
1500 47.4228 67.4728 17.8177 -0.0994679 1.04264 359.539 0 0
1500 27.9477 58.5499 17.7997 -0.4961 0.914369 359.918 0 0
1500 -1.64114 26.0507 17.8007 -0.926078 0.433835 360.305 0 0
1500 89.5848 59.406 17.8002 0.417894 0.943464 358.729 0 0
1500 8.561 -41.3036 17.8029 -0.803029 -0.569915 358.077 0 0
1500 86.1822 -22.7891 18.3026 0.452248 -0.411484 357.961 0 0
1500 80.5583 48.9441 17.8307 0.343069 0.823317 357.48 0 0
1500 9.04878 -38.2903 17.8286 -0.742782 -0.652987 358.334 0 0
1500 12.0958 -46.6068 17.826 -0.689905 -0.770742 358.997 0 0
1500 19.6026 -37.8638 17.9514 -0.577622 -0.65024 357.902 0 0
1500 54.3956 -66.2826 17.8144 -0.00524326 -1.04274 359.269 0 0
1500 102.707 29.5806 17.9847 0.693502 0.524047 358.102 0 0
1500 90.0124 44.7868 18.0941 0.557677 0.733045 359.045 0 0
1500 27.9198 45.3272 17.9021 -0.467628 0.764921 357.994 0 0
1500 69.2466 -52.6258 17.8179 0.246299 -0.815793 357.718 0 0
1500 98.5954 53.517 17.8079 0.677558 0.789415 359.506 0 0
1500 108.136 -43.5895 17.8075 0.816125 -0.65621 359.814 0 0
1500 51.677 62.8181 17.8168 -0.0923811 1.01726 359.181 0 0
1500 110.086 -40.22 17.8656 0.830105 -0.639499 360.415 0 0
1500 100.023 5.95377 17.8389 0.724683 0.10431 357.392 0 0
1500 90.0846 -55.2599 17.8263 0.558188 -0.821138 358.914 0 0
1500 103.267 -29.7908 17.8723 0.761265 -0.518239 356.981 0 0
1500 101.343 -46.9903 17.9699 0.718047 -0.744105 360.268 0 0
1500 134.336 -2.40921 17.9335 1.24258 -0.0119792 358.791 0 0
1500 82.6901 18.1272 17.966 0.449073 0.337569 357.591 0 0
1500 53.9273 52.3241 17.9575 -0.0243649 0.86752 358.699 0 0
1500 76.8266 22.0037 17.9706 0.329091 0.414386 357.547 0 0
1500 69.6408 39.1789 17.9644 0.216438 0.67482 358.026 0 0
1500 51.1972 60.1947 17.9518 -0.0650537 0.975556 359.474 0 0
1500 11.011 -6.28131 17.9134 -0.770565 -0.0815597 359.352 0 0
1500 22.9728 -32.1699 18.039 -0.570095 -0.529655 358.717 0 0
1500 114.883 -4.92118 18.0819 0.955201 -0.0932364 360.036 0 0
1500 78.1695 10.2339 18.3567 0.326631 0.213706 359.084 0 0
1500 41.1479 9.01529 18.3583 -0.23542 0.195535 358.977 0 0
1500 85.8939 0.313049 18.1813 0.546642 0.0164422 358.904 0 0
1500 53.7956 51.0433 17.8106 -0.110969 0.845824 358.661 0 0
1500 11.7009 -9.62498 17.9236 -0.730652 -0.216961 358.824 0 0
1500 34.4702 -41.6214 17.9218 -0.380652 -0.705716 358.986 0 0
1500 40.7063 -4.42002 18.1046 -0.304052 -0.0409191 358.661 0 0
1500 83.4545 43.8286 17.824 0.457212 0.647953 360.379 0 0
1500 49.0077 27.9593 17.9131 -0.117207 0.510068 358.421 0 0
1500 81.7458 45.579 17.9 0.383857 0.769925 359.544 0 0
1500 68.6762 51.8009 18.0216 0.159227 0.893394 357.096 0 0
1500 86.6596 63.7001 17.8025 0.509439 0.963988 359.523 0 0
1500 71.0444 49.9821 17.9232 0.280053 0.794059 359.71 0 0
1500 85.5628 48.7296 17.9195 0.498151 0.769938 360.138 0 0
1500 4.64899 -32.0048 17.8368 -0.873199 -0.453146 360.467 0 0
1500 56.4521 28.2428 17.9093 0.0392486 0.493578 358.731 0 0
1500 47.3036 59.7262 17.8086 -0.118999 0.964919 360.409 0 0
1500 108.6 27.1096 17.8103 0.812477 0.472915 360.143 0 0
1500 38.0049 -19.2556 17.9562 -0.278988 -0.374235 359.606 0 0
1500 47.234 -42.946 17.9468 -0.134439 -0.733111 360.334 0 0
1500 53.9403 -64.0475 17.9034 -0.0672727 -1.07666 359.254 0 0
1500 99.9181 55.0032 17.9335 0.71731 0.93964 358.251 0 0
1500 46.2718 -1.84935 17.875 -0.258086 -0.0204121 359.245 0 0
1500 96.3329 -16.8394 17.8875 0.66664 -0.211529 358.698 0 0
1500 0.328884 -26.5756 17.8999 -0.9568 -0.493872 358.433 0 0
1500 101.304 -38.505 18.0965 0.698377 -0.689493 359.299 0 0
1500 97.7992 10.3309 17.9529 0.678924 0.24136 358.726 0 0
1500 99.8305 34.2709 17.9392 0.671878 0.652101 356.832 0 0
1500 -103.816 100.991 17.9128 -2.69149 1.60801 359.142 0 0
1500 22.772 28.2217 17.9484 -0.644888 0.424962 358.71 0 0
1500 99.6208 -31.5855 18.1922 0.728395 -0.619284 357.072 0 0
1500 98.9418 -69.4134 17.9972 0.740226 -1.16405 360.176 0 0
1500 52.1187 -19.9225 18.2763 -0.145446 -0.345817 357.575 0 0
1500 35.8418 15.9047 18.4656 -0.374586 0.32456 357.804 0 0
1500 75.6015 30.0382 18.2136 0.329122 0.609912 358.041 0 0
1500 93.0777 -20.7572 18.2984 0.576645 -0.345569 360.795 0 0
1500 54.0813 41.0662 17.9303 -0.0832181 0.635787 361.027 0 0
1500 117.57 2.83295 17.826 0.926594 0.0607712 360.595 0 0
1500 123.54 -5.96666 17.8081 1.0336 -0.0964686 360.548 0 0
1500 124.184 -6.56203 17.8658 1.03398 -0.142908 360.671 0 0
1500 111.877 -37.643 17.8659 0.85213 -0.598444 360.763 0 0
1500 68.035 -64.5585 17.8307 0.223062 -0.991034 360.808 0 0
1500 98.8389 -34.6582 18.1382 0.72287 -0.545001 361.588 0 0
1500 115.424 27.2355 17.8358 0.926285 0.364718 361.357 0 0
1500 36.4323 -12.0786 18.1455 -0.319121 -0.26069 360.807 0 0
1500 140.205 54.7929 17.8707 1.32306 0.900522 361.228 0 0
1500 72.0398 -2.46641 18.0195 0.235806 0.0391448 360.81 0 0
1500 113.46 65.3265 18.0498 0.909221 1.09472 361.33 0 0
1500 61.5837 -5.33412 17.8291 0.0432215 -0.161629 361.094 0 0
1500 135.668 8.70266 18.0624 1.34399 0.115444 361.205 0 0
1500 104.007 55.6705 18.0497 0.829929 0.923708 361.443 0 0
1500 123.378 -55.3104 17.9169 1.14353 -0.929387 361.082 0 0
1500 98.9033 -38.2513 18.0808 0.676235 -0.709634 361.267 0 0
1500 109.511 -6.19299 18.3818 0.936173 -0.178492 361.588 0 0
1500 79.2995 -34.8559 18.0507 0.450613 -0.603957 360.665 0 0
1500 57.2985 32.6565 18.2393 -0.0572193 0.586792 361.04 0 0
1500 79.0287 6.54423 17.8796 0.357961 0.0763545 361.888 0 0
1500 106.47 9.35181 18.0894 0.773507 0.147706 363.135 0 0
1500 92.0996 -28.0376 17.8238 0.543913 -0.366067 362.076 0 0
1500 114.416 27.9996 17.9279 0.879949 0.45338 361.599 0 0
1500 88.7349 -52.582 17.8679 0.422915 -0.823236 362.381 0 0
1500 108.264 35.9648 17.9485 0.785885 0.57082 362.375 0 0
1500 122.314 -16.1994 17.882 1.01074 -0.202761 362.068 0 0
1500 38.1721 -62.2049 17.9109 -0.307618 -0.968755 362.477 0 0
1500 45.7405 -40.4276 17.9839 -0.208751 -0.640568 362.493 0 0
1500 112.021 -23.0832 17.9971 0.876891 -0.356896 362.949 0 0
1500 122.926 -4.4984 17.8304 1.01846 -0.0871586 362.67 0 0
1500 116.071 29.8445 17.8314 0.914737 0.412646 362.942 0 0
1500 31.2597 61.7775 17.8332 -0.460315 0.939279 362.088 0 0
1500 83.2414 -76.7614 17.8339 0.370087 -1.20398 362.625 0 0
1500 110.1 -32.6361 18.0238 0.876067 -0.487832 362.722 0 0
1500 108.682 25.5992 17.9661 0.834244 0.439609 362.751 0 0
1500 101.303 28.6115 17.9694 0.727833 0.488163 362.319 0 0
1500 13.7016 20.7896 17.9006 -0.688694 0.392784 361.769 0 0
1500 102.694 -3.97509 17.9163 0.771017 -0.0746594 361.783 0 0
1500 30.224 56.6114 17.8381 -0.390767 0.922494 363.005 0 0
1500 67.0308 34.3292 18.1927 0.138965 0.583771 362.344 0 0
1500 71.4036 16.2386 18.0679 0.313048 0.261046 361.67 0 0
1500 -18.1405 -55.1755 17.9322 -1.23327 -0.885004 361.609 0 0
1500 88.4372 -10.0831 18.0345 0.571159 -0.132338 361.763 0 0
1500 61.2893 -56.3531 17.8054 0.0373972 -0.932546 363.144 0 0
1500 46.9459 28.8561 17.9039 -0.230439 0.407989 361.836 0 0
1500 69.5459 -25.6336 17.9042 0.120918 -0.439203 361.813 0 0
1500 52.5351 -0.467465 17.9226 -0.147135 0.0244885 361.778 0 0
1500 67.6159 -4.9831 18.0027 0.132525 -0.145448 362.141 0 0
1500 129.053 14.3374 18.1105 1.22003 0.20424 362.047 0 0
1500 90.5801 2.34701 18.1917 0.62658 0.0535626 362.718 0 0
1500 -18.7754 -24.4452 18.0811 -1.28448 -0.416313 362.654 0 0
1500 109.827 15.1824 17.9446 0.907506 0.31559 362.91 0 0
1500 53.1309 52.9855 17.9971 -0.073362 0.975655 362.244 0 0
1500 60.4833 44.319 17.9923 0.049532 0.692568 363.331 0 0
1500 89.0035 8.64575 18.1097 0.502055 0.176995 364.426 0 0
1500 72.6788 27.9861 18.1011 0.258565 0.453546 364.462 0 0
1500 87.0058 -2.89321 17.9425 0.485835 -0.0275989 364.046 0 0
1500 65.9203 -5.31941 18.2396 0.224206 -0.0690706 365.816 0 0
1500 40.8368 -7.84891 18.1863 -0.257764 -0.0804457 365.625 0 0
1500 40.3951 -18.8989 18.0189 -0.264513 -0.320594 364.656 0 0
1500 36.0138 -30.0899 17.9302 -0.327553 -0.485644 364.874 0 0
1500 22.7294 20.9972 17.8689 -0.556475 0.329569 364.544 0 0
1500 68.7183 -23.1497 18.1031 0.24054 -0.353126 365.991 0 0
1500 -9.16337 16.4289 17.8181 -0.993457 0.293718 364.155 0 0
1500 77.725 -10.4109 17.9392 0.349166 -0.115831 365.86 0 0
1500 41.7734 47.2977 17.8477 -0.294436 0.699839 364.622 0 0
1500 117.53 -13.147 17.8072 0.922654 -0.220873 363.422 0 0
1500 105.525 33.4804 17.8906 0.750158 0.515873 364.369 0 0
1500 44.5456 6.46774 17.8096 -0.157745 0.152408 365.244 0 0
1500 44.3789 14.9798 17.8081 -0.160432 0.273845 365.104 0 0
1500 101.551 15.7761 17.796 0.668752 0.291975 363.468 0 0
1500 108.536 -39.8761 18.0363 0.818944 -0.64341 363.411 0 0
1500 48.644 86.658 17.8334 -0.174475 1.35254 363.758 0 0
1500 44.6242 51.4495 17.8991 -0.199523 0.800606 366.816 0 0
1500 76.411 80.2706 17.8738 0.334351 1.24101 363.963 0 0
1500 6.25714 -41.9791 17.7994 -0.776995 -0.693749 365.056 0 0
1500 48.5768 -60.3252 17.8042 -0.148433 -0.945099 366.473 0 0
1500 96.1942 44.3227 18.0625 0.670431 0.700077 364.082 0 0
1500 77.7378 48.5502 17.8887 0.381923 0.762493 363.261 0 0
1500 93.0984 32.1479 17.9625 0.513346 0.555464 363.451 0 0
1500 71.7954 94.4203 17.8631 0.220597 1.47873 365.032 0 0
1500 122.882 -5.38103 17.8628 1.0411 -0.0897458 365.264 0 0
1500 121.122 11.4628 18.0703 1.02525 0.197929 366.18 0 0
1500 23.9752 40.2008 17.9107 -0.57844 0.640721 363.679 0 0
1500 64.8355 30.2571 18.2839 0.112927 0.524473 363.234 0 0
1500 110.998 -39.4571 17.9003 0.824507 -0.641592 366.744 0 0
1500 64.3789 -35.0487 18.0199 0.0967196 -0.610738 364.023 0 0
1500 120.142 -12.5966 17.8087 0.98199 -0.245925 365.401 0 0
1500 95.1396 -11.5345 18.3655 0.690412 -0.132034 365.633 0 0
1500 94.2314 -35.9824 17.9333 0.608126 -0.609858 364.72 0 0
1500 93.2178 44.8679 17.9353 0.613816 0.695944 365.848 0 0
1500 120.163 27.6087 17.804 0.977055 0.358704 366.253 0 0
1500 70.0296 -6.20579 17.9957 0.226046 -0.17151 363.721 0 0
1500 95.7046 5.4509 18.021 0.670944 0.0501162 364.9 0 0
1500 77.2819 -42.4496 18.0166 0.386471 -0.679641 365.283 0 0
1500 85.1099 6.96937 18.0262 0.51171 0.0738177 364.509 0 0
1500 50.3451 58.2613 17.8411 -0.11174 0.957251 365.967 0 0
1500 78.0946 26.3581 17.8577 0.316226 0.486881 364.284 0 0
1500 29.5719 -19.7846 17.97 -0.492096 -0.273703 364.769 0 0
1500 100.382 2.4129 17.8144 0.652896 0.114983 364.623 0 0
1500 77.6965 22.9034 17.8405 0.387653 0.367057 363.447 0 0
1500 29.6783 -57.7481 17.8061 -0.396047 -0.935815 366.793 0 0
1500 122.214 22.3546 17.9414 1.1043 0.330669 363.731 0 0
1500 101.306 -13.46 17.891 0.668937 -0.283983 365.781 0 0
1500 85.4269 -32.9131 17.8912 0.424648 -0.583547 365.763 0 0
1500 45.1365 -20.7085 17.9002 -0.197707 -0.399839 365.083 0 0
1500 5.4119 3.73332 17.8538 -0.828558 0.129181 366.224 0 0
1500 34.5053 82.4418 17.8291 -0.427485 1.29624 366.753 0 0
1500 62.8695 -1.87945 18.2257 0.0685081 0.0222542 366.65 0 0
1500 75.3376 -30.4744 17.9255 0.35637 -0.47406 366.349 0 0
1500 84.5503 21.2864 17.9254 0.498728 0.326039 366.356 0 0
1500 65.9471 47.1425 18.0584 0.0780469 0.802682 363.342 0 0
1500 55.107 12.683 18.1462 -0.0812886 0.196041 366.638 0 0
1500 88.3398 30.1561 18.0622 0.594428 0.504751 363.285 0 0
1500 80.3318 11.3462 17.9326 0.423131 0.133368 366.393 0 0
1500 42.5872 -16.1713 17.8336 -0.321034 -0.245277 366.621 0 0
1500 103.393 -62.0746 18.0652 0.812911 -1.08456 363.672 0 0
1500 69.1684 0.0955492 18.1159 0.231186 0.0794963 364.945 0 0
1500 104.432 55.6308 17.9475 0.714339 0.960268 366.198 0 0
1500 99.4191 -62.8651 18.1824 0.757456 -1.08838 365.711 0 0
1500 7.16967 25.3505 18.0467 -0.821706 0.486592 366.236 0 0
1500 134.863 -9.32148 18.188 1.4 -0.125326 365.998 0 0
1500 57.628 -9.57037 18.2416 -0.0890255 -0.126192 364.936 0 0
1500 74.4289 16.1215 18.1289 0.329167 0.223917 367.1 0 0
1500 70.2376 -4.52851 17.9607 0.197727 -0.130889 367.054 0 0
1500 71.8029 -23.3311 17.8883 0.210452 -0.386367 367.969 0 0
1500 91.2875 -10.1019 18.0425 0.558238 -0.142741 367.273 0 0
1500 71.9587 42.0129 18.0077 0.212138 0.65957 367.618 0 0
1500 104.032 15.9976 17.9744 0.715934 0.276345 367.226 0 0
1500 107.724 14.2875 17.9751 0.788076 0.226474 367.314 0 0
1500 87.7199 -43.7153 17.823 0.407034 -0.693022 367.759 0 0
1500 11.2015 38.5526 17.8989 -0.728363 0.582476 367.438 0 0
1500 117.635 -26.1836 18.0031 0.962471 -0.415303 367.912 0 0
1500 48.8536 65.0465 17.7959 -0.139977 1.03882 367.585 0 0
1500 116.3 34.6185 17.796 0.86337 0.589662 367.344 0 0
1500 27.2487 -55.3342 17.8771 -0.458265 -0.903569 367.572 0 0
1500 122.717 16.5218 17.8073 1.03606 0.262958 367.906 0 0
1500 51.7303 -61.8992 17.8848 -0.0469686 -0.993865 367.71 0 0
1500 105.731 9.12318 17.9162 0.816081 0.136362 367.151 0 0
1500 103.893 27.2628 17.8301 0.753845 0.470761 367.73 0 0
1500 21.7459 -32.905 17.8199 -0.636142 -0.498489 367.705 0 0
1500 19.7374 -7.99592 17.8252 -0.671856 -0.116318 367.237 0 0
1500 91.9773 -35.9042 17.8909 0.495066 -0.619477 368.074 0 0
1500 17.3618 -13.4861 17.8945 -0.651865 -0.277182 367.758 0 0
1500 58.9908 -6.36415 17.8208 0.0455186 -0.170566 367.89 0 0
1500 59.5698 18.9978 18.023 -0.00587747 0.36043 367.824 0 0
1500 77.8029 -27.9414 18.0549 0.311744 -0.457842 368.178 0 0
1500 86.392 -31.6727 17.8764 0.471846 -0.482508 368.297 0 0
1500 118.684 -2.9847 17.8135 0.919646 -0.0971009 368.323 0 0
1500 65.0316 63.3802 17.846 0.153213 0.971354 368.305 0 0
1500 122.063 9.81868 17.8949 1.0116 0.127676 368.176 0 0
1500 101.947 -31.5804 17.8023 0.740024 -0.454882 368.524 0 0
1500 44.9669 46.2262 17.9478 -0.259389 0.774515 368.435 0 0
1500 43.4008 0.13756 17.8284 -0.215924 -0.0675087 368.853 0 0
1500 112.517 14.4007 17.8178 0.824504 0.152193 368.853 0 0
1500 100.107 42.473 17.9704 0.667801 0.661104 369.156 0 0
1500 115.245 27.4626 17.8015 0.823032 0.469115 369.355 0 0
1500 48.9924 -65.4822 17.8755 -0.129674 -1.03241 369.069 0 0
1500 105.17 7.31816 17.9109 0.806488 0.0973102 369.271 0 0
1500 91.0296 16.5228 17.8675 0.564685 0.194739 369.006 0 0
1500 -37.2383 27.7714 17.8835 -1.58563 0.481223 369.067 0 0
1500 53.0999 48.4439 17.9301 -0.155423 0.772623 368.751 0 0
1500 93.9087 -57.5067 18.0953 0.610639 -1.02756 369.324 0 0
1500 57.0973 29.9295 18.024 -0.070823 0.583356 368.866 0 0
1500 86.3672 6.48492 18.4195 0.518534 0.11907 369.674 0 0
1500 49.1791 9.75686 18.1926 -0.141093 0.16392 369.438 0 0
1500 40.242 -4.23986 18.0695 -0.284609 -0.079515 369.991 0 0
1500 73.232 -39.3717 17.9183 0.260046 -0.615043 369.549 0 0
1500 47.4798 -13.3881 17.8356 -0.103071 -0.239851 370.384 0 0
1500 59.7596 -11.6476 17.8361 0.0687005 -0.2154 370.418 0 0
1500 78.0167 5.32088 17.8345 0.324502 0.0219232 370.309 0 0
1500 87.8642 -5.97784 18.3713 0.53045 -0.044447 372.028 0 0
1500 57.9969 -9.21339 17.953 0.051937 -0.185021 370.968 0 0
1500 73.6796 34.2316 17.8631 0.27082 0.53409 370.255 0 0
1500 79.5563 -38.0082 17.9847 0.338366 -0.601959 370.496 0 0
1500 84.8469 -8.08666 17.9379 0.422207 -0.172722 371.309 0 0
1500 42.7556 1.26118 17.8252 -0.217411 0.0876132 371.617 0 0
1500 59.2063 -31.2134 18.0608 0.022824 -0.500106 372.583 0 0
1500 105.48 15.9658 17.9641 0.736556 0.276235 371.652 0 0
1500 102.93 -30.9116 17.8923 0.685062 -0.501121 371.323 0 0
1500 36.714 64.4605 17.7995 -0.281398 0.996841 370.437 0 0
1500 66.4384 11.7985 17.8391 0.178152 0.125234 371.254 0 0
1500 98.4021 -58.0901 17.8073 0.631605 -0.869189 371.607 0 0
1500 116.082 -30.0691 17.9058 0.929131 -0.44072 370.323 0 0
1500 87.8366 55.8891 17.7976 0.495513 0.839327 371.319 0 0
1500 -5.87113 9.12528 17.8079 -1.02956 0.143427 369.677 0 0
1500 -5.97683 -2.88018 17.8097 -1.0068 -0.0348941 371.297 0 0
1500 111.865 -19.8644 18.0897 0.913168 -0.288051 370.176 0 0
1500 106.055 -44.9556 17.7962 0.761473 -0.625698 372.08 0 0
1500 106.613 33.8859 17.7997 0.763412 0.515564 372.636 0 0
1500 91.6889 -35.2512 17.9497 0.48417 -0.600071 369.473 0 0
1500 105.826 -5.00733 17.8622 0.813128 -0.0827423 369.366 0 0
1500 61.795 -11.5731 18.2271 0.123115 -0.252653 369.514 0 0
1500 113.198 -14.328 18.202 0.927604 -0.256501 371.676 0 0
1500 113.434 61.6049 17.8262 0.823741 1.00821 370.211 0 0
1500 91.0939 -37.9795 17.9324 0.554222 -0.644902 369.949 0 0
1500 76.1747 -6.96702 18.0968 0.360849 -0.0490726 370.518 0 0
1500 45.5761 -65.3122 17.8839 -0.166836 -1.03203 372.843 0 0
1500 82.1756 42.2923 18.2074 0.399412 0.709521 371.494 0 0
1500 47.1818 39.6828 17.9962 -0.125081 0.682206 370.527 0 0
1500 93.4119 21.1854 17.9957 0.583005 0.398493 370.568 0 0
1500 82.3179 3.12529 17.9126 0.435341 -0.0122656 369.627 0 0
1500 43.9037 51.7015 17.953 -0.238484 0.848228 371.37 0 0
1500 39.4605 40.8957 17.9587 -0.308594 0.690352 370.792 0 0
1500 30.4669 -30.4709 18.0429 -0.470469 -0.469658 371.212 0 0
1500 68.2657 28.7488 17.8442 0.235588 0.464505 370.086 0 0
1500 29.5708 -45.3964 17.8461 -0.471725 -0.757075 371.591 0 0
1500 119.348 -18.4511 17.8167 0.991643 -0.280769 373.018 0 0
1500 81.928 57.5757 17.8201 0.436684 0.866765 372.255 0 0
1500 69.5307 13.4817 17.8434 0.25754 0.206148 370.073 0 0
1500 67.0817 3.76496 18.1689 0.107426 0.071782 371.478 0 0
1500 24.6571 -16.4098 17.8557 -0.567734 -0.311304 371.448 0 0
1500 150.646 -27.4014 17.8176 1.48713 -0.388278 372.221 0 0
1500 10.9618 -0.222673 17.8417 -0.793018 0.0268813 372.201 0 0
1500 52.8019 20.5146 17.8775 -0.0218809 0.375038 371.291 0 0
1500 61.5987 -22.5758 18.1678 0.0223066 -0.350824 373.039 0 0
1500 26.4049 29.8795 17.8445 -0.559421 0.480993 372.742 0 0
1500 113.995 31.0249 18.1787 0.941157 0.550433 372.817 0 0
1500 55.3823 -12.3879 17.8685 0.0183659 -0.247392 372.037 0 0
1500 148.193 -21.0992 18.2377 1.59578 -0.369599 369.602 0 0
1500 62.4236 -30.5954 17.8851 0.0803085 -0.552051 372.959 0 0
1500 85.5933 -3.30652 17.8879 0.441157 -0.129028 372.762 0 0
1500 68.2552 -28.9979 17.8613 0.0821974 -0.462203 371.271 0 0
1500 100.802 9.69822 18.1131 0.763845 0.0871931 370.543 0 0
1500 92.5616 -40.1596 18.0454 0.570793 -0.756382 369.671 0 0
1500 45.2646 1.54091 17.9405 -0.269261 0.0770957 372.648 0 0
1500 79.1979 6.09906 18.302 0.374399 0.145542 373.578 0 0
1500 94.619 -11.7602 17.9275 0.583463 -0.203951 373.185 0 0
1500 73.3433 -16.1198 17.821 0.275756 -0.198243 373.705 0 0
1500 44.2876 -12.9684 17.8354 -0.263673 -0.174793 374.084 0 0
1500 19.1181 -14.7805 17.8262 -0.622379 -0.202204 373.365 0 0
1500 35.6143 25.0534 17.8304 -0.387156 0.359501 373.709 0 0
1500 97.7476 36.2989 17.804 0.630877 0.546208 373.161 0 0
1500 65.9443 -2.86134 17.8919 0.169799 -0.0835556 375.076 0 0
1500 62.2542 -38.8251 17.9987 0.0949419 -0.611459 375.003 0 0
1500 98.2095 -27.9475 17.9129 0.648212 -0.409191 374.502 0 0
1500 107.23 -11.06 17.9626 0.780639 -0.139196 374.701 0 0
1500 74.6091 -46.2083 17.9361 0.281581 -0.715301 374.989 0 0
1500 121.796 -13.0772 17.8068 0.978131 -0.215533 374.699 0 0
1500 114.223 -26.1386 17.9747 0.890632 -0.409238 374.592 0 0
1500 124.473 -9.99378 17.8885 1.02377 -0.149355 375.299 0 0
1500 99.25 33.434 17.9475 0.653797 0.520547 375.575 0 0
1500 116.903 -24.5628 17.8187 0.92759 -0.361518 374.997 0 0
1500 109.342 61.0179 17.7946 0.818277 0.880741 375.339 0 0
1500 68.2172 -62.6763 17.8578 0.17857 -1.00892 374.027 0 0
1500 76.3225 -41.2567 18.0904 0.284444 -0.693412 373.552 0 0
1500 89.9532 -57.3717 17.7952 0.487649 -0.925863 374.65 0 0
1500 107.268 34.3881 17.9315 0.829069 0.51981 374.373 0 0
1500 57.7701 58.0983 17.8957 0.0511774 0.939174 374.091 0 0
1500 66.1 -48.0829 17.8518 0.182463 -0.790255 373.318 0 0
1500 98.263 -30.3473 18.1782 0.668931 -0.528365 375.22 0 0
1500 19.71 -14.659 17.9317 -0.652384 -0.238209 373.749 0 0
1500 80.3271 27.4133 17.945 0.423381 0.463785 374.086 0 0
1500 100.588 33.3234 17.9208 0.683299 0.577544 375.238 0 0
1500 114.805 -7.57402 17.8481 0.933629 -0.0835727 375.509 0 0
1500 36.0142 45.1462 17.8525 -0.371616 0.757691 375.227 0 0
1500 63.1168 -23.3635 17.9153 0.104482 -0.439214 374.591 0 0
1500 79.1383 22.2731 17.8197 0.38842 0.393247 374.942 0 0
1500 47.8382 19.8389 17.8244 -0.0997045 0.357119 374.62 0 0
1500 71.7098 0.0181203 17.9212 0.297137 -0.0295412 374.967 0 0
1500 43.5089 60.1116 17.916 -0.180777 1.0375 374.189 0 0
1500 66.247 -69.2497 17.979 0.103692 -1.23358 373.978 0 0
1500 60.8369 -38.6642 18.2236 -0.0016099 -0.665842 375.582 0 0
1500 68.0157 8.68788 17.9277 0.217003 0.107649 375.714 0 0
1500 84.4188 12.0393 18.244 0.480521 0.155436 376.638 0 0
1500 80.5142 -25.7532 18.1203 0.400639 -0.410814 377.348 0 0
1500 111.866 12.9637 17.8674 0.841482 0.208879 376.762 0 0
1500 59.0743 -65.6486 17.864 0.0266977 -1.03239 376.926 0 0
1500 111.738 -40.7257 17.8632 0.8017 -0.672515 376.478 0 0
1500 113.679 37.2808 17.8455 0.82117 0.629753 376.315 0 0
1500 80.7758 87.7355 17.873 0.326493 1.3846 376.627 0 0
1500 88.3067 34.7642 17.8111 0.525483 0.58146 375.647 0 0
1500 88.2192 -24.7807 17.8626 0.514628 -0.446004 376.425 0 0
1500 91.7536 -44.6612 18.015 0.500003 -0.770128 376.986 0 0
1500 118.49 19.8961 17.7989 0.964712 0.343138 377.388 0 0
1500 59.0194 -56.5281 17.837 0.0721883 -0.912225 377.396 0 0
1500 123.174 -2.53308 18.0102 1.10806 0.0271436 377.39 0 0
1500 57.5729 8.24289 17.8244 0.0602321 0.112173 378.277 0 0
1500 69.8885 22.7937 17.8243 0.176885 0.389071 378.523 0 0
1500 121.823 -20.7992 17.9025 1.05836 -0.294381 377.847 0 0
1500 14.508 -24.8021 17.961 -0.722091 -0.37145 378.581 0 0
1500 130.141 -10.864 18.167 1.231 -0.198008 378.244 0 0
1500 111.237 -24.1402 18.0076 0.860396 -0.455435 377.896 0 0
1500 23.7591 -42.9461 18.0648 -0.538729 -0.793151 377.811 0 0
1500 88.4551 46.0769 18.0414 0.55206 0.857609 378.36 0 0
1500 88.5865 -4.3854 17.9508 0.510357 -0.0583328 379.336 0 0
1500 59.6945 41.974 17.9086 0.0747309 0.64709 379.009 0 0
1500 90.8826 -32.9531 17.8794 0.475796 -0.536654 379.201 0 0
1500 111.716 38.0306 17.8308 0.854559 0.592425 379.513 0 0
1500 124.919 8.43307 17.8297 1.04558 0.0745154 379.266 0 0
1500 93.7002 -47.9642 17.8964 0.613935 -0.756748 378.804 0 0
1500 93.9366 50.0013 17.9819 0.575879 0.817138 379.869 0 0
1500 17.9267 35.2212 17.9014 -0.627487 0.607603 379.409 0 0
1500 7.78509 27.7603 17.899 -0.778472 0.491838 379.698 0 0
1500 103.978 -2.24089 17.8353 0.734385 0.0383214 378.85 0 0
1500 114.625 -37.921 17.838 0.932439 -0.534382 379.041 0 0
1500 69.7002 25.4636 17.9378 0.131553 0.441338 379.422 0 0
1500 53.5247 -13.784 17.9539 -0.116075 -0.303654 378.832 0 0
1500 60.9542 -16.6988 18.7717 0.112614 -0.277378 380.797 0 0
1500 60.4195 -12.6292 17.8716 0.0833458 -0.221937 380.951 0 0
1500 117.544 2.84586 18.0194 0.945806 0.0402615 380.069 0 0
1500 85.9088 2.4104 17.9213 0.469321 0.0325994 381.723 0 0
1500 76.6086 44.9079 17.964 0.292061 0.703136 381.504 0 0
1500 110.374 -24.3197 17.8075 0.804845 -0.30594 380.54 0 0
1500 90.4626 5.5721 17.8206 0.510577 0.120279 381.764 0 0
1500 99.9977 -22.5046 17.8821 0.669862 -0.307077 381.544 0 0
1500 72.86 55.0699 17.8073 0.260693 0.847963 380.974 0 0
1500 93.6976 53.4818 17.9801 0.567403 0.861552 380.45 0 0
1500 123.147 -25.3814 17.8251 1.03964 -0.363682 380.547 0 0
1500 15.5713 44.1386 17.8499 -0.676642 0.667256 382.539 0 0
1500 84.2744 55.9398 17.8955 0.377909 0.91149 380.243 0 0
1500 93.5176 57.0191 17.8047 0.476832 0.893827 382.467 0 0
1500 124.703 13.8838 17.8201 1.00364 0.273401 382.117 0 0
1500 4.98424 -11.4109 17.9228 -0.855802 -0.128331 380.693 0 0
1500 60.2594 43.9522 17.9292 -0.0147945 0.720928 380.075 0 0
1500 104.807 8.69723 18.0086 0.80642 0.156902 380.973 0 0
1500 113.792 31.174 17.8043 0.908444 0.447245 381.796 0 0
1500 -1.55876 -0.389836 17.807 -0.974274 0.0232615 381.607 0 0
1500 86.6632 47.5692 17.8967 0.505495 0.765289 382.357 0 0
1500 76.7052 -36.6201 17.8977 0.308083 -0.639945 382.055 0 0
1500 40.4613 -47.0258 17.8925 -0.248184 -0.794238 382.541 0 0
1500 65.9753 -42.1472 17.8966 0.142641 -0.723987 382.151 0 0
1500 83.5694 92.5365 17.9758 0.412377 1.55998 380.104 0 0
1500 87.3384 1.74033 18.0358 0.552666 -0.0265047 382.334 0 0
1500 116.488 -50.5482 17.9333 1.04718 -0.839637 382.316 0 0
1500 43.9811 12.4526 17.9777 -0.165823 0.241153 382.641 0 0
1500 35.1414 60.5455 17.8225 -0.308932 0.948737 382.853 0 0
1500 30.3296 -34.4021 17.9396 -0.421112 -0.60371 382.716 0 0
1500 51.4065 -49.9783 18.0695 -0.114191 -0.849726 382.683 0 0
1500 68.8842 3.62505 18.0833 0.245773 0.0663704 383.474 0 0
1500 54.2142 -58.74 17.863 -0.0549771 -0.899838 384.38 0 0
1500 25.9275 53.138 17.897 -0.478171 0.832524 383.186 0 0
1500 10.1412 -21.5288 17.8214 -0.755946 -0.314462 384.492 0 0
1500 25.4321 58.213 17.9139 -0.52182 0.892156 383.566 0 0
1500 74.2691 -58.3869 17.8587 0.22001 -0.90976 384.536 0 0
1500 87.9135 59.0082 17.8999 0.462841 0.93932 384.307 0 0
1500 118.143 -29.0291 17.8815 0.912041 -0.504174 384.486 0 0
1500 111.381 41.3959 17.9839 0.867693 0.676027 384.626 0 0
1500 42.2988 8.31897 17.9259 -0.286085 0.0712502 383.788 0 0
1500 37.2156 36.3536 17.9639 -0.31868 0.674546 384.225 0 0
1500 138.154 27.4027 18.2588 1.4863 0.484843 384.543 0 0
1500 30.891 8.7753 17.9174 -0.394807 0.188128 385.28 0 0
1500 100.541 19.7312 18.0117 0.686735 0.300541 386.232 0 0
1500 67.7857 1.33285 18.0259 0.222245 0.0410075 387.389 0 0
1500 75.541 -45.0989 17.9676 0.26049 -0.706621 386.055 0 0
1500 62.0268 -39.4654 17.9725 0.0694298 -0.623302 386.493 0 0
1500 75.2173 -15.0175 17.9157 0.214475 -0.270548 387.077 0 0
1500 114.078 -8.79325 17.8438 0.833098 -0.190438 385.897 0 0
1500 62.6279 -27.0329 17.8585 0.0958442 -0.442687 387.235 0 0
1500 -6.28853 -19.4579 17.9201 -0.998524 -0.318628 384.991 0 0
1500 83.5633 -32.8376 17.8999 0.378483 -0.53219 388.096 0 0
1500 58.296 -45.133 17.8978 0.0225628 -0.707253 387.911 0 0
1500 82.4421 -61.0189 17.8812 0.38074 -0.975475 384.73 0 0
1500 79.7814 19.7909 18.8128 0.508605 0.333727 385.702 0 0
1500 107.258 43.7168 17.8849 0.803858 0.672543 385.447 0 0
1500 97.5833 -18.8124 18.0341 0.701424 -0.310968 385.066 0 0
1500 30.1734 -46.2043 17.9062 -0.463272 -0.75926 385.424 0 0
1500 29.213 -60.0811 17.898 -0.460229 -0.934365 387.946 0 0
1500 86.5792 22.2751 17.898 0.438655 0.42126 384.9 0 0
1500 86.9536 -40.1334 18.2717 0.532157 -0.661758 387.481 0 0
1500 104.863 -46.4022 17.9101 0.76333 -0.714322 388.745 0 0
1500 124.111 2.15853 17.91 1.04668 -0.00231045 388.672 0 0
1500 159.271 13.5284 17.8268 1.63298 0.206227 386.624 0 0
1500 50.1422 -52.0645 17.9115 -0.0555579 -0.847868 388.766 0 0
1500 10.8392 -45.3548 17.8735 -0.725292 -0.792094 387.767 0 0
1500 47.8343 -52.0183 17.9181 -0.160836 -0.944266 385.087 0 0
1500 33.6572 30.3056 17.8954 -0.486274 0.478104 388.793 0 0
1500 42.7531 -20.2476 18.0071 -0.245553 -0.326347 388.927 0 0
1500 92.7351 53.8901 17.8812 0.499022 0.850969 389.418 0 0
1500 106.804 18.9942 17.8815 0.728941 0.347202 389.161 0 0
1500 92.4324 4.73974 17.892 0.509007 0.13719 390.685 0 0
1500 88.3443 26.8577 18.0869 0.503509 0.423656 392.906 0 0
1500 28.6771 39.7065 17.9218 -0.460388 0.59371 392.697 0 0
1500 120.464 12.692 17.9908 0.99427 0.197864 390.538 0 0
1500 37.5348 -25.5883 17.8953 -0.270265 -0.427995 393.601 0 0
1500 10.7432 -14.5127 17.8917 -0.773325 -0.257864 388.903 0 0
1500 10.3555 -36.0896 17.8851 -0.758846 -0.569522 390.673 0 0
1500 -2.02773 11.0675 17.8851 -0.940383 0.126178 390.759 0 0
1500 17.3153 -36.7153 17.831 -0.686945 -0.595616 389.408 0 0
1500 -1.70519 23.5408 17.8273 -0.928711 0.306628 392.803 0 0
1500 -7.82857 22.8876 17.8811 -1.04494 0.326031 391.629 0 0
1500 26.0953 5.51701 17.8442 -0.502085 0.123603 396.23 0 0
1500 106.054 -110.942 17.8769 0.780544 -1.73725 393.52 0 0
1500 53.5805 -6.97596 17.8617 -0.0230175 -0.17342 391.236 0 0
1500 78.3814 -55.0783 17.9064 0.264408 -0.886753 393.724 0 0
1500 68.8035 -62.8666 17.8683 0.144369 -1.01143 394.576 0 0
1500 79.6586 -43.2536 17.8317 0.406676 -0.685103 393.423 0 0
1500 112.475 -31.0917 17.9113 0.899044 -0.474945 396.587 0 0
1500 39.6962 -1.16538 18.0215 -0.341252 0.0579991 389.058 0 0
1500 76.7811 -42.2269 18.1955 0.317779 -0.694326 398.335 0 0
1500 14.0597 2.5177 17.9851 -0.720404 0.0746331 395.766 0 0
1500 39.7233 67.1312 17.8104 -0.357725 1.03473 396.669 0 0
1500 82.8489 61.8417 17.8374 0.349718 0.978941 400.22 0 0
1500 84.8616 43.7995 18.0316 0.431203 0.768767 396.711 0 0
1500 74.8117 -54.8851 17.7964 0.287747 -0.901238 399.419 0 0
1500 63.8451 -27.1501 17.8143 0.124202 -0.492221 397.721 0 0
1500 25.2108 -42.5502 17.8035 -0.437787 -0.669815 403.726 0 0
1500 115.254 -30.1044 17.8825 0.962294 -0.433091 398.208 0 0
1500 -1.41925 -30.2776 17.8244 -0.895563 -0.51201 402.291 0 0
1500 63.8793 57.1433 17.9758 0.0805743 0.929607 400.743 0 0
1500 23.7762 12.7952 17.9052 -0.500019 0.244252 405.962 0 0
1500 43.2792 61.4498 17.885 -0.241246 0.988142 401.556 0 0
1500 89.1133 14.8988 18.112 0.574312 0.184175 400.449 0 0
1500 93.5744 31.7179 17.9792 0.614821 0.616455 394.474 0 0
1500 101.952 47.133 17.7981 0.641612 0.782787 402.559 0 0
1500 125.786 -12.3126 17.8143 1.01385 -0.256947 403.7 0 0
1500 104.695 -29.8924 17.8253 0.673344 -0.498257 406.399 0 0
1500 100.204 -51.6175 17.8142 0.630673 -0.837259 404.013 0 0
1500 38.2693 -63.2173 17.8142 -0.285517 -1.00847 404.041 0 0
1500 111.398 -35.3389 17.8184 0.779695 -0.584 405.451 0 0
1500 9.49611 -28.6915 17.8225 -0.733891 -0.513879 401.935 0 0
1500 113.782 -22.4928 17.8197 0.853127 -0.416912 402.304 0 0
1500 54.4716 -13.9147 18.4457 -0.0219893 -0.267812 402.638 0 0
1500 123.613 -0.236622 17.9713 1.10309 0.0572202 401.359 0 0
1500 54.7425 62.6458 17.8352 -0.0290453 0.987685 407.336 0 0
1500 56.6687 15.6786 17.8597 -0.000919575 0.320402 403.09 0 0
1500 38.3972 50.8886 17.8403 -0.27828 0.846328 404.86 0 0
1500 116.982 29.3113 17.821 0.934764 0.474437 406.669 0 0
1500 117.464 35.597 17.9578 1.06476 0.611037 402.292 0 0
1500 69.1605 -2.56525 18.4135 0.245919 -0.0975549 417.368 0 0
1500 83.383 16.586 18.0471 0.419619 0.286193 428.677 0 0
1500 92.2578 29.2154 18.0782 0.57025 0.443572 434.595 0 0
1500 54.4488 -10.8879 17.8789 -0.102389 -0.193399 447.291 0 0
1500 21.2435 -54.2664 17.851 -0.591479 -0.835057 444.16 0 0
1500 33.5306 -59.5262 17.8526 -0.409863 -0.906554 444.556 0 0
1500 68.6449 15.9078 17.8328 0.207751 0.257408 449.059 0 0
1500 61.4467 1.46925 17.8354 0.10664 0.0550081 449.246 0 0
1500 68.3532 -6.41238 17.8343 0.228069 -0.0618745 441.42 0 0
1500 76.8791 4.61816 17.8321 0.336642 0.134424 444.515 0 0
1500 -0.163896 -25.4023 17.8517 -0.939458 -0.334719 448.13 0 0
