Total number of secondary electrons: 1619
1500 146.611 -3.8578 16.5922 1.87027 -0.0472124 271.777 0 0
1500 98.1135 5.53064 16.6363 0.925068 0.0392254 275.566 0 0
1500 86.0772 4.28378 14.4299 0.528058 0.0974937 283.367 0 0
1500 97.411 -7.08266 14.4148 0.626038 -0.142696 287.06 0 0
1500 98.0968 -9.2411 15.0514 0.709679 -0.133501 293.754 0 0
1500 85.2998 0.462593 14.5377 0.456247 0.0450901 294.671 0 0
1500 89.2248 -2.26859 14.9755 0.549702 -0.0308239 296.406 0 0
1500 56.379 -5.84308 14.1447 0.019565 -0.113976 296.46 0 0
1500 79.7971 24.9967 14.6324 0.391631 0.341556 296.95 0 0
1500 87.1728 6.51399 15.9917 0.635484 0.100953 298.946 0 0
1500 76.0808 -13.3243 14.6929 0.347128 -0.178898 301.192 0 0
1500 78.4833 -4.2215 16.0754 0.450876 -0.0976159 305.192 0 0
1500 87.6145 1.36119 14.7409 0.411946 0.0743668 305.656 0 0
1500 49.5143 -24.2417 14.5942 -0.063575 -0.338452 306.365 0 0
1500 58.8947 10.0029 14.7012 0.014104 0.133309 307.397 0 0
1500 39.9587 -2.88993 14.6999 -0.204755 -0.0158031 307.466 0 0
1500 70.3007 -2.74421 14.4076 0.104042 -0.0148721 309.906 0 0
1500 95.1692 -15.0044 15.5558 0.581442 -0.214367 309.965 0 0
1500 114.877 5.84947 16.3287 1.14204 0.109631 310.35 0 0
1500 26.3314 16.9446 14.4241 -0.418457 0.218861 310.53 0 0
1500 34.7835 50.3865 14.458 -0.315023 0.609589 311.371 0 0
1500 125.975 32.535 14.9771 1.01854 0.462775 312.029 0 0
1500 87.5885 -2.379 14.6916 0.443301 -0.0448997 312.126 0 0
1500 87.0772 3.54458 16.4113 0.604857 0.0264085 313.223 0 0
1500 68.6844 3.22507 15.2224 0.205916 0.0896199 313.335 0 0
1500 92.8204 -1.3097 15.9931 0.612827 0.0150905 313.724 0 0
1500 71.4151 -14.9732 15.1843 0.196747 -0.196597 313.832 0 0
1500 83.55 -49.1794 14.8071 0.413045 -0.694198 313.83 0 0
1500 -8.47389 -75.1711 14.5129 -0.836481 -0.910158 314.202 0 0
1500 110.12 -5.86559 15.3574 0.857166 -0.0682605 314.425 0 0
1500 129.873 17.4114 16.0311 1.29891 0.291181 314.553 0 0
1500 98.4426 31.3295 14.8902 0.567104 0.398893 314.852 0 0
1500 74.1221 -0.908259 15.7953 0.338967 -0.0618411 316.807 0 0
1500 75.6121 -3.0703 15.1849 0.325172 -0.0347774 317.456 0 0
1500 88.0169 -3.20125 15.6676 0.507948 -0.00624546 317.503 0 0
1500 62.3116 -20.1181 14.969 0.0222998 -0.276941 317.66 0 0
1500 61.8531 32.1036 14.8453 0.0182819 0.447851 317.899 0 0
1500 73.2905 21.6249 15.0155 0.262954 0.288952 318.315 0 0
1500 91.4606 5.51577 16.3384 0.622557 0.124663 318.451 0 0
1500 128.957 -6.51867 16.6335 1.29989 -0.113412 318.64 0 0
1500 70.3298 85.9907 14.9323 0.204162 1.08211 318.881 0 0
1500 94.5316 56.5617 14.9906 0.411429 0.732856 319.667 0 0
1500 130.629 -10.34 15.2282 0.931641 -0.0980538 321.08 0 0
1500 106.609 0.0599093 15.4971 0.68341 0.0255151 321.619 0 0
1500 80.466 9.16508 15.2784 0.34378 0.147109 322.208 0 0
1500 -24.7502 14.1545 15.1856 -1.01636 0.159207 322.476 0 0
1500 76.7301 14.437 16.0453 0.31877 0.223397 323.007 0 0
1500 95.0755 27.5136 16.7123 0.715066 0.459372 323.008 0 0
1500 104.297 -15.1929 15.7184 0.664456 -0.214156 323.059 0 0
1500 136.883 -26.3518 15.2011 0.982963 -0.322121 323.189 0 0
1500 80.4525 2.97311 16.8938 0.454355 0.0441538 323.289 0 0
1500 71.271 29.1962 15.7056 0.184587 0.388208 323.555 0 0
1500 78.8952 -8.23495 15.908 0.345684 -0.157465 324.328 0 0
1500 97.9165 -6.01741 15.4251 0.552022 -0.137574 324.437 0 0
1500 89.7603 -105.696 15.1827 0.351542 -1.24158 324.485 0 0
1500 60.7676 48.9704 15.8499 0.0701953 0.693186 324.851 0 0
1500 105.499 2.1408 15.8324 0.691163 0.00240381 324.956 0 0
1500 50.4746 -28.0117 15.2923 -0.0993648 -0.408842 325.134 0 0
1500 91.2276 3.68643 16.9009 0.597607 0.0683943 325.191 0 0
1500 97.4224 10.1553 17.2995 0.720864 0.147335 325.763 0 0
1500 101.997 -6.45131 15.4859 0.612112 -0.0873903 325.912 0 0
1500 96.5269 39.1939 17.1081 0.780447 0.670454 326.222 0 0
1500 86.3691 1.55203 16.9024 0.538385 -0.0309486 326.356 0 0
1500 68.4721 13.0382 15.8537 0.141963 0.187122 326.824 0 0
1500 59.0435 80.6666 15.4286 -0.0101106 0.956821 327.605 0 0
1500 102.182 -21.5906 15.6684 0.622004 -0.330591 327.788 0 0
1500 104.806 20.0477 15.7456 0.651204 0.264934 327.827 0 0
1500 93.5003 5.15447 17.2491 0.648812 0.100859 327.97 0 0
1500 88.5274 -2.53046 16.5799 0.552729 -0.016619 328.098 0 0
1500 118.032 12.1708 15.797 0.801917 0.170054 328.493 0 0
1500 87.3573 12.3342 15.9239 0.410532 0.131612 328.658 0 0
1500 64.2789 -18.8168 15.8181 0.073411 -0.249883 329.006 0 0
1500 96.9536 33.4386 16.1779 0.598224 0.473404 329.024 0 0
1500 77.9825 -10.3204 17.3893 0.451323 -0.166691 329.131 0 0
1500 74.1903 14.0694 15.578 0.149433 0.198507 329.132 0 0
1500 86.1491 -14.093 17.6693 0.592242 -0.198748 329.508 0 0
1500 86.0574 23.7567 15.6528 0.36277 0.243762 329.685 0 0
1500 88.9294 -4.52272 16.2193 0.482726 -0.00641687 329.671 0 0
1500 90.2794 3.68871 16.0678 0.50347 0.0364196 329.769 0 0
1500 90.3607 -40.2638 15.7096 0.460208 -0.481484 330.138 0 0
1500 95.6073 1.48526 15.7482 0.449215 -0.0256945 330.199 0 0
1500 72.2292 51.0924 16.1457 0.203292 0.727702 330.469 0 0
1500 76.6809 3.52248 17.2208 0.383763 0.0662032 332.845 0 0
1500 88.7468 1.70465 16.4677 0.445791 0.0766962 333.467 0 0
1500 72.8806 40.3833 16.4624 0.246085 0.563679 333.543 0 0
1500 94.6404 -18.0101 17.047 0.596449 -0.257937 333.625 0 0
1500 18.3399 24.0323 15.9065 -0.534496 0.309791 333.7 0 0
1500 22.9487 68.2644 15.8487 -0.476452 0.794788 334.069 0 0
1500 86.0455 -15.7529 16.4427 0.434349 -0.255921 334.422 0 0
1500 55.1936 73.0374 15.9115 -0.0952139 0.903171 334.499 0 0
1500 132.197 16.0006 16.0537 0.973715 0.26158 334.527 0 0
1500 -17.9862 20.834 15.8655 -0.955655 0.228955 334.735 0 0
1500 67.0723 2.24869 16.8488 0.215547 0.0732585 334.849 0 0
1500 76.0179 26.6985 16.5385 0.299024 0.37142 335.018 0 0
1500 -21.0794 -26.0555 15.8857 -0.980915 -0.320575 335.706 0 0
1500 86.4811 -10.5016 17.6453 0.589434 -0.121287 335.794 0 0
1500 89.058 -13.1204 17.503 0.59684 -0.167298 335.991 0 0
1500 85.5008 15.1168 16.8125 0.459306 0.226046 336.006 0 0
1500 67.0803 -21.8684 15.956 0.105711 -0.33458 336.363 0 0
1500 78.5299 9.11284 16.5338 0.310347 0.17334 336.486 0 0
1500 45.8571 -19.6588 16.4567 -0.157562 -0.279637 336.824 0 0
1500 11.3975 73.1304 15.9761 -0.574197 0.876774 337.034 0 0
1500 36.2002 -20.2117 16.4264 -0.364271 -0.35617 336.981 0 0
1500 53.0665 59.2445 16.2341 -0.0508844 0.800361 337.632 0 0
1500 129.993 -27.8456 16.5568 1.07151 -0.438125 337.809 0 0
1500 38.1408 70.062 16.0284 -0.26809 0.86254 337.963 0 0
1500 59.6706 -52.4828 16.4056 0.0748069 -0.792233 338.092 0 0
1500 110.305 -0.578321 17.4964 1.08704 -0.0213736 338.151 0 0
1500 99.4826 -20.5627 16.5313 0.576326 -0.307326 338.236 0 0
1500 132.349 -113.004 16.0048 0.902895 -1.35795 338.275 0 0
1500 129.723 -28.6147 16.1762 0.924268 -0.368792 338.891 0 0
1500 149.759 -28.4385 16.2107 1.2045 -0.368216 338.996 0 0
1500 74.7187 -0.382457 16.2102 0.264163 -0.0538139 339.027 0 0
1500 73.435 -17.9623 16.2195 0.247439 -0.275528 339.185 0 0
1500 68.8969 -30.4161 16.2324 0.189658 -0.431488 339.402 0 0
1500 92.5796 13.4327 16.7493 0.586299 0.149082 339.883 0 0
1500 59.9354 -46.3908 16.2621 0.076416 -0.628589 339.897 0 0
1500 72.9762 5.40629 17.0016 0.317834 0.112806 340.485 0 0
1500 155.031 44.1594 16.1978 1.24962 0.565897 340.558 0 0
1500 82.4892 -11.8882 17.3181 0.482569 -0.148108 340.85 0 0
1500 91.7185 10.4601 16.5357 0.527704 0.08981 341.001 0 0
1500 86.8456 -5.58015 17.3325 0.528866 -0.0432178 341.084 0 0
1500 80.685 8.17968 16.9526 0.38424 0.155378 341.26 0 0
1500 18.2305 34.4975 16.5329 -0.587678 0.521797 341.306 0 0
1500 65.6174 1.70488 16.5132 0.079604 -0.0205482 341.417 0 0
1500 69.739 -20.9678 18.1072 0.294895 -0.388309 341.422 0 0
1500 52.3706 58.1459 16.3202 -0.0241163 0.759383 341.667 0 0
1500 37.9845 53.3892 16.3587 -0.215108 0.717521 342.096 0 0
1500 72.1765 8.55857 16.5406 0.208715 0.130692 342.491 0 0
1500 93.7658 1.49281 17.706 0.633566 0.0122751 342.597 0 0
1500 66.3071 -83.3232 16.3314 0.0891356 -1.02115 342.606 0 0
1500 64.2681 -51.9748 16.5384 0.140839 -0.70569 342.818 0 0
1500 13.5543 -24.6442 16.704 -0.618461 -0.35998 343.31 0 0
1500 67.6744 -27.8526 16.9803 0.181868 -0.405248 343.478 0 0
1500 101.182 5.77331 17.274 0.679268 0.0927053 343.53 0 0
1500 97.0981 -74.1326 16.4138 0.527157 -0.905522 343.642 0 0
1500 112.49 -41.9449 16.5095 0.74856 -0.540211 343.666 0 0
1500 77.1462 8.08446 17.9168 0.382795 0.127133 343.813 0 0
1500 79.4828 0.000801638 17.4795 0.384636 -0.0196905 344.14 0 0
1500 69.3478 -6.16968 16.6602 0.163619 -0.114792 344.243 0 0
1500 85.7757 -3.32678 18.1129 0.577382 -0.00317842 344.536 0 0
1500 30.5648 56.7906 16.557 -0.400397 0.735247 344.655 0 0
1500 80.6018 15.6561 17.2216 0.412229 0.240211 344.77 0 0
1500 129.237 -23.016 16.5042 0.857339 -0.324446 345.218 0 0
1500 92.2733 -0.202334 17.223 0.62314 -0.0255649 345.562 0 0
1500 26.4988 -42.4313 16.6884 -0.388374 -0.608003 346.075 0 0
1500 52.6789 -9.13349 16.9198 -0.0363604 -0.181321 346.323 0 0
1500 68.0414 24.8272 17.2245 0.213952 0.373474 346.463 0 0
1500 129.236 -44.1888 16.6444 0.931829 -0.653008 346.471 0 0
1500 75.1151 -132.978 16.7847 0.182096 -1.94712 346.477 0 0
1500 77.2703 -0.676596 18.3385 0.493319 0.0137724 346.587 0 0
1500 48.5863 32.459 16.6606 -0.184077 0.405943 346.874 0 0
1500 87.7928 -2.4969 17.8728 0.560561 -0.0672934 347.096 0 0
1500 87.7507 -10.2184 17.066 0.4863 -0.0944895 347.209 0 0
1500 24.3884 20.7276 16.8005 -0.487993 0.246982 347.823 0 0
1500 71.7955 3.39081 16.9986 0.196918 -0.0148118 347.954 0 0
1500 71.8953 4.06662 16.8537 0.22126 -0.00820854 348.255 0 0
1500 81.7026 31.6971 18.1715 0.475954 0.580144 348.361 0 0
1500 81.1652 0.65104 16.8613 0.341597 -0.0527124 348.427 0 0
1500 49.3263 22.7106 16.7447 -0.169418 0.341012 348.508 0 0
1500 139.854 59.9846 16.8079 1.2102 0.815263 348.606 0 0
1500 47.8937 -32.9202 17.0639 -0.145418 -0.452222 348.766 0 0
1500 37.5347 5.81759 17.0647 -0.277456 0.11177 348.828 0 0
1500 64.9798 21.3025 16.781 0.144129 0.327511 348.803 0 0
1500 78.6117 -17.4001 17.4152 0.326197 -0.277139 348.855 0 0
1500 75.3615 10.0664 16.996 0.233351 0.163012 348.928 0 0
1500 50.9614 37.6767 16.7614 -0.146925 0.53694 348.907 0 0
1500 24.4122 72.4919 16.7876 -0.452446 0.940814 349.044 0 0
1500 89.6018 -3.02192 16.9628 0.463423 0.0207334 349.017 0 0
1500 98.8143 65.7622 16.7583 0.500691 0.888135 349.445 0 0
1500 78.6454 5.45491 16.9959 0.262083 0.134164 349.784 0 0
1500 110.98 12.5574 17.2774 0.812344 0.251272 349.969 0 0
1500 77.0553 -21.7893 17.0321 0.259959 -0.295117 350.037 0 0
1500 88.8216 -12.2558 17.1489 0.429566 -0.160703 350.388 0 0
1500 92.0131 -6.66381 17.835 0.606421 -0.100907 350.406 0 0
1500 78.9982 13.6989 17.1725 0.340103 0.239574 350.421 0 0
1500 55.3484 -19.7886 17.2946 -0.0909526 -0.298753 350.483 0 0
1500 121.747 1.59036 16.8614 0.876958 0.0638475 350.68 0 0
1500 41.3213 -40.1687 17.6218 -0.249832 -0.752784 350.656 0 0
1500 79.6121 4.6638 17.0509 0.296948 0.127078 350.827 0 0
1500 85.5309 -24.0706 17.1069 0.452218 -0.340645 350.93 0 0
1500 76.9813 -13.6724 17.044 0.314722 -0.235391 350.937 0 0
1500 -37.4848 37.0356 16.9185 -1.37811 0.466032 351.506 0 0
1500 57.1167 40.8423 17.0238 -0.0263729 0.633902 351.539 0 0
1500 69.1928 -25.78 17.642 0.250325 -0.435017 351.563 0 0
1500 73.8153 60.1232 16.933 0.151988 0.82739 352.167 0 0
1500 75.5521 16.0908 17.3498 0.226641 0.241569 352.226 0 0
1500 68.025 22.7061 17.197 0.209835 0.346189 352.378 0 0
1500 93.6525 6.64881 18.4834 0.709611 0.0407949 352.472 0 0
1500 84.2285 57.4442 17.0303 0.397588 0.796545 352.533 0 0
1500 90.7163 33.05 17.0856 0.555205 0.513682 352.61 0 0
1500 83.7795 -20.6018 17.0612 0.409342 -0.328206 352.754 0 0
1500 75.6725 12.3587 17.2491 0.286455 0.131378 353.07 0 0
1500 117.154 17.9979 17.6996 1.0635 0.316852 353.052 0 0
1500 -21.7097 -1.94341 16.9672 -1.04668 0.0127675 353.269 0 0
1500 76.1095 -8.27273 17.775 0.364366 -0.162365 353.325 0 0
1500 84.6552 -8.74665 17.831 0.499525 -0.147113 353.331 0 0
1500 88.6743 1.26311 17.8341 0.549709 -0.0207661 353.409 0 0
1500 65.1496 69.7232 16.9719 0.124604 0.969454 353.623 0 0
1500 102.36 25.0263 17.2865 0.7155 0.463184 353.618 0 0
1500 66.669 42.6051 17.1157 0.0636902 0.601576 353.77 0 0
1500 56.5435 -72.2787 16.982 0.0270586 -0.929226 353.783 0 0
1500 83.6198 15.264 17.2061 0.415081 0.26249 353.783 0 0
1500 73.6633 21.2094 18.5924 0.400978 0.38728 353.92 0 0
1500 119.967 11.3295 17.0707 0.893489 0.169077 354.101 0 0
1500 60.8287 51.2984 17.4423 0.0592548 0.826169 354.116 0 0
1500 83.5036 -4.05093 17.3152 0.446788 -0.0318343 354.169 0 0
1500 80.013 -39.44 17.0239 0.343264 -0.599203 354.167 0 0
1500 11.7023 -29.3427 17.1362 -0.682876 -0.380378 354.446 0 0
1500 63.0931 14.7984 17.8131 0.112729 0.209595 354.537 0 0
1500 83.2373 -7.26315 18.495 0.555473 -0.0628128 354.58 0 0
1500 51.8933 -88.2706 17.0151 -0.144757 -1.16582 354.663 0 0
1500 44.3227 -16.3226 17.4166 -0.202715 -0.282959 354.946 0 0
1500 -0.747875 -7.04705 17.1017 -0.864529 -0.0800602 355.232 0 0
1500 98.8793 55.1319 17.224 0.601995 0.862362 355.291 0 0
1500 74.4426 -4.29418 17.1487 0.28927 -0.00784978 355.339 0 0
1500 78.9539 5.23196 17.7856 0.324651 0.114822 355.46 0 0
1500 83.9486 1.76717 17.8908 0.464499 -0.0384582 355.517 0 0
1500 6.14207 44.815 17.1779 -0.745493 0.615452 355.715 0 0
1500 91.9288 -19.0207 17.7808 0.597916 -0.377535 355.753 0 0
1500 -3.15995 -34.3497 17.1356 -0.88467 -0.445609 356.288 0 0
1500 97.6756 -4.98817 18.5281 0.739667 -0.0713852 356.35 0 0
1500 97.4709 6.10643 17.8383 0.670581 0.0541779 356.347 0 0
1500 79.9564 -67.4609 17.0944 0.33222 -0.956934 356.402 0 0
1500 42.277 -70.6631 17.0952 -0.172904 -0.99955 356.425 0 0
1500 -8.68166 239.39 17.1023 -0.846496 3.26662 356.498 0 0
1500 133.376 16.9243 17.5583 1.31497 0.241582 356.7 0 0
1500 65.509 -42.0615 17.1814 0.0928868 -0.670509 356.794 0 0
1500 9.20011 28.0092 17.1412 -0.726167 0.363037 356.923 0 0
1500 47.3505 -74.2426 17.12 -0.103931 -1.03781 357.124 0 0
1500 104.356 -42.5439 17.2049 0.621571 -0.65045 357.156 0 0
1500 77.367 -9.61821 17.8796 0.352563 -0.117833 357.372 0 0
1500 74.0441 10.9195 17.965 0.367531 0.191719 357.381 0 0
1500 88.7071 -8.40051 17.7389 0.561758 -0.0889407 357.388 0 0
1500 113.859 -46.0896 17.2381 0.773884 -0.707166 357.611 0 0
1500 53.6028 17.3936 17.3743 -0.00840707 0.306813 357.648 0 0
1500 8.14444 56.884 17.1908 -0.717916 0.763802 357.836 0 0
1500 32.9399 -56.9214 17.1748 -0.399773 -0.774631 357.931 0 0
1500 56.1645 17.6069 17.445 0.0244927 0.258544 358.261 0 0
1500 89.3023 3.2108 18.3875 0.61725 0.0555707 358.363 0 0
1500 123.384 -36.1799 17.1671 0.89102 -0.523759 358.364 0 0
1500 61.2508 63.8385 17.5061 0.0752914 1.01951 358.374 0 0
1500 139.401 -16.1359 17.9436 1.52359 -0.297695 358.432 0 0
1500 70.5964 122.964 17.4826 0.283602 2.04429 358.515 0 0
1500 100.474 40.1183 17.2063 0.551412 0.54574 358.621 0 0
1500 46.8859 -42.1258 17.2799 -0.205234 -0.670853 358.651 0 0
1500 89.2846 -19.0858 17.5218 0.543128 -0.244189 359.008 0 0
1500 79.8017 41.0432 17.3033 0.289525 0.647649 359.063 0 0
1500 80.5126 2.64811 17.3334 0.350287 0.108593 359.093 0 0
1500 95.0565 16.668 17.5787 0.588903 0.287133 359.192 0 0
1500 48.9006 14.4619 18.1552 -0.099004 0.251856 359.335 0 0
1500 12.1257 -54.9531 17.2956 -0.63199 -0.810722 359.371 0 0
1500 68.0378 28.4371 17.3371 0.169831 0.478532 359.353 0 0
1500 116.895 25.6826 17.3328 0.883442 0.457004 359.416 0 0
1500 41.8417 -68.7437 17.2162 -0.171516 -0.934481 359.567 0 0
1500 -9.2724 -1.24528 17.2854 -0.974138 -0.0629367 359.568 0 0
1500 70.3625 -1.57487 18.2054 0.29621 -0.0338184 359.607 0 0
1500 78.7121 47.9628 17.4211 0.333321 0.714414 359.604 0 0
1500 -6.5727 -24.8999 17.2387 -0.955911 -0.342294 359.605 0 0
1500 138.673 39.15 17.2519 1.14966 0.591839 359.896 0 0
1500 12.6397 35.6175 17.2543 -0.652016 0.446944 360.06 0 0
1500 83.2143 34.7575 17.33 0.345191 0.556971 359.951 0 0
1500 75.9143 31.747 17.515 0.343389 0.486224 360.161 0 0
1500 127.21 15.834 17.3959 1.07644 0.318687 360.163 0 0
1500 120.339 2.09763 19.0235 0.919938 -0.0201964 360.516 0 0
1500 143.939 5.98137 17.6832 1.43538 0.0979898 360.573 0 0
1500 90.25 -17.4876 17.2923 0.500719 -0.310434 360.731 0 0
1500 80.8261 5.0751 18.1849 0.464596 0.0115671 361.088 0 0
1500 71.2165 39.3124 17.6314 0.209044 0.621796 361.252 0 0
1500 98.1383 31.3267 17.4955 0.596835 0.513228 361.383 0 0
1500 126.236 -51.7697 17.9165 1.22688 -0.856914 361.379 0 0
1500 102.419 -0.403691 18.0951 0.769119 -0.0471017 361.459 0 0
1500 -12.6463 15.3175 17.2932 -1.01364 0.204954 361.45 0 0
1500 78.5195 16.5006 18.6267 0.4141 0.28121 361.418 0 0
1500 21.0169 44.8469 17.2782 -0.558443 0.703051 361.5 0 0
1500 85.7225 -54.7759 17.3231 0.455672 -0.863662 361.514 0 0
1500 92.4268 16.9606 18.1975 0.619124 0.284751 361.653 0 0
1500 80.6325 -14.9223 17.486 0.329535 -0.230626 361.7 0 0
1500 78.8281 0.803182 18.2802 0.424144 0.0774564 361.794 0 0
1500 81.0788 -59.2595 17.325 0.310755 -0.830875 361.839 0 0
1500 40.3173 6.99272 17.428 -0.268406 0.0769694 361.938 0 0
1500 66.7871 13.9348 17.4107 0.208882 0.235698 361.908 0 0
1500 85.1683 14.2626 18.212 0.450771 0.271718 361.949 0 0
1500 76.3785 24.5134 18.2845 0.389433 0.398043 362.066 0 0
1500 102.292 -25.9231 17.5298 0.713544 -0.402582 362.08 0 0
1500 35.9831 22.5832 17.3586 -0.374109 0.28187 362.121 0 0
1500 64.6708 69.0472 17.393 0.116658 1.01958 362.231 0 0
1500 85.0759 14.2938 17.8249 0.421667 0.216992 362.456 0 0
1500 106.721 96.3183 17.3229 0.768584 1.43689 362.711 0 0
1500 -11.1071 6.04306 17.3455 -1.03655 0.10044 362.982 0 0
1500 149.516 4.84909 17.6567 1.50109 0.0794663 363.044 0 0
1500 110.225 27.516 17.7046 0.831456 0.413206 363.056 0 0
1500 126.223 -37.0869 17.4045 1.04052 -0.565552 363.094 0 0
1500 58.4036 -44.7271 17.4163 -0.00970775 -0.62842 363.178 0 0
1500 39.975 1.6195 17.7934 -0.290442 0.108283 363.432 0 0
1500 67.6638 16.6942 17.375 0.0673284 0.247568 363.542 0 0
1500 72.1178 6.84657 18.111 0.285223 0.186607 363.542 0 0
1500 113.904 1.2848 17.4114 0.868246 -0.0106611 363.624 0 0
1500 127.912 20.1383 17.371 0.979551 0.333729 363.787 0 0
1500 80.2414 7.34601 18.2981 0.442671 0.160452 363.849 0 0
1500 57.9306 -62.7821 17.3587 0.0363265 -0.9177 363.872 0 0
1500 65.0475 -63.3375 17.7676 0.137763 -1.02278 364.006 0 0
1500 35.6891 -69.3327 17.3808 -0.270007 -1.00461 364.126 0 0
1500 119.809 15.0807 17.5915 0.952784 0.23653 364.121 0 0
1500 112.899 11.9416 17.8571 0.969269 0.18533 364.125 0 0
1500 87.7138 -64.5421 17.3855 0.437649 -0.937122 364.301 0 0
1500 83.289 -70.3168 17.6181 0.447154 -1.11656 364.302 0 0
1500 80.828 -32.2042 17.65 0.367304 -0.485331 364.367 0 0
1500 123.313 33.0069 17.8179 1.19979 0.590821 364.4 0 0
1500 73.7539 -18.638 17.4263 0.312615 -0.278934 364.503 0 0
1500 132.647 10.8437 17.3717 1.03323 0.109361 364.726 0 0
1500 61.4929 -5.16646 17.8573 0.13502 -0.107132 364.704 0 0
1500 96.7728 -75.1622 17.497 0.59457 -1.11216 364.887 0 0
1500 -67.6451 -39.6742 17.5406 -1.98437 -0.659097 364.862 0 0
1500 87.1628 -10.5634 18.4556 0.511285 -0.148931 364.908 0 0
1500 124.91 -11.6212 17.4568 1.00686 -0.132621 364.925 0 0
1500 98.9342 54.2795 17.4573 0.643893 0.78735 364.95 0 0
1500 140.338 -20.2121 17.49 1.23765 -0.292591 365.045 0 0
1500 82.6075 -42.1761 18.313 0.47563 -0.732187 365.082 0 0
1500 95.3148 -5.36096 17.5435 0.62522 -0.0535241 365.154 0 0
1500 66.5737 -10.7271 17.6375 0.193442 -0.125068 365.224 0 0
1500 85.7028 -23.8299 17.7173 0.495601 -0.381259 365.231 0 0
1500 59.8139 5.36513 18.3794 0.104108 0.122639 365.395 0 0
1500 125.334 -20.9341 17.4671 1.00577 -0.260854 365.423 0 0
1500 46.4864 -5.214 17.8198 -0.160333 -0.0635694 365.665 0 0
1500 80.1371 -7.40634 18.8497 0.442769 -0.12881 365.901 0 0
1500 22.0562 -55.0465 17.4062 -0.582206 -0.779151 366.031 0 0
1500 38.6699 -47.5985 17.5651 -0.300455 -0.738744 366.019 0 0
1500 87.633 -0.738099 18.6811 0.542409 0.00465275 366.084 0 0
1500 78.4165 4.82894 18.845 0.432708 0.0904007 366.084 0 0
1500 98.5984 6.27704 17.9438 0.69968 0.14315 366.096 0 0
1500 115.877 -11.6999 17.537 0.903366 -0.18738 366.269 0 0
1500 114.721 1.90727 17.424 0.801136 -0.0256179 366.352 0 0
1500 41.2859 -51.563 17.4348 -0.32007 -0.800455 366.531 0 0
1500 123.721 -25.2151 17.4142 0.893221 -0.408465 366.764 0 0
1500 148.783 27.7645 17.694 1.47914 0.439519 366.734 0 0
1500 95.108 -22.1403 17.8877 0.573427 -0.373315 366.881 0 0
1500 29.5578 5.55125 17.7296 -0.441497 0.0994152 366.958 0 0
1500 89.7275 9.40158 17.7027 0.490288 0.156275 367.064 0 0
1500 -0.711579 39.4227 17.4378 -0.857552 0.585227 367.125 0 0
1500 10.535 52.7248 17.4266 -0.734187 0.738515 367.135 0 0
1500 129.72 11.3462 17.4263 1.02431 0.220617 367.209 0 0
1500 114.914 -27.1155 17.5097 0.862289 -0.46565 367.276 0 0
1500 124.408 8.80945 17.4643 1.00798 0.118244 367.345 0 0
1500 67.843 15.2434 17.8526 0.229082 0.290473 367.405 0 0
1500 64.7103 11.262 17.5591 0.109199 0.207476 367.546 0 0
1500 24.2332 4.9536 17.4851 -0.481869 0.016031 367.607 0 0
1500 87.4384 -2.9702 18.5141 0.597567 -0.0806064 367.579 0 0
1500 87.8284 1.29686 19.2842 0.699747 0.0606914 367.787 0 0
1500 50.6233 14.7754 17.9409 -0.11298 0.208711 367.772 0 0
1500 -3.64164 35.5885 17.4426 -0.922633 0.493961 367.881 0 0
1500 13.8848 57.3743 17.4438 -0.679779 0.794578 367.937 0 0
1500 55.4487 37 17.6545 -0.0231395 0.603478 368.004 0 0
1500 121.846 26.5685 17.5887 0.967117 0.391027 368.118 0 0
1500 85.7865 -26.0746 18.459 0.507416 -0.433237 368.175 0 0
1500 66.1227 27.0284 17.7481 0.0906593 0.424585 368.184 0 0
1500 70.2752 -48.2733 17.4821 0.205316 -0.761484 368.193 0 0
1500 111.049 45.7757 17.5922 0.815623 0.655588 368.287 0 0
1500 89.12 -17.753 17.6624 0.543725 -0.245591 368.316 0 0
1500 58.0737 -15.9905 17.5111 -0.0500686 -0.282934 368.368 0 0
1500 60.6518 -45.633 18.3264 0.0506761 -0.798642 368.25 0 0
1500 117.38 39.7012 17.4853 0.895521 0.544924 368.418 0 0
1500 92.7967 18.184 18.0759 0.608356 0.312058 368.428 0 0
1500 -7.1369 -16.5582 17.5066 -0.979741 -0.214828 368.477 0 0
1500 83.7483 -10.6508 17.9428 0.400014 -0.216827 368.399 0 0
1500 85.1509 -55.5426 17.4539 0.319907 -0.822846 368.549 0 0
1500 75.2586 20.8164 17.8003 0.295341 0.317274 368.651 0 0
1500 51.3512 -2.92837 17.9553 -0.103098 -0.0276372 368.804 0 0
1500 42.2729 -4.14771 17.8603 -0.239236 -0.0940561 368.811 0 0
1500 42.04 -26.8644 17.799 -0.306432 -0.439196 368.731 0 0
1500 99.2203 6.86845 17.7509 0.640527 0.167492 368.907 0 0
1500 52.2548 -17.5903 17.8607 -0.0959021 -0.28679 368.86 0 0
1500 85.2838 23.7347 17.8603 0.412319 0.366004 369.224 0 0
1500 110.639 18.4645 17.5452 0.819229 0.224965 369.249 0 0
1500 139.708 -15.6622 17.9728 1.3848 -0.26856 369.271 0 0
1500 93.7198 -41.5622 17.5457 0.577244 -0.632179 369.286 0 0
1500 64.5849 7.64164 18.4215 0.220688 0.144084 369.37 0 0
1500 26.471 -32.7781 17.5209 -0.463728 -0.47462 369.369 0 0
1500 98.9222 -7.69877 17.7677 0.680599 -0.143907 369.728 0 0
1500 101.829 7.03794 18.0744 0.772152 0.137505 369.715 0 0
1500 91.3066 -23.8419 17.5481 0.503485 -0.335109 369.779 0 0
1500 98.3277 0.44529 17.549 0.595506 -0.0160416 369.807 0 0
1500 104.454 -43.5533 17.5354 0.76695 -0.629376 369.874 0 0
1500 116.304 50.3193 17.9348 1.03458 0.847917 369.894 0 0
1500 79.712 12.3825 18.763 0.514091 0.252877 369.947 0 0
1500 65.517 -8.02658 17.8579 0.102543 -0.166588 370.157 0 0
1500 57.2352 4.16149 17.9781 -0.0158634 0.0260988 370.277 0 0
1500 91.0626 35.7937 17.6582 0.517642 0.577238 370.364 0 0
1500 85.1451 -39.8076 17.5456 0.466834 -0.57626 370.434 0 0
1500 96.3129 -10.9513 18.1561 0.710225 -0.270538 370.427 0 0
1500 74.8065 -38.7187 17.638 0.279653 -0.621127 370.442 0 0
1500 121.171 -17.1689 17.6918 0.974048 -0.229921 370.513 0 0
1500 41.5852 -5.95264 18.2128 -0.258913 -0.104893 370.738 0 0
1500 51.4655 -49.0874 17.6426 -0.0537693 -0.765239 370.82 0 0
1500 57.0477 8.25543 18.0411 0.0326963 0.185564 370.881 0 0
1500 51.2083 -72.9374 17.4997 -0.160238 -1.03424 371.092 0 0
1500 180.739 53.7493 17.518 1.83262 0.805876 371.078 0 0
1500 80.0578 -66.9374 17.5759 0.372343 -0.96886 371.137 0 0
1500 116.892 40.0335 17.565 0.890364 0.534373 371.353 0 0
1500 65.7877 -12.7909 17.6064 0.0519668 -0.21287 371.323 0 0
1500 69.0288 4.19485 17.8967 0.225771 0.0991963 371.434 0 0
1500 110.549 0.618754 17.5621 0.768838 0.00277323 371.413 0 0
1500 120.531 -31.8006 17.5826 0.930889 -0.477841 371.48 0 0
1500 79.2187 -16.677 17.9569 0.387141 -0.302602 371.372 0 0
1500 94.7695 -18.6713 17.8556 0.658902 -0.271995 371.398 0 0
1500 54.4859 104.798 17.522 -0.0803357 1.54822 371.604 0 0
1500 21.4038 -13.0191 17.6071 -0.533706 -0.261618 371.601 0 0
1500 92.1656 11.7843 18.1504 0.568012 0.170227 371.689 0 0
1500 110.312 -53.1856 17.5694 0.828051 -0.744702 371.794 0 0
1500 79.5975 -0.874395 18.1933 0.471446 -0.0376477 371.775 0 0
1500 83.7356 60.0324 17.6787 0.404627 0.904496 371.82 0 0
1500 13.9829 35.3386 17.7844 -0.78378 0.565198 371.889 0 0
1500 62.8534 28.5098 17.9101 0.0635536 0.416421 372.075 0 0
1500 96.0047 14.4557 17.5815 0.570373 0.185463 372.045 0 0
1500 103.142 -53.6241 17.6156 0.677187 -0.796069 372.025 0 0
1500 104.452 7.23563 17.9349 0.775434 0.0913237 372.034 0 0
1500 94.3414 10.2664 18.2456 0.598801 0.163136 372.122 0 0
1500 104.686 49.1898 17.6858 0.693618 0.748506 372.234 0 0
1500 109.718 36.6202 17.6027 0.790707 0.627975 372.251 0 0
1500 82.2426 11.7305 18.0846 0.371242 0.223578 372.43 0 0
1500 108.699 -21.0213 17.6145 0.727534 -0.373592 372.417 0 0
1500 77.4518 -66.1579 17.6983 0.29606 -1.10205 372.395 0 0
1500 31.5116 -40.7059 17.5572 -0.351509 -0.654885 372.45 0 0
1500 83.4118 10.6075 17.5953 0.401815 0.133892 372.473 0 0
1500 95.2007 -41.8492 17.6167 0.531934 -0.671071 372.619 0 0
1500 23.7604 -44.5238 17.6171 -0.491874 -0.709029 372.657 0 0
1500 38.8397 0.348678 17.8579 -0.345467 0.0581569 372.636 0 0
1500 88.9327 35.3146 17.6793 0.570576 0.580992 372.583 0 0
1500 87.6763 -14.5584 18.2612 0.488389 -0.240508 372.673 0 0
1500 59.9171 -7.96639 17.8947 0.11458 -0.139216 373.009 0 0
1500 141.092 29.8969 17.8853 1.37735 0.489549 372.954 0 0
1500 130.089 21.8376 17.5442 1.00571 0.340839 373.044 0 0
1500 3.83846 -17.3996 17.6211 -0.836545 -0.273435 373.106 0 0
1500 24.5438 -52.6029 17.6094 -0.525358 -0.779341 373.244 0 0
1500 64.8113 -1.46931 17.6926 0.165565 -0.0745309 373.336 0 0
1500 109.498 -36.7104 18.3339 1.01086 -0.67029 373.445 0 0
1500 77.9503 44.6403 17.8729 0.320585 0.807818 373.538 0 0
1500 25.3081 19.7604 17.8614 -0.499383 0.316578 373.665 0 0
1500 15.1405 -78.2534 17.6005 -0.686985 -1.16239 373.631 0 0
1500 125.738 -13.3862 17.8573 1.11915 -0.155107 373.673 0 0
1500 148.011 -70.671 17.8508 1.50166 -1.27337 373.788 0 0
1500 37.5521 24.701 18.0741 -0.339714 0.418529 373.832 0 0
1500 92.3929 -6.6958 18.3814 0.650229 -0.0790854 373.945 0 0
1500 52.2595 -5.63657 18.142 -0.0535415 -0.116235 374.069 0 0
1500 92.4419 -16.1747 17.6179 0.554278 -0.180784 374.275 0 0
1500 69.9646 19.349 18.2992 0.195672 0.29909 374.45 0 0
1500 76.3916 8.07749 17.7307 0.272282 0.167374 374.55 0 0
1500 29.8006 2.41935 17.8795 -0.448165 0.0352228 374.677 0 0
1500 98.2069 25.4145 18.7504 0.799812 0.444877 374.934 0 0
1500 45.2333 8.47611 17.8893 -0.208209 0.171387 374.956 0 0
1500 45.0932 30.8897 17.7024 -0.159853 0.526418 374.963 0 0
1500 87.2672 24.0452 18.2528 0.481917 0.407008 374.994 0 0
1500 54.228 -42.285 17.9111 -0.0280114 -0.678417 375.009 0 0
1500 89.0965 -6.84138 18.5525 0.560109 -0.112613 375.314 0 0
1500 80.021 -17.68 18.4371 0.508358 -0.310153 375.202 0 0
1500 40.18 17.4634 17.6392 -0.340653 0.275134 375.366 0 0
1500 101.999 -6.80866 17.6669 0.646856 -0.111211 375.383 0 0
1500 82.8403 27.9425 17.7695 0.384777 0.414189 375.503 0 0
1500 62.9107 -33.6393 18.0272 0.153611 -0.5503 375.699 0 0
1500 13.3533 -18.4508 17.7546 -0.703601 -0.248317 375.656 0 0
1500 77.344 -23.5548 17.684 0.319723 -0.329525 375.922 0 0
1500 83.8466 -18.0159 17.8984 0.47984 -0.234627 376.169 0 0
1500 22.5141 -29.6984 17.6403 -0.597966 -0.425414 376.144 0 0
1500 121.354 20.3222 17.6367 0.948395 0.345641 376.578 0 0
1500 98.9847 -12.333 19.0301 0.830802 -0.231189 376.555 0 0
1500 64.9324 7.82088 18.0784 0.085296 0.108581 376.565 0 0
1500 68.6288 39.6265 17.7986 0.180715 0.57867 376.814 0 0
1500 80.3482 -21.4616 18.5211 0.389069 -0.357686 376.785 0 0
1500 88.032 -1.01981 17.9221 0.477248 -0.0442933 376.822 0 0
1500 41.572 -49.1319 17.7828 -0.214232 -0.788105 376.773 0 0
1500 55.6818 32.2244 17.9128 -0.0414266 0.536281 377.046 0 0
1500 79.5699 20.7926 18.228 0.436296 0.349224 377.171 0 0
1500 47.7951 37.9622 17.7523 -0.204322 0.574973 377.135 0 0
1500 112.569 23.905 17.7041 0.866583 0.366558 377.23 0 0
1500 89.5765 -19.8387 17.8491 0.557527 -0.32532 377.403 0 0
1500 99.0068 -43.8954 17.7871 0.61588 -0.704482 377.49 0 0
1500 9.02383 -8.44561 17.6723 -0.791464 -0.157247 377.563 0 0
1500 98.1724 4.72729 18.5044 0.729528 0.028476 377.633 0 0
1500 116.328 -55.6767 17.8632 0.971779 -0.862702 377.723 0 0
1500 105.306 39.2853 17.8048 0.711433 0.63602 377.804 0 0
1500 139.549 5.74526 18.3224 1.54 0.132062 377.8 0 0
1500 76.3955 24.4273 17.8547 0.228239 0.390386 377.92 0 0
1500 110.582 -43.8164 17.7754 0.804898 -0.664234 378.061 0 0
1500 60.0493 64.7396 17.6767 0.0272758 1.00396 378 0 0
1500 109.097 -23.9447 17.7225 0.776906 -0.421997 378.014 0 0
1500 101.176 46.8384 17.8073 0.649241 0.741452 378.104 0 0
1500 119.411 22.5529 17.8368 0.946306 0.368158 378.218 0 0
1500 97.9946 -5.32264 18.0669 0.628471 -0.0786349 378.354 0 0
1500 44.9363 3.51908 18.3825 -0.167578 0.0490707 378.419 0 0
1500 90.9006 58.5619 17.6813 0.484167 0.909265 378.47 0 0
1500 94.3179 14.781 18.4148 0.682606 0.205883 378.596 0 0
1500 24.3779 -69.2522 17.6755 -0.473791 -1.03111 378.528 0 0
1500 42.7479 -44.4268 18.1174 -0.231077 -0.79884 378.621 0 0
1500 84.7786 22.1349 17.9369 0.389684 0.351622 378.636 0 0
1500 38.8861 -35.7986 17.7425 -0.253367 -0.537749 378.663 0 0
1500 14.0945 31.1091 17.7646 -0.679783 0.464853 378.665 0 0
1500 93.9922 15.0468 18.6334 0.69569 0.210371 378.729 0 0
1500 82.8097 -0.681959 18.2347 0.436351 0.0630333 378.794 0 0
1500 90.07 52.5931 17.7581 0.490429 0.834952 378.815 0 0
1500 84.5073 -13.5405 18.1092 0.417172 -0.232613 378.998 0 0
1500 64.8271 -19.9099 17.684 0.168128 -0.339803 378.99 0 0
1500 110.024 -23.0922 18.0013 0.959545 -0.394395 378.926 0 0
1500 100.596 -15.9029 18.3113 0.76134 -0.220081 379.296 0 0
1500 40.0714 69.5314 17.6669 -0.323482 0.99614 379.251 0 0
1500 51.8448 -60.8074 17.693 -0.0852996 -0.892408 379.443 0 0
1500 33.2962 48.0047 17.8979 -0.361312 0.770013 379.509 0 0
1500 117.937 24.3437 17.6877 0.862978 0.386557 379.559 0 0
1500 29.7332 -61.9237 17.6832 -0.470857 -0.922725 379.533 0 0
1500 94.1754 -34.4166 17.7867 0.613601 -0.504244 379.65 0 0
1500 49.9007 16.2389 17.8967 -0.101356 0.310183 379.743 0 0
1500 63.9012 57.8755 17.8989 0.0861042 0.909447 379.886 0 0
1500 48.6073 -60.7469 17.6881 -0.209284 -0.891221 379.879 0 0
1500 86.6287 8.65013 18.016 0.535757 0.10854 380.286 0 0
1500 109.224 -25.6804 17.7839 0.833886 -0.349705 380.473 0 0
1500 122.609 -22.238 17.7473 0.984525 -0.35991 380.521 0 0
1500 94.1371 35.2214 18.2112 0.606621 0.637582 380.661 0 0
1500 93.8002 20.7915 17.7702 0.544945 0.297289 380.705 0 0
1500 20.4185 52.8236 17.6942 -0.587708 0.742724 380.89 0 0
1500 94.7084 8.07038 18.0467 0.624737 0.183158 380.873 0 0
1500 45.3998 116.368 17.7421 -0.141859 1.87091 380.957 0 0
1500 54.2806 10.4009 17.9288 -0.133476 0.158901 380.957 0 0
1500 88.4746 22.1703 17.7047 0.535099 0.348006 381.032 0 0
1500 94.5872 -17.3549 18.2717 0.637538 -0.316913 381.045 0 0
1500 46.6592 20.4877 18.1961 -0.149914 0.360105 381.169 0 0
1500 86.2094 -7.32027 17.7453 0.475934 -0.0566472 381.185 0 0
1500 73.4491 99.1842 17.7308 0.313906 1.57138 381.176 0 0
1500 75.7661 -5.33378 18.3366 0.414365 -0.0963932 381.259 0 0
1500 102.83 6.88422 17.9252 0.766221 0.108823 381.243 0 0
1500 49.3781 -26.6324 17.7328 -0.17195 -0.468356 381.254 0 0
1500 85.3798 23.2675 17.733 0.407299 0.362654 381.41 0 0
1500 75.3952 4.36482 18.3538 0.349831 0.136646 381.668 0 0
1500 88.3001 48.4521 17.7347 0.411825 0.730075 381.746 0 0
1500 86.1144 50.4242 17.7327 0.397277 0.757731 381.698 0 0
1500 73.0355 25.8596 17.7403 0.232261 0.403653 381.863 0 0
1500 89.3714 -31.6634 18.0174 0.511286 -0.541094 381.875 0 0
1500 78.003 -44.3905 17.8281 0.332347 -0.73318 381.843 0 0
1500 81.7096 51.8167 17.6829 0.345695 0.845836 381.973 0 0
1500 41.3253 51.4999 17.7392 -0.214771 0.769269 382.001 0 0
1500 88.7133 -33.3668 17.7474 0.525245 -0.546807 382.177 0 0
1500 84.591 53.0184 17.7023 0.467175 0.799868 382.314 0 0
1500 53.53 7.18973 18.2306 -0.0299753 0.148926 382.473 0 0
1500 61.3349 -9.74752 18.1329 0.0612698 -0.184188 382.457 0 0
1500 70.8599 -55.4421 17.7781 0.202079 -0.827497 382.677 0 0
1500 87.7359 47.1211 17.8281 0.49526 0.759007 382.795 0 0
1500 77.1035 -34.6308 17.875 0.278521 -0.529789 382.878 0 0
1500 77.3991 49.2504 18.0224 0.314451 0.889723 382.819 0 0
1500 79.0947 22.1555 17.8617 0.365238 0.403408 382.948 0 0
1500 90.056 -29.9206 17.7412 0.444568 -0.465189 383.044 0 0
1500 50.0249 -62.2314 17.8287 -0.082907 -0.981535 383.031 0 0
1500 42.6574 -2.0237 18.1161 -0.219979 -0.0445514 383.493 0 0
1500 34.0237 -32.7341 17.7484 -0.386374 -0.474577 383.616 0 0
1500 55.162 59.1703 17.7398 0.0192786 0.923142 383.541 0 0
1500 42.9095 31.3191 17.8577 -0.176036 0.53881 383.447 0 0
1500 84.8565 -2.757 17.9906 0.41919 -0.0928461 383.742 0 0
1500 54.3992 -42.9719 17.7182 0.0166946 -0.667552 383.822 0 0
1500 89.0792 33.778 17.7912 0.442304 0.527305 383.89 0 0
1500 53.2614 -1.792 18.1363 -0.0744393 0.0221325 383.94 0 0
1500 13.1235 19.6966 17.7022 -0.752621 0.286223 384.011 0 0
1500 18.1238 -12.021 17.8582 -0.624978 -0.270323 384.094 0 0
1500 104.807 -43.1414 17.7358 0.761962 -0.613623 384.158 0 0
1500 57.7636 19.6887 18.4104 0.02073 0.32314 384.469 0 0
1500 100.28 52.3513 17.8354 0.661692 0.812858 384.751 0 0
1500 83.0988 56.2553 17.9277 0.42295 0.886488 384.724 0 0
1500 -36.6698 19.6001 18.018 -1.62779 0.393189 384.684 0 0
1500 90.8439 52.7431 17.9279 0.53515 0.83413 384.818 0 0
1500 81.8091 56.5558 17.8585 0.394504 0.895619 384.909 0 0
1500 37.5039 50.816 17.7309 -0.380076 0.742263 384.814 0 0
1500 73.3549 39.2772 17.7978 0.308993 0.619554 384.908 0 0
1500 92.7335 9.66694 18.6176 0.722321 0.212635 384.911 0 0
1500 104.784 47.158 17.7388 0.752774 0.709615 384.955 0 0
1500 36.1444 -2.11068 17.9412 -0.349646 0.0282428 385.046 0 0
1500 59.0489 -35.1992 18.1496 -0.0027136 -0.61814 385.019 0 0
1500 63.5522 9.76057 17.7286 0.00462053 0.153849 385.123 0 0
1500 88.8598 -3.03063 18.9865 0.662587 0.00156029 385.186 0 0
1500 123.526 15.6428 17.7454 1.00982 0.270619 385.152 0 0
1500 28.5258 23.6841 17.7801 -0.456582 0.31716 385.289 0 0
1500 86.3361 41.1966 17.9389 0.508392 0.64988 385.264 0 0
1500 2.9764 -13.8076 17.7306 -0.890344 -0.223316 385.301 0 0
1500 106.51 -0.065041 17.7314 0.760564 0.0667267 385.29 0 0
1500 46.6797 -137.214 17.8082 -0.135991 -2.27076 385.285 0 0
1500 81.7081 6.59306 18.7922 0.466519 0.126386 385.32 0 0
1500 27.9887 -59.9226 17.7465 -0.402956 -0.949577 385.399 0 0
1500 48.5252 10.4097 17.9395 -0.168246 0.162995 385.498 0 0
1500 107.24 8.32246 17.8207 0.738913 0.174366 385.529 0 0
1500 85.5593 -25.8374 18.2145 0.487539 -0.45103 385.557 0 0
1500 60.0853 44.5976 17.9463 -0.028984 0.753926 385.616 0 0
1500 80.3135 -35.8067 18.4828 0.441362 -0.639672 385.719 0 0
1500 71.6974 -11.2645 17.778 0.26901 -0.229036 385.809 0 0
1500 18.3761 24.9358 17.9365 -0.609157 0.430272 385.98 0 0
1500 80.5994 8.67948 17.9304 0.413594 0.18863 385.927 0 0
1500 82.7687 9.72757 17.776 0.453757 0.158973 385.851 0 0
1500 -96.4358 73.1652 17.824 -2.5193 1.17557 386.203 0 0
1500 52.4168 -54.5695 18.0681 -0.0649526 -0.961467 386.243 0 0
1500 49.0977 -24.3019 17.8294 -0.0715906 -0.418871 386.33 0 0
1500 36.4398 34.6487 18.0329 -0.338826 0.563903 386.359 0 0
1500 49.2499 13.639 18.5064 -0.0971767 0.223304 386.468 0 0
1500 97.6768 22.3413 18.012 0.695142 0.317665 386.493 0 0
1500 145.051 25.3903 17.7668 1.40989 0.36126 386.402 0 0
1500 100.29 3.14187 18.7494 0.786538 0.0446885 386.622 0 0
1500 43.23 12.1198 17.8241 -0.269489 0.129565 386.624 0 0
1500 91.9058 -15.703 17.7907 0.589693 -0.22098 386.707 0 0
1500 19.572 46.8672 17.7554 -0.549641 0.726695 386.838 0 0
1500 73.1437 -38.2794 18.3519 0.243318 -0.6714 386.864 0 0
1500 82.9048 31.9797 18.0991 0.384886 0.541238 386.993 0 0
1500 33.2979 70.3132 18.2561 -0.430796 1.23041 387.222 0 0
1500 73.3965 -53.5089 17.9153 0.283474 -0.847523 387.358 0 0
1500 75.8398 -14.4052 18.3337 0.372001 -0.282948 387.314 0 0
1500 54.7755 44.5095 17.8047 -0.0681295 0.737747 387.33 0 0
1500 119.719 25.5263 17.8803 0.961235 0.412403 387.449 0 0
1500 -6.57791 -20.2392 17.7398 -1.00053 -0.309064 387.439 0 0
1500 114.88 5.75721 18.0111 0.93655 0.0712201 387.445 0 0
1500 73.3103 -31.9903 17.8281 0.168399 -0.507901 387.423 0 0
1500 -9.81809 0.804542 17.7399 -1.04704 -0.00601137 387.449 0 0
1500 29.1554 44.6646 17.873 -0.485709 0.80675 387.483 0 0
1500 89.8273 -34.5606 17.8282 0.528548 -0.561499 387.658 0 0
1500 50.1937 29.0782 17.7633 -0.0545008 0.48213 387.569 0 0
1500 102.64 -17.0333 18.2891 0.897793 -0.304087 387.65 0 0
1500 68.7213 -41.2276 17.8801 0.178558 -0.631136 387.686 0 0
1500 69.517 -23.9334 18.2515 0.15795 -0.470234 387.783 0 0
1500 65.967 18.8957 17.8181 0.17884 0.344178 387.79 0 0
1500 238.015 -189.918 17.995 3.19379 -3.25512 387.79 0 0
1500 42.5708 14.6527 17.9402 -0.248131 0.224383 387.845 0 0
1500 47.2237 -6.60508 18.6502 -0.171 -0.15828 387.895 0 0
1500 70.8821 -22.8642 18.3807 0.208867 -0.357788 388.157 0 0
1500 78.1371 1.19087 17.7677 0.341481 0.0271812 388.18 0 0
1500 89.8765 46.8389 17.772 0.512277 0.674389 388.066 0 0
1500 81.2405 -49.1553 17.8179 0.302083 -0.785415 388.039 0 0
1500 129.219 -0.794143 18.2461 1.23209 0.014189 388.207 0 0
1500 57.9278 30.5824 18.0711 -0.0123974 0.459679 388.505 0 0
1500 93.3737 0.473267 18.2439 0.605975 0.0773948 388.219 0 0
1500 104.91 -28.9191 17.8035 0.775245 -0.428436 388.461 0 0
1500 96.6729 -24.485 17.8025 0.644596 -0.414283 388.453 0 0
1500 101.703 -39.8925 18.1661 0.720078 -0.703858 388.416 0 0
1500 58.2325 -17.7744 18.1174 0.0161209 -0.298593 388.593 0 0
1500 76.552 40.3613 17.8606 0.379431 0.656624 388.602 0 0
1500 121.514 6.93806 17.7897 1.00428 0.116912 388.831 0 0
1500 110.036 -13.3882 17.7632 0.812857 -0.133296 388.831 0 0
1500 39.4368 8.40188 18.4288 -0.32474 0.137663 388.734 0 0
1500 41.3451 62.7382 18.3426 -0.264664 1.15214 388.954 0 0
1500 109.355 24.8857 17.801 0.827648 0.324482 389.053 0 0
1500 79.2886 13.4569 18.1499 0.375534 0.275047 389.037 0 0
1500 43.5403 51.3716 17.8114 -0.160007 0.82329 389.072 0 0
1500 95.7795 70.1498 17.9244 0.677129 1.13753 389.075 0 0
1500 136.565 -19.4498 18.9205 1.64561 -0.42399 388.992 0 0
1500 45.9726 5.15141 17.7715 -0.208325 0.01671 389.15 0 0
1500 101.036 29.8612 17.8111 0.698771 0.500762 389.181 0 0
1500 79.2153 21.6225 17.7951 0.357238 0.317128 389.349 0 0
1500 22.6268 -53.9423 17.8192 -0.559662 -0.840342 389.346 0 0
1500 111.655 -23.0984 17.751 0.816504 -0.416509 389.377 0 0
1500 127.231 26.0761 17.9883 1.19711 0.491269 389.371 0 0
1500 123.88 15.5305 17.7799 1.02151 0.234141 389.491 0 0
1500 1.95603 -23.6133 17.91 -0.878627 -0.351943 389.745 0 0
1500 36.2361 8.21467 18.1051 -0.342587 0.0750825 389.777 0 0
1500 71.0815 -4.08786 18.0119 0.272795 -0.0403466 389.596 0 0
1500 60.3005 18.3593 17.8014 0.0977362 0.271289 389.656 0 0
1500 117.351 -2.15131 17.9783 0.977997 -0.0299486 389.586 0 0
1500 107.449 23.4105 17.8612 0.804924 0.39265 389.548 0 0
1500 117.869 -11.6843 17.7509 0.90691 -0.245719 389.543 0 0
1500 60.9347 -26.4994 18.1091 0.0622671 -0.513601 389.68 0 0
1500 84.8514 20.5919 17.8423 0.476913 0.359059 389.871 0 0
1500 60.0292 -64.5554 17.8014 0.092035 -0.993943 389.947 0 0
1500 13.5144 28.832 17.7725 -0.685775 0.383408 390.011 0 0
1500 88.9858 -58.3747 17.8429 0.491896 -0.880485 390.12 0 0
1500 97.0681 -18.3667 18.1526 0.69819 -0.289646 390.185 0 0
1500 86.5375 22.926 17.9092 0.436281 0.373683 390.311 0 0
1500 116.613 -34.399 17.7868 0.907163 -0.479079 390.241 0 0
1500 -21.2604 58.7571 17.7446 -1.20901 0.891805 390.505 0 0
1500 59.8196 9.78384 18.1128 0.0134755 0.0982639 390.389 0 0
1500 33.4998 -16.3531 18.016 -0.45195 -0.330118 390.613 0 0
1500 100.446 -19.6687 18.1513 0.74159 -0.418076 390.635 0 0
1500 133.49 42.8283 18.0098 1.38544 0.719882 390.584 0 0
1500 85.6798 12.101 18.8442 0.604991 0.177727 390.796 0 0
1500 107.439 -12.0315 18.151 0.84488 -0.194648 390.698 0 0
1500 2.22635 -36.079 17.7955 -0.829415 -0.5999 390.729 0 0
1500 80.3845 4.15129 18.0479 0.424153 0.118788 390.713 0 0
1500 75.5778 45.0141 17.8071 0.318486 0.746497 390.755 0 0
1500 25.9518 -71.2839 17.934 -0.515715 -1.1558 390.67 0 0
1500 44.8919 -13.7637 17.9588 -0.155139 -0.248464 390.83 0 0
1500 101.928 -22.5767 17.8528 0.674233 -0.367771 390.906 0 0
1500 35.2533 -53.7044 17.768 -0.352103 -0.875508 391.011 0 0
1500 52.4468 8.4497 18.0686 -0.0980315 0.0709668 390.949 0 0
1500 89.5752 -59.9797 17.827 0.478386 -0.926234 391.065 0 0
1500 126.059 -9.28479 17.8143 1.04177 -0.0813657 391.151 0 0
1500 107.805 -1.77219 18.2464 0.900921 -0.0988552 391.153 0 0
1500 110.843 -26.0022 17.8355 0.854984 -0.343055 391.216 0 0
1500 96.6351 -55.0789 17.7654 0.546611 -0.854708 391.413 0 0
1500 2.05481 9.34891 17.9722 -0.914154 0.202134 391.447 0 0
1500 100.377 -5.36064 18.4697 0.76447 -0.0356715 391.588 0 0
1500 122.256 -6.53474 17.8215 0.986294 -0.0922979 391.612 0 0
1500 121.74 -30.2023 17.7441 0.914632 -0.51146 391.582 0 0
1500 69.405 38.322 18.262 0.215722 0.639532 391.581 0 0
1500 123.391 -53.2898 17.8216 1.03278 -0.927764 391.717 0 0
1500 96.4463 -7.03386 18.178 0.647755 -0.172056 391.755 0 0
1500 96.1174 -53.9673 17.7683 0.548877 -0.86744 391.937 0 0
1500 72.1989 34.1623 18.3878 0.323303 0.633449 391.955 0 0
1500 110.086 1.32159 18.6178 1.11064 0.0515018 391.978 0 0
1500 90.0193 -14.0002 18.3928 0.535067 -0.243065 392.026 0 0
1500 89.8349 -61.7311 17.7711 0.508199 -0.947245 392.105 0 0
1500 -30.7057 -5.52445 17.9247 -1.4986 -0.099422 392.097 0 0
1500 114.295 29.6841 17.8351 0.89435 0.480944 392.124 0 0
1500 95.4496 0.429542 18.0546 0.625382 0.0773954 392.121 0 0
1500 82.3803 49.4403 18.0796 0.423101 0.798709 392.252 0 0
1500 61.9439 23.7926 18.5291 0.0904012 0.384462 392.234 0 0
1500 84.9972 -13.2302 17.9082 0.485376 -0.153046 392.195 0 0
1500 93.6418 -54.7327 17.8187 0.564908 -0.819168 392.477 0 0
1500 51.7777 -10.5365 18.4488 -0.0427688 -0.221469 392.398 0 0
1500 18.6968 -5.75478 17.8746 -0.656936 -0.119942 392.408 0 0
1500 59.4937 19.5495 17.9414 0.0632602 0.372621 392.324 0 0
1500 78.7975 56.7608 18.0146 0.345984 0.960666 392.335 0 0
1500 37.8702 -10.8944 18.0606 -0.416515 -0.152486 392.533 0 0
1500 103.7 8.07255 18.5742 0.832113 0.114855 392.719 0 0
1500 69.752 24.4561 17.9971 0.141221 0.384875 392.661 0 0
1500 42.7024 18.2769 17.9982 -0.224683 0.301016 392.718 0 0
1500 91.463 -46.8111 17.7832 0.464158 -0.723261 392.756 0 0
1500 80.3678 61.016 17.8331 0.29763 0.964314 392.812 0 0
1500 56.2704 17.9678 18.2249 0.0527196 0.342855 392.656 0 0
1500 101.386 1.49006 17.9028 0.729086 0.0713001 392.806 0 0
1500 37.9587 7.86015 18.041 -0.338884 0.158398 392.617 0 0
1500 68.2805 28.102 17.9385 0.19693 0.501368 392.61 0 0
1500 33.2271 -59.424 17.8815 -0.441031 -1.04507 392.654 0 0
1500 43.0873 -24.0654 18.0587 -0.32583 -0.393213 392.564 0 0
1500 119.693 30.2657 18.1032 1.06859 0.467044 392.844 0 0
1500 103.166 39.1452 17.8116 0.67934 0.683352 392.818 0 0
1500 100.454 -123.215 17.8222 0.639501 -1.92541 392.853 0 0
1500 45.3706 -53.6289 17.8562 -0.215925 -0.793189 393.021 0 0
1500 115.865 -22.1894 17.8249 0.873434 -0.35558 392.986 0 0
1500 67.0379 -66.317 17.8431 0.125833 -1.03056 392.962 0 0
1500 78.239 -23.8904 18.1385 0.327995 -0.431971 392.888 0 0
1500 46.1905 -49.5792 17.8707 -0.236499 -0.780401 392.959 0 0
1500 72.2144 31.7624 18.1383 0.261631 0.577886 393.038 0 0
1500 -19.93 -35.9122 17.9621 -1.29369 -0.600742 392.914 0 0
1500 65.5361 -5.28046 18.1417 0.207347 -0.078606 393.088 0 0
1500 108.219 60.2122 17.7594 0.768518 0.922024 393.18 0 0
1500 83.852 49.6465 17.9565 0.509711 0.836575 393.158 0 0
1500 72.9128 -22.6707 18.4485 0.218959 -0.380372 393.123 0 0
1500 82.2343 11.033 18.3263 0.400183 0.212024 393.197 0 0
1500 73.1239 0.40466 18.0982 0.246083 0.0786452 393.232 0 0
1500 102.437 -36.7127 17.8311 0.680215 -0.556289 393.442 0 0
1500 97.8595 41.558 18.0465 0.648045 0.683537 393.523 0 0
1500 27.048 -28.0288 17.8691 -0.465091 -0.433914 393.763 0 0
1500 78.0331 50.874 17.844 0.33138 0.759697 394.014 0 0
1500 44.9702 57.2128 17.7915 -0.153203 0.865262 393.564 0 0
1500 15.368 53.3152 17.8176 -0.616571 0.843031 393.609 0 0
1500 107.966 -19.8222 17.7955 0.821905 -0.260313 393.826 0 0
1500 96.6871 -2.57147 17.8536 0.666484 -0.067926 393.977 0 0
1500 65.8505 62.1143 17.8394 0.0498644 0.974478 393.811 0 0
1500 82.1468 -11.6328 18.5702 0.436934 -0.308995 393.769 0 0
1500 93.6578 -7.60036 17.8105 0.54994 -0.137111 394.128 0 0
1500 113.405 -63.4315 17.8687 0.877501 -1.04169 394.153 0 0
1500 44.6385 54.9904 17.8104 -0.191268 0.900124 394.178 0 0
1500 79.4091 -0.143959 17.8858 0.401078 -0.0465369 394.177 0 0
1500 67.6539 -8.98102 18.7603 0.293024 -0.200061 394.295 0 0
1500 42.0126 0.603923 17.8146 -0.220856 -0.0599125 394.478 0 0
1500 106.4 2.30741 17.9011 0.734432 0.073917 394.587 0 0
1500 59.8027 -27.3338 17.8791 -0.0156262 -0.421388 394.281 0 0
1500 66.0853 -5.37108 17.8155 0.107247 -0.141285 394.52 0 0
1500 47.4535 45.4034 17.8046 -0.117019 0.691606 394.4 0 0
1500 67.7298 -8.2032 18.3835 0.203775 -0.195076 394.401 0 0
1500 105.22 37.6537 17.7882 0.780233 0.559926 394.409 0 0
1500 77.3791 -7.70748 17.9086 0.36813 -0.168036 394.314 0 0
1500 58.3367 19.6185 17.9142 -0.0546906 0.27807 394.295 0 0
1500 104.986 32.0132 18.4865 0.832905 0.589463 394.585 0 0
1500 54.9555 52.662 18.0858 -0.0295142 0.853782 394.734 0 0
1500 59.1396 -25.8061 18.3808 0.0750289 -0.456605 394.652 0 0
1500 107.126 16.7285 17.8488 0.816865 0.223769 394.674 0 0
1500 40.678 -39.6313 18.4039 -0.258566 -0.74806 394.744 0 0
1500 66.3599 -21.1028 18.5485 0.176155 -0.333215 394.836 0 0
1500 72.8321 66.3823 17.7822 0.284812 1.00365 394.765 0 0
1500 109.928 -8.00217 18.2323 0.890273 -0.0941924 394.809 0 0
1500 39.9168 16.9536 17.979 -0.322816 0.290808 394.899 0 0
1500 70.6193 -38.9018 17.7843 0.163087 -0.607606 395.018 0 0
1500 35.5346 61.0222 17.8481 -0.367899 0.958277 394.953 0 0
1500 100.836 23.6468 18.1407 0.746029 0.38626 395.001 0 0
1500 65.9108 29.8403 17.9779 0.0736455 0.486644 395.003 0 0
1500 113.869 -24.0504 18.3455 1.1332 -0.451826 394.974 0 0
1500 71.7011 9.98433 17.9405 0.204427 0.203044 395.057 0 0
1500 67.884 -4.09724 18.0556 0.202012 -0.136281 395.055 0 0
1500 66.9696 -31.7143 17.8059 0.199317 -0.530774 395.112 0 0
1500 76.6795 -45.0939 18.3423 0.330969 -0.807802 395.101 0 0
1500 40.3157 16.7684 17.9693 -0.290409 0.223274 395.403 0 0
1500 27.255 54.6645 17.8477 -0.468336 0.836605 395.549 0 0
1500 104.21 20.4955 18.1538 0.778937 0.342445 395.28 0 0
1500 57.3293 -14.7706 18.021 -0.0474458 -0.184753 395.369 0 0
1500 46.2978 1.92015 17.9284 -0.22466 -0.0190646 395.325 0 0
1500 89.1454 44.1716 17.9868 0.599659 0.718171 395.285 0 0
1500 24.208 47.3673 17.8711 -0.558079 0.851136 395.736 0 0
1500 102.431 -14.5437 18.0654 0.747938 -0.220335 395.821 0 0
1500 10.6846 40.7774 17.7991 -0.724279 0.678402 395.841 0 0
1500 114.488 6.85826 17.8958 0.921727 0.0339708 395.92 0 0
1500 81.9812 19.6944 18.0447 0.36999 0.370294 395.972 0 0
1500 98.2313 -19.5513 18.126 0.792484 -0.346594 396.176 0 0
1500 95.0696 -7.36317 17.8349 0.588001 -0.186697 396.255 0 0
1500 123.88 7.49745 17.9027 1.0133 0.153717 396.484 0 0
1500 12.6794 51.3472 17.8125 -0.648652 0.81729 396.473 0 0
1500 77.9367 25.3617 18.4634 0.346631 0.440075 396.437 0 0
1500 35.7983 40.9014 17.8286 -0.28666 0.680169 396.488 0 0
1500 63.5305 -23.4575 17.9922 0.100456 -0.433376 396.396 0 0
1500 88.5648 -12.4904 18.2096 0.469549 -0.235218 396.763 0 0
1500 72.3821 -1.90072 18.7519 0.352176 -0.0602055 396.803 0 0
1500 80.6652 -18.216 18.2115 0.362444 -0.31204 396.867 0 0
1500 102.766 -49.9393 17.809 0.72017 -0.761723 396.737 0 0
1500 97.429 55.9228 17.8005 0.556647 0.887968 397.038 0 0
1500 104.724 -16.8068 18.2541 0.787076 -0.310165 396.589 0 0
1500 121.606 -36.9478 17.8151 1.00738 -0.517876 396.811 0 0
1500 74.3287 -61.1257 17.8719 0.311625 -0.947816 396.573 0 0
1500 29.3926 -56.8577 17.8604 -0.392847 -0.913242 396.705 0 0
1500 52.1144 -62.3775 17.8604 -0.0559702 -0.994715 396.729 0 0
1500 64.0466 -51.4273 17.9164 0.0470298 -0.821342 396.698 0 0
1500 69.2242 36.0905 17.8421 0.250695 0.560831 396.621 0 0
1500 141.188 42.4969 17.9122 1.36845 0.643107 396.856 0 0
1500 64.1023 33.6908 17.9752 0.069738 0.573689 397.12 0 0
1500 53.3066 -7.35 18.0938 -0.0583726 -0.184361 397.105 0 0
1500 69.1741 0.573801 18.2194 0.279499 0.0576892 397.19 0 0
1500 2.02587 13.6891 17.9391 -0.872008 0.255165 397.191 0 0
1500 89.136 26.0774 17.8211 0.551638 0.392933 397.23 0 0
1500 66.9514 -4.15744 18.2187 0.176744 -0.121976 397.248 0 0
1500 46.2434 18.4334 18.12 -0.142394 0.314309 397.262 0 0
1500 119.428 37.7728 17.8775 1.06398 0.643283 397.284 0 0
1500 86.2933 -24.7521 18.4577 0.565816 -0.400353 397.331 0 0
1500 67.2845 -47.8317 17.9837 0.155229 -0.792392 397.428 0 0
1500 93.9743 -0.804766 18.0594 0.650006 -0.00806743 397.366 0 0
1500 122.214 -29.844 17.7897 1.04863 -0.429837 397.456 0 0
1500 98.7604 24.3188 17.9912 0.618289 0.398915 397.51 0 0
1500 -5.12707 26.8185 17.8029 -0.935462 0.458854 397.573 0 0
1500 92.5901 -1.3424 18.8901 0.686771 -0.0795986 397.609 0 0
1500 12.4582 -39.3459 17.8265 -0.661094 -0.661674 397.642 0 0
1500 77.8337 28.3766 18.1431 0.399876 0.473458 397.628 0 0
1500 134.802 10.7768 17.9178 1.29174 0.1339 397.556 0 0
1500 99.8688 -18.8434 17.8125 0.648928 -0.236971 398.258 0 0
1500 -3.50041 11.241 17.8336 -0.96636 0.115829 398.068 0 0
1500 59.137 -45.7282 17.8329 0.0720371 -0.749051 398.101 0 0
1500 84.3335 -28.7484 17.9025 0.489073 -0.423499 397.993 0 0
1500 72.249 -10.8765 17.8739 0.167156 -0.218605 398.209 0 0
1500 81.1842 -7.55691 18.1913 0.473504 -0.113485 398.454 0 0
1500 60.3703 33.6684 17.9704 0.0975064 0.574923 398.454 0 0
1500 119.305 -33.9438 17.7798 0.945839 -0.443673 398.491 0 0
1500 118.474 -0.651123 17.938 0.967279 0.0409634 398.515 0 0
1500 110.176 0.0667745 18.2067 0.877108 0.0488504 398.798 0 0
1500 80.0897 4.77003 18.3081 0.413211 0.0304722 398.829 0 0
1500 92.6985 40.384 18.136 0.613264 0.643442 398.701 0 0
1500 71.4861 42.6578 18.0204 0.205029 0.712371 398.616 0 0
1500 -49.2736 27.1421 17.8834 -1.7529 0.418528 398.81 0 0
1500 44.0822 -26.8047 18.1913 -0.269294 -0.427367 398.794 0 0
1500 86.2722 -6.59073 18.6144 0.6204 -0.0526852 398.716 0 0
1500 43.6353 -3.04904 18.2498 -0.272795 -0.10822 398.697 0 0
1500 70.3672 8.38941 18.3785 0.29774 0.118553 399.094 0 0
1500 97.1568 -51.6485 17.8811 0.626937 -0.779283 399.018 0 0
1500 119.103 -27.1172 17.8182 0.967046 -0.403302 399.042 0 0
1500 126.714 7.82737 17.9958 1.15045 0.0647973 398.932 0 0
1500 53.7872 -71.2069 17.893 -0.0237135 -1.20204 398.919 0 0
1500 62.3973 35.1229 17.8341 -0.000206121 0.576249 399.128 0 0
1500 -5.44453 22.1453 17.8216 -0.967109 0.367412 399.166 0 0
1500 92.3017 -26.438 18.084 0.603272 -0.4473 399.168 0 0
1500 71.4539 -40.9931 17.9706 0.253893 -0.68791 399.162 0 0
1500 153.108 49.3411 17.8791 1.5057 0.81781 399.269 0 0
1500 106.15 -39.6998 17.8844 0.751404 -0.605293 399.394 0 0
1500 116.836 -19.0399 17.8595 0.95152 -0.264817 399.432 0 0
1500 95.0636 -39.4673 18.0707 0.610842 -0.654091 399.541 0 0
1500 128.179 58.3956 17.8929 1.10058 0.947838 399.579 0 0
1500 48.5553 63.6303 17.9009 -0.129138 1.10405 399.404 0 0
1500 69.9108 43.8146 18.3925 0.229421 0.816499 399.29 0 0
1500 87.3994 1.65059 18.6188 0.533917 -0.02475 400.2 0 0
1500 82.5984 -12.8736 18.7655 0.502846 -0.169287 400.344 0 0
1500 -4.43051 -64.123 17.812 -0.967832 -0.997497 399.75 0 0
1500 99.9338 39.7409 17.8422 0.690779 0.641426 400.213 0 0
1500 81.1316 22.7398 17.8842 0.369005 0.427065 400.218 0 0
1500 142.061 9.80571 18.0064 1.39611 0.11904 399.983 0 0
1500 82.312 7.06059 18.0754 0.460844 0.168855 399.669 0 0
1500 57.0049 -7.83551 17.8506 -0.0907066 -0.140986 399.903 0 0
1500 58.3245 -105.072 17.901 -0.0496437 -1.71996 399.708 0 0
1500 124.902 -34.4914 18.2684 1.16846 -0.620554 399.81 0 0
1500 110.645 -52.9532 18.0617 0.921616 -0.923843 400.257 0 0
1500 128.417 -91.1527 17.9167 1.22459 -1.54544 400.309 0 0
1500 130.814 26.0795 17.9837 1.31628 0.433727 399.771 0 0
1500 10.1113 -44.9509 17.8412 -0.735754 -0.69486 400.609 0 0
1500 -9.14509 -2.92402 17.8406 -1.01332 -0.0918006 400.527 0 0
1500 110.321 -39.2309 17.7974 0.793996 -0.620512 400.548 0 0
1500 113.754 -3.63245 17.9223 0.909564 -0.010405 400.534 0 0
1500 93.9471 34.0922 17.817 0.608147 0.563441 400.581 0 0
1500 71.3432 62.0532 17.9237 0.262876 0.968751 400.691 0 0
1500 61.3962 9.42483 18.136 0.0759299 0.195573 400.747 0 0
1500 96.5795 14.3827 18.2179 0.700939 0.225009 400.738 0 0
1500 73.2442 50.1156 17.816 0.292179 0.805785 400.721 0 0
1500 89.8915 -65.1835 17.8232 0.56576 -1.01987 400.698 0 0
1500 133.729 -1.32834 18.0397 1.33619 0.0213432 400.678 0 0
1500 92.3652 37.6308 17.9212 0.602676 0.595417 400.932 0 0
1500 115.767 -29.2166 17.8371 0.843904 -0.48596 400.948 0 0
1500 91.2721 15.341 18.0214 0.549525 0.202781 400.967 0 0
1500 48.4267 21.6276 18.025 -0.193441 0.362606 401.008 0 0
1500 55.7878 8.59931 18.1128 -0.0274708 0.20599 400.997 0 0
1500 21.0106 19.2644 18.0712 -0.59802 0.322038 401.079 0 0
1500 111.389 -2.51461 18.1231 0.894285 -0.07676 401.104 0 0
1500 116.497 43.9095 17.8946 1.01766 0.757186 401.097 0 0
1500 41.1595 37.2386 17.887 -0.291125 0.544655 401.254 0 0
1500 5.13038 17.3857 17.8265 -0.780189 0.30599 401.215 0 0
1500 100.7 -14.2117 18.4319 0.780269 -0.23081 401.281 0 0
1500 106.934 -44.7547 17.8473 0.798617 -0.659992 401.428 0 0
1500 111.767 -4.56495 18.1228 0.899224 -0.10708 401.155 0 0
1500 56.974 1.97264 18.2642 -0.00600197 -0.0292217 401.473 0 0
1500 37.1112 -46.3374 17.8344 -0.392358 -0.725538 401.312 0 0
1500 71.2152 -32.5057 17.899 0.271372 -0.549575 401.182 0 0
1500 29.7525 5.67981 18.326 -0.511156 0.0769594 401.268 0 0
1500 99.374 -2.51583 18.3406 0.693056 -0.0412413 401.685 0 0
1500 105.992 16.6176 18.2898 0.833961 0.277472 401.744 0 0
1500 104.557 11.6237 17.8005 0.727682 0.236432 401.909 0 0
1500 81.6623 55.5875 17.8117 0.4152 0.878526 401.502 0 0
1500 77.408 -18.2505 18.3776 0.397821 -0.34038 402.029 0 0
1500 -4.82985 -23.9906 17.8439 -1.01532 -0.356592 402.076 0 0
1500 50.8177 40.7805 18.0654 -0.0577922 0.69203 401.592 0 0
1500 108.832 23.9877 17.8619 0.846716 0.343568 402.053 0 0
1500 109.773 15.0199 17.813 0.836822 0.286475 401.702 0 0
1500 17.034 33.7696 17.8229 -0.620583 0.591057 401.721 0 0
1500 91.0597 -36.8501 17.8909 0.570222 -0.609123 401.97 0 0
1500 90.7627 -32.4702 17.8928 0.567557 -0.544226 401.755 0 0
1500 96.1133 -27.5761 17.8923 0.648684 -0.469046 401.815 0 0
1500 86.6573 26.5305 18.0618 0.520434 0.456758 402.046 0 0
1500 59.0896 -20.7232 18.7281 0.0984411 -0.393425 401.941 0 0
1500 110.218 20.7699 18.2116 0.870086 0.358732 402.126 0 0
1500 59.408 -11.0348 17.8308 0.0859497 -0.149169 402.334 0 0
1500 50.3896 -48.9965 17.8609 -0.153676 -0.733795 402.426 0 0
1500 55.9135 -47.8937 17.818 0.0116321 -0.725725 402.399 0 0
1500 33.9905 59.4754 17.8566 -0.38773 0.899725 402.465 0 0
1500 120.583 5.06698 18.0439 1.01643 0.0958917 402.164 0 0
1500 25.62 55.2516 17.8277 -0.558603 0.811573 402.383 0 0
1500 77.5115 -49.6424 17.889 0.362674 -0.801002 402.205 0 0
1500 75.3743 -14.8186 18.1178 0.379748 -0.235869 402.334 0 0
1500 49.0585 -59.0514 17.8468 -0.0935925 -0.985639 402.152 0 0
1500 -31.7416 -86.3409 17.8561 -1.50509 -1.37966 402.302 0 0
1500 84.8825 23.4637 18.0722 0.533549 0.374117 402.444 0 0
1500 98.593 100.462 17.9188 0.687524 1.68524 402.346 0 0
1500 36.8042 -55.6199 18.02 -0.387841 -0.937548 402.445 0 0
1500 50.3957 26.2771 18.1144 -0.0964758 0.421659 402.63 0 0
1500 113.155 -26.2095 17.8993 0.860444 -0.380145 402.683 0 0
1500 60.8063 9.89556 18.2189 0.0227006 0.110081 402.606 0 0
1500 161.307 -10.5291 18.1386 1.84452 -0.168032 402.518 0 0
1500 80.7377 -22.3876 17.8795 0.358626 -0.342828 402.886 0 0
1500 15.303 1.15216 17.8665 -0.640984 -0.0321743 402.812 0 0
1500 104.324 43.9067 17.9409 0.774131 0.66824 403.237 0 0
1500 23.5879 56.7704 17.8266 -0.585858 0.829763 402.753 0 0
1500 -2.88907 28.5231 17.826 -0.967866 0.402394 403.678 0 0
1500 108.117 -25.2894 18.1056 0.8466 -0.413595 403.161 0 0
1500 121.381 -16.1688 17.8567 1.0122 -0.25772 403.644 0 0
1500 47.0969 63.9153 17.8153 -0.158097 1.02464 403.394 0 0
1500 116.732 -14.414 17.8844 0.946676 -0.263564 402.967 0 0
1500 52.0591 19.0457 18.3315 -0.0863919 0.332966 402.798 0 0
1500 66.1302 24.2455 18.2864 0.206932 0.440568 403.518 0 0
1500 61.6877 -50.373 17.8533 0.108315 -0.829979 403.022 0 0
1500 17.8385 13.8482 18.0338 -0.657715 0.179778 403.39 0 0
1500 23.4326 8.08762 17.8617 -0.60137 0.162112 403.546 0 0
1500 120.495 -4.07495 18.7811 1.18401 -0.0866221 403.02 0 0
1500 103.108 -13.0578 18.3685 0.767955 -0.284879 403.006 0 0
1500 2.37416 31.5394 17.8831 -0.88253 0.588054 402.746 0 0
1500 54.6184 31.7091 18.206 -0.0526975 0.589331 402.749 0 0
1500 123.446 13.9949 17.8819 1.03165 0.160014 403.983 0 0
1500 100.236 40.6337 17.9402 0.658267 0.623061 403.896 0 0
1500 119.773 -8.1014 18.0502 0.999654 -0.166905 404.07 0 0
1500 44.3068 15.6704 18.0134 -0.15693 0.281994 404.203 0 0
1500 48.4418 2.21436 18.1929 -0.146739 -0.00389594 403.916 0 0
1500 95.1777 -3.44127 18.0077 0.601595 -0.0478746 403.965 0 0
1500 78.851 -4.1265 17.8564 0.357099 -0.0615079 404.127 0 0
1500 76.8237 63.8882 17.8687 0.287175 1.00672 403.714 0 0
1500 124.205 -18.4917 17.7992 1.01388 -0.217135 403.994 0 0
1500 25.5698 58.5656 17.8157 -0.472099 0.932996 404.265 0 0
1500 132.756 25.6392 17.7964 1.10335 0.451442 404.005 0 0
1500 115.56 -19.2658 17.9127 0.94959 -0.277251 404.126 0 0
1500 52.43 60.9489 17.8438 -0.0202601 0.968365 403.983 0 0
1500 62.7992 65.4437 17.8018 0.0880586 1.06436 404.328 0 0
1500 68.3389 6.02125 17.879 0.136384 0.166888 404.248 0 0
1500 85.6846 -9.8694 17.9123 0.472216 -0.246255 403.885 0 0
1500 77.2806 62.6369 17.801 0.326787 0.961791 404.398 0 0
1500 13.9717 50.891 17.8165 -0.639644 0.81686 404.555 0 0
1500 75.7976 0.46394 18.8366 0.381437 0.0792556 404.416 0 0
1500 47.1088 57.9148 17.9456 -0.178762 0.940708 404.396 0 0
1500 41.8679 49.331 17.8523 -0.31164 0.791009 404.383 0 0
1500 109.122 -30.5446 18.0845 0.831855 -0.553212 404.399 0 0
1500 60.3933 65.183 17.9071 0.0437076 1.01262 404.902 0 0
1500 81.5361 -21.0352 18.0678 0.424314 -0.385783 404.875 0 0
1500 87.658 -98.6115 17.8395 0.52248 -1.53401 404.926 0 0
1500 87.3697 35.6018 17.8419 0.517291 0.588961 404.695 0 0
1500 22.0151 14.2523 17.8192 -0.637897 0.212738 404.888 0 0
1500 98.0066 -5.41869 18.3493 0.668524 -0.0896396 405.318 0 0
1500 78.8983 0.483449 17.8219 0.328714 0.0672578 405.515 0 0
1500 84.3254 -7.02187 18.9976 0.559048 -0.169734 405.008 0 0
1500 95.967 53.404 17.8184 0.555313 0.847995 405.007 0 0
1500 115.574 -5.44722 18.1007 0.959517 -0.0942838 405.321 0 0
1500 120.351 15.0635 17.9648 1.01503 0.212956 405.242 0 0
1500 63.739 4.55454 18.5213 0.155968 0.140941 405.109 0 0
1500 0.273006 15.4695 17.846 -0.936066 0.269538 405.215 0 0
1500 78.8033 -3.14789 18.2974 0.405851 -0.11847 405.03 0 0
1500 57.7351 -53.3827 17.8224 0.0396528 -0.87787 405.419 0 0
1500 78.102 -12.4327 17.9168 0.389597 -0.154967 405.174 0 0
1500 69.817 -6.32352 17.9197 0.261498 -0.0601192 404.985 0 0
1500 80.0006 1.13964 17.8773 0.386845 0.0876914 404.954 0 0
1500 70.3551 15.9779 17.8812 0.228248 0.263103 405.849 0 0
1500 75.0776 17.0175 17.8797 0.293861 0.277804 405.762 0 0
1500 36.038 61.6901 17.7926 -0.331503 0.978625 405.755 0 0
1500 100.219 50.4596 17.9043 0.639743 0.822221 405.672 0 0
1500 1.84425 -33.0478 17.8437 -0.905768 -0.460048 405.695 0 0
1500 -2.29163 -21.0204 17.8446 -0.963481 -0.352876 405.878 0 0
1500 18.701 29.6798 18.0262 -0.638479 0.487213 405.762 0 0
1500 95.7819 39.5956 17.859 0.551945 0.675293 405.857 0 0
1500 88.2507 -6.42642 18.0411 0.565671 -0.0780799 405.612 0 0
1500 37.6995 3.01026 17.9158 -0.375641 0.0100119 405.898 0 0
1500 100.031 0.695634 18.1044 0.679884 -0.00266891 406.134 0 0
1500 99.9546 14.2912 17.8341 0.645642 0.241623 406.072 0 0
1500 45.6006 -42.0465 17.9655 -0.250089 -0.64732 406.033 0 0
1500 85.8316 13.0687 19.4169 0.666809 0.388132 406.085 0 0
1500 58.5806 35.9365 17.9639 -0.0127672 0.557705 406.181 0 0
1500 50.1049 -23.6343 18.2785 -0.0991318 -0.42599 406.232 0 0
1500 96.4746 -3.21526 18.0948 0.627715 -0.125286 406.769 0 0
1500 113.933 -33.737 17.8205 0.925278 -0.480935 406.608 0 0
1500 8.96243 73.9224 17.8593 -0.845466 1.15207 406.487 0 0
1500 111.118 46.5042 17.8983 0.918706 0.733873 406.406 0 0
1500 84.5132 0.590226 17.8796 0.493394 -0.0141418 406.689 0 0
1500 -69.0965 -146.866 17.9184 -2.07228 -2.42279 406.415 0 0
1500 147.259 -21.2373 18.2546 1.61313 -0.460096 406.864 0 0
1500 86.4898 9.463 18.2919 0.454002 0.195536 407.87 0 0
1500 93.4233 22.4553 18.2356 0.581514 0.357948 406.983 0 0
1500 70.8504 -9.43339 18.31 0.282432 -0.169391 408.239 0 0
1500 58.9835 1.50781 17.8492 0.0687641 0.0610626 407.095 0 0
1500 49.7404 12.8997 17.9037 -0.103037 0.24775 407.484 0 0
1500 23.3871 -9.77086 17.8523 -0.552495 -0.153766 407.16 0 0
1500 96.2903 29.8908 17.8856 0.617406 0.430414 407.585 0 0
1500 112.129 -25.6107 17.8959 0.856622 -0.361963 407.334 0 0
1500 92.181 -33.4307 17.8571 0.532986 -0.528582 408.204 0 0
1500 110.452 -5.69442 18.0562 0.850586 -0.0807201 408.344 0 0
1500 126.933 -96.4646 17.7926 1.05325 -1.47512 407.063 0 0
1500 -6.15272 21.9969 17.8436 -1.00301 0.285457 407.093 0 0
1500 88.6891 58.7674 17.829 0.512539 0.90125 407.872 0 0
1500 93.4889 57.7167 17.8388 0.495987 0.92235 407.243 0 0
1500 43.3982 63.8436 17.8498 -0.240879 1.01673 407.706 0 0
1500 81.1605 3.01998 18.4936 0.502137 0.011867 407.84 0 0
1500 114.799 -35.6545 18.071 0.947049 -0.595535 407.675 0 0
1500 106.764 -18.1702 17.9245 0.807722 -0.22124 407.661 0 0
1500 79.2221 -2.25816 17.9185 0.407155 0.00355628 406.936 0 0
1500 109.944 -13.2598 18.0178 0.856858 -0.278918 407.156 0 0
1500 102.76 -24.4368 17.8227 0.688777 -0.451977 408.19 0 0
1500 86.5676 -5.04545 17.845 0.516478 -0.108433 407.353 0 0
1500 72.2958 31.9267 18.0748 0.297641 0.560414 407.721 0 0
1500 72.1936 5.58324 17.9075 0.266387 0.0185142 408.325 0 0
1500 102.069 1.84711 17.9283 0.744962 0.113498 407.253 0 0
1500 63.4587 -14.6256 18.2226 0.139184 -0.265877 409.879 0 0
1500 59.5337 29.9488 17.9313 0.0812507 0.468058 409.103 0 0
1500 78.0824 13.4675 17.9154 0.358296 0.193501 409.236 0 0
1500 47.5796 16.1703 17.9681 -0.158599 0.28849 409.872 0 0
1500 114.003 4.30062 18.009 0.888958 0.0562956 409.102 0 0
1500 16.9369 16.1351 17.8592 -0.640744 0.261782 409.719 0 0
1500 28.6028 -49.8251 17.8518 -0.480237 -0.75083 408.812 0 0
1500 25.7422 -11.6271 17.8656 -0.511365 -0.199578 410.158 0 0
1500 60.737 5.93344 17.9696 0.121371 0.0762506 411.435 0 0
1500 117.007 23.8902 17.9424 0.938926 0.33868 408.609 0 0
1500 84.2902 -3.87699 17.9322 0.44119 0.00267147 408.413 0 0
1500 43.7099 -25.5891 17.826 -0.273434 -0.366979 411.539 0 0
1500 41.3539 -39.1351 17.8204 -0.308489 -0.560866 411.089 0 0
1500 48.4944 -24.4635 17.8273 -0.205938 -0.350709 411.631 0 0
1500 118.381 -4.57613 17.8896 0.948366 -0.0651453 410.387 0 0
1500 9.63558 -72.974 17.7933 -0.666577 -1.13194 408.819 0 0
1500 120.655 -13.3006 17.8431 0.973271 -0.157361 410.662 0 0
1500 20.0828 -55.1665 17.889 -0.615575 -0.84849 409.485 0 0
1500 73.1245 10.8242 18.8122 0.30757 0.218458 409.794 0 0
1500 63.4824 20.2555 18.4292 0.190447 0.37552 408.485 0 0
1500 125.31 -31.144 18.023 1.10023 -0.50983 409.055 0 0
1500 117.845 31.285 17.8081 0.945505 0.414521 409.718 0 0
1500 95.5182 -42.3865 17.8134 0.62151 -0.699147 408.634 0 0
1500 86.9668 -29.1662 18.6041 0.512619 -0.510341 409.374 0 0
1500 32.8846 -54.7814 17.8148 -0.37835 -0.903865 409.205 0 0
1500 52.4471 -63.9109 17.8133 -0.0795341 -1.00378 411.718 0 0
1500 111.408 -12.5501 17.8295 0.883852 -0.220442 408.761 0 0
1500 104.011 26.3613 17.8017 0.775756 0.388461 408.535 0 0
1500 83.0313 38.4194 18.2928 0.45619 0.647678 410.08 0 0
1500 95.7861 12.6953 18.2965 0.650519 0.263663 409.745 0 0
1500 71.9477 -10.9793 18.2595 0.343947 -0.180264 409.292 0 0
1500 125.558 10.6705 17.8003 1.04352 0.0992618 411.461 0 0
1500 86.1435 -51.9903 17.8048 0.46931 -0.848021 410.005 0 0
1500 88.1887 21.4398 17.959 0.517019 0.398914 409.067 0 0
1500 104.921 -34.4853 17.884 0.752479 -0.587626 410.438 0 0
1500 41.4535 6.28605 18.0855 -0.236792 0.173104 409.061 0 0
1500 98.5814 6.50033 18.7256 0.815702 0.0651375 408.59 0 0
1500 110.038 -34.6375 17.8867 0.863116 -0.510246 411.035 0 0
1500 105.93 7.09794 17.8957 0.816878 0.118071 409.779 0 0
1500 56.7464 47.9673 18.0565 -0.0271115 0.794027 410.352 0 0
1500 64.8558 54.9736 17.947 0.0961573 0.904087 410.86 0 0
1500 29.5955 0.18781 17.817 -0.514886 -0.0359534 409.12 0 0
1500 83.0302 43.7844 18.0081 0.439538 0.7301 411.007 0 0
1500 52.9759 22.8124 17.9072 -0.146131 0.372802 409.303 0 0
1500 56.8315 -14.4828 17.9102 -0.0863627 -0.208535 409.107 0 0
1500 86.5651 0.30445 18.2428 0.561162 -0.0160012 410.903 0 0
1500 89.9276 15.8101 18.2399 0.610194 0.218858 411.125 0 0
1500 77.5719 -3.39504 17.8296 0.342567 -0.120992 408.975 0 0
1500 112.048 -26.8027 17.839 0.893148 -0.402797 411.392 0 0
1500 34.8652 23.3069 17.8642 -0.339192 0.436544 410.973 0 0
1500 94.7094 1.17333 17.8913 0.591182 0.093878 411.384 0 0
1500 134.91 3.91283 18.0273 1.32003 0.109332 409.348 0 0
1500 67.9648 16.9289 17.9348 0.246818 0.284911 409.377 0 0
1500 88.6346 -30.2602 17.962 0.555365 -0.536428 411.189 0 0
1500 68.5304 44.7876 18.1879 0.18297 0.834234 408.88 0 0
1500 103.686 -42.0318 18.534 0.86155 -0.782163 409.488 0 0
1500 81.643 -21.6306 18.0716 0.36166 -0.423092 410.505 0 0
1500 83.6344 -46.3611 18.2521 0.458576 -0.866296 409.363 0 0
1500 91.9503 32.4813 18.2983 0.578818 0.620752 410.074 0 0
1500 32.0262 -71.8494 18.075 -0.520512 -1.22931 410.947 0 0
1500 66.2893 -41.5303 18.098 0.122667 -0.814766 409.858 0 0
1500 77.6008 -6.90597 18.2983 0.348629 -0.157993 412.37 0 0
1500 51.045 15.6719 18.0419 -0.133794 0.249853 412.203 0 0
1500 67.3297 13.1044 18.7705 0.199922 0.2309 416.278 0 0
1500 93.9582 14.6037 17.9108 0.575242 0.240107 411.99 0 0
1500 75.8698 -8.09192 17.9414 0.307307 -0.0616694 413.908 0 0
1500 89.4009 -9.28173 17.8303 0.489005 -0.181033 413.94 0 0
1500 60.4081 -5.03229 18.3927 0.0917617 -0.135857 416.683 0 0
1500 74.6103 -59.6155 17.8155 0.241743 -0.9351 412.166 0 0
1500 83.9803 43.5039 17.86 0.385713 0.666715 415.308 0 0
1500 90.909 3.67756 17.9084 0.530407 0.0176104 414.642 0 0
1500 -6.63752 9.39765 17.8308 -0.980957 0.151592 414.426 0 0
1500 61.7082 -1.6491 17.8307 0.0913551 -0.0785993 415.567 0 0
1500 101.52 -13.8094 17.8172 0.657412 -0.252258 414.511 0 0
1500 79.554 -30.4849 17.8212 0.344186 -0.486435 414.852 0 0
1500 56.7001 4.8164 17.9707 -0.0154763 0.135167 416.195 0 0
1500 117.927 5.47808 17.8898 0.940609 0.0877358 413.929 0 0
1500 123.176 3.48622 17.8841 1.04524 0.0607947 411.989 0 0
1500 78.3881 -6.30656 18.0869 0.342665 -0.148813 417.049 0 0
1500 67.1867 -39.5104 17.8662 0.168691 -0.598249 417.383 0 0
1500 101.118 -6.40681 18.5837 0.797554 -0.131582 412.73 0 0
1500 57.8967 -12.4305 17.8231 -0.0657808 -0.208809 416.49 0 0
1500 72.5171 -19.9163 17.8958 0.275412 -0.258187 417.091 0 0
1500 95.0449 4.36662 18.1936 0.610223 0.048348 419.195 0 0
1500 55.0961 -20.8996 17.9208 0.0120284 -0.345675 417.978 0 0
1500 28.4858 -36.1838 17.9653 -0.508786 -0.569336 412.132 0 0
1500 58.7557 20.5757 17.8978 0.0310311 0.355652 418.408 0 0
1500 82.714 -51.8052 17.9547 0.459569 -0.81044 413.216 0 0
1500 81.1821 38.5039 17.9486 0.406373 0.642391 413.483 0 0
1500 107.271 16.1963 17.9459 0.767834 0.294639 416.185 0 0
1500 104.627 30.8937 17.8647 0.764839 0.510781 413.601 0 0
1500 27.4847 50.9893 17.9818 -0.455233 0.839457 413.709 0 0
1500 31.8423 -3.29659 18.053 -0.400381 -0.0751882 419.316 0 0
1500 11.0796 -44.9528 17.8472 -0.750588 -0.665739 416.152 0 0
1500 85.7308 10.7713 18.1377 0.487399 0.164055 419.952 0 0
1500 91.8447 1.51475 18.0701 0.607098 0.0734023 413.058 0 0
1500 117.818 -24.2908 17.8386 0.924864 -0.433855 414.696 0 0
1500 72.1383 -4.47015 18.2824 0.345631 -0.0956579 413.554 0 0
1500 64.8425 2.50428 18.3818 0.202405 -0.00200969 424.062 0 0
1500 2.0192 6.85137 17.9078 -0.913689 0.101864 414.224 0 0
1500 111.165 -11.1853 18.0718 0.890673 -0.213071 414.974 0 0
1500 123.002 -54.4545 17.8386 0.989021 -0.856456 417.014 0 0
1500 56.6635 24.2543 18.2759 -0.0370777 0.384162 414.135 0 0
1500 61.4213 47.6905 17.8838 0.0935897 0.734009 419.194 0 0
1500 68.7285 -26.4567 17.931 0.195712 -0.395204 423.651 0 0
1500 110.325 10.7082 18.0082 0.849639 0.229142 414.893 0 0
1500 92.2974 10.9458 17.8573 0.61016 0.179319 413.417 0 0
1500 102.942 41.4039 17.8414 0.754646 0.634027 415.163 0 0
1500 102.482 29.9995 17.8437 0.753077 0.479102 414.459 0 0
1500 104.265 -41.1366 17.8392 0.772742 -0.599894 415.098 0 0
1500 104.468 11.3947 18.2043 0.778861 0.239825 415.584 0 0
1500 3.58402 -3.7998 17.8252 -0.842798 -0.0872153 418.999 0 0
1500 121.481 -1.69744 17.9021 1.02998 -0.0200781 416.217 0 0
1500 105.747 -14.492 17.8979 0.7545 -0.300724 413.783 0 0
1500 90.2735 -9.46574 18.0403 0.524935 -0.222288 414.362 0 0
1500 40.8438 -32.7399 17.8864 -0.288234 -0.50743 420.577 0 0
1500 63.9566 -65.1341 17.8665 0.0390636 -1.02366 416.357 0 0
1500 78.8621 -10.4548 17.8925 0.273335 -0.215372 413.55 0 0
1500 76.8468 -54.8594 17.8725 0.235517 -0.884258 415.284 0 0
1500 35.105 11.9187 17.8907 -0.408629 0.133462 413.667 0 0
1500 121.161 12.3194 17.9589 0.987173 0.22351 418.602 0 0
1500 59.5427 14.4825 18.1037 -0.00500545 0.238321 422.078 0 0
1500 101.951 -47.9241 17.88 0.711936 -0.729294 418.353 0 0
1500 73.2866 -16.0432 17.9049 0.283043 -0.254773 421.221 0 0
1500 85.5276 60.0568 17.9405 0.426574 0.967012 416.981 0 0
1500 37.2485 25.9838 18.1498 -0.328169 0.452341 415.424 0 0
1500 91.5308 19.082 18.3717 0.58893 0.290296 422.883 0 0
1500 85.225 -2.0402 18.1916 0.483913 -0.00823242 422.665 0 0
1500 46.6095 5.53719 18.0297 -0.228549 0.0990048 414.677 0 0
1500 97.0415 -46.9107 17.8505 0.605873 -0.828038 412.905 0 0
1500 122.036 -51.9396 18.1939 1.14465 -0.879204 412.257 0 0
1500 77.7573 39.6434 17.8547 0.23954 0.646452 416.418 0 0
1500 87.2819 -11.847 17.9949 0.532128 -0.134425 416.174 0 0
1500 103.209 5.08317 17.9864 0.769472 0.125319 416.871 0 0
1500 56.4332 -41.2549 17.9905 0.00470097 -0.708083 416.626 0 0
1500 96.7128 -4.51639 17.993 0.623669 -0.145786 416.42 0 0
1500 46.9056 49.2839 17.8485 -0.201311 0.823145 416.738 0 0
1500 75.0573 -3.30467 18.5266 0.421944 -0.0381042 418.087 0 0
1500 121.418 13.2831 17.8433 1.00173 0.251566 418.518 0 0
1500 43.5166 62.9182 17.8446 -0.162284 0.998071 418.154 0 0
1500 94.3679 42.7528 17.849 0.608135 0.703476 417.384 0 0
1500 75.3516 9.74637 17.869 0.328198 0.207803 415.603 0 0
1500 122.979 2.05325 17.8452 0.997129 0.0816125 420.391 0 0
1500 18.2463 42.9529 17.8403 -0.625681 0.722203 417.637 0 0
1500 42.8454 32.6814 17.8546 -0.258805 0.579545 416.162 0 0
1500 65.2445 19.882 18.1172 0.110993 0.373232 416.635 0 0
1500 115.174 2.4746 17.8947 0.896282 0.0480407 421.607 0 0
1500 67.7492 22.3995 17.9129 0.212658 0.325131 423.314 0 0
1500 103.109 17.8057 17.8982 0.773419 0.285729 417.112 0 0
1500 -5.86269 15.6255 17.8429 -0.996087 0.262536 420.11 0 0
1500 -8.08234 -3.56178 17.842 -1.04473 -0.0182986 419.051 0 0
1500 47.391 64.6395 17.8431 -0.222457 1.00186 418.564 0 0
1500 34.3718 53.1988 17.8504 -0.399675 0.795766 421.499 0 0
1500 122.338 5.70395 17.9692 1.03731 0.11153 419.579 0 0
1500 102.449 -40.6287 17.9358 0.719621 -0.67401 418.645 0 0
1500 44.7416 -47.8215 17.9446 -0.148669 -0.795557 417.502 0 0
1500 -13.4631 47.4746 17.8125 -1.12561 0.749954 419.203 0 0
1500 84.0572 35.0734 18.0601 0.433755 0.636957 414.975 0 0
1500 65.3317 -1.7611 17.8612 0.0410559 -0.00445192 416.014 0 0
1500 23.1315 -53.4733 17.834 -0.597282 -0.784589 418.533 0 0
1500 -5.74698 16.4007 17.8404 -0.988103 0.201411 421.171 0 0
1500 64.4707 44.6148 18.1862 0.168995 0.745048 418.932 0 0
1500 87.6224 19.532 18.193 0.475111 0.335672 424.986 0 0
1500 65.1385 15.1468 18.1995 0.16294 0.273099 425.491 0 0
1500 54.7617 -65.3951 17.8057 0.0101374 -1.04845 417.792 0 0
1500 90.5107 34.2552 17.8748 0.534585 0.496641 423.659 0 0
1500 102.003 20.9826 17.8707 0.754141 0.333885 418.336 0 0
1500 63.1276 -20.8372 18.5175 0.112546 -0.364541 419.76 0 0
1500 45.9903 -0.778983 17.9827 -0.246203 0.00347356 417.37 0 0
1500 29.9447 19.5404 17.8462 -0.389301 0.344871 424.564 0 0
1500 102.783 28.6357 17.8329 0.690903 0.514476 418.798 0 0
1500 98.2101 -18.0166 18.4743 0.753543 -0.280977 421.004 0 0
1500 92.8799 52.5299 17.8197 0.574182 0.775692 422.702 0 0
1500 121.858 -18.8755 17.8151 1.01319 -0.262516 421.355 0 0
1500 92.7419 55.0974 17.9085 0.528632 0.892554 421.064 0 0
1500 54.4166 16.2926 18.0989 -0.0463482 0.288305 426.24 0 0
1500 32.0653 -35.9598 17.9977 -0.437254 -0.593898 419.279 0 0
1500 59.6716 16.3762 17.9184 -0.0411645 0.271083 417.983 0 0
1500 6.42549 36.7045 17.8921 -0.836956 0.564701 420.65 0 0
1500 53.2236 22.8434 18.9237 -0.0282955 0.435857 412.93 0 0
1500 122.498 4.77925 17.7963 1.01825 0.123336 420.774 0 0
1500 121.006 21.049 17.7953 0.977428 0.360616 422.031 0 0
1500 73.3737 -15.2893 18.1706 0.23864 -0.29929 419.509 0 0
1500 106.787 36.5361 17.8155 0.712375 0.58246 425.199 0 0
1500 89.3151 2.40991 18.2266 0.541505 0.00457302 427.274 0 0
1500 4.87285 -1.01907 18.111 -0.905438 0.0212358 416.491 0 0
1500 79.0825 -61.3588 17.828 0.330528 -0.9869 421.953 0 0
1500 20.2197 26.7969 17.8794 -0.56665 0.439227 425.773 0 0
1500 96.7155 54.9013 17.7961 0.635274 0.79793 423.641 0 0
1500 33.2567 -20.2379 18.0266 -0.425809 -0.270219 419.6 0 0
1500 60.2527 -23.3524 17.9589 0.0872799 -0.380562 427.373 0 0
1500 53.1485 -27.4889 17.9578 -0.0117013 -0.438697 427.29 0 0
1500 109.013 -10.509 17.9388 0.806439 -0.162684 426.104 0 0
1500 92.4961 -6.97193 17.9465 0.621483 -0.122212 420.503 0 0
1500 39.0141 -14.0903 18.0587 -0.306438 -0.19914 427.827 0 0
1500 58.0249 -30.1223 18.0563 -0.047963 -0.46847 420.542 0 0
1500 44.9666 -22.1099 18.0583 -0.224073 -0.310331 427.801 0 0
1500 81.1787 30.4754 18.0138 0.423349 0.529093 420.901 0 0
1500 72.504 -11.2973 18.3326 0.278385 -0.219048 428.898 0 0
1500 52.7691 -18.1744 18.1029 -0.0574439 -0.356171 420.599 0 0
1500 49.3931 -53.4655 18.0848 -0.106925 -0.879073 422.135 0 0
1500 48.2035 -16.8445 17.8533 -0.114245 -0.331408 419.727 0 0
1500 48.6299 -42.2041 17.842 -0.106187 -0.718569 420.564 0 0
1500 41.079 23.9973 17.9538 -0.287837 0.437054 420.484 0 0
1500 34.9034 55.5648 17.9351 -0.372464 0.899108 422.379 0 0
1500 8.9809 37.1311 17.9346 -0.761106 0.621193 422.468 0 0
1500 98.815 -29.1541 17.8345 0.67445 -0.533412 419.287 0 0
1500 135.399 -26.7798 17.9948 1.33954 -0.41193 418.31 0 0
1500 34.5746 24.7238 17.9404 -0.341548 0.459092 420.993 0 0
1500 105.23 36.9171 17.8196 0.724974 0.566129 426.822 0 0
1500 108.082 35.0636 17.9459 0.802153 0.526086 426.048 0 0
1500 62.597 -48.5835 17.9303 0.0177288 -0.78341 421.754 0 0
1500 27.8985 41.0063 17.8457 -0.442993 0.723868 418.915 0 0
1500 77.6465 -19.2058 17.9942 0.252382 -0.323072 429.872 0 0
1500 123.915 -5.42836 17.8982 1.04661 -0.0421133 424.649 0 0
1500 111.066 15.0082 17.908 0.826973 0.250676 427.094 0 0
1500 100.307 37.735 17.9042 0.714644 0.609656 423.065 0 0
1500 85.1599 14.0207 17.9217 0.449457 0.232349 428.377 0 0
1500 107.271 11.27 17.9113 0.768936 0.196383 427.453 0 0
1500 69.5172 -5.9972 17.9622 0.17188 -0.152753 429.335 0 0
1500 9.74277 -0.956422 18.024 -0.78474 -0.0230185 423.093 0 0
1500 62.8204 -29.6991 17.9682 0.0871061 -0.535955 422.676 0 0
1500 53.4967 -24.9338 18.1189 -0.0869351 -0.382178 430.387 0 0
1500 29.0373 -29.4417 18.1105 -0.468517 -0.490158 423.638 0 0
1500 15.1592 13.6854 18.0168 -0.721418 0.160461 420.691 0 0
1500 -46.0549 25.8099 18.0064 -1.75553 0.431102 419.809 0 0
1500 123.232 -15.1787 17.813 0.989284 -0.30009 425.154 0 0
1500 53.3397 -8.40598 17.842 -0.0520736 -0.185838 429.829 0 0
1500 95.7257 10.7266 18.0991 0.685385 0.157298 424.116 0 0
1500 94.5331 -16.4239 18.1009 0.610862 -0.234458 430.176 0 0
1500 96.5322 -9.96396 17.9001 0.661879 -0.133357 425.058 0 0
1500 81.6388 -10.5418 17.9075 0.415259 -0.134614 428.73 0 0
1500 -7.57395 6.90319 17.8138 -1.03981 0.124717 426.259 0 0
1500 25.5905 -30.4424 17.8297 -0.575348 -0.446364 423.284 0 0
1500 -3.27035 16.1297 17.8168 -0.960754 0.256818 427.352 0 0
1500 13.1856 23.4302 17.8242 -0.760825 0.382633 423.805 0 0
1500 43.0089 -9.91957 17.8414 -0.310442 -0.131126 422.424 0 0
1500 47.0441 44.2397 17.8314 -0.223705 0.648323 429.156 0 0
1500 67.4676 177.45 17.852 0.227105 2.84959 421.088 0 0
1500 84.6599 52.3277 17.8881 0.446772 0.792246 428.363 0 0
1500 112.512 40.9891 17.9737 0.947951 0.635721 422.454 0 0
1500 59.4201 -48.5103 18.3167 0.0745643 -0.863915 420.753 0 0
1500 76.8485 33.954 17.8139 0.275527 0.546886 429.979 0 0
1500 102.621 9.89257 18.1349 0.71851 0.176791 430.539 0 0
1500 99.3038 28.8031 18.1294 0.723519 0.474679 425.458 0 0
1500 73.1956 1.13755 17.9327 0.214251 0.0921054 419.907 0 0
1500 75.6624 -5.18901 18.258 0.283425 -0.138909 432.186 0 0
1500 90.7611 28.4821 18.074 0.491653 0.502727 423.856 0 0
1500 146.168 -0.0269484 18.018 1.57277 -0.0654177 417.264 0 0
1500 98.2523 27.7279 17.9598 0.706269 0.423193 424.916 0 0
1500 17.9265 -57.5745 18.1694 -0.66459 -1.01991 420.23 0 0
1500 87.2254 29.8969 18.5011 0.644879 0.612985 413.225 0 0
1500 11.4726 44.4115 17.8135 -0.69268 0.742036 426.361 0 0
1500 68.1169 38.032 18.0947 0.132499 0.713967 418.611 0 0
1500 18.4488 35.412 17.9469 -0.661598 0.547219 425.832 0 0
1500 18.2003 14.7533 17.9534 -0.671641 0.235301 425.219 0 0
1500 99.8494 -40.8316 17.9793 0.667853 -0.686212 426.62 0 0
1500 89.554 -6.63684 18.7036 0.595169 -0.0710427 434.25 0 0
1500 137.017 -41.3401 18.1059 1.44346 -0.752077 418.518 0 0
1500 94.0964 -6.43862 17.9528 0.582075 -0.121686 431.695 0 0
1500 92.3365 -19.8207 17.9858 0.572323 -0.376267 425.772 0 0
1500 126.267 19.1531 17.8666 1.15585 0.29907 424.032 0 0
1500 0.323918 13.1193 17.8812 -0.97653 0.29035 421.846 0 0
1500 67.564 16.1948 17.9021 0.092607 0.277403 432.405 0 0
1500 58.2068 66.8853 17.8747 -0.0396815 1.03054 429.197 0 0
1500 93.9816 28.9199 17.8474 0.627857 0.418964 426.314 0 0
1500 105.042 44.228 18.0534 0.855461 0.712128 423.915 0 0
1500 75.0984 9.4176 17.9326 0.307662 0.168048 433.2 0 0
1500 9.4899 41.4502 17.8009 -0.803338 0.639316 428.162 0 0
1500 18.1385 -19.4123 17.8148 -0.693704 -0.2814 426.234 0 0
1500 82.2824 -3.86705 18.0802 0.478565 -0.0361387 426.559 0 0
1500 86.0218 -9.4043 18.0782 0.534933 -0.121042 426.698 0 0
1500 88.1357 -17.3706 18.0761 0.565963 -0.242695 426.861 0 0
1500 117.718 -14.7147 18.0585 0.987881 -0.195898 428.908 0 0
1500 123.654 -43.4309 17.9476 1.03551 -0.696834 429.375 0 0
1500 55.949 60.7748 17.7994 0.0209391 0.923341 431.183 0 0
1500 92.9686 -11.361 17.9968 0.660298 -0.143203 421.662 0 0
1500 81.1952 4.38675 18.4262 0.450098 0.0842406 435.607 0 0
1500 98.7823 46.9985 17.7952 0.667514 0.756678 428.764 0 0
1500 48.5549 34.2906 17.814 -0.0919209 0.58405 426.631 0 0
1500 77.5923 3.65934 18.1311 0.379268 0.0381123 434.15 0 0
1500 -7.09321 -55.9265 17.9798 -1.08072 -1.01701 422.705 0 0
1500 55.3532 -26.7821 17.9918 -0.0653715 -0.477392 427.739 0 0
1500 85.0103 47.6673 17.9318 0.429336 0.741447 433.428 0 0
1500 59.1183 -46.308 17.9345 0.084589 -0.763184 428.48 0 0
1500 57.5152 14.8266 18.3565 -0.055801 0.317232 418.97 0 0
1500 24.5544 33.0611 17.904 -0.580675 0.507713 428.599 0 0
1500 59.7543 -39.5831 17.9101 -0.0410736 -0.611343 428.089 0 0
1500 3.94775 4.32241 17.8984 -0.888868 0.0663087 429.178 0 0
1500 -5.58632 -19.9305 17.89 -1.00509 -0.294023 431.058 0 0
1500 108.702 -32.9888 18.8213 1.1075 -0.606843 417.076 0 0
1500 82.3269 28.848 18.3055 0.433848 0.510005 429.96 0 0
1500 64.1786 24.8844 18.1308 0.155525 0.403189 436.027 0 0
1500 5.33454 -40.093 17.8771 -0.82748 -0.619303 432.203 0 0
1500 45.0322 37.8573 17.9947 -0.202192 0.653204 429.008 0 0
1500 68.093 -16.1729 17.8821 0.226296 -0.296368 427.901 0 0
1500 68.7573 -12.8374 17.8827 0.236817 -0.244483 427.859 0 0
1500 86.4931 29.9764 18.2258 0.479483 0.528328 430.092 0 0
1500 82.8593 20.3803 17.8456 0.453368 0.277429 428.331 0 0
1500 87.54 -52.868 17.8269 0.509087 -0.832455 430.478 0 0
1500 85.1057 -40.6665 17.8348 0.481112 -0.660896 429.287 0 0
1500 126.525 -47.6043 18.0446 1.18459 -0.857248 424.599 0 0
1500 101.346 0.245425 17.8713 0.748084 0.0117296 429.032 0 0
1500 60.4306 8.17064 18.0368 -0.0134843 0.139843 428.613 0 0
1500 3.00255 17.0831 18.0139 -0.878123 0.270008 430.55 0 0
1500 70.7057 31.391 17.8656 0.16695 0.557363 428.747 0 0
1500 1.9949 35.324 17.8455 -0.846613 0.582091 432.766 0 0
1500 122.878 5.64335 17.8018 1.00795 0.0178953 430.74 0 0
1500 10.3598 -49.7994 17.7995 -0.673733 -0.801924 431.987 0 0
1500 125.711 13.2087 17.7996 1.03783 0.130214 431.558 0 0
1500 79.7413 -60.9953 17.7999 0.355308 -0.977105 431.315 0 0
1500 59.5305 -36.1962 17.821 0.0506272 -0.573416 435.224 0 0
1500 119.144 -13.6069 17.805 0.913451 -0.261045 433.522 0 0
1500 113.133 -34.5986 17.8017 0.834177 -0.569619 432.892 0 0
1500 29.4954 -49.0598 17.9358 -0.440975 -0.813415 430.913 0 0
1500 119.817 81.9488 18.1801 1.11559 1.42073 425.197 0 0
1500 24.8924 41.4327 17.8881 -0.483225 0.718515 429.227 0 0
1500 71.1087 29.8976 17.9962 0.221024 0.541829 429.552 0 0
1500 94.6722 -15.4372 17.892 0.579187 -0.176382 436.273 0 0
1500 93.8876 19.2471 18.0008 0.626741 0.345512 430.797 0 0
1500 121.232 -17.8436 17.8604 1.01165 -0.274696 433.07 0 0
1500 88.5385 14.0837 18.6061 0.601698 0.232227 435.499 0 0
1500 99.394 5.44961 18.2877 0.694168 0.0559632 438.006 0 0
1500 86.6045 18.4989 17.8576 0.522894 0.278483 430.21 0 0
1500 101.531 -39.7042 18.0542 0.792092 -0.764128 423.634 0 0
1500 76.0649 -42.1363 18.1623 0.292871 -0.777174 426.086 0 0
1500 94.0694 -12.2779 18.3071 0.666147 -0.164909 434.083 0 0
1500 11.6776 -43.9328 17.8667 -0.763768 -0.641717 432.915 0 0
1500 3.11172 21.4101 17.8687 -0.897429 0.342409 432.552 0 0
1500 88.59 5.40331 17.8832 0.494429 0.110722 437.877 0 0
1500 101.188 50.9609 17.8585 0.709354 0.756726 435.054 0 0
1500 115.077 4.41889 18.2683 0.970015 0.0884115 434.579 0 0
1500 81.6812 18.6266 18.2851 0.490327 0.306019 432.796 0 0
1500 98.1452 -52.3617 17.9472 0.629291 -0.838235 435.06 0 0
1500 53.8326 -61.3085 17.9505 -0.0217434 -0.989339 433.7 0 0
1500 142.424 -16.8091 17.8505 1.36192 -0.218892 432.416 0 0
1500 107.204 30.7673 17.8771 0.756353 0.542198 433.341 0 0
1500 101.85 9.74238 18.1453 0.772496 0.132064 434.307 0 0
1500 73.6349 -7.10572 18.159 0.323224 -0.111227 439.788 0 0
1500 112.245 6.34371 18.139 0.913824 0.0798844 435.36 0 0
1500 122.665 -11.2859 17.9208 1.024 -0.214668 435.319 0 0
1500 104.914 -43.781 17.9228 0.747497 -0.681578 436.616 0 0
1500 85.2466 -48.2095 17.9279 0.483129 -0.77908 433.665 0 0
1500 105.707 -11.1281 18.4512 0.831563 -0.223165 435.331 0 0
1500 122.13 32.6838 18.2266 1.25455 0.61648 423.379 0 0
1500 79.487 25.8093 17.9802 0.365647 0.469232 433.738 0 0
1500 77.4566 -12.7246 17.8397 0.336713 -0.204182 440.327 0 0
1500 66.5361 -67.2562 17.8143 0.191773 -1.01181 437.29 0 0
1500 115.78 30.4922 17.8144 0.933755 0.429186 435.763 0 0
1500 121.979 -1.16139 17.8161 0.996567 -0.0436246 437.776 0 0
1500 80.777 -49.8044 17.8217 0.417433 -0.788595 434.489 0 0
1500 15.9666 -50.1649 17.8004 -0.653461 -0.816381 436.227 0 0
1500 25.1777 -27.5058 17.9516 -0.5618 -0.444628 434.323 0 0
1500 88.4633 -43.2472 18.5416 0.590885 -0.819875 428.242 0 0
1500 39.9042 41.0166 18.0594 -0.302581 0.675334 435.426 0 0
1500 82.2725 17.3396 18.0684 0.346396 0.318138 434.723 0 0
1500 67.9405 11.3966 18.0726 0.126307 0.227634 434.441 0 0
1500 -4.40746 21.1355 17.8601 -0.990556 0.385417 435.353 0 0
1500 78.1605 -28.4032 18.4167 0.36422 -0.499731 436.776 0 0
1500 128.082 16.935 17.8062 1.10689 0.243487 438.036 0 0
1500 80.893 -29.0645 18.3069 0.406466 -0.558819 431.161 0 0
1500 16.6404 28.7632 18.0603 -0.664922 0.468836 436.571 0 0
1500 95.856 15.185 18.3676 0.652871 0.226536 443.325 0 0
1500 32.1715 -26.9291 17.9521 -0.360716 -0.446137 442.265 0 0
1500 74.6292 65.957 17.8701 0.298951 1.01423 440.346 0 0
1500 81.8134 -10.2096 18.155 0.469432 -0.11256 437.233 0 0
1500 55.0074 40.135 17.9894 -0.0154956 0.631828 443.584 0 0
1500 110.388 31.9479 17.9737 0.812857 0.552846 438.972 0 0
1500 40.2753 19.593 17.9949 -0.245006 0.379902 436.847 0 0
1500 63.7846 -50.7698 18.3544 0.168896 -0.972192 429.34 0 0
1500 45.0008 28.158 17.9606 -0.273403 0.437149 436.117 0 0
1500 85.5024 -23.3658 18.1105 0.434258 -0.430123 438.711 0 0
1500 -30.2169 16.1763 18.0607 -1.52854 0.2903 433.595 0 0
1500 52.5613 29.1954 18.2009 -0.0437169 0.470175 446.253 0 0
1500 110.402 22.7915 17.9934 0.882085 0.360344 440.732 0 0
1500 74.6338 32.0112 17.9315 0.264309 0.583016 437.649 0 0
1500 62.9913 -12.3439 17.9766 0.0366297 -0.221549 446.279 0 0
1500 87.1487 -51.8016 18.2047 0.546228 -0.989637 431.531 0 0
1500 100.092 48.2055 18.3443 0.809761 0.830007 435.75 0 0
1500 25.5207 14.4106 17.8533 -0.53663 0.293198 439.286 0 0
1500 48.2954 43.0876 17.8503 -0.167264 0.67332 445.483 0 0
1500 -3.10929 17.6934 17.8374 -0.914294 0.320806 443.971 0 0
1500 48.5294 -3.64044 17.863 -0.161674 0.0118626 446.478 0 0
1500 77.7278 -24.3455 17.9882 0.371997 -0.444386 438.972 0 0
1500 91.1427 47.0132 17.922 0.553988 0.772347 441.385 0 0
1500 96.5713 -8.48382 17.9353 0.649448 -0.0663752 440.002 0 0
1500 105.89 -39.4631 17.9335 0.802253 -0.609454 442.078 0 0
1500 47.0822 1.42289 17.9822 -0.193535 0.0878622 439.835 0 0
1500 37.4848 63.8413 17.8225 -0.274033 1.00821 443.733 0 0
1500 104.255 18.2546 17.9941 0.78762 0.317575 441.912 0 0
1500 129.053 -33.9929 18.0969 1.25031 -0.568584 438.305 0 0
1500 113.384 -7.32481 17.9442 0.924519 -0.0896482 442.717 0 0
1500 104.281 5.23511 17.9898 0.786809 0.125617 442.221 0 0
1500 110.308 29.7907 18.1539 0.861512 0.553307 439.489 0 0
1500 32.1518 40.6069 17.902 -0.462847 0.606209 441.99 0 0
1500 74.0707 48.9878 17.8313 0.238676 0.768801 447.072 0 0
1500 101.861 34.7874 17.829 0.637048 0.568402 446.823 0 0
1500 101.046 21.4449 18.0322 0.683751 0.402007 443.021 0 0
1500 107.657 53.22 17.9363 0.800248 0.904917 441.819 0 0
1500 50.6797 -36.6221 17.8942 -0.183245 -0.576316 442.214 0 0
1500 37.8546 -20.434 17.8973 -0.383118 -0.326884 441.986 0 0
1500 16.726 -20.1003 17.8903 -0.647164 -0.292682 448.369 0 0
1500 -115.582 -91.1676 17.9226 -2.91791 -1.49706 438.791 0 0
1500 113.633 95.6247 18.087 0.986897 1.64456 438.427 0 0
1500 84.1653 28.4041 18.0502 0.514488 0.484772 440.464 0 0
1500 59.2951 -63.2075 17.9139 0.0283158 -0.984429 447.532 0 0
1500 69.6324 49.4468 17.8977 0.246903 0.801509 443.968 0 0
1500 147.484 -20.6668 17.9018 1.41132 -0.296692 446.038 0 0
1500 74.755 -12.0629 17.91 0.301541 -0.133601 450.361 0 0
1500 53.2612 -36.4183 17.8802 -0.144185 -0.547075 443.476 0 0
1500 46.8576 -19.2101 17.8853 -0.244868 -0.281599 443.127 0 0
1500 39.0166 -16.4532 17.8849 -0.329197 -0.213902 450.525 0 0
1500 39.4169 45.9245 17.8711 -0.354792 0.722006 444.239 0 0
1500 -2.03741 13.5944 17.8614 -0.971441 0.221895 445.517 0 0
1500 93.9185 -43.4568 17.9614 0.635346 -0.664074 445.34 0 0
1500 92.959 10.2442 17.8917 0.567392 0.139239 450.439 0 0
1500 101.893 -50.8061 17.8705 0.727492 -0.754755 447.064 0 0
1500 114.279 29.7608 17.8738 0.892836 0.425868 448.387 0 0
1500 109.504 16.279 17.9384 0.892633 0.20164 440.926 0 0
1500 85.3576 27.0312 18.194 0.484253 0.406232 451.622 0 0
1500 121.565 -12.0476 17.8924 1.02206 -0.145927 447.01 0 0
1500 101.995 47.2656 17.8936 0.712272 0.718794 448.741 0 0
1500 75.1659 -0.525607 17.9188 0.346383 0.0268336 444.049 0 0
1500 106.565 -12.5615 17.9028 0.819164 -0.157518 445.331 0 0
1500 67.2905 44.1298 18.0961 0.108245 0.762428 441.465 0 0
1500 114.622 50.7943 17.9553 0.997695 0.794266 442.191 0 0
1500 68.5782 -75.5028 17.8371 0.188828 -1.19203 447.309 0 0
1500 19.8221 -11.2556 18.052 -0.657982 -0.276775 438.798 0 0
1500 43.6048 -29.6097 17.9505 -0.222539 -0.533141 445.331 0 0
1500 54.8278 -27.057 17.9644 -0.108953 -0.435748 445.222 0 0
1500 2.72282 -13.7649 17.9099 -0.888503 -0.162631 446.634 0 0
1500 47.074 -32.2359 17.9516 -0.157014 -0.520691 452.127 0 0
1500 1.58657 -21.0127 17.8298 -0.917517 -0.27608 446.958 0 0
1500 -2.10524 27.1281 17.8251 -0.944261 0.439814 448.999 0 0
1500 71.2486 49.5867 17.9163 0.260212 0.764526 450.003 0 0
1500 88.8544 -40.2808 18.1594 0.540472 -0.746663 441.91 0 0
1500 63.5526 -29.1422 17.9479 0.166496 -0.490523 445.867 0 0
1500 112.898 -34.1209 17.9263 0.872993 -0.532577 450.114 0 0
1500 52.3278 33.7487 17.9367 -0.127325 0.509765 452.798 0 0
1500 44.9757 11.8446 17.9312 -0.284123 0.168123 443.15 0 0
1500 83.0825 -32.9525 17.8757 0.46746 -0.492177 446.236 0 0
1500 11.7006 -29.5217 17.9437 -0.761406 -0.462742 447.458 0 0
1500 42.9546 30.5576 17.9576 -0.293016 0.457033 446.205 0 0
1500 49.287 6.19417 17.9646 -0.196542 0.0809921 445.739 0 0
1500 18.3141 -22.2645 17.9523 -0.613647 -0.327365 452.559 0 0
1500 116.251 -18.5222 17.8649 0.95371 -0.265047 448.397 0 0
1500 -3.13276 -12.2404 17.8518 -0.989684 -0.18669 448.402 0 0
1500 51.8643 19.3931 18.0746 -0.0405291 0.335336 454.2 0 0
1500 98.3955 40.4371 18.0531 0.653589 0.678864 448.615 0 0
1500 85.6851 -22.4421 17.9053 0.506637 -0.378668 446.711 0 0
1500 55.2107 30.3845 18.153 -0.102114 0.543675 441.345 0 0
1500 120.491 1.21583 17.876 0.966769 0.00346779 452.152 0 0
1500 83.2027 53.713 17.8884 0.377863 0.841632 451.857 0 0
1500 81.4847 -40.0028 18.0503 0.332403 -0.663145 447.913 0 0
1500 75.9472 15.3973 17.9076 0.224522 0.285741 446.484 0 0
1500 0.776447 13.4349 17.886 -0.918587 0.247533 448.461 0 0
1500 -1.82555 15.5086 17.8837 -0.952501 0.277304 448.838 0 0
1500 43.2524 64.449 17.8811 -0.271921 1.00203 449.564 0 0
1500 76.4619 -87.8445 18.0363 0.294668 -1.55507 442.229 0 0
1500 100.621 -4.5886 18.1881 0.76339 -0.0492997 449.605 0 0
1500 69.647 -32.1621 17.8352 0.185696 -0.576979 448.239 0 0
1500 15.8313 -24.7736 17.828 -0.644135 -0.45792 448.844 0 0
1500 107.837 -40.8547 17.8183 0.727683 -0.665197 452.769 0 0
1500 14.1452 -14.1525 17.8304 -0.672316 -0.295468 448.628 0 0
1500 57.9646 56.9736 17.8943 0.0289068 0.878706 454.124 0 0
1500 26.9743 -36.307 17.9728 -0.464497 -0.630051 449.376 0 0
1500 41.4451 -26.1267 17.9832 -0.222509 -0.433579 455.578 0 0
1500 98.0444 56.406 17.9377 0.711272 0.899923 448.392 0 0
1500 20.5683 -1.66255 17.8207 -0.575239 -0.100948 450.445 0 0
1500 47.9513 -13.7622 17.8272 -0.161329 -0.288026 449.679 0 0
1500 33.5626 9.01372 17.8669 -0.454949 0.1519 449.337 0 0
1500 42.327 -30.7407 17.8644 -0.317594 -0.465956 449.511 0 0
1500 103.194 -11.4454 17.8864 0.709709 -0.191953 456.201 0 0
1500 99.99 31.1118 17.8854 0.615591 0.524434 454.484 0 0
1500 29.9868 45.8735 17.8835 -0.405321 0.74663 453.764 0 0
1500 110.58 31.8507 17.893 0.83583 0.588671 448.216 0 0
1500 27.5157 -30.4356 17.9329 -0.459115 -0.544429 450.813 0 0
1500 27.9506 0.0656226 18.0162 -0.581458 -0.0543649 444.013 0 0
1500 80.9064 29.252 18.0024 0.343268 0.550313 446.612 0 0
1500 132.007 -23.0049 17.8322 1.10983 -0.370385 456.076 0 0
1500 104.516 3.729 17.9875 0.789462 0.00962214 451.809 0 0
1500 114.319 -32.4487 17.9743 0.906508 -0.523257 454.154 0 0
1500 111.616 54.1717 17.8106 0.755119 0.850075 455.813 0 0
1500 26.5871 34.9281 17.8125 -0.487138 0.556934 456.672 0 0
1500 55.4091 65.4414 17.7985 -0.0797302 1.01956 454.677 0 0
1500 115.483 35.0934 17.8109 0.846817 0.560352 457.09 0 0
1500 32.3799 33.9981 17.8596 -0.465138 0.550221 451.541 0 0
1500 32.1917 17.9812 17.8669 -0.426031 0.275952 457.933 0 0
1500 60.9856 0.267525 18.3002 -0.0251464 0.0151099 441.538 0 0
1500 114.646 35.571 17.8092 0.860569 0.598135 454.469 0 0
1500 101.139 30.0126 17.819 0.681689 0.532439 452.351 0 0
1500 81.5164 6.59094 17.9362 0.43916 0.148754 451.565 0 0
1500 85.1734 -49.9 17.8712 0.426389 -0.831777 453.258 0 0
1500 -13.941 -55.8497 18.1715 -1.26544 -0.960242 446.752 0 0
1500 70.4243 50.6559 17.9112 0.169727 0.8418 453.022 0 0
1500 105.583 57.8338 17.8969 0.733273 0.953943 453.277 0 0
1500 35.9099 -31.5588 18.0752 -0.353818 -0.585767 449.751 0 0
1500 2.951 34.887 17.8606 -0.872091 0.565825 455.185 0 0
1500 40.1082 -17.3957 17.9666 -0.325279 -0.225684 452.967 0 0
1500 -1.11384 -30.5144 17.9018 -0.917587 -0.479254 457.113 0 0
1500 8.20932 -36.5565 17.9041 -0.803648 -0.583545 455.224 0 0
1500 -2.14344 -16.2362 17.9039 -0.958295 -0.27828 455.277 0 0
1500 59.4303 14.1403 17.9307 -0.0361082 0.184531 452.686 0 0
1500 -2.69709 -21.2011 17.9024 -0.961502 -0.350891 455.631 0 0
1500 69.4575 72.7579 17.9034 0.239989 1.22916 450.894 0 0
1500 59.333 23.2959 17.8554 -0.0532339 0.386398 452.986 0 0
1500 40.1661 29.7506 17.8496 -0.350456 0.48419 453.388 0 0
1500 10.3397 -18.7013 17.8424 -0.74553 -0.245608 459.26 0 0
1500 -6.75286 1.60702 17.8295 -1.03663 0.0454265 456.011 0 0
1500 41.9775 51.8195 17.841 -0.295991 0.759225 459.121 0 0
1500 24.3555 5.37214 17.8494 -0.595737 0.105698 453.406 0 0
1500 23.9666 46.4477 17.8378 -0.555685 0.686272 458.75 0 0
1500 -10.7097 8.01108 17.8664 -1.08924 0.0890898 456.045 0 0
1500 117.943 3.83063 18.0175 0.981575 0.0998518 456.189 0 0
1500 71.9875 -5.07909 18.0419 0.306216 -0.0343957 453.825 0 0
1500 13.2596 -20.5215 18.1105 -0.739034 -0.309581 453.55 0 0
1500 103.918 -13.7297 17.8488 0.766973 -0.258079 454.65 0 0
1500 104.9 -5.01794 17.9334 0.732216 -0.111079 460.327 0 0
1500 105.808 42.5016 17.8528 0.828995 0.664072 453.631 0 0
1500 95.9728 -8.16594 18.121 0.7555 -0.130553 447.435 0 0
1500 103.195 -36.1429 17.9003 0.713361 -0.559621 460.066 0 0
1500 68.9669 -37.3033 17.9109 0.240767 -0.620882 455.041 0 0
1500 53.5674 -54.8858 17.8448 -0.0283575 -0.902515 456.197 0 0
1500 84.2824 -44.7412 17.8465 0.440841 -0.75016 456.006 0 0
1500 71.7052 -60.4718 17.8415 0.235232 -0.93694 459.747 0 0
1500 115.513 -15.7676 17.8445 0.862857 -0.289015 460.188 0 0
1500 48.0406 -40.6205 17.8538 -0.114104 -0.694637 455.305 0 0
1500 73.6411 -15.8984 17.8636 0.254947 -0.283556 461.99 0 0
1500 35.9333 39.7522 17.9522 -0.404756 0.594905 455.236 0 0
1500 69.4205 44.3028 17.8419 0.230021 0.737192 456.305 0 0
1500 62.3764 -25.4732 18.1438 0.0650357 -0.41298 463.832 0 0
1500 49.1382 42.2964 17.8196 -0.0891653 0.712474 456.115 0 0
1500 111.556 0.0945487 17.8156 0.808465 0.0552829 461.517 0 0
1500 37.1845 42.3597 17.8334 -0.351034 0.646299 462.426 0 0
1500 81.8267 29.1209 17.8388 0.309418 0.501821 456.327 0 0
1500 -8.5306 -3.15087 17.8187 -1.03202 0.000314621 460.235 0 0
1500 79.1221 62.2161 17.8196 0.258442 0.982099 458.555 0 0
1500 43.5702 4.39445 17.9419 -0.188526 0.130636 464.223 0 0
1500 89.4062 -55.6024 17.8201 0.529947 -0.877925 459.278 0 0
1500 129.136 -14.6395 17.9251 1.21558 -0.292063 454.61 0 0
1500 85.8162 35.618 17.8637 0.392407 0.574351 464.246 0 0
1500 105.831 -44.9248 17.8443 0.764999 -0.696573 462.463 0 0
1500 54.6955 -72.0768 17.8828 -0.0294723 -1.23038 456.651 0 0
1500 33.9771 -7.31105 18.1093 -0.380344 -0.17368 459.954 0 0
1500 83.5025 -16.4068 18.1074 0.380598 -0.31295 460.084 0 0
1500 17.1143 40.0162 17.7975 -0.639005 0.684237 460.87 0 0
1500 5.52625 -13.551 17.891 -0.875441 -0.160319 459.626 0 0
1500 123.336 -14.5144 17.8315 1.02609 -0.179191 464.336 0 0
1500 37.395 -19.7517 17.9116 -0.308792 -0.340209 467.984 0 0
1500 93.4964 12.2556 17.9574 0.530881 0.238873 468.541 0 0
1500 87.9573 4.73596 17.9607 0.451665 0.133066 468.799 0 0
1500 50.846 65.865 17.8225 -0.0585505 1.01806 465.98 0 0
1500 70.5776 33.2178 17.8426 0.221437 0.522396 468.478 0 0
1500 92.008 26.433 17.8388 0.525712 0.428803 468.151 0 0
1500 89.5437 -8.59047 17.8384 0.491262 -0.211619 461.908 0 0
1500 109.085 -92.43 17.8973 0.768178 -1.54907 459.703 0 0
1500 66.1218 49.4111 17.8578 0.138128 0.770489 468.661 0 0
1500 115.613 -3.54833 17.8522 0.901709 0.0190066 463.97 0 0
1500 86.6342 -30.1535 17.8194 0.522134 -0.474677 462.358 0 0
1500 77.5484 -63.3967 17.8286 0.352068 -0.954757 467.153 0 0
1500 60.4619 106.181 17.8686 0.0769366 1.73031 462.544 0 0
1500 18.1495 53.8779 17.8518 -0.581257 0.864007 467.281 0 0
1500 93.7627 7.328 17.8724 0.558354 0.191187 463.617 0 0
1500 64.3745 50.1419 17.862 0.101155 0.843195 464.532 0 0
1500 77.7035 -39.3899 18.1 0.267525 -0.662854 460.897 0 0
1500 70.239 -17.5102 18.1372 0.156633 -0.299148 465.459 0 0
1500 86.0269 -51.1207 17.969 0.401071 -0.850356 465.148 0 0
1500 115.819 36.3471 17.798 0.908268 0.485535 467.536 0 0
1500 95.0118 71.2413 17.8129 0.645293 1.08691 465.35 0 0
1500 118.426 -6.0132 17.814 0.93366 -0.0539146 470.276 0 0
1500 59.0837 9.11941 17.8375 0.0846986 0.178787 464.666 0 0
1500 103.064 70.7319 17.8459 0.771987 1.17139 464.087 0 0
1500 21.5349 32.4125 17.8991 -0.681118 0.509756 461.887 0 0
1500 85.9746 -1.87881 17.8236 0.440233 0.0482907 465.276 0 0
1500 93.0799 -9.02275 17.8759 0.624631 -0.141769 467.372 0 0
1500 -9.19945 -9.03404 17.7917 -1.0516 -0.0763723 471.477 0 0
1500 124.138 -41.2716 17.9476 1.19162 -0.663961 463.701 0 0
1500 85.7498 -43.7001 17.8413 0.45939 -0.654954 476.444 0 0
