Total number of secondary electrons: 1658
1500 132.608 18.2462 19.2437 2.07377 0.482828 222.548 0 0
1500 90.791 5.53385 17.2003 0.858151 0.0811564 246.005 0 0
1500 97.5951 -22.8068 15.0903 0.792933 -0.378897 283.924 0 0
1500 106.717 -18.1025 15.3144 0.96771 -0.344783 286.626 0 0
1500 109.688 48.4581 14.5895 0.901171 0.776657 289.224 0 0
1500 92.6208 3.24536 16.1356 0.765297 0.0120126 291.218 0 0
1500 99.2559 -20.9873 15.825 0.79212 -0.314553 296.25 0 0
1500 20.112 52.1987 14.0251 -0.503778 0.617358 300.679 0 0
1500 104.359 -14.8207 16.1056 0.92773 -0.254403 301.154 0 0
1500 152.306 -33.0688 15.2932 1.62067 -0.588229 301.313 0 0
1500 82.9955 -8.51876 15.2358 0.416548 -0.102636 302.208 0 0
1500 80.3485 6.06498 15.5101 0.414581 0.073006 303.955 0 0
1500 -16.7444 -29.4451 14.152 -0.906612 -0.408414 305.703 0 0
1500 121.003 12.8688 16.1083 1.21844 0.251036 307.019 0 0
1500 -13.3117 -0.694727 14.319 -0.816601 -0.00554025 309.109 0 0
1500 -6.05036 -31.0466 14.3205 -0.738263 -0.330743 309.17 0 0
1500 90.5721 4.26072 16.1712 0.616557 0.006838 311.695 0 0
1500 104.509 13.9977 16.1764 0.933321 0.226174 312.916 0 0
1500 93.2369 1.67439 16.342 0.662292 -0.0137948 313.905 0 0
1500 97.3604 0.219672 14.5052 0.495338 0.0524848 315.879 0 0
1500 88.6532 30.1232 14.515 0.392215 0.402141 316.099 0 0
1500 69.0589 56.1261 14.5445 0.161653 0.700396 316.82 0 0
1500 75.4253 -11.9208 16.1002 0.357113 -0.168914 317.686 0 0
1500 132.681 -12.1167 14.5989 0.886693 -0.0898715 318.078 0 0
1500 137.459 -1.34555 14.6216 0.936097 0.0330863 318.566 0 0
1500 35.2603 79.815 14.6286 -0.224455 0.950041 319.101 0 0
1500 144.003 15.6744 14.6318 0.994924 0.223097 319.943 0 0
1500 52.1478 87.5814 14.6328 -0.033231 1.02588 320.129 0 0
1500 104.654 -5.68233 14.8987 0.619016 -0.104146 321.184 0 0
1500 86.1153 7.87412 15.9174 0.521264 0.0983401 321.473 0 0
1500 86.948 8.65841 16.4595 0.577769 0.118482 321.627 0 0
1500 95.2774 5.04207 16.4607 0.661397 0.0808883 321.966 0 0
1500 42.5434 27.1847 14.9154 -0.249137 0.412912 322.227 0 0
1500 70.824 3.01467 15.8261 0.266229 0.0796493 322.353 0 0
1500 76.1946 8.06025 14.9788 0.298831 0.137797 323.228 0 0
1500 79.0387 0.611362 16.2291 0.437338 0.0605551 324.161 0 0
1500 84.2816 4.41504 16.2599 0.496257 0.0965114 325.164 0 0
1500 124.212 -16.544 16.3068 1.28377 -0.349474 325.223 0 0
1500 84.8981 5.76839 16.8476 0.598612 0.0369655 325.931 0 0
1500 114.195 42.9549 14.9456 0.695677 0.600541 328.168 0 0
1500 125.724 -56.1711 15.1246 0.947306 -0.763438 328.169 0 0
1500 36.3575 18.396 14.8995 -0.294993 0.284908 328.445 0 0
1500 98.8319 -9.37574 15.8092 0.643404 -0.0895361 328.901 0 0
1500 11.3143 -13.1553 14.9252 -0.601693 -0.10645 329.056 0 0
1500 75.3162 6.61663 16.2738 0.366852 0.0511305 329.331 0 0
1500 81.6057 0.561287 16.0639 0.437941 -0.0449718 329.442 0 0
1500 57.1159 27.8497 15.3714 0.0259221 0.39145 329.995 0 0
1500 -6.94168 -13.4283 14.958 -0.815766 -0.10834 330.162 0 0
1500 10.8949 48.9356 14.9676 -0.595548 0.647185 330.597 0 0
1500 37.5259 4.35215 15.2743 -0.282761 0.0845486 331.021 0 0
1500 27.7241 66.0938 14.9839 -0.389334 0.849473 331.124 0 0
1500 50.1278 74.8545 14.9928 -0.11943 0.951559 331.412 0 0
1500 91.6249 210.173 15.2329 0.516256 2.96597 331.82 0 0
1500 92.8478 0.0393582 15.9078 0.57037 -0.0236395 331.889 0 0
1500 88.2856 14.3204 16.6096 0.572008 0.191601 332.282 0 0
1500 93.8117 26.4433 16.5333 0.725735 0.553756 332.367 0 0
1500 96.7384 -21.8065 15.0275 0.539549 -0.247979 332.408 0 0
1500 102.407 26.4758 15.0387 0.607102 0.355194 332.869 0 0
1500 104.667 28.0394 15.0429 0.633962 0.373914 333.034 0 0
1500 35.5048 82.819 15.0475 -0.24375 1.07851 333.239 0 0
1500 65.1997 -47.1748 15.6909 0.13409 -0.696017 333.703 0 0
1500 63.418 85.4647 15.078 0.0387244 1.04737 333.911 0 0
1500 105.844 48.4834 15.0879 0.639098 0.564995 334.149 0 0
1500 102.155 -2.90363 16.4926 0.836149 -0.0600198 334.227 0 0
1500 29.2414 1.42413 15.7763 -0.439968 0.0545512 334.532 0 0
1500 22.4657 63.1446 15.1703 -0.401599 0.821655 334.838 0 0
1500 36.4484 40.6391 15.3449 -0.288834 0.554406 335.406 0 0
1500 133.404 -25.4924 15.1748 0.962685 -0.283446 335.43 0 0
1500 118.729 -40.6757 15.1928 0.794601 -0.479221 335.769 0 0
1500 69.3622 -45.1139 15.4828 0.143439 -0.606652 336.407 0 0
1500 70.9263 -12.3612 16.1472 0.239477 -0.195231 336.432 0 0
1500 95.7292 -55.9888 15.8985 0.659681 -0.92918 337.041 0 0
1500 94.9037 -8.05472 15.8614 0.583736 -0.108319 337.145 0 0
1500 133.744 -30.5177 15.2318 0.954251 -0.324784 337.241 0 0
1500 83.0607 -15.2248 16.5332 0.468677 -0.229543 337.267 0 0
1500 70.5269 -41.1307 15.3112 0.198629 -0.551962 337.575 0 0
1500 94.3653 -8.32274 16.5201 0.705526 -0.0848183 337.73 0 0
1500 71.2528 -0.36978 16.8361 0.336312 0.022156 337.881 0 0
1500 43.7862 62.5992 15.2989 -0.181313 0.746453 337.916 0 0
1500 88.4378 -0.725308 16.5331 0.565937 -0.0307213 337.942 0 0
1500 139.847 -21.0777 15.2563 1.00777 -0.222887 338.12 0 0
1500 64.9718 37.0037 15.6418 0.105344 0.507371 338.228 0 0
1500 75.4619 13.8444 16.1488 0.269821 0.190646 338.591 0 0
1500 100.475 -22.5008 15.8399 0.609219 -0.325876 338.971 0 0
1500 47.1488 26.2927 15.4841 -0.183626 0.337642 339.371 0 0
1500 88.1771 2.53152 15.8336 0.495002 0.0182791 339.446 0 0
1500 62.9003 -8.12124 16.2009 0.131317 -0.131647 339.76 0 0
1500 83.3396 -23.4953 16.9907 0.562765 -0.410635 339.925 0 0
1500 97.6591 7.92061 15.8398 0.605991 0.121809 341.336 0 0
1500 79.2576 -14.4947 15.9397 0.399731 -0.184533 341.406 0 0
1500 158.829 -62.6804 16.2891 1.80327 -1.15085 341.468 0 0
1500 85.4641 2.50252 16.947 0.562137 -0.030951 341.677 0 0
1500 102.056 -41.7757 15.3548 0.556047 -0.531293 341.955 0 0
1500 74.0199 26.1145 15.6121 0.279527 0.375826 342.018 0 0
1500 100.431 16.0686 15.3193 0.522158 0.202139 342.137 0 0
1500 78.4992 9.08524 16.0907 0.379305 0.163205 342.751 0 0
1500 93.6273 -18.4828 16.2259 0.603387 -0.259164 343.693 0 0
1500 53.3986 -1.58631 15.6168 -0.0674447 0.0207998 343.763 0 0
1500 39.0905 -5.39867 15.6151 -0.248888 -0.0276148 343.904 0 0
1500 47.9319 29.9752 15.4779 -0.123001 0.443843 344.104 0 0
1500 85.4478 -22.9736 16.1837 0.430486 -0.333303 344.99 0 0
1500 76.6288 58.475 15.5484 0.228297 0.826344 345.156 0 0
1500 96.6797 -14.1518 16.3023 0.627355 -0.260626 345.643 0 0
1500 22.9235 -8.05074 15.4238 -0.534993 -0.0541894 346.382 0 0
1500 35.7068 -4.33564 15.7355 -0.319328 -0.0542609 346.472 0 0
1500 88.8701 3.06445 15.8804 0.519136 0.0393508 346.512 0 0
1500 86.6567 15.8703 16.8967 0.572465 0.216809 346.618 0 0
1500 112.347 -32.5481 15.7382 0.805274 -0.566463 346.988 0 0
1500 98.3655 0.781416 16.137 0.755779 0.0169282 347.26 0 0
1500 78.3373 6.87994 15.9594 0.341787 0.0638293 347.397 0 0
1500 86.1686 7.8703 16.1535 0.444078 0.0961816 347.924 0 0
1500 85.3537 4.35985 15.5292 0.435709 0.0394543 347.94 0 0
1500 101.613 74.7328 15.4827 0.649583 1.00501 347.942 0 0
1500 52.687 50.6837 15.4926 -0.0952928 0.689522 347.96 0 0
1500 13.1337 8.58568 15.44 -0.612205 0.158538 348.294 0 0
1500 117.081 -21.2769 15.6892 0.954153 -0.380072 348.382 0 0
1500 102.873 -5.94376 15.5374 0.655418 -0.0924103 348.642 0 0
1500 70.817 13.0615 15.6214 0.173822 0.229149 348.719 0 0
1500 31.5007 59.0161 15.5086 -0.360339 0.785782 348.934 0 0
1500 63.6039 -9.52034 15.6783 0.121048 -0.186171 349.132 0 0
1500 86.6032 8.15233 16.0801 0.490403 0.064037 349.558 0 0
1500 79.0934 3.10492 16.6701 0.458962 -0.0063695 349.668 0 0
1500 59.138 4.76092 16.2506 0.0754141 0.0933937 349.916 0 0
1500 76.5794 -13.13 15.9291 0.313098 -0.153336 349.964 0 0
1500 120.87 21.6367 15.4737 0.85263 0.312623 350.169 0 0
1500 86.6205 14.8347 15.8704 0.484586 0.229609 350.427 0 0
1500 69.9871 -24.8969 16.1249 0.234773 -0.381542 350.51 0 0
1500 37.6674 -53.7299 15.833 -0.262422 -0.821989 350.949 0 0
1500 86.5224 10.008 16.0342 0.471672 0.187092 351.117 0 0
1500 20.3561 14.7614 15.4974 -0.538668 0.242155 351.198 0 0
1500 75.8656 -14.9291 16.8424 0.349404 -0.221038 351.357 0 0
1500 45.5221 -35.3374 15.5718 -0.175642 -0.525732 351.518 0 0
1500 93.8907 -6.74876 15.8093 0.555717 -0.0574593 351.856 0 0
1500 111.554 -6.28611 15.8645 0.79718 -0.03532 352.093 0 0
1500 92.2111 14.625 16.484 0.589267 0.192256 352.194 0 0
1500 94.3625 49.116 15.5569 0.426884 0.684191 352.168 0 0
1500 94.108 -8.75912 16.9519 0.655802 -0.125554 352.479 0 0
1500 112.29 -0.691654 16.8974 1.05402 -0.0401379 352.603 0 0
1500 81.8643 32.1337 16.0122 0.355242 0.473033 352.622 0 0
1500 80.7814 -5.60135 16.4659 0.3631 -0.111769 352.639 0 0
1500 32.4221 57.902 15.5864 -0.373297 0.793167 352.64 0 0
1500 98.7788 11.7264 16.1742 0.648579 0.16185 352.703 0 0
1500 98.5334 5.15436 16.6207 0.672972 0.093199 353.029 0 0
1500 106.245 57.4251 15.6397 0.571163 0.778656 353.475 0 0
1500 91.048 -12.5214 15.9498 0.530137 -0.164707 353.473 0 0
1500 116.989 23.005 15.9126 0.835383 0.319188 353.537 0 0
1500 93.6577 -22.8309 16.3864 0.575024 -0.360178 353.547 0 0
1500 78.3496 75.1044 15.676 0.315938 0.964755 354.232 0 0
1500 101.151 63.2587 15.6753 0.604094 0.815204 354.221 0 0
1500 88.1431 -7.42375 16.565 0.539794 -0.122847 354.552 0 0
1500 107.076 5.2634 16.2647 0.750429 0.0657864 354.584 0 0
1500 37.0827 -6.6842 15.9905 -0.305636 -0.0985697 354.662 0 0
1500 98.5455 70.1089 15.7217 0.465644 0.925487 354.726 0 0
1500 95.7268 -3.94303 17.2957 0.704592 -0.1119 355.111 0 0
1500 96.8683 -12.6419 17.5537 0.815704 -0.207444 355.196 0 0
1500 15.4576 -58.3889 15.7745 -0.553204 -0.806351 355.221 0 0
1500 21.7096 16.0783 15.7672 -0.532337 0.260967 355.252 0 0
1500 82.0941 25.0447 16.5485 0.384173 0.366637 355.292 0 0
1500 15.8244 -60.0063 15.7851 -0.54736 -0.825194 355.389 0 0
1500 88.1182 10.4846 16.3024 0.500484 0.176101 355.427 0 0
1500 90.376 -52.8458 15.8503 0.458943 -0.736956 355.601 0 0
1500 25.2467 -52.9921 15.8443 -0.518854 -0.706696 355.608 0 0
1500 76.5796 -10.3967 16.4299 0.3767 -0.1587 355.759 0 0
1500 43.2611 24.1918 15.9252 -0.154858 0.38186 355.797 0 0
1500 136.558 13.1823 15.8058 1.02633 0.178094 356.161 0 0
1500 42.098 -3.81518 15.9524 -0.259727 -0.0871296 356.342 0 0
1500 -15.0003 29.1223 15.8686 -0.933046 0.400722 356.876 0 0
1500 51.0175 34.6839 16.2696 -0.0606398 0.551328 356.886 0 0
1500 19.5891 -61.8842 15.9053 -0.470593 -0.854664 357.186 0 0
1500 74.2812 -15.9438 16.6112 0.279359 -0.262251 357.205 0 0
1500 86.3592 3.55442 16.1853 0.44655 -0.00742534 357.297 0 0
1500 69.9402 -44.5291 16.2105 0.152787 -0.680628 357.339 0 0
1500 61.4885 1.80708 16.2249 0.113318 -0.016593 357.436 0 0
1500 59.8512 12.5134 16.0935 -0.00370388 0.181714 357.581 0 0
1500 72.0145 2.26434 16.4038 0.303061 0.0590882 357.577 0 0
1500 97.0525 11.6442 16.8959 0.664515 0.163827 357.897 0 0
1500 50.6798 0.856496 16.1876 -0.0778104 0.0780862 357.901 0 0
1500 41.6484 16.7357 16.0739 -0.274555 0.215273 357.954 0 0
1500 66.5294 -5.76941 15.9707 0.175889 -0.0770097 358.044 0 0
1500 31.4828 -37.2571 16.2391 -0.385752 -0.559127 358.125 0 0
1500 36.4251 -1.4146 16.2506 -0.291975 -0.0734629 358.277 0 0
1500 95.1125 -37.7939 16.3108 0.530619 -0.592888 358.333 0 0
1500 73.0986 20.7642 16.2664 0.245038 0.271071 358.387 0 0
1500 75.2569 13.3219 16.9829 0.333419 0.184872 358.598 0 0
1500 87.0018 60.1852 16.4111 0.469733 1.00297 358.916 0 0
1500 79.848 30.3325 17.3026 0.488579 0.600666 358.95 0 0
1500 103.367 18.5958 16.463 0.66994 0.29776 358.982 0 0
1500 -6.55406 20.5773 16.0917 -0.866557 0.323497 359.095 0 0
1500 48.9214 0.740692 16.5235 -0.130471 -0.0270496 359.405 0 0
1500 -6.961 -36.4299 16.1379 -0.877307 -0.501521 359.825 0 0
1500 11.1265 -2.44416 16.1524 -0.645742 -0.0947526 359.828 0 0
1500 60.0455 56.7505 16.0983 0.00512035 0.827391 359.886 0 0
1500 48.2385 48.0093 16.0866 -0.155136 0.608879 359.898 0 0
1500 64.2351 -23.1248 16.5582 0.104035 -0.356695 359.99 0 0
1500 69.6685 -38.5049 16.175 0.102211 -0.52015 360.436 0 0
1500 57.7937 -45.4382 16.1739 -0.0133282 -0.589035 360.462 0 0
1500 92.2937 45.5133 16.3946 0.483784 0.711985 360.452 0 0
1500 61.1589 -40.6383 16.188 0.0260734 -0.531566 360.653 0 0
1500 81.3686 3.11768 16.6272 0.437411 0.0252567 360.679 0 0
1500 117.578 -44.8149 16.7568 1.05133 -0.692641 360.688 0 0
1500 68.7656 37.8842 16.5696 0.136935 0.602056 360.872 0 0
1500 51.7536 -25.1243 16.2204 -0.0835418 -0.34829 361.087 0 0
1500 70.8284 119.687 16.2345 0.225692 1.71474 361.115 0 0
1500 78.0236 10.2165 16.6069 0.353614 0.194658 361.145 0 0
1500 -2.10274 39.836 16.1888 -0.800431 0.580353 361.238 0 0
1500 131.44 -7.87103 16.2488 1.01698 -0.0747039 361.483 0 0
1500 54.1342 11.3895 16.5003 -0.0926979 0.194179 361.663 0 0
1500 97.7012 8.56733 17.1868 0.647131 0.158557 362.024 0 0
1500 63.1893 -18.4561 16.7938 0.0938374 -0.31617 362.419 0 0
1500 79.395 8.57242 17.6429 0.437698 0.104092 362.567 0 0
1500 76.5117 75.7557 16.285 0.219088 1.02493 363.001 0 0
1500 120.658 -41.7306 16.3034 0.865257 -0.576567 363.158 0 0
1500 106.997 5.29082 16.3443 0.715222 0.121434 363.167 0 0
1500 80.0545 10.8368 16.4134 0.384035 0.137256 363.253 0 0
1500 1.60784 3.82184 16.2613 -0.722552 0.0886468 363.264 0 0
1500 115.985 23.483 16.357 0.843446 0.327338 363.74 0 0
1500 93.575 17.7014 16.7303 0.552205 0.356269 363.766 0 0
1500 96.8151 1.73066 17.0386 0.672651 0.0553193 363.835 0 0
1500 83.2995 -7.39424 17.9048 0.495837 -0.099204 363.924 0 0
1500 48.214 57.3641 16.3156 -0.201036 0.779798 364.312 0 0
1500 71.7953 -40.0662 16.3399 0.240784 -0.586501 364.36 0 0
1500 83.5048 5.44584 17.8296 0.52155 0.169874 364.449 0 0
1500 111.464 -0.557456 16.4677 0.797041 -0.0173224 364.54 0 0
1500 33.8964 11.8678 16.5433 -0.358306 0.122861 364.66 0 0
1500 105.674 30.5814 16.3673 0.695203 0.370605 365.007 0 0
1500 83.2358 4.59699 16.8493 0.461897 0.0414778 365.081 0 0
1500 163.572 83.946 16.343 1.44889 1.08184 365.159 0 0
1500 71.9592 9.26651 17.2583 0.287184 0.148583 365.289 0 0
1500 118.082 -4.47581 16.3866 0.857326 -0.101198 365.447 0 0
1500 108.198 5.17703 16.4809 0.728598 0.0171523 365.523 0 0
1500 -11.4053 -5.78893 16.3823 -0.984763 -0.0695381 365.773 0 0
1500 110.105 5.14925 17.4559 0.918448 0.0689644 366.114 0 0
1500 37.2862 8.11215 16.5367 -0.286387 0.0644529 366.209 0 0
1500 126.971 40.1053 16.4911 0.976938 0.57688 366.37 0 0
1500 87.3517 -2.45849 16.5421 0.471945 -0.0633201 366.474 0 0
1500 126.271 -2.60942 16.6758 1.04609 -0.0556493 366.663 0 0
1500 -2.0241 -36.2956 16.4185 -0.863517 -0.479456 366.714 0 0
1500 72.4833 -31.3594 16.4974 0.259957 -0.487651 366.794 0 0
1500 -2.64738 39.5722 16.4355 -0.867623 0.521082 367.075 0 0
1500 72.8756 2.61203 17.0847 0.277185 0.0948369 367.117 0 0
1500 83.85 -65.7198 16.5332 0.362743 -0.926624 367.126 0 0
1500 25.6491 68.1626 16.4555 -0.431985 0.973942 367.101 0 0
1500 150.948 14.265 16.5134 1.31306 0.147304 367.189 0 0
1500 61.9531 -75.0611 16.4689 0.102977 -1.02236 367.228 0 0
1500 112.953 -18.5411 16.7137 0.819245 -0.221513 367.263 0 0
1500 131.437 0.0238367 16.5132 1.09139 -0.0235302 367.272 0 0
1500 111.249 -10.6475 16.7219 0.759074 -0.20431 367.646 0 0
1500 32.1594 -9.21189 16.9924 -0.380703 -0.117416 367.636 0 0
1500 107.265 26.609 16.9019 0.807798 0.439392 367.946 0 0
1500 112.324 -10.1139 16.6036 0.777108 -0.192981 367.983 0 0
1500 97.9557 4.57823 16.8881 0.640545 0.0865465 368.012 0 0
1500 58.2574 36.0548 16.7224 -0.068646 0.563939 368.017 0 0
1500 90.1363 -55.9619 16.6208 0.496878 -0.770948 368.389 0 0
1500 26.1658 48.8764 16.6405 -0.471318 0.761287 368.445 0 0
1500 87.6044 -9.07331 17.343 0.482886 -0.124821 368.547 0 0
1500 131.793 -23.9167 16.7202 1.13959 -0.411957 368.698 0 0
1500 2.13597 49.7785 16.5378 -0.774445 0.638624 368.845 0 0
1500 105.862 -59.8893 16.6166 0.637318 -0.831359 368.843 0 0
1500 124.665 -36.6238 16.6351 0.90903 -0.52165 368.884 0 0
1500 61.6991 -21.719 17.1913 0.0974875 -0.342673 368.934 0 0
1500 130.415 -22.833 16.6432 0.996624 -0.289741 369.115 0 0
1500 116.707 -30.9245 16.7663 0.933947 -0.477096 369.215 0 0
1500 -6.57808 -42.0253 16.5909 -0.850107 -0.608166 369.276 0 0
1500 110.192 38.2746 17.0988 0.860621 0.571563 369.304 0 0
1500 -60.1705 38.1033 16.6082 -1.66571 0.566285 369.335 0 0
1500 87.4206 -14.6355 17.7911 0.590772 -0.197125 369.586 0 0
1500 123.452 -47.5973 16.6097 0.892934 -0.635072 370.199 0 0
1500 24.8643 34.233 16.696 -0.477613 0.534733 370.213 0 0
1500 103.134 9.83476 16.6256 0.61363 0.123082 370.303 0 0
1500 17.1944 50.1363 16.8251 -0.584666 0.821001 370.757 0 0
1500 61.0421 78.9078 16.7149 0.00854139 1.16292 370.828 0 0
1500 28.2666 49.7319 16.7008 -0.459161 0.645316 371.031 0 0
1500 94.2006 16.4896 16.7665 0.480953 0.288144 371.096 0 0
1500 82.2115 1.41311 17.0597 0.367057 -0.0477163 371.261 0 0
1500 42.0667 9.56419 17.1831 -0.211665 0.11073 371.356 0 0
1500 93.3129 6.71124 16.8709 0.551211 0.0467977 371.419 0 0
1500 42.0582 -63.5249 16.707 -0.199711 -0.918227 371.434 0 0
1500 118.87 22.2638 16.7152 0.836828 0.35906 371.522 0 0
1500 76.381 4.57949 17.7225 0.371667 0.00464918 371.55 0 0
1500 49.333 -53.4342 16.6898 -0.16684 -0.768594 371.669 0 0
1500 75.3409 40.4836 16.834 0.195189 0.585979 371.791 0 0
1500 54.8417 -4.27489 17.138 -0.0325659 -0.00831799 371.897 0 0
1500 88.6139 -21.3577 16.9031 0.449959 -0.27614 372.01 0 0
1500 122.677 30.9403 16.7696 0.956982 0.490901 372.03 0 0
1500 87.7045 13.0359 17.0424 0.503469 0.155459 372.224 0 0
1500 90.3142 21.7334 17.0435 0.443113 0.351215 372.497 0 0
1500 75.9487 15.8829 17.7115 0.325506 0.259936 372.593 0 0
1500 71.1511 -61.1637 16.7666 0.151388 -0.820473 372.65 0 0
1500 60.4883 13.3863 16.7903 -0.0168461 0.23029 372.871 0 0
1500 73.4153 -60.1949 17.1401 0.300451 -0.94907 372.88 0 0
1500 87.1694 -6.10488 18.2206 0.551605 -0.0658378 372.963 0 0
1500 45.5529 46.1308 16.887 -0.220508 0.623793 373.062 0 0
1500 150.58 29.709 16.835 1.33665 0.429708 373.045 0 0
1500 66.2057 -0.128293 16.8877 0.12534 0.0670186 373.111 0 0
1500 60.1693 -11.9338 16.9047 0.0231245 -0.229707 373.369 0 0
1500 89.9924 -1.22751 16.9006 0.450081 0.0516109 373.514 0 0
1500 89.9846 0.653894 17.28 0.494387 -0.00976055 373.783 0 0
1500 96.0111 23.6063 17.0451 0.545352 0.388992 373.889 0 0
1500 77.7756 -31.0447 16.8984 0.251348 -0.438945 373.98 0 0
1500 87.4281 18.0926 16.8299 0.400029 0.318028 374.023 0 0
1500 84.6877 -9.70744 17.4322 0.481145 -0.167055 374.085 0 0
1500 103.957 -7.05637 16.8618 0.681077 -0.141234 374.116 0 0
1500 53.9454 9.12498 17.3592 -0.00544376 0.185086 374.284 0 0
1500 90.4257 11.4782 17.7384 0.556395 0.209797 374.36 0 0
1500 52.0322 34.4961 17.1672 -0.0613151 0.524843 374.347 0 0
1500 36.6161 -9.43716 16.9576 -0.323528 -0.18254 374.398 0 0
1500 133.406 106.247 16.8183 1.01798 1.51273 374.431 0 0
1500 88.1767 19.9854 18.5486 0.693016 0.470931 374.501 0 0
1500 39.5269 -66.1149 16.8075 -0.220977 -0.891492 374.53 0 0
1500 59.3924 -51.8389 16.8809 0.0398686 -0.76867 374.585 0 0
1500 86.8093 21.5927 17.0449 0.401015 0.314369 374.684 0 0
1500 58.5025 53.1318 16.8303 -0.0483901 0.76894 374.807 0 0
1500 110.997 58.234 16.8859 0.806602 0.795401 374.836 0 0
1500 80.9496 32.1452 17.2701 0.34746 0.494143 374.999 0 0
1500 69.4833 57.5338 16.9515 0.166133 0.838593 374.991 0 0
1500 88.5668 -30.9048 17.3139 0.473339 -0.490805 375.039 0 0
1500 42.9683 5.62682 16.8592 -0.260577 0.0270954 374.976 0 0
1500 135.651 20.7213 16.9226 1.07049 0.301883 375.383 0 0
1500 116.169 -35.4153 16.9684 0.848169 -0.466451 375.483 0 0
1500 71.9183 65.5391 16.8671 0.13267 0.925074 375.841 0 0
1500 87.0808 50.4292 16.9899 0.46484 0.727294 375.843 0 0
1500 64.8823 84.5787 16.8966 0.160236 1.20119 375.844 0 0
1500 22.5064 65.5328 16.8772 -0.53769 0.868279 376.103 0 0
1500 93.8409 56.6347 17.0027 0.540142 0.794023 376.115 0 0
1500 82.3436 -18.5903 17.8146 0.467476 -0.295952 376.162 0 0
1500 85.9477 66.7687 16.8877 0.318965 0.934739 376.388 0 0
1500 60.1715 76.2825 16.9663 0.0319522 1.04143 376.475 0 0
1500 48.6822 34.4851 17.2231 -0.123568 0.581543 376.449 0 0
1500 -9.6352 -31.608 16.994 -0.987177 -0.466887 376.515 0 0
1500 89.1309 39.5413 17.0102 0.483913 0.58866 376.705 0 0
1500 84.3473 39.319 16.9721 0.435262 0.558151 376.764 0 0
1500 65.2195 -73.2677 16.9184 0.138318 -1.03092 376.86 0 0
1500 41.1201 9.99961 17.2302 -0.261539 0.120786 376.859 0 0
1500 103.198 -10.8585 17.486 0.731119 -0.123949 376.926 0 0
1500 58.2451 -22.8312 17.388 0.0441764 -0.354842 377.027 0 0
1500 77.0818 26.3372 17.1803 0.238509 0.400445 377.024 0 0
1500 87.7569 -12.4713 16.9956 0.385059 -0.234945 377.079 0 0
1500 73.0075 -27.7113 17.2364 0.175522 -0.395516 377.084 0 0
1500 107.948 53.1048 17.0415 0.717969 0.737509 377.103 0 0
1500 101.699 15.3248 17.1397 0.678094 0.174634 377.088 0 0
1500 77.8382 -76.816 16.996 0.264489 -1.09755 377.15 0 0
1500 42.2273 72.7504 16.9219 -0.261577 1.00296 377.256 0 0
1500 78.947 -5.71452 17.4092 0.360198 -0.0793709 377.326 0 0
1500 99.8719 47.9055 17.0395 0.663626 0.654417 377.47 0 0
1500 133.49 -13.1772 17.0238 1.11014 -0.249822 377.5 0 0
1500 73.2823 13.3112 17.8123 0.300135 0.208621 377.537 0 0
1500 75.0513 40.3184 16.9671 0.210679 0.600542 377.57 0 0
1500 -12.7735 27.691 17.2478 -1.19278 0.482423 377.702 0 0
1500 47.0539 26.8649 17.3736 -0.147715 0.504845 377.939 0 0
1500 90.9624 2.94187 17.5468 0.547808 0.112753 378.194 0 0
1500 66.4904 -72.6578 16.9698 0.0648479 -1.01834 378.334 0 0
1500 30.0827 68.8746 17.0189 -0.404484 0.922797 378.712 0 0
1500 88.6191 -15.6524 17.5151 0.541336 -0.191411 378.822 0 0
1500 7.66685 -55.5962 17.0028 -0.71242 -0.726942 378.89 0 0
1500 94.153 -3.86757 17.8451 0.641919 -0.0250198 379.057 0 0
1500 67.84 -68.2246 17.0733 0.119619 -0.978332 379.087 0 0
1500 66.5543 -13.7982 17.5698 0.117913 -0.18898 379.213 0 0
1500 79.0691 -4.18507 18.2162 0.43659 -0.0384782 379.247 0 0
1500 22.8285 -57.8273 17.2923 -0.547867 -0.882338 379.371 0 0
1500 111.26 1.63232 17.0887 0.707952 0.051129 379.753 0 0
1500 113.283 11.6926 17.1783 0.832368 0.151182 379.917 0 0
1500 -40.5211 -69.7162 17.17 -1.47341 -1.03112 380.129 0 0
1500 7.74593 146.906 17.204 -0.762515 2.29147 380.178 0 0
1500 114.337 0.0722301 17.9286 0.983655 -0.0521459 380.226 0 0
1500 118.527 -18.4635 17.1136 0.890817 -0.254094 380.421 0 0
1500 55.3621 -13.0966 17.0921 0.00311472 -0.239881 380.412 0 0
1500 93.0415 -10.342 17.6425 0.523349 -0.171453 380.558 0 0
1500 123.179 10.4151 17.1233 0.949954 0.136259 380.719 0 0
1500 66.9304 21.2972 17.1089 0.09146 0.361463 380.819 0 0
1500 109.066 -3.28109 17.3127 0.800544 -0.105953 380.889 0 0
1500 82.7203 53.6858 17.3356 0.356354 0.789525 381.042 0 0
1500 2.12933 16.6687 17.0946 -0.752459 0.25026 381.104 0 0
1500 86.5794 -7.40031 17.7179 0.529168 -0.106709 381.198 0 0
1500 112.76 67.5354 17.3791 0.850335 1.01956 381.425 0 0
1500 76.4428 -13.9957 17.5751 0.257078 -0.233728 381.478 0 0
1500 6.4184 -14.7717 17.1144 -0.695106 -0.143825 381.504 0 0
1500 48.6253 -27.9723 17.1895 -0.168797 -0.438181 381.519 0 0
1500 17.1143 -24.014 17.126 -0.601795 -0.271782 381.511 0 0
1500 37.797 6.81488 17.14 -0.270235 0.147122 381.603 0 0
1500 15.5115 18.5336 17.1297 -0.622848 0.318946 381.653 0 0
1500 123.008 -31.7656 17.2415 0.940042 -0.427439 381.82 0 0
1500 76.2013 -47.6468 17.3222 0.262035 -0.72918 381.838 0 0
1500 133.53 23.4695 17.5318 1.27479 0.345777 382.011 0 0
1500 33.572 8.26922 17.3636 -0.374381 0.0815081 382.199 0 0
1500 39.9901 20.1928 17.1681 -0.284333 0.237341 382.284 0 0
1500 109.48 14.0822 17.5407 0.804662 0.205254 382.301 0 0
1500 63.84 31.4708 17.2866 0.131054 0.424696 382.385 0 0
1500 74.1983 20.6398 17.2781 0.175589 0.317445 382.38 0 0
1500 -2.11136 13.8162 17.2525 -0.860033 0.230209 382.739 0 0
1500 16.0013 3.99178 17.2382 -0.624757 0.0018566 382.899 0 0
1500 69.7589 64.1411 17.168 0.127229 0.933899 383.018 0 0
1500 60.9335 -1.93195 17.4946 0.0125607 -0.00904183 383.006 0 0
1500 86.5918 46.6936 17.9128 0.518586 0.790759 383.062 0 0
1500 67.9913 -2.36276 17.7282 0.23801 -0.0180712 383.127 0 0
1500 79.7115 -23.9206 17.3453 0.357938 -0.392196 383.112 0 0
1500 54.6946 -20.2624 17.7219 -0.043567 -0.279575 383.179 0 0
1500 88.8351 -13.2205 17.3868 0.505715 -0.227152 383.241 0 0
1500 75.6814 17.6563 18.081 0.300041 0.263756 383.278 0 0
1500 60.1001 -1.66463 17.7287 0.0299769 -0.0209515 383.3 0 0
1500 99.0185 57.1523 17.6845 0.696426 0.932679 383.333 0 0
1500 139.619 -1.78068 17.5878 1.36912 -0.0134058 383.3 0 0
1500 67.5939 -38.8739 17.3909 0.210475 -0.581632 383.421 0 0
1500 100.624 4.38715 17.3527 0.646198 0.00196242 383.437 0 0
1500 110.436 -55.9532 17.4955 0.858531 -0.906064 383.436 0 0
1500 98.1413 38.4447 17.4181 0.610684 0.578264 383.449 0 0
1500 130.271 -19.7787 17.2473 1.00245 -0.305825 383.593 0 0
1500 73.116 70.029 17.1953 0.170899 1.00214 383.891 0 0
1500 126.775 15.0672 17.2369 1.05216 0.216768 383.906 0 0
1500 92.8597 -27.9589 17.8526 0.584118 -0.435293 384.013 0 0
1500 106.479 -16.5209 17.6472 0.768285 -0.249882 384.046 0 0
1500 75.9246 -19.6164 17.9724 0.31635 -0.287462 384.111 0 0
1500 56.4529 44.4655 17.5366 0.0317357 0.728444 384.125 0 0
1500 74.0915 69.5018 17.2359 0.262676 0.939215 384.128 0 0
1500 73.1258 -28.3841 17.5559 0.256836 -0.460531 384.176 0 0
1500 116.626 17.5181 17.3217 0.840234 0.302607 384.29 0 0
1500 16.8626 41.6585 17.2198 -0.633727 0.543107 384.309 0 0
1500 105.594 19.4646 17.742 0.76391 0.286345 384.331 0 0
1500 108.271 5.01157 17.5348 0.79818 0.119815 384.381 0 0
1500 69.4306 -22.0435 17.4572 0.215793 -0.301593 384.968 0 0
1500 37.778 -35.3496 17.551 -0.268184 -0.595366 385.203 0 0
1500 87.617 10.3879 18.0948 0.504127 0.204855 385.224 0 0
1500 95.8472 -41.5907 17.4443 0.544577 -0.689611 385.28 0 0
1500 84.8359 2.83651 18.2375 0.482335 0.103502 385.36 0 0
1500 57.8432 -68.339 17.2998 -0.016251 -0.99302 385.346 0 0
1500 66.9345 74.7636 17.2462 0.0793417 1.04433 385.389 0 0
1500 67.29 -15.3909 17.9911 0.190731 -0.269152 385.382 0 0
1500 83.2294 7.27772 17.3236 0.391551 0.0393855 385.409 0 0
1500 48.7985 1.65579 17.3161 -0.200218 0.0294288 385.415 0 0
1500 99.5784 -6.74608 17.9983 0.706317 -0.0555328 385.501 0 0
1500 63.5346 3.88241 17.607 0.0983098 0.121621 385.771 0 0
1500 64.3912 -21.6203 17.8229 0.109471 -0.346734 385.921 0 0
1500 105.052 16.0594 17.6691 0.75694 0.236335 386.068 0 0
1500 59.1712 -1.28994 18.0747 0.0924335 -0.0732831 386.167 0 0
1500 79.415 -36.9785 17.3407 0.333995 -0.577354 386.223 0 0
1500 72.7242 12.894 17.6509 0.21427 0.218189 386.564 0 0
1500 15.7405 -6.98777 17.3757 -0.655156 -0.0782333 386.563 0 0
1500 67.7046 -16.3477 18.3762 0.140589 -0.29208 386.589 0 0
1500 70.8722 -15.1662 17.5791 0.135977 -0.286623 386.72 0 0
1500 90.1819 64.3774 17.2981 0.385704 0.891898 386.742 0 0
1500 -0.496968 34.8247 17.3127 -0.785493 0.506605 387.106 0 0
1500 65.8976 -6.37908 18.1036 0.207772 -0.154872 387.01 0 0
1500 76.786 27.2862 17.5426 0.343895 0.425108 386.994 0 0
1500 116.529 3.76732 17.8635 1.04525 0.0900416 387.05 0 0
1500 57.7009 68.0993 17.3188 -0.0417899 0.932503 387.305 0 0
1500 109.143 -12.2253 17.4197 0.786742 -0.140348 387.369 0 0
1500 53.4005 11.2215 17.3807 -0.00521441 0.176521 387.409 0 0
1500 98.6588 33.2125 17.4206 0.640113 0.493132 387.413 0 0
1500 108.809 -24.9186 17.4243 0.779687 -0.31643 387.589 0 0
1500 62.8972 -20.9243 17.5432 0.0799964 -0.319517 387.707 0 0
1500 81.1625 6.46418 17.4029 0.405267 0.1259 387.709 0 0
1500 68.0123 56.7675 17.3986 0.135075 0.858137 387.825 0 0
1500 57.5006 2.85478 17.5548 0.013442 -0.0263517 387.951 0 0
1500 69.5777 0.584021 18.496 0.272194 0.0558612 388.098 0 0
1500 41.6435 -6.54204 17.6758 -0.236785 -0.0383977 388.384 0 0
1500 50.6881 -58.4188 17.3791 -0.123042 -0.880489 388.683 0 0
1500 108.581 43.2539 17.4501 0.764666 0.621918 388.704 0 0
1500 40.7253 41.1324 17.3827 -0.248602 0.575693 388.756 0 0
1500 88.0105 42.931 17.9268 0.503919 0.701513 388.963 0 0
1500 100.126 9.2899 17.9546 0.672767 0.153064 389.024 0 0
1500 -13.8164 -5.12366 17.4375 -1.03251 -0.0501148 389.225 0 0
1500 104.508 -31.6027 17.6585 0.737909 -0.459394 389.473 0 0
1500 105.824 -10.8971 18.0775 0.799505 -0.151564 389.668 0 0
1500 66.141 -5.38056 18.2325 0.198586 -0.138366 389.799 0 0
1500 67.9616 -6.99799 17.7728 0.208512 -0.165141 389.989 0 0
1500 45.0286 -21.4495 17.7096 -0.222959 -0.370589 390.036 0 0
1500 86.5818 23.9285 17.8524 0.517776 0.41534 390.368 0 0
1500 82.0756 -8.34979 18.4447 0.441737 -0.143895 390.462 0 0
1500 107.323 -10.0334 17.6595 0.762793 -0.134392 390.71 0 0
1500 23.1913 28.3993 17.6356 -0.500765 0.457593 390.545 0 0
1500 88.1458 1.48938 17.8238 0.573214 0.0868519 390.843 0 0
1500 29.0048 -7.48674 17.6529 -0.450981 -0.136738 390.943 0 0
1500 44.9271 -48.1774 17.4457 -0.129935 -0.727931 391.095 0 0
1500 57.8842 -4.7189 17.7136 -0.038497 -0.0509029 391.11 0 0
1500 23.6157 47.7229 17.4853 -0.457641 0.737533 391.326 0 0
1500 94.8151 -24.0917 17.8927 0.631306 -0.354045 391.628 0 0
1500 93.4051 -8.40046 18.0595 0.638053 -0.100016 391.644 0 0
1500 96.1047 14.7267 17.8179 0.646527 0.217738 391.529 0 0
1500 124.954 -34.2897 17.7678 1.1318 -0.619398 391.64 0 0
1500 84.4205 -1.48607 18.6424 0.50096 -0.0104126 391.742 0 0
1500 89.4976 -38.5779 17.6281 0.537657 -0.587886 391.79 0 0
1500 105.148 4.88736 17.5195 0.707335 0.135135 391.874 0 0
1500 94.6598 5.2783 18.9782 0.71741 0.109771 392.101 0 0
1500 114.359 15.7499 17.5682 0.897406 0.204895 391.999 0 0
1500 79.8601 -48.0437 17.583 0.31723 -0.792919 392 0 0
1500 12.8364 -2.44743 17.7099 -0.724734 -0.114566 392.133 0 0
1500 71.1444 13.5664 17.6128 0.165862 0.23234 392.397 0 0
1500 114.24 37.9169 17.5067 0.803827 0.590674 392.414 0 0
1500 102.447 -40.4984 17.6194 0.703691 -0.585849 392.491 0 0
1500 38.0928 53.2245 17.5286 -0.248243 0.818272 392.498 0 0
1500 37.0689 17.6809 17.6745 -0.290848 0.263168 392.575 0 0
1500 23.429 0.0587096 17.5862 -0.493214 0.00201978 392.715 0 0
1500 104.286 -29.258 17.5336 0.726469 -0.443297 392.761 0 0
1500 23.5956 15.7942 17.699 -0.536801 0.232171 392.675 0 0
1500 78.2637 -30.0967 17.5857 0.373571 -0.447204 392.824 0 0
1500 52.9263 4.98326 17.6928 -0.0485903 0.144849 392.873 0 0
1500 115.458 -14.8798 17.5573 0.861377 -0.253964 393.158 0 0
1500 117.998 18.4457 17.5373 0.876443 0.32347 393.027 0 0
1500 44.8694 22.132 17.6933 -0.154642 0.410519 393.12 0 0
1500 62.5388 -20.7211 17.8097 0.0455454 -0.344558 393.22 0 0
1500 102.852 -13.4418 17.8526 0.712635 -0.247394 393.55 0 0
1500 48.0481 -23.242 17.5933 -0.206623 -0.342626 393.422 0 0
1500 68.1682 -90.1374 17.5728 0.15929 -1.39137 393.345 0 0
1500 107.046 2.5886 17.5592 0.797931 -0.00497976 393.522 0 0
1500 117.721 -46.0819 17.5348 0.885938 -0.620362 393.617 0 0
1500 115.868 34.0916 17.5486 0.8392 0.538634 393.647 0 0
1500 124.148 -27.0243 17.6812 1.03811 -0.475908 393.775 0 0
1500 106.419 50.2651 18.4115 0.983113 1.00692 393.781 0 0
1500 71.7911 -5.44253 18.1976 0.263204 -0.116573 393.977 0 0
1500 92.6641 -22.5221 17.6746 0.54196 -0.420624 393.859 0 0
1500 50.6036 25.0568 17.8605 -0.0650887 0.430628 394.095 0 0
1500 81.696 3.18265 17.8982 0.376143 0.00396803 394.159 0 0
1500 109.332 46.7152 17.5754 0.779603 0.673138 394.274 0 0
1500 105.153 -9.60353 17.7808 0.763927 -0.167645 394.251 0 0
1500 60.5592 -29.735 17.9983 0.0816574 -0.576436 394.286 0 0
1500 41.7147 -29.4394 17.7663 -0.292592 -0.413874 394.603 0 0
1500 55.6495 4.12822 17.7169 -0.0395688 -0.01077 394.585 0 0
1500 26.5688 -43.7011 17.579 -0.427492 -0.642461 394.688 0 0
1500 94.304 24.9041 17.6936 0.538399 0.34406 394.948 0 0
1500 71.7861 49.6968 17.5946 0.269697 0.74252 394.823 0 0
1500 53.0991 29.1904 17.8351 -0.0997737 0.447891 394.879 0 0
1500 62.5994 -82.2029 18.0303 0.101453 -1.40504 394.827 0 0
1500 59.8276 40.5564 18.7186 0.0920967 0.784332 395.038 0 0
1500 100.657 44.8468 17.7174 0.623704 0.700475 395.124 0 0
1500 15.3632 -16.2153 17.9025 -0.735943 -0.264647 395.05 0 0
1500 77.4717 -2.41422 17.6655 0.3145 -0.106246 395.139 0 0
1500 71.186 18.8382 18.3697 0.242386 0.288787 395.317 0 0
1500 81.2591 -23.531 17.7678 0.406615 -0.395663 395.369 0 0
1500 92.6426 62.0287 17.6297 0.546327 0.890703 395.691 0 0
1500 71.8288 19.3074 17.7193 0.249052 0.270228 395.617 0 0
1500 117.701 1.41108 17.7734 0.935119 0.00840221 395.48 0 0
1500 40.4591 -50.2534 17.5796 -0.244832 -0.793621 395.476 0 0
1500 121.693 -22.305 17.5448 0.908321 -0.395013 395.609 0 0
1500 53.5028 39.6419 17.556 -0.136555 0.604684 395.515 0 0
1500 95.4014 -8.8605 18.6989 0.706425 -0.152091 395.958 0 0
1500 81.6927 3.50594 17.7928 0.4324 0.0123121 396.083 0 0
1500 41.6352 -54.152 17.7669 -0.228084 -0.890547 395.935 0 0
1500 60.6005 -38.7629 17.6146 -0.0302331 -0.618489 395.88 0 0
1500 46.3535 19.951 18.576 -0.140637 0.414776 395.932 0 0
1500 67.8841 10.3689 17.8978 0.127418 0.184172 396.342 0 0
1500 71.073 15.0131 17.7158 0.210769 0.292328 396.172 0 0
1500 47.1843 -1.41956 17.8135 -0.219455 -0.0247248 396.269 0 0
1500 53.9684 28.4487 17.7133 -0.0163788 0.516405 396.262 0 0
1500 81.9366 -51.9116 17.7805 0.408791 -0.790071 396.657 0 0
1500 39.6453 -7.98078 17.8941 -0.238437 -0.14426 396.791 0 0
1500 64.4924 -8.02746 17.9259 0.122065 -0.163055 396.703 0 0
1500 98.156 9.55436 18.2928 0.678411 0.196368 396.733 0 0
1500 149.576 33.5466 17.8777 1.54512 0.594779 396.748 0 0
1500 93.1196 -5.21881 18.5959 0.684199 -0.0335502 396.876 0 0
1500 96.2166 18.8514 18.2591 0.741097 0.289003 396.945 0 0
1500 46.3115 -35.8509 17.9232 -0.177585 -0.573927 397.197 0 0
1500 56.3267 -29.9007 17.9979 -0.0496592 -0.463047 397.226 0 0
1500 41.5516 29.6995 17.9477 -0.231733 0.485524 397.378 0 0
1500 83.2858 9.48951 17.7171 0.430659 0.0831401 397.477 0 0
1500 33.6032 -3.20244 17.6041 -0.435424 -0.0409533 397.335 0 0
1500 85.124 25.0299 17.7668 0.365825 0.422939 397.607 0 0
1500 120.311 42.6468 17.8567 1.00552 0.706002 397.448 0 0
1500 114.186 7.42106 18.1902 1.10963 0.168947 397.381 0 0
1500 91.9947 -29.9439 17.6786 0.501041 -0.435514 397.871 0 0
1500 84.0011 -28.2335 17.7021 0.46189 -0.419824 397.684 0 0
1500 58.6668 2.85223 17.8447 0.01664 0.111166 397.702 0 0
1500 27.0035 -62.8087 17.6219 -0.484138 -0.921776 398.042 0 0
1500 44.5444 8.93383 18.0894 -0.16335 0.192327 397.909 0 0
1500 129.296 42.7719 17.7097 1.10351 0.723338 397.904 0 0
1500 -47.5554 -77.5355 17.6737 -1.69528 -1.24498 398.089 0 0
1500 57.7569 -31.7504 17.628 0.0481536 -0.448296 398.192 0 0
1500 91.7628 -1.00385 17.6249 0.489103 -0.0501848 398.103 0 0
1500 73.3294 -39.3043 17.7906 0.307362 -0.602389 398.103 0 0
1500 94.3652 -19.2185 17.7908 0.610958 -0.312083 398.135 0 0
1500 85.1765 -42.1056 17.706 0.475213 -0.616799 398.231 0 0
1500 27.7873 -60.2405 17.7981 -0.430299 -0.99674 398.412 0 0
1500 71.4766 -4.39658 18.463 0.277803 -0.12626 398.448 0 0
1500 141.397 -2.83627 17.936 1.34418 -0.0603114 398.956 0 0
1500 80.5888 16.9346 18.0226 0.370719 0.261436 398.739 0 0
1500 65.4293 2.10057 18.0239 0.197889 0.0377631 399.229 0 0
1500 55.3232 37.9417 17.6858 -0.00395401 0.552817 398.77 0 0
1500 97.8272 9.59573 17.6966 0.584647 0.150812 398.722 0 0
1500 17.9006 -57.5567 17.6446 -0.539861 -0.852646 399.223 0 0
1500 167.428 2.80459 17.5925 1.61339 0.0661772 398.648 0 0
1500 101.249 -29.1638 17.7958 0.703975 -0.451588 398.763 0 0
1500 32.8107 38.618 17.7863 -0.350303 0.629253 398.567 0 0
1500 136.749 -16.6321 17.7479 1.28398 -0.310404 398.548 0 0
1500 68.2833 4.75971 18.056 0.238189 0.062295 399.604 0 0
1500 60.472 33.4286 17.7058 0.0760085 0.556709 399.568 0 0
1500 -12.5422 -201.818 17.7367 -1.11754 -3.21177 399.579 0 0
1500 111.01 -26.5881 18.2895 0.967966 -0.452701 399.783 0 0
1500 133.394 15.5228 17.9147 1.34617 0.252772 399.784 0 0
1500 62.0081 -13.3574 17.6603 0.111413 -0.195371 400.029 0 0
1500 73.8582 -22.231 19.042 0.394164 -0.477763 400.045 0 0
1500 123.047 -12.3101 17.813 0.994796 -0.206055 400.245 0 0
1500 57.9032 58.633 17.7279 -0.00750248 0.910685 400.215 0 0
1500 139.741 -8.71763 17.6578 1.1954 -0.195264 400.275 0 0
1500 72.1304 1.58606 18.071 0.309405 -0.0288621 400.126 0 0
1500 70.7513 49.4006 17.8219 0.149043 0.831345 400.326 0 0
1500 49.6321 5.17988 17.8463 -0.127964 0.145195 400.599 0 0
1500 38.3025 56.739 17.6585 -0.329988 0.78646 401.42 0 0
1500 108.357 -48.0712 17.7551 0.758231 -0.721902 401.029 0 0
1500 89.9057 -12.456 18.435 0.60623 -0.213451 400.948 0 0
1500 9.57517 -53.1368 17.6475 -0.746679 -0.734916 401.247 0 0
1500 91.4054 1.36761 18.2593 0.621662 0.0318554 401.145 0 0
1500 96.897 -38.4012 17.7742 0.593114 -0.607627 401.417 0 0
1500 88.6308 21.8508 18.0342 0.541292 0.363053 401.166 0 0
1500 67.0666 -42.7667 17.8105 0.175426 -0.689798 400.745 0 0
1500 76.407 13.3611 18.0877 0.3732 0.242598 401.546 0 0
1500 116.183 26.4923 18.0194 0.951203 0.4362 400.827 0 0
1500 74.4558 57.9095 17.7061 0.323641 0.916892 400.696 0 0
1500 49.5691 34.6691 18.0093 -0.161559 0.592602 400.823 0 0
1500 54.2732 1.61722 18.4061 -0.0413753 0.0710204 400.785 0 0
1500 159.842 0.302164 17.8346 1.67185 -0.0547655 400.737 0 0
1500 129.333 18.7909 17.878 1.18911 0.358466 401.048 0 0
1500 77.7986 -47.2069 18.0983 0.360785 -0.876176 401.321 0 0
1500 120.788 -13.9531 17.8073 0.968767 -0.160231 401.719 0 0
1500 16.4922 30.9856 17.6716 -0.619057 0.43753 401.904 0 0
1500 116.836 29.941 17.7232 0.875127 0.489213 401.829 0 0
1500 108.903 9.86205 18.0387 0.823698 0.188487 401.944 0 0
1500 93.1094 33.7292 18.0372 0.600873 0.529655 401.726 0 0
1500 64.3602 3.06071 18.311 0.123785 0.0955365 401.993 0 0
1500 44.5019 -11.3889 18.1085 -0.208724 -0.190534 401.76 0 0
1500 108.784 -21.7823 17.6914 0.81087 -0.322786 402.035 0 0
1500 71.0462 4.13454 18.1027 0.250118 0.132665 402.101 0 0
1500 53.4263 6.6767 18.105 -0.0840335 0.0842222 402.017 0 0
1500 71.1519 -23.5965 17.828 0.144538 -0.378431 401.589 0 0
1500 34.178 -9.69475 17.8207 -0.40224 -0.173002 401.651 0 0
1500 42.3918 30.0786 17.8208 -0.280544 0.413217 401.768 0 0
1500 22.6008 -6.53999 18.0092 -0.588577 -0.149435 401.753 0 0
1500 23.3009 -7.21947 17.8155 -0.560094 -0.0907886 402.596 0 0
1500 76.4021 -73.5088 17.7566 0.357188 -1.12746 402.363 0 0
1500 37.5646 12.4196 17.8736 -0.340529 0.260741 402.547 0 0
1500 51.1329 -13.3322 18.3372 -0.123735 -0.248131 402.544 0 0
1500 26.757 -5.74436 17.9173 -0.447827 -0.086647 403.334 0 0
1500 60.9779 -13.6393 18.6202 0.114775 -0.223508 402.8 0 0
1500 30.2054 21.3421 17.6938 -0.431522 0.305627 402.675 0 0
1500 81.401 40.2866 17.8385 0.327174 0.598493 403.388 0 0
1500 61.5436 70.0982 17.7666 0.0430135 1.0345 402.951 0 0
1500 95.0677 1.63845 18.1421 0.621873 0.0768912 403.042 0 0
1500 83.731 19.3395 18.5723 0.443847 0.333519 402.941 0 0
1500 105.129 24.4648 18.0939 0.773408 0.395365 402.943 0 0
1500 80.831 -11.9013 18.3456 0.461065 -0.220505 403.03 0 0
1500 65.8893 0.790037 18.6654 0.192192 0.0651948 403.233 0 0
1500 68.6182 3.02626 18.221 0.17382 0.0973895 402.646 0 0
1500 92.2837 6.79791 18.1081 0.603843 0.144195 403.138 0 0
1500 63.3876 -50.0602 17.8324 0.108151 -0.794482 403.307 0 0
1500 93.203 75.3695 17.7136 0.550934 1.16858 402.665 0 0
1500 73.9142 -16.5063 17.8738 0.316468 -0.284776 402.816 0 0
1500 66.6649 -10.36 17.9636 0.177199 -0.223611 403.014 0 0
1500 19.3625 10.5139 17.9569 -0.636836 0.220369 403.332 0 0
1500 114.154 27.0733 17.9449 0.896632 0.396176 403.618 0 0
1500 38.6391 -51.7439 17.8091 -0.266715 -0.808818 403.56 0 0
1500 34.7452 16.4585 18.2737 -0.41103 0.231971 403.749 0 0
1500 106.27 -17.7302 17.9669 0.799173 -0.251951 404.089 0 0
1500 81.8884 39.8364 17.7309 0.430006 0.626195 403.944 0 0
1500 48.1502 -47.0521 17.7847 -0.123896 -0.693058 404.378 0 0
1500 112.016 -17.0084 17.7897 0.796363 -0.25218 404.43 0 0
1500 38.5589 62.6773 17.6978 -0.231539 0.913642 404.2 0 0
1500 69.8106 -61.5138 17.7193 0.185932 -0.955114 404.376 0 0
1500 78.3459 12.7725 18.1588 0.422186 0.167144 404.368 0 0
1500 83.5513 -53.0443 17.8043 0.449829 -0.782811 404.827 0 0
1500 55.9685 -75.1748 17.8843 -2.45194e-05 -1.19679 404.606 0 0
1500 98.9579 -36.585 17.8587 0.606539 -0.638235 404.737 0 0
1500 131.113 2.26056 18.0921 1.29799 0.0382252 404.689 0 0
1500 58.1449 -35.4192 18.4509 0.0809171 -0.641519 405.18 0 0
1500 71.0082 17.5816 18.1527 0.211394 0.291302 405.6 0 0
1500 72.0368 -2.00814 17.912 0.245508 0.0222769 405.296 0 0
1500 73.3136 7.02238 17.8592 0.254839 0.0420959 405.478 0 0
1500 68.203 -12.2127 17.8584 0.187939 -0.210023 405.451 0 0
1500 102.879 -17.2021 17.8321 0.644006 -0.285071 405.164 0 0
1500 66.2368 51.392 17.8176 0.104442 0.752385 405.263 0 0
1500 72.4152 61.8517 17.8936 0.226948 0.951928 405.087 0 0
1500 119.943 -22.8491 17.8902 0.954582 -0.363167 405.615 0 0
1500 103.105 -44.1082 17.8852 0.721654 -0.668377 405.117 0 0
1500 120.468 0.32885 17.7603 0.962029 0.0457132 404.961 0 0
1500 4.12037 22.7857 17.8296 -0.814754 0.384468 405.639 0 0
1500 60.3963 80.6058 17.7953 -0.00307747 1.25576 404.94 0 0
1500 78.6994 26.6259 17.7423 0.352096 0.455317 405.11 0 0
1500 50.8753 31.7718 17.7638 -0.097462 0.54664 405.229 0 0
1500 77.0586 9.48688 19.1747 0.430757 0.167904 406.996 0 0
1500 79.0627 29.9186 17.979 0.354734 0.434026 406.331 0 0
1500 62.4916 8.88108 17.8532 0.0534276 0.180763 406.568 0 0
1500 55.7768 37.6377 17.8184 0.00635146 0.559803 406.711 0 0
1500 101.574 23.0358 17.8047 0.619692 0.368205 406.185 0 0
1500 83.9704 -37.5398 17.8073 0.36488 -0.58489 405.828 0 0
1500 99.7167 3.41579 17.8056 0.6079 0.110641 405.914 0 0
1500 1.44015 -35.6115 17.7736 -0.834891 -0.528119 406.741 0 0
1500 53.8696 -69.4112 17.7356 -0.0425126 -1.04707 405.813 0 0
1500 107.774 -47.0531 17.8685 0.747794 -0.725014 406.07 0 0
1500 118.446 29.299 17.8153 0.902667 0.479067 406.118 0 0
1500 67.8368 22.6245 18.4341 0.165747 0.350728 405.819 0 0
1500 114.722 -62.2831 17.7248 0.881246 -0.90832 405.917 0 0
1500 86.2104 29.0397 18.2198 0.443856 0.48483 405.834 0 0
1500 78.2201 35.0309 18.2198 0.329005 0.570888 405.838 0 0
1500 81.7441 -1.13826 18.4475 0.483662 -0.0648611 406.288 0 0
1500 60.4719 42.9926 17.9829 0.0874927 0.693259 406.296 0 0
1500 86.719 20.019 17.9821 0.470698 0.36178 405.945 0 0
1500 63.7029 57.4335 17.7455 0.126506 0.895938 406.437 0 0
1500 22.1273 44.7003 17.7664 -0.515265 0.725152 406.507 0 0
1500 63.6965 45.4457 17.7642 0.0924247 0.743471 405.822 0 0
1500 49.4683 5.37266 18.1489 -0.146858 0.0677098 406.133 0 0
1500 43.6822 -19.4768 17.8122 -0.276691 -0.262254 405.936 0 0
1500 75.045 13.3793 17.7813 0.271095 0.27431 406.102 0 0
1500 75.5149 4.21625 17.8733 0.300765 0.133269 406.806 0 0
1500 112.121 31.379 18.1434 0.896016 0.54051 406.473 0 0
1500 47.8729 3.65676 17.875 -0.173068 0.122847 406.485 0 0
1500 66.2762 4.91976 17.8374 0.177373 0.140889 405.884 0 0
1500 109.345 -14.0766 18.5556 0.994737 -0.194072 405.803 0 0
1500 64.0532 55.6439 17.997 0.104498 0.966674 406.968 0 0
1500 -0.3856 11.1166 17.8761 -1.01778 0.207203 406.642 0 0
1500 39.0524 26.0844 18.216 -0.346538 0.428505 406.192 0 0
1500 107.104 33.6717 18.4377 0.96436 0.572208 406.893 0 0
1500 118.899 19.3444 17.8758 0.917092 0.347207 409.185 0 0
1500 77.2321 26.5654 18.212 0.306074 0.409455 407.245 0 0
1500 63.1016 -0.87433 17.8601 0.137362 -0.0126107 407.765 0 0
1500 88.1331 11.9958 18.2944 0.505085 0.192657 408.206 0 0
1500 56.0956 22.7 17.8298 0.010533 0.359171 407.128 0 0
1500 73.097 -27.433 17.9231 0.239207 -0.424586 407.609 0 0
1500 85.5565 -15.8746 18.2478 0.459327 -0.252954 408.786 0 0
1500 75.3371 -21.4503 17.8331 0.242056 -0.35758 407.066 0 0
1500 29.6707 -7.52096 17.9276 -0.421347 -0.126671 409.276 0 0
1500 111.788 42.3995 17.8046 0.818913 0.608849 408.751 0 0
1500 87.2067 -9.34601 18.5366 0.579132 -0.169867 408.511 0 0
1500 101.863 26.0814 17.9201 0.677631 0.451635 407.398 0 0
1500 79.488 16.9694 18.1643 0.378154 0.320268 407.538 0 0
1500 20.0654 -39.6718 17.9481 -0.583348 -0.62438 407.951 0 0
1500 86.2584 -50.1168 17.9561 0.425023 -0.798092 408.523 0 0
1500 94.5992 28.5444 17.8616 0.595843 0.478288 407.503 0 0
1500 76.0848 46.1562 17.9443 0.331812 0.732507 408.111 0 0
1500 60.2321 51.3506 17.872 0.0707654 0.822115 408.124 0 0
1500 8.196 9.7543 17.7834 -0.756763 0.214859 407.665 0 0
1500 90.2755 -39.6752 17.9714 0.505208 -0.651441 408.578 0 0
1500 92.9035 7.40989 18.3107 0.6354 0.145583 409.328 0 0
1500 113.148 -19.9433 18.0028 0.876275 -0.366994 407.55 0 0
1500 66.8972 -33.7857 18.035 0.211235 -0.555127 408.253 0 0
1500 68.9022 -19.8735 17.853 0.209404 -0.3632 407.288 0 0
1500 -0.801336 0.816094 17.7894 -0.931266 -0.00318664 409.062 0 0
1500 35.3678 -2.47553 17.9961 -0.366983 -0.091295 409.035 0 0
1500 51.2926 -33.452 17.8914 -0.0842658 -0.578657 409.178 0 0
1500 -26.5018 32.2752 17.986 -1.38049 0.554464 409.002 0 0
1500 42.5295 41.1279 18.2822 -0.233057 0.77797 407.842 0 0
1500 83.2283 -128.38 17.9967 0.435378 -2.29692 407.92 0 0
1500 99.5857 -16.547 18.4567 0.746292 -0.268859 410.971 0 0
1500 79.1954 -13.9364 18.6793 0.395524 -0.236725 410.261 0 0
1500 69.1104 -21.0699 18.4601 0.241371 -0.331589 409.809 0 0
1500 44.2029 8.03988 18.033 -0.214673 0.078132 409.913 0 0
1500 48.6727 -4.3248 17.8644 -0.180421 -0.0820587 410.423 0 0
1500 59.8001 -36.8652 17.8843 -0.0148934 -0.541914 411.357 0 0
1500 43.3545 61.8628 17.8126 -0.194026 0.921538 410.531 0 0
1500 39.1056 66.2891 17.7935 -0.286809 1.00758 410.069 0 0
1500 105.643 44.4699 17.9088 0.756084 0.683623 410.3 0 0
1500 6.49029 -43.8958 17.7979 -0.807901 -0.644186 410.471 0 0
1500 68.3079 -52.3546 17.9058 0.178372 -0.826004 410.584 0 0
1500 108.906 45.258 17.8032 0.787141 0.691949 411.224 0 0
1500 72.4171 24.4516 18.3942 0.244322 0.414701 410.18 0 0
1500 61.8753 -66.2899 17.8711 0.0626178 -1.02864 411.004 0 0
1500 43.991 -26.5224 18.2107 -0.194433 -0.451696 409.572 0 0
1500 92.4397 -90.2421 17.765 0.510138 -1.38624 410.634 0 0
1500 61.0485 40.2536 18.0128 0.0218257 0.650971 409.39 0 0
1500 49.6848 11.9489 18.2617 -0.132489 0.151738 409.809 0 0
1500 20.5208 -7.93698 17.961 -0.607299 -0.151354 409.532 0 0
1500 63.0423 -16.4215 18.5107 0.185111 -0.310473 411.264 0 0
1500 85.5552 26.2187 18.1041 0.522362 0.398823 410.361 0 0
1500 91.6458 -49.6149 17.9007 0.53786 -0.796482 411.228 0 0
1500 36.9293 120.645 17.7985 -0.260954 1.84856 410.481 0 0
1500 83.0229 -31.5746 18.0808 0.376097 -0.538606 410.886 0 0
1500 38.4588 -30.9384 17.9082 -0.258137 -0.537337 410.574 0 0
1500 225.114 -227.077 17.8151 2.62727 -3.50143 409.687 0 0
1500 60.1351 33.1469 18.0533 0.00471577 0.556938 409.869 0 0
1500 72.9206 -13.4551 18.1858 0.303581 -0.27112 411.171 0 0
1500 72.6483 -9.64491 18.1451 0.333115 -0.176135 411.016 0 0
1500 80.3755 -33.9774 18.2859 0.358052 -0.578373 411.371 0 0
1500 46.1919 -9.81661 18.1114 -0.18859 -0.209048 411.374 0 0
1500 38.0776 -48.6208 17.8851 -0.256254 -0.823665 409.965 0 0
1500 -18.0091 -169.63 17.9078 -1.26869 -2.74201 409.354 0 0
1500 67.0253 -49.3361 18.1213 0.135353 -0.851033 410.16 0 0
1500 17.4465 67.0184 18.0287 -0.65804 1.12816 410.575 0 0
1500 111.127 37.512 17.9194 0.813697 0.662728 410.87 0 0
1500 52.7165 63.7577 17.9798 -0.0278824 1.09109 410.127 0 0
1500 109.827 11.6941 18.298 0.968201 0.178517 411.093 0 0
1500 60.7707 37.9681 18.0499 0.0178062 0.731881 409.895 0 0
1500 63.2457 -25.0122 18.4202 0.143442 -0.538828 409.994 0 0
1500 19.3662 -41.2832 17.8624 -0.59523 -0.597343 414.232 0 0
1500 61.8387 -49.299 18.3523 0.0844952 -0.845464 412.67 0 0
1500 75.2754 31.4792 18.0399 0.300079 0.469015 411.482 0 0
1500 84.5393 34.5285 17.9403 0.393842 0.530258 413.921 0 0
1500 41.1886 -19.379 18.0238 -0.220561 -0.314807 413.631 0 0
1500 68.1179 -9.53785 18.2631 0.244187 -0.147176 411.579 0 0
1500 51.7187 -13.4667 18.2405 -0.0976898 -0.190596 412.447 0 0
1500 86.5949 -17.3867 18.1792 0.47272 -0.266664 412.371 0 0
1500 64.2556 46.6351 17.8482 0.0990865 0.700668 412.984 0 0
1500 76.1087 43.2437 17.8481 0.303184 0.633953 414.43 0 0
1500 85.2806 64.5627 17.7826 0.45719 0.924049 412.828 0 0
1500 92.6259 10.7968 18.6449 0.676488 0.173737 412.474 0 0
1500 100.246 49.5756 17.875 0.624233 0.797133 411.696 0 0
1500 92.6165 15.4177 18.1079 0.632638 0.230241 411.752 0 0
1500 106.863 23.7295 17.8214 0.796423 0.40149 411.759 0 0
1500 49.6637 56.9744 17.8439 -0.120661 0.92743 412.244 0 0
1500 63.9279 42.7345 17.9635 0.0646078 0.700632 412.525 0 0
1500 92.1154 88.534 17.8204 0.50607 1.39048 413.066 0 0
1500 96.6736 -34.5619 18.1035 0.668008 -0.563292 413.435 0 0
1500 112.588 -11.7348 18.1019 0.900138 -0.222769 413.771 0 0
1500 -0.332773 -28.2837 17.8064 -0.92622 -0.371801 413.295 0 0
1500 4.1898 18.9684 17.8082 -0.866786 0.335401 412.679 0 0
1500 45.3244 41.8419 17.8141 -0.251842 0.689532 411.703 0 0
1500 -8.68827 9.41901 17.8075 -1.03152 0.186548 414.545 0 0
1500 54.939 64.1596 17.8062 -0.102387 1.0037 413.431 0 0
1500 104.559 -17.236 17.8943 0.78828 -0.261385 412.498 0 0
1500 98.1307 -31.8141 17.894 0.690626 -0.48116 412.553 0 0
1500 88.0364 -14.4245 17.9217 0.499908 -0.270345 414.362 0 0
1500 58.9865 37.1069 18.0456 0.0811812 0.628628 412.679 0 0
1500 105.615 37.9106 18.0347 0.767143 0.623756 414.483 0 0
1500 42.5233 -38.1012 17.8438 -0.308987 -0.562423 411.939 0 0
1500 67.221 29.9693 17.8476 0.0701125 0.484026 411.581 0 0
1500 96.7561 9.71817 17.8445 0.667597 0.12249 412.311 0 0
1500 76.6666 -25.0198 18.2415 0.40229 -0.419388 413.049 0 0
1500 126.316 3.6955 18.1542 1.16759 0.0794151 412.219 0 0
1500 60.0853 1.85839 17.939 0.0216796 -0.0448383 411.927 0 0
1500 87.2189 -25.7948 18.0575 0.46847 -0.466676 413.28 0 0
1500 100.086 -43.8248 17.8195 0.693052 -0.698184 414.333 0 0
1500 86.3845 -18.1737 18.3576 0.545083 -0.32625 414.76 0 0
1500 81.2275 8.15187 18.3095 0.45499 0.18564 414.304 0 0
1500 70.6617 3.8465 18.3128 0.296962 0.121248 414.043 0 0
1500 78.2952 -20.367 18.2086 0.329544 -0.379077 414.036 0 0
1500 68.7891 -5.07065 18.0566 0.136181 -0.127714 413.123 0 0
1500 87.9147 4.20585 18.1747 0.501938 0.13975 414.116 0 0
1500 98.1282 18.7424 18.047 0.710317 0.303723 415.134 0 0
1500 112.557 -68.856 17.8274 0.934526 -1.06713 412.406 0 0
1500 3.6943 -13.2419 17.9923 -0.915608 -0.238988 412.626 0 0
1500 81.3506 -59.3679 17.9015 0.444012 -0.957948 413.997 0 0
1500 67.4939 63.3066 17.8295 0.0671028 0.994474 413.745 0 0
1500 83.7771 -8.15882 17.9432 0.469079 -0.179383 415.154 0 0
1500 133.637 18.0309 17.8679 1.26856 0.259928 414.248 0 0
1500 45.06 15.8389 17.9149 -0.269062 0.231247 415.16 0 0
1500 92.7439 -0.552816 18.3897 0.669556 0.0596138 412.882 0 0
1500 124.883 1.13012 17.8839 1.10729 0.0872874 414.264 0 0
1500 95.2823 4.63169 18.1379 0.688974 0.00542682 411.53 0 0
1500 90.0408 -22.6453 18.4177 0.663224 -0.369197 414.351 0 0
1500 122.125 -10.7272 17.9511 1.12614 -0.174379 414.284 0 0
1500 47.4727 42.4729 18.1892 -0.175694 0.799731 412.554 0 0
1500 54.8087 -13.9181 18.1804 -0.101533 -0.196907 413.073 0 0
1500 104.751 -12.6155 18.3114 0.875354 -0.295904 411.934 0 0
1500 37.8917 -35.2119 17.9066 -0.366417 -0.65978 414.347 0 0
1500 150.783 119.915 18.0374 1.59836 2.13441 413.707 0 0
1500 113.158 26.5717 17.8456 0.854697 0.354114 417.213 0 0
1500 28.6623 30.3125 17.8756 -0.404242 0.491142 417.318 0 0
1500 89.1437 -51.6443 17.9599 0.55301 -0.804056 416.544 0 0
1500 121.158 -5.05538 17.9595 0.993158 -0.101805 419.206 0 0
1500 115.31 31.0881 17.9984 0.933927 0.475643 418.305 0 0
1500 105.69 -23.9895 18.2408 0.833896 -0.365332 415.938 0 0
1500 65.0946 -28.2312 18.0974 0.0806589 -0.436275 418.458 0 0
1500 97.7978 -4.81502 18.1699 0.645968 -0.115812 419.324 0 0
1500 65.959 50.0609 17.9119 0.116822 0.761226 415.563 0 0
1500 57.5484 45.4133 17.9169 0.000537906 0.694082 415.864 0 0
1500 81.2706 -10.5885 18.3685 0.437119 -0.126287 418.31 0 0
1500 62.039 16.3777 18.711 0.147676 0.282152 416.734 0 0
1500 79.0996 33.3799 17.8496 0.334611 0.508466 415.245 0 0
1500 70.8079 3.79184 17.9617 0.213527 -0.0103122 416.938 0 0
1500 56.9304 14.1188 17.9343 -0.00786917 0.259854 416.802 0 0
1500 58.1779 20.7905 18.0334 0.00822255 0.347937 417.206 0 0
1500 81.757 -9.98856 18.3683 0.443663 -0.118287 418.302 0 0
1500 90.1327 -16.3407 17.848 0.500443 -0.241693 418.544 0 0
1500 33.0596 -53.6594 17.8288 -0.347623 -0.830627 416.01 0 0
1500 39.7539 38.8566 17.8354 -0.308657 0.590037 417.691 0 0
1500 19.2223 6.96242 17.9246 -0.585257 0.138542 418.55 0 0
1500 18.8803 42.5357 17.8481 -0.620868 0.623209 417.26 0 0
1500 122.964 16.7918 17.8362 1.0135 0.218854 415.894 0 0
1500 84.2752 -58.299 17.8782 0.435952 -0.883799 416.83 0 0
1500 81.9895 0.977349 18.1646 0.430608 -0.0102023 420.543 0 0
1500 73.5169 21.6359 18.5391 0.340644 0.394064 415.303 0 0
1500 65.8558 50.1657 17.8302 0.120607 0.780647 418.937 0 0
1500 76.8285 -12.1258 17.9474 0.339756 -0.184593 420.736 0 0
1500 82.0214 -6.81883 18.3515 0.442645 -0.134187 422.387 0 0
1500 75.33 -44.931 17.9306 0.342305 -0.715226 415.848 0 0
1500 118.824 -3.84077 17.9588 0.99433 -0.0873594 416.777 0 0
1500 111.462 -37.9617 17.9563 0.868885 -0.586458 417.971 0 0
1500 83.988 -42.5595 17.9669 0.482553 -0.677466 415.602 0 0
1500 104.558 -29.6177 17.9626 0.789086 -0.477028 416.115 0 0
1500 100.657 -46.5415 17.9577 0.719951 -0.721965 417.063 0 0
1500 114.238 -27.5876 17.9328 0.927232 -0.41543 417.049 0 0
1500 86.5744 38.8461 17.8834 0.496904 0.649763 415.501 0 0
1500 91.1492 -10.1178 18.0181 0.607717 -0.138326 415.478 0 0
1500 80.6162 22.2334 18.6982 0.410696 0.366594 424.872 0 0
1500 98.9077 -50.5007 17.9209 0.660122 -0.783876 419.395 0 0
1500 75.5142 70.4828 17.9515 0.32172 1.13084 416.997 0 0
1500 9.54325 39.4885 17.8914 -0.794292 0.579202 417.431 0 0
1500 -6.59682 -16.8577 17.8879 -1.01141 -0.261976 419.123 0 0
1500 76.956 -2.86298 18.0711 0.347777 -0.117218 415.883 0 0
1500 77.7782 -19.5154 18.0688 0.324091 -0.336452 423.156 0 0
1500 70.2566 -10.2231 18.0717 0.244533 -0.230946 415.844 0 0
1500 92.2533 -30.9887 17.8774 0.614145 -0.50231 415.245 0 0
1500 39.0269 -10.1793 17.8595 -0.314101 -0.0932232 422.691 0 0
1500 101.514 -1.28701 18.1087 0.765603 -0.0504014 417.179 0 0
1500 48.5493 29.1506 18.0904 -0.138899 0.456331 424.296 0 0
1500 39.8835 28.7817 18.1141 -0.291865 0.506192 415.924 0 0
1500 62.831 58.0029 17.9324 0.0827811 0.899933 421.274 0 0
1500 77.6376 -14.4517 18.3006 0.42984 -0.248248 417.307 0 0
1500 69.1483 -3.66445 17.8827 0.24639 -0.0960991 415.385 0 0
1500 124.42 4.72027 17.8542 1.04417 0.0329035 419.452 0 0
1500 58.1861 -21.8785 18.0703 0.0683468 -0.342056 426.192 0 0
1500 30.3854 44.9482 17.8244 -0.503905 0.673003 416.137 0 0
1500 58.0383 -46.8008 17.9459 0.0297321 -0.79027 417.043 0 0
1500 79.4159 36.6823 17.9008 0.308024 0.594665 421.762 0 0
1500 70.0794 45.5795 17.8962 0.184642 0.762457 418.013 0 0
1500 119.662 -15.8491 17.8342 0.998487 -0.223299 418.843 0 0
1500 95.7731 -15.8051 18.0007 0.615567 -0.244407 423.472 0 0
1500 94.3838 26.9242 17.8648 0.625098 0.367621 417.032 0 0
1500 71.155 -61.9461 17.853 0.250376 -0.940006 421.339 0 0
1500 122.61 18.8592 17.8497 1.00577 0.230792 420.545 0 0
1500 123.053 -5.49503 17.8493 1.03088 -0.127677 419.309 0 0
1500 50.7944 -54.1485 18.0687 -0.111486 -0.882246 418.711 0 0
1500 82.2683 -1.89066 17.8794 0.41125 -0.0436088 423.755 0 0
1500 79.0354 0.416113 18.0503 0.325827 0.074287 424.524 0 0
1500 91.8654 -14.0073 18.1403 0.558686 -0.213833 425.748 0 0
1500 81.5759 20.4658 17.8362 0.345546 0.394043 416.581 0 0
1500 92.9223 -48.1458 17.83 0.546535 -0.756795 421.5 0 0
1500 11.553 13.8242 17.8425 -0.754277 0.186532 420.459 0 0
1500 47.4789 -14.9631 17.8561 -0.233841 -0.248118 417.715 0 0
1500 44.2072 20.2125 17.8547 -0.283557 0.29201 417.847 0 0
1500 45.9236 41.259 17.8473 -0.253692 0.606432 418.755 0 0
1500 21.8045 -26.5503 17.8449 -0.59431 -0.403044 421.458 0 0
1500 78.7466 -21.4783 17.9243 0.358301 -0.353675 423.021 0 0
1500 104.058 40.6867 17.9067 0.724263 0.682085 419.39 0 0
1500 107.436 -33.4195 17.8314 0.824372 -0.50071 418.802 0 0
1500 81.9998 -15.9408 18.1664 0.356709 -0.298091 418.089 0 0
1500 29.3908 0.242792 18.2796 -0.452508 -0.000592632 418.518 0 0
1500 123.283 9.00961 17.903 1.04098 0.114866 420.951 0 0
1500 118.398 17.9446 17.9048 0.985576 0.25032 419.82 0 0
1500 100.322 -39.5502 18.1174 0.704911 -0.654544 420.087 0 0
1500 66.0352 29.5389 18.0751 0.158655 0.522884 419.02 0 0
1500 52.3215 18.2812 18.0798 -0.049337 0.354726 418.588 0 0
1500 68.8642 17.8391 18.0835 0.260554 0.337291 415.846 0 0
1500 99.7193 -41.8792 17.8218 0.617971 -0.729484 416.791 0 0
1500 103.156 -5.45864 18.4842 0.828261 -0.0374607 419.492 0 0
1500 53.9072 39.9528 17.9514 -0.0313632 0.629859 424.509 0 0
1500 100.922 23.9099 17.8533 0.645334 0.40181 423.732 0 0
1500 106.63 -14.5236 17.8515 0.785579 -0.155612 418.424 0 0
1500 112.801 25.1695 17.8454 0.82474 0.425235 422.815 0 0
1500 60.3508 44.2515 17.8196 0.0124286 0.695828 424.018 0 0
1500 85.3413 -48.6463 17.8457 0.487108 -0.772291 419.361 0 0
1500 105.453 -45.5649 18.2892 0.852857 -0.786301 416.864 0 0
1500 52.6865 -24.8402 17.9556 -0.144836 -0.375334 418.23 0 0
1500 5.81647 32.5724 17.9333 -0.843946 0.49912 420.409 0 0
1500 84.8657 -27.5133 18.1449 0.446434 -0.441746 425.857 0 0
1500 37.0997 -48.0601 17.9334 -0.329295 -0.802569 419.683 0 0
1500 98.2882 -47.6561 18.3023 0.757863 -0.80801 416.892 0 0
1500 32.9355 -31.6505 17.8976 -0.375278 -0.561763 419.263 0 0
1500 21.4921 -54.0776 17.9489 -0.595497 -0.952811 416.014 0 0
1500 43.9546 -19.9864 18.061 -0.243718 -0.360781 418.986 0 0
1500 121.598 -9.04038 17.7981 0.987653 -0.101764 423.016 0 0
1500 96.096 -25.6182 17.8125 0.601206 -0.334216 424.794 0 0
1500 66.4421 -3.77984 17.8249 0.178377 -0.0242893 425.758 0 0
1500 35.4177 -53.0523 17.8878 -0.317383 -0.877487 420.33 0 0
1500 80.7902 36.5282 18.2012 0.40707 0.62095 421.096 0 0
1500 72.8027 -36.8816 17.8568 0.303271 -0.588371 419.649 0 0
1500 75.0694 -63.9644 17.8865 0.307088 -0.987766 423.254 0 0
1500 95.4156 -2.48861 17.9047 0.638852 -0.0949818 419.547 0 0
1500 92.2745 -37.5614 17.8986 0.542709 -0.585211 425.232 0 0
1500 108.995 -14.8337 17.8946 0.836326 -0.281501 420.494 0 0
1500 89.7573 7.52508 17.9093 0.500223 0.0541071 426.183 0 0
1500 94.1812 -55.0139 17.8861 0.587808 -0.859328 423.071 0 0
1500 75.3489 -12.5499 17.9124 0.297411 -0.226327 426.421 0 0
1500 106.255 16.1205 18.5412 0.86435 0.339138 417.083 0 0
1500 87.1478 3.14401 17.8891 0.49063 -0.0220945 419.149 0 0
1500 56.4162 38.9453 18.2077 0.0345287 0.665611 420.826 0 0
1500 133.412 -33.3406 17.9853 1.27516 -0.500808 418.632 0 0
1500 160.713 14.177 17.8263 1.56742 0.192731 423.56 0 0
1500 85.3641 52.3748 17.873 0.44638 0.804902 424.589 0 0
1500 76.1915 36.06 17.883 0.33813 0.613178 419.767 0 0
1500 125.299 -1.87984 17.866 1.04786 0.0269032 422.709 0 0
1500 84.245 55.7242 17.8687 0.45043 0.892843 421.478 0 0
1500 117.026 28.8306 17.8661 0.929367 0.481763 422.45 0 0
1500 38.213 -52.3284 17.8045 -0.299958 -0.873376 420.594 0 0
1500 43.4863 -21.7687 18.1234 -0.260668 -0.320254 420.135 0 0
1500 59.6299 -30.4935 17.9016 0.0752262 -0.480158 426.441 0 0
1500 76.1459 -61.401 17.8805 0.317042 -0.944301 424.077 0 0
1500 77.0917 -18.8339 17.9026 0.319471 -0.316535 426.513 0 0
1500 66.6091 18.509 18.0827 0.201094 0.353067 419.957 0 0
1500 -3.7668 -56.6491 17.8843 -0.993422 -0.862199 421.816 0 0
1500 49.0599 35.0034 17.8967 -0.0781049 0.598139 419.825 0 0
1500 122.467 2.28743 17.9233 1.01946 0.0177651 424.245 0 0
1500 94.196 53.0773 17.8238 0.581109 0.820735 424.137 0 0
1500 105.521 37.0448 17.8249 0.773861 0.60936 421.659 0 0
1500 82.3861 -7.96593 17.8476 0.394054 -0.0652502 426.781 0 0
1500 75.2659 61.7004 17.8227 0.314643 0.974315 422.158 0 0
1500 22.3883 -33.4121 17.9885 -0.597965 -0.518489 421.044 0 0
1500 58.8523 -27.8873 18.0005 -0.0427335 -0.440659 420.093 0 0
1500 78.7908 -32.2345 17.8824 0.308968 -0.523163 426.508 0 0
1500 67.8789 -15.5681 17.9525 0.215554 -0.239987 427.421 0 0
1500 103.03 -48.605 17.9248 0.743137 -0.737869 423.712 0 0
1500 37.1323 -7.64813 18.0812 -0.360193 -0.0857389 420.417 0 0
1500 47.2031 2.39401 18.084 -0.183289 0.0618544 428.052 0 0
1500 80.6483 -36.5599 17.9752 0.396965 -0.546168 426.922 0 0
1500 31.9846 8.86973 18.2082 -0.459851 0.199247 416.135 0 0
1500 33.2309 -61.5239 17.8466 -0.335238 -0.966873 424.329 0 0
1500 65.3363 -64.812 17.8455 0.135761 -1.03401 423.06 0 0
1500 102.471 -28.3774 17.8548 0.706611 -0.505737 421.275 0 0
1500 80.3589 -22.0353 17.8672 0.375141 -0.415796 420.185 0 0
1500 82.3998 -30.7807 17.8629 0.404795 -0.548849 420.511 0 0
1500 66.7049 -63.3497 17.8463 0.156908 -1.01746 422.717 0 0
1500 30.2197 -3.20088 18.1156 -0.466356 -0.0422168 420.981 0 0
1500 110.093 36.2965 17.9399 0.836198 0.597953 423.111 0 0
1500 111.151 27.7036 17.9449 0.820461 0.452803 425.689 0 0
1500 109.944 17.4774 18.1249 0.84246 0.332682 422.647 0 0
1500 94.1206 -56.1389 17.8189 0.613585 -0.828647 422.781 0 0
1500 53.9149 1.13579 17.9509 -0.0913324 0.0672671 427.95 0 0
1500 106.655 -29.7673 17.8228 0.77976 -0.516474 421.92 0 0
1500 110.386 -9.19406 17.8263 0.841958 -0.205065 421.492 0 0
1500 7.7148 -9.32309 17.8976 -0.82746 -0.107114 421.672 0 0
1500 129.909 -110.943 17.7935 1.14714 -1.71753 422.379 0 0
1500 100.903 47.9019 18.1988 0.798867 0.815051 418.508 0 0
1500 97.1729 3.20497 17.982 0.632241 0.12535 421.506 0 0
1500 107.383 26.7866 17.9704 0.775722 0.479546 422.637 0 0
1500 90.9482 -0.931006 17.966 0.56744 0.0501859 421.297 0 0
1500 105.771 35.4393 17.9509 0.73804 0.566885 426.406 0 0
1500 111.8 8.12286 18.3628 0.936102 0.126623 424.727 0 0
1500 53.5225 17.8784 17.972 -0.00726321 0.340554 421.435 0 0
1500 13.9261 -29.2603 17.883 -0.681111 -0.454407 427.346 0 0
1500 -7.31385 -0.420833 17.8736 -1.00289 -0.0449838 425.972 0 0
1500 33.7322 -26.6725 17.8907 -0.434131 -0.453985 421.711 0 0
1500 81.5338 15.3202 18.4474 0.51465 0.23671 422.898 0 0
1500 106.479 -29.4987 17.8596 0.772318 -0.455093 426.359 0 0
1500 2.97321 -10.1067 17.845 -0.883835 -0.093471 422.824 0 0
1500 56.7203 66.191 17.8376 -0.0612717 1.02551 425.694 0 0
1500 7.86187 34.1543 17.8423 -0.764414 0.549469 426.67 0 0
1500 107.259 21.3973 17.8086 0.808203 0.376133 422.719 0 0
1500 121.008 19.854 17.8001 0.989714 0.342643 424.61 0 0
1500 93.6281 -27.7216 17.8165 0.60714 -0.379078 421.937 0 0
1500 117.908 27.9637 17.8004 0.935119 0.458906 425.226 0 0
1500 85.9919 4.29308 17.825 0.44426 0.105491 428.451 0 0
1500 42.3305 6.99522 18.0543 -0.284826 0.0512774 419.093 0 0
1500 -1.23985 12.3107 17.8525 -0.965364 0.186394 423.714 0 0
1500 71.9012 2.55151 17.9594 0.261055 0.111513 421.712 0 0
1500 65.3645 24.5654 17.8259 0.151981 0.393522 428.7 0 0
1500 10.2251 -10.7681 17.9394 -0.767511 -0.220984 423.034 0 0
1500 9.40716 -44.7075 17.8947 -0.805886 -0.729149 422.574 0 0
1500 56.2467 -85.6102 17.9472 -0.0152344 -1.44305 420.416 0 0
1500 9.75997 -123.973 17.7944 -0.778257 -1.81804 426.378 0 0
1500 18.3499 -37.0263 18.038 -0.637826 -0.595489 423.929 0 0
1500 163.68 59.6725 17.9222 1.81127 0.961017 419.047 0 0
1500 112.215 -7.35332 18.047 0.964299 -0.171008 419.416 0 0
1500 10.5491 22.8407 17.8189 -0.73771 0.426229 423.296 0 0
1500 31.2082 39.0001 17.824 -0.390199 0.624465 428.461 0 0
1500 79.0637 10.9723 17.8346 0.31867 0.249263 422.005 0 0
1500 18.1195 52.5395 17.8085 -0.602986 0.854893 425.32 0 0
1500 63.1625 63.1555 17.9822 0.104539 1.01323 425.446 0 0
1500 70.8162 -22.4147 18.0065 0.275801 -0.399269 423.038 0 0
1500 85.988 -55.4944 17.9849 0.49234 -0.878439 425.375 0 0
1500 99.298 1.49639 17.9991 0.70941 -0.0297326 423.609 0 0
1500 61.9489 -12.3074 18.0113 0.124616 -0.218234 430.438 0 0
1500 110.958 35.1651 18.1365 0.915154 0.643711 420.236 0 0
1500 69.9408 60.7104 17.8229 0.192099 0.987586 424.824 0 0
1500 26.845 57.3157 17.8213 -0.45314 0.929968 425.291 0 0
1500 99.8683 48.5671 18.0035 0.656665 0.792377 426.021 0 0
1500 118.671 0.0704716 18.1491 1.01155 -0.000166112 426.322 0 0
1500 79.5057 -1.7684 17.8961 0.312095 -0.100086 421.865 0 0
1500 84.8138 -4.48567 17.8759 0.461994 -0.0897311 427.888 0 0
1500 80.4008 -22.1892 17.9444 0.387075 -0.415293 423.483 0 0
1500 104.17 -15.7508 17.9352 0.745529 -0.31204 424.258 0 0
1500 82.0047 39.6041 17.8429 0.353269 0.68475 423.849 0 0
1500 111.506 -2.55087 17.8158 0.82808 -0.115314 424.18 0 0
1500 66.7727 5.04064 18.1215 0.168087 0.154759 423.954 0 0
1500 117.414 10.5603 18.1327 0.992555 0.162602 426.782 0 0
1500 71.0278 7.27772 17.9518 0.292257 0.0953087 423.487 0 0
1500 78.6715 30.6441 17.9385 0.402988 0.501675 424.125 0 0
1500 118.804 22.5176 17.9315 0.944055 0.405123 426.534 0 0
1500 93.9821 44.2797 17.9362 0.582824 0.739303 425.594 0 0
1500 82.8277 29.4612 17.9483 0.422446 0.52557 424.345 0 0
1500 97.4646 49.5018 17.9318 0.627263 0.807661 426.452 0 0
1500 69.5856 5.85676 17.9588 0.221312 0.164383 423.593 0 0
1500 116.224 18.5664 17.9342 0.914134 0.349564 425.911 0 0
1500 69.7454 19.3909 17.9556 0.22308 0.373798 423.8 0 0
1500 103.779 -17.8954 18.0084 0.783244 -0.363469 421.372 0 0
1500 83.3211 -16.2487 18.2797 0.444748 -0.265442 433.223 0 0
1500 81.7107 -14.3569 18.0421 0.361952 -0.292297 424.376 0 0
1500 119.112 23.3543 17.948 0.985473 0.357068 427.718 0 0
1500 85.9036 -13.0864 17.9955 0.39787 -0.251356 431.42 0 0
1500 76.3164 -51.54 17.9791 0.286874 -0.85421 425.775 0 0
1500 83.5738 -20.0337 18.0978 0.442498 -0.318934 431.672 0 0
1500 88.054 -17.7199 18.1334 0.474535 -0.344063 424.882 0 0
1500 101.646 -39.2002 18.1066 0.750211 -0.622008 426.918 0 0
1500 84.2003 9.40698 18.1268 0.45594 0.0942663 432.021 0 0
1500 87.0503 -6.57496 18.5364 0.538077 -0.122545 433.409 0 0
1500 62.6039 -32.4064 18.3375 0.0613712 -0.524678 424.248 0 0
1500 25.6415 13.0995 17.8531 -0.537706 0.271587 424.298 0 0
1500 35.4284 62.0767 17.8327 -0.365866 0.978248 427.814 0 0
1500 52.722 58.7452 17.8373 -0.114582 0.955893 425.918 0 0
1500 103.371 -20.8188 18.278 0.768497 -0.378031 426.886 0 0
1500 75.2401 10.0022 17.9064 0.356942 0.189061 421.664 0 0
1500 99.5726 -39.7659 17.8924 0.667923 -0.679466 425.449 0 0
1500 34.4756 -70.3386 17.8928 -0.43692 -1.11056 424.21 0 0
1500 74.6627 48.0592 18.0984 0.274475 0.799582 426.486 0 0
1500 91.3695 45.967 17.9107 0.539626 0.704032 430.284 0 0
1500 106.363 44.5305 17.902 0.776105 0.703805 428.265 0 0
1500 47.6843 18.49 17.911 -0.121747 0.326212 431.935 0 0
1500 85.5054 18.4696 17.8495 0.426275 0.318242 431.389 0 0
1500 41.3096 63.4178 17.8292 -0.201967 0.98289 429.038 0 0
1500 88.612 -12.7944 18.0168 0.577842 -0.157376 421.317 0 0
1500 3.85207 37.0936 17.8627 -0.869629 0.57497 427.635 0 0
1500 -4.52049 -12.8557 17.8642 -1.00224 -0.168456 427.083 0 0
1500 4.96741 23.0971 17.8707 -0.82234 0.353822 430.15 0 0
1500 27.2743 22.6975 17.8809 -0.542651 0.375627 425.033 0 0
1500 16.2637 50.4573 17.8645 -0.670601 0.756974 429.105 0 0
1500 110.064 10.4949 17.9473 0.852021 0.252 421.811 0 0
1500 24.1517 1.05793 18.1237 -0.5422 -0.0288209 425.722 0 0
1500 101.714 41.9884 17.9146 0.704677 0.631029 430.15 0 0
1500 116.547 -25.4572 17.8648 0.938245 -0.425493 427.558 0 0
1500 157.379 40.4777 17.8317 1.52744 0.626412 428.674 0 0
1500 -8.59449 17.7835 17.7971 -1.02386 0.199671 428.525 0 0
1500 77.7047 42.053 17.8738 0.321468 0.720872 425.818 0 0
1500 48.2702 29.2747 17.8398 -0.13167 0.530674 425.282 0 0
1500 65.3285 63.3609 17.8202 0.125032 0.99148 429.8 0 0
1500 27.151 56.7443 17.8188 -0.443397 0.922888 427.741 0 0
1500 55.4051 -2.98604 17.8482 -0.0184949 0.0256227 432.678 0 0
1500 133.903 9.70836 18.1419 1.31677 0.210419 423.062 0 0
1500 87.032 17.968 17.8489 0.527727 0.264367 425.466 0 0
1500 32.4441 -27.0771 18.1298 -0.411444 -0.459828 426.769 0 0
1500 33.3358 -47.9857 18.0264 -0.412368 -0.763785 427.456 0 0
1500 17.2021 -12.3943 18.0336 -0.663368 -0.227916 426.759 0 0
1500 69.8215 -7.12294 18.0461 0.142873 -0.149389 425.863 0 0
1500 8.63797 -35.1166 17.8784 -0.807553 -0.555025 427.765 0 0
1500 88.3088 35.635 17.8977 0.531619 0.592382 426.866 0 0
1500 115.997 -31.9751 17.8064 0.850261 -0.556449 427.284 0 0
1500 2.26142 68.3978 17.8399 -0.8278 1.092 428.726 0 0
1500 82.9591 -3.51205 17.9249 0.42369 -0.0728761 433.239 0 0
1500 94.0919 55.1762 17.9206 0.612201 0.847993 429.463 0 0
1500 84.7587 53.9976 17.9247 0.482786 0.84544 428.273 0 0
1500 55.9376 -25.0651 18.2367 -0.0187763 -0.401412 434.639 0 0
1500 257.256 -108.151 17.8069 3.15514 -1.69018 426.503 0 0
1500 121.377 8.41001 17.8027 0.980234 0.197023 428.267 0 0
1500 108.642 -3.24094 17.9423 0.818372 0.00474108 429.483 0 0
1500 109.525 -107.47 17.8232 0.788771 -1.7213 427.4 0 0
1500 60.5023 40.2726 17.9965 -0.0315245 0.705977 421.804 0 0
1500 54.2619 -17.3397 18.2272 -0.0199211 -0.304787 435.188 0 0
1500 78.7513 61.2775 17.8615 0.331911 0.984214 429.594 0 0
1500 112.559 37.7492 17.8123 0.843802 0.621812 430.038 0 0
1500 82.3942 -9.02297 18.1923 0.43975 -0.243232 420.386 0 0
1500 101.411 -52.9595 17.8747 0.648516 -0.854086 430.615 0 0
1500 98.912 -45.6155 17.9392 0.635246 -0.758464 429.653 0 0
1500 89.0618 -29.9294 17.9516 0.498689 -0.535233 428.167 0 0
1500 97.6651 -27.5869 17.931 0.609298 -0.497859 428.377 0 0
1500 12.7686 48.8516 17.8108 -0.750627 0.718644 430.135 0 0
1500 92.0074 -33.2717 18.4886 0.675107 -0.707732 417.122 0 0
1500 67.9394 8.55276 18.1098 0.218456 0.101932 438.943 0 0
1500 27.375 -51.5275 18.055 -0.481762 -0.923456 424.421 0 0
1500 92.7782 -29.2163 18.1062 0.549084 -0.517779 429.17 0 0
1500 114.538 -12.7435 18.0272 0.938026 -0.227533 430.134 0 0
1500 59.0595 -35.7742 18.1681 -0.00377219 -0.586865 428.962 0 0
1500 31.4328 42.137 17.913 -0.500342 0.641542 424.717 0 0
1500 127.238 -33.7462 18.1675 1.23216 -0.623952 423.701 0 0
1500 108.067 12.2326 17.9348 0.772717 0.222932 434.152 0 0
1500 -3.81606 27.1572 17.8919 -0.972973 0.388197 431.614 0 0
1500 89.5651 -49.5808 17.9767 0.45224 -0.834015 426.786 0 0
1500 83.1667 5.91318 18.0579 0.443375 0.0697477 435.756 0 0
1500 96.2306 7.8075 18.1797 0.700634 0.12368 429.8 0 0
1500 59.6831 38.3296 17.9659 -0.0181124 0.720954 422.912 0 0
1500 68.5879 1.54246 17.9548 0.255028 0.00716795 428.063 0 0
1500 53.776 63.1078 17.8934 -0.0316313 0.980452 433.117 0 0
1500 30.8796 -8.6307 17.8527 -0.448359 -0.137361 435.333 0 0
1500 95.9984 -55.4443 17.8681 0.635467 -0.827076 432.244 0 0
1500 70.4011 -42.3535 17.884 0.272766 -0.666534 429.018 0 0
1500 143.824 1.30758 18.2406 1.57006 0.000624181 423.077 0 0
1500 104.254 -40.7626 17.8976 0.713493 -0.648093 433.537 0 0
1500 32.0882 -6.34884 18.1367 -0.493104 -0.0683564 423.244 0 0
1500 56.8352 -26.0113 18.2007 -0.0316029 -0.442551 429.683 0 0
1500 34.8633 13.7883 18.0653 -0.363272 0.193749 436.513 0 0
1500 71.1657 -61.9628 17.9218 0.251607 -0.986242 431.365 0 0
1500 108.508 30.315 17.8783 0.876088 0.501724 427.678 0 0
1500 53.056 37.6731 18.016 -0.0749391 0.65094 429.624 0 0
1500 124.702 8.02534 18.5851 1.26221 0.15025 425.336 0 0
1500 40.9376 -50.0714 18.0724 -0.267408 -0.810859 431.183 0 0
1500 100.428 -9.38148 17.8888 0.659147 -0.0880155 435.498 0 0
1500 45.7881 6.47849 18.1657 -0.202302 0.0483856 429.696 0 0
1500 63.7946 -28.2734 18.1603 0.074382 -0.483721 430.057 0 0
1500 87.7088 58.4101 17.7974 0.482004 0.909472 433.033 0 0
1500 107.646 -3.57931 17.8086 0.812558 0.00104849 429.811 0 0
1500 72.3496 56.8403 17.8015 0.266144 0.918325 430.666 0 0
1500 59.5624 -15.4971 18.2025 0.0523726 -0.311667 430.125 0 0
1500 139.019 -17.7187 18.0274 1.40817 -0.310226 426.62 0 0
1500 92.9098 -8.04252 17.9923 0.544147 -0.205616 424.582 0 0
1500 89.5108 57.6416 17.8412 0.420937 0.925191 430.586 0 0
1500 83.7445 -70.7405 17.9587 0.490207 -1.14167 428.735 0 0
1500 52.7656 0.991222 17.9843 -0.0528057 0.0829425 437.225 0 0
1500 103.849 31.7459 17.9617 0.715149 0.555776 431.181 0 0
1500 42.2781 -54.7988 17.8674 -0.309963 -0.832907 431.141 0 0
1500 9.39378 30.3051 17.8654 -0.806323 0.458442 431.415 0 0
1500 17.5938 8.98381 17.8777 -0.636775 0.126736 436.132 0 0
1500 2.57304 35.0223 17.8603 -0.883549 0.514686 433.359 0 0
1500 98.7368 -29.8228 17.8104 0.693355 -0.484967 430.575 0 0
1500 62.6838 -45.7927 17.8173 0.129581 -0.674349 435.951 0 0
1500 66.6254 -0.829789 18.4513 0.256154 -0.025188 439.223 0 0
1500 53.6896 -2.70701 18.1235 -0.156564 -0.0438647 422.587 0 0
1500 120.991 -5.56818 17.9183 1.06663 -0.018004 426.707 0 0
1500 95.096 -42.5687 17.9234 0.666311 -0.670408 429.604 0 0
1500 112.47 27.8837 18.0483 0.896838 0.459731 432.917 0 0
1500 72.2189 -10.0217 18.074 0.278403 -0.0960329 437.923 0 0
1500 94.0601 34.4007 18.1189 0.65547 0.662248 424.713 0 0
1500 40.1347 12.5072 18.3839 -0.257807 0.236538 431.631 0 0
1500 59.4052 -6.2441 18.0757 0.0635646 -0.153082 438.245 0 0
1500 61.0948 -23.1795 18.071 0.0969811 -0.431757 430.7 0 0
1500 141.726 38.741 18.1278 1.54374 0.648644 423.74 0 0
1500 60.2351 5.22441 17.8245 -0.0432212 0.107766 429.6 0 0
1500 35.0343 -48.6231 17.8051 -0.429158 -0.721477 431.096 0 0
1500 82.7364 -60.7529 17.8833 0.443019 -0.936279 433.172 0 0
1500 43.5842 44.0429 17.9283 -0.255411 0.718626 432.367 0 0
1500 77.6128 0.287269 17.9858 0.398819 -0.0101127 430.586 0 0
1500 38.9708 -15.9084 17.8909 -0.361373 -0.215108 430.544 0 0
1500 8.89124 25.5148 17.8753 -0.760361 0.394099 436.418 0 0
1500 -8.10235 8.48098 17.8654 -1.03122 0.155266 434.493 0 0
1500 27.338 9.45687 17.8867 -0.540165 0.179217 430.832 0 0
1500 23.0821 -20.3922 17.8834 -0.603753 -0.282555 431.089 0 0
1500 18.8204 6.30368 17.8828 -0.669111 0.129707 431.135 0 0
1500 3.82352 -26.0588 17.8704 -0.882536 -0.362409 432.46 0 0
1500 -2.35578 -29.0113 17.8656 -0.959682 -0.40026 433.585 0 0
1500 118.002 -22.6391 17.8404 0.94651 -0.337424 435.204 0 0
1500 35.9882 -9.71369 17.9218 -0.389519 -0.21558 429.739 0 0
1500 66.4432 35.64 17.8311 0.149751 0.565268 437.448 0 0
1500 32.8942 42.124 17.8255 -0.325648 0.661319 436.954 0 0
1500 99.798 42.7708 17.8165 0.633718 0.680405 435.929 0 0
1500 83.7975 -10.0599 17.8352 0.436892 -0.0877378 430.567 0 0
1500 77.1122 23.2456 17.8324 0.331497 0.431164 430.756 0 0
1500 105.835 35.1338 17.8171 0.719827 0.569639 436.016 0 0
1500 45.3894 15.6221 17.8372 -0.163326 0.31404 430.431 0 0
1500 69.2895 54.6766 17.8196 0.192936 0.847097 436.33 0 0
1500 92.1929 26.9847 17.8277 0.514988 0.445017 437.16 0 0
1500 220.181 10.7628 17.918 2.74805 0.211993 427.186 0 0
1500 55.8359 39.4557 17.9275 -0.09635 0.6286 431.426 0 0
1500 96.1936 6.38088 18.2502 0.705339 0.111803 432.905 0 0
1500 87.9718 46.3196 17.8637 0.534364 0.723764 432.326 0 0
1500 75.6239 -76.9975 17.7969 0.272211 -1.17993 435.978 0 0
1500 80.393 17.0809 17.8261 0.365493 0.195001 437.993 0 0
1500 77.3211 -33.4282 17.8205 0.324383 -0.517185 437.552 0 0
1500 56.7236 -2.49778 17.8307 0.0331004 -0.0794535 438.321 0 0
1500 84.2698 5.91976 17.8259 0.419987 0.0383427 437.98 0 0
1500 69.2309 -66.1059 17.8002 0.219653 -1.02315 434.478 0 0
1500 60.2594 -62.7069 17.803 0.0890788 -0.994088 433.039 0 0
1500 1.61805 19.4276 17.9783 -0.906804 0.348858 431.875 0 0
1500 63.8609 15.6432 17.8275 0.0100469 0.244058 430.578 0 0
1500 15.0845 -50.6862 17.7986 -0.717533 -0.756877 433.933 0 0
1500 61.1001 -25.7887 18.2461 0.00985375 -0.458082 426.925 0 0
1500 43.902 -4.84762 18.2698 -0.232384 -0.0546932 432.636 0 0
1500 116.629 29.7378 17.912 0.950788 0.439231 435.056 0 0
1500 88.2096 -50.2167 17.8797 0.494883 -0.765041 437.347 0 0
1500 13.3737 49.746 17.8945 -0.669397 0.805883 435.389 0 0
1500 41.4647 48.9382 17.9072 -0.244586 0.76295 438.141 0 0
1500 79.0721 51.4701 17.9021 0.309177 0.854238 433.575 0 0
1500 110.675 -13.4693 18.0457 0.895948 -0.202768 434.188 0 0
1500 120.817 15.0658 17.8942 1.02316 0.203923 434.388 0 0
1500 105.242 42.9483 17.8059 0.717351 0.689342 436.522 0 0
1500 74.6915 -4.90815 18.1071 0.2838 -0.133173 440.268 0 0
1500 91.8167 26.8041 17.9406 0.597341 0.398411 434.527 0 0
1500 95.1422 11.4606 17.9436 0.617306 0.160448 437.759 0 0
1500 62.155 -59.6005 18.0159 0.0451916 -0.955792 434.58 0 0
1500 4.15815 25.8032 17.8368 -0.880597 0.422034 434.108 0 0
1500 88.3305 -13.8384 17.8377 0.534781 -0.258443 432.282 0 0
1500 91.7146 18.8188 17.8688 0.602008 0.285083 432.662 0 0
1500 82.2437 18.5939 17.8899 0.317844 0.331322 433.382 0 0
1500 41.9161 -27.6 17.8281 -0.213546 -0.497095 432.272 0 0
1500 68.6856 26.7058 18.1407 0.247675 0.471176 433.545 0 0
1500 91.3092 22.3603 17.9163 0.598545 0.359108 433.179 0 0
1500 105.024 41.8771 17.9032 0.758981 0.618241 437.516 0 0
1500 103.068 -39.704 17.9041 0.763824 -0.58419 434.516 0 0
1500 73.4359 -2.58081 18.2367 0.302044 0.0358929 433.733 0 0
1500 99.1061 5.19465 18.2257 0.68634 0.15298 434.547 0 0
1500 59.958 -12.4203 18.3241 0.0907384 -0.241491 440.532 0 0
1500 122.014 11.0274 17.9116 1.03247 0.160696 436.073 0 0
1500 118.541 7.68025 17.9141 0.993767 0.112615 435.211 0 0
1500 94.2699 -6.28787 18.1957 0.660715 -0.137841 434.475 0 0
1500 42.6735 -50.913 18.0201 -0.238365 -0.840128 434.716 0 0
1500 117.803 5.43586 17.9251 0.958089 0.0678172 437.241 0 0
1500 -7.84726 -53.197 18.0081 -1.19289 -0.968999 427.178 0 0
1500 103.431 -43.7844 18.0482 0.763362 -0.687162 436.511 0 0
1500 63.641 -52.2068 17.9489 0.127733 -0.863891 434.902 0 0
1500 113.698 -13.2297 17.9508 0.880786 -0.184031 439.191 0 0
1500 61.0774 -10.2782 17.8825 0.10201 -0.183515 441.179 0 0
1500 77.4641 0.951207 17.8623 0.348293 -0.0507158 433.189 0 0
1500 87.4153 -38.9338 17.8494 0.457923 -0.61267 439.602 0 0
1500 97.6969 -40.3339 17.8996 0.598392 -0.643439 439.512 0 0
1500 84.1536 -58.9405 17.8926 0.411823 -0.924381 438.355 0 0
1500 73.777 -58.7056 17.8937 0.270322 -0.953225 436.025 0 0
1500 41.3485 -49.902 17.9004 -0.22008 -0.832727 435.082 0 0
1500 109.339 -31.9314 18.038 0.859511 -0.507193 436.748 0 0
1500 94.8583 4.20954 17.9145 0.655493 0.0671834 434.474 0 0
1500 73.0344 22.4922 17.8556 0.167115 0.369437 441.206 0 0
1500 32.1831 -0.560646 17.8545 -0.451133 0.051675 433.954 0 0
1500 96.5726 36.1915 17.8414 0.544132 0.614718 435.015 0 0
1500 85.8146 33.5448 17.8623 0.492002 0.56414 434.836 0 0
1500 97.4949 39.5585 17.8539 0.662735 0.647826 435.73 0 0
1500 177.61 -14.6292 18.115 2.11922 -0.269449 429.25 0 0
1500 17.6552 37.2872 17.839 -0.624103 0.586307 440.012 0 0
1500 65.0827 21.3166 18.0259 0.185651 0.318015 442.214 0 0
1500 95.1546 -14.7244 18.0185 0.607862 -0.183565 441.627 0 0
1500 42.847 -21.3968 18.0336 -0.320671 -0.328392 430.158 0 0
1500 22.3787 -0.0376906 18.2797 -0.610387 -0.0704109 429.472 0 0
1500 83.21 36.5578 17.9266 0.475668 0.561979 435.441 0 0
1500 104.246 -1.4105 17.924 0.79574 -0.0207973 435.674 0 0
1500 80.5472 0.424331 17.8299 0.413595 0.0518788 434.317 0 0
1500 115.648 4.60317 17.9236 1.02678 0.122731 430.431 0 0
1500 91.9488 -15.9721 18.3242 0.704525 -0.2818 429.346 0 0
1500 43.6008 28.9777 17.8615 -0.293679 0.420533 434.872 0 0
1500 29.4053 26.7215 17.8348 -0.465085 0.463999 437.456 0 0
1500 31.2911 26.6592 17.8362 -0.424412 0.449868 439.417 0 0
1500 -15.1146 -91.943 17.9254 -1.23636 -1.59108 431.387 0 0
1500 97.5784 -25.5946 18.0943 0.649877 -0.461731 436.892 0 0
1500 101.23 -7.97691 18.097 0.707815 -0.195632 436.647 0 0
1500 94.7385 17.4653 18.2611 0.679671 0.291395 437.305 0 0
1500 96.6035 -26.7371 18.0184 0.683336 -0.431084 436.781 0 0
1500 81.7997 16.7165 18.5231 0.439119 0.324442 437.933 0 0
1500 26.9858 -58.8087 17.8251 -0.457176 -0.943186 438.933 0 0
1500 53.7556 -26.0883 17.8492 -0.0648191 -0.484519 435.443 0 0
1500 -1.23661 -32.8933 17.8254 -0.879543 -0.563444 438.533 0 0
1500 77.4119 -1.26053 18.0875 0.375021 0.0496792 434.301 0 0
1500 63.361 -65.457 18.1298 0.16734 -1.1483 431.678 0 0
1500 46.6203 -24.5276 17.9719 -0.130942 -0.451808 436.127 0 0
1500 127.612 21.176 17.955 1.10214 0.353171 439.546 0 0
1500 63.9474 3.53179 17.8307 0.0839514 0.134708 434.828 0 0
1500 99.6833 28.0228 17.8913 0.653591 0.442487 442.351 0 0
1500 61.3819 48.9484 17.8905 0.118636 0.797904 437.194 0 0
1500 63.0262 42.7572 18.1864 0.109788 0.721316 438.001 0 0
1500 83.5679 43.7316 18.1816 0.417592 0.730896 438.467 0 0
1500 76.1468 -38.2037 18.0378 0.263053 -0.692144 433.161 0 0
1500 134.892 -30.8228 18.1466 1.37321 -0.496923 433.286 0 0
1500 154.994 -25.0204 18.1019 1.73587 -0.378258 431.112 0 0
1500 109.586 -11.9557 17.9315 0.872139 -0.180537 438.561 0 0
1500 73.7208 -29.5323 18.0122 0.300934 -0.445404 444.518 0 0
1500 88.1264 -1.58777 18.0132 0.501295 -0.0556492 444.594 0 0
1500 121.194 -4.01977 17.9909 1.02388 -0.0952916 440.252 0 0
1500 107.695 -11.3982 18.0021 0.784795 -0.195024 443.596 0 0
1500 32.8126 36.632 18.0774 -0.379259 0.628196 438.575 0 0
1500 41.119 -57.0584 17.8966 -0.254228 -0.969531 436.914 0 0
1500 92.9092 19.7851 17.8676 0.540475 0.383215 437.597 0 0
1500 98.4492 3.1727 17.8691 0.704145 0.0612225 437.846 0 0
1500 -2.40266 -17.352 17.9277 -0.965662 -0.262561 439.877 0 0
1500 59.265 42.1165 18.4647 -0.0100269 0.858403 426.925 0 0
1500 188.58 -80.1746 17.8528 2.11799 -1.23605 437.469 0 0
1500 98.843 45.9391 17.7953 0.648979 0.759146 439.784 0 0
1500 17.5657 -17.1613 18.0421 -0.674896 -0.368525 433.637 0 0
1500 83.6463 49.1578 17.8626 0.447144 0.731415 442.627 0 0
1500 23.5061 19.5452 17.8893 -0.54147 0.309359 444.778 0 0
1500 76.8783 29.2354 17.8919 0.231442 0.491343 438.193 0 0
1500 95.4438 28.2405 17.962 0.634398 0.503602 438.638 0 0
1500 18.3416 46.3259 17.8039 -0.67737 0.699499 440.282 0 0
1500 42.7145 3.43004 17.8281 -0.287135 0.0480575 445.404 0 0
1500 112.551 34.7166 17.8041 0.869491 0.466386 440.258 0 0
1500 58.4862 3.80025 17.8753 0.0739401 0.0793816 446.04 0 0
1500 107.428 -6.0846 17.8562 0.830806 -0.0641835 439.603 0 0
1500 86.5738 -62.4742 17.8868 0.523267 -0.978831 439.234 0 0
1500 117.201 51.4324 17.9484 1.04594 0.935539 433.864 0 0
1500 -25.434 -21.0164 17.9378 -1.34294 -0.313788 439.808 0 0
1500 63.8775 57.1319 17.798 0.017 0.906542 440.221 0 0
1500 70.301 38.5731 17.8442 0.2425 0.558985 445.756 0 0
1500 109.308 3.25333 17.8337 0.859844 0.0659228 440.222 0 0
1500 95.2806 8.29877 17.842 0.652906 0.144823 439.453 0 0
1500 33.3412 61.6652 17.8851 -0.38402 0.972935 443.001 0 0
1500 30.4717 14.8226 17.9074 -0.449846 0.300684 439.418 0 0
1500 45.1028 9.16567 17.9129 -0.224281 0.214206 439.047 0 0
1500 58.9145 32.3022 17.9082 -0.00798608 0.516706 446.284 0 0
1500 76.8033 21.4064 17.9103 0.242143 0.363185 446.447 0 0
1500 29.4767 52.8357 17.889 -0.452076 0.864835 441.301 0 0
1500 79.9127 4.02011 18.0016 0.365398 0.00770648 448.03 0 0
1500 23.2619 -9.86519 18.0555 -0.562319 -0.201129 440.403 0 0
1500 46.0485 -27.7866 18.0592 -0.192618 -0.430883 447.233 0 0
1500 66.8594 -28.123 18.0586 0.106788 -0.482858 440.177 0 0
1500 108.012 -34.1638 17.9736 0.798769 -0.522086 445.018 0 0
1500 119.993 21.1972 17.9034 0.982931 0.36064 443.089 0 0
1500 52.9374 19.6456 18.1035 -0.165568 0.395629 431.885 0 0
1500 121.243 0.256675 17.912 1.02982 -0.062487 440.018 0 0
1500 114.95 -16.1424 17.8994 0.931154 -0.329212 438.887 0 0
1500 34.1871 -32.1718 18.1613 -0.376508 -0.538666 441.388 0 0
1500 46.5302 -22.0029 18.1681 -0.190272 -0.386987 440.888 0 0
1500 30.5048 -9.51762 17.8265 -0.505719 -0.124754 439.816 0 0
1500 42.2131 20.554 17.829 -0.291006 0.309814 446.908 0 0
1500 10.973 -48.1981 17.8048 -0.75971 -0.682418 444.081 0 0
1500 37.7883 12.4752 17.8295 -0.352941 0.196303 446.945 0 0
1500 14.4765 42.4942 17.8066 -0.732139 0.664815 441.872 0 0
1500 45.7737 63.6153 17.8053 -0.258224 0.979566 442.163 0 0
1500 96.7432 -48.1475 17.9228 0.65474 -0.762217 442.55 0 0
1500 86.51 4.26085 17.9448 0.468174 0.0205825 447.322 0 0
1500 93.0659 -51.6475 17.9225 0.599056 -0.813703 442.624 0 0
1500 121.926 -11.7508 17.9206 1.02052 -0.215221 443.275 0 0
1500 110.937 -7.55748 17.9287 0.87932 -0.156978 441.625 0 0
1500 121.003 9.11615 17.8361 1.01525 0.159351 442.768 0 0
1500 80.8559 56.6596 17.8416 0.398783 0.837313 445.426 0 0
1500 -3.41563 -3.09984 17.8205 -0.975235 0.0136429 442.037 0 0
1500 24.72 -12.3418 18.1618 -0.577762 -0.270203 436.05 0 0
1500 62.2746 -16.6676 18.1049 0.0463565 -0.311634 440.927 0 0
1500 68.5767 7.00714 18.5366 0.274431 0.133929 451.184 0 0
1500 109.107 21.9486 17.8976 0.858587 0.318189 442.13 0 0
1500 74.3257 4.49701 18.2677 0.380964 0.0545162 441.791 0 0
1500 111.459 -5.81631 18.2482 0.922362 -0.10007 443.564 0 0
1500 69.9455 28.7055 17.9554 0.16369 0.512294 440.946 0 0
1500 113.597 -5.67063 17.8129 0.862689 -0.0605519 446.107 0 0
1500 103.596 46.8388 17.8036 0.749339 0.72069 443.317 0 0
1500 111.643 -16.4868 17.8131 0.834481 -0.215488 446.124 0 0
1500 97.6266 9.59411 17.8199 0.684444 0.170811 440.948 0 0
1500 63.8245 -6.98775 18.2691 0.0750216 -0.135337 441.668 0 0
1500 46.4694 -11.2698 18.2681 -0.170292 -0.179475 449.458 0 0
1500 100.59 -1.51637 18.069 0.745369 0.0146056 442.047 0 0
1500 95.2553 -19.3491 17.8639 0.645883 -0.261199 441.123 0 0
1500 71.4203 66.528 17.8203 0.14182 1.03609 443.658 0 0
1500 122.448 33.6828 17.8261 0.996811 0.499139 445.916 0 0
1500 94.3891 -32.2245 17.852 0.638347 -0.561265 439.477 0 0
1500 66.3522 41.4935 17.8115 0.12952 0.718669 441.375 0 0
1500 66.0111 -1.33989 17.8917 0.12001 0.050889 448.548 0 0
1500 80.8895 29.4823 18.1231 0.431501 0.51073 442.428 0 0
1500 27.7939 5.47132 17.8798 -0.525031 0.0359776 441.131 0 0
1500 162.035 -22.5886 17.8851 1.69746 -0.366482 441.174 0 0
1500 95.9332 24.7148 18.4758 0.72073 0.532089 432.654 0 0
1500 77.4441 66.306 17.8738 0.256706 1.08301 441.697 0 0
1500 82.3765 -20.1376 17.9296 0.421313 -0.283908 448.314 0 0
1500 119.644 19.414 17.8341 0.955582 0.371045 442.425 0 0
1500 69.2273 -18.629 17.9575 0.219433 -0.30817 448.715 0 0
1500 110.092 8.26598 17.9407 0.860815 0.0725165 442.693 0 0
1500 102.084 -30.6946 17.9417 0.690655 -0.485775 447.304 0 0
1500 83.0828 33.3215 17.8475 0.459435 0.544751 441.881 0 0
1500 104.435 47.1399 17.8314 0.750611 0.721105 445.207 0 0
1500 137.495 23.2242 17.8248 1.25714 0.429931 441.91 0 0
1500 113.904 -24.0896 17.8578 0.908188 -0.393849 444.045 0 0
1500 66.5143 -14.7754 18.033 0.198665 -0.24215 449.818 0 0
1500 164.999 10.0451 17.8168 1.70568 0.128685 443.1 0 0
1500 27.0901 23.4454 17.8835 -0.499541 0.341295 448.804 0 0
1500 115.375 -20.8229 17.9263 0.929623 -0.360897 444.501 0 0
1500 82.8431 -2.29352 17.948 0.457665 -0.0861919 442.248 0 0
1500 76.1133 -45.5092 17.9379 0.322068 -0.689406 448.505 0 0
1500 102.572 46.4178 17.8172 0.717861 0.6723 446.785 0 0
1500 51.5268 -7.83862 18.1058 -0.141514 -0.108964 442.592 0 0
1500 74.9172 -3.30668 18.0924 0.301156 0.0120606 450.293 0 0
1500 48.3592 -21.9074 18.0179 -0.0988806 -0.372155 450.064 0 0
1500 114.239 23.9809 17.8247 0.867077 0.392473 447.346 0 0
1500 111.023 -7.12758 18.0311 0.856517 -0.177613 444.408 0 0
1500 60.8214 -51.5879 18.0319 0.0980743 -0.850719 444.309 0 0
1500 2.23596 33.3242 17.804 -0.879179 0.556912 445.298 0 0
1500 62.713 -23.7192 18.0379 0.114935 -0.441373 443.14 0 0
1500 48.3583 -6.01238 17.8322 -0.204929 -0.153938 442.099 0 0
1500 25.833 30.6343 17.8886 -0.518055 0.541562 443.402 0 0
1500 51.0495 65.7324 17.9302 -0.0844229 1.04346 446.24 0 0
1500 70.7533 -24.2586 18.2967 0.310893 -0.420648 444.234 0 0
1500 97.3614 93.9159 17.9464 0.676664 1.65057 438.421 0 0
1500 122.98 -60.4258 17.8528 1.05033 -0.962776 444.516 0 0
1500 41.732 23.0479 17.9543 -0.305141 0.319022 443.352 0 0
1500 49.514 1.50634 17.959 -0.165107 -0.0135207 450.9 0 0
1500 115.05 -29.3027 17.9591 0.913922 -0.434219 448.041 0 0
1500 105.74 -3.1854 17.9715 0.760173 -0.0550591 449.777 0 0
1500 71.8346 1.80253 18.1331 0.308536 -0.0241012 443.889 0 0
1500 39.7173 10.2326 18.0706 -0.305457 0.102075 443.753 0 0
1500 54.2114 -43.5146 18.059 -0.0804886 -0.718629 444.614 0 0
1500 91.3432 -56.2151 17.9769 0.494923 -0.935922 443.729 0 0
1500 29.5096 42.7422 18.0779 -0.516274 0.810108 437.43 0 0
1500 92.9771 -31.2417 18.5846 0.694057 -0.648526 434.966 0 0
1500 24.1422 0.215388 17.9582 -0.521616 0.0232898 451.626 0 0
1500 77.1675 -62.9174 17.8876 0.317899 -0.986386 447.767 0 0
1500 97.2509 -14.9947 17.9035 0.643977 -0.301214 444.308 0 0
1500 102.172 -35.5166 17.8912 0.753512 -0.538133 445.407 0 0
1500 70.7188 2.18444 18.1083 0.211564 -0.0408283 444.42 0 0
1500 76.3648 62.7787 17.8921 0.265023 0.984966 448.395 0 0
1500 15.7171 22.7376 17.8123 -0.607362 0.393843 450.08 0 0
1500 82.2154 6.18598 18.0625 0.50033 0.104399 440.126 0 0
1500 29.4209 -35.5156 17.8356 -0.405384 -0.616255 444.616 0 0
1500 145.751 -26.0298 18.0289 1.45991 -0.412853 444.471 0 0
1500 105.916 33.9912 18.3769 0.912256 0.555467 442.444 0 0
1500 50.993 49.0727 17.877 -0.10829 0.766 450.797 0 0
1500 84.6596 52.2491 17.8685 0.394035 0.864976 446.406 0 0
1500 23.1789 -45.1482 17.8061 -0.548729 -0.761112 446.304 0 0
1500 124.238 4.46879 17.816 1.01726 0.137205 447.497 0 0
1500 33.6586 58.0705 17.8172 -0.341483 0.944854 447.173 0 0
1500 42.7809 9.01261 17.843 -0.212375 0.214596 444.599 0 0
1500 32.9035 0.51577 18.2403 -0.517099 -0.0414109 436.417 0 0
1500 126.981 10.5751 17.8756 1.15096 0.23645 443.229 0 0
1500 72.2617 -9.21324 18.0433 0.233793 -0.218767 445.612 0 0
1500 28.2755 25.2775 18.0807 -0.529859 0.373957 442.899 0 0
1500 159.494 12.2687 17.8565 1.62428 0.255884 445.558 0 0
1500 123.353 -20.038 17.9347 1.06559 -0.353141 447.281 0 0
1500 94.8336 -30.7089 17.9044 0.599937 -0.435097 452.199 0 0
1500 91.0377 51.9657 18.0891 0.652576 0.951865 439.058 0 0
1500 7.17159 -40.5529 17.8523 -0.763338 -0.681392 448.621 0 0
1500 76.6484 -44.6992 17.8658 0.261885 -0.704579 452.307 0 0
1500 80.0635 -60.8873 17.8516 0.3263 -0.982272 448.853 0 0
1500 36.1452 -24.3556 17.8726 -0.342036 -0.455341 446.225 0 0
1500 68.1772 -36.3847 17.8695 0.15457 -0.63974 446.457 0 0
1500 101.784 -32.4865 18.0122 0.696797 -0.506551 452.502 0 0
1500 108.712 -9.55431 18.0937 0.848949 -0.219418 446.487 0 0
1500 62.5254 17.5871 17.8372 0.0468554 0.314683 453.57 0 0
1500 48.1857 34.5819 17.8307 -0.154999 0.556497 453.075 0 0
1500 55.0675 61.2707 17.8724 0.0238576 0.977352 447.731 0 0
1500 112.73 -31.243 17.9916 0.931304 -0.474584 447.916 0 0
1500 78.6278 -60.0526 17.9442 0.359895 -0.958379 449.518 0 0
1500 116.918 -38.4946 18.1523 1.10081 -0.750142 439.017 0 0
1500 51.808 38.7816 18.3133 -0.101857 0.752587 440.228 0 0
1500 113.685 1.55934 17.819 0.893376 0.0854085 448.079 0 0
1500 91.9891 7.01724 17.8315 0.572362 0.171775 446.915 0 0
1500 96.8961 13.4852 17.8278 0.645676 0.271057 447.208 0 0
1500 82.9648 61.0328 17.8112 0.408725 0.956498 450.597 0 0
1500 34.2203 60.7343 17.8142 -0.30405 0.940474 451.439 0 0
1500 72.0428 -3.3289 17.84 0.236071 0.00988357 454.085 0 0
1500 93.0207 41.9857 17.8184 0.577322 0.701762 448.149 0 0
1500 97.0976 33.0755 17.9213 0.611294 0.58044 448.29 0 0
1500 -17.9907 29.8888 18.0303 -1.38264 0.504267 441.245 0 0
1500 137.188 -14.2936 18.0544 1.37683 -0.223266 444.909 0 0
1500 55.9984 -14.7902 18.4049 -0.0149058 -0.270779 448.765 0 0
1500 9.10233 -89.6487 17.8256 -0.819203 -1.43089 447.648 0 0
1500 83.0679 7.59577 18.0192 0.383176 0.173639 454.89 0 0
1500 44.2483 -63.749 17.8283 -0.240248 -1.01414 450.14 0 0
1500 72.6459 108.301 17.8228 0.1876 1.70646 449.462 0 0
1500 46.9084 -52.6015 17.8301 -0.142925 -0.874797 448.863 0 0
1500 131.861 90.0304 17.8199 1.14 1.44007 449.267 0 0
1500 2.58102 -24.8349 17.9243 -0.894629 -0.354237 449.825 0 0
1500 65.6576 -28.6435 17.8639 0.0920533 -0.517479 447.834 0 0
1500 91.5284 0.130709 18.1966 0.556869 -0.0457262 455.899 0 0
1500 84.5058 -67.2526 17.8183 0.485109 -1.07552 447.55 0 0
1500 99.4605 -36.2243 18.0576 0.688365 -0.610587 450.249 0 0
1500 77.942 6.54059 17.8689 0.381221 0.0625614 447.908 0 0
1500 99.3277 -43.3167 17.8487 0.659161 -0.65979 453.342 0 0
1500 108.49 -19.6974 17.8503 0.837124 -0.338552 449.514 0 0
1500 60.0686 -28.1639 17.8856 0.000745738 -0.510825 447.683 0 0
1500 91.4965 -43.0045 17.8121 0.532515 -0.728886 449.401 0 0
1500 47.6869 -24.1955 17.8299 -0.125229 -0.406315 455.122 0 0
1500 10.5264 -31.1486 17.8126 -0.704028 -0.548448 449.338 0 0
1500 46.0829 61.0342 17.9345 -0.141114 0.985535 450.717 0 0
1500 67.5366 16.9812 17.9588 0.167487 0.302571 455.805 0 0
1500 24.1212 -56.3178 17.7929 -0.501235 -0.898807 452.194 0 0
1500 8.00638 -27.9867 17.8017 -0.721204 -0.472873 453.731 0 0
1500 31.9768 -6.19593 17.817 -0.411797 -0.175039 447.934 0 0
1500 85.2708 59.3468 17.9407 0.464082 0.935132 451.674 0 0
1500 110.417 24.6555 17.8983 0.872289 0.395593 450.291 0 0
1500 71.5373 -63.043 17.9752 0.24226 -1.00484 451.599 0 0
1500 85.2808 41.8003 17.8093 0.48683 0.67095 449.309 0 0
1500 77.8748 -13.2032 18.43 0.318958 -0.325589 436.395 0 0
1500 117.397 -12.3622 18.2891 1.19181 -0.207271 438.261 0 0
1500 115.383 -33.1551 17.9281 0.949495 -0.565704 449.19 0 0
1500 113.588 20.638 17.9238 0.92258 0.322624 451.001 0 0
1500 103.409 -19.5227 17.9339 0.724192 -0.264505 455.17 0 0
1500 93.1778 -54.1985 17.9155 0.513875 -0.879926 451.753 0 0
1500 93.848 60.1496 17.865 0.583051 0.938414 452.9 0 0
1500 63.6611 31.1382 18.0339 0.081768 0.549598 450.053 0 0
1500 51.7264 -27.7053 17.9426 -0.0377687 -0.445235 456.728 0 0
1500 80.758 -25.5914 17.9377 0.406329 -0.459594 449.891 0 0
1500 102.211 -32.2381 17.9251 0.723985 -0.55192 451.096 0 0
1500 112.289 -26.7804 17.9211 0.868796 -0.464997 451.695 0 0
1500 102.68 -17.9454 17.9325 0.681752 -0.312719 455.871 0 0
1500 101.12 23.8224 17.8397 0.671417 0.379714 455.464 0 0
1500 51.0319 -66.1221 17.8815 -0.0620052 -1.03103 453.688 0 0
1500 71.6692 -53.3465 17.8908 0.233747 -0.824662 455.333 0 0
1500 103.153 -45.7596 17.883 0.694749 -0.7291 454.118 0 0
1500 83.5127 -1.928 17.9067 0.394544 -0.0895737 456.772 0 0
1500 100.93 33.6056 17.9959 0.671307 0.601602 449.133 0 0
1500 80.517 7.09591 17.9505 0.395352 0.0886925 457.052 0 0
1500 95.7469 -5.18228 17.9444 0.611745 -0.083036 456.575 0 0
1500 90.3464 53.7809 17.8663 0.538906 0.86201 452.439 0 0
1500 67.9638 -17.4862 17.8329 0.18669 -0.344342 449.625 0 0
1500 76.3667 -59.0524 17.8088 0.306297 -0.957542 452.094 0 0
1500 82.9567 -54.2552 17.8128 0.388245 -0.847525 455.053 0 0
1500 18.2429 -35.7737 17.8419 -0.594025 -0.622538 451.08 0 0
1500 27.803 -53.2776 17.838 -0.421839 -0.838645 455.105 0 0
1500 65.6189 -65.5313 17.8321 0.125656 -1.03693 453.65 0 0
1500 90.1785 47.5652 17.8947 0.574012 0.738984 451.415 0 0
1500 104.463 -22.4023 18.1374 0.84538 -0.385518 449.034 0 0
1500 5.38292 -40.505 17.8601 -0.805845 -0.654883 454.419 0 0
1500 62.0861 8.53859 17.8228 0.100975 0.197564 451.053 0 0
1500 91.763 31.157 17.8083 0.537561 0.525771 453.59 0 0
1500 129.452 41.431 18.084 1.25208 0.716192 447.869 0 0
1500 112.196 -3.66269 17.9637 0.845804 -0.0876576 456.827 0 0
1500 95.0789 -1.05824 17.9553 0.617373 0.0533109 451.523 0 0
1500 -30.6226 -3.79925 17.9155 -1.45902 -0.12268 449.158 0 0
1500 83.2605 31.1129 17.8861 0.340183 0.505169 457.579 0 0
1500 42.1941 14.5621 17.892 -0.263302 0.30145 450.693 0 0
1500 20.6782 12.7211 17.8845 -0.593672 0.270506 451.227 0 0
1500 19.6562 44.7092 17.8708 -0.596241 0.748304 452.663 0 0
1500 48.1092 57.0075 17.8548 -0.164916 0.936777 452.802 0 0
1500 56.9265 28.673 18.0767 -0.0848731 0.521358 445.693 0 0
1500 7.99451 8.55612 18.022 -0.860686 0.0808644 447.927 0 0
1500 116.818 29.7878 17.9317 0.947273 0.437123 455.251 0 0
1500 107.292 36.9355 17.9344 0.82751 0.554755 453.636 0 0
1500 101.076 -36.1157 18.1085 0.701865 -0.612362 453.811 0 0
1500 62.5331 63.7171 17.8905 0.0194026 1.00391 453.826 0 0
1500 16.6469 -39.8619 17.8325 -0.597563 -0.679527 452.39 0 0
1500 46.1601 49.8807 18.0445 -0.171436 0.898106 448.565 0 0
1500 66.3759 -58.9095 17.9113 0.109987 -0.912357 457.309 0 0
1500 59.1172 -32.8599 17.9254 0.00651418 -0.58236 452.145 0 0
1500 107.018 25.8462 17.9702 0.757224 0.467031 453.546 0 0
1500 62.7411 20.1713 17.9878 0.0887434 0.389983 452.041 0 0
1500 92.5318 19.2055 17.9234 0.563294 0.367267 452.89 0 0
1500 2.3041 -33.7865 17.8728 -0.847619 -0.548104 456.454 0 0
1500 40.8467 -42.2642 17.8846 -0.304156 -0.709563 452.737 0 0
1500 6.31297 -41.9739 17.8706 -0.799954 -0.675968 455.544 0 0
1500 11.4928 -0.767746 17.9108 -0.773591 0.0180898 453.027 0 0
1500 6.24884 -0.547041 17.8894 -0.870326 0.0129399 452.453 0 0
1500 -1.77357 -28.2715 17.8178 -0.898929 -0.498198 454.798 0 0
1500 11.3636 -23.6382 17.8275 -0.718844 -0.43898 453.251 0 0
1500 80.3438 -73.5783 18.0477 0.428914 -1.33603 446.406 0 0
1500 5.07501 13.603 17.8192 -0.849084 0.141078 453.458 0 0
1500 148.407 42.4152 17.8145 1.38532 0.59817 456.845 0 0
1500 -15.3883 27.7659 17.916 -1.29543 0.506658 448.403 0 0
1500 49.9149 77.9425 17.8374 -0.108127 1.22562 456.15 0 0
1500 32.6546 47.6722 17.8718 -0.457189 0.737302 454.046 0 0
1500 23.1451 58.1723 17.8622 -0.583848 0.870035 456.117 0 0
1500 38.5297 -17.4869 17.8882 -0.336949 -0.235606 459.996 0 0
1500 106.949 4.11853 18.0262 0.822204 0.115849 454.512 0 0
1500 98.982 -20.3712 17.8643 0.589354 -0.358364 459.437 0 0
1500 122.554 2.63668 18.1038 1.18823 0.0712125 447.829 0 0
1500 29.0218 116.864 17.8165 -0.403652 1.8711 453.352 0 0
1500 76.9185 8.03205 18.1535 0.40797 0.132078 454.203 0 0
1500 57.5115 66.2569 17.9225 0.0267584 1.04743 456.854 0 0
1500 86.1027 4.51191 17.8823 0.43782 0.147955 453.412 0 0
1500 40.9031 47.5059 17.8265 -0.239257 0.749711 459.321 0 0
1500 90.819 -33.9175 17.8881 0.540983 -0.480141 460.023 0 0
1500 104.573 45.5915 17.873 0.775558 0.679498 456.372 0 0
1500 127.873 2.00617 18.0674 1.23428 0.0637279 451.42 0 0
1500 93.2753 -35.0405 17.8069 0.523958 -0.614699 455.03 0 0
1500 11.9053 -39.6107 17.798 -0.715881 -0.673441 456.148 0 0
1500 44.8981 -62.5774 17.7968 -0.208862 -0.983681 458.648 0 0
1500 66.6006 67.9276 17.8428 0.131926 1.15149 453.463 0 0
1500 78.7103 136.707 17.8759 0.385011 2.21167 453.904 0 0
1500 6.69734 2.91159 17.9379 -0.815146 0.105006 456.441 0 0
1500 114.572 27.5701 17.8673 0.874016 0.486985 457.458 0 0
1500 101.173 28.4762 17.875 0.683995 0.508991 456.36 0 0
1500 25.3822 45.8537 17.8725 -0.471681 0.771031 456.65 0 0
1500 12.1319 -42.1758 17.8391 -0.704578 -0.668501 460.222 0 0
1500 40.8821 -62.1016 17.8373 -0.290272 -0.961837 459.854 0 0
1500 5.48381 -20.8098 17.8417 -0.841797 -0.377888 456.85 0 0
1500 77.3913 -27.1597 17.9825 0.39844 -0.450064 454.385 0 0
1500 102.031 19.9987 17.9624 0.680817 0.381415 456.746 0 0
1500 85.4393 41.0113 18.0185 0.502478 0.666689 457.279 0 0
1500 85.6323 -16.3579 18.3101 0.52078 -0.318223 457.134 0 0
1500 68.5734 56.8538 17.8698 0.171059 0.89765 460.765 0 0
1500 69.5828 138.249 17.867 0.10837 2.22691 454.941 0 0
1500 97.9034 7.93384 17.8878 0.635989 0.130855 463.21 0 0
1500 91.0919 -1.72526 17.9093 0.593199 0.000940339 457.074 0 0
1500 115.048 34.2052 18.0705 1.03883 0.527681 452.565 0 0
1500 2.13393 -2.65297 17.8174 -0.899358 -0.101862 458.789 0 0
1500 -21.1567 -7.23159 17.858 -1.26275 -0.0589076 459.126 0 0
1500 21.0704 -0.343433 17.9126 -0.57741 0.0146734 465.295 0 0
1500 87.7808 41.3151 18.0797 0.5858 0.794911 450.55 0 0
1500 135.001 24.397 18.256 1.39804 0.39008 454.648 0 0
1500 118.227 26.8364 17.8292 0.957497 0.411107 462.324 0 0
1500 64.1693 -39.1648 17.8624 0.174018 -0.622017 459.04 0 0
1500 79.4071 -24.5724 18.0497 0.40734 -0.434559 459.66 0 0
1500 103.608 -9.67428 18.0419 0.770887 -0.203879 460.321 0 0
1500 94.6634 -49.0686 18.0317 0.622002 -0.785884 461.697 0 0
1500 116.518 5.09428 17.8523 0.888037 0.127693 464.36 0 0
1500 106.076 -43.2382 17.8551 0.773723 -0.640282 463.595 0 0
1500 101.934 -35.8808 17.8676 0.707426 -0.610723 461.692 0 0
1500 85.207 -21.2177 17.8757 0.509125 -0.321347 459.475 0 0
1500 34.7522 -28.3913 17.838 -0.349278 -0.519464 460.572 0 0
1500 83.0471 -57.9648 18.0082 0.413631 -0.932528 463.849 0 0
1500 10.032 -0.617168 17.8754 -0.785487 0.0445897 461.638 0 0
1500 97.107 50.3873 18.0573 0.681218 0.834073 461.613 0 0
1500 84.8743 -45.1518 17.8276 0.471262 -0.736359 462.39 0 0
1500 -27.9846 14.0647 17.8369 -1.38238 0.144947 460.132 0 0
1500 25.3891 -52.9312 17.9016 -0.465744 -0.877876 463.045 0 0
1500 30.4345 9.49409 17.8577 -0.503416 0.1636 462.693 0 0
1500 105.517 3.26091 17.9241 0.814169 0.0478142 465.527 0 0
1500 52.4478 26.6896 17.9762 -0.181466 0.469782 459.351 0 0
1500 110.115 -18.8353 17.9049 0.819759 -0.292308 471.676 0 0
1500 67.597 -52.0101 17.8651 0.104358 -0.801591 472.395 0 0
1500 79.578 -46.5557 18.0164 0.299652 -0.808074 463.826 0 0
1500 91.0872 -9.06013 18.1462 0.629953 -0.229433 461.576 0 0
1500 64.0398 -1.40319 17.9103 0.14545 0.0432592 468.794 0 0
1500 111.449 20.7932 17.9687 0.895126 0.288862 472.116 0 0
1500 71.1473 44.3567 17.9072 0.274191 0.723662 472.266 0 0
1500 92.7687 55.9122 17.8933 0.584086 0.868672 474.681 0 0
1500 95.1305 50.8395 17.8969 0.604653 0.775264 476.287 0 0
1500 123.892 1.45935 17.8942 1.03047 0.0627046 475.587 0 0
1500 111.546 -61.1608 17.8542 0.867172 -0.971926 481.547 0 0
