Total number of secondary electrons: 1555
1500 76.1762 -6.27366 16.017 0.466382 -0.140008 255.665 0 0
1500 96.5944 -1.31366 16.042 0.856576 0.0338542 273.323 0 0
1500 91.7375 -0.647753 15.6759 0.628543 -0.0201419 278.517 0 0
1500 82.2002 37.3902 14.8216 0.440602 0.603116 283.98 0 0
1500 85.9644 -11.9144 16.1947 0.590168 -0.180447 290.009 0 0
1500 92.232 -14.0085 16.1915 0.654921 -0.202137 290.322 0 0
1500 90.9342 4.08511 16.4821 0.668901 0.0420157 293.461 0 0
1500 107.174 3.50266 16.2818 1.0328 0.0705732 294.104 0 0
1500 99.5445 10.8563 15.164 0.629134 0.167903 294.821 0 0
1500 123.863 2.73512 16.2374 1.25353 0.0392369 298.056 0 0
1500 95.1622 -6.1338 16.4751 0.749501 -0.0772662 298.896 0 0
1500 76.1692 -9.55896 14.8846 0.333414 -0.158428 300.107 0 0
1500 95.839 -0.48592 15.4504 0.654627 -0.0204331 300.737 0 0
1500 72.119 19.1152 14.1155 0.204812 0.272273 305.751 0 0
1500 89.0267 -16.8294 15.6039 0.648168 -0.270031 308.158 0 0
1500 88.8173 -9.68834 14.4733 0.50307 -0.224802 310.022 0 0
1500 115.957 -21.2926 14.5406 0.963746 -0.320983 311.044 0 0
1500 108.875 55.8824 14.3295 0.779903 0.833124 313.385 0 0
1500 87.1224 8.9099 14.6607 0.473257 0.143754 313.443 0 0
1500 111.577 -3.75868 14.6398 0.919547 -0.090092 313.484 0 0
1500 85.9965 -10.6627 14.8214 0.482535 -0.153646 316.028 0 0
1500 87.2034 -3.30509 15.6104 0.572305 -0.0333024 316.717 0 0
1500 120.008 33.3865 14.5384 0.910735 0.486778 317.118 0 0
1500 65.6999 35.1812 14.1157 0.123022 0.493294 318.662 0 0
1500 96.5192 4.3919 14.7379 0.596493 0.0538332 319.65 0 0
1500 38.3686 -4.59606 14.6272 -0.276628 -0.118509 320.234 0 0
1500 22.1038 3.64843 14.6063 -0.496535 0.0540864 320.595 0 0
1500 94.0075 6.75395 15.4162 0.610972 0.0981091 320.63 0 0
1500 83.9964 3.01616 15.7006 0.496034 0.0813589 320.85 0 0
1500 108.489 -16.1982 15.485 0.893005 -0.284854 321.159 0 0
1500 132.259 5.4003 16.4768 1.4715 0.0417853 321.298 0 0
1500 103.411 9.44294 15.0951 0.681518 0.138494 321.566 0 0
1500 77.6897 15.8139 15.5189 0.340992 0.212551 322.174 0 0
1500 65.6329 -49.4569 15.0302 0.140492 -0.807017 322.69 0 0
1500 105.39 -0.593151 14.4045 0.636161 0.0287311 322.718 0 0
1500 194.772 125.789 14.5842 1.69388 1.60251 324.725 0 0
1500 104.397 -35.6233 14.9161 0.651792 -0.451386 324.931 0 0
1500 118.944 -23.0135 14.9665 0.820092 -0.298388 325.52 0 0
1500 77.8919 5.68608 15.8463 0.392894 0.12976 325.641 0 0
1500 97.397 1.34726 15.7612 0.658284 0.0416536 326.26 0 0
1500 97.2827 64.8835 14.7511 0.483706 0.836831 326.392 0 0
1500 134.686 33.603 14.7662 0.949941 0.429535 326.832 0 0
1500 81.5023 -2.0167 15.5475 0.43473 -0.0376013 327.229 0 0
1500 66.1491 18.7259 15.2756 0.106369 0.252647 327.273 0 0
1500 93.9234 19.0876 15.3051 0.522584 0.282005 327.434 0 0
1500 139.805 22.7668 14.8373 0.991411 0.296482 328.439 0 0
1500 74.417 -0.184111 15.8482 0.338252 -0.0585404 328.563 0 0
1500 105.042 -9.45583 15.8593 0.760608 -0.196783 328.657 0 0
1500 86.3825 12.9119 15.8949 0.507571 0.184973 329.6 0 0
1500 95.4051 13.9514 15.9036 0.609516 0.196175 329.971 0 0
1500 100.958 -14.2027 15.9148 0.728549 -0.270364 330.291 0 0
1500 83.2969 -3.63812 16.2663 0.508674 -0.072557 330.933 0 0
1500 79.9247 -21.7724 15.9306 0.400847 -0.308183 330.981 0 0
1500 72.8762 14.5754 15.793 0.226534 0.306436 331.205 0 0
1500 83.8841 11.2657 15.7926 0.451476 0.17562 331.469 0 0
1500 85.8168 3.69195 16.0923 0.457295 0.0258973 331.705 0 0
1500 25.0724 -9.20144 15.2613 -0.423162 -0.164551 332.013 0 0
1500 100.554 -14.2377 15.6343 0.675628 -0.277493 332.151 0 0
1500 91.2293 -7.70471 15.6059 0.527106 -0.114048 332.216 0 0
1500 110.338 8.34138 15.0258 0.622825 0.12429 332.396 0 0
1500 78.3797 30.2094 15.8061 0.312356 0.424092 333.036 0 0
1500 68.3624 15.6963 15.1341 0.157537 0.203012 333.497 0 0
1500 134.092 -20.9269 15.109 0.905503 -0.226949 333.554 0 0
1500 84.6315 -1.90352 16.5281 0.518575 0.02029 333.995 0 0
1500 94.037 12.4376 16.7556 0.758206 0.262681 334.366 0 0
1500 90.7479 -4.44649 15.501 0.438638 -0.0703243 334.424 0 0
1500 78.1577 -10.4962 16.6059 0.406957 -0.129477 334.856 0 0
1500 166.986 -23.2045 15.4805 1.58616 -0.391673 335.486 0 0
1500 114.835 -7.18292 15.2878 0.678386 -0.108962 336.01 0 0
1500 54.1904 11.6453 15.2702 -0.107851 0.142023 336.028 0 0
1500 94.6142 -13.3905 16.4047 0.680355 -0.222764 337.089 0 0
1500 55.1612 -64.3722 15.3128 -0.093651 -0.784882 337.862 0 0
1500 68.1017 45.0645 15.3287 0.0707947 0.582218 337.908 0 0
1500 90.5254 -11.9747 15.4322 0.459506 -0.189758 337.945 0 0
1500 80.3577 -13.2182 15.769 0.288382 -0.256142 338.066 0 0
1500 142.539 22.1681 15.8525 1.32362 0.331554 338.138 0 0
1500 101.671 -7.96308 17.0487 0.832471 -0.127766 338.214 0 0
1500 121.108 -10.2414 15.5188 0.837786 -0.114267 339.224 0 0
1500 -1.29867 -30.5539 15.3675 -0.772723 -0.345044 339.24 0 0
1500 78.5567 -17.5737 16.1499 0.35179 -0.214994 339.256 0 0
1500 80.2791 -3.33807 16.3825 0.418094 0.0130197 339.289 0 0
1500 54.1894 -6.53225 15.6934 -0.0484751 -0.0384131 339.29 0 0
1500 77.7051 57.689 15.8113 0.293087 0.880036 339.563 0 0
1500 92.1702 12.4311 16.4191 0.551788 0.193316 339.774 0 0
1500 54.7568 55.4548 15.747 -0.0598568 0.760974 339.901 0 0
1500 128.839 -8.85689 15.5395 0.905572 -0.147435 340.162 0 0
1500 69.2071 7.20313 15.6926 0.156576 0.149298 340.172 0 0
1500 84.6652 -21.6149 16.8489 0.484698 -0.336168 341.017 0 0
1500 18.8408 -66.2246 15.5773 -0.508408 -0.824806 341.241 0 0
1500 45.1584 -18.2443 15.6084 -0.189761 -0.287475 341.633 0 0
1500 -25.8533 -1.08709 15.5362 -1.03836 0.0122384 341.812 0 0
1500 87.4099 16.849 17.1147 0.5711 0.256121 341.832 0 0
1500 70.8316 -31.2837 15.6115 0.136988 -0.452099 341.906 0 0
1500 96.4318 -9.37129 15.9813 0.566655 -0.155908 342.18 0 0
1500 89.925 16.7518 16.2456 0.469476 0.263758 342.513 0 0
1500 -0.236359 11.0947 15.6196 -0.769094 0.0989605 342.772 0 0
1500 62.0887 69.521 15.6827 0.0432503 0.964781 343.161 0 0
1500 75.7838 -34.953 15.8079 0.231119 -0.498246 343.296 0 0
1500 73.0499 30.2663 15.644 0.251467 0.378558 343.331 0 0
1500 90.1806 -1.20025 16.6245 0.616848 0.0101929 343.365 0 0
1500 71.6206 -53.4319 16.114 0.252319 -0.819937 343.614 0 0
1500 80.3696 5.96647 16.2841 0.391895 0.123996 343.705 0 0
1500 57.6587 -43.6606 16.1204 0.0342034 -0.695025 343.72 0 0
1500 69.7262 32.9831 15.6333 0.101309 0.480087 343.925 0 0
1500 80.2678 -9.38852 16.6827 0.404881 -0.164337 344.212 0 0
1500 28.5658 -24.1277 15.7695 -0.482296 -0.315046 345.428 0 0
1500 93.8559 4.10365 16.5826 0.672087 0.04262 345.755 0 0
1500 71.8169 -12.5078 16.7494 0.307695 -0.182213 346.32 0 0
1500 35.9187 -62.589 15.6723 -0.339766 -0.815491 346.383 0 0
1500 85.9372 -14.2315 15.8181 0.426612 -0.224356 346.527 0 0
1500 102.76 -50.7738 15.7092 0.62986 -0.633463 346.533 0 0
1500 85.1523 -17.44 15.9104 0.432813 -0.219805 346.626 0 0
1500 95.7084 -21.4044 15.7809 0.503683 -0.237487 347.031 0 0
1500 79.5631 -40.0524 15.8503 0.341967 -0.55383 347.063 0 0
1500 80.3778 -44.4524 15.866 0.261775 -0.5956 347.176 0 0
1500 131.277 -11.7419 15.8184 0.964272 -0.185537 347.167 0 0
1500 79.7582 2.23096 16.1149 0.386316 0.00975943 347.34 0 0
1500 84.5012 -1.20056 16.7719 0.438098 -0.00108917 347.577 0 0
1500 105.475 -18.0131 16.184 0.703444 -0.244443 348.499 0 0
1500 -49.4817 54.1748 15.9658 -1.53095 0.763277 348.601 0 0
1500 139.892 -57.4308 15.9466 1.17371 -0.878307 348.618 0 0
1500 119.773 21.9112 15.8714 0.846644 0.255779 349.05 0 0
1500 106.569 -12.0782 17.0829 0.868768 -0.190406 349.132 0 0
1500 121.891 18.1517 15.8776 0.872508 0.207653 349.149 0 0
1500 77.6255 16.3282 16.123 0.302308 0.272421 349.292 0 0
1500 26.2437 -65.6936 15.875 -0.385431 -0.889575 349.622 0 0
1500 58.5244 -51.2781 15.9898 -0.0414921 -0.688441 349.684 0 0
1500 50.6482 -13.269 16.1493 -0.115777 -0.131221 349.676 0 0
1500 112.303 -51.2745 15.8942 0.698263 -0.704872 349.924 0 0
1500 38.6121 30.7771 15.9643 -0.310137 0.38364 349.927 0 0
1500 20.2774 10.2915 15.9767 -0.545914 0.118162 350.144 0 0
1500 75.7857 -76.3001 15.9665 0.28123 -0.975831 350.559 0 0
1500 123.103 -43.2333 15.9926 0.867888 -0.559948 350.964 0 0
1500 91.4068 16.3454 16.5956 0.4822 0.268479 351.262 0 0
1500 137.583 3.23379 16.0174 1.04295 0.0174821 351.342 0 0
1500 119.15 -22.8804 16.1713 0.833577 -0.337115 351.345 0 0
1500 50.1018 -43.2935 16.0754 -0.15837 -0.637346 351.535 0 0
1500 75.0847 -68.6723 16.1419 0.276118 -0.936094 351.691 0 0
1500 114.984 -31.8878 17.0544 1.06877 -0.560555 351.846 0 0
1500 75.6372 71.8046 16.1917 0.227793 0.959204 352.015 0 0
1500 48.4907 34.2128 16.1488 -0.0985232 0.452711 352.07 0 0
1500 69.8299 18.0682 16.285 0.146249 0.321047 352.11 0 0
1500 103.029 -2.83676 16.9111 0.714166 -0.00371137 352.169 0 0
1500 138.515 8.08018 16.0785 1.04259 0.0765606 352.264 0 0
1500 53.4025 41.4287 16.2361 -0.131406 0.621023 352.411 0 0
1500 71.5754 14.3713 17.2863 0.31463 0.229912 352.452 0 0
1500 81.4187 7.30545 16.1044 0.366903 0.116972 352.645 0 0
1500 105.324 41.8101 17.2283 0.843926 0.78246 352.676 0 0
1500 79.8929 -59.7269 16.2264 0.26041 -0.835404 352.695 0 0
1500 135.405 3.20953 16.1842 1.03274 0.0394277 352.754 0 0
1500 113.035 21.3166 17.3555 1.00405 0.326093 353.104 0 0
1500 116.597 22.9592 16.3981 0.872612 0.271323 353.83 0 0
1500 103.077 4.25202 16.2483 0.606361 0.110813 354.101 0 0
1500 89.5189 10.9326 16.5771 0.447643 0.12707 354.458 0 0
1500 37.4619 -27.613 16.2448 -0.289947 -0.421716 354.503 0 0
1500 65.9927 -4.84057 16.9567 0.177429 -0.104245 354.576 0 0
1500 96.6908 5.34824 18.4537 0.792799 0.0837966 354.796 0 0
1500 97.5916 -6.99009 16.9156 0.636477 -0.0550607 354.815 0 0
1500 100.027 -61.5638 16.2532 0.539331 -0.838184 354.83 0 0
1500 82.9252 54.6201 16.4445 0.358602 0.754489 354.848 0 0
1500 93.1647 8.89957 18.0241 0.736187 0.272791 355.083 0 0
1500 127.507 -41.8531 16.2674 0.917845 -0.489423 355.596 0 0
1500 155.547 -44.7276 16.328 1.30432 -0.606767 355.644 0 0
1500 7.79082 -30.4136 16.306 -0.667162 -0.451452 355.66 0 0
1500 97.2608 -5.97728 17.6748 0.751607 -0.10894 355.649 0 0
1500 102.712 13.8491 16.5435 0.674628 0.160564 355.879 0 0
1500 120.612 -54.5339 16.2973 0.826798 -0.643687 356.085 0 0
1500 104.196 11.5706 16.3605 0.593647 0.11366 356.286 0 0
1500 77.0587 15.5506 17.5427 0.408371 0.247196 356.277 0 0
1500 101.736 -0.350715 17.228 0.710713 -0.0264186 356.403 0 0
1500 92.4735 6.46796 16.5648 0.56349 0.074824 356.694 0 0
1500 48.4438 43.7914 16.5385 -0.141869 0.562066 357.075 0 0
1500 46.6945 -26.2911 16.5498 -0.146715 -0.405753 357.486 0 0
1500 88.7216 -28.594 16.9176 0.511406 -0.383947 357.568 0 0
1500 93.8078 -9.18358 16.6935 0.568664 -0.11313 357.756 0 0
1500 132.471 7.85269 16.573 1.12754 0.105573 358.135 0 0
1500 86.396 19.1196 16.644 0.399885 0.247736 358.744 0 0
1500 81.6318 46.5772 16.8661 0.384321 0.664544 358.959 0 0
1500 4.75799 61.0738 16.4696 -0.707466 0.72043 359.006 0 0
1500 51.1855 -66.9256 16.4747 -0.0877657 -0.912846 359.029 0 0
1500 29.9129 -29.7443 16.6841 -0.457862 -0.41208 359.105 0 0
1500 97.1023 -9.05165 16.5445 0.550882 -0.0639007 359.209 0 0
1500 92.7522 -12.9779 16.6822 0.442967 -0.227229 359.295 0 0
1500 93.2637 -12.9961 17.2022 0.58962 -0.143965 359.304 0 0
1500 72.7201 6.13168 17.8158 0.359825 0.0793439 359.441 0 0
1500 41.2107 -65.9952 16.5731 -0.236576 -0.897784 359.54 0 0
1500 93.0214 -22.2764 17.2028 0.566998 -0.322769 359.827 0 0
1500 63.4049 -20.4272 16.908 0.0608677 -0.305447 360.324 0 0
1500 46.3272 4.18215 17.4768 -0.148765 0.0637191 360.351 0 0
1500 30.5756 -74.2155 16.5704 -0.362754 -0.981181 360.474 0 0
1500 22.1767 -49.8289 16.7471 -0.468727 -0.695291 360.654 0 0
1500 72.5859 -0.182645 17.418 0.248731 -0.0501416 360.704 0 0
1500 46.2873 2.07713 16.7894 -0.186382 -0.0133073 360.955 0 0
1500 77.5217 25.2431 17.0129 0.253478 0.365382 360.996 0 0
1500 58.6111 114.059 16.6292 -0.0558197 1.52317 361.001 0 0
1500 77.1638 22.788 17.3594 0.379458 0.331628 361.279 0 0
1500 77.453 -5.03582 18.1817 0.396223 -0.142286 361.398 0 0
1500 81.7004 7.94392 18.1759 0.457123 0.127663 361.568 0 0
1500 86.5872 3.13115 16.8736 0.401884 0.00381525 361.726 0 0
1500 64.3763 16.6851 16.9656 0.111983 0.281649 361.729 0 0
1500 86.3731 -7.32314 17.2716 0.501269 -0.095002 362.2 0 0
1500 77.6946 -61.021 16.7014 0.213643 -0.779145 362.235 0 0
1500 97.902 -20.8944 17.4599 0.625536 -0.314811 362.237 0 0
1500 71.4303 -72.5801 16.8344 0.18986 -0.978214 362.586 0 0
1500 87.6431 2.44874 17.7345 0.556236 0.0523061 362.717 0 0
1500 -6.93415 24.7622 16.7232 -0.837009 0.294592 362.937 0 0
1500 123.555 -66.9138 16.8446 0.968653 -0.97451 362.989 0 0
1500 94.2543 -2.57971 17.8584 0.64788 -0.0179012 363.072 0 0
1500 119.618 -35.2453 16.7152 0.742042 -0.485417 363.143 0 0
1500 94.6802 6.66444 17.1026 0.599191 0.0957342 363.201 0 0
1500 77.0988 -15.3166 17.4465 0.308365 -0.226343 363.784 0 0
1500 79.3101 -12.5486 17.7592 0.388907 -0.179797 363.863 0 0
1500 71.9963 -45.1299 16.9387 0.239468 -0.637671 363.924 0 0
1500 58.3505 -61.5885 16.7689 0.0165614 -0.860593 363.999 0 0
1500 18.3845 38.483 16.7971 -0.527255 0.452396 364.077 0 0
1500 102.812 22.9221 17.3746 0.787018 0.33372 364.156 0 0
1500 12.6948 -50.1473 16.7861 -0.571981 -0.709047 364.366 0 0
1500 7.376 11.9045 16.8105 -0.654483 0.162133 364.488 0 0
1500 77.6724 -25.3027 17.4644 0.31997 -0.482442 364.68 0 0
1500 80.6264 -20.5115 17.4293 0.423928 -0.282704 365.15 0 0
1500 61.6907 14.3816 17.059 0.00332653 0.182639 365.848 0 0
1500 106.028 -4.90883 17.4644 0.739357 -0.0833568 365.968 0 0
1500 134.925 -29.745 16.8915 0.953976 -0.432976 366.308 0 0
1500 138.643 -14.1557 16.9023 1.02072 -0.237994 366.698 0 0
1500 77.6337 -3.19989 17.2975 0.365801 -0.0313084 366.716 0 0
1500 86.6335 10.1452 17.0989 0.405877 0.198224 366.706 0 0
1500 30.1245 -39.786 17.0986 -0.407472 -0.524568 366.837 0 0
1500 119.358 32.5223 17.2614 0.932215 0.460716 367.369 0 0
1500 92.1781 9.00836 18.2075 0.619002 0.153915 367.754 0 0
1500 73.6656 -33.9301 17.1194 0.162989 -0.474402 367.826 0 0
1500 48.1274 -44.4308 17.2059 -0.118271 -0.6414 367.926 0 0
1500 110.376 12.8133 17.3526 0.777002 0.173403 368.062 0 0
1500 92.9253 6.57951 17.3187 0.54135 0.0419764 368.319 0 0
1500 114.852 6.01544 17.2558 0.82483 0.0813495 368.405 0 0
1500 70.9924 -1.03048 17.8961 0.277228 -0.0759307 368.519 0 0
1500 69.1429 -9.28159 17.1825 0.130972 -0.181309 368.739 0 0
1500 94.243 -6.46897 18.4217 0.656238 -0.123765 368.988 0 0
1500 70.9479 -4.10002 17.7633 0.287424 -0.109054 369.086 0 0
1500 96.4893 68.5682 17.0285 0.482518 0.926696 369.228 0 0
1500 108.306 57.4271 17.0813 0.675822 0.777686 369.105 0 0
1500 95.5144 62.4233 17.1387 0.486726 0.859749 369.317 0 0
1500 79.598 -1.33712 18.0185 0.400484 -0.0368116 369.42 0 0
1500 91.9688 -10.7627 17.8381 0.55722 -0.149409 369.531 0 0
1500 117.521 -9.32968 17.3139 0.859137 -0.114584 369.469 0 0
1500 76.552 -27.4389 17.4803 0.254545 -0.484202 369.475 0 0
1500 46.0486 -42.0546 17.2124 -0.174944 -0.611382 369.575 0 0
1500 70.2829 -16.5549 17.2758 0.199895 -0.285198 369.574 0 0
1500 58.9485 -5.64642 17.7423 0.0467254 -0.110759 369.652 0 0
1500 23.6709 64.6138 17.0711 -0.477875 0.80221 369.788 0 0
1500 72.5614 20.5583 18.1355 0.330136 0.363704 369.802 0 0
1500 57.8201 23.9338 17.1553 0.0274556 0.385026 369.848 0 0
1500 73.9722 3.71922 17.8355 0.308949 0.119612 369.851 0 0
1500 69.3589 28.1061 17.2892 0.19309 0.436361 369.963 0 0
1500 57.7312 -53.3823 17.2302 -0.0207933 -0.755993 370.05 0 0
1500 86.5912 19.4387 18.2047 0.512488 0.319313 370.226 0 0
1500 111.372 -58.8636 17.0823 0.718939 -0.742249 370.271 0 0
1500 25.3663 71.8482 17.0821 -0.407916 0.955198 370.293 0 0
1500 99.1046 17.6454 17.3067 0.583916 0.295591 370.463 0 0
1500 75.0104 -1.85187 17.9416 0.304175 -0.0732785 370.707 0 0
1500 80.0906 28.1393 17.854 0.431042 0.445078 370.766 0 0
1500 80.4452 -3.27261 17.8209 0.462972 -0.00137077 370.748 0 0
1500 81.4294 -15.4466 17.4811 0.367907 -0.18649 370.848 0 0
1500 58.2106 -13.5494 17.5518 -0.0139591 -0.183539 371.001 0 0
1500 73.4211 8.86073 18.2694 0.36055 0.122001 371.39 0 0
1500 29.5464 44.4584 17.2099 -0.43539 0.622973 371.385 0 0
1500 16.5864 36.1695 17.2154 -0.606918 0.51133 371.546 0 0
1500 39.293 17.4914 17.3986 -0.287814 0.260792 371.596 0 0
1500 39.2192 -18.4991 17.3974 -0.288955 -0.22361 371.558 0 0
1500 59.7094 -58.4634 17.4156 0.0121491 -0.901262 371.892 0 0
1500 -18.7653 23.6056 17.3143 -1.14802 0.340022 371.999 0 0
1500 82.3242 -48.9924 17.2814 0.381131 -0.69798 372.1 0 0
1500 89.1805 -6.33507 18.5898 0.598319 -0.0732475 372.252 0 0
1500 73.3525 0.413691 17.8106 0.339168 -0.0208415 372.135 0 0
1500 6.09612 -6.97265 17.2948 -0.771125 -0.141478 372.171 0 0
1500 127.092 41.6989 17.2944 1.05293 0.653442 372.243 0 0
1500 91.7153 17.0908 17.7629 0.605561 0.379112 372.421 0 0
1500 63.4042 62.514 17.2141 0.0629664 0.814329 372.747 0 0
1500 37.0266 -44.2155 17.3739 -0.303961 -0.620294 372.777 0 0
1500 98.2982 0.604539 17.4536 0.596165 -0.0533356 373.015 0 0
1500 133.144 12.2354 17.2694 1.02641 0.171267 373.048 0 0
1500 63.9582 -5.23557 18.4288 0.198849 -0.128644 373.059 0 0
1500 61.9043 -15.2997 17.5725 0.10185 -0.274103 373.072 0 0
1500 86.8578 -10.8696 18.1081 0.533779 -0.171072 373.178 0 0
1500 104.172 15.8492 17.2906 0.670344 0.159244 373.186 0 0
1500 49.2983 -19.7305 17.5517 -0.0920677 -0.335913 373.354 0 0
1500 94.7178 -24.6737 17.6147 0.565911 -0.384153 373.514 0 0
1500 99.6105 -35.5969 17.2787 0.622551 -0.465483 373.697 0 0
1500 72.3025 -2.2602 17.3349 0.159107 -0.0870217 373.718 0 0
1500 79.1878 -2.52333 18.6003 0.413531 -0.0753703 374.016 0 0
1500 84.2731 -16.536 17.3022 0.43697 -0.223908 373.938 0 0
1500 77.8549 -17.697 17.3392 0.237025 -0.304833 373.954 0 0
1500 71.603 -6.3378 17.629 0.207853 -0.129623 374.084 0 0
1500 45.8205 -24.8096 17.3417 -0.215186 -0.404584 374.084 0 0
1500 114.383 11.9429 17.2921 0.815797 0.169775 374.103 0 0
1500 26.0145 -4.46722 17.3675 -0.502997 -0.100751 374.178 0 0
1500 77.3798 7.79037 18.6195 0.461702 0.12927 374.294 0 0
1500 66.931 -50.3824 17.5044 0.169167 -0.74704 374.661 0 0
1500 103.605 -17.5507 17.4194 0.694136 -0.206765 374.81 0 0
1500 96.1948 35.3533 17.644 0.610385 0.516072 374.882 0 0
1500 74.8384 -20.7767 17.4176 0.264709 -0.245546 374.91 0 0
1500 54.9177 -1.55896 17.9235 -0.0290581 -0.044639 375.136 0 0
1500 57.4874 52.5194 17.5311 0.00834573 0.783665 375.194 0 0
1500 8.96152 -20.2818 17.3643 -0.723947 -0.335604 375.167 0 0
1500 14.6325 -76.2276 17.5128 -0.67582 -1.26832 375.187 0 0
1500 56.4102 -10.7476 17.7632 -0.0390342 -0.156176 375.543 0 0
1500 62.1107 31.7545 18.0139 0.0659893 0.531415 375.514 0 0
1500 90.9705 23.4873 17.8757 0.530024 0.36793 375.679 0 0
1500 64.4338 -64.6744 17.3904 0.0176294 -0.940496 375.673 0 0
1500 31.725 43.0766 17.39 -0.433525 0.57745 375.72 0 0
1500 40.0977 -17.0709 17.7671 -0.264243 -0.243055 375.759 0 0
1500 93.1214 16.9938 17.5623 0.582371 0.253888 375.729 0 0
1500 22.7696 40.8635 17.3946 -0.557926 0.544388 375.961 0 0
1500 122.137 44.1002 17.3471 0.830062 0.640002 376.041 0 0
1500 96.8424 4.45545 18.0386 0.663394 0.0366181 376.133 0 0
1500 109.37 -18.1767 17.8183 0.857006 -0.386403 376.257 0 0
1500 65.6073 -13.8815 17.626 0.0983146 -0.219231 376.499 0 0
1500 81.6762 -23.2937 18.0125 0.40171 -0.384002 376.814 0 0
1500 69.6561 -20.3926 17.9371 0.185476 -0.291814 376.874 0 0
1500 65.6839 28.5201 17.8464 0.193259 0.459237 376.874 0 0
1500 22.0095 -1.67987 18.1594 -0.60791 -0.0791051 377 0 0
1500 28.7036 -33.9487 17.4021 -0.496004 -0.478629 376.946 0 0
1500 123.34 -35.3856 17.4532 0.914422 -0.51138 377.135 0 0
1500 76.9306 34.5391 17.7532 0.271989 0.543396 377.196 0 0
1500 97.1556 45.7059 17.5834 0.600188 0.685265 377.232 0 0
1500 47.3698 -20.6926 17.4614 -0.229028 -0.297783 377.481 0 0
1500 51.2846 17.1749 17.8958 -0.0474641 0.310748 377.612 0 0
1500 163.193 32.8747 17.4457 1.54869 0.55191 377.615 0 0
1500 87.2366 -22.8823 17.5379 0.499887 -0.354526 377.724 0 0
1500 19.2278 -58.7339 17.4375 -0.591659 -0.832891 377.891 0 0
1500 84.5025 -27.1792 18.099 0.482833 -0.447449 377.994 0 0
1500 59.5744 -33.5722 17.5036 -0.0457438 -0.49359 378.056 0 0
1500 1.89946 14.1565 17.4585 -0.879338 0.271717 378.221 0 0
1500 12.8766 38.844 17.5921 -0.677198 0.571396 378.28 0 0
1500 68.3319 -2.12838 18.5325 0.255576 -0.0939609 378.337 0 0
1500 86.342 13.2628 17.5659 0.428324 0.264627 378.476 0 0
1500 128.182 -9.64261 17.5157 1.02224 -0.163509 378.501 0 0
1500 14.3002 1.14532 17.5088 -0.701171 0.0133561 378.624 0 0
1500 72.514 -2.78027 18.0107 0.275327 -0.0636396 379.015 0 0
1500 141.986 8.08199 17.5959 1.39702 0.113815 379.277 0 0
1500 89.4146 -36.9469 18.1055 0.648775 -0.71059 379.254 0 0
1500 22.5104 -43.6498 17.5164 -0.576601 -0.629348 379.3 0 0
1500 9.78813 -6.43754 17.5144 -0.776673 -0.117843 379.438 0 0
1500 84.5502 -38.8056 17.9154 0.443852 -0.616218 380.166 0 0
1500 7.9332 42.9554 17.5302 -0.774852 0.604513 380.276 0 0
1500 81.1322 12.2773 17.5674 0.380563 0.245018 380.294 0 0
1500 45.7748 -23.3454 17.6216 -0.239215 -0.3131 380.217 0 0
1500 70.8974 -36.186 17.6274 0.246064 -0.587657 380.395 0 0
1500 92.4704 -1.53136 18.7096 0.660865 0.0252038 380.642 0 0
1500 68.7371 -14.4491 17.85 0.216782 -0.281084 380.677 0 0
1500 39.2828 49.1184 17.5433 -0.229582 0.775885 380.844 0 0
1500 80.8085 -0.88765 18.1155 0.386365 -0.0320215 381.154 0 0
1500 80.2296 61.0746 17.5455 0.388282 0.892883 381.233 0 0
1500 39.5776 -8.51284 17.8721 -0.275371 -0.177686 381.308 0 0
1500 -8.61128 -27.5359 17.5293 -0.96094 -0.374802 381.479 0 0
1500 115.996 -10.4239 17.6378 0.889 -0.207402 381.637 0 0
1500 72.6147 4.79303 18.9994 0.35919 0.0946442 381.729 0 0
1500 89.4942 -34.7247 17.9339 0.560559 -0.578118 381.711 0 0
1500 91.9124 -13.7515 18.4167 0.731772 -0.263119 381.781 0 0
1500 126.495 8.46789 17.8789 1.15597 0.0834664 381.821 0 0
1500 79.4707 -29.404 17.6402 0.39058 -0.45031 381.953 0 0
1500 119.038 16.253 17.5898 0.916764 0.295794 382.09 0 0
1500 32.8449 47.599 17.5875 -0.435111 0.677158 382.338 0 0
1500 86.3711 -4.76312 18.0995 0.528186 -0.121093 382.394 0 0
1500 10.8097 31.2845 17.5333 -0.726185 0.398185 382.587 0 0
1500 97.2393 30.1619 18.0995 0.768174 0.482493 382.543 0 0
1500 55.7722 -0.805196 18.2971 0.0134401 0.0373309 382.754 0 0
1500 29.7379 16.5235 17.6831 -0.46447 0.289398 382.9 0 0
1500 43.7043 -54.7043 17.6879 -0.186845 -0.867829 383.719 0 0
1500 65.7324 27.5428 17.9477 0.173609 0.475478 383.673 0 0
1500 78.4238 -30.0697 17.6705 0.300658 -0.53851 383.689 0 0
1500 69.5427 22.2307 18.2625 0.189575 0.337194 384.001 0 0
1500 74.7554 1.96474 17.9341 0.285826 0.0629479 384.182 0 0
1500 73.5014 -50.5667 17.7003 0.259711 -0.808094 384.361 0 0
1500 31.0592 -9.84416 17.7791 -0.446153 -0.171785 384.446 0 0
1500 111.245 16.0207 17.9578 0.856756 0.271723 384.893 0 0
1500 14.8212 18.3983 17.7138 -0.684067 0.25709 385.001 0 0
1500 92.436 -15.4937 18.0413 0.599396 -0.285065 385.08 0 0
1500 81.8667 0.703737 17.7096 0.439735 0.0208441 385.044 0 0
1500 104.979 45.8293 17.5876 0.662016 0.694789 385.24 0 0
1500 64.7365 -9.17891 17.8307 0.171205 -0.150764 385.404 0 0
1500 54.6261 -7.83838 18.0042 -0.0895442 -0.0741641 385.396 0 0
1500 83.3318 -23.2379 18.7672 0.488012 -0.388839 385.452 0 0
1500 85.9619 -12.2357 18.7722 0.532678 -0.238667 385.654 0 0
1500 20.8682 -39.2042 17.7183 -0.590608 -0.576037 385.634 0 0
1500 73.035 24.9213 17.8114 0.187644 0.38146 385.869 0 0
1500 46.4638 1.46286 17.8455 -0.186578 0.0826126 385.838 0 0
1500 102.209 25.6311 17.6561 0.636656 0.406968 386.01 0 0
1500 69.8578 -53.0811 17.6667 0.225913 -0.814627 385.919 0 0
1500 103.082 -48.1589 18.1555 0.781272 -0.819592 385.984 0 0
1500 80.332 -27.5494 18.5834 0.410689 -0.495417 386.001 0 0
1500 31.0355 7.97363 17.8446 -0.415677 0.179275 386.149 0 0
1500 17.6547 16.0526 17.6514 -0.600899 0.314779 386.271 0 0
1500 121.666 49.2438 17.881 1.07884 0.838572 386.251 0 0
1500 -83.4885 -8.79897 17.6082 -2.22144 -0.164709 386.508 0 0
1500 86.2203 -42.3643 17.7331 0.43029 -0.620675 386.709 0 0
1500 73.9598 -6.97729 18.4011 0.329648 -0.128978 386.754 0 0
1500 106.466 -46.1442 17.7155 0.71675 -0.743475 386.817 0 0
1500 96.2883 25.5182 17.6863 0.551354 0.400225 387.044 0 0
1500 65.9434 57.1527 17.8026 0.123294 0.902933 387.035 0 0
1500 55.3657 19.8288 17.8161 -0.00360799 0.370554 386.986 0 0
1500 88.9218 -4.84319 18.9681 0.589145 -0.104328 387.064 0 0
1500 38.5101 28.0338 17.9696 -0.311093 0.518446 387.065 0 0
1500 45.0174 -16.1503 17.9521 -0.217277 -0.206963 387.144 0 0
1500 64.5129 -6.6256 18.8392 0.201976 -0.138316 387.542 0 0
1500 67.9827 -55.0835 17.6882 0.194565 -0.824312 387.528 0 0
1500 119.351 5.13405 17.8879 0.986433 0.0759974 387.643 0 0
1500 68.1331 -56.6022 17.757 0.126519 -0.890545 387.691 0 0
1500 86.3946 14.1309 18.5452 0.503719 0.221313 388.036 0 0
1500 54.0062 -33.8454 17.788 -0.0159305 -0.512563 388.301 0 0
1500 61.1606 -7.93282 17.6469 -0.0237255 -0.0923078 388.223 0 0
1500 35.2102 -19.5705 17.7179 -0.345243 -0.367211 388.378 0 0
1500 86.9576 -2.96525 18.2017 0.496774 -0.0128063 388.566 0 0
1500 58.3917 71.8023 17.7981 0.0435966 1.20688 388.61 0 0
1500 125.584 -9.03204 17.7396 1.04052 -0.116117 388.885 0 0
1500 125.951 1.83795 17.7383 1.04728 0.0378512 388.779 0 0
1500 93.9976 -42.4609 17.8961 0.616304 -0.658497 388.944 0 0
1500 78.0854 -4.42172 17.8025 0.349305 0.00290646 388.829 0 0
1500 70.2413 10.8931 18.3738 0.246136 0.201263 389.152 0 0
1500 89.7449 -19.142 18.2097 0.516889 -0.344045 389.348 0 0
1500 85.9573 5.61799 18.0041 0.473671 0.0825101 389.499 0 0
1500 124.267 -35.3861 17.7557 1.01645 -0.562712 389.489 0 0
1500 28.9798 -36.1634 17.7265 -0.485128 -0.572424 389.486 0 0
1500 54.9687 -16.0475 17.9156 -0.0770607 -0.204129 389.503 0 0
1500 84.9052 3.3105 18.2441 0.458374 0.0925766 389.618 0 0
1500 102.317 8.50515 17.8015 0.702883 0.193936 389.717 0 0
1500 91.8118 -14.4348 17.7961 0.590748 -0.189888 389.795 0 0
1500 100.831 -1.80818 17.7769 0.669666 0.0450164 390.093 0 0
1500 -10.4897 -5.80624 17.7092 -1.04232 -0.0650853 390.191 0 0
1500 116.481 -35.1401 17.8388 0.966507 -0.618014 390.3 0 0
1500 127.608 29.5509 17.8219 1.19419 0.517393 390.47 0 0
1500 106.753 -11.5914 17.7966 0.804235 -0.146076 390.512 0 0
1500 14.1079 49.0661 17.711 -0.674335 0.839362 390.515 0 0
1500 90.0298 -24.1592 17.9817 0.50357 -0.375421 390.552 0 0
1500 115.625 0.98518 17.8617 0.935168 0.0199886 390.577 0 0
1500 85.9346 18.2863 17.8462 0.512107 0.264369 390.619 0 0
1500 81.1144 -20.512 18.1049 0.469721 -0.300913 390.815 0 0
1500 135.763 164.958 17.873 1.24322 2.82773 390.757 0 0
1500 244.698 -92.5566 17.8294 3.07868 -1.49211 390.848 0 0
1500 96.1441 10.4251 17.7761 0.554585 0.188185 390.95 0 0
1500 40.8203 -46.9502 17.7513 -0.357334 -0.742749 391.131 0 0
1500 94.0963 -23.65 17.9866 0.6421 -0.358013 391.179 0 0
1500 37.583 60.2697 17.6909 -0.322749 0.941625 391.252 0 0
1500 82.1528 58.2348 17.8071 0.395635 0.907856 391.291 0 0
1500 119.796 -6.79473 18.3767 1.11968 -0.118337 391.311 0 0
1500 -9.51269 10.6295 17.7245 -1.01019 0.167319 391.445 0 0
1500 27.025 -37.7899 17.9206 -0.507073 -0.699135 391.591 0 0
1500 103.658 9.3483 17.7896 0.701288 0.138454 391.783 0 0
1500 90.0106 13.7878 17.8842 0.483715 0.274548 391.739 0 0
1500 87.2097 36.5909 17.9208 0.512933 0.58634 391.853 0 0
1500 38.5622 -9.34197 17.8786 -0.300289 -0.147473 392.127 0 0
1500 115.321 -33.3398 17.6708 0.799581 -0.535526 392.084 0 0
1500 109.436 -24.4316 17.9892 0.853977 -0.364133 392.177 0 0
1500 87.6583 -5.9558 19.0189 0.589082 -0.0649713 392.367 0 0
1500 18.4996 5.05151 17.7287 -0.597627 0.148804 392.376 0 0
1500 61.2874 130.369 17.9164 0.0361918 2.14769 392.446 0 0
1500 71.9122 65.3229 17.7874 0.232119 1.00573 392.491 0 0
1500 -11.4091 -7.69214 17.7477 -1.03571 -0.143641 392.625 0 0
1500 -3.27129 -5.8086 17.7607 -0.948331 -0.112495 392.737 0 0
1500 117.219 -18.7226 17.7467 0.931056 -0.232051 392.754 0 0
1500 78.5807 -9.6213 18.7951 0.475629 -0.194471 392.994 0 0
1500 118.817 -31.9806 17.733 0.942652 -0.458133 392.984 0 0
1500 119.456 -14.9387 17.7476 0.961283 -0.176547 392.921 0 0
1500 66.3874 -67.8482 17.9209 0.162382 -1.08366 392.883 0 0
1500 83.0921 -49.6604 17.9663 0.443322 -0.777084 393.274 0 0
1500 79.8952 -4.52322 18.1772 0.434272 -0.0131643 393.56 0 0
1500 78.1328 22.7455 17.8746 0.35549 0.325683 393.68 0 0
1500 125.604 48.4452 17.939 1.14297 0.786341 393.689 0 0
1500 114.963 1.7793 17.761 0.846684 -0.0257543 393.902 0 0
1500 55.4476 -38.0128 18.0211 -0.0507239 -0.590342 393.873 0 0
1500 71.9441 17.7134 17.7335 0.261919 0.322409 394.029 0 0
1500 58.2913 25.4438 17.7334 0.0565756 0.438361 394.074 0 0
1500 80.1155 5.63716 17.9508 0.363312 0.0212617 394.263 0 0
1500 26.4449 14.27 17.7766 -0.485283 0.210322 394.223 0 0
1500 82.3739 -17.893 18.1057 0.411231 -0.33548 394.302 0 0
1500 105.161 -31.6127 17.9669 0.733451 -0.567296 394.312 0 0
1500 20.5864 -66.5073 17.789 -0.671623 -1.04054 394.353 0 0
1500 52.7019 6.61144 17.7661 -0.105622 0.168731 394.458 0 0
1500 118.448 -81.2779 17.9136 1.02899 -1.31879 394.559 0 0
1500 89.2625 -35.5485 17.7745 0.484986 -0.538411 394.637 0 0
1500 41.1206 201.319 17.7783 -0.223406 3.21857 394.623 0 0
1500 56.3275 30.7896 17.7607 0.0228012 0.522957 394.646 0 0
1500 60.5346 29.8268 17.8562 -0.0266553 0.534541 394.741 0 0
1500 2.81552 -15.2125 17.736 -0.826132 -0.209798 394.856 0 0
1500 83.3468 -13.8092 18.8505 0.486816 -0.23343 394.911 0 0
1500 77.1391 40.3047 17.7754 0.259641 0.664847 394.893 0 0
1500 109.201 49.5253 17.9579 0.956428 0.856011 394.889 0 0
1500 95.8544 45.6183 17.7181 0.625369 0.64426 395.029 0 0
1500 87.5561 43.6196 17.707 0.448088 0.716548 395.024 0 0
1500 91.2232 -9.1839 17.8731 0.572731 -0.180519 394.985 0 0
1500 21.0849 -23.4056 17.8012 -0.606562 -0.320865 395.094 0 0
1500 80.9879 15.458 18.1415 0.414592 0.236508 395.135 0 0
1500 56.2018 -66.8377 17.7261 -0.0257602 -1.00713 395.115 0 0
1500 51.8296 9.69838 18.141 -0.10514 0.119223 395.151 0 0
1500 84.8079 2.18507 17.9707 0.425179 0.111464 395.127 0 0
1500 113.795 19.0707 17.844 0.860842 0.358627 395.205 0 0
1500 92.2599 6.69606 17.7895 0.520968 0.0416499 395.364 0 0
1500 95.3611 -56.6374 17.75 0.614116 -0.824338 395.309 0 0
1500 57.2465 99.852 17.8169 0.0115096 1.6255 395.274 0 0
1500 83.1545 53.0398 17.7087 0.380166 0.849005 395.55 0 0
1500 64.6343 13.3079 17.8626 0.149493 0.267503 395.449 0 0
1500 69.8878 -20.9573 18.6267 0.244791 -0.335032 395.601 0 0
1500 77.797 -8.98301 18.4397 0.362028 -0.199305 395.619 0 0
1500 78.158 5.50504 18.168 0.385852 0.0144818 395.808 0 0
1500 14.6632 34.6164 17.8021 -0.693449 0.534002 395.915 0 0
1500 105.66 -28.3686 17.8871 0.783379 -0.438794 395.983 0 0
1500 84.585 -32.7019 18.1241 0.468296 -0.542384 396.139 0 0
1500 94.6831 -29.0831 17.9813 0.604894 -0.490101 396.306 0 0
1500 85.0315 17.4992 19.07 0.578808 0.30529 396.377 0 0
1500 83.8755 37.555 17.8672 0.402746 0.567131 396.484 0 0
1500 102.035 -49.9788 17.7806 0.679536 -0.776291 396.406 0 0
1500 70.1166 34.0455 18.204 0.226618 0.567607 396.429 0 0
1500 18.2635 43.8497 17.7653 -0.606499 0.708665 396.544 0 0
1500 49.4789 -46.4439 17.8657 -0.0798295 -0.754875 396.554 0 0
1500 81.9864 -21.6208 17.7974 0.398201 -0.295421 396.652 0 0
1500 79.4835 58.04 17.7635 0.35916 0.904513 396.623 0 0
1500 57.512 23.1045 17.7341 0.0568493 0.387099 396.633 0 0
1500 101.153 20.3325 18.1483 0.732764 0.342467 396.825 0 0
1500 -5.55173 4.41674 17.8054 -0.978269 0.0899913 396.728 0 0
1500 88.2746 -24.4558 17.7621 0.529015 -0.346045 396.803 0 0
1500 44.7715 27.0077 17.7809 -0.26987 0.392116 396.825 0 0
1500 104.944 -4.82095 17.8892 0.76749 -0.121288 396.997 0 0
1500 81.941 6.4731 17.845 0.372476 0.173019 396.871 0 0
1500 28.8864 -14.9245 17.7801 -0.50855 -0.241006 397.009 0 0
1500 41.9931 31.059 17.8045 -0.265464 0.546245 396.93 0 0
1500 76.651 11.0515 18.2162 0.365254 0.123638 397.091 0 0
1500 117.892 35.3449 17.725 0.905187 0.467935 397.237 0 0
1500 107.356 -0.321238 18.0209 0.81233 0.0444398 397.261 0 0
1500 98.2544 44.2359 17.7067 0.649733 0.690136 397.153 0 0
1500 23.0806 -19.7828 17.779 -0.59342 -0.312842 397.304 0 0
1500 87.7483 7.29782 18.0328 0.534652 0.157515 397.479 0 0
1500 67.7857 44.766 18.2111 0.123403 0.751448 397.379 0 0
1500 106.285 -45.1827 17.882 0.766985 -0.68835 397.549 0 0
1500 102.761 14.8334 17.9387 0.752342 0.248937 397.603 0 0
1500 75.3942 41.5095 18.1252 0.333461 0.672541 397.646 0 0
1500 83.2283 -28.3619 18.4835 0.491969 -0.469011 397.667 0 0
1500 102.257 -39.1185 17.7725 0.649952 -0.649419 397.798 0 0
1500 12.5332 -23.2847 17.7773 -0.683162 -0.420429 397.655 0 0
1500 114.677 -30.1109 17.8987 0.892306 -0.543295 397.723 0 0
1500 89.5277 14.647 17.9235 0.540465 0.321101 397.696 0 0
1500 66.7636 -17.2773 18.6599 0.196485 -0.298796 397.864 0 0
1500 9.76841 50.1923 17.8158 -0.742228 0.739524 398.029 0 0
1500 87.7742 -20.899 18.0469 0.476145 -0.383615 398.101 0 0
1500 69.4672 -0.218106 18.0515 0.280914 0.0190399 398.222 0 0
1500 121.931 24.6973 17.7476 0.963644 0.322395 398.169 0 0
1500 52.329 69.5346 17.7764 -0.0352352 1.04755 398.214 0 0
1500 118.401 -30.6339 17.7901 0.892275 -0.512692 398.326 0 0
1500 84.5685 -4.20699 17.9337 0.502667 -0.0273497 398.302 0 0
1500 56.9717 -39.7193 17.9238 -0.0754153 -0.694148 398.261 0 0
1500 55.4943 -15.6984 18.2446 0.0259063 -0.272241 398.437 0 0
1500 74.089 7.94733 18.6551 0.323458 0.180637 398.504 0 0
1500 113.988 -16.4711 18.0732 0.98044 -0.375399 398.643 0 0
1500 28.3901 14.7511 18.0244 -0.481698 0.210204 398.85 0 0
1500 99.7828 -38.7576 17.7597 0.626269 -0.673781 398.766 0 0
1500 125.157 -12.5735 17.878 1.11565 -0.269992 398.844 0 0
1500 37.3602 51.5502 17.8953 -0.275988 0.833174 399.206 0 0
1500 4.89405 13.5751 17.8788 -0.835017 0.232774 399.129 0 0
1500 7.15114 -28.9651 17.7543 -0.807957 -0.377181 399.066 0 0
1500 58.1313 34.9483 17.7905 0.0726337 0.555563 399.135 0 0
1500 90.417 -0.0525914 18.09 0.598385 0.0767493 399.277 0 0
1500 109.523 27.193 17.8954 0.785261 0.47232 399.45 0 0
1500 113.443 -34.3741 17.885 0.912651 -0.631805 399.283 0 0
1500 96.7217 33.0212 17.9284 0.592014 0.534999 399.529 0 0
1500 -5.8155 -9.23613 17.8293 -0.99177 -0.142515 399.553 0 0
1500 70.1448 62.1896 17.9929 0.217263 1.07683 399.57 0 0
1500 84.3794 -24.4058 18.0242 0.509778 -0.37439 399.577 0 0
1500 94.2353 51.0584 17.7753 0.550925 0.760097 399.606 0 0
1500 122.301 21.2716 17.7255 0.986335 0.345482 399.624 0 0
1500 74.6285 56.5585 17.8956 0.271842 0.901356 399.633 0 0
1500 69.081 28.7078 18.431 0.201666 0.470911 399.696 0 0
1500 75.3012 -21.9483 18.3278 0.279017 -0.376704 399.686 0 0
1500 101.398 -10.5056 17.7837 0.69697 -0.096105 399.775 0 0
1500 102.975 60.6386 17.751 0.621985 0.891915 399.897 0 0
1500 139.57 -4.59299 17.7507 1.23349 -0.043049 399.936 0 0
1500 88.9422 -23.8022 17.9036 0.550571 -0.328516 399.854 0 0
1500 50.7354 -30.2088 17.9262 -0.134797 -0.588074 399.93 0 0
1500 71.644 21.242 17.911 0.287749 0.359382 400.013 0 0
1500 72.7429 60.6038 17.8025 0.248558 0.896737 400.078 0 0
1500 82.7124 38.43 17.9023 0.455274 0.599026 400.22 0 0
1500 19.5262 -16.5881 17.8261 -0.614352 -0.345209 400.136 0 0
1500 50.3073 -35.5778 17.9493 -0.217969 -0.603261 400.035 0 0
1500 67.4582 -11.6767 18.1224 0.0981476 -0.229914 400.175 0 0
1500 -2.63693 26.1739 17.9099 -1.04476 0.394285 400.295 0 0
1500 62.5505 -62.1135 17.7883 0.0933084 -0.981614 400.351 0 0
1500 77.9906 -15.4807 17.8203 0.383898 -0.23077 400.366 0 0
1500 117.871 3.04276 18.0486 0.963313 0.0762271 400.865 0 0
1500 74.1206 16.2343 19.268 0.376302 0.26649 400.439 0 0
1500 97.9746 19.9366 17.7895 0.608111 0.247686 400.449 0 0
1500 64.8215 53.1278 17.792 0.141075 0.779087 400.505 0 0
1500 107.685 11.1433 17.7954 0.72678 0.203304 400.671 0 0
1500 87.4938 37.1676 17.9422 0.453962 0.584127 400.686 0 0
1500 113.687 -20.2627 17.9396 0.906889 -0.326139 400.825 0 0
1500 77.2362 28.2203 18.2913 0.338373 0.486797 400.923 0 0
1500 74.7902 29.7202 18.2913 0.30246 0.508843 400.921 0 0
1500 70.3696 21.1394 17.9601 0.16748 0.380336 400.601 0 0
1500 83.5905 -15.6357 17.9237 0.476092 -0.254776 400.709 0 0
1500 85.2232 -52.1477 17.8796 0.418067 -0.863066 400.859 0 0
1500 81.9317 4.12073 17.7788 0.330137 0.13161 400.85 0 0
1500 29.7975 3.48594 18.005 -0.507973 0.0124345 400.749 0 0
1500 105.556 0.65385 18.0979 0.781926 0.0441326 400.941 0 0
1500 123.454 -18.5536 17.7529 0.995453 -0.243723 400.982 0 0
1500 102.688 -20.7208 17.9491 0.689508 -0.305124 401.031 0 0
1500 31.7107 13.7426 18.2124 -0.450023 0.271417 401.079 0 0
1500 85.8995 33.6975 17.9487 0.429068 0.532462 401.136 0 0
1500 88.3184 40.8456 17.9066 0.529899 0.643713 401.158 0 0
1500 70.054 3.93431 18.25 0.255525 0.131152 401.279 0 0
1500 96.0211 -8.84348 18.0363 0.64609 -0.0724721 401.238 0 0
1500 97.7362 -15.6828 18.1689 0.743314 -0.361034 401.256 0 0
1500 40.5509 35.0647 17.9035 -0.229291 0.599516 401.339 0 0
1500 71.9216 39.5061 18.1294 0.223689 0.651184 401.421 0 0
1500 -3.64774 12.9569 17.8019 -0.957771 0.128604 401.452 0 0
1500 94.1436 22.4418 17.8295 0.534704 0.360883 401.484 0 0
1500 116.717 -16.9318 17.9016 0.943738 -0.220242 401.475 0 0
1500 56.0868 -63.7547 17.7446 -0.0119879 -1.00584 401.476 0 0
1500 70.5999 39.5173 17.8305 0.214544 0.592608 401.531 0 0
1500 75.8033 6.38374 18.1152 0.362668 0.0423972 401.521 0 0
1500 91.6769 -14.5904 17.962 0.535922 -0.220249 401.631 0 0
1500 116.754 23.2478 17.8618 0.92991 0.378064 401.678 0 0
1500 135.286 4.74345 17.8587 1.22502 0.106555 401.577 0 0
1500 18.2442 -31.0151 17.839 -0.646318 -0.505104 401.674 0 0
1500 44.3622 -50.1037 17.8389 -0.256684 -0.7892 401.72 0 0
1500 85.4961 17.3103 18.3005 0.552894 0.241689 401.558 0 0
1500 33.2797 25.1798 17.8107 -0.362087 0.460162 401.812 0 0
1500 76.9865 -2.32812 18.6584 0.416843 -0.101054 401.912 0 0
1500 2.38827 -28.0414 17.8865 -0.872492 -0.416673 401.881 0 0
1500 105.162 16.4125 17.9013 0.734366 0.316839 401.904 0 0
1500 77.7457 -44.0295 18.0658 0.336636 -0.78749 401.96 0 0
1500 61.9295 0.0731302 18.1983 0.100269 -0.0648478 402.029 0 0
1500 50.8925 25.9474 17.8845 -0.148623 0.373082 402.086 0 0
1500 65.4885 22.1036 17.8434 0.143986 0.3533 402.105 0 0
1500 5.07224 -32.829 17.7511 -0.826793 -0.541287 402.093 0 0
1500 7.9092 -17.4576 17.7721 -0.787273 -0.194761 402.046 0 0
1500 49.5147 -35.1032 17.8407 -0.198693 -0.529727 402.041 0 0
1500 121.76 25.9861 17.8957 1.06856 0.360443 402.024 0 0
1500 59.8678 43.7069 17.9277 0.054438 0.65878 402.197 0 0
1500 75.4737 -19.1511 17.9556 0.306367 -0.296679 402.187 0 0
1500 53.2666 -61.6083 17.8107 -0.0718612 -0.92868 402.164 0 0
1500 49.1276 -30.3681 18.2381 -0.119637 -0.505272 402.198 0 0
1500 68.989 39.9394 17.9201 0.120052 0.727021 402.219 0 0
1500 89.0567 -0.25279 18.0692 0.522415 -0.0757085 402.23 0 0
1500 72.9995 -3.57141 17.8476 0.244637 0.0072156 402.284 0 0
1500 63.1291 -5.39661 17.8498 0.111772 -0.0173046 402.379 0 0
1500 20.43 -9.20254 17.8392 -0.637891 -0.136164 402.269 0 0
1500 34.0536 35.9291 17.9925 -0.411574 0.691652 402.402 0 0
1500 85.6957 -21.1987 17.9705 0.449101 -0.328336 402.634 0 0
1500 69.9519 -55.9317 17.8185 0.159853 -0.843764 402.65 0 0
1500 103.969 30.8034 17.7773 0.702225 0.446167 402.657 0 0
1500 61.8208 23.2167 17.9076 0.065919 0.379585 402.754 0 0
1500 107.86 -19.0354 18.0797 0.820703 -0.329622 402.721 0 0
1500 21.789 -35.5599 17.8494 -0.561791 -0.601131 402.723 0 0
1500 47.8942 41.5701 17.9045 -0.113075 0.69616 402.8 0 0
1500 39.7178 16.7312 17.8138 -0.313053 0.241972 402.825 0 0
1500 -62.0866 -92.8719 17.8358 -1.94106 -1.45109 402.874 0 0
1500 55.0271 -13.0438 18.1976 -0.0295701 -0.226736 403.017 0 0
1500 83.0008 -22.942 18.2402 0.413193 -0.364429 403.019 0 0
1500 64.3187 -52.6141 17.9158 0.0944215 -0.853829 403.017 0 0
1500 39.8577 51.7066 17.8358 -0.340157 0.776138 403.028 0 0
1500 0.238514 58.7025 17.8264 -0.873842 0.95715 402.947 0 0
1500 140.31 -0.996499 18.1675 1.46237 0.0080587 402.922 0 0
1500 130.612 1.26128 17.9917 1.20503 -0.0502403 403.065 0 0
1500 109.513 7.40185 18.0577 0.829518 0.173689 403.154 0 0
1500 82.5047 20.0085 18.0929 0.411932 0.312811 403.498 0 0
1500 120.359 -23.8924 17.8188 0.981149 -0.342478 403.432 0 0
1500 57.0287 -60.197 17.7776 0.0561555 -0.915361 403.359 0 0
1500 65.9625 -17.3236 17.8729 0.114751 -0.340706 403.369 0 0
1500 -8.99746 -7.82261 18.0518 -1.13041 -0.126357 403.224 0 0
1500 107.967 67.3426 17.9145 0.888282 1.1313 403.467 0 0
1500 20.9098 77.5849 17.8796 -0.579549 1.34645 403.336 0 0
1500 93.7489 42.2621 18.3152 0.722855 0.849497 403.462 0 0
1500 35.9086 -12.4829 17.8581 -0.384233 -0.134416 403.561 0 0
1500 96.4597 -8.92027 18.0015 0.60542 -0.0926776 403.669 0 0
1500 29.5895 58.1513 17.7723 -0.450611 0.917889 403.689 0 0
1500 79.7159 4.42607 18.3064 0.447081 0.0556374 403.729 0 0
1500 99.4859 3.12548 18.3001 0.740907 0.0153408 403.732 0 0
1500 90.5298 0.187834 18.5387 0.660284 0.0204799 403.743 0 0
1500 -6.34062 -20.9344 17.8323 -0.991843 -0.340028 403.759 0 0
1500 30.7239 -1.29142 17.8715 -0.435226 -0.0921411 403.775 0 0
1500 117.691 -2.27372 18.0812 0.974021 -0.0116985 403.903 0 0
1500 63.8965 10.1827 18.2856 0.106302 0.19588 404.096 0 0
1500 126.007 6.81746 17.7962 1.04616 0.0666191 404.059 0 0
1500 48.9952 -36.2726 17.9499 -0.101398 -0.598679 403.926 0 0
1500 67.1376 38.8628 17.8532 0.0939907 0.64778 404.101 0 0
1500 76.7248 -20.2426 18.3282 0.362834 -0.328524 404.44 0 0
1500 11.0827 0.152526 17.8037 -0.695322 0.0515318 404.311 0 0
1500 105.086 -43.5352 17.7778 0.76349 -0.658576 404.198 0 0
1500 -1.97536 -16.7007 17.8829 -0.945668 -0.238563 404.467 0 0
1500 97.0182 44.8023 17.8141 0.6487 0.698885 404.405 0 0
1500 -6.38755 -11.006 17.8451 -0.986856 -0.232465 404.403 0 0
1500 32.886 37.0806 17.8509 -0.425003 0.61768 404.419 0 0
1500 85.3865 -17.8919 17.8342 0.443699 -0.216447 404.604 0 0
1500 116.917 -17.9213 17.948 0.952943 -0.237592 404.606 0 0
1500 117.824 10.8594 17.8044 0.901779 0.236349 404.632 0 0
1500 51.0142 38.1497 18.1549 -0.116516 0.616457 404.659 0 0
1500 119.462 20.1103 17.9256 1.04176 0.291088 404.689 0 0
1500 63.2396 2.70421 18.3064 0.107709 0.0985282 404.771 0 0
1500 56.3298 25.6248 17.8387 0.0421087 0.38342 404.859 0 0
1500 10.0356 -48.3972 17.8507 -0.734379 -0.730152 404.81 0 0
1500 112.82 -34.9864 17.8141 0.877288 -0.483395 404.884 0 0
1500 112.234 39.5247 17.8315 0.844299 0.564305 404.988 0 0
1500 85.6327 -63.1402 17.7809 0.470683 -0.935103 405.092 0 0
1500 86.6421 6.50184 18.4344 0.57107 0.126647 404.946 0 0
1500 108.041 -19.5878 18.4848 0.976757 -0.377272 405.085 0 0
1500 72.7634 -18.532 17.9408 0.252981 -0.265063 405.183 0 0
1500 72.1213 -0.515383 18.3689 0.307295 -0.0410863 405.109 0 0
1500 74.1212 60.1361 17.8039 0.247218 0.963899 405.198 0 0
1500 59.0431 10.768 17.913 0.0112127 0.240552 405.251 0 0
1500 63.4094 -24.1854 18.1479 0.087673 -0.385956 405.509 0 0
1500 44.2871 17.8002 17.9107 -0.214955 0.347585 405.451 0 0
1500 75.132 26.4678 18.3478 0.33475 0.531231 405.328 0 0
1500 96.7207 9.16886 18.4305 0.721959 0.239044 405.414 0 0
1500 51.4909 -5.704 18.1198 -0.0553413 -0.142752 405.538 0 0
1500 102.574 -32.5622 17.8095 0.719777 -0.498071 405.562 0 0
1500 74.1159 45.3299 17.8281 0.263099 0.68239 405.738 0 0
1500 74.0274 -3.44478 18.2342 0.347642 0.00382915 405.795 0 0
1500 119.533 -5.30238 17.8415 0.936983 -0.0705086 405.802 0 0
1500 22.8064 -3.32112 17.849 -0.562121 0.0132354 405.884 0 0
1500 35.2946 -46.4126 17.9482 -0.352866 -0.764327 405.88 0 0
1500 121.032 22.0068 17.9533 0.991018 0.340199 406.139 0 0
1500 68.0174 21.3387 17.8433 0.0864224 0.334179 406.146 0 0
1500 106.178 1.89003 17.8004 0.727508 9.96158e-05 405.976 0 0
1500 114.021 39.8875 17.7868 0.872476 0.556049 405.96 0 0
1500 221.785 137.422 17.7973 2.47248 2.10126 406.163 0 0
1500 99.9888 -19.6445 18.0888 0.735866 -0.272952 406.125 0 0
1500 61.259 65.1682 18.1293 0.128949 1.13304 406.134 0 0
1500 79.2958 20.2158 17.9564 0.318916 0.409608 406.14 0 0
1500 51.809 -16.0889 17.8832 -0.0970807 -0.283673 406.419 0 0
1500 122.107 10.2752 17.7937 0.97839 0.12946 406.686 0 0
1500 77.0739 -60.439 17.7827 0.232376 -0.957431 406.384 0 0
1500 68.5752 20.3035 17.9976 0.258269 0.328078 406.638 0 0
1500 78.265 3.6971 17.9822 0.410718 0.0548491 406.587 0 0
1500 51.2924 -50.7273 17.921 -0.117762 -0.830314 406.7 0 0
1500 21.5925 -52.55 17.7825 -0.590686 -0.833945 406.856 0 0
1500 50.9613 51.1617 17.9004 -0.110487 0.842175 406.743 0 0
1500 79.1117 24.0761 18.1211 0.393104 0.429252 406.866 0 0
1500 14.5988 -21.3864 17.8802 -0.721707 -0.308813 406.882 0 0
1500 107.181 -16.3323 18.0666 0.86325 -0.213064 406.716 0 0
1500 58.8428 13.7662 18.374 -0.00628741 0.274871 406.811 0 0
1500 64.5538 -21.9825 18.417 0.0975589 -0.461702 406.892 0 0
1500 28.8157 73.3762 17.9596 -0.472385 1.23369 407.017 0 0
1500 16.2273 -27.8506 17.8727 -0.647574 -0.491655 407.085 0 0
1500 97.7743 47.9724 17.8681 0.63164 0.702437 407.266 0 0
1500 80.4396 52.3002 17.9614 0.326107 0.84817 407.176 0 0
1500 69.3706 56.1175 17.9612 0.161049 0.904171 407.241 0 0
1500 23.0901 -43.557 17.8779 -0.589719 -0.639941 407.292 0 0
1500 105.832 -51.9773 17.7834 0.650774 -0.818225 407.454 0 0
1500 76.6243 26.1078 18.2223 0.273997 0.438342 407.523 0 0
1500 34.0592 57.8827 17.8939 -0.345755 1.00898 407.516 0 0
1500 71.1869 59.6909 18.1529 0.253838 1.06476 407.569 0 0
1500 71.0178 26.8256 17.9954 0.22024 0.519007 407.654 0 0
1500 17.8817 -53.207 17.7845 -0.637066 -0.832486 407.763 0 0
1500 64.3511 1.29606 18.0011 0.14314 0.0931929 407.704 0 0
1500 47.1434 64.9167 17.8903 -0.11253 1.08568 407.749 0 0
1500 -10.5273 -36.23 17.9331 -1.22057 -0.604322 407.822 0 0
1500 31.3046 28.4172 18.0683 -0.390701 0.505565 408.172 0 0
1500 82.8939 38.97 18.1653 0.385877 0.648315 408.05 0 0
1500 59.1281 32.9976 17.9641 -0.011762 0.501982 408.068 0 0
1500 58.895 30.7958 17.9654 -0.0149192 0.471614 408.133 0 0
1500 96.7244 -0.045905 18.4371 0.703042 -0.0534431 407.994 0 0
1500 83.1162 58.3023 17.9156 0.424617 0.919701 408.117 0 0
1500 -3.07827 19.7806 17.8396 -0.97261 0.281215 407.947 0 0
1500 89.2051 1.88879 18.2219 0.579633 0.0745706 408.212 0 0
1500 4.27561 -13.0866 17.8119 -0.870665 -0.241272 408.117 0 0
1500 46.1495 -27.0406 18.1875 -0.189787 -0.454153 408.103 0 0
1500 23.5319 -37.2016 17.8228 -0.529546 -0.639035 407.915 0 0
1500 101.09 -1.38077 17.9942 0.728346 0.0310374 408.15 0 0
1500 78.1614 14.9753 18.1602 0.36536 0.306781 408.086 0 0
1500 128.202 -27.091 18.528 1.36203 -0.49364 408.099 0 0
1500 91.5743 32.5343 17.818 0.531208 0.434953 408.441 0 0
1500 67.4028 26.4935 18.074 0.13179 0.420774 408.352 0 0
1500 40.9184 10.2095 17.9704 -0.258356 0.191162 408.387 0 0
1500 96.0961 16.9118 17.821 0.592415 0.217784 408.623 0 0
1500 47.2413 -53.6687 17.8664 -0.139712 -0.819231 408.545 0 0
1500 5.78622 30.1027 17.8224 -0.757575 0.491564 408.396 0 0
1500 126.131 86.152 17.784 1.02314 1.28757 408.615 0 0
1500 99.2044 -12.4591 18.0236 0.721932 -0.198542 408.425 0 0
1500 39.066 -2.60933 17.9714 -0.285517 -0.0870575 408.915 0 0
1500 77.2202 2.92325 17.9096 0.335711 0.0232897 408.832 0 0
1500 20.8277 12.9896 17.8804 -0.575173 0.181576 408.788 0 0
1500 35.3271 50.5458 17.8268 -0.339407 0.7761 408.736 0 0
1500 31.771 34.8818 17.8563 -0.408957 0.559584 408.969 0 0
1500 122.802 6.16041 17.8972 1.02466 0.0499439 408.802 0 0
1500 99.4231 47.962 17.8175 0.68877 0.690536 408.804 0 0
1500 82.8256 -31.7556 17.9698 0.417101 -0.55619 409.003 0 0
1500 95.9725 142.721 17.9129 0.612338 2.34772 408.849 0 0
1500 105.353 -46.3286 18.1516 0.917559 -0.85302 408.874 0 0
1500 84.8279 -19.6291 17.9751 0.46665 -0.367039 409.106 0 0
1500 90.4624 -30.2423 17.9695 0.562267 -0.51385 409.209 0 0
1500 77.4043 -2.21902 18.0208 0.360034 0.0331538 409.141 0 0
1500 95.435 21.5201 17.8527 0.583097 0.329143 409.261 0 0
1500 59.3207 8.01365 18.481 0.0774142 0.169276 409.435 0 0
1500 101.937 -21.4495 18.0874 0.740626 -0.377391 409.41 0 0
1500 79.7077 49.3811 17.9472 0.412543 0.770098 409.298 0 0
1500 43.9296 -3.52656 17.8536 -0.275052 -0.10931 409.319 0 0
1500 52.8845 15.5956 18.0827 -0.0951948 0.250311 409.745 0 0
1500 47.5386 53.0381 17.8715 -0.187959 0.794913 409.766 0 0
1500 41.5371 60.2508 17.8842 -0.262942 0.915169 409.586 0 0
1500 28.1891 -51.6457 17.7991 -0.472953 -0.787163 409.721 0 0
1500 80.5278 16.482 18.3536 0.480762 0.256481 409.662 0 0
1500 84.5929 37.0989 18.1459 0.482304 0.640638 409.663 0 0
1500 46.0729 -9.31203 17.9181 -0.200208 -0.2187 409.603 0 0
1500 46.865 -21.6837 18.4539 -0.212464 -0.371552 409.682 0 0
1500 108.897 -32.6639 17.9503 0.794043 -0.556931 409.797 0 0
1500 141.806 68.8441 17.8345 1.28258 1.12285 409.817 0 0
1500 30.7063 -5.46505 18.0637 -0.463817 -0.0954171 409.85 0 0
1500 50.4818 42.7179 17.8208 -0.104108 0.661689 409.871 0 0
1500 80.0371 -18.2409 17.8163 0.369606 -0.253545 410.044 0 0
1500 98.8358 13.9161 18.723 0.760783 0.24775 410.061 0 0
1500 126.952 31.1144 17.8216 1.02837 0.541329 410.121 0 0
1500 102.712 -29.3994 17.9886 0.72876 -0.507614 410.295 0 0
1500 69.2258 26.9307 18.159 0.276239 0.452854 410.183 0 0
1500 55.7288 -21.0034 18.2254 -0.0407908 -0.368985 410.306 0 0
1500 85.95 13.268 18.182 0.427111 0.246411 410.405 0 0
1500 43.9455 15.2833 17.8537 -0.185248 0.278406 410.404 0 0
1500 90.6133 9.75243 18.3184 0.556226 0.119157 410.515 0 0
1500 48.0495 -67.4222 17.813 -0.203986 -1.02146 410.584 0 0
1500 123.635 58.3252 17.7981 0.964963 0.93895 410.507 0 0
1500 -4.67967 -7.38901 17.9232 -0.989353 -0.128407 410.547 0 0
1500 79.299 40.247 18.0734 0.341848 0.768573 410.563 0 0
1500 106.278 32.0824 18.0707 0.77569 0.588717 410.617 0 0
1500 45.4684 -66.2209 17.8552 -0.148674 -1.02304 411.016 0 0
1500 60.3651 -62.7948 17.8106 0.0625348 -0.995551 410.766 0 0
1500 115.137 -14.8946 18.0581 0.949734 -0.209105 410.783 0 0
1500 81.7186 -24.3894 18.2231 0.397666 -0.529468 410.893 0 0
1500 71.3087 -31.2183 17.9789 0.233436 -0.489289 411.141 0 0
1500 32.5824 59.6737 17.8938 -0.428055 0.928066 411.321 0 0
1500 38.6684 10.3617 17.8793 -0.356841 0.211805 411.203 0 0
1500 62.3541 39.0917 17.9624 0.0218266 0.733823 411.225 0 0
1500 99.2157 -25.0602 18.3296 0.75697 -0.392496 411.672 0 0
1500 75.2007 17.8193 18.3228 0.342748 0.265232 411.609 0 0
1500 78.3341 -55.7037 17.8965 0.291979 -0.910438 411.704 0 0
1500 78.2747 -9.53472 18.3007 0.443538 -0.158927 411.524 0 0
1500 72.4493 13.3245 17.9725 0.273244 0.277305 411.571 0 0
1500 105.834 -27.8656 17.9653 0.789799 -0.475006 411.716 0 0
1500 76.4105 -29.3253 17.9682 0.320732 -0.45021 411.79 0 0
1500 112.757 38.2296 17.8446 0.84223 0.624113 411.751 0 0
1500 113.569 29.4396 18.0002 0.880778 0.49997 411.768 0 0
1500 95.7193 43.0691 17.946 0.584479 0.724418 411.832 0 0
1500 80.8723 48.5097 17.8108 0.388062 0.805251 411.82 0 0
1500 96.9685 43.3986 18.0677 0.650444 0.787132 411.924 0 0
1500 34.9946 -8.89072 17.9876 -0.326836 -0.184442 412.109 0 0
1500 123.111 0.110065 17.8521 1.04118 0.00544093 411.965 0 0
1500 40.9114 -4.56457 17.9899 -0.245245 -0.124885 412.242 0 0
1500 98.0542 13.2993 17.9484 0.606568 0.241849 412.374 0 0
1500 80.7356 62.1297 17.8468 0.369229 0.965292 412.403 0 0
1500 77.9854 3.37244 18.7929 0.493505 0.0490204 412.357 0 0
1500 106.962 -30.9244 17.8685 0.723286 -0.502021 412.565 0 0
1500 47.5627 56.6288 17.8363 -0.143935 0.872769 412.558 0 0
1500 90.0209 17.0792 17.9066 0.57785 0.283526 412.519 0 0
1500 87.9328 -71.2892 18.0245 0.552749 -1.21364 412.475 0 0
1500 41.2943 -2.22235 18.3392 -0.324885 -0.0550443 412.595 0 0
1500 86.5204 50.5442 18.1076 0.467837 0.827452 412.643 0 0
1500 82.6431 17.1989 19.1211 0.490068 0.282242 412.654 0 0
1500 87.2455 6.86542 18.3577 0.488395 0.151805 412.723 0 0
1500 67.5631 24.4778 17.957 0.182683 0.393796 412.915 0 0
1500 85.6587 60.7473 17.8787 0.464567 0.934664 412.637 0 0
1500 27.667 -58.3861 17.828 -0.502135 -0.916761 412.733 0 0
1500 114.102 37.0516 17.8433 0.834291 0.624486 412.952 0 0
1500 18.6989 -52.8116 17.8628 -0.579555 -0.859718 412.908 0 0
1500 85.3084 -41.4461 17.9319 0.476148 -0.691834 413.143 0 0
1500 43.6376 -18.1022 18.193 -0.243227 -0.246063 412.945 0 0
1500 13.0353 -8.59994 17.9325 -0.718724 -0.196193 412.923 0 0
1500 85.4519 20.0515 18.0058 0.521157 0.308977 413.139 0 0
1500 71.3371 -45.9208 18.0993 0.183221 -0.78514 412.894 0 0
1500 131.498 -14.7338 18.1667 1.36687 -0.305759 412.614 0 0
1500 57.3032 -5.70909 18.3399 0.0617455 -0.142592 413.474 0 0
1500 58.6249 1.72555 17.9876 0.0103849 -0.048913 413.531 0 0
1500 48.7553 39.5444 18.3328 -0.182341 0.802596 413.462 0 0
1500 79.6641 62.7359 17.9405 0.333471 0.993829 413.633 0 0
1500 117.917 -8.45132 18.058 0.987251 -0.088996 413.757 0 0
1500 4.82842 10.1055 17.878 -0.864642 0.106934 413.604 0 0
1500 91.103 20.0747 17.9312 0.598547 0.31618 413.735 0 0
1500 32.3316 21.8185 17.8675 -0.45097 0.284123 413.684 0 0
1500 16.8689 45.6787 17.9029 -0.635915 0.69299 413.995 0 0
1500 89.7086 -29.5961 18.4862 0.568744 -0.501198 414.202 0 0
1500 33.5005 63.1682 17.8024 -0.324853 0.996071 413.997 0 0
1500 91.9876 -3.5807 18.2526 0.609287 0.0127402 413.98 0 0
1500 84.8146 -34.1742 18.2629 0.417208 -0.601751 414.255 0 0
1500 78.2628 -26.5551 18.1137 0.359241 -0.41111 414.595 0 0
1500 97.1834 19.692 17.8367 0.566757 0.344087 414.646 0 0
1500 119.489 15.6151 18.0555 1.0007 0.266609 414.425 0 0
1500 107.716 -28.3642 17.9831 0.826845 -0.472995 414.587 0 0
1500 5.48869 -35.357 17.8383 -0.796815 -0.606742 414.552 0 0
1500 106.854 -35.338 17.8015 0.761174 -0.606827 414.603 0 0
1500 58.0881 -51.6844 17.9648 0.065889 -0.845523 414.41 0 0
1500 33.2215 -48.306 17.8706 -0.353741 -0.809989 414.523 0 0
1500 67.6075 -53.7042 17.8695 0.169905 -0.890399 414.659 0 0
1500 97.6427 -24.9815 17.9717 0.606782 -0.456391 414.7 0 0
1500 62.7715 -23.855 18.0132 0.0275202 -0.404431 414.405 0 0
1500 27.1243 81.2417 18.0318 -0.590088 1.39153 414.41 0 0
1500 123.664 52.7144 17.9751 1.15943 0.965361 414.459 0 0
1500 30.7385 -49.9035 17.8689 -0.390295 -0.831598 414.739 0 0
1500 90.4718 -15.9459 18.1899 0.55266 -0.236497 415.34 0 0
1500 33.859 -67.3754 17.8072 -0.389066 -1.03744 415.373 0 0
1500 103.006 -41.0354 17.9482 0.766195 -0.614666 415.155 0 0
1500 87.4625 -52.0133 17.9582 0.505555 -0.839093 415.306 0 0
1500 92.8799 -44.8037 17.8681 0.552661 -0.752917 414.845 0 0
1500 56.812 -57.4418 17.8513 -0.0687747 -0.926204 415.202 0 0
1500 94.1111 0.534872 18.0767 0.596174 0.0839342 414.846 0 0
1500 26.9277 1.34509 18.0881 -0.512078 -0.0152071 415.122 0 0
1500 31.1221 41.2503 17.8323 -0.485503 0.658858 415.255 0 0
1500 19.8614 -26.9391 17.8346 -0.660606 -0.389408 415.037 0 0
1500 52.5539 19.7347 17.9853 -0.0199463 0.368569 415.162 0 0
1500 117.31 58.151 17.9513 1.03831 0.969087 414.972 0 0
1500 92.6832 1.93504 18.4238 0.649217 0.116023 415.292 0 0
1500 85.0873 9.42193 18.3795 0.590003 0.199937 415.338 0 0
1500 69.6473 -27.0887 18.0694 0.246382 -0.4061 415.457 0 0
1500 88.0869 4.01306 18.0686 0.500227 0.0214417 415.403 0 0
1500 3.33843 125.8 17.9963 -0.883676 2.12826 415.475 0 0
1500 37.7213 24.1094 18.0628 -0.293769 0.39066 415.592 0 0
1500 74.123 -3.87145 18.5855 0.324591 0.0110229 415.542 0 0
1500 89.3113 -9.02728 18.7401 0.606126 -0.197865 415.513 0 0
1500 68.0727 -5.33623 17.9652 0.231918 -0.133023 415.526 0 0
1500 73.9782 54.1277 17.951 0.242089 0.839921 415.873 0 0
1500 63.4402 10.3431 18.1092 0.1529 0.189379 415.714 0 0
1500 100.873 39.7447 17.8343 0.637326 0.639246 416.152 0 0
1500 20.5131 -55.665 17.7974 -0.536694 -0.898176 415.819 0 0
1500 115.249 20.5922 18.0854 0.956276 0.314929 416.242 0 0
1500 23.4036 -52.5096 17.8246 -0.595137 -0.769239 416.226 0 0
1500 79.3125 -34.0737 17.9887 0.310236 -0.590341 416.29 0 0
1500 64.9279 -19.5309 17.9628 0.182547 -0.353009 415.682 0 0
1500 62.5217 -39.6915 17.9545 0.143849 -0.659705 416.288 0 0
1500 80.7111 17.5443 17.9069 0.316474 0.336341 415.722 0 0
1500 81.5822 9.38241 17.9228 0.454019 0.146256 416.257 0 0
1500 32.1054 -4.63258 18.062 -0.48033 -0.109414 415.892 0 0
1500 75.3375 -25.0976 18.7504 0.396186 -0.510126 415.939 0 0
1500 56.4614 28.6965 18.0916 -0.0687721 0.56236 416.027 0 0
1500 115.19 -122.312 17.8862 0.872655 -2.04185 416.422 0 0
1500 100.323 117.864 18.0146 0.755164 1.97193 416.315 0 0
1500 109.533 15.6819 17.9373 0.814682 0.239739 416.525 0 0
1500 130.722 -123.861 17.8923 1.2063 -1.97499 416.497 0 0
1500 103.022 -24.0805 18.2962 0.793221 -0.46787 416.567 0 0
1500 61.7818 49.6225 17.8402 0.0752884 0.773658 416.82 0 0
1500 120.951 -153.1 18.0139 1.12867 -2.68638 416.639 0 0
1500 48.9496 25.5859 18.1583 -0.0944801 0.419999 417.538 0 0
1500 91.0105 -8.66471 17.9839 0.524323 -0.171969 417.06 0 0
1500 68.989 -35.9319 17.8456 0.216906 -0.539818 417.3 0 0
1500 15.1488 28.407 17.8663 -0.659982 0.449831 417.378 0 0
1500 44.3911 -63.9026 17.8636 -0.175268 -1.0005 417.616 0 0
1500 -3.18927 -25.9624 17.8447 -0.953336 -0.435891 417.047 0 0
1500 73.6734 -63.219 17.8298 0.211985 -1.01185 417.428 0 0
1500 74.657 -54.1219 17.9779 0.234874 -0.883461 417.37 0 0
1500 103.133 -18.0404 17.9652 0.765435 -0.320462 417.235 0 0
1500 52.7628 -52.1223 17.829 -0.0957303 -0.871594 417.276 0 0
1500 40.71 -53.3887 17.8393 -0.320607 -0.860684 417.863 0 0
1500 161.936 -11.1337 17.9031 1.66868 -0.189713 417.935 0 0
1500 6.83529 13.5458 17.821 -0.835191 0.264021 417.798 0 0
1500 26.4357 23.9934 17.8911 -0.53596 0.423341 417.234 0 0
1500 48.5434 -134.78 17.848 -0.103046 -2.13541 417.555 0 0
1500 75.3062 14.5174 18.1638 0.352976 0.284546 417.935 0 0
1500 60.0354 -0.316488 18.1846 0.041969 -0.0734946 417.988 0 0
1500 90.5669 -2.79168 17.8978 0.546444 -0.112791 417.644 0 0
1500 33.4295 -28.021 17.8962 -0.338827 -0.503047 417.761 0 0
1500 37.4734 -24.405 17.8452 -0.387359 -0.341178 417.496 0 0
1500 86.8287 -60.0311 17.8297 0.403337 -0.953965 418.163 0 0
1500 61.6248 -3.9275 18.1647 0.0405614 -0.111131 418.207 0 0
1500 84.1185 46.4047 17.8338 0.334224 0.750631 418.444 0 0
1500 54.2709 -31.5816 17.8602 -0.034947 -0.565383 418.06 0 0
1500 79.5745 -70.7594 17.9767 0.429787 -1.1734 418.437 0 0
1500 94.8415 -51.6797 18.3846 0.701001 -0.910795 418.233 0 0
1500 57.3246 16.2303 18.1154 -0.0918956 0.301589 418.153 0 0
1500 99.9351 41.8923 17.9075 0.678347 0.696729 418.563 0 0
1500 62.5938 9.34691 18.2431 0.0695978 0.197271 418.6 0 0
1500 103.985 35.3236 17.813 0.700782 0.565896 418.763 0 0
1500 94.8798 57.9865 17.8071 0.491338 0.90604 418.621 0 0
1500 26.1429 -15.8145 18.1559 -0.501276 -0.291505 418.811 0 0
1500 34.936 -25.5225 17.9218 -0.423001 -0.403383 418.817 0 0
1500 80.8827 21.6963 18.2369 0.347559 0.384011 419.016 0 0
1500 82.808 -61.4731 18.0084 0.460754 -1.02799 418.858 0 0
1500 116.368 26.066 17.854 0.992964 0.365722 418.94 0 0
1500 96.4766 34.832 18.078 0.657381 0.650314 419.016 0 0
1500 121.93 8.11679 17.9519 0.997825 0.152493 419.112 0 0
1500 46.7772 -30.2673 17.9405 -0.183498 -0.482043 419.21 0 0
1500 9.00963 -24.3076 17.8554 -0.747075 -0.397586 419.406 0 0
1500 121.018 -18.8927 17.9366 0.996522 -0.324674 419.339 0 0
1500 123.977 -4.18854 17.9366 1.0424 -0.10897 419.181 0 0
1500 53.1273 -66.3196 17.8325 -0.128802 -1.03434 419.33 0 0
1500 99.1301 21.9739 18.1949 0.739087 0.350842 419.247 0 0
1500 107.17 16.2439 18.1362 0.854265 0.250814 419.673 0 0
1500 81.9704 46.3974 17.9383 0.452063 0.726657 419.58 0 0
1500 105.602 -22.9503 17.9374 0.810423 -0.328038 419.68 0 0
1500 92.9122 -21.585 17.9398 0.561754 -0.407862 419.409 0 0
1500 72.5423 -42.5515 17.9243 0.170475 -0.695739 419.707 0 0
1500 147.042 37.5802 17.9062 1.4692 0.583418 419.475 0 0
1500 96.4029 -50.4507 18.1591 0.706142 -0.904453 419.714 0 0
1500 88.0876 -46.7315 18.1231 0.556519 -0.863396 419.419 0 0
1500 114.757 52.7117 18.2075 1.03663 0.952744 419.496 0 0
1500 53.7017 -32.063 18.1766 -0.135909 -0.528178 419.44 0 0
1500 133.784 19.1192 18.2178 1.4343 0.386405 419.515 0 0
1500 92.9717 -32.9493 18.394 0.713117 -0.692361 419.551 0 0
1500 97.6637 5.43066 18.1403 0.657639 0.0869763 419.978 0 0
1500 79.2761 -1.05525 17.8894 0.318994 -0.0824337 420.505 0 0
1500 46.5907 55.6231 17.8152 -0.211693 0.853008 420.093 0 0
1500 45.8026 64.778 17.8872 -0.20267 1.00995 420.407 0 0
1500 107.638 47.8682 17.8089 0.798868 0.677217 420.233 0 0
1500 111.749 9.18251 18.0309 0.890123 0.174367 420.051 0 0
1500 50.8387 28.8893 18.3772 -0.10404 0.470432 419.765 0 0
1500 116.663 -16.2754 17.8431 0.909926 -0.319091 419.78 0 0
1500 68.0789 -47.3242 18.0432 0.160049 -0.791313 420.01 0 0
1500 10.8816 -18.7638 17.8638 -0.792672 -0.294948 420.146 0 0
1500 62.2594 90.0551 17.8135 0.0080918 1.43314 420.381 0 0
1500 15.9963 -18.9835 17.8203 -0.719609 -0.259405 420.172 0 0
1500 67.8727 28.924 17.9019 0.225932 0.490749 420.377 0 0
1500 56.588 37.5326 18.403 0.00751116 0.707035 420.195 0 0
1500 48.1736 -11.3643 18.3972 -0.125365 -0.189052 421.107 0 0
1500 66.245 -5.47178 18.1126 0.187441 -0.0218524 420.578 0 0
1500 72.5654 6.5858 17.9829 0.261153 0.0368078 420.662 0 0
1500 43.0684 27.1883 18.0039 -0.197515 0.447866 421.3 0 0
1500 97.2014 -29.4053 18.0939 0.637475 -0.456161 420.839 0 0
1500 98.7585 -14.5541 18.0973 0.656302 -0.246571 421.167 0 0
1500 83.0507 21.2669 17.9367 0.342869 0.364842 421.7 0 0
1500 96.276 -31.6314 17.9501 0.609764 -0.492866 421.95 0 0
1500 115.424 -14.7651 17.9433 0.89081 -0.257249 421.14 0 0
1500 51.5722 60.6602 17.8799 -0.137968 0.920825 422.033 0 0
1500 4.49692 33.6692 17.814 -0.821823 0.546956 421.326 0 0
1500 101.221 21.9922 18.5011 0.759989 0.389362 420.734 0 0
1500 121.71 -21.151 17.8758 0.977028 -0.377257 421.095 0 0
1500 122.49 -11.3041 17.9393 1.02445 -0.212664 421.463 0 0
1500 -1.15628 -26.0599 17.902 -0.946014 -0.396916 421.225 0 0
1500 16.4249 -48.6105 17.8551 -0.694247 -0.73694 421.431 0 0
1500 82.1303 -40.4161 17.9451 0.431677 -0.676228 420.682 0 0
1500 75.9183 14.8557 18.297 0.407605 0.241406 421.183 0 0
1500 109.056 -8.73738 17.8329 0.848876 -0.0972493 421.747 0 0
1500 58.0347 68.1985 17.8982 -0.0587131 1.13002 421.673 0 0
1500 64.1657 58.55 17.9014 0.0186957 0.967531 420.795 0 0
1500 -20.7176 20.6411 17.9814 -1.31512 0.401327 421.598 0 0
1500 69.0805 41.0865 18.4537 0.201652 0.741506 421.599 0 0
1500 117.719 44.5669 18.2872 1.13663 0.793872 420.632 0 0
1500 113.302 10.0575 18.0311 0.883492 0.181276 422.315 0 0
1500 98.7342 23.7954 18.2843 0.742143 0.371179 422.252 0 0
1500 113.747 10.3422 17.9828 0.909056 0.229084 422.354 0 0
1500 63.688 43.313 17.8881 0.153767 0.720907 422.352 0 0
1500 118.637 51.7737 18.1294 1.08056 0.918563 422.361 0 0
1500 96.2283 36.7949 17.9147 0.587645 0.585233 422.506 0 0
1500 116.74 28.323 17.9289 0.939562 0.432512 422.487 0 0
1500 119.161 -20.2181 17.9333 0.969766 -0.357674 422.533 0 0
1500 100.92 3.23673 18.2014 0.764093 0.0155406 422.388 0 0
1500 90.4841 -3.36207 17.9594 0.52174 -0.0919372 422.777 0 0
1500 42.4708 -59.5053 17.8142 -0.237782 -0.932299 422.671 0 0
1500 81.2128 13.1819 18.6222 0.471645 0.278971 422.663 0 0
1500 15.0958 -34.0292 17.9162 -0.744645 -0.498576 422.651 0 0
1500 57.0817 -55.5267 18.0632 -0.0270394 -0.896722 422.822 0 0
1500 66.8301 14.5521 18.367 0.210169 0.260861 423.056 0 0
1500 67.7864 -4.21466 18.0886 0.17433 -0.126363 423.114 0 0
1500 74.6578 -30.4504 17.8423 0.220016 -0.49755 422.902 0 0
1500 51.6426 -63.7153 17.804 -0.0332445 -0.959559 422.863 0 0
1500 97.9302 10.1171 18.6727 0.720865 0.218504 422.957 0 0
1500 89.1073 -13.8242 18.0872 0.515868 -0.236741 423.226 0 0
1500 98.4958 39.8009 17.8109 0.642841 0.602674 423.162 0 0
1500 58.2619 26.6969 17.9217 -0.0590039 0.388454 423.377 0 0
1500 68.0688 -36.517 18.0851 0.158658 -0.729771 423.33 0 0
1500 72.6737 -14.3392 18.2161 0.289355 -0.250846 423.637 0 0
1500 53.2753 -2.16767 17.8624 -0.118693 -0.0746109 423.805 0 0
1500 24.4184 8.94706 17.8959 -0.515906 0.173967 423.664 0 0
1500 91.6168 -47.1368 17.8465 0.50346 -0.74526 423.395 0 0
1500 12.213 48.4137 17.8899 -0.719023 0.757506 423.906 0 0
1500 108.202 -45.5762 17.8462 0.730298 -0.748406 423.832 0 0
1500 95.7724 -40.6076 17.806 0.643434 -0.587981 423.684 0 0
1500 96.8093 13.3722 17.987 0.631742 0.27989 423.6 0 0
1500 73.1524 -52.3692 17.8022 0.183022 -0.863351 423.825 0 0
1500 93.3981 18.3026 17.982 0.638488 0.285773 423.761 0 0
1500 32.6829 13.7333 18.0248 -0.441963 0.225592 423.755 0 0
1500 214.506 -71.4112 17.9003 2.52345 -1.18645 423.434 0 0
1500 49.1378 -11.7755 18.2602 -0.103145 -0.22162 424.014 0 0
1500 95.4369 -7.30946 18.321 0.642321 -0.115058 424.666 0 0
1500 18.6962 52.6641 17.949 -0.600411 0.845985 424.733 0 0
1500 109.189 22.4778 18.0569 0.860492 0.37795 424.186 0 0
1500 105.893 18.2275 18.0172 0.824992 0.276193 424.35 0 0
1500 101.079 1.27416 18.0906 0.762585 0.00421252 424.325 0 0
1500 94.8222 6.74954 18.094 0.670618 0.0877362 424.028 0 0
1500 96.169 -22.7499 18.09 0.687487 -0.360235 424.378 0 0
1500 62.1793 -42.8685 18.0828 0.0790846 -0.726393 424.331 0 0
1500 97.7172 -11.9305 18.1346 0.707488 -0.219516 424.678 0 0
1500 91.5059 0.216647 18.1122 0.619717 0.0304797 424.694 0 0
1500 59.3883 -40.968 17.8137 0.087869 -0.668173 423.977 0 0
1500 67.5667 -26.0518 17.9864 0.169078 -0.479736 424.631 0 0
1500 88.8415 -48.9969 18.068 0.568317 -0.83263 424.607 0 0
1500 82.2981 25.5882 18.1163 0.354747 0.422583 424.81 0 0
1500 12.3802 -24.3634 17.921 -0.695612 -0.383838 425.19 0 0
1500 10.6851 -18.7521 17.8664 -0.739391 -0.273917 425.123 0 0
1500 101.489 -43.0467 17.9374 0.684234 -0.673978 424.804 0 0
1500 103.654 47.1816 17.9266 0.735474 0.746905 425.18 0 0
1500 3.65848 -38.8866 17.8721 -0.87423 -0.560504 424.778 0 0
1500 55.7163 34.3565 18.2727 -0.0298531 0.574763 424.786 0 0
1500 156.469 17.4831 17.8618 1.57564 0.24436 424.846 0 0
1500 72.1494 -35.1194 18.0733 0.29263 -0.598248 425.095 0 0
1500 53.3143 -32.9747 17.9956 -0.0710579 -0.52559 425.479 0 0
1500 91.753 -10.4955 17.9497 0.553109 -0.127962 425.261 0 0
1500 65.9697 21.6835 17.9205 0.157664 0.361479 425.597 0 0
1500 34.939 -57.4503 17.8551 -0.339475 -0.939141 425.613 0 0
1500 53.5144 -60.1142 17.8344 -0.0399408 -0.978583 425.655 0 0
1500 103.313 -16.4981 18.0669 0.761931 -0.311003 425.678 0 0
1500 84.9279 5.20004 18.1933 0.517944 0.126494 425.48 0 0
1500 47.2858 -4.29474 18.3411 -0.169245 -0.0882301 425.68 0 0
1500 59.7746 -60.3806 17.9089 0.0817498 -1.02847 425.359 0 0
1500 64.7778 -69.3386 18.2266 0.144581 -1.19407 425.238 0 0
1500 84.1428 1.68942 18.5255 0.486873 0.0692095 425.757 0 0
1500 39.8178 25.7078 17.8132 -0.296769 0.477873 425.763 0 0
1500 50.9027 -77.6813 17.8364 -0.0900256 -1.23937 425.926 0 0
1500 25.5143 36.1472 17.8417 -0.492132 0.623574 425.916 0 0
1500 75.8177 -23.3145 17.8954 0.298824 -0.437935 425.927 0 0
1500 32.8331 -15.5104 18.0082 -0.431088 -0.280902 426.095 0 0
1500 72.6174 1.68195 18.0544 0.304197 -0.0328138 425.993 0 0
1500 87.6916 27.4294 17.8612 0.443156 0.453949 426.563 0 0
1500 117.305 -68.2829 17.7952 0.928833 -0.99573 426.267 0 0
1500 120.991 -13.8105 17.9211 0.994687 -0.265081 426.316 0 0
1500 62.1959 0.835619 18.3144 0.0784344 -0.0460713 426.548 0 0
1500 88.9687 -0.331363 18.0484 0.553572 -0.0635483 426.405 0 0
1500 83.3 -10.0083 18.0497 0.467126 -0.21258 426.311 0 0
1500 63.1264 -25.6402 18.0506 0.156787 -0.453621 426.246 0 0
1500 44.2003 6.59706 18.3822 -0.18374 0.119955 427.201 0 0
1500 98.2082 -4.91294 18.2904 0.678738 -0.0535668 427.727 0 0
1500 104.816 40.8373 17.9306 0.737138 0.640233 426.602 0 0
1500 120.614 -13.5397 18.0765 1.02274 -0.213105 426.671 0 0
1500 106.598 42.676 17.8316 0.717672 0.69169 427.794 0 0
1500 64.6268 62.2808 17.8325 0.107705 0.973839 427.98 0 0
1500 64.9813 -65.4739 17.8528 0.10948 -1.03278 427.353 0 0
1500 123.475 16.1188 17.8137 1.00294 0.301844 427.096 0 0
1500 119.191 27.8726 17.7958 0.973769 0.382901 426.712 0 0
1500 49.17 114.762 17.8484 -0.106952 1.8001 426.71 0 0
1500 40.4296 -63.1256 17.8636 -0.227489 -0.98704 429.283 0 0
1500 123.97 1.38917 17.8243 1.0388 0.0699481 427.775 0 0
1500 80.7525 63.1524 17.8315 0.402665 0.949431 429.075 0 0
1500 23.4661 -27.5434 18.0006 -0.570347 -0.462287 426.692 0 0
1500 109.328 7.95216 18.0367 0.853034 0.0627715 427.43 0 0
1500 91.1229 -18.765 18.0442 0.583806 -0.345154 426.725 0 0
1500 85.0519 -53.4962 18.0303 0.479407 -0.855701 428.301 0 0
1500 98.3098 -39.0111 18.0327 0.681191 -0.642964 427.928 0 0
1500 71.3084 -62.9738 17.8733 0.219606 -1.01106 428.633 0 0
1500 76.3963 9.75796 18.2645 0.317641 0.222556 427.757 0 0
1500 83.244 -41.776 17.9075 0.414675 -0.71232 427.883 0 0
1500 78.4492 -19.7283 18.4823 0.401622 -0.370269 429.168 0 0
1500 -12.03 43.0293 17.8617 -1.0891 0.724263 428.36 0 0
1500 90.5184 -6.02401 18.0073 0.566627 -0.0323652 428.217 0 0
1500 147.162 -7.08147 17.8176 1.43936 -0.0935988 428.166 0 0
1500 101.808 -65.5728 17.8664 0.736182 -1.07188 427.613 0 0
1500 90.4519 17.7046 17.9213 0.591842 0.303916 427.068 0 0
1500 38.1632 44.7222 17.8106 -0.358876 0.746855 428.695 0 0
1500 101.027 57.6765 17.8202 0.749006 0.915132 428.488 0 0
1500 109.818 31.5509 18.0085 0.843098 0.588276 427.098 0 0
1500 40.882 11.5425 18.0167 -0.247807 0.266041 427.171 0 0
1500 54.0153 -3.39332 17.8224 -0.10958 -0.119278 429.379 0 0
1500 109.119 36.1401 18.0582 0.873648 0.663915 427.907 0 0
1500 87.1177 -40.9703 18.0649 0.445844 -0.740358 427.107 0 0
1500 96.6827 6.47947 17.8598 0.701364 0.0956694 428.917 0 0
1500 123.94 -3.31489 17.8449 1.02872 0.0108343 429.558 0 0
1500 44.1895 -63.414 17.8967 -0.177452 -1.01637 429.595 0 0
1500 78.3452 -45.8623 18.019 0.386155 -0.721059 430.155 0 0
1500 112.42 -28.92 18.0945 0.907592 -0.457625 430.282 0 0
1500 105.948 24.0345 17.9946 0.780574 0.414717 430.014 0 0
1500 92.2966 43.9669 17.81 0.507953 0.746408 430.394 0 0
1500 100.281 -24.3922 17.8027 0.71483 -0.408542 429.964 0 0
1500 48.4289 25.1303 18.0261 -0.197276 0.364967 429.676 0 0
1500 30.9778 2.76853 18.0139 -0.465939 0.0131331 429.883 0 0
1500 43.9342 -14.0854 17.8188 -0.267015 -0.286245 429.605 0 0
1500 32.0436 24.935 17.8145 -0.45106 0.323126 429.903 0 0
1500 147.263 -16.5581 17.929 1.56069 -0.291982 430.563 0 0
1500 41.0825 6.59762 18.0279 -0.32793 0.0336046 429.71 0 0
1500 75.9411 43.2616 17.8398 0.307754 0.660532 431.154 0 0
1500 37.2094 -55.3892 17.8802 -0.277369 -0.863895 431.289 0 0
1500 101.047 32.8173 17.8259 0.659592 0.524414 431.56 0 0
1500 95.3135 -53.3162 17.8987 0.581907 -0.862992 430.821 0 0
1500 67.5444 15.7772 18.6143 0.275997 0.304142 430.718 0 0
1500 53.2706 -58.8278 17.9475 -0.0433719 -0.959473 430.753 0 0
1500 38.2111 -60.0772 17.886 -0.348727 -0.953902 431.409 0 0
1500 76.0309 24.055 18.0515 0.268157 0.437465 430.923 0 0
1500 90.4648 21.5843 17.9372 0.567306 0.386019 431.255 0 0
1500 77.436 -11.5393 17.8488 0.334068 -0.25205 431.138 0 0
1500 65.7652 54.8489 17.9007 0.16872 0.942951 431.043 0 0
1500 113.844 -29.4055 17.9798 0.988433 -0.578516 430.852 0 0
1500 95.5107 23.9552 17.9898 0.603057 0.37792 432.149 0 0
1500 78.108 -10.9808 18.0524 0.348862 -0.205008 433.454 0 0
1500 87.4163 -25.0016 18.1562 0.47296 -0.411562 433.521 0 0
1500 49.4963 -41.6853 17.8909 -0.0997001 -0.656946 432.413 0 0
1500 78.7543 -40.0649 17.8892 0.313574 -0.635453 432.262 0 0
1500 74.1709 -23.2245 17.8972 0.246485 -0.393759 432.926 0 0
1500 88.3574 -2.15829 17.9388 0.465371 0.029153 434.588 0 0
1500 56.5172 54.7042 17.818 -0.00704661 0.852624 432.471 0 0
1500 106.669 17.0799 17.9976 0.764152 0.300801 432.404 0 0
1500 97.5091 22.6914 18.6009 0.711885 0.400778 431.833 0 0
1500 76.0102 -19.6482 17.861 0.3389 -0.328863 431.974 0 0
1500 81.3577 12.0567 17.8621 0.40846 0.140521 433.648 0 0
1500 85.6741 0.573702 17.8608 0.482194 -0.0271966 432.092 0 0
1500 143.621 1.8777 17.8215 1.31369 -0.0415595 432.266 0 0
1500 100.198 5.9609 17.9982 0.703616 0.158473 431.981 0 0
1500 79.8659 60.1989 17.9831 0.380331 0.957618 434.077 0 0
1500 37.2122 -42.3228 17.9979 -0.353797 -0.702338 431.973 0 0
1500 47.3053 -45.6155 17.8365 -0.134469 -0.772635 432.098 0 0
1500 80.083 -58.8865 17.8246 0.360686 -0.952597 433.752 0 0
1500 19.9797 -56.0751 17.823 -0.535083 -0.900213 434.507 0 0
1500 38.499 -39.4017 17.9395 -0.254912 -0.675178 432.523 0 0
1500 106.391 14.588 18.0185 0.807516 0.264767 434.296 0 0
1500 43.6118 -7.80958 17.9747 -0.208935 -0.19886 432.258 0 0
1500 80.4515 21.3416 17.896 0.38917 0.400547 433.191 0 0
1500 88.4651 -21.2504 17.9378 0.558905 -0.316601 433.574 0 0
1500 64.7413 31.053 17.9381 0.188573 0.50993 433.477 0 0
1500 24.1159 28.2664 18.098 -0.556685 0.43701 434.567 0 0
1500 57.4505 -0.987252 17.8726 -0.047525 0.0510131 432.734 0 0
1500 -46.0679 50.8559 17.9233 -1.8202 0.879674 433.509 0 0
1500 33.6913 22.7116 17.9876 -0.373447 0.33945 435.177 0 0
1500 57.4191 -22.8195 17.8906 -0.0697795 -0.339861 434.817 0 0
1500 57.1094 -37.3817 17.919 0.00253145 -0.597638 435.196 0 0
1500 40.1456 -55.6684 17.7997 -0.300158 -0.862083 435.174 0 0
1500 85.9209 42.3321 17.9327 0.458088 0.649438 436.834 0 0
1500 108.104 14.3921 17.9318 0.773344 0.253939 436.744 0 0
1500 35.6092 62.8973 17.9393 -0.354354 0.986561 435.372 0 0
1500 118.249 21.0758 17.9057 0.955275 0.311229 436.618 0 0
1500 105.001 -49.3074 17.8 0.663873 -0.793434 436.431 0 0
1500 105.942 43.0966 17.9196 0.799255 0.651608 435.932 0 0
1500 32.9703 54.8289 17.7981 -0.353696 0.900979 435.543 0 0
1500 86.1482 59.1099 17.7936 0.44397 0.947587 436.816 0 0
1500 58.5842 -34.7887 18.0651 0.0124985 -0.605005 435.971 0 0
1500 50.5094 37.2781 17.8751 -0.164025 0.633015 436.6 0 0
1500 18.7855 -25.3599 17.8156 -0.609262 -0.467447 436.959 0 0
1500 67.4336 -47.5467 18.0545 0.103895 -0.800172 435.959 0 0
1500 116.333 32.1576 18.3002 1.03123 0.59989 434.968 0 0
1500 114.62 -58.0785 18.16 1.03794 -1.0324 434.97 0 0
1500 23.5638 -20.2239 17.9154 -0.546502 -0.300339 437.282 0 0
1500 58.8876 -52.7339 17.8349 0.0405501 -0.817819 437.212 0 0
1500 81.0394 -37.0986 17.964 0.337417 -0.592519 438.902 0 0
1500 42.6706 -9.83646 17.9747 -0.200212 -0.206287 439.764 0 0
1500 15.4194 3.23423 17.8611 -0.635969 0.10551 439.79 0 0
1500 61.2798 -12.4005 17.9351 0.0745944 -0.23956 440.956 0 0
1500 98.2515 16.5125 17.812 0.594144 0.298976 440.194 0 0
1500 126.797 -7.80499 17.7942 1.03596 -0.0471269 437.635 0 0
1500 56.4865 -22.6679 18.3331 0.0400388 -0.377869 443.235 0 0
1500 72.3638 -59.5933 17.8243 0.27325 -0.883898 439.751 0 0
1500 56.2847 -38.1086 17.8305 0.0201573 -0.590973 441.356 0 0
1500 67.2048 -34.2233 17.9105 0.142808 -0.550288 442.133 0 0
1500 89.2985 52.7268 18.0984 0.538105 0.867217 437.009 0 0
1500 65.29 30.3161 18.144 0.17327 0.478724 443.631 0 0
1500 52.3879 45.8949 17.8703 -0.134139 0.761493 437.005 0 0
1500 8.07525 -1.42976 17.8685 -0.812956 0.0341632 437.176 0 0
1500 43.9797 2.50452 17.831 -0.201183 -0.0348919 443.457 0 0
1500 12.1158 -42.9127 17.8059 -0.671334 -0.695629 440.889 0 0
1500 77.395 -49.9004 17.8101 0.290572 -0.837684 437.551 0 0
1500 80.4763 50.9385 17.99 0.351868 0.843649 438.926 0 0
1500 112.179 24.3758 18.1511 0.907466 0.400718 440.36 0 0
1500 107.996 43.4983 17.8356 0.756634 0.70713 441.229 0 0
1500 103.31 29.4617 17.9483 0.774522 0.421447 438.921 0 0
1500 65.9336 37.9125 17.8681 0.0840583 0.597362 444.333 0 0
1500 96.892 -4.45338 17.909 0.673736 -0.109853 438.29 0 0
1500 123.226 5.46585 17.833 1.02819 0.133096 440.559 0 0
1500 4.72656 22.2438 17.8137 -0.858323 0.39756 439.397 0 0
1500 32.2066 -29.143 17.8617 -0.359843 -0.48099 444.92 0 0
1500 69.8072 -17.9748 18.0792 0.184922 -0.31757 446.529 0 0
1500 74.5741 14.814 18.1954 0.283513 0.265172 448.149 0 0
1500 85.2278 6.69368 18.1918 0.537392 0.114779 439.906 0 0
1500 80.5613 17.7435 18.1919 0.466309 0.283278 439.898 0 0
1500 114.815 2.86323 18.1746 0.962646 0.0549084 441.666 0 0
1500 104.072 -4.46693 18.1818 0.81411 -0.0546619 440.758 0 0
1500 69.2006 -26.1806 17.844 0.250077 -0.425614 438.892 0 0
1500 78.0495 39.5892 17.8368 0.384725 0.594521 439.441 0 0
1500 93.5276 -57.0207 17.8205 0.593037 -0.854141 442.814 0 0
1500 120.329 23.2683 17.8206 0.986131 0.325105 442.856 0 0
1500 106.676 -27.0206 17.9523 0.814421 -0.449306 441.122 0 0
1500 74.5235 3.08943 17.9012 0.306013 0.0509056 446.62 0 0
1500 155.694 54.0078 17.9021 1.60086 0.907289 438.42 0 0
1500 80.0535 33.0285 17.86 0.411458 0.547001 439.791 0 0
1500 43.5814 36.0853 17.9822 -0.273997 0.583256 440.243 0 0
1500 -6.24882 -17.203 17.8002 -0.994418 -0.187647 441.95 0 0
1500 43.4342 63.3208 17.7984 -0.244439 1.01424 442.593 0 0
1500 19.8082 40.3181 17.808 -0.573666 0.645663 445.27 0 0
1500 -0.986568 -7.46953 17.8048 -0.926371 -0.0416817 441.151 0 0
1500 33.1395 14.3464 17.823 -0.375218 0.268162 446.643 0 0
1500 5.12443 13.1916 17.81 -0.781659 0.256087 445.489 0 0
1500 14.4529 6.37875 17.8167 -0.642463 0.157302 446.134 0 0
1500 98.4403 40.8793 17.8084 0.552928 0.653295 445.314 0 0
1500 39.2761 51.0515 17.8059 -0.313773 0.851367 441.018 0 0
1500 90.9545 58.0272 17.7995 0.455519 0.918681 443.81 0 0
1500 17.5751 42.7457 17.8029 -0.640888 0.720022 441.436 0 0
1500 -4.48884 8.8313 17.8036 -0.929756 0.196059 444.679 0 0
1500 13.6124 -28.442 17.8464 -0.699109 -0.427758 445.769 0 0
1500 60.7016 10.766 18.0141 0.124116 0.167151 447.89 0 0
1500 2.38437 -29.5443 17.905 -0.845988 -0.498729 443.709 0 0
1500 21.1733 58.8298 17.794 -0.500758 0.933883 442.32 0 0
1500 93.5683 -2.35823 18.1221 0.598069 -0.0328259 448.01 0 0
1500 120.022 -6.43923 18.1028 1.02402 -0.0949416 443.905 0 0
1500 12.3324 -11.6136 17.902 -0.717334 -0.250865 441.296 0 0
1500 104.769 -69.9732 17.8935 0.753865 -1.09821 443.373 0 0
1500 30.5175 -19.3533 18.0272 -0.50611 -0.275155 437.365 0 0
1500 49.5811 -54.8774 17.9051 -0.0904481 -0.850058 446.691 0 0
1500 61.5009 -12.1107 17.9234 0.0868772 -0.263535 440.626 0 0
1500 21.3886 -105.452 17.8906 -0.61606 -1.68779 441.087 0 0
1500 2.37554 26.9446 18.1747 -0.9413 0.492406 437.632 0 0
1500 141.946 -14.7256 18.2832 1.50746 -0.226214 437.662 0 0
1500 55.727 -29.9303 17.8156 -0.0703022 -0.538214 441.158 0 0
1500 14.277 -22.5668 17.8188 -0.632414 -0.391255 447.475 0 0
1500 112.142 3.56216 18.1091 0.930775 0.0532842 443.319 0 0
1500 11.0586 -26.7551 17.8707 -0.69994 -0.449719 447.249 0 0
1500 57.4985 -28.2541 17.8829 -0.0348201 -0.506558 442.403 0 0
1500 96.4851 -49.1528 17.8644 0.54086 -0.790445 445.597 0 0
1500 89.7242 0.126011 18.1733 0.548421 0.00252924 450.143 0 0
1500 101.293 -39.013 17.9888 0.743286 -0.607128 444.529 0 0
1500 94.6657 -31.9185 17.9981 0.604322 -0.469931 448.878 0 0
1500 74.4813 45.5783 17.8263 0.31612 0.743017 443.103 0 0
1500 105.631 29.8524 18.4633 0.864592 0.574163 438.778 0 0
1500 73.0418 26.0617 18.3021 0.280165 0.417029 452.044 0 0
1500 43.0622 -55.7787 17.8293 -0.262177 -0.854279 447.984 0 0
1500 22.2878 -21.6087 17.8396 -0.551961 -0.358476 449.039 0 0
1500 102.007 -49.748 17.8035 0.600796 -0.786178 447.357 0 0
1500 21.3262 -43.8423 17.8059 -0.597827 -0.732509 444.337 0 0
1500 90.7206 -51.7 17.8049 0.455766 -0.849931 444.492 0 0
1500 55.3678 35.6561 17.9326 -0.0230079 0.569913 449.955 0 0
1500 19.2636 37.733 17.9206 -0.574354 0.65018 444.344 0 0
1500 90.111 31.3102 17.9283 0.466473 0.511616 449.589 0 0
1500 47.1914 35.3487 17.9302 -0.151415 0.622225 443.465 0 0
1500 62.0166 49.6563 17.9221 0.0763812 0.833588 444.188 0 0
1500 210.927 -54.9833 17.865 2.53501 -0.921247 440.874 0 0
1500 77.7682 5.76139 18.3168 0.449342 0.0945957 442.573 0 0
1500 86.3665 46.6208 18.0184 0.433017 0.776783 445.137 0 0
1500 77.2394 -33.6867 17.8928 0.30357 -0.539247 450.187 0 0
1500 110.685 -38.6927 17.8732 0.817582 -0.643791 446.425 0 0
1500 121.976 -12.7199 17.9464 1.01984 -0.231033 446.953 0 0
1500 37.7369 -79.8763 17.8055 -0.272117 -1.29609 444.22 0 0
1500 83.7546 15.6702 18.0571 0.373882 0.298633 444.549 0 0
1500 4.72699 38.6226 17.8013 -0.869676 0.580523 446.903 0 0
1500 69.567 10.5378 17.8615 0.138566 0.212758 451.453 0 0
1500 80.429 63.1711 17.8325 0.306793 1.00189 447.607 0 0
1500 114.643 -3.33275 17.8495 0.942013 -0.0862424 445.084 0 0
1500 -25.0029 -76.2694 17.8671 -1.3253 -1.19394 445.89 0 0
1500 93.5931 40.5954 18.1026 0.587514 0.678731 447.331 0 0
1500 115.734 26.6605 17.8961 0.907576 0.423243 449.486 0 0
1500 64.9448 2.07289 17.9232 0.165028 0.0644079 452.332 0 0
1500 118.209 10.1147 17.8964 0.977617 0.190211 447.072 0 0
1500 99.9615 16.3023 17.8118 0.721009 0.249498 445.555 0 0
1500 74.7818 36.8658 17.818 0.304302 0.518723 451.56 0 0
1500 62.8178 59.4582 17.7988 0.00414596 0.892807 450.431 0 0
1500 -7.10169 6.82149 17.7904 -1.03636 0.141034 448.049 0 0
1500 77.6734 -30.0219 18.0738 0.270304 -0.506845 445.816 0 0
1500 87.7139 -29.1004 17.8638 0.482305 -0.447967 451.959 0 0
1500 67.4981 10.6217 18.1644 0.185495 0.249864 443.74 0 0
1500 98.585 -1.98238 17.8467 0.639663 -0.053045 452.229 0 0
1500 38.3863 -6.67283 17.9483 -0.315944 -0.050113 453.728 0 0
1500 76.7151 -23.901 17.8222 0.366255 -0.366823 446.487 0 0
1500 106.245 -43.588 17.802 0.771085 -0.628451 451.119 0 0
1500 34.8208 8.75427 18.1553 -0.348492 0.202766 447.564 0 0
1500 72.5867 22.0007 18.0066 0.276997 0.4104 447.274 0 0
1500 104.21 16.0422 17.9256 0.710862 0.321676 448.057 0 0
1500 123.291 -3.85337 17.8493 1.04523 -0.0489204 450.474 0 0
1500 77.6734 36.5358 17.8225 0.333566 0.635354 447.767 0 0
1500 44.4522 65.2496 17.8065 -0.171314 1.02685 451.07 0 0
1500 43.8889 49.6999 17.8165 -0.187147 0.83166 448.329 0 0
1500 81.1813 24.4162 17.8353 0.379167 0.454506 447.67 0 0
1500 108.892 -34.0366 17.9825 0.867372 -0.654449 443.313 0 0
1500 74.7588 18.628 17.8541 0.33932 0.301957 447.907 0 0
1500 109.798 7.59014 17.8411 0.809836 0.118664 453.923 0 0
1500 111.769 2.87101 17.8595 0.840191 0.0556126 453.892 0 0
1500 120.405 21.0492 17.8488 0.992682 0.324554 451.826 0 0
1500 75.2515 -2.05799 17.8766 0.312499 -0.0144101 455.383 0 0
1500 34.4996 -55.9935 17.843 -0.398998 -0.903373 450.508 0 0
1500 -6.98828 -10.1194 17.8418 -0.988818 -0.204296 452.905 0 0
1500 83.2671 -40.5427 17.8539 0.343261 -0.68424 449.167 0 0
1500 1.71671 4.83562 17.8475 -0.902438 0.0139536 449.836 0 0
1500 44.8578 -17.6351 17.8663 -0.225379 -0.301664 455.639 0 0
1500 69.2847 -4.12285 17.8694 0.130373 -0.125978 448.026 0 0
1500 112.327 22.7575 17.8623 0.818939 0.388515 454.032 0 0
1500 78.6446 -4.75079 17.8823 0.327157 -0.00585725 455.887 0 0
1500 62.718 7.31338 17.884 0.117197 0.182176 448.228 0 0
1500 88.1937 38.7538 17.866 0.504723 0.659633 449.624 0 0
1500 38.2166 64.6349 17.8549 -0.249818 1.01288 452.397 0 0
1500 59.7734 37.7215 17.8754 0.0639947 0.591887 455.356 0 0
1500 62.1555 26.8935 17.8784 0.107775 0.485688 448.598 0 0
1500 111.236 25.7619 17.862 0.803761 0.431856 453.991 0 0
1500 16.5507 41.14 17.8122 -0.585176 0.659735 454.252 0 0
1500 121.547 1.11158 17.8964 1.02559 0.00277298 451.874 0 0
1500 127.899 27.9625 17.9032 1.16047 0.493474 448.708 0 0
1500 124.246 27.5173 17.8437 1.01898 0.431429 454.753 0 0
1500 52.1935 21.9202 18.1948 -0.156566 0.411298 443.565 0 0
1500 125.682 26.2272 17.9394 1.15928 0.500497 446.64 0 0
1500 93.9744 -17.2625 17.92 0.579255 -0.341718 450.815 0 0
1500 104.383 -46.8414 17.9021 0.71052 -0.766092 453.475 0 0
1500 97.5007 -41.7826 17.9106 0.587245 -0.666911 455.937 0 0
1500 25.3133 38.4768 17.8365 -0.577769 0.593786 451.341 0 0
1500 62.9207 29.3814 17.8498 -0.000939576 0.461945 450.259 0 0
1500 80.4783 0.02504 17.9473 0.40172 -0.0666781 450.565 0 0
1500 108.185 -18.3684 17.9669 0.79916 -0.268615 457.081 0 0
1500 94.1945 -33.6861 18.0344 0.628312 -0.564134 452.725 0 0
1500 51.4439 5.45349 18.4308 -0.089985 0.113506 452.83 0 0
1500 68.2144 23.8517 17.9249 0.248795 0.392359 449.515 0 0
1500 107.555 -6.1056 17.8655 0.770253 -0.0541778 457.516 0 0
1500 89.1429 50.6198 18.3593 0.579464 0.927442 447.109 0 0
1500 91.1417 75.3533 17.825 0.513749 1.19158 454.48 0 0
1500 86.5752 -42.6937 18.2162 0.4425 -0.741291 449.214 0 0
1500 42.1734 67.9087 17.8829 -0.216124 1.12561 451.912 0 0
1500 99.5108 3.15072 18.5444 0.838744 0.129548 444.523 0 0
1500 75.8404 -63.403 17.9456 0.248015 -1.00659 455.77 0 0
1500 78.0788 -44.2674 17.882 0.340153 -0.677694 458.956 0 0
1500 103.308 -47.7805 17.8674 0.72528 -0.756162 456.281 0 0
1500 96.7839 -10.6755 17.8846 0.658634 -0.219289 453.243 0 0
1500 56.9837 -46.5887 17.8815 0.0445683 -0.769956 453.517 0 0
1500 61.6793 -64.6183 17.8687 0.113534 -1.01858 455.325 0 0
1500 116.737 2.84768 17.873 0.948248 -0.0105076 454.483 0 0
1500 63.3489 -37.5116 17.8883 0.130325 -0.577349 459.515 0 0
1500 74.7784 -57.2732 17.8718 0.312383 -0.91792 454.662 0 0
1500 72.4725 -62.7395 17.8686 0.274651 -0.98987 455.368 0 0
1500 3.54948 -10.2063 17.9058 -0.878376 -0.108902 454.263 0 0
1500 65.4245 63.5406 17.8493 0.0982725 1.0229 455.617 0 0
1500 66.0184 48.1005 17.86 0.109865 0.812141 453.964 0 0
1500 46.1917 7.01227 17.8768 -0.197971 0.186049 452.667 0 0
1500 40.6104 44.3515 17.8633 -0.258618 0.698082 459.254 0 0
1500 61.0139 30.1383 17.8328 0.0816189 0.538083 453.346 0 0
1500 112.52 7.8264 18.09 0.894047 0.180185 455.824 0 0
1500 4.50919 7.31959 17.9878 -0.930684 0.0919939 450.95 0 0
1500 51.9975 -64.4795 17.8407 -0.0590363 -1.00575 458.108 0 0
1500 58.6964 -20.9253 17.8646 0.041217 -0.399367 453.429 0 0
1500 42.0584 -60.0065 17.8414 -0.210768 -0.97372 455.776 0 0
1500 65.6819 45.5874 17.9589 0.143288 0.772198 455.081 0 0
1500 34.3398 28.6545 17.9655 -0.338348 0.517893 454.53 0 0
1500 7.96226 -103.189 17.9132 -0.79032 -1.67707 454.171 0 0
1500 108.304 -27.4417 17.9078 0.780745 -0.441231 460.307 0 0
1500 47.3814 -57.2059 17.8085 -0.235543 -0.898461 456.197 0 0
1500 29.0011 25.0402 17.8362 -0.480317 0.348005 461.622 0 0
1500 37.9794 52.3715 17.8242 -0.383254 0.794759 456.153 0 0
1500 24.3722 27.6464 17.8311 -0.597375 0.421273 455.477 0 0
1500 -7.35606 1.84673 17.8162 -1.03167 0.0217169 458.969 0 0
1500 53.9861 -40.7328 17.8341 -0.140637 -0.637069 455.226 0 0
1500 109.6 -6.11492 17.9904 0.877825 -0.0956406 456.907 0 0
1500 100.509 -63.2034 17.8879 0.755673 -1.01434 454.166 0 0
1500 80.9927 -93.1212 17.8168 0.377303 -1.45314 458.466 0 0
1500 104.347 10.2723 17.881 0.777271 0.0913622 453.501 0 0
1500 116.492 21.8708 17.9208 0.930114 0.429299 454.413 0 0
1500 123.111 6.32855 17.7909 1.03991 0.099933 459.869 0 0
1500 110.799 -22.3075 18.0007 0.862624 -0.394187 459.391 0 0
1500 87.8728 -39.7715 18.0086 0.486343 -0.616228 463.748 0 0
1500 50.0161 -21.4252 17.8344 -0.196105 -0.371058 457.001 0 0
1500 20.3247 1.19886 17.8294 -0.595973 -0.0157504 463.894 0 0
1500 5.92382 44.6768 17.8091 -0.832455 0.622613 461.06 0 0
1500 17.5569 -37.641 17.8158 -0.685794 -0.608845 458.647 0 0
1500 17.9808 31.8918 17.8204 -0.684808 0.454316 458.123 0 0
1500 12.3258 -2.49711 17.8224 -0.773942 -0.0741364 457.932 0 0
1500 19.244 32.3872 17.8209 -0.665921 0.462284 458.072 0 0
1500 14.5443 67.8257 17.8358 -0.715411 1.03206 460.371 0 0
1500 79.8672 -44.4842 18.1274 0.394615 -0.741242 459.661 0 0
1500 127.897 -13.6813 17.7967 1.07379 -0.266078 460.931 0 0
1500 88.1645 -43.0977 17.9104 0.559616 -0.69425 457.363 0 0
1500 92.004 53.4706 17.9209 0.576806 0.844858 461.172 0 0
1500 94.6467 -42.905 18.1494 0.722483 -0.731293 454.067 0 0
1500 94.4665 8.61868 18.111 0.658021 0.0924668 460.538 0 0
1500 57.5226 -22.0858 18.0093 -0.0254115 -0.407978 460.281 0 0
1500 77.8226 21.2144 17.82 0.34501 0.291584 466.827 0 0
1500 83.1403 53.8082 17.8463 0.417645 0.820622 465.327 0 0
1500 90.3436 117.218 17.8087 0.516007 1.86929 461.108 0 0
1500 108.279 -8.35689 18.0318 0.893477 -0.0927671 458.654 0 0
1500 92.7552 15.1355 17.9986 0.662193 0.212548 455.81 0 0
1500 81.0083 9.42619 17.9546 0.318045 0.199238 468.48 0 0
1500 85.1395 -25.2881 17.8173 0.489626 -0.421846 461.513 0 0
1500 43.2229 -66.8441 17.7987 -0.154928 -1.02677 464.027 0 0
1500 123.618 10.7088 17.7988 1.02862 0.129538 465.16 0 0
1500 123.684 1.24465 17.7994 1.0262 -0.00945487 465.385 0 0
1500 112.481 -34.6464 17.7989 0.88044 -0.546271 463.969 0 0
1500 18.5185 -52.9473 17.8288 -0.617711 -0.845785 465.122 0 0
1500 70.7154 -13.1963 18.2311 0.307536 -0.257194 461.858 0 0
1500 51.1301 -50.9776 17.8588 -0.15616 -0.833461 463.381 0 0
1500 35.8175 25.3831 17.8713 -0.396819 0.34005 462.32 0 0
1500 90.8288 -24.2989 17.8679 0.456732 -0.43074 462.57 0 0
1500 52.4561 -3.54973 17.9117 -0.0971699 -0.113466 470.536 0 0
1500 94.8812 -55.296 17.8824 0.52749 -0.891445 465.879 0 0
1500 55.4259 -24.9945 18.0907 0.000585245 -0.463483 464.165 0 0
1500 13.9657 6.19993 18.0264 -0.760129 0.167753 460.357 0 0
1500 -13.0882 -3.36924 18.0055 -1.25407 -0.0157443 459.427 0 0
1500 97.9573 -52.7829 17.824 0.553704 -0.835186 468.556 0 0
1500 28.3328 18.9395 18.0226 -0.478097 0.352323 465.06 0 0
1500 75.5507 -10.9324 17.9104 0.228798 -0.227612 464.158 0 0
1500 102.977 31.161 17.994 0.747288 0.529089 466.589 0 0
1500 61.725 -8.37299 17.9113 0.11088 -0.202886 461.195 0 0
1500 20.8734 -51.9987 17.7949 -0.579869 -0.822307 469.764 0 0
1500 41.42 -7.75503 17.8186 -0.295972 -0.193141 465.362 0 0
1500 53.5671 -42.8449 18.1545 -0.0863829 -0.694684 467.625 0 0
1500 93.4514 30.209 17.8544 0.551324 0.481402 472.372 0 0
1500 96.7099 -45.8788 17.8535 0.599981 -0.767307 468.15 0 0
1500 75.3347 62.5832 17.8848 0.268001 0.982484 470.754 0 0
1500 46.8578 63.5079 17.884 -0.14978 1.0205 469.099 0 0
1500 31.1597 15.4559 18.0186 -0.408003 0.313334 467.111 0 0
1500 60.7607 56.0707 17.8346 0.00476415 0.86499 472.553 0 0
1500 -8.81519 6.57347 17.8261 -1.0118 0.159829 471.12 0 0
1500 70.5227 65.8683 17.8249 0.148662 1.03428 470.59 0 0
1500 48.1866 -38.9766 17.8661 -0.222104 -0.626196 467.534 0 0
1500 95.5476 -32.5482 17.8076 0.613462 -0.565123 467.996 0 0
1500 110.877 -39.2382 17.7964 0.822214 -0.646875 470.109 0 0
1500 126.459 4.74106 17.7963 1.04675 0.00727661 470.574 0 0
1500 73.8788 9.65731 18.1507 0.244703 0.201017 475.727 0 0
1500 73.6181 0.197949 17.8921 0.309298 -0.0511106 466.459 0 0
1500 -3.5992 71.8595 18.2558 -1.13581 1.31 460.485 0 0
1500 89.3491 -11.4549 18.0952 0.530182 -0.187038 475.678 0 0
1500 31.2764 -128.671 17.8498 -0.466813 -2.04007 468.575 0 0
1500 72.2338 -26.3182 17.8643 0.298529 -0.458826 466.262 0 0
1500 105.421 4.71097 17.8915 0.736232 0.106829 475.388 0 0
1500 114.617 16.3302 17.9918 0.900022 0.237817 474.987 0 0
1500 51.0474 40.3615 17.8932 -0.146052 0.689628 470.041 0 0
1500 51.9984 -46.7814 17.8529 -0.0312556 -0.764479 471.73 0 0
1500 97.4249 -8.61038 18.3913 0.822746 -0.203785 460.823 0 0
1500 -17.3718 -96.5782 17.8397 -1.25186 -1.54274 470.62 0 0
1500 110.643 -18.6705 17.8768 0.801022 -0.360411 472.671 0 0
1500 4.06271 -37.784 17.8688 -0.806482 -0.638371 474.042 0 0
1500 45.1898 -28.0865 17.8914 -0.180763 -0.463487 478.394 0 0
1500 107.131 44.1824 17.831 0.746196 0.715894 475.557 0 0
1500 36.2598 -7.60392 17.9337 -0.327865 -0.166284 479.525 0 0
1500 -9.84875 5.9131 17.8309 -1.041 0.0288794 477.289 0 0
1500 66.856 25.7358 17.8163 0.192107 0.453959 473.561 0 0
1500 117.062 -10.5453 17.7975 0.949304 -0.10945 475.363 0 0
1500 51.885 32.272 17.8739 -0.0760313 0.576743 474.237 0 0
1500 27.3782 -21.1869 17.8244 -0.518815 -0.262671 474.245 0 0
1500 -7.53219 13.1542 17.8031 -1.01425 0.259401 477.267 0 0
1500 121.275 25.8554 17.8066 1.02195 0.349614 476.046 0 0
1500 51.3026 -66.642 17.8214 -0.157533 -1.0192 478.755 0 0
1500 -3.07909 30.8751 17.8208 -0.957997 0.410626 478.464 0 0
1500 -6.47895 21.0946 17.8204 -1.01321 0.268162 478.115 0 0
1500 25.9264 -58.0254 17.8204 -0.534337 -0.901767 478.092 0 0
1500 -4.4994 14.4059 17.8224 -0.999764 0.172005 477.044 0 0
1500 83.2226 -51.2142 17.8291 0.323145 -0.827134 475.959 0 0
1500 107.339 -17.6935 17.9368 0.783857 -0.253349 481.599 0 0
1500 174.204 31.9545 17.8087 1.85411 0.506609 476.373 0 0
1500 106.245 45.5115 17.8645 0.783359 0.678997 479.782 0 0
1500 49.4153 49.9801 17.8596 -0.0677533 0.808577 477.668 0 0
1500 10.9601 -40.7603 17.9207 -0.719576 -0.681727 478.792 0 0
1500 89.9932 -7.10623 18.0405 0.5905 -0.0839222 477.734 0 0
1500 95.4198 -4.74146 18.0399 0.603815 -0.0325579 485.502 0 0
1500 1.78852 -34.5933 17.8284 -0.88652 -0.551994 481.54 0 0
1500 44.1695 -53.3924 17.839 -0.255053 -0.804367 483.593 0 0
1500 35.8928 -3.09287 17.855 -0.365907 -0.0840831 485.007 0 0
1500 82.7603 -27.2517 17.8499 0.322301 -0.468794 477.938 0 0
1500 16.1473 -21.952 17.8436 -0.650986 -0.352823 484.066 0 0
1500 64.6509 -48.3808 17.8415 0.0404131 -0.788688 478.631 0 0
1500 89.8989 -36.6851 17.8433 0.429754 -0.610443 478.461 0 0
1500 37.4436 86.3879 17.7926 -0.240654 1.30764 483.129 0 0
1500 49.6429 -41.3496 17.8294 -0.0852115 -0.646405 487.029 0 0
1500 79.3592 48.4166 17.8505 0.346903 0.81267 484.061 0 0
1500 49.5312 65.7466 17.8416 -0.104754 1.04299 486.202 0 0
1500 101.911 -41.5897 17.8204 0.712243 -0.684295 484.855 0 0
1500 138 -5.64391 17.9559 1.38514 -0.11637 480.331 0 0
1500 79.4752 -83.2054 17.8318 0.353902 -1.28649 487.057 0 0
1500 2.67194 9.79948 17.8536 -0.87463 0.216856 484.827 0 0
1500 91.0072 7.55018 18.0902 0.608222 0.0839921 485.884 0 0
1500 88.0386 43.8696 17.839 0.49624 0.648522 492.496 0 0
1500 75.9701 20.4013 17.8509 0.354235 0.343018 486.541 0 0
1500 110.978 -8.82981 17.9542 0.855282 -0.192836 489.33 0 0
1500 84.0597 -2.42957 17.9704 0.422515 -0.090621 493.952 0 0
1500 69.4792 -58.4166 17.9234 0.161083 -0.950939 489.254 0 0
1500 32.8291 59.7067 17.8756 -0.492185 0.977481 485.552 0 0
1500 91.7437 -3.02203 17.8985 0.549196 -0.122029 490.253 0 0
1500 2.31975 -0.0705095 17.8755 -0.889045 0.0586402 491.594 0 0
1500 1.30746 3.4387 17.8746 -0.902862 0.111869 491.71 0 0
1500 13.8617 49.7615 17.8235 -0.627257 0.812035 492.698 0 0
1500 40.1739 45.6451 17.8348 -0.239203 0.769802 491.014 0 0
1500 55.0791 63.6163 17.8257 -0.00961703 0.987693 494.851 0 0
1500 48.7011 -8.57032 17.9742 -0.110709 -0.188781 497.815 0 0
1500 108.605 -31.6896 17.9475 0.88335 -0.477796 493.101 0 0
1500 33.6193 61.4772 17.8766 -0.377381 0.96778 498.896 0 0
1500 32.3889 57.9426 17.8777 -0.404002 0.935993 497.44 0 0
1500 63.6143 34.2001 17.8984 0.0591355 0.545084 501.832 0 0
1500 16.8967 50.9769 17.8778 -0.618442 0.809214 499.307 0 0
1500 29.4636 19.7949 17.8547 -0.455269 0.32261 502.819 0 0
1500 11.67 18.2452 17.8466 -0.712869 0.303877 502.101 0 0
1500 29.5227 60.1011 17.8327 -0.475827 0.931674 499.625 0 0
1500 15.4793 33.9191 17.8405 -0.706014 0.564508 497.388 0 0
1500 30.0277 -38.9515 17.826 -0.468676 -0.56588 507.384 0 0
