Total number of secondary electrons: 1350
1500 91.703 -26.5965 18.0037 0.688317 -0.472796 314.992 0 0
1500 85.0995 0.113467 17.6672 0.550499 0.0727596 316.968 0 0
1500 78.7902 24.0814 17.1864 0.335188 0.4206 323.362 0 0
1500 98.0435 42.7175 16.9492 0.833156 0.845177 327.328 0 0
1500 77.7359 1.37816 16.607 0.429588 -0.0177859 330.306 0 0
1500 94.497 -11.744 17.4905 0.755444 -0.144596 333.467 0 0
1500 80.2095 29.0175 16.4992 0.442384 0.463654 333.582 0 0
1500 87.7505 20.2069 16.4996 0.55181 0.335574 333.598 0 0
1500 44.3298 8.54443 16.4829 -0.221849 0.109051 335.066 0 0
1500 75.9987 51.6822 16.4929 0.349282 0.96555 336.113 0 0
1500 72.2384 19.7619 16.5788 0.303291 0.348019 336.984 0 0
1500 66.8165 12.852 16.718 0.235037 0.249927 337.014 0 0
1500 79.9172 3.39923 16.458 0.428986 0.0469578 337.83 0 0
1500 119.713 -31.2961 16.6171 1.08678 -0.586336 338.155 0 0
1500 100.487 -14.7306 16.4804 0.720673 -0.215902 338.769 0 0
1500 93.2487 8.78247 17.4786 0.667465 0.186726 339.045 0 0
1500 110.209 -17.0237 16.495 0.87813 -0.358123 339.445 0 0
1500 73.5975 28.3374 16.9011 0.323397 0.473663 340.112 0 0
1500 86.0047 1.80664 16.7919 0.500289 -0.0384029 340.524 0 0
1500 68.8431 30.1277 16.5077 0.236195 0.490872 340.885 0 0
1500 54.2038 -23.565 16.4757 -0.0300828 -0.418446 341.015 0 0
1500 115.392 31.5993 16.5402 0.875595 0.503768 341.497 0 0
1500 101.66 29.5869 16.6207 0.672219 0.535699 341.874 0 0
1500 115.23 33.9951 16.5867 0.9043 0.592733 342.315 0 0
1500 62.7196 -56.9969 16.5185 0.0923808 -0.88611 342.725 0 0
1500 74.2787 91.8592 16.6432 0.18913 1.52382 343.007 0 0
1500 108.882 2.95366 17.9317 1.07689 0.0257488 343.068 0 0
1500 64.2352 -50.8757 16.6414 0.0842434 -0.787615 343.374 0 0
1500 62.3337 37.8941 16.6474 0.0323205 0.670232 343.822 0 0
1500 58.3269 -18.0392 16.7335 0.073352 -0.327036 344.732 0 0
1500 48.1748 36.082 16.7711 -0.117193 0.586036 344.807 0 0
1500 79.2779 -26.5547 16.7448 0.373816 -0.447004 345.237 0 0
1500 76.9836 -3.68357 17.1378 0.381691 -0.0767175 345.36 0 0
1500 92.386 -56.9724 16.6029 0.524794 -0.865154 345.383 0 0
1500 84.7227 -47.3524 16.7729 0.44483 -0.733904 346.365 0 0
1500 89.7277 0.145813 17.8898 0.628517 -0.0626168 346.972 0 0
1500 91.4532 -19.3899 17.8974 0.648897 -0.324873 347.305 0 0
1500 67.9878 -2.71327 16.7651 0.192816 0.0193931 347.319 0 0
1500 104.512 -9.56328 17.5984 0.89651 -0.132733 347.595 0 0
1500 75.9919 -0.261004 16.7916 0.348365 0.042182 347.612 0 0
1500 94.4281 0.993718 16.7119 0.614203 -0.00938749 347.726 0 0
1500 103.139 1.91866 16.7222 0.734921 0.003885 348.151 0 0
1500 37.0481 -28.1437 16.6576 -0.299213 -0.478465 348.852 0 0
1500 33.3343 -32.9847 16.6636 -0.351573 -0.546394 349.105 0 0
1500 66.8862 -43.5087 16.6686 0.130918 -0.695783 349.312 0 0
1500 83.4155 13.3514 16.996 0.475478 0.222109 349.733 0 0
1500 69.4738 54.8487 16.6154 0.156762 0.852356 349.879 0 0
1500 103.89 9.38811 17.9378 0.842415 0.154272 350.132 0 0
1500 100.78 49.0014 16.862 0.679064 0.724052 350.347 0 0
1500 96.6079 77.4189 16.9477 0.631315 1.22883 350.625 0 0
1500 127.682 -5.943 17.8805 1.40557 -0.0884115 350.698 0 0
1500 26.1482 58.4744 16.6483 -0.453151 0.889471 351.026 0 0
1500 102.288 -13.1093 17.2492 0.757254 -0.154831 351.072 0 0
1500 114.648 -11.3638 16.771 0.869021 -0.204972 351.172 0 0
1500 73.9237 10.8972 18.2528 0.410071 0.27431 351.229 0 0
1500 71.9782 -67.6104 16.7354 0.197258 -1.00728 351.689 0 0
1500 114.816 4.60996 17.2725 0.919509 0.0896884 351.967 0 0
1500 16.7204 -53.5521 16.7477 -0.576823 -0.815628 352.031 0 0
1500 94.19 -16.9971 16.8296 0.554593 -0.221114 352.22 0 0
1500 126.201 -15.2557 16.9628 1.09306 -0.191943 352.354 0 0
1500 42.0864 2.25631 16.9621 -0.319981 0.011314 352.635 0 0
1500 102.395 30.9062 16.904 0.718744 0.449324 352.715 0 0
1500 107.855 53.1056 16.7125 0.673959 0.792618 352.969 0 0
1500 73.7781 -17.7755 17.0217 0.264267 -0.287642 353.279 0 0
1500 119.902 138.743 16.7955 0.922192 2.06823 353.486 0 0
1500 80.2043 43.6886 16.98 0.309638 0.709225 353.545 0 0
1500 119.251 0.0277331 16.9059 0.893549 -0.0214163 353.759 0 0
1500 114.147 24.0889 16.8611 0.860585 0.371387 353.933 0 0
1500 97.0602 3.45457 18.1813 0.778289 0.0994036 354.032 0 0
1500 66.7931 14.5519 17.0988 0.107727 0.316252 354.099 0 0
1500 80.1389 7.1427 17.9349 0.446073 0.140422 354.595 0 0
1500 39.4296 26.1055 16.8593 -0.227937 0.439835 354.592 0 0
1500 104.366 -11.8178 16.9474 0.687485 -0.175768 354.765 0 0
1500 86.7224 20.0311 17.9015 0.584789 0.371307 354.752 0 0
1500 54.9316 -62.1462 16.8564 -0.0375321 -0.889933 355.051 0 0
1500 68.9195 1.49098 17.1577 0.222467 0.0690005 355.077 0 0
1500 56.5418 -47.6482 17.3081 -0.0015825 -0.810645 355.454 0 0
1500 103.697 -45.0532 16.9222 0.671906 -0.639324 355.68 0 0
1500 87.0776 10.9608 16.8085 0.45539 0.215885 356.076 0 0
1500 53.2125 -16.8841 16.9945 -0.0449792 -0.308361 356.195 0 0
1500 105.167 -70.2432 16.8578 0.700047 -1.01004 356.483 0 0
1500 55.6927 -25.9577 17.0009 -0.00999466 -0.434604 356.459 0 0
1500 118.462 2.42199 17.0455 0.932291 -0.0224193 356.768 0 0
1500 161.121 -66.414 16.8752 1.50003 -1.04381 356.794 0 0
1500 100.719 74.6141 16.9252 0.639993 1.09333 356.892 0 0
1500 -119.525 28.213 17.1354 -2.9804 0.460473 356.902 0 0
1500 95.468 12.0405 17.0037 0.614989 0.194123 357.09 0 0
1500 108.168 -39.5947 16.9576 0.761519 -0.665735 357.19 0 0
1500 95.5591 13.1972 17.4752 0.607557 0.192013 357.77 0 0
1500 70.4449 -97.8493 16.876 0.191713 -1.37363 357.842 0 0
1500 -2.79578 40.7245 16.8718 -0.897109 0.535538 357.877 0 0
1500 95.7346 -6.71538 18.0246 0.756376 -0.0477905 358.114 0 0
1500 207.74 -88.4782 16.886 2.15116 -1.20693 358.34 0 0
1500 75.3346 33.1075 16.8822 0.215675 0.53783 358.372 0 0
1500 101.61 -18.7982 17.0317 0.642639 -0.267635 358.449 0 0
1500 110.191 30.7904 17.0393 0.807167 0.450245 358.483 0 0
1500 71.5593 -2.94933 17.5086 0.300163 -0.0126751 358.549 0 0
1500 49.4466 16.2716 17.0564 -0.163455 0.270203 358.69 0 0
1500 72.3185 23.5731 17.3228 0.281283 0.338185 358.754 0 0
1500 94.9377 -17.763 17.6946 0.654716 -0.288022 358.747 0 0
1500 93.5732 -26.8301 17.6985 0.634743 -0.41028 358.913 0 0
1500 94.3742 -25.5983 17.6985 0.645589 -0.393576 358.914 0 0
1500 135.925 -0.266996 17.3782 1.25433 -0.0435126 358.953 0 0
1500 71.5594 23.2102 16.9704 0.268459 0.322556 359.126 0 0
1500 8.2964 26.7198 16.9092 -0.729 0.439857 359.468 0 0
1500 70.8897 -3.63575 17.1526 0.181475 -0.116441 359.479 0 0
1500 27.1477 35.8296 17.0023 -0.452488 0.580077 359.71 0 0
1500 125.03 17.1723 17.0757 0.995701 0.257075 359.726 0 0
1500 5.49499 -43.4986 16.9475 -0.7615 -0.599701 360.001 0 0
1500 78.3257 10.4693 17.9888 0.36265 0.259931 360.275 0 0
1500 4.15656 -31.9325 16.9746 -0.772201 -0.441818 360.692 0 0
1500 116.693 3.0581 17.0119 0.890433 0.0343371 360.832 0 0
1500 88.1293 -13.6847 17.8556 0.587005 -0.204094 361.039 0 0
1500 -4.58088 -31.3183 16.9694 -0.906881 -0.376493 361.079 0 0
1500 66.2849 -54.6956 17.1896 0.113646 -0.821408 361.078 0 0
1500 101.557 -8.33373 18.3465 0.862781 -0.0925761 361.066 0 0
1500 84.5835 1.46293 18.3903 0.553508 -0.0456033 361.201 0 0
1500 82.9087 5.59305 18.0422 0.539146 0.0686915 361.309 0 0
1500 -4.83449 16.1248 17.1255 -0.90271 0.264527 361.409 0 0
1500 75.1807 -5.31379 17.6342 0.222354 -0.108085 361.455 0 0
1500 91.3696 -9.11033 17.8629 0.62866 -0.102498 361.519 0 0
1500 102.018 -52.6539 17.0471 0.701081 -0.735546 362.07 0 0
1500 40.7215 24.5429 17.0529 -0.283419 0.29521 362.546 0 0
1500 94.9171 18.6057 17.9837 0.658949 0.302054 362.592 0 0
1500 123.088 20.3866 17.6113 1.1935 0.379502 362.596 0 0
1500 76.27 21.0936 18.0147 0.335608 0.340202 362.917 0 0
1500 60.4646 22.0183 17.3548 0.033031 0.365476 363.114 0 0
1500 64.4769 54.0191 17.1691 0.0544261 0.800196 363.422 0 0
1500 56.8333 -4.12669 17.9099 0.0346711 -0.023732 363.539 0 0
1500 85.5311 15.5047 17.2995 0.421256 0.244718 363.581 0 0
1500 111.903 -10.1848 17.2192 0.775025 -0.109752 363.685 0 0
1500 -6.39728 7.81256 17.0567 -0.890238 0.0571272 363.679 0 0
1500 127.534 -18.9636 17.1812 1.03635 -0.217125 363.699 0 0
1500 88.8408 10.7795 18.2442 0.58837 0.269706 363.927 0 0
1500 97.9039 4.85581 17.2496 0.633093 0.109388 364.067 0 0
1500 52.8925 -1.70044 17.4302 -0.0362821 -0.083668 364.688 0 0
1500 36.476 -87.4785 17.3768 -0.292176 -1.40682 364.827 0 0
1500 36.3331 119.64 17.7432 -0.367217 2.14802 364.856 0 0
1500 83.1131 -10.8338 17.7148 0.391026 -0.209156 364.919 0 0
1500 94.6903 41.0547 17.2702 0.581414 0.60722 364.911 0 0
1500 96.9189 4.76126 17.292 0.541792 0.118882 365.255 0 0
1500 30.6692 54.6492 17.1159 -0.396764 0.766883 365.28 0 0
1500 118.838 -19.9257 17.1685 0.863817 -0.268112 365.529 0 0
1500 -7.21082 -20.1049 17.313 -1.04979 -0.313369 365.573 0 0
1500 91.1128 -14.4157 17.3009 0.518315 -0.259208 366.081 0 0
1500 102.427 -9.7077 17.9276 0.744822 -0.195901 366.132 0 0
1500 89.5005 -20.3646 17.3023 0.495393 -0.341868 366.144 0 0
1500 66.1682 69.6182 17.1666 0.166252 0.990751 366.27 0 0
1500 71.4577 4.68703 18.0984 0.294213 0.129692 366.326 0 0
1500 82.2307 -31.2081 17.3279 0.42204 -0.459633 366.369 0 0
1500 66.9657 -32.96 17.5082 0.115086 -0.466438 366.73 0 0
1500 112.869 -11.1613 17.5086 0.910749 -0.246877 367.034 0 0
1500 130.248 8.87715 17.2732 1.04025 0.12761 367.302 0 0
1500 101.513 8.83202 17.3366 0.684349 0.197363 367.445 0 0
1500 80.211 -20.7477 18.1807 0.364627 -0.383852 367.485 0 0
1500 76.8 -11.3072 17.4238 0.352712 -0.128699 367.6 0 0
1500 117.962 -10.7399 17.5345 0.918428 -0.129546 367.768 0 0
1500 69.8506 -3.27576 17.2435 0.187104 0.0215433 367.839 0 0
1500 80.0726 25.9349 17.432 0.272758 0.393389 367.936 0 0
1500 91.6169 -7.08666 17.4321 0.55618 -0.0695235 367.984 0 0
1500 17.7049 -3.90607 17.4381 -0.591422 -0.0211073 368.215 0 0
1500 7.31985 26.6694 17.2934 -0.797029 0.34244 368.449 0 0
1500 100.766 6.88156 18.0893 0.739243 0.0979317 368.571 0 0
1500 42.5623 -12.8668 17.7932 -0.191581 -0.214582 368.745 0 0
1500 86.3202 29.0493 18.1236 0.543126 0.515907 369.053 0 0
1500 -168.814 -111.831 17.723 -3.85372 -1.91785 369.184 0 0
1500 61.8305 -1.12065 17.9994 0.025403 -0.0107375 369.748 0 0
1500 39.8756 -21.3809 17.8606 -0.2939 -0.374289 369.932 0 0
1500 -10.1946 -60.1596 17.3096 -0.998179 -0.833718 369.976 0 0
1500 88.8397 19.3408 18.0552 0.508908 0.325911 370.024 0 0
1500 67.7434 10.8647 17.8521 0.197332 0.215759 370.025 0 0
1500 93.3553 -27.3627 17.5805 0.580575 -0.408344 370.259 0 0
1500 65.5257 9.38626 17.6869 0.113544 0.186778 370.671 0 0
1500 88.1759 11.4086 17.6962 0.492589 0.151905 371.062 0 0
1500 83.0793 11.3145 18.097 0.471197 0.210283 371.059 0 0
1500 104.988 29.2183 17.3696 0.722831 0.402142 371.118 0 0
1500 15.582 -61.0147 17.4014 -0.591072 -0.865192 371.362 0 0
1500 102.545 -1.73175 18.0998 0.761355 0.0258606 371.381 0 0
1500 74.4246 16.1728 17.7156 0.344366 0.232388 371.388 0 0
1500 82.8242 60.9284 17.575 0.377916 1.03868 371.53 0 0
1500 74.5943 -9.62769 18.5072 0.379387 -0.192099 371.701 0 0
1500 63.3515 -18.2659 17.6199 0.105456 -0.323744 371.803 0 0
1500 91.0243 -20.7514 17.3976 0.491421 -0.356149 371.815 0 0
1500 98.5578 21.758 17.9079 0.63783 0.35603 371.873 0 0
1500 97.1572 12.0465 18.1856 0.694657 0.151668 371.983 0 0
1500 65.8489 4.77728 17.752 0.183818 0.131136 371.975 0 0
1500 114.613 23.2293 17.338 0.810781 0.259585 372.318 0 0
1500 80.6361 -0.518443 18.3397 0.465248 0.0649432 372.483 0 0
1500 65.6612 26.2576 17.8051 0.0996019 0.390789 372.583 0 0
1500 3.79282 30.8207 17.3554 -0.759144 0.368037 372.726 0 0
1500 74.7687 -43.352 17.6382 0.261037 -0.66443 372.721 0 0
1500 79.4215 -2.31322 18.4681 0.472799 0.0152267 372.87 0 0
1500 -0.151459 53.7399 17.5457 -0.908298 0.852132 372.916 0 0
1500 38.2834 -53.2488 17.3699 -0.313135 -0.712253 373.086 0 0
1500 70.6757 -30.8915 17.8604 0.249753 -0.489268 373.12 0 0
1500 47.8638 -19.6749 17.3963 -0.208051 -0.243308 373.121 0 0
1500 66.715 13.7913 17.8737 0.218182 0.24865 373.252 0 0
1500 69.7758 -21.8787 18.4343 0.298748 -0.418242 373.168 0 0
1500 79.3835 4.67545 17.5969 0.373594 0.114717 373.516 0 0
1500 89.2523 27.1233 18.1841 0.545417 0.422853 373.583 0 0
1500 106.15 -14.4821 17.4011 0.628528 -0.245965 373.842 0 0
1500 72.8128 -0.439151 18.5601 0.331937 -0.070175 373.844 0 0
1500 165.929 88.4134 17.4024 1.45814 1.27446 373.867 0 0
1500 117.825 -29.2075 17.4155 0.821309 -0.420738 374.042 0 0
1500 36.4085 -46.3759 17.4128 -0.366306 -0.615395 374.066 0 0
1500 44.3471 53.8546 17.4565 -0.253031 0.766894 374.127 0 0
1500 10.5782 26.5179 17.4578 -0.721843 0.386607 374.184 0 0
1500 73.4656 40.6665 17.6097 0.287773 0.613343 374.219 0 0
1500 80.6952 50.4917 17.4185 0.255148 0.743144 374.359 0 0
1500 10.0733 6.9389 17.4653 -0.73362 0.130574 374.339 0 0
1500 70.868 -14.1839 17.5985 0.237587 -0.200591 374.385 0 0
1500 83.3196 -8.98492 18.1669 0.425755 -0.187637 374.465 0 0
1500 64.0117 0.0474218 18.4176 0.17311 0.0574164 374.467 0 0
1500 87.8641 51.4803 17.4233 0.354318 0.754459 374.598 0 0
1500 132.69 -11.1531 17.4023 1.02745 -0.20784 374.653 0 0
1500 64.7489 -1.91538 18.442 0.175306 -0.0738383 374.868 0 0
1500 4.3979 22.9249 17.4293 -0.807023 0.35466 374.88 0 0
1500 73.2817 21.8958 17.9877 0.233271 0.350596 375.041 0 0
1500 99.1793 40.6166 17.6037 0.595996 0.627055 375.194 0 0
1500 45.9659 62.2962 17.4363 -0.228334 0.897852 375.197 0 0
1500 -2.69218 13.6354 17.4367 -0.901337 0.224511 375.217 0 0
1500 95.7855 -2.92661 18.4439 0.677641 -0.0822542 375.295 0 0
1500 222.525 -17.5354 17.49 2.40038 -0.246706 375.284 0 0
1500 19.9617 -35.6625 17.6407 -0.577159 -0.511875 375.305 0 0
1500 -4.32562 25.0882 17.4854 -0.913634 0.360746 375.382 0 0
1500 9.82499 -50.3905 17.4858 -0.720146 -0.67025 375.4 0 0
1500 95.1958 13.7018 17.6466 0.550153 0.16458 375.484 0 0
1500 64.7397 2.55188 18.2197 0.182014 0.10158 375.473 0 0
1500 15.5734 50.546 17.4463 -0.644962 0.730867 375.633 0 0
1500 8.55696 25.6836 17.6329 -0.729599 0.374401 375.616 0 0
1500 69.6608 -26.5001 17.826 0.164743 -0.424731 375.751 0 0
1500 114.526 -20.856 18.0224 0.993438 -0.358835 375.726 0 0
1500 73.5538 0.135882 17.7044 0.311495 0.0344553 375.895 0 0
1500 99.5188 -55.0757 17.5176 0.683815 -0.791841 375.879 0 0
1500 63.8204 17.7082 17.8834 0.0675159 0.274327 376.201 0 0
1500 30.5547 15.5214 17.7732 -0.410466 0.252397 376.127 0 0
1500 114.015 43.3825 17.4794 0.826944 0.607646 376.338 0 0
1500 70.742 18.5131 18.4953 0.287023 0.354189 376.276 0 0
1500 188.312 96.0722 17.7388 2.09752 1.56537 376.423 0 0
1500 33.4657 -6.44379 17.7235 -0.335729 -0.107666 376.529 0 0
1500 59.6752 -85.3956 17.485 0.0881075 -1.19694 377.157 0 0
1500 58.6923 12.3978 17.6003 -0.054264 0.180343 377.127 0 0
1500 64.3527 -37.9826 17.782 0.0732917 -0.678426 377.227 0 0
1500 27.0766 12.0115 17.8344 -0.528068 0.141464 377.294 0 0
1500 55.4129 42.5591 17.5869 -0.100164 0.624511 377.494 0 0
1500 -4.54834 38.936 17.5459 -0.890329 0.534122 377.549 0 0
1500 -5.77016 -1.48304 17.5534 -0.952391 -0.0837247 377.594 0 0
1500 61.4719 1.17888 18.5975 0.143215 -0.0359014 377.725 0 0
1500 128.699 88.9474 17.646 1.07934 1.33083 377.794 0 0
1500 68.8779 -5.16178 18.0533 0.214556 -0.142579 378.149 0 0
1500 104.845 -66.849 17.7084 0.703624 -1.04014 378.174 0 0
1500 80.6241 7.89929 18.0141 0.437335 0.062334 378.393 0 0
1500 90.0734 4.86604 18.8227 0.593436 0.0553348 378.279 0 0
1500 101.818 2.22622 18.4005 0.763026 0.0158959 378.247 0 0
1500 81.6082 26.7946 18.218 0.39315 0.433375 378.329 0 0
1500 53.6255 24.0189 17.8954 -0.0697208 0.376395 378.445 0 0
1500 73.721 67.8594 17.5221 0.156737 0.982128 378.536 0 0
1500 47.6308 1.0945 17.6782 -0.179088 0.073695 378.528 0 0
1500 -11.8943 -12.8752 17.5337 -0.980942 -0.135606 378.731 0 0
1500 29.1953 33.1444 17.5547 -0.41191 0.532945 378.777 0 0
1500 52.6215 16.1389 17.6981 -0.104299 0.290403 378.761 0 0
1500 137.341 -4.30294 18.105 1.38323 -0.0649528 378.811 0 0
1500 65.5303 5.48418 18.5491 0.24232 0.113044 378.946 0 0
1500 90.2923 33.6975 17.5578 0.441585 0.539434 378.943 0 0
1500 42.9793 21.5675 17.8695 -0.209158 0.369487 378.983 0 0
1500 29.5237 -0.991477 17.6999 -0.435813 0.0435109 378.956 0 0
1500 -9.03891 -1.72413 17.552 -0.936468 0.0114081 379.282 0 0
1500 100.742 -11.2854 17.7824 0.65904 -0.22466 379.111 0 0
1500 29.0093 21.9419 17.7029 -0.441279 0.371335 379.259 0 0
1500 -1.45759 27.6799 17.5553 -0.836136 0.395991 379.377 0 0
1500 74.6497 -10.197 18.0795 0.322083 -0.216705 379.453 0 0
1500 135.062 18.935 17.6666 1.17937 0.219474 379.534 0 0
1500 10.0458 40.7468 17.5653 -0.683068 0.564747 379.669 0 0
1500 25.9556 55.1907 17.5642 -0.475969 0.753277 379.636 0 0
1500 92.7705 -6.6358 17.8633 0.57812 -0.144366 380.066 0 0
1500 70.6969 -17.5625 17.8592 0.266749 -0.30105 379.65 0 0
1500 72.0449 25.9946 17.9022 0.226385 0.383756 380.27 0 0
1500 -0.326902 38.5236 17.6468 -0.867451 0.53352 380.271 0 0
1500 96.3975 13.3081 18.1298 0.67671 0.225623 380.287 0 0
1500 79.2227 -17.9315 17.7843 0.344306 -0.326677 380.256 0 0
1500 83.6386 16.5876 18.0034 0.385222 0.263899 380.369 0 0
1500 122.701 12.3586 18.8076 1.30999 0.245056 380.362 0 0
1500 13.0958 27.7867 17.5928 -0.636964 0.391961 380.436 0 0
1500 114.424 47.8036 17.587 0.749335 0.713727 381.01 0 0
1500 138.621 114.931 17.6618 1.28529 1.77138 380.913 0 0
1500 102.655 -49.3808 17.9183 0.780071 -0.842624 380.938 0 0
1500 111.006 -42.2923 17.6342 0.749914 -0.61009 381.152 0 0
1500 33.2934 46.3694 17.6083 -0.342888 0.694215 381.218 0 0
1500 2.01594 -30.9991 17.9271 -0.964763 -0.453217 381.314 0 0
1500 156.29 -16.9299 17.8064 1.57324 -0.284339 381.366 0 0
1500 63.6128 -1.72054 18.0077 0.0615037 -0.00415773 381.57 0 0
1500 68.5706 5.33534 17.8501 0.239603 0.118166 381.374 0 0
1500 76.0048 9.61199 17.8512 0.345936 0.179381 381.532 0 0
1500 143.578 24.0136 17.9488 1.39243 0.388672 381.588 0 0
1500 14.3379 25.1856 17.9035 -0.686744 0.461659 381.535 0 0
1500 151.481 36.9041 18.2084 1.67249 0.682338 381.66 0 0
1500 82.2518 -25.003 18.348 0.481756 -0.389628 382.177 0 0
1500 50.315 66.5437 17.7488 -0.126481 0.983588 381.927 0 0
1500 57.1319 24.7455 17.9769 0.0254639 0.424557 382.185 0 0
1500 53.0446 -1.02804 17.9065 -0.0807915 0.0432306 381.972 0 0
1500 39.4504 -19.4455 17.7762 -0.258026 -0.35447 382.499 0 0
1500 84.6029 -22.7679 17.6967 0.464385 -0.328875 382.491 0 0
1500 91.5993 -66.3046 17.7372 0.556742 -1.10629 382.441 0 0
1500 79.1673 18.1289 17.6619 0.381752 0.253646 382.642 0 0
1500 47.4749 -3.52135 17.6997 -0.168292 0.0202378 382.608 0 0
1500 16.7671 59.4073 17.6935 -0.626131 0.835826 382.658 0 0
1500 12.7813 44.9933 17.6376 -0.637828 0.703793 382.717 0 0
1500 29.9178 13.0639 17.7221 -0.388136 0.221995 383.026 0 0
1500 72.4749 -38.168 17.8107 0.219867 -0.558505 383.03 0 0
1500 71.3475 -20.4271 18.2494 0.218335 -0.339268 382.997 0 0
1500 97.7607 27.4671 18.1048 0.692884 0.417581 382.973 0 0
1500 81.6958 -4.46688 17.7744 0.389461 -0.128355 383.047 0 0
1500 78.158 36.7607 17.6776 0.366156 0.54599 382.952 0 0
1500 56.0596 41.9764 17.6574 -0.104037 0.628326 383.171 0 0
1500 67.6951 -7.61367 17.6806 0.21235 -0.134052 383.193 0 0
1500 153.778 -12.5763 18.2929 1.77291 -0.316623 383.171 0 0
1500 53.2215 42.8819 17.9557 -0.0808903 0.661666 383.335 0 0
1500 57.0904 -19.1067 18.2602 -0.0454951 -0.275636 383.313 0 0
1500 68.499 -58.5328 18.1077 0.199993 -0.96817 383.4 0 0
1500 102.297 -19.5457 17.667 0.712454 -0.296503 383.546 0 0
1500 76.9937 -5.21858 17.7151 0.35629 -0.0896072 383.455 0 0
1500 96.4958 -62.3189 18.0201 0.650813 -1.01455 383.496 0 0
1500 112.63 -3.43765 17.7775 0.860361 -0.0253307 383.828 0 0
1500 25.4865 -51.9342 17.6915 -0.424509 -0.80245 383.814 0 0
1500 44.2161 46.1456 17.7281 -0.155272 0.730416 383.85 0 0
1500 65.6863 29.4451 17.6744 0.0417257 0.415762 384.015 0 0
1500 81.1304 -0.296475 18.024 0.374712 0.0215486 384.08 0 0
1500 64.5072 14.2607 18.6642 0.180876 0.25325 384.046 0 0
1500 111.099 5.7722 17.6695 0.836345 0.0706427 383.864 0 0
1500 117.246 -31.6579 17.7561 0.86788 -0.539249 384.131 0 0
1500 102.749 -21.1665 17.9474 0.746046 -0.382637 383.856 0 0
1500 58.0722 16.979 17.9874 -0.0212029 0.244665 384.333 0 0
1500 78.9569 -10.2669 18.5889 0.403584 -0.120129 384.37 0 0
1500 74.2432 -62.9178 17.788 0.23445 -0.95366 384.363 0 0
1500 57.3692 25.0757 17.8759 0.0220243 0.379348 384.555 0 0
1500 118.614 8.15087 17.6758 0.935994 0.104017 384.524 0 0
1500 100.385 -50.3549 17.7019 0.637974 -0.770636 384.654 0 0
1500 18.6316 21.4831 17.917 -0.64827 0.375606 384.662 0 0
1500 27.3875 40.0513 17.8341 -0.496742 0.582784 384.696 0 0
1500 79.0267 21.9146 17.8561 0.32867 0.394771 384.667 0 0
1500 6.72399 33.4553 17.7891 -0.788599 0.463475 384.735 0 0
1500 80.0092 11.7217 17.8187 0.409204 0.194178 384.714 0 0
1500 47.1596 66.4067 17.7493 -0.137336 1.00197 384.812 0 0
1500 81.5453 11.9607 18.9523 0.465528 0.226562 385.023 0 0
1500 59.4041 -2.95209 17.9909 -0.00131018 -0.0029897 385.013 0 0
1500 10.136 -23.9921 17.8356 -0.743502 -0.341498 384.931 0 0
1500 90.6478 -15.0334 17.858 0.588101 -0.30522 384.992 0 0
1500 95.979 21.7833 17.6957 0.566301 0.394254 385.092 0 0
1500 75.3899 3.23105 18.1457 0.289467 -0.0184842 385.247 0 0
1500 104.814 -50.9867 17.7005 0.730611 -0.708924 385.186 0 0
1500 93.376 67.2797 17.7454 0.605895 1.02999 385.392 0 0
1500 100.516 63.0798 17.9635 0.71347 1.02208 385.248 0 0
1500 45.5161 37.3678 17.978 -0.210276 0.646921 385.289 0 0
1500 65.9981 -18.3356 18.0861 0.223919 -0.309429 385.613 0 0
1500 31.0857 56.0837 17.7275 -0.377807 0.808621 385.611 0 0
1500 81.4155 6.72282 18.6175 0.489616 0.14675 385.717 0 0
1500 39.4776 7.85261 18.0548 -0.284904 0.163046 385.635 0 0
1500 23.3019 12.9459 17.7827 -0.550585 0.133067 385.503 0 0
1500 126.172 10.9338 17.8004 1.04228 0.234138 385.728 0 0
1500 36.9921 -32.7196 17.8111 -0.400233 -0.520308 385.759 0 0
1500 86.3162 10.7244 18.4346 0.590055 0.177762 385.947 0 0
1500 96.1039 -28.6381 18.0736 0.743236 -0.53495 385.959 0 0
1500 68.8035 -20.405 18.1591 0.238876 -0.31191 386.049 0 0
1500 119.887 35.7027 17.7021 0.929164 0.485236 386.407 0 0
1500 47.0979 69.4027 17.6887 -0.106593 1.02929 386.029 0 0
1500 87.7247 -28.0536 18.189 0.496077 -0.472307 386.395 0 0
1500 18.4902 -7.24595 17.7971 -0.628659 -0.156947 386.42 0 0
1500 93.2537 68.8463 17.7637 0.597482 1.03629 386.405 0 0
1500 34.1103 23.1069 17.7449 -0.348722 0.417575 386.237 0 0
1500 65.9201 21.3936 17.84 0.143179 0.390873 386.324 0 0
1500 63.0262 -19.3623 18.564 0.128228 -0.345209 386.402 0 0
1500 111.696 -15.6802 18.0942 0.950574 -0.325465 386.42 0 0
1500 11.3917 5.79091 17.8298 -0.792255 0.0394423 386.608 0 0
1500 100.531 5.05344 18.4764 0.73916 0.121971 386.965 0 0
1500 118.943 -5.84774 17.8462 0.950319 -0.0462646 386.977 0 0
1500 -0.798586 1.2709 17.7871 -0.889932 -0.0386599 386.769 0 0
1500 52.4268 7.67932 18.2145 -0.091541 0.11082 386.981 0 0
1500 36.2784 -13.9149 17.9673 -0.368769 -0.25606 386.949 0 0
1500 60.5762 -64.2852 17.8579 0.100971 -1.06796 387.051 0 0
1500 69.752 -14.768 18.914 0.275958 -0.258099 387.203 0 0
1500 58.3237 -16.1541 18.4935 0.069445 -0.297549 387.16 0 0
1500 61.2702 37.1609 17.7129 0.0970865 0.596756 387.198 0 0
1500 99.3775 37.6319 17.7192 0.587196 0.622713 387.25 0 0
1500 87.6281 7.61213 17.8672 0.526591 0.099863 387.221 0 0
1500 86.0577 -13.749 18.3556 0.471893 -0.215084 387.365 0 0
1500 120.827 -26.592 17.7515 0.892224 -0.419005 387.382 0 0
1500 13.5934 32.456 17.747 -0.643615 0.547958 387.292 0 0
1500 93.5377 -2.74268 17.8672 0.61226 -0.0531993 387.417 0 0
1500 82.0146 1.29248 17.906 0.379357 -0.0549508 387.298 0 0
1500 102.93 -12.3033 18.2859 0.778405 -0.158544 387.748 0 0
1500 59.2873 -20.4894 18.0775 0.0142856 -0.312217 387.96 0 0
1500 25.5168 -61.7789 17.7775 -0.468612 -0.937046 387.877 0 0
1500 116.292 20.3742 17.7496 0.852948 0.368332 387.812 0 0
1500 154.152 57.0543 17.7915 1.50957 0.887866 387.75 0 0
1500 76.6605 52.9127 17.8124 0.218901 0.843336 387.534 0 0
1500 100.971 -48.3858 17.9177 0.756139 -0.741311 387.804 0 0
1500 98.2964 -26.7551 18.0625 0.752125 -0.407679 387.894 0 0
1500 45.2837 -20.6396 18.5071 -0.224467 -0.323681 387.914 0 0
1500 78.4977 46.9212 17.749 0.369695 0.716804 387.969 0 0
1500 113.605 33.4246 17.7545 0.821101 0.462841 388.079 0 0
1500 80.0165 -5.53466 18.1178 0.435267 -0.0480553 388.092 0 0
1500 86.3654 43.8397 17.7493 0.484804 0.670462 388.068 0 0
1500 62.8153 -22.4453 17.7703 0.101635 -0.404149 388.16 0 0
1500 90.7939 -11.8434 18.8911 0.619184 -0.221282 388.179 0 0
1500 73.165 -14.4747 18.0328 0.197878 -0.254448 388.179 0 0
1500 99.8618 -56.0986 17.766 0.647909 -0.785585 388.315 0 0
1500 96.1341 -7.84194 18.033 0.665614 -0.113718 388.525 0 0
1500 33.9093 23.8251 18.0903 -0.446707 0.359499 388.555 0 0
1500 107.358 30.5738 17.7513 0.787262 0.471803 388.596 0 0
1500 48.3306 -36.6836 18.0319 -0.167812 -0.578157 388.704 0 0
1500 74.5999 -5.07052 18.0733 0.354428 -0.0496248 388.657 0 0
1500 83.4461 -2.79953 18.0488 0.465075 0.00973397 388.793 0 0
1500 87.1424 -10.0436 18.5019 0.499454 -0.166356 389.404 0 0
1500 111.844 15.2923 17.7747 0.788403 0.2147 388.906 0 0
1500 92.9772 -44.7601 17.7981 0.507564 -0.703626 389.017 0 0
1500 108.611 31.1751 17.9085 0.783524 0.513117 389.135 0 0
1500 60.279 66.8604 17.7555 0.0995628 0.991006 389.293 0 0
1500 62.3495 23.2222 18.1734 0.118429 0.413097 389.044 0 0
1500 80.7011 22.9407 18.0484 0.423168 0.387666 389.028 0 0
1500 80.1506 36.43 18.0482 0.412578 0.582204 389.441 0 0
1500 104.885 0.94571 17.8615 0.775197 0.0151596 389.24 0 0
1500 102.969 -9.09101 17.8545 0.742455 -0.16346 389.296 0 0
1500 107.034 -16.7611 17.7797 0.759257 -0.321173 389.293 0 0
1500 121.451 -31.2596 17.9965 1.16973 -0.555323 389.505 0 0
1500 82.2622 63.4721 17.7588 0.414554 0.936595 389.698 0 0
1500 83.5683 62.0307 17.7576 0.434218 0.917836 389.552 0 0
1500 51.0989 -17.9382 17.8157 -0.059345 -0.334477 389.679 0 0
1500 85.3318 2.98151 18.1584 0.444129 -0.000535919 390.133 0 0
1500 46.2457 14.8214 17.8703 -0.139731 0.258575 390.132 0 0
1500 106.65 -29.3285 17.7998 0.725529 -0.407239 389.917 0 0
1500 95.1148 27.8831 17.9913 0.617778 0.463569 389.857 0 0
1500 79.019 8.6887 18.2085 0.392708 0.194655 389.791 0 0
1500 35.5567 12.6681 17.9963 -0.3673 0.233399 389.965 0 0
1500 85.0534 31.957 17.8508 0.370591 0.540349 390.17 0 0
1500 55.602 19.7622 17.9045 -0.0181001 0.372783 389.859 0 0
1500 75.0587 -0.50647 18.8141 0.38564 0.018644 390.302 0 0
1500 125.233 -12.1571 17.7885 1.00466 -0.153292 390.441 0 0
1500 115.999 36.6622 17.7865 0.877757 0.526682 390.315 0 0
1500 72.6476 -9.79673 18.3907 0.246712 -0.198118 390.266 0 0
1500 86.1216 -54.1802 17.7768 0.434443 -0.848108 390.56 0 0
1500 92.168 26.1395 17.9766 0.505437 0.451753 390.596 0 0
1500 79.3029 -7.15951 18.1364 0.420919 -0.062567 390.488 0 0
1500 89.6262 -7.18889 17.9641 0.526329 -0.175077 390.487 0 0
1500 97.2264 12.3486 18.2953 0.745667 0.145239 390.521 0 0
1500 77.3619 5.57994 17.9809 0.329876 0.158064 390.777 0 0
1500 67.8049 -14.2061 18.528 0.238546 -0.23236 390.874 0 0
1500 114.799 -8.23232 17.7496 0.838515 -0.0666936 390.863 0 0
1500 53.8346 5.61628 18.0875 -0.0400189 0.158904 390.965 0 0
1500 104.224 13.1405 17.8071 0.678378 0.228505 391.192 0 0
1500 58.9531 69.5731 17.7787 -0.0353614 1.02738 391.653 0 0
1500 120.102 -21.0727 17.7826 0.915719 -0.366703 391.248 0 0
1500 101.66 -1.30717 18.3809 0.786756 0.01775 391.256 0 0
1500 102.559 -40.086 17.8033 0.727028 -0.611322 391.664 0 0
1500 58.1481 33.0253 18.1874 0.0436262 0.560686 391.478 0 0
1500 63.2024 13.9158 17.9893 0.0311282 0.183581 391.569 0 0
1500 55.9638 -21.1749 18.0159 -0.0507364 -0.383936 391.668 0 0
1500 107.14 -50.0588 17.8331 0.828278 -0.751553 391.531 0 0
1500 39.1715 -25.8632 18.333 -0.309645 -0.469796 391.163 0 0
1500 26.0939 -17.7496 18.0232 -0.583152 -0.24822 391.35 0 0
1500 83.7225 48.9515 17.9816 0.423533 0.889715 391.37 0 0
1500 62.2244 60.8114 17.8169 0.13411 0.926066 392.338 0 0
1500 61.4465 40.98 18.1349 0.12142 0.685401 392.179 0 0
1500 72.4439 4.5618 18.0753 0.212061 0.123864 392.282 0 0
1500 119.051 -25.3519 17.7912 0.890772 -0.423136 392.027 0 0
1500 78.3991 -7.45135 18.552 0.459207 -0.0773994 391.827 0 0
1500 107.804 -32.9994 17.8189 0.807459 -0.459504 392.06 0 0
1500 82.4402 -23.1428 18.2013 0.371951 -0.403802 392.091 0 0
1500 65.5758 34.9177 18.0932 0.0997137 0.575033 391.869 0 0
1500 76.1674 28.9077 18.0748 0.25804 0.489267 391.915 0 0
1500 43.563 28.5581 18.0618 -0.196241 0.503825 392.249 0 0
1500 61.3865 20.5598 17.7985 0.019376 0.388941 391.723 0 0
1500 75.1639 21.5067 17.7971 0.231605 0.402796 391.845 0 0
1500 50.4833 28.9273 17.7957 -0.148316 0.515982 391.989 0 0
1500 45.2316 13.9212 17.8593 -0.264636 0.241865 392.095 0 0
1500 142.514 16.6671 17.9424 1.43217 0.216007 391.94 0 0
1500 98.7316 10.4347 18.0019 0.658058 0.249327 392.379 0 0
1500 58.9162 21.4195 18.4727 0.0575297 0.429889 392.138 0 0
1500 134.101 5.88601 17.9748 1.35879 0.131441 391.742 0 0
1500 74.1085 8.44635 17.9304 0.288896 0.130799 392.511 0 0
1500 30.1168 -60.6393 17.8054 -0.417257 -0.947304 392.482 0 0
1500 42.9647 63.5626 17.8298 -0.184475 0.992701 392.526 0 0
1500 18.0392 -136.403 17.9557 -0.608159 -2.30338 392.459 0 0
1500 38.2811 -7.08368 18.5867 -0.373134 -0.10662 392.465 0 0
1500 111.411 -16.1945 18.1323 0.890487 -0.242794 392.875 0 0
1500 92.8999 32.5514 18.2559 0.617252 0.526271 392.715 0 0
1500 74.3037 -3.78401 18.4678 0.32012 -0.0997998 392.728 0 0
1500 60.9974 -8.86794 18.022 0.12676 -0.127551 393.059 0 0
1500 33.9047 -5.62188 17.8873 -0.354917 -0.127198 392.953 0 0
1500 30.1981 52.8342 17.9083 -0.465815 0.810297 393.056 0 0
1500 65.8155 -84.5986 17.8449 0.178503 -1.3311 392.666 0 0
1500 76.6616 5.84526 18.0114 0.321031 0.177571 392.879 0 0
1500 132.352 -19.4913 17.9444 1.23545 -0.369964 393.175 0 0
1500 112.962 17.0817 18.0027 1.01193 0.302655 393.084 0 0
1500 105.022 46.4289 17.8599 0.677973 0.752199 393.758 0 0
1500 108.806 24.5542 18.0435 0.851766 0.365373 393.733 0 0
1500 108.095 -10.8598 17.817 0.744508 -0.123657 393.524 0 0
1500 84.3431 35.4549 17.8252 0.419156 0.504018 393.898 0 0
1500 86.2676 -13.1515 18.3735 0.551466 -0.17029 393.343 0 0
1500 119.167 25.5682 17.8222 0.957413 0.39941 393.342 0 0
1500 105.23 48.1321 17.8235 0.75243 0.724493 393.583 0 0
1500 90.2009 -56.5376 17.8777 0.531395 -0.872228 393.284 0 0
1500 67.9727 -2.04688 18.2545 0.234164 -0.0988408 393.193 0 0
1500 76.1447 -5.69206 18.3506 0.329141 -0.158574 393.45 0 0
1500 36.4218 51.6608 17.7859 -0.356476 0.846453 393.449 0 0
1500 40.9531 4.93107 18.1586 -0.270138 0.126166 393.338 0 0
1500 46.0991 -29.7821 18.1153 -0.156102 -0.527021 393.673 0 0
1500 28.9923 26.3098 17.8454 -0.502463 0.354949 393.528 0 0
1500 71.8094 -31.3993 17.8472 0.297032 -0.501837 393.199 0 0
1500 69.4069 -41.1383 18.1116 0.202404 -0.691234 393.949 0 0
1500 52.8422 33.3498 17.9213 -0.0102716 0.562581 393.944 0 0
1500 96.298 27.8755 18.0137 0.66094 0.405012 394.297 0 0
1500 119.993 27.3717 17.8283 0.956612 0.419978 394.264 0 0
1500 83.4464 8.93102 18.5207 0.425461 0.176098 394.672 0 0
1500 70.4772 27.7845 17.8372 0.229819 0.397388 394.415 0 0
1500 120.636 25.3305 17.8302 0.962802 0.389507 394.483 0 0
1500 14.2604 -10.3655 17.8563 -0.767122 -0.124026 394.706 0 0
1500 42.0167 41.7811 17.9532 -0.331124 0.685944 394.505 0 0
1500 83.297 47.5996 18.0306 0.507911 0.783877 394.54 0 0
1500 124.261 -23.9086 18.2855 1.14723 -0.441896 394.902 0 0
1500 35.3444 -60.9247 17.93 -0.322861 -0.968099 394.946 0 0
1500 -4.60757 -28.5476 17.7876 -0.978144 -0.376978 395.187 0 0
1500 47.7095 65.6498 17.7853 -0.182141 1.03062 395.137 0 0
1500 49.0074 19.6842 17.9447 -0.146716 0.378637 395.057 0 0
1500 104.343 31.3448 18.0342 0.75979 0.526448 395.207 0 0
1500 29.2967 55.451 17.8398 -0.435685 0.898757 395.278 0 0
1500 107.428 25.0278 17.9103 0.809522 0.426051 395.315 0 0
1500 120.888 22.9787 17.9052 0.966289 0.374163 395.66 0 0
1500 77.7264 27.8868 18.0192 0.313752 0.433408 395.71 0 0
1500 33.8437 64.0107 17.8453 -0.417274 0.96095 395.637 0 0
1500 115.019 -11.2943 17.8338 0.929843 -0.192826 395.361 0 0
1500 92.9222 -17.7232 18.0103 0.629442 -0.287049 395.631 0 0
1500 79.4078 -41.8451 17.843 0.267973 -0.700606 395.42 0 0
1500 59.1331 41.3615 18.2621 0.0421258 0.736242 395.422 0 0
1500 22.3901 27.198 18.0748 -0.626446 0.411404 395.474 0 0
1500 33.8618 24.1516 18.3535 -0.405374 0.485929 395.382 0 0
1500 119.933 -14.0542 18.2428 1.05271 -0.267185 396.028 0 0
1500 43.0757 15.7393 18.0324 -0.229994 0.250751 396.117 0 0
1500 87.9397 36.6446 18.2684 0.511835 0.618036 395.882 0 0
1500 71.9901 60.4856 17.9079 0.274912 0.949718 395.926 0 0
1500 113.169 3.24631 17.9853 0.915565 0.0178404 395.999 0 0
1500 75.7661 -49.7415 17.9474 0.245374 -0.816362 395.872 0 0
1500 65.525 32.441 18.2081 0.200129 0.556865 396.168 0 0
1500 63.058 6.7745 18.2935 0.0839068 0.156723 395.965 0 0
1500 85.8179 79.4793 17.9149 0.475726 1.27001 396.07 0 0
1500 78.7099 -9.72959 18.0921 0.414626 -0.191812 395.885 0 0
1500 19.8967 -70.6676 17.8487 -0.66278 -1.08521 395.843 0 0
1500 30.5145 11.3697 17.8267 -0.4616 0.248986 396.134 0 0
1500 44.7083 42.3578 18.2519 -0.18796 0.75639 395.957 0 0
1500 58.7572 -14.1941 18.3697 0.0197509 -0.323873 396.043 0 0
1500 71.4513 5.9433 17.9864 0.248146 0.119032 396.294 0 0
1500 89.6798 55.6622 17.907 0.534532 0.872134 396.374 0 0
1500 115.185 8.07896 17.9842 0.942585 0.0898881 396.223 0 0
1500 113.92 29.916 17.8295 0.886445 0.497883 396.386 0 0
1500 30.9032 -44.2428 17.8776 -0.372082 -0.742133 396.23 0 0
1500 29.3275 10.6491 18.0226 -0.493768 0.163579 396.319 0 0
1500 63.0797 9.07344 17.8348 0.113074 0.212065 396.289 0 0
1500 78.5199 42.8586 17.8637 0.348738 0.61767 396.998 0 0
1500 65.6718 5.31571 17.8746 0.169687 0.0521225 397.533 0 0
1500 81.6128 -27.2009 17.8465 0.402046 -0.367946 396.684 0 0
1500 47.547 59.4825 17.7998 -0.178959 0.91184 397.258 0 0
1500 29.9382 -61.1181 17.8345 -0.464132 -0.938927 396.871 0 0
1500 2.13095 -44.6346 17.7889 -0.902944 -0.66306 396.616 0 0
1500 72.5254 -14.0643 18.5644 0.251826 -0.251186 396.483 0 0
1500 109.75 -39.2234 17.9134 0.839301 -0.612592 397.328 0 0
1500 111.35 -37.3038 17.9134 0.862077 -0.58378 397.39 0 0
1500 108.829 -31.4658 17.9452 0.824419 -0.535564 397.154 0 0
1500 95.1488 3.20839 18.0026 0.608228 0.122102 396.933 0 0
1500 24.4013 -30.3614 17.97 -0.507262 -0.540142 396.715 0 0
1500 69.1401 29.8179 18.0153 0.242952 0.51885 397.311 0 0
1500 70.0785 -3.05994 18.0226 0.259367 0.0129771 396.816 0 0
1500 75.8536 3.22889 17.8432 0.356446 0.0533675 396.952 0 0
1500 138.373 10.8357 18.0773 1.40312 0.219986 396.711 0 0
1500 44.793 -43.4755 18.1908 -0.218511 -0.804521 397.305 0 0
1500 51.5958 -34.8493 17.9592 -0.139033 -0.665135 397.306 0 0
1500 108.103 22.0647 18.2255 0.973912 0.411593 397.094 0 0
1500 45.4714 22.3531 18.2318 -0.291016 0.354192 397.153 0 0
1500 26.3572 -58.0377 17.9406 -0.488264 -0.917284 397.635 0 0
1500 98.8594 3.50864 18.4018 0.690393 0.0657963 397.621 0 0
1500 88.9591 58.8885 17.91 0.512551 0.899926 397.87 0 0
1500 83.8437 34.9133 17.9743 0.38919 0.544296 397.784 0 0
1500 22.8014 59.4479 17.8475 -0.563317 0.956412 398.026 0 0
1500 59.3145 11.384 18.3801 0.0165247 0.163214 397.922 0 0
1500 58.9196 20.6444 18.0268 -0.0457591 0.328154 397.7 0 0
1500 27.5347 -26.9287 18.1294 -0.533679 -0.407679 397.931 0 0
1500 122.9 9.38848 18.4983 1.215 0.115158 397.882 0 0
1500 25.7819 -50.6555 17.8601 -0.522199 -0.745235 399.367 0 0
1500 121.68 -17.3341 17.8716 0.960943 -0.315426 399.68 0 0
1500 3.37447 -12.2577 17.8193 -0.837744 -0.145681 399.351 0 0
1500 105.509 22.1906 17.926 0.731272 0.359175 399.816 0 0
1500 105.757 39.4032 17.9164 0.744837 0.609496 398.854 0 0
1500 121.793 12.6067 17.8378 0.988978 0.159438 398.23 0 0
1500 123.309 5.81595 17.8101 1.01001 0.0550787 398.519 0 0
1500 100.594 15.1731 18.209 0.746861 0.261024 398.235 0 0
1500 117.823 -13.3431 17.9009 0.93505 -0.272003 398.198 0 0
1500 53.1029 56.0654 18.0278 -0.0917557 0.90547 398.402 0 0
1500 101.855 37.3662 17.8114 0.698746 0.635358 398.344 0 0
1500 17.0227 -20.5772 17.8341 -0.66254 -0.249638 398.992 0 0
1500 103.343 24.4681 17.8119 0.764777 0.397915 398.115 0 0
1500 30.2283 56.3626 17.9692 -0.433126 0.905849 399.839 0 0
1500 98.8225 -42.2872 17.8218 0.694838 -0.639419 398.878 0 0
1500 -5.26047 3.83496 17.946 -1.00053 0.03198 399.923 0 0
1500 59.2471 29.1746 18.2328 0.07054 0.518562 398.992 0 0
1500 13.5056 -41.8464 17.9398 -0.728698 -0.638743 399.965 0 0
1500 123.801 112.913 17.9075 1.05503 1.80287 398.593 0 0
1500 66.1456 59.3438 17.88 0.0606117 0.936106 399.055 0 0
1500 76.8772 18.3865 18.4658 0.346912 0.358055 398.072 0 0
1500 45.7957 53.3467 18.0037 -0.194767 0.873613 399.901 0 0
1500 10.2766 -29.6822 17.8667 -0.796341 -0.451275 399.644 0 0
1500 25.6953 -21.8775 17.8808 -0.475352 -0.413455 398.674 0 0
1500 34.7545 -33.5162 18.0147 -0.37255 -0.571431 399.968 0 0
1500 16.5193 -11.9399 18.0143 -0.649171 -0.243463 400.011 0 0
1500 74.0065 25.4129 17.8478 0.174635 0.417894 398.905 0 0
1500 134.933 -18.7364 18.0885 1.31736 -0.273068 398.335 0 0
1500 69.3862 -44.863 17.8391 0.10883 -0.731871 399.969 0 0
1500 55.8181 2.95329 18.1414 -0.0331759 0.117664 398.947 0 0
1500 110.656 -44.7303 18.026 0.892782 -0.758573 399.926 0 0
1500 124.922 29.3139 18.085 1.16075 0.516254 398.68 0 0
1500 81.2334 26.3529 17.9736 0.375547 0.516344 398.519 0 0
1500 86.6802 43.7837 18.1857 0.53664 0.796266 398.779 0 0
1500 118.908 -65.8747 18.0604 1.08467 -1.12767 398.956 0 0
1500 70.2257 69.6229 17.9562 0.262804 1.2113 399.613 0 0
1500 82.5537 46.1251 18.2409 0.439128 0.866014 399.602 0 0
1500 36.7037 -12.0156 18.2228 -0.408362 -0.265773 399.051 0 0
1500 113.767 -36.1503 17.8975 0.847947 -0.597031 400.237 0 0
1500 80.497 56.7551 17.9919 0.39246 0.913758 400.284 0 0
1500 1.42465 -1.42786 17.9869 -0.905747 0.00126173 400.192 0 0
1500 69.9701 -10.4418 18.4602 0.303113 -0.222854 400.098 0 0
1500 87.0681 14.6955 17.9255 0.535245 0.206585 400.082 0 0
1500 71.3404 12.0564 17.924 0.243388 0.261263 400.124 0 0
1500 64.7261 16.4076 17.924 0.140399 0.329009 400.125 0 0
1500 39.9116 6.6215 17.8327 -0.311387 0.177569 400.18 0 0
1500 107.668 -31.5052 18.0043 0.884751 -0.500432 400.562 0 0
1500 53.2971 3.1702 17.9692 -0.14488 0.029494 400.263 0 0
1500 52.5173 11.5509 18.1861 -0.0847309 0.202592 401.139 0 0
1500 30.6684 -20.0975 17.8383 -0.453615 -0.302542 401.282 0 0
1500 105.363 -22.9448 17.8834 0.708958 -0.388066 401.21 0 0
1500 -5.97787 3.4153 17.8676 -1.00786 0.102477 400.63 0 0
1500 118.307 -20.9365 17.8635 0.929058 -0.386922 400.674 0 0
1500 94.5469 0.643494 18.3799 0.634959 0.0836289 400.783 0 0
1500 13.2964 -42.6746 17.9009 -0.679634 -0.714563 401.539 0 0
1500 80.1918 -39.7893 17.9185 0.42515 -0.630781 400.647 0 0
1500 110.527 -3.24781 17.908 0.83681 0.0225213 401.408 0 0
1500 89.3797 -29.0471 17.9774 0.475863 -0.522093 401.116 0 0
1500 53.426 15.1681 18.2253 -0.108249 0.243968 401.131 0 0
1500 124.757 -3.51846 18.1603 1.19303 -0.0902032 400.777 0 0
1500 109.174 35.6936 18.1479 0.89671 0.677396 401.169 0 0
1500 62.0287 -10.8838 18.4233 0.115865 -0.212602 402.029 0 0
1500 79.0207 0.940106 18.0165 0.37219 -0.0153596 401.767 0 0
1500 77.6947 -3.89859 18.1708 0.419525 -0.0389004 401.82 0 0
1500 61.892 11.9642 17.9492 0.00717055 0.146283 402.037 0 0
1500 103.869 36.7188 17.8962 0.77124 0.659558 402.044 0 0
1500 104.486 6.79296 18.0467 0.768773 0.0866187 402.833 0 0
1500 2.72986 37.8578 17.86 -0.878341 0.554428 402.093 0 0
1500 94.6481 -54.7724 17.7958 0.600924 -0.857684 402.076 0 0
1500 95.0537 -26.5494 18.5281 0.698264 -0.435171 402.881 0 0
1500 98.2719 -51.0776 17.9048 0.681 -0.779376 402.698 0 0
1500 120.39 -18.2661 17.9042 1.00465 -0.290027 403.047 0 0
1500 113.399 3.59955 18.118 0.923494 0.102838 402.643 0 0
1500 74.2447 8.34606 18.4823 0.389554 0.171965 402.707 0 0
1500 90.616 -18.052 18.2657 0.540513 -0.347978 402.549 0 0
1500 66.9398 -53.8453 17.977 0.178791 -0.885666 402.908 0 0
1500 92.9607 25.8794 18.0778 0.638119 0.376795 402.667 0 0
1500 99.3375 20.1685 18.0105 0.724751 0.331286 402.777 0 0
1500 67.7949 -37.0636 17.9873 0.189381 -0.643134 402.26 0 0
1500 67.8238 30.7929 17.8641 0.214314 0.528442 402.828 0 0
1500 78.2453 8.36462 17.8683 0.377854 0.180996 402.535 0 0
1500 108.884 16.3183 18.5062 0.950495 0.287174 402.787 0 0
1500 55.1385 -187.468 17.8229 -0.071761 -3.00219 402.906 0 0
1500 88.223 75.1673 17.8915 0.55101 1.21016 402.662 0 0
1500 122.738 48.6154 17.9207 1.10169 0.734392 402.732 0 0
1500 75.0861 1.01953 17.9007 0.274465 -0.0634313 402.571 0 0
1500 63.003 34.7606 17.9914 0.148082 0.636773 402.913 0 0
1500 82.0044 1.78837 18.1 0.418594 -0.0138264 403.136 0 0
1500 65.5057 16.4693 18.23 0.173828 0.288772 403.803 0 0
1500 70.0626 -57.4537 17.9741 0.224589 -0.934342 403.323 0 0
1500 15.0565 -29.6945 17.9167 -0.712644 -0.418636 403.37 0 0
1500 27.891 41.2918 17.8872 -0.529163 0.617742 403.276 0 0
1500 104.666 6.113 17.89 0.794951 0.0689955 403.925 0 0
1500 76.3888 -4.64625 18.0441 0.388006 -0.0715356 403.632 0 0
1500 60.3789 8.21324 17.8737 0.0800999 0.195867 403.315 0 0
1500 58.2086 17.2875 17.8189 0.0143054 0.347718 403.305 0 0
1500 47.5463 -2.07153 17.9024 -0.234175 -0.039879 403.511 0 0
1500 44.487 -69.9635 17.9492 -0.157735 -1.17968 403.532 0 0
1500 107.526 8.95886 17.9523 0.855499 0.0820188 403.335 0 0
1500 -19.1878 -62.6906 18.031 -1.34309 -1.09124 403.115 0 0
1500 124.147 52.9101 18.0612 1.14522 0.958818 403.86 0 0
1500 51.4909 7.87998 18.3753 -0.186867 0.0892957 403.386 0 0
1500 29.6634 -0.439092 17.9683 -0.445824 -0.0297759 404.783 0 0
1500 -1.27159 16.6395 17.8961 -0.91196 0.261854 404.692 0 0
1500 8.40354 35.3879 17.8968 -0.77176 0.530691 404.79 0 0
1500 120.828 14.7908 17.9062 0.991371 0.195048 404.394 0 0
1500 116.625 18.9198 17.9091 0.922708 0.252814 404.971 0 0
1500 40.0199 -33.9415 18.0196 -0.280943 -0.591206 404.039 0 0
1500 7.45355 -9.39159 17.832 -0.849533 -0.152711 404.259 0 0
1500 38.6791 43.564 18.0024 -0.282963 0.738912 404.687 0 0
1500 103.56 4.75754 17.8945 0.782809 0.0666897 404.766 0 0
1500 91.4044 19.7273 17.9093 0.487749 0.372476 404.468 0 0
1500 80.5239 13.1389 17.8652 0.403722 0.263883 404.75 0 0
1500 67.1447 -19.6169 18.0431 0.229261 -0.375223 404.904 0 0
1500 53.0471 -9.68522 18.5444 -0.115499 -0.12081 404.702 0 0
1500 82.9163 -33.6599 18.1454 0.424465 -0.522442 405.168 0 0
1500 42.1483 5.45292 17.9637 -0.275506 0.0669951 405.399 0 0
1500 50.7409 -50.5083 17.9044 -0.0665132 -0.781328 405.81 0 0
1500 42.4366 -62.4367 17.8985 -0.264378 -0.956616 406.051 0 0
1500 116.72 0.421456 18.0942 0.977024 -0.0252047 405.322 0 0
1500 117.786 28.4201 17.8773 0.964391 0.397798 406.065 0 0
1500 119.777 23.2304 17.8773 0.993492 0.320654 406.094 0 0
1500 55.0733 54.6258 17.8464 0.000552851 0.895494 405.314 0 0
1500 36.665 41.4672 18.0376 -0.308796 0.706448 405.445 0 0
1500 21.5859 -40.4627 17.9403 -0.612083 -0.63241 405.87 0 0
1500 33.7144 -14.1276 17.926 -0.424101 -0.259299 405.69 0 0
1500 80.6154 46.9272 17.841 0.416384 0.750151 406.103 0 0
1500 18.3491 -8.88439 18 -0.66168 -0.120979 406.034 0 0
1500 37.9169 0.446974 17.9029 -0.345602 0.0740566 405.283 0 0
1500 116.224 -83.1022 17.9068 0.969981 -1.35045 405.558 0 0
1500 128.427 -39.4337 17.9268 1.19695 -0.613139 405.159 0 0
1500 36.0756 -0.000438758 17.8669 -0.363102 -0.0746418 405.992 0 0
1500 75.1385 -56.8726 18.0848 0.33774 -1.01519 405.133 0 0
1500 88.6872 28.5266 18.0407 0.45503 0.526869 405.498 0 0
1500 59.6602 44.9203 18.2429 0.0376031 0.838122 405.851 0 0
1500 49.7735 -6.81052 18.0911 -0.232479 -0.1228 405.428 0 0
1500 111.948 37.8882 17.8425 0.853473 0.605955 406.299 0 0
1500 -2.71235 26.0851 17.9128 -0.952975 0.421872 406.413 0 0
1500 114.719 11.4408 17.847 0.912022 0.231287 406.457 0 0
1500 74.786 33.4947 18.1217 0.356187 0.550424 406.46 0 0
1500 104.949 -13.83 18.2213 0.779059 -0.296487 406.222 0 0
1500 -52.3922 94.299 18.0397 -1.95665 1.68908 406.523 0 0
1500 60.2082 65.49 17.7915 0.0432902 1.04629 406.768 0 0
1500 120.58 -7.83169 17.8309 1.00032 -0.162928 406.609 0 0
1500 113.356 30.6382 17.8663 0.872489 0.523171 407.027 0 0
1500 -14.5352 -36.0377 17.901 -1.14 -0.601529 406.776 0 0
1500 74.5414 59.4459 17.8346 0.319189 0.929251 406.977 0 0
1500 1.0297 0.553099 17.8837 -0.8978 0.0738274 406.919 0 0
1500 67.3325 53.6115 17.8843 0.110329 0.881481 406.844 0 0
1500 63.8299 90.3709 17.8689 0.117979 1.45418 406.635 0 0
1500 45.5965 47.9751 17.8731 -0.233769 0.793159 406.882 0 0
1500 40.2514 -47.6622 17.9135 -0.272328 -0.810661 406.921 0 0
1500 34.3461 -1.59462 17.9063 -0.414708 -0.0803806 406.694 0 0
1500 74.3549 -29.5256 17.9028 0.207129 -0.513074 406.943 0 0
1500 151.068 43.3478 17.8368 1.44012 0.75886 407.01 0 0
1500 97.166 17.2165 18.0241 0.641842 0.242465 407.062 0 0
1500 -5.22475 -2.08114 17.8087 -0.98731 -0.00179047 407.077 0 0
1500 113.403 36.1124 17.8812 0.901978 0.528841 407.062 0 0
1500 43.1525 -51.8472 17.9741 -0.267623 -0.830511 407.079 0 0
1500 115.657 45.2176 17.8274 0.958817 0.662054 407.17 0 0
1500 80.9495 57.7825 17.8472 0.388909 0.881318 407.667 0 0
1500 119.206 8.25997 17.8477 0.940448 0.165895 407.74 0 0
1500 1.13729 37.9906 17.792 -0.826214 0.631041 407.461 0 0
1500 118.948 4.73664 17.9317 0.986112 0.0230848 407.274 0 0
1500 74.6214 -65.1905 17.8199 0.179909 -1.00748 407.554 0 0
1500 -1.51294 -16.7821 17.8209 -0.965139 -0.282867 407.298 0 0
1500 93.8079 -44.5088 17.8473 0.524608 -0.74982 407.697 0 0
1500 92.2071 -31.1636 17.8638 0.586003 -0.529949 407.201 0 0
1500 28.9079 -24.1982 18.1271 -0.466558 -0.414674 407.742 0 0
1500 98.7006 -6.38082 18.0258 0.703009 -0.0449923 407.74 0 0
1500 11.2112 43.2086 17.8835 -0.707338 0.741051 407.449 0 0
1500 32.0173 21.9962 17.9519 -0.376374 0.41646 407.67 0 0
1500 86.0106 6.08797 17.9859 0.520674 0.0466322 407.223 0 0
1500 70.4611 -42.3385 18.0853 0.152733 -0.747832 407.735 0 0
1500 77.1171 48.2549 18 0.344044 0.900647 407.342 0 0
1500 84.796 1.72187 18.0887 0.462962 0.117243 407.734 0 0
1500 74.0175 -12.7505 18.3991 0.255329 -0.234694 408.871 0 0
1500 110.772 -2.18576 17.9124 0.823241 -0.0125942 408.737 0 0
1500 60.5795 -40.5946 17.8959 -0.0113886 -0.616021 409.264 0 0
1500 61.8448 54.8705 17.8833 0.106635 0.836702 408.446 0 0
1500 108.7 9.1355 17.8554 0.777994 0.176066 408.709 0 0
1500 100.644 21.6135 17.8927 0.677008 0.282997 409.352 0 0
1500 17.519 3.63245 17.8413 -0.642192 0.0429925 409.687 0 0
1500 117.271 26.8755 17.8712 0.937276 0.37281 408.687 0 0
1500 118.37 23.4134 17.9025 0.948259 0.381022 409.593 0 0
1500 91.5194 -16.8658 18.1909 0.623025 -0.230089 407.904 0 0
1500 -3.74256 23.1719 17.8014 -0.986572 0.299298 408.389 0 0
1500 70.7805 7.86706 18.6718 0.299937 0.193922 408.106 0 0
1500 84.6921 -1.98125 18.5542 0.545435 -0.0837065 408.794 0 0
1500 97.4583 50.1434 17.7917 0.643621 0.801579 408.632 0 0
1500 26.4103 -26.1885 18.1254 -0.503632 -0.444131 407.876 0 0
1500 84.2836 -52.2535 18.0648 0.442036 -0.853541 409.302 0 0
1500 63.3863 -58.1537 17.8644 0.0777278 -0.95465 408.613 0 0
1500 111.169 -16.9227 17.8687 0.807285 -0.333929 408.048 0 0
1500 92.4912 -28.3512 17.9867 0.577271 -0.502998 408.106 0 0
1500 79.159 49.4487 17.9384 0.345541 0.824978 408.903 0 0
1500 77.6249 48.133 17.8812 0.350073 0.796004 408.663 0 0
1500 113.419 4.48399 17.8796 0.893252 0.130037 408.855 0 0
1500 73.4981 57.5869 17.8759 0.284047 0.93002 409.378 0 0
1500 106.863 -10.1718 18.0907 0.791357 -0.227211 409.458 0 0
1500 53.234 -18.6834 18.1058 -0.0199216 -0.362554 408.247 0 0
1500 17.3825 27.2101 18.0086 -0.62535 0.484234 409.027 0 0
1500 102.428 0.181053 18.1611 0.788053 0.0191676 409.732 0 0
1500 71.6414 -32.3579 18.0939 0.296334 -0.547542 409.295 0 0
1500 62.667 9.68639 17.9423 0.120798 0.220225 407.972 0 0
1500 69.572 37.4031 18.0713 0.199172 0.64701 409.506 0 0
1500 101.363 -1.61119 17.9927 0.712586 -0.0958743 409.41 0 0
1500 120.395 -33.7519 17.8316 1.01713 -0.586279 408.39 0 0
1500 50.6872 40.4691 17.8324 -0.0678734 0.688079 409.169 0 0
1500 98.1176 -51.1411 17.8907 0.619669 -0.907009 408.445 0 0
1500 104.255 -118.196 18.2454 0.864304 -2.12677 408.692 0 0
1500 64.2431 16.3605 18.0372 0.150706 0.269755 410.076 0 0
1500 65.0238 -28.5599 18.3203 0.165424 -0.458926 409.759 0 0
1500 39.0616 -7.96889 18.0594 -0.287055 -0.157512 410.481 0 0
1500 85.2364 7.23956 17.8673 0.437695 0.146927 409.743 0 0
1500 36.2058 6.24308 18.0665 -0.331037 0.127166 410.766 0 0
1500 30.3057 4.55042 17.8469 -0.458624 0.0556059 410.139 0 0
1500 103.446 -20.3274 17.8948 0.722479 -0.294095 410.054 0 0
1500 56.1068 -52.337 17.8904 -0.0197041 -0.815231 410.564 0 0
1500 89.459 26.1651 18.065 0.501318 0.436395 410.888 0 0
1500 91.9113 41.7895 17.8519 0.532533 0.650774 410.602 0 0
1500 78.2545 53.0421 17.8406 0.355643 0.789079 410.628 0 0
1500 42.0997 60.8802 17.8797 -0.25974 0.941429 410.381 0 0
1500 61.5369 61.0474 17.8327 0.0650024 0.952385 411 0 0
1500 104.228 -45.0172 17.8525 0.730568 -0.704103 410.769 0 0
1500 123.564 18.0672 17.8506 1.02479 0.216991 409.915 0 0
1500 80.7124 -56.289 17.9271 0.314482 -0.891645 410.269 0 0
1500 121.8 15.2852 17.8722 0.998409 0.287837 410.322 0 0
1500 96.5951 47.2824 18.0007 0.666733 0.737561 410.089 0 0
1500 106.787 38.2196 17.9109 0.813777 0.592081 410.478 0 0
1500 70.7681 -43.4302 18.0884 0.280934 -0.711191 409.78 0 0
1500 74.7412 52.6303 17.9897 0.279286 0.86957 410.127 0 0
1500 114.111 -18.5501 18.0526 0.919957 -0.329615 411.14 0 0
1500 107.859 -7.21666 18.0589 0.837251 -0.162545 410.291 0 0
1500 91.8584 -40.3205 17.9355 0.555476 -0.683134 409.983 0 0
1500 40.4495 -147.978 17.8346 -0.296301 -2.30854 410.585 0 0
1500 91.0402 44.021 17.9127 0.580136 0.700823 410.557 0 0
1500 34.1164 29.4782 18.0183 -0.41404 0.46157 410.391 0 0
1500 8.99759 -19.69 18.031 -0.790115 -0.311166 410.942 0 0
1500 81.1841 49.0101 17.9272 0.43528 0.772558 410.827 0 0
1500 41.0067 -39.4789 17.9832 -0.315306 -0.624497 410.336 0 0
1500 99.0958 21.7922 17.863 0.680934 0.396067 410.397 0 0
1500 97.9406 14.3782 18.0848 0.725097 0.190375 409.859 0 0
1500 37.3874 16.3552 17.8438 -0.296813 0.329051 410.169 0 0
1500 53.4664 -12.7051 17.855 -0.141578 -0.231981 410.719 0 0
1500 74.2881 4.60657 17.8408 0.274304 -0.0034058 410.886 0 0
1500 88.5576 -34.9449 17.975 0.433507 -0.602423 410.907 0 0
1500 83.5171 -4.30481 17.8373 0.418237 -0.0766376 411.71 0 0
1500 118.228 -14.1759 17.797 0.91905 -0.156837 411.247 0 0
1500 93.941 -51.3186 17.8431 0.572635 -0.795153 411.336 0 0
1500 81.774 60.8132 17.873 0.395134 0.945783 411.684 0 0
1500 103.028 -46.9211 17.9268 0.707248 -0.764087 411.646 0 0
1500 95.0471 44.0479 17.9655 0.579906 0.73909 411.313 0 0
1500 110.483 -34.4636 18.0147 0.899548 -0.515334 411.313 0 0
1500 56.4824 -36.9544 17.9328 -0.0161434 -0.646607 411.326 0 0
1500 154.107 -0.891 17.8211 1.55978 -0.0316795 411.356 0 0
1500 68.8121 43.9018 17.8069 0.239567 0.688072 411.601 0 0
1500 -24.8902 -44.8496 18.2692 -1.49389 -0.844221 411.498 0 0
1500 118.037 28.5944 17.9134 0.928679 0.486106 411.769 0 0
1500 -8.66275 0.737908 17.8895 -1.04818 0.0134497 411.838 0 0
1500 84.1935 54.8759 17.9269 0.423242 0.896614 411.832 0 0
1500 81.4243 58.3519 17.859 0.421546 0.913119 411.874 0 0
1500 20.6945 -47.1402 17.8093 -0.601525 -0.779329 411.783 0 0
1500 27.2507 -36.1263 17.9274 -0.463503 -0.629387 411.785 0 0
1500 68.6504 9.75541 18.0719 0.234605 0.101336 412.226 0 0
1500 83.8236 25.6218 18.0332 0.403108 0.424427 412.415 0 0
1500 90.2504 22.3514 17.9206 0.521442 0.353448 411.953 0 0
1500 65.0654 -26.5942 17.8703 0.16069 -0.410419 413.318 0 0
1500 96.5739 -22.8553 17.8616 0.615073 -0.357084 412.841 0 0
1500 88.8535 50.1689 17.8787 0.490505 0.778203 412.779 0 0
1500 65.6363 52.5226 17.8836 0.156068 0.805184 413.367 0 0
1500 111.19 25.4343 17.9153 0.841904 0.383471 413.476 0 0
1500 -4.28919 52.7179 17.8449 -0.990456 0.778877 412.522 0 0
1500 122.077 -12.1637 17.9188 1.03051 -0.152563 412.472 0 0
1500 74.997 19.9925 18.3968 0.400623 0.330265 412.106 0 0
1500 -1.55626 -56.1921 17.8168 -0.880226 -0.907244 413.445 0 0
1500 97.3064 17.8803 18.298 0.682987 0.338203 412.545 0 0
1500 55.6272 40.3964 18.2148 -0.0356271 0.66873 412.834 0 0
1500 1.34686 7.14049 17.8327 -0.929487 0.0764575 412.658 0 0
1500 12.0531 -42.9282 17.8282 -0.757465 -0.676142 413.468 0 0
1500 100.262 -30.3078 17.8014 0.720136 -0.455932 412.124 0 0
1500 43.0334 -59.923 17.815 -0.207315 -0.97612 413.407 0 0
1500 37.574 -4.69739 18.2304 -0.327316 -0.0343068 412.611 0 0
1500 21.6436 -13.4143 17.8873 -0.614603 -0.156778 411.942 0 0
1500 104.235 32.9299 17.888 0.703765 0.575785 413.191 0 0
1500 78.3726 55.1806 17.8853 0.309263 0.9086 413.56 0 0
1500 52.1995 15.1019 18.0073 -0.136319 0.196332 412.666 0 0
1500 115.156 -0.801441 18.1761 0.987816 -0.074452 411.982 0 0
1500 76.3849 14.4272 18.1047 0.317588 0.298731 413.372 0 0
1500 60.1105 -35.2722 17.8776 -0.031187 -0.583418 413.204 0 0
1500 156.625 -78.4661 17.899 1.63304 -1.2347 412.885 0 0
1500 102.223 49.165 18.0111 0.80132 0.814401 411.988 0 0
1500 33.2133 18.0365 18.0934 -0.369788 0.360595 413.355 0 0
1500 39.2401 27.6256 17.8585 -0.370567 0.400972 413.421 0 0
1500 72.0223 75.122 18.1737 0.311717 1.33172 411.962 0 0
1500 74.6587 44.9925 18.0824 0.278413 0.85213 412.65 0 0
1500 158.157 179.103 18.174 1.81084 3.23398 413.41 0 0
1500 65.9146 -29.5235 17.8832 0.107528 -0.483687 413.803 0 0
1500 67.8254 42.6584 17.8892 0.185751 0.659637 413.921 0 0
1500 90.0884 -23.321 18.1502 0.514699 -0.386471 415.116 0 0
1500 84.9691 -46.2482 17.9375 0.421666 -0.723104 414.541 0 0
1500 120.218 0.806162 17.9225 0.975413 0.0384999 414.378 0 0
1500 102.539 -50.312 17.9138 0.66135 -0.81258 414.516 0 0
1500 68.0646 66.0664 17.7923 0.221288 1.00048 413.565 0 0
1500 116.035 -33.3971 17.7912 0.92424 -0.483512 414.796 0 0
1500 87.5546 -62.2528 17.7916 0.502985 -0.906029 415.001 0 0
1500 121.43 15.7178 17.7912 1.01515 0.243049 414.034 0 0
1500 24.128 -57.4432 17.8122 -0.485605 -0.925909 414.325 0 0
1500 100.137 51.6338 17.8805 0.625507 0.838359 414.877 0 0
1500 80.7277 61.5852 17.8806 0.338638 0.987273 414.771 0 0
1500 82.8543 -92.6726 17.8646 0.432813 -1.45353 413.6 0 0
1500 19.9753 54.411 17.8377 -0.618672 0.843594 415.347 0 0
1500 36.3011 56.7498 17.8415 -0.387628 0.899947 413.694 0 0
1500 18.7317 47.599 17.8403 -0.650759 0.759319 413.91 0 0
1500 -4.29469 -14.3268 17.8398 -0.995357 -0.172232 414.038 0 0
1500 -2.79579 -17.0446 17.8161 -0.980983 -0.287394 414.178 0 0
1500 16.2108 52.4245 17.8159 -0.695305 0.753914 414.235 0 0
1500 0.975653 -24.2195 17.8169 -0.927236 -0.396214 413.975 0 0
1500 59.6685 58.2595 18.0512 0.0178951 0.939116 414.376 0 0
1500 103.576 -38.2426 18.057 0.779246 -0.629695 413.798 0 0
1500 10.8672 -20.5867 17.8666 -0.782996 -0.350394 414.178 0 0
1500 70.4694 -49.1569 17.8692 0.128059 -0.790133 413.906 0 0
1500 94.6733 -20.4985 17.8715 0.645473 -0.328925 414.13 0 0
1500 16.9368 -13.2778 17.9485 -0.691127 -0.191147 414.462 0 0
1500 27.6972 -47.7977 17.9412 -0.519068 -0.737014 415.316 0 0
1500 38.6205 32.4429 17.8671 -0.272461 0.575809 414.007 0 0
1500 76.0198 15.0241 17.8731 0.308648 0.308199 413.572 0 0
1500 90.3307 33.5417 17.9731 0.526091 0.586838 414.975 0 0
1500 64.8258 -39.7312 17.9812 0.0718923 -0.666616 414.596 0 0
1500 36.0804 -40.9306 17.8264 -0.368244 -0.700863 414.463 0 0
1500 59.8036 10.921 18.1103 0.000747747 0.208252 415.449 0 0
1500 88.9382 10.633 17.8273 0.52602 0.103214 413.883 0 0
1500 32.3556 -31.223 17.8234 -0.354032 -0.54652 414.17 0 0
1500 19.4634 11.1877 17.8434 -0.623506 0.248224 414.517 0 0
1500 70.8621 24.4326 17.8438 0.122148 0.3855 414.356 0 0
1500 37.783 -18.3233 17.8418 -0.393957 -0.282063 414.491 0 0
1500 -51.0622 -79.3281 17.8191 -1.67578 -1.30535 414.871 0 0
1500 53.4246 -7.58874 17.9274 -0.117943 -0.171875 415.079 0 0
1500 93.8315 22.7378 18.0241 0.66361 0.341022 414.486 0 0
1500 131.854 13.1707 17.9108 1.25968 0.267921 413.786 0 0
1500 57.3779 39.8188 18.566 0.0458292 0.735698 414.453 0 0
1500 82.2763 -2.6544 18.5346 0.438859 -0.0982402 415.636 0 0
1500 97.013 -8.72807 18.0675 0.621851 -0.171215 415.768 0 0
1500 53.4844 -16.4124 17.9546 -0.0249954 -0.293143 416.028 0 0
1500 6.12077 -10.7682 17.8183 -0.775562 -0.216663 415.727 0 0
1500 105.26 47.7373 17.8811 0.692458 0.77075 415.746 0 0
1500 3.41441 36.7725 17.8383 -0.858216 0.580804 415.695 0 0
1500 32.8685 61.739 17.8381 -0.427177 0.948028 415.598 0 0
1500 -7.18048 -8.27995 17.8154 -1.02351 -0.152472 415.691 0 0
1500 116.679 25.0422 17.8498 0.907319 0.447059 416.054 0 0
1500 101.798 -48.0721 17.8153 0.628352 -0.792281 415.979 0 0
1500 20.5105 -43.7672 17.8991 -0.628812 -0.689882 415.862 0 0
1500 109.943 -18.2649 17.9248 0.845067 -0.337468 416.027 0 0
1500 88.8273 -29.4461 18.1163 0.52333 -0.520829 415.923 0 0
1500 131.512 93.9731 17.8553 1.22554 1.45257 416.005 0 0
1500 111.941 -29.4059 18.2559 1.02796 -0.465334 415.942 0 0
1500 42.4725 -33.913 18.0951 -0.299668 -0.669897 415.886 0 0
1500 20.3938 -19.8734 17.8241 -0.567481 -0.343821 416.282 0 0
1500 41.2264 40.0902 17.8368 -0.21465 0.633928 416.803 0 0
1500 69.4487 -49.5289 17.8962 0.19286 -0.770209 416.61 0 0
1500 49.691 -51.2863 17.8959 -0.0876176 -0.795482 416.581 0 0
1500 13.6046 20.6671 17.9117 -0.669802 0.341471 416.872 0 0
1500 63.8618 -10.6902 17.9429 0.0880616 -0.21805 418.366 0 0
1500 107.505 -20.2634 17.9944 0.775357 -0.333057 417.428 0 0
1500 21.7643 10.5994 17.9295 -0.558133 0.134996 419.684 0 0
1500 112.22 23.9883 17.798 0.848787 0.354183 416.333 0 0
1500 78.4981 17.2285 17.8165 0.353733 0.250337 418.115 0 0
1500 63.134 24.1853 17.8178 0.137674 0.347597 418.214 0 0
1500 112.203 25.1017 17.7977 0.849139 0.370487 416.284 0 0
1500 92.6904 -43.8303 17.8021 0.56326 -0.618668 416.836 0 0
1500 74.497 -13.7564 17.8393 0.248161 -0.260322 418.45 0 0
1500 77.0145 7.69943 17.8181 0.332451 0.113782 418.421 0 0
1500 57.638 16.3194 18.2315 -0.0181693 0.257259 420.242 0 0
1500 40.9927 54.686 17.877 -0.291481 0.828602 417.237 0 0
1500 46.5482 12.5013 17.9087 -0.158192 0.243791 419.066 0 0
1500 87.5797 49.6203 17.889 0.424458 0.780762 417.281 0 0
1500 47.2231 60.975 17.8852 -0.153795 0.950624 416.728 0 0
1500 64.2359 41.7239 17.9551 0.0937791 0.656158 418.568 0 0
1500 70.2801 54.6259 17.9464 0.180953 0.847934 417.69 0 0
1500 13.1418 40.6917 17.8434 -0.703737 0.627603 416.851 0 0
1500 23.5505 0.111614 17.8369 -0.550001 -0.0282309 418.52 0 0
1500 51.7029 28.2528 18.0697 -0.0939536 0.452442 419.779 0 0
1500 46.9826 3.07765 18.0746 -0.158646 0.102672 420.139 0 0
1500 114.524 23.2646 17.9991 0.887763 0.406856 416.363 0 0
1500 119.209 -25.8999 17.8509 0.9129 -0.447845 417.04 0 0
1500 61.9003 -41.6177 17.8676 0.0757017 -0.655927 419.224 0 0
1500 20.1405 11.4327 17.8769 -0.591033 0.127873 419.749 0 0
1500 76.8577 -18.8991 17.8926 0.294832 -0.325579 420.905 0 0
1500 76.7803 -18.5552 17.87 0.269659 -0.329843 420.456 0 0
1500 40.0722 -62.663 17.8448 -0.259903 -1.00723 416.237 0 0
1500 67.9432 -23.969 17.8813 0.199819 -0.376708 420.591 0 0
1500 76.8923 10.9726 18.1037 0.360935 0.142495 421.585 0 0
1500 20.7155 -32.0492 17.8843 -0.58981 -0.476858 419.881 0 0
1500 84.0544 57.7972 17.8509 0.403642 0.906964 418.379 0 0
1500 65.0422 42.2145 17.8657 0.124659 0.663488 420.199 0 0
1500 49.5888 20.366 17.8748 -0.0927209 0.35123 420.921 0 0
1500 114.842 33.8064 17.8491 0.855423 0.562586 417.949 0 0
1500 74.7054 -21.3835 17.9892 0.202586 -0.34871 421.351 0 0
1500 56.4117 -63.7374 17.9655 -0.0556872 -1.00593 416.494 0 0
1500 49.4161 -40.9848 17.8317 -0.149877 -0.645055 420.17 0 0
1500 64.3092 66.3091 17.8004 0.139037 1.02902 417.596 0 0
1500 36.3617 -53.4786 17.8143 -0.269656 -0.823827 419.485 0 0
1500 45.7563 5.30604 17.9469 -0.218126 0.107644 422.282 0 0
1500 74.015 5.59553 18.4322 0.323569 0.134137 423.577 0 0
1500 112.45 -5.08772 17.9687 0.915845 -0.0843626 416.23 0 0
1500 111.741 0.154213 17.8957 0.837133 -0.0281969 420.393 0 0
1500 107.451 -43.0049 17.8846 0.806331 -0.667678 417.755 0 0
1500 106.519 44.7184 17.8391 0.75506 0.726968 417.88 0 0
1500 8.92358 -41.3877 17.8211 -0.785343 -0.597136 419.281 0 0
1500 104.818 -15.807 17.9222 0.701292 -0.288288 421.094 0 0
1500 123.646 -0.841733 17.9348 1.04402 -0.0369288 419.137 0 0
1500 72.7989 2.00914 18.193 0.320597 0.0915149 416.151 0 0
1500 31.0888 -59.2963 17.8988 -0.444791 -0.933237 418.208 0 0
1500 60.7171 -40.2733 17.9215 0.0971298 -0.616251 422.254 0 0
1500 85.6316 -32.5758 17.9171 0.48872 -0.555088 416.226 0 0
1500 77.8488 -32.6463 18.1935 0.349715 -0.519378 422.851 0 0
1500 71.1617 53.6086 17.8038 0.259955 0.862445 416.68 0 0
1500 124.105 0.558525 17.796 1.04254 0.0509152 418.315 0 0
1500 41.0325 77.1497 17.9056 -0.270871 1.22168 418.155 0 0
1500 116.316 -28.6866 18.0582 0.956984 -0.480537 418.503 0 0
1500 79.4336 31.0362 17.9519 0.335949 0.554349 416.691 0 0
1500 110.521 -27.3817 17.9884 0.823245 -0.500004 416.478 0 0
1500 40.9591 7.54806 18.0698 -0.264767 0.187087 416.706 0 0
1500 115.369 -22.8314 17.8862 0.933165 -0.379056 418.97 0 0
1500 45.5741 -43.3271 17.8917 -0.209222 -0.67018 423.052 0 0
1500 39.3247 -43.0649 17.8905 -0.297951 -0.667485 422.945 0 0
1500 0.445512 16.8752 17.987 -0.912563 0.283049 419.051 0 0
1500 55.3559 57.7204 17.8767 0.00276169 0.940555 418.608 0 0
1500 91.2152 -43.9326 17.8132 0.486037 -0.699214 422.489 0 0
1500 115.614 -28.1358 17.807 0.845586 -0.478925 421.638 0 0
1500 122.822 10.6246 17.8926 1.03104 0.178396 420.851 0 0
1500 20.2002 8.12532 18.0218 -0.617478 0.0787972 417.952 0 0
1500 17.4726 -39.3167 18.0096 -0.647686 -0.638079 419.126 0 0
1500 50.1454 -23.975 18.002 -0.158923 -0.344628 424.799 0 0
1500 80.3212 -24.0212 17.9364 0.359593 -0.396413 424.687 0 0
1500 50.3842 -63.981 17.8132 -0.168654 -0.975093 422.239 0 0
1500 73.2392 -54.9202 17.8178 0.171544 -0.886166 418.924 0 0
1500 110.508 13.7163 18.1844 0.902643 0.187017 420.474 0 0
1500 81.4288 -19.9471 18.1986 0.478786 -0.321581 419.102 0 0
1500 -24.2488 95.6112 17.7952 -1.19828 1.46713 421.988 0 0
1500 -50.0981 9.7869 17.8117 -1.7081 0.118495 419.532 0 0
1500 85.1367 60.6315 17.7997 0.486902 0.929797 418.893 0 0
1500 85.424 -21.3584 17.9897 0.399931 -0.341065 429.37 0 0
1500 165.064 96.5114 17.862 1.76425 1.60628 416.209 0 0
1500 41.6155 -0.386939 17.9391 -0.249424 0.0562982 425.696 0 0
1500 75.8425 42.4507 17.9248 0.249881 0.718739 419.053 0 0
1500 -7.29162 3.09643 17.9318 -1.03055 0.0450274 421.272 0 0
1500 63.4832 7.81773 17.9246 0.141579 0.0682391 425.91 0 0
1500 80.7049 -12.1526 18.2592 0.461723 -0.230918 419.841 0 0
1500 22.2576 43.3369 17.8191 -0.570225 0.731437 419.794 0 0
1500 111.602 -37.9037 17.8095 0.860717 -0.52013 420.547 0 0
1500 108.644 -13.3563 17.8178 0.831173 -0.153238 419.349 0 0
1500 106.036 37.1608 17.8104 0.778964 0.611879 420.371 0 0
1500 65.7408 42.3607 17.8317 0.183943 0.710101 417.826 0 0
1500 112.857 -37.5266 17.9101 0.830662 -0.617992 422.968 0 0
1500 -45.7022 -0.66649 17.8971 -1.65867 0.0177495 419.471 0 0
1500 90.9153 12.1637 17.8292 0.472859 0.257715 418.866 0 0
1500 66.2827 64.3693 17.8389 0.168355 0.992486 423.43 0 0
1500 71.1892 64.2103 17.838 0.240534 0.993516 423.199 0 0
1500 41.9778 41.4184 17.9316 -0.286856 0.72136 418.048 0 0
1500 33.639 41.2037 17.9392 -0.340438 0.704523 420.189 0 0
1500 14.4636 34.6653 17.9377 -0.720904 0.510098 420.703 0 0
1500 34.1749 -43.2797 17.9084 -0.430198 -0.675786 420.279 0 0
1500 48.719 -17.0969 17.9235 -0.189046 -0.250476 426.693 0 0
1500 69.4625 -31.321 17.919 0.111348 -0.499372 419.414 0 0
1500 26.2249 -32.9088 17.9102 -0.553342 -0.518439 420.106 0 0
1500 50.3335 -28.7029 17.9207 -0.167024 -0.413412 426.487 0 0
1500 40.3798 -36.131 17.914 -0.337783 -0.570684 419.786 0 0
1500 20.1878 -53.1947 17.8971 -0.628385 -0.807132 421.931 0 0
1500 0.0169774 31.2022 17.8446 -0.901348 0.551659 420.369 0 0
1500 57.751 53.5142 17.8903 -0.0200674 0.886514 420.691 0 0
1500 82.691 -19.0579 17.8613 0.337759 -0.336818 426.258 0 0
1500 98.3693 -5.36926 18.0787 0.73252 -0.151738 416.72 0 0
1500 68.341 10.1579 17.8991 0.201174 0.102396 428.894 0 0
1500 90.9287 36.1108 17.9528 0.59403 0.557267 421.215 0 0
1500 106.184 -43.5297 17.9166 0.830241 -0.658437 420.425 0 0
1500 80.0502 -28.1554 18.0912 0.42924 -0.479186 421.296 0 0
1500 124.669 -32.1907 17.9015 1.1506 -0.575116 417.189 0 0
1500 103.935 -9.64865 17.8919 0.726696 -0.147968 426.518 0 0
1500 78.7863 -42.2012 18.1162 0.401045 -0.695668 422.011 0 0
1500 81.5838 -13.8861 18.1264 0.449099 -0.271002 421.164 0 0
1500 73.8654 -7.94932 18.1308 0.297935 -0.162142 428.383 0 0
1500 22.2998 -34.4672 17.8726 -0.524969 -0.554727 426.524 0 0
1500 36.71 -54.4328 17.842 -0.282537 -0.849133 425.639 0 0
1500 111.49 -7.17883 17.8436 0.842294 -0.18271 421.312 0 0
1500 105.417 47.1972 17.8345 0.776228 0.704535 423.689 0 0
1500 52.3589 -53.1232 17.9233 -0.056828 -0.82451 426.488 0 0
1500 83.8456 -7.51083 17.9374 0.383598 -0.173568 427.736 0 0
1500 85.4962 -40.4316 17.9261 0.412129 -0.641572 426.781 0 0
1500 46.7808 -7.85715 18.0293 -0.222137 -0.148763 420.726 0 0
1500 23.7494 15.5284 18.0209 -0.573921 0.211788 421.31 0 0
1500 57.3939 24.242 17.9558 -0.0659656 0.344291 419.8 0 0
1500 67.2943 0.541909 17.97 0.213296 0.00402842 428.239 0 0
1500 86.3166 34.9043 18.0256 0.475349 0.533703 427.629 0 0
1500 78.1984 -4.12564 18.144 0.361971 -0.144389 419.539 0 0
1500 124.763 -3.0034 17.8242 1.03412 -0.0936214 424.633 0 0
1500 77.5147 -28.7084 17.8439 0.36013 -0.497897 420.941 0 0
1500 115.73 -27.724 17.8312 0.926447 -0.454837 423.716 0 0
1500 111.041 -23.6858 17.8746 0.878929 -0.383394 422.982 0 0
1500 -53.2146 57.5313 17.85 -1.75767 0.858432 422.798 0 0
1500 75.2638 -18.9254 17.9275 0.235729 -0.358582 421.489 0 0
1500 34.5363 -26.5555 17.922 -0.394782 -0.474263 421.881 0 0
1500 75.9586 -51.184 17.9112 0.241351 -0.841836 422.869 0 0
1500 74.4888 -29.4481 17.9237 0.222765 -0.519962 421.755 0 0
1500 34.0345 6.91979 17.928 -0.405201 0.0430842 421.455 0 0
1500 64.6461 -23.7017 17.9273 0.070709 -0.432704 421.504 0 0
1500 -55.9179 -84.887 17.7931 -1.76851 -1.26803 424.597 0 0
1500 67.9537 -12.1621 18.0371 0.252193 -0.215073 421.907 0 0
1500 94.3684 100.657 17.8508 0.567231 1.61964 422.679 0 0
1500 49.4526 -22.139 18.0643 -0.143783 -0.352622 429.69 0 0
1500 77.102 -62.4621 17.9425 0.322534 -0.973225 426.571 0 0
1500 115.718 -37.2675 17.8167 0.915492 -0.509972 425.293 0 0
1500 56.2348 19.4248 17.844 0.0355315 0.348796 421.752 0 0
1500 120.72 -22.0027 17.8173 0.996757 -0.285711 424.812 0 0
1500 77.3975 10.9089 17.8424 0.366046 0.215199 421.858 0 0
1500 26.6331 -52.9692 17.8085 -0.498081 -0.826079 426.976 0 0
1500 106.669 40.5671 18.3979 0.911883 0.771535 416.539 0 0
1500 149.927 7.43129 17.9632 1.4987 0.0889601 423.13 0 0
1500 104.223 -42.2779 17.9591 0.774435 -0.659591 425.171 0 0
1500 52.2744 -85.9885 18.0993 -0.142076 -1.47452 418.306 0 0
1500 78.8836 -25.9221 18.2584 0.33169 -0.457061 424.019 0 0
1500 39.5359 10.4588 17.8389 -0.36828 0.163226 422.189 0 0
1500 22.967 25.9163 17.8772 -0.611119 0.403876 423.199 0 0
1500 28.3382 -6.70412 17.8855 -0.481076 -0.0896149 429.589 0 0
1500 6.78578 -27.6128 17.8674 -0.846434 -0.413627 424.262 0 0
1500 31.2585 -0.35928 17.8855 -0.488272 -0.000738336 422.557 0 0
1500 -3.78082 -16.8664 17.8629 -0.993404 -0.247543 425.134 0 0
1500 53.7581 -18.4408 17.8894 -0.138907 -0.283088 422.298 0 0
1500 87.669 -58.5274 17.9166 0.493561 -0.906383 426.932 0 0
1500 77.2943 -6.56975 18.1364 0.375898 -0.0354131 423.522 0 0
1500 96.6031 43.6115 18.1146 0.65182 0.713076 425.604 0 0
1500 103.858 15.6687 18.1215 0.769912 0.300825 424.729 0 0
1500 84.7094 -24.5458 18.0425 0.486916 -0.433367 423.872 0 0
1500 32.7837 10.4126 17.9764 -0.398108 0.139372 432.522 0 0
1500 98.8887 -49.4233 17.9828 0.657317 -0.798897 426.151 0 0
1500 70.5683 -34.3474 18.0009 0.246871 -0.597087 423.731 0 0
1500 19.3743 -61.2522 17.8413 -0.648081 -0.9137 425.799 0 0
1500 97.5933 33.4598 18.0366 0.618178 0.58175 424.932 0 0
1500 93.9436 49.2614 18.0298 0.555243 0.80976 425.846 0 0
1500 9.3055 25.9519 17.8639 -0.745887 0.416746 428.977 0 0
1500 22.111 -9.79022 17.8755 -0.55437 -0.0921446 430.074 0 0
1500 86.2724 19.2356 17.8768 0.384382 0.349311 423.271 0 0
1500 97.7848 -37.3084 17.9542 0.62108 -0.588497 429.436 0 0
1500 37.9292 38.4506 18.066 -0.334627 0.633958 424.708 0 0
1500 118.166 -23.5819 17.9791 1.03411 -0.323882 421.794 0 0
1500 59.5873 36.5299 18.4251 0.0226654 0.618757 421.409 0 0
1500 103.737 42.2564 17.8676 0.760287 0.663753 425.843 0 0
1500 46.0819 -27.5146 18.1641 -0.18104 -0.422469 431.42 0 0
1500 52.814 -18.2346 18.1668 -0.0970856 -0.324973 424.531 0 0
1500 125.352 -7.31108 17.8227 1.0385 -0.0428268 426.44 0 0
1500 104.237 -40.2758 17.9472 0.741045 -0.61518 429.077 0 0
1500 110.631 -37.4283 17.9439 0.841291 -0.580072 428.382 0 0
1500 106.989 -25.3677 17.9519 0.77313 -0.397215 429.748 0 0
1500 89.3774 -37.0709 18.0046 0.477802 -0.63707 425.177 0 0
1500 51.8226 -43.5715 17.9398 -0.151721 -0.722993 423.578 0 0
1500 74.1598 2.41865 17.9079 0.322591 -0.00859263 423.835 0 0
1500 119.363 8.09582 17.9015 0.99458 0.157458 426.619 0 0
1500 59.7555 20.9165 18.0051 0.0912733 0.323267 434.014 0 0
1500 93.5806 35.6441 17.833 0.619814 0.514137 423.732 0 0
1500 75.6827 4.28298 17.8926 0.345638 0.0221615 424.203 0 0
1500 59.8256 -4.32356 17.9374 0.0551749 -0.144026 424.249 0 0
1500 67.3009 -44.1967 17.8743 0.218469 -0.711147 425.211 0 0
1500 51.1729 -42.7901 17.9578 -0.0833698 -0.704078 428.387 0 0
1500 15.1898 -30.743 17.8094 -0.686203 -0.541849 425.893 0 0
1500 121.137 18.4361 17.8174 0.991026 0.327487 427.749 0 0
1500 123.469 -12.7282 17.8177 1.02867 -0.136743 427.557 0 0
1500 39.8205 -1.01239 18.1271 -0.388924 0.0318545 417.346 0 0
1500 -63.2197 40.2324 17.8967 -1.92977 0.684175 424.905 0 0
1500 90.5262 -50.9701 17.88 0.528062 -0.780674 430.259 0 0
1500 84.14 -4.61767 17.8982 0.471408 -0.12327 425.068 0 0
1500 66.3023 -47.5748 17.8933 0.189666 -0.821996 423.062 0 0
1500 99.3902 -14.448 17.899 0.698736 -0.275936 426.031 0 0
1500 36.8276 40.1458 18.0356 -0.367247 0.753233 420.672 0 0
1500 22.6886 39.2804 17.8507 -0.596626 0.646451 426.519 0 0
1500 73.391 15.9175 17.869 0.181399 0.296763 425.001 0 0
1500 32.1699 40.566 17.8567 -0.420068 0.619123 431.488 0 0
1500 11.2134 43.3157 17.8446 -0.733921 0.673322 429.898 0 0
1500 43.4851 -86.3603 17.9973 -0.257816 -1.4264 424.493 0 0
1500 1.05695 10.8067 17.8638 -0.914757 0.245314 425.164 0 0
1500 70.0709 40.0403 17.8919 0.232522 0.60674 432.91 0 0
1500 84.5662 -6.80808 17.8971 0.481759 -0.0589791 426.288 0 0
1500 15.9993 35.489 17.8697 -0.733362 0.515186 424.479 0 0
1500 125.664 20.9174 17.9311 1.10453 0.315247 428.657 0 0
1500 84.3481 40.6188 17.8736 0.444086 0.600774 432.766 0 0
1500 82.1498 36.313 17.8157 0.341447 0.585258 432.93 0 0
1500 125.032 18.0077 17.798 0.987208 0.339045 430.197 0 0
1500 75.0986 62.2859 17.8235 0.254342 0.980614 431.008 0 0
1500 120.89 -19.5764 17.7977 1.00269 -0.304801 429.927 0 0
1500 64.3969 12.4619 18.4045 0.104405 0.222876 428.551 0 0
1500 23.3562 38.9018 18.1237 -0.56554 0.718843 423.776 0 0
1500 82.0641 25.9824 18.3275 0.450294 0.463537 429.419 0 0
1500 5.2278 -22.8419 17.9113 -0.843125 -0.384414 429.806 0 0
1500 86.8908 5.83481 17.8681 0.517688 0.0486881 427.677 0 0
1500 97.2002 -24.3271 18.0999 0.615874 -0.44348 429.41 0 0
1500 88.1119 -62.4412 17.9264 0.553596 -0.991653 428.03 0 0
1500 41.3528 -12.3338 17.8926 -0.256627 -0.235691 436.113 0 0
1500 90.9359 -24.8184 18.1617 0.554027 -0.38609 436.433 0 0
1500 72.4934 -20.9924 18.0061 0.282185 -0.392238 429.386 0 0
1500 81.7447 -47.7564 17.8088 0.343926 -0.749967 434.977 0 0
1500 57.6008 -29.7541 18.3234 -0.00428876 -0.493277 430.684 0 0
1500 116.384 38.1609 17.8394 0.897203 0.649333 431.094 0 0
1500 118.161 -14.0251 17.8236 0.940652 -0.192675 434.112 0 0
1500 72.438 -43.9969 17.8993 0.305753 -0.688827 430.326 0 0
1500 87.7391 -8.91161 18.4098 0.582604 -0.179734 431.863 0 0
1500 40.1189 11.7756 18.2657 -0.277779 0.2248 430.947 0 0
1500 122.157 -6.97834 17.8067 1.00622 -0.105629 434.305 0 0
1500 102.944 -49.5586 17.8047 0.739699 -0.740452 433.033 0 0
1500 65.4664 -19.7504 18.0795 0.15324 -0.338998 438.079 0 0
1500 137.884 -2.38012 18.0055 1.36482 0.0110954 427.993 0 0
1500 88.777 -34.5433 18.0766 0.537615 -0.588936 431.826 0 0
1500 60.492 65.9771 17.84 0.0585415 1.04665 433.847 0 0
1500 55.4048 62.6657 17.8785 0.0161944 0.998728 432.879 0 0
1500 94.9857 -7.09267 17.9676 0.602126 -0.184575 431.289 0 0
1500 79.2316 61.2891 17.8901 0.326354 0.962862 435.223 0 0
1500 43.5779 63.0206 17.8908 -0.191355 0.98547 435.402 0 0
1500 54.0896 9.4063 18.308 -0.0109283 0.21876 432.033 0 0
1500 94.4436 -36.6786 18.0053 0.566566 -0.581937 437.444 0 0
1500 74.6041 -60.6591 17.995 0.301374 -0.969269 433.899 0 0
1500 56.7717 35.7658 17.8284 0.0401152 0.603472 431.212 0 0
1500 56.1463 53.8692 17.8202 0.0279132 0.812511 436.936 0 0
1500 81.8615 11.0675 17.8321 0.431761 0.220582 430.948 0 0
1500 70.0791 39.0519 17.9472 0.159254 0.614598 438.207 0 0
1500 55.7239 -32.8963 18.257 -0.0480651 -0.629378 426.194 0 0
1500 44.1631 -3.99833 17.9291 -0.28097 -0.0795165 431.457 0 0
1500 -4.14012 10.7893 17.9033 -0.993806 0.145113 434.038 0 0
1500 99.8601 -17.225 17.9442 0.730795 -0.253276 432.841 0 0
1500 10.2674 36.4792 17.8775 -0.749777 0.535565 437.452 0 0
1500 -1.8897 -11.7708 17.8765 -0.926026 -0.157181 437.318 0 0
1500 43.7903 -27.2665 18.0612 -0.216585 -0.430956 439.944 0 0
1500 55.6268 48.7649 17.8266 -0.0631668 0.758786 438.327 0 0
1500 76.8433 24.8235 17.8291 0.286302 0.46433 432.754 0 0
1500 17.6677 46.8513 17.812 -0.58958 0.74927 437.735 0 0
1500 34.2166 61.4026 17.8072 -0.356206 0.975486 436.607 0 0
1500 29.4921 40.9451 17.8207 -0.412331 0.653837 438.801 0 0
1500 103.239 49.8746 17.807 0.659084 0.807546 436.486 0 0
1500 10.3188 23.2291 17.8197 -0.686214 0.40224 438.701 0 0
1500 79.7346 6.29579 17.8223 0.411292 0.120135 432.597 0 0
1500 73.5002 -27.8133 18.2067 0.252678 -0.544558 427.929 0 0
1500 67.9367 -42.5383 18.0961 0.185209 -0.685081 438.185 0 0
1500 73.9523 -3.65175 18.1073 0.285201 -0.130462 434.962 0 0
1500 73.2525 -19.2155 18.105 0.256068 -0.341095 439.753 0 0
1500 103.318 26.7605 17.9979 0.719261 0.480522 434.894 0 0
1500 46.8049 47.7049 17.8892 -0.170794 0.738798 440.065 0 0
1500 127.013 -12.9348 17.9627 1.11673 -0.234507 435.689 0 0
1500 95.0281 26.5916 18.0272 0.55461 0.473187 434.694 0 0
1500 80.6978 -8.33236 18.2232 0.350674 -0.182828 442.03 0 0
1500 72.0122 33.6736 18.0375 0.194161 0.534497 441.215 0 0
1500 75.2596 21.7808 18.0411 0.238482 0.367237 441.501 0 0
1500 62.6268 21.6242 17.9071 0.00598685 0.353363 434.502 0 0
1500 112.598 -9.09413 17.8384 0.907725 -0.142729 435.614 0 0
1500 83.9404 39.3657 17.8456 0.477254 0.601599 434.848 0 0
1500 98.9073 -10.4509 17.8496 0.649778 -0.151778 440.635 0 0
1500 123.8 -1.39336 17.8313 1.04799 -0.0248458 437.506 0 0
1500 5.13658 -26.9391 17.8807 -0.858897 -0.439597 436.708 0 0
1500 13.5951 -50.2945 17.85 -0.725476 -0.756678 438.746 0 0
1500 16.5615 -53.0993 17.85 -0.680654 -0.796983 438.843 0 0
1500 0.317509 -27.0668 17.8533 -0.903932 -0.405417 440.076 0 0
1500 61.4132 -28.3086 17.8749 -0.0197734 -0.455057 435.279 0 0
1500 16.6371 30.7657 17.861 -0.704658 0.456988 436.428 0 0
1500 69.9243 -30.5346 17.9717 0.199147 -0.494445 442.796 0 0
1500 0.172292 -32.6864 17.8548 -0.873732 -0.542501 439.835 0 0
1500 36.11 -59.6805 17.8569 -0.346213 -0.929654 440.357 0 0
1500 52.4248 -37.2858 17.8724 -0.11708 -0.645532 436.032 0 0
1500 62.1684 -65.7573 17.855 0.0316999 -1.02456 439.898 0 0
1500 28.0519 -22.1584 17.8729 -0.494261 -0.411831 435.995 0 0
1500 107.039 -9.48004 17.9049 0.831191 -0.165051 437.101 0 0
1500 68.0937 6.60326 18.0223 0.112451 0.140703 436 0 0
1500 93.0207 21.7518 18.0737 0.641108 0.336771 437.395 0 0
1500 102.729 15.3777 18.0696 0.784426 0.238304 437.776 0 0
1500 15.6788 -16.626 17.8141 -0.703298 -0.313461 437.017 0 0
1500 98.8195 -51.1258 17.8031 0.558427 -0.820675 438.824 0 0
1500 74.7171 -40.2017 17.8167 0.204428 -0.678183 436.773 0 0
1500 107.329 -42.1797 17.8721 0.80639 -0.658612 439.597 0 0
1500 117.272 -7.9218 17.878 0.922736 -0.144677 441.886 0 0
1500 12.038 5.91424 17.8861 -0.721876 0.13675 440.303 0 0
1500 46.0698 -0.887585 18.0203 -0.221722 0.037168 436.777 0 0
1500 90.9625 30.6973 17.8154 0.540222 0.542265 437.729 0 0
1500 122.791 18.9832 17.8011 0.988825 0.34675 440.504 0 0
1500 47.1357 10.6999 17.8302 -0.123153 0.212116 444.365 0 0
1500 80.6604 -44.8616 17.9624 0.4444 -0.809548 432.379 0 0
1500 70.6334 42.4678 18.0764 0.268721 0.707165 438.771 0 0
1500 78.1978 42.2568 18.0745 0.382689 0.702099 438.946 0 0
1500 76.2187 13.8273 17.866 0.264982 0.263014 444.597 0 0
1500 107.086 11.5306 17.9842 0.85648 0.141752 438.335 0 0
1500 72.6683 18.8081 17.9533 0.183998 0.343681 439.139 0 0
1500 88.7598 -47.362 18.1957 0.572591 -0.806416 438.831 0 0
1500 60.0739 52.5831 17.8234 -0.00950122 0.869737 440.599 0 0
1500 83.7675 34.13 17.8312 0.357007 0.594087 439.865 0 0
1500 1.29835 8.81109 17.8233 -0.851085 0.187359 445.027 0 0
1500 77.9678 28.9053 17.8369 0.243043 0.466726 446.307 0 0
1500 35.4623 3.14714 17.8399 -0.394343 0.115833 439.224 0 0
1500 130.959 -34.3404 17.9103 1.24147 -0.551626 438.51 0 0
1500 -10.0773 15.2269 17.9055 -1.16215 0.240383 438.443 0 0
1500 81.4969 -66.0274 18.0266 0.469454 -1.12326 436.865 0 0
1500 110.889 -22.5072 17.8307 0.805779 -0.376815 445.761 0 0
1500 27.4855 -24.2778 17.8578 -0.504405 -0.44455 441.334 0 0
1500 56.8115 -31.4366 17.8617 -0.0511076 -0.557811 441.038 0 0
1500 16.3341 -54.0836 17.7926 -0.688927 -0.76604 443.836 0 0
1500 109.6 34.9733 17.9952 0.859006 0.545846 444.705 0 0
1500 64.5485 6.68477 18.0227 0.176408 0.116792 449.655 0 0
1500 90.4836 10.7096 17.8589 0.519929 0.116933 448.686 0 0
1500 82.718 -14.7492 17.8605 0.410041 -0.240521 448.811 0 0
1500 64.6979 -60.9799 17.8403 0.169295 -0.957813 443.71 0 0
1500 83.0342 -72.4118 17.8927 0.375258 -1.22184 440.791 0 0
1500 19.8407 -20.7625 17.9555 -0.579577 -0.332386 449.098 0 0
1500 126.029 -29.6253 18.0354 1.19509 -0.532086 439.348 0 0
1500 69.7881 13.6943 18.0951 0.26697 0.268085 443.14 0 0
1500 63.0159 -35.8954 18.1301 0.127259 -0.622666 444.003 0 0
1500 58.0417 33.5657 17.9964 -0.0559871 0.516601 443.727 0 0
1500 3.61211 -10.4484 17.9817 -0.878352 -0.159562 445.04 0 0
1500 126.852 -6.32596 17.9693 1.23323 -0.142918 438.973 0 0
1500 43.2362 -40.34 17.9551 -0.321201 -0.667686 440.256 0 0
1500 170.959 -22.8232 17.8076 1.73647 -0.308232 447.202 0 0
1500 25.8058 -11.8153 17.9596 -0.512035 -0.187299 450.306 0 0
1500 -9.12677 -42.3167 17.9137 -1.08539 -0.755992 443.747 0 0
1500 82.6709 -45.6759 17.892 0.438792 -0.749069 446.953 0 0
1500 119.558 -23.7517 17.8828 0.962298 -0.398887 449.591 0 0
1500 95.5392 -47.4116 17.8565 0.615853 -0.773503 447.754 0 0
1500 94.6083 -54.0261 17.9356 0.572082 -0.853298 450.481 0 0
1500 32.377 45.8683 18.068 -0.406311 0.769828 447.567 0 0
1500 60.7962 -67.041 17.8829 0.0954784 -1.04151 450.725 0 0
1500 35.5473 -59.626 17.8178 -0.295467 -0.959135 449.274 0 0
1500 74.9761 47.395 17.8311 0.336988 0.722844 448.284 0 0
1500 83.9468 -17.2516 17.8403 0.480559 -0.274473 447.523 0 0
1500 107.572 -6.80258 17.829 0.835564 -0.110228 448.492 0 0
1500 104.823 7.37483 17.8335 0.734959 0.099199 453.682 0 0
1500 123.826 19.2374 17.8106 0.980152 0.360694 451.438 0 0
1500 90.8487 -14.5158 17.901 0.479936 -0.293163 449.144 0 0
1500 57.8507 -71.2128 17.8869 0.0702746 -1.15251 448.609 0 0
1500 51.7518 14.2672 18.1832 -0.116696 0.172661 447.524 0 0
1500 57.8486 49.0556 17.9879 0.0516774 0.814903 450.74 0 0
1500 26.3702 -35.6353 17.9827 -0.536567 -0.687709 444.949 0 0
1500 51.3045 -81.5655 17.8124 -0.14609 -1.24903 455.605 0 0
1500 74.263 -79.3491 17.9513 0.267242 -1.32895 450.749 0 0
1500 79.0357 -3.42803 17.9058 0.410065 -0.0274669 451.859 0 0
1500 62.6961 -1.67233 17.848 0.121494 0.0174633 459.635 0 0
1500 55.778 60.8218 17.8223 0.0270079 0.965388 454.044 0 0
1500 64.4278 -70.5965 17.843 0.0801422 -1.11711 456.017 0 0
1500 124.469 67.1232 17.907 1.01972 1.09828 454.5 0 0
1500 78.7397 46.9215 17.8082 0.372699 0.769339 454.67 0 0
1500 57.4542 58.234 17.8067 0.043395 0.882792 459.102 0 0
1500 43.9279 -25.7294 17.8854 -0.189108 -0.473691 456.79 0 0
1500 51.6375 -52.595 17.8739 -0.0634569 -0.816237 462.702 0 0
1500 41.9463 -26.7159 17.8846 -0.219724 -0.488618 456.844 0 0
1500 84.649 23.9655 18.0954 0.517112 0.354177 459.343 0 0
1500 71.0652 -9.41758 18.1036 0.279538 -0.140963 466.353 0 0
1500 91.1144 14.5657 17.9548 0.622218 0.213114 455.965 0 0
1500 65.8023 27.524 18.0233 0.139542 0.451813 466.705 0 0
1500 81.0562 64.4212 17.8471 0.345191 0.984181 465.681 0 0
1500 110.811 -18.7129 17.8197 0.871455 -0.316486 461.932 0 0
1500 47.4313 -32.4677 17.8724 -0.177739 -0.518589 467.618 0 0
1500 82.9104 45.7301 17.8225 0.350292 0.72331 467.733 0 0
1500 81.2135 -50.6286 18.0456 0.343456 -0.829536 464.033 0 0
1500 41.3661 16.9739 18.0254 -0.24034 0.300315 469.543 0 0
1500 31.8658 -15.5313 17.942 -0.456238 -0.265117 467.032 0 0
1500 37.7461 -22.5538 17.9421 -0.36646 -0.372509 467.017 0 0
1500 67.579 6.24501 17.9621 0.210985 0.112815 478.544 0 0
1500 82.263 -46.7195 17.8639 0.438036 -0.755052 472.566 0 0
1500 107.129 13.2662 17.8656 0.819899 0.160773 472.373 0 0
1500 68.4125 -122.137 17.8736 0.230015 -1.99112 470.007 0 0
1500 118.638 -3.17501 17.8233 0.987761 -0.0660126 476.007 0 0
1500 82.326 12.8776 17.8441 0.454444 0.182054 473.879 0 0
1500 86.7058 -21.4113 17.8417 0.472342 -0.318528 480.721 0 0
1500 136.427 39.7212 17.8246 1.20037 0.600751 480.426 0 0
1500 56.9792 67.651 17.791 0.042413 1.03292 481.679 0 0
