Total number of secondary electrons: 1631
1500 101.392 20.5111 15.3764 0.740019 0.323767 257.799 0 0
1500 101.958 5.56611 16.9689 0.999995 0.0473754 260.968 0 0
1500 92.3709 -28.8133 15.0495 0.559044 -0.425058 268.648 0 0
1500 133.046 -10.666 16.4386 1.60532 -0.248932 271.372 0 0
1500 89.2605 6.42655 16.1605 0.685119 0.0845757 276.787 0 0
1500 100.419 7.73282 15.466 0.721834 0.139345 277.859 0 0
1500 87.9715 -7.10035 15.6114 0.663974 -0.12693 287.269 0 0
1500 76.7987 0.482426 14.566 0.328425 -0.0579598 287.313 0 0
1500 96.5141 1.00407 15.5991 0.737104 -0.0430148 290.352 0 0
1500 102.729 -12.7914 14.6468 0.708935 -0.203067 292.458 0 0
1500 97.0781 15.6994 15.0233 0.622068 0.2263 295.971 0 0
1500 108.826 -30.4624 15.3284 0.93893 -0.480505 296.777 0 0
1500 89.1797 -9.95381 15.8993 0.644709 -0.140025 298.552 0 0
1500 98.9589 0.302965 15.6798 0.685155 -0.00815362 303.66 0 0
1500 80.9196 8.9121 16.646 0.548256 0.141605 303.708 0 0
1500 90.5573 -10.3691 15.8604 0.603017 -0.103815 304.815 0 0
1500 91.8287 24.0627 16.0799 0.676883 0.381157 305.197 0 0
1500 93.1229 4.97948 16.1789 0.647291 0.0420508 306.024 0 0
1500 91.5101 -14.6972 15.9319 0.528089 -0.213104 309.263 0 0
1500 88.6475 8.6444 15.8626 0.533998 0.108745 309.431 0 0
1500 87.1663 -1.52371 16.0899 0.509616 -0.0655191 309.555 0 0
1500 97.5877 5.7673 15.8218 0.61779 0.0784216 310.499 0 0
1500 93.6279 9.19139 15.4454 0.50517 0.161561 311.164 0 0
1500 96.5233 -7.57195 16.4946 0.678011 -0.156644 311.574 0 0
1500 82.504 11.737 15.3254 0.366622 0.187481 312.78 0 0
1500 85.1434 -17.0352 16.7939 0.580496 -0.353476 313.039 0 0
1500 102.178 57.1989 15.2209 0.572121 0.718345 313.164 0 0
1500 91.7251 16.96 15.7447 0.526939 0.218373 313.535 0 0
1500 94.3875 -11.2808 15.7 0.533342 -0.178299 313.97 0 0
1500 75.299 -11.4737 15.7558 0.322971 -0.21486 314.816 0 0
1500 393.901 -187.348 15.5622 4.76059 -2.64227 315.775 0 0
1500 73.1854 17.155 15.6877 0.213127 0.22048 316.169 0 0
1500 74.2312 -2.16182 15.7943 0.305324 -0.0561572 316.609 0 0
1500 77.9415 -26.5558 15.6287 0.335834 -0.347299 316.639 0 0
1500 120.835 9.94239 15.7581 0.87467 0.162259 317.073 0 0
1500 72.9094 -6.09663 15.61 0.273443 -0.0868813 317.09 0 0
1500 95.1118 6.75841 16.929 0.654951 0.0757227 317.182 0 0
1500 91.2431 -6.04501 15.5158 0.424914 -0.138572 317.19 0 0
1500 125.757 -12.1879 15.5261 0.886011 -0.115929 317.404 0 0
1500 89.0607 40.1204 15.6481 0.383057 0.545795 317.472 0 0
1500 107.555 24.411 15.4277 0.67018 0.336856 317.593 0 0
1500 84.9635 -30.0606 15.6169 0.420868 -0.383702 317.749 0 0
1500 97.1932 49.5505 15.9657 0.595177 0.746959 317.768 0 0
1500 94.1265 76.7373 15.5189 0.512626 0.988451 317.871 0 0
1500 84.5225 9.09386 15.6197 0.440163 0.106594 317.846 0 0
1500 123.666 -40.9646 15.9821 1.01195 -0.702602 318.068 0 0
1500 89.5292 10.357 15.9133 0.502984 0.10295 318.358 0 0
1500 79.4046 -15.609 15.6752 0.355657 -0.174976 318.735 0 0
1500 85.4634 0.772216 16.898 0.533723 0.0463401 318.995 0 0
1500 76.9697 -3.43419 16.3427 0.399421 -0.0423505 319.233 0 0
1500 77.8354 3.81083 16.3424 0.409529 0.0431204 319.255 0 0
1500 76.7501 -11.3549 17.0194 0.411832 -0.246736 320.406 0 0
1500 78.2479 20.9051 16.6624 0.39311 0.297408 320.418 0 0
1500 61.8264 30.0766 15.9583 0.0586202 0.535282 320.596 0 0
1500 81.8198 3.86231 17.2506 0.489011 0.0966758 320.932 0 0
1500 100.188 10.2837 16.504 0.732264 0.128654 321.969 0 0
1500 114.864 -45.7638 15.7616 0.76703 -0.585749 322.21 0 0
1500 89.0322 -3.35808 16.567 0.517787 0.0140099 322.285 0 0
1500 92.4258 -11.144 17.0413 0.604879 -0.166717 322.568 0 0
1500 76.0684 10.3281 17.0441 0.363443 0.133089 322.643 0 0
1500 98.3873 7.60873 17.3848 0.711455 0.0980325 323.384 0 0
1500 103.173 -9.90951 15.9801 0.606721 -0.195044 323.581 0 0
1500 63.8326 24.232 16.0149 0.124283 0.298669 323.824 0 0
1500 104.369 57.1425 15.9324 0.606958 0.788602 323.965 0 0
1500 65.0361 -3.54488 16.6282 0.172334 -0.0865912 324.31 0 0
1500 82.344 -60.7731 15.9775 0.307387 -0.829233 324.456 0 0
1500 82.8353 -10.2816 17.0562 0.456538 -0.179086 324.784 0 0
1500 -5.90584 30.1013 15.8043 -0.792337 0.438724 325.002 0 0
1500 103.17 14.2988 15.9933 0.637493 0.219889 325.396 0 0
1500 67.6316 11.29 17.067 0.235412 0.161956 325.416 0 0
1500 69.074 -68.2251 15.9795 0.135222 -0.906876 325.564 0 0
1500 80.2805 -10.2345 17.2443 0.420277 -0.10306 325.933 0 0
1500 75.7647 -14.3005 17.4784 0.378516 -0.239958 326.188 0 0
1500 97.6824 2.48737 16.5664 0.60857 0.00084192 326.471 0 0
1500 82.7443 19.8412 16.165 0.344899 0.314585 326.736 0 0
1500 64.4981 28.7578 16.0008 0.120179 0.350426 326.887 0 0
1500 47.4764 27.6268 16.4242 -0.117652 0.392892 327.362 0 0
1500 89.178 -23.6681 16.3856 0.520361 -0.340549 328.183 0 0
1500 75.8929 21.2572 16.8312 0.27542 0.293114 328.321 0 0
1500 79.6748 -30.6112 16.6808 0.330103 -0.437417 328.54 0 0
1500 112.104 34.556 16.3298 0.735698 0.478054 328.68 0 0
1500 105.139 15.1029 17.6579 0.91219 0.248366 328.741 0 0
1500 84.8047 14.3985 16.6951 0.408085 0.17609 329.019 0 0
1500 51.2184 21.8089 16.2113 -0.0995635 0.335689 329.671 0 0
1500 84.126 38.3318 16.1569 0.315958 0.554931 331.308 0 0
1500 47.0274 -94.6801 16.2551 -0.177011 -1.32158 331.449 0 0
1500 90.6746 20.9629 16.5047 0.453578 0.323181 331.623 0 0
1500 19.1175 9.9011 16.2082 -0.548555 0.138949 331.837 0 0
1500 69.4191 -20.4096 16.6643 0.155558 -0.29188 333.136 0 0
1500 102.609 -14.2189 17.1722 0.824197 -0.262418 333.463 0 0
1500 138.789 -39.6262 16.2607 1.11663 -0.550653 333.611 0 0
1500 21.9322 -14.2653 16.2839 -0.503471 -0.170694 334.356 0 0
1500 96.6183 4.5949 16.6498 0.583977 0.0980923 334.394 0 0
1500 18.6872 -5.90597 16.2785 -0.547924 -0.0470406 334.603 0 0
1500 30.6192 -24.0265 16.2925 -0.403977 -0.354016 334.766 0 0
1500 73.418 13.1559 17.3666 0.351209 0.212928 335.106 0 0
1500 18.0959 -29.6397 16.3321 -0.545978 -0.359014 335.143 0 0
1500 8.66771 -11.3535 16.3173 -0.668792 -0.114822 335.262 0 0
1500 80.4502 -5.5874 17.595 0.438758 -0.0443912 335.347 0 0
1500 106.848 -71.2628 16.2876 0.664735 -0.873045 335.358 0 0
1500 71.8966 -56.7124 16.2981 0.204156 -0.691708 335.409 0 0
1500 56.6883 -22.0483 16.522 0.0189539 -0.346729 335.56 0 0
1500 62.3347 -52.8668 16.4346 0.0171956 -0.705561 335.648 0 0
1500 77.6892 -16.7411 17.2844 0.312778 -0.278653 336.15 0 0
1500 5.96777 -33.8787 16.38 -0.693589 -0.391625 336.297 0 0
1500 5.69814 32.2766 16.3952 -0.694791 0.424344 336.545 0 0
1500 71.987 11.8945 17.3852 0.311863 0.159387 336.691 0 0
1500 71.1839 35.1005 16.5932 0.254933 0.487724 336.904 0 0
1500 55.15 11.0648 17.0742 -0.0408439 0.236082 336.997 0 0
1500 76.4154 -73.4607 16.4009 0.286965 -0.941941 337.048 0 0
1500 34.8291 -30.4591 16.4903 -0.355121 -0.420511 337.766 0 0
1500 36.2911 -70.3457 16.4628 -0.273056 -0.972555 337.798 0 0
1500 79.0474 -9.91699 18.1598 0.4853 -0.169499 337.839 0 0
1500 5.29085 12.6095 16.5476 -0.676357 0.156608 338.476 0 0
1500 -7.59018 112.598 16.5203 -0.920321 1.48594 338.427 0 0
1500 147.795 -9.42336 17.3763 1.53835 -0.171032 338.63 0 0
1500 113.615 -17.0379 16.5801 0.771917 -0.26245 338.712 0 0
1500 111.444 -107.891 16.5501 0.738269 -1.41598 339.107 0 0
1500 77.6006 11.5376 17.8169 0.401702 0.196849 339.242 0 0
1500 2.08901 -4.10612 16.6418 -0.797701 -0.0801736 339.311 0 0
1500 28.6519 10.6906 16.8703 -0.470725 0.220269 339.823 0 0
1500 46.8067 24.7879 17.0157 -0.137497 0.359298 339.93 0 0
1500 94.5301 -13.2974 17.5672 0.61632 -0.202007 340.105 0 0
1500 104.291 -63.8641 16.7091 0.616938 -0.868951 340.13 0 0
1500 95.4353 -71.4054 16.6239 0.518514 -0.981613 340.117 0 0
1500 109.738 -14.6301 16.9657 0.765711 -0.171454 340.384 0 0
1500 67.5165 24.532 17.285 0.196208 0.364459 340.636 0 0
1500 73.6178 24.3552 17.16 0.17773 0.402115 340.654 0 0
1500 95.1289 9.55771 17.3701 0.688201 0.182725 340.928 0 0
1500 91.5688 1.72043 17.4284 0.575842 0.0518144 341.323 0 0
1500 69.078 48.5132 17.0264 0.195307 0.686892 342.068 0 0
1500 128.877 -6.2639 17.2053 1.2016 -0.126742 342.127 0 0
1500 84.9213 6.47506 17.9883 0.54514 0.104259 342.196 0 0
1500 105.061 5.86444 17.9958 0.857221 0.0377613 342.555 0 0
1500 28.6803 -54.9217 16.8144 -0.399063 -0.767776 342.605 0 0
1500 115.459 -55.9836 16.913 0.829757 -0.769571 342.928 0 0
1500 80.3565 -12.3788 17.6115 0.416872 -0.213125 343.456 0 0
1500 89.5821 2.56691 16.8253 0.479968 8.04624e-05 343.445 0 0
1500 88.988 71.4349 16.9288 0.50211 1.04627 343.463 0 0
1500 91.6125 -9.45718 18.3321 0.642372 -0.147687 343.982 0 0
1500 21.7778 15.3208 16.9699 -0.554245 0.158303 344.135 0 0
1500 74.4617 -17.6803 17.3985 0.343485 -0.259881 344.179 0 0
1500 91.4289 -0.0312246 17.3141 0.559004 0.00342606 344.323 0 0
1500 77.6123 15.9166 17.9468 0.417127 0.25537 344.823 0 0
1500 100.897 -13.8006 17.3302 0.673387 -0.156856 344.846 0 0
1500 37.7939 121.802 16.8529 -0.296634 1.56989 345.011 0 0
1500 84.8471 -8.73154 17.6955 0.460777 -0.165244 345.342 0 0
1500 115.942 12.6262 17.1395 0.840319 0.178209 345.342 0 0
1500 78.507 30.1095 17.5614 0.330268 0.443865 345.465 0 0
1500 21.2025 -1.39306 17.005 -0.544275 -0.0720352 345.766 0 0
1500 70.0295 14.7228 17.6636 0.274634 0.246353 346.611 0 0
1500 38.8965 33.2114 17.1053 -0.302312 0.527653 346.88 0 0
1500 87.4876 -2.51378 18.3116 0.556297 -0.0882983 346.909 0 0
1500 80.3606 -7.06415 17.4218 0.404561 -0.059464 347.286 0 0
1500 69.8242 -2.32535 17.6694 0.216938 -0.102571 347.261 0 0
1500 84.9668 5.6027 17.2523 0.452506 0.0630058 347.377 0 0
1500 66.2087 20.9875 17.3688 0.100724 0.347996 347.443 0 0
1500 49.1252 24.2764 17.393 -0.0883173 0.416325 347.542 0 0
1500 133.667 -21.9234 16.9723 0.965294 -0.343667 347.729 0 0
1500 70.4333 67.9943 17.1542 0.184311 0.934346 348.003 0 0
1500 90.6939 6.20309 18.3242 0.602587 0.12849 348.104 0 0
1500 2.44333 -50.5624 16.9894 -0.755302 -0.693229 348.161 0 0
1500 4.23699 11.2504 17.0691 -0.694676 0.160122 348.441 0 0
1500 71.2715 14.1007 17.6177 0.292051 0.252794 348.471 0 0
1500 89.9493 11.2144 17.3838 0.55087 0.12089 348.618 0 0
1500 59.5627 28.407 17.5128 0.0497342 0.425684 348.756 0 0
1500 85.8797 17.8603 17.5173 0.39064 0.288363 348.878 0 0
1500 31.8063 -12.8695 17.5148 -0.418328 -0.2064 348.993 0 0
1500 117.792 54.4675 17.1584 0.863484 0.817638 349.001 0 0
1500 70.7272 -16.9893 18.0429 0.235863 -0.240047 349.164 0 0
1500 49.879 -8.93805 17.4832 -0.0662443 -0.182008 349.306 0 0
1500 47.6511 30.1371 17.9907 -0.138089 0.502004 349.264 0 0
1500 75.0516 0.308561 17.8628 0.357375 0.0559999 349.496 0 0
1500 82.0372 -48.2569 17.3554 0.332846 -0.762266 349.701 0 0
1500 41.8442 -75.879 17.0719 -0.201707 -1.00647 349.752 0 0
1500 76.7752 -22.236 17.3822 0.281833 -0.359567 349.855 0 0
1500 79.2146 -4.89911 18.528 0.429639 -0.113466 350.103 0 0
1500 60.5438 -33.4265 17.2769 0.066629 -0.50999 350.159 0 0
1500 41.4331 32.8866 17.5979 -0.250154 0.554002 350.172 0 0
1500 99.4361 12.6217 17.8447 0.68161 0.16466 350.203 0 0
1500 119.316 -19.3369 17.9706 1.06261 -0.333709 350.757 0 0
1500 101.325 17.9515 18.3566 0.947094 0.405482 351.212 0 0
1500 50.9058 -25.8675 17.4561 -0.126363 -0.345738 351.404 0 0
1500 15.0511 13.3493 17.2259 -0.636232 0.154819 351.524 0 0
1500 113.827 -4.61296 17.669 0.890856 -0.0518071 351.551 0 0
1500 38.8635 -27.2782 17.4616 -0.286116 -0.363678 351.581 0 0
1500 76.5378 -60.1715 17.277 0.248032 -0.852838 351.664 0 0
1500 86.4792 -19.9252 17.3383 0.455102 -0.302985 351.816 0 0
1500 64.057 14.2141 17.7865 0.0480963 0.205398 351.809 0 0
1500 83.5948 -32.0753 17.5079 0.436 -0.450019 352.085 0 0
1500 48.1742 -55.9749 17.2451 -0.189872 -0.770307 352.102 0 0
1500 16.0637 -36.985 17.2471 -0.617336 -0.516801 352.163 0 0
1500 63.1037 -39.1977 17.4631 0.138148 -0.607594 352.185 0 0
1500 109.366 -1.03391 18.1157 0.986813 -0.0552289 352.22 0 0
1500 84.2427 -49.0652 17.3545 0.386734 -0.755749 352.271 0 0
1500 47.465 21.9934 17.377 -0.116694 0.317464 352.339 0 0
1500 73.107 -30.9312 17.3551 0.205949 -0.423841 352.325 0 0
1500 67.0271 10.8326 18.4351 0.212828 0.255061 352.317 0 0
1500 60.3364 1.95267 17.3487 0.0573616 -0.0397594 352.783 0 0
1500 85.0251 0.136435 17.7356 0.481904 -0.0170896 352.928 0 0
1500 104.485 18.3673 18.611 0.933727 0.300279 353.004 0 0
1500 7.22605 18.5351 17.5308 -0.749512 0.315891 353.244 0 0
1500 98.4099 -1.34115 17.529 0.585718 -0.0471777 353.676 0 0
1500 138.303 -47.6473 17.9909 1.40909 -0.825479 353.832 0 0
1500 -6.10211 20.2666 17.3191 -0.912333 0.231546 353.983 0 0
1500 58.2523 0.485877 17.5333 0.0393086 -0.0612762 354.013 0 0
1500 67.0767 2.47219 17.7624 0.116479 0.0544867 354.076 0 0
1500 70.4275 -1.38948 17.3836 0.248821 -0.0309611 354.074 0 0
1500 108.654 6.06599 17.3713 0.761271 0.0854885 354.089 0 0
1500 79.8732 -3.21727 17.5252 0.311773 -0.0877975 354.181 0 0
1500 81.4561 -1.9848 18.5451 0.515175 -0.0379307 354.228 0 0
1500 93.6816 8.88349 17.9885 0.59361 0.165056 354.586 0 0
1500 68.204 22.4288 17.9443 0.210495 0.362012 354.671 0 0
1500 6.64322 45.9485 17.3773 -0.726038 0.647743 354.841 0 0
1500 75.4709 12.4904 17.4574 0.32094 0.146661 354.85 0 0
1500 57.6831 31.6356 17.6767 0.0479747 0.49862 355.257 0 0
1500 89.0568 -18.5899 17.5686 0.505048 -0.259283 355.355 0 0
1500 88.3985 -1.60034 17.3884 0.486189 -0.035368 355.505 0 0
1500 100.832 2.44179 17.4723 0.669726 0.00564782 355.592 0 0
1500 61.2048 9.04987 17.8437 0.0388084 0.143118 355.78 0 0
1500 114.838 57.614 17.6673 0.978133 0.950935 355.946 0 0
1500 76.9687 32.7121 17.8696 0.30769 0.513168 356.113 0 0
1500 129.185 -10.6184 17.4354 1.01126 -0.136654 356.135 0 0
1500 75.3191 -1.62907 17.9241 0.369159 -0.0434645 356.202 0 0
1500 60.6035 60.8255 17.5271 0.0466862 0.932302 356.201 0 0
1500 85.7783 -26.863 17.6765 0.466336 -0.421307 356.439 0 0
1500 59.5638 -8.1343 17.8882 0.0399683 -0.164735 356.459 0 0
1500 115.242 35.4981 17.4457 0.845806 0.468586 356.633 0 0
1500 78.478 -14.7324 18.7136 0.477923 -0.221443 356.828 0 0
1500 78.9244 6.82683 17.7597 0.406398 0.0955203 356.849 0 0
1500 77.3732 -7.22237 18.164 0.408606 -0.137791 356.946 0 0
1500 45.5544 62.5019 17.6154 -0.172807 0.99547 356.973 0 0
1500 32.615 -40.615 17.4519 -0.376832 -0.644487 357.013 0 0
1500 74.3008 -8.97397 17.4607 0.285593 -0.076408 357.072 0 0
1500 78.7789 45.8893 17.6822 0.310626 0.701678 357.232 0 0
1500 91.084 -4.51921 17.68 0.546611 0.00422759 357.258 0 0
1500 64.87 -47.5403 17.6638 0.128246 -0.740036 357.343 0 0
1500 120.811 -22.2453 17.5157 0.923791 -0.328786 357.408 0 0
1500 92.5047 54.2255 18.0399 0.600311 0.966942 357.603 0 0
1500 129.37 -12.8079 17.4779 1.02164 -0.181513 357.726 0 0
1500 78.397 25.1236 17.8189 0.327674 0.41373 357.692 0 0
1500 59.6037 -26.1754 17.751 0.0952278 -0.489962 357.78 0 0
1500 129.228 17.8942 17.4831 1.01749 0.226838 357.893 0 0
1500 92.8582 -0.981584 18.2108 0.642519 -0.0862532 357.872 0 0
1500 77.0322 -7.78997 18.4825 0.370487 -0.130293 358.078 0 0
1500 42.701 -61.6847 17.4745 -0.229763 -0.927028 358.25 0 0
1500 59.2153 2.2079 17.6482 0.0818621 0.0566387 358.531 0 0
1500 100.637 39.8952 18.0303 0.819486 0.726481 358.573 0 0
1500 82.3931 6.04498 17.9793 0.473582 0.107416 358.625 0 0
1500 128.357 2.21798 17.9541 1.20237 0.00505815 358.63 0 0
1500 39.5894 22.7737 17.5098 -0.33034 0.288178 358.689 0 0
1500 60.5874 -67.9329 17.4865 0.0193721 -1.00611 358.82 0 0
1500 79.3779 3.01655 18.4362 0.448863 0.0952494 358.853 0 0
1500 66.5107 29.1723 17.4969 0.191051 0.460122 358.991 0 0
1500 52.0496 23.8169 17.8677 -0.0998193 0.503366 359.252 0 0
1500 14.2844 -55.9345 17.4995 -0.616024 -0.833638 359.39 0 0
1500 100.81 -2.34099 17.5047 0.636832 0.0343468 359.405 0 0
1500 73.9504 -30.5124 17.7324 0.322573 -0.476451 359.529 0 0
1500 64.6778 -124.032 17.6216 0.106529 -1.95534 359.549 0 0
1500 67.3195 -7.27777 17.6992 0.14803 -0.180113 359.686 0 0
1500 38.8821 -9.10705 17.6996 -0.270774 -0.206725 359.804 0 0
1500 67.6427 2.48595 17.9929 0.180524 0.104458 359.833 0 0
1500 74.1029 -17.1121 18.227 0.307646 -0.306789 359.914 0 0
1500 76.3383 -55.4448 17.6659 0.32006 -0.85785 359.877 0 0
1500 45.2066 15.9315 17.9539 -0.277522 0.255006 359.927 0 0
1500 70.0841 0.0293614 17.842 0.230977 -0.0234655 359.985 0 0
1500 28.9437 8.50871 17.7127 -0.460099 0.0795149 360.045 0 0
1500 116.255 40.5208 17.7584 0.914337 0.666018 360.082 0 0
1500 88.7064 29.2942 17.9173 0.613311 0.485954 360.323 0 0
1500 79.7984 6.10649 18.3895 0.461922 0.133208 360.402 0 0
1500 61.1824 -22.1165 17.8422 0.111914 -0.390845 360.43 0 0
1500 105.327 -23.5568 17.9052 0.769324 -0.370133 360.476 0 0
1500 85.709 4.65536 17.9916 0.436573 0.0510987 360.531 0 0
1500 83.2361 49.4073 17.5713 0.382819 0.803015 360.585 0 0
1500 23.5334 -7.53261 17.646 -0.590748 -0.109364 360.703 0 0
1500 69.5472 -2.82863 17.9794 0.190405 -0.10465 360.737 0 0
1500 148.762 5.44121 17.5981 1.36197 0.122526 360.852 0 0
1500 69.0958 2.54619 18.0262 0.23559 0.0729387 360.893 0 0
1500 99.7568 0.821692 18.6891 0.801648 -0.0572965 361.036 0 0
1500 40.4619 41.6359 17.6715 -0.251785 0.693446 361.112 0 0
1500 48.0189 7.3984 18.5539 -0.143928 0.202185 361.083 0 0
1500 104.137 21.7414 17.6143 0.75185 0.41443 361.274 0 0
1500 71.552 -3.12079 17.6027 0.228339 -0.0359338 361.349 0 0
1500 84.4082 -7.45965 18.0029 0.486485 -0.0603617 361.34 0 0
1500 63.7558 -15.2093 17.6644 0.0287426 -0.199668 361.391 0 0
1500 96.9726 35.8442 17.8208 0.693741 0.551332 361.467 0 0
1500 70.0318 9.52425 17.9406 0.287026 0.180034 361.552 0 0
1500 101.61 -20.241 17.6402 0.686309 -0.359711 361.563 0 0
1500 5.99092 1.65159 17.5349 -0.809302 0.0858893 361.582 0 0
1500 73.044 -22.4136 17.6599 0.189793 -0.394013 361.749 0 0
1500 43.8164 5.33313 17.7796 -0.219728 0.0139805 361.773 0 0
1500 63.1317 64.8656 17.6433 0.128449 1.03985 362.167 0 0
1500 79.8482 6.92702 18.729 0.41331 0.122569 362.245 0 0
1500 69.6849 -56.6752 17.5444 0.207217 -0.845419 362.3 0 0
1500 125.402 -13.6313 17.5661 0.976434 -0.198409 362.414 0 0
1500 61.5711 72.1585 17.5364 0.112154 1.04172 362.51 0 0
1500 60.3357 -6.11208 17.8347 0.0607096 -0.135643 362.532 0 0
1500 78.2659 -38.4945 17.7802 0.289672 -0.630545 362.682 0 0
1500 66.4427 -29.7344 17.6849 0.119477 -0.434105 362.712 0 0
1500 45.1429 -59.8339 17.8657 -0.166473 -1.03713 362.755 0 0
1500 87.5066 -2.96347 17.9439 0.458177 -0.0312668 362.807 0 0
1500 80.16 61.6666 17.5658 0.296951 0.923076 362.813 0 0
1500 87.6967 -55.0673 17.65 0.473775 -0.853816 362.831 0 0
1500 9.30672 13.5747 17.7575 -0.769123 0.193641 362.933 0 0
1500 58.2323 -52.3317 17.61 -0.0124399 -0.745285 363.197 0 0
1500 81.5096 -7.16218 18.1841 0.453026 -0.155899 363.213 0 0
1500 82.5599 4.52331 17.6847 0.388974 0.0262771 363.399 0 0
1500 24.8656 7.93505 17.7795 -0.527411 0.0625121 363.42 0 0
1500 93.427 -4.0325 17.9918 0.666783 -0.106581 363.612 0 0
1500 93.3747 -9.87597 18.7401 0.699526 -0.14927 363.796 0 0
1500 96.3987 45.0939 17.5829 0.594267 0.728113 363.784 0 0
1500 49.3619 -13.74 18.0038 -0.0760515 -0.227781 363.923 0 0
1500 82.4478 2.48396 18.5811 0.440133 0.0625449 363.929 0 0
1500 85.0346 47.2189 17.5765 0.445846 0.767423 364.029 0 0
1500 81.2012 44.3752 17.608 0.340546 0.668476 364.267 0 0
1500 58.4096 -22.8727 17.6487 -0.00998563 -0.356127 364.287 0 0
1500 116.01 -35.6597 17.6125 0.874265 -0.56762 364.612 0 0
1500 54.8777 -54.5589 17.6057 -0.121619 -0.811402 364.71 0 0
1500 85.113 17.5174 17.6189 0.38231 0.29627 364.776 0 0
1500 60.7914 -100.389 17.5718 0.108415 -1.48885 364.798 0 0
1500 113.417 -26.0632 17.7174 0.874924 -0.428501 364.927 0 0
1500 92.6714 -9.60993 18.0341 0.62614 -0.181795 364.967 0 0
1500 88.0867 -2.6486 17.6297 0.528112 -0.0683771 364.984 0 0
1500 85.8345 -14.8063 18.1391 0.515787 -0.278775 365.306 0 0
1500 69.7182 13.2655 18.632 0.314948 0.258225 365.619 0 0
1500 62.1505 69.8071 17.7317 0.111461 1.14716 365.765 0 0
1500 70.8871 4.86103 18.6972 0.312144 0.0602781 365.929 0 0
1500 100.771 64.8873 17.983 0.75972 1.08363 365.907 0 0
1500 70.865 1.12675 18.0192 0.233666 0.0669847 366.007 0 0
1500 92.3994 -11.4149 17.8579 0.53724 -0.245255 366.127 0 0
1500 99.758 -32.7807 18.1409 0.697202 -0.589416 366.153 0 0
1500 20.2237 21.1219 17.7432 -0.65923 0.299886 366.169 0 0
1500 73.0672 47.6151 17.9157 0.210594 0.812082 366.697 0 0
1500 85.9967 -11.8089 17.7349 0.506962 -0.149112 366.91 0 0
1500 112.362 -1.65683 17.7464 0.87459 -0.0762158 366.993 0 0
1500 55.0752 14.1962 18.6532 -0.0262968 0.231057 366.955 0 0
1500 34.0039 58.6046 17.6076 -0.422564 0.894939 367.027 0 0
1500 99.5151 2.00988 18.9335 0.814309 0.0485967 367.352 0 0
1500 65.5302 1.73513 18.1884 0.180435 -0.0459443 367.387 0 0
1500 85.6104 12.7017 18.1305 0.473978 0.165279 367.415 0 0
1500 90.5262 9.89364 17.7756 0.57289 0.102516 367.479 0 0
1500 50.8144 -15.0422 18.0641 -0.0700269 -0.252536 367.588 0 0
1500 88.2704 -67.1517 17.722 0.470133 -1.0568 367.596 0 0
1500 54.6628 47.7163 17.9606 -0.051918 0.893042 367.698 0 0
1500 77.546 -17.4202 17.8321 0.267082 -0.29465 367.743 0 0
1500 78.4278 -49.4059 17.6574 0.395213 -0.78841 367.953 0 0
1500 95.8209 4.32877 18.2429 0.777115 0.0728439 368.003 0 0
1500 72.4882 -63.6475 17.6304 0.239146 -0.999387 368.271 0 0
1500 229.565 7.94679 18.0693 3.1707 0.0741766 368.265 0 0
1500 76.9829 14.4269 18.0493 0.394238 0.263756 368.304 0 0
1500 41.6069 -53.9232 17.8517 -0.248236 -0.861282 368.36 0 0
1500 16.0029 30.312 17.7016 -0.640109 0.553828 368.385 0 0
1500 104.128 7.8147 18.515 0.827539 0.151428 368.522 0 0
1500 56.3144 32.8104 17.8028 -0.00293298 0.571451 368.579 0 0
1500 63.3786 41.655 17.7774 0.0749966 0.627615 368.705 0 0
1500 76.1344 18.0855 18.3004 0.326176 0.277331 368.632 0 0
1500 52.9395 20.4937 18.0815 -0.0631747 0.312214 368.62 0 0
1500 165.216 -0.739195 17.7166 1.76026 -0.0852073 368.87 0 0
1500 88.3297 -7.97453 18.2405 0.598009 -0.116145 368.958 0 0
1500 27.9088 -26.9907 17.7486 -0.420906 -0.428427 369.165 0 0
1500 107.387 -16.125 18.0116 0.816572 -0.296118 369.15 0 0
1500 82.1616 -45.8664 17.805 0.341839 -0.795322 369.058 0 0
1500 85.9237 -91.3171 17.6391 0.478693 -1.38339 369.349 0 0
1500 94.8514 0.795517 18.0304 0.670741 0.0250896 369.249 0 0
1500 36.261 -122.508 17.8326 -0.36514 -1.9987 369.483 0 0
1500 100.009 -37.7039 18.0117 0.704108 -0.60938 369.549 0 0
1500 93.7579 -57.2021 17.6416 0.53965 -0.887242 369.642 0 0
1500 89.52 -3.6202 17.7907 0.568723 -0.0615761 369.955 0 0
1500 91.726 46.2509 17.7993 0.521167 0.758384 369.994 0 0
1500 75.646 -34.1103 17.6718 0.262529 -0.593475 369.986 0 0
1500 43.3159 4.55625 17.9258 -0.226192 0.0880853 370.037 0 0
1500 104.303 14.298 18.915 0.911645 0.239227 369.996 0 0
1500 52.8486 -16.8576 18.3434 -0.0262863 -0.310387 370.084 0 0
1500 -0.201847 25.33 17.6444 -0.929625 0.345708 370.008 0 0
1500 25.2928 37.7104 17.6658 -0.520377 0.522986 370.236 0 0
1500 96.9964 -16.7901 18.2209 0.648768 -0.319463 370.251 0 0
1500 19.6519 25.2505 17.653 -0.560182 0.409975 370.384 0 0
1500 110.453 -20.2064 17.6901 0.847546 -0.257321 370.496 0 0
1500 143.248 -16.4806 17.6616 1.2652 -0.290162 370.744 0 0
1500 24.663 12.4083 18.0022 -0.553295 0.264259 370.829 0 0
1500 116.086 -24.4104 17.9097 0.947591 -0.366234 370.995 0 0
1500 105.478 -20.854 17.7873 0.797589 -0.317266 370.991 0 0
1500 104.522 1.12667 17.9255 0.799156 0.0192069 371.047 0 0
1500 39.2576 22.6006 17.7393 -0.345057 0.309359 371.138 0 0
1500 28.1843 52.4196 17.6551 -0.432988 0.865412 371.277 0 0
1500 80.6484 1.00449 18.5739 0.520303 0.00799615 371.352 0 0
1500 95.5432 -11.9706 18.1039 0.609911 -0.19753 371.489 0 0
1500 34.984 -62.9605 17.6879 -0.324445 -0.972418 371.593 0 0
1500 23.0029 21.06 17.7369 -0.588504 0.283968 371.586 0 0
1500 146.237 -23.9166 17.9598 1.52426 -0.385301 371.58 0 0
1500 37.1189 -36.9288 17.7363 -0.374227 -0.591556 371.733 0 0
1500 98.7954 -31.4019 17.674 0.592775 -0.500838 371.894 0 0
1500 188.252 73.009 17.6338 1.91497 1.08979 371.935 0 0
1500 106.932 45.2129 17.7241 0.770179 0.678681 372.008 0 0
1500 98.7822 47.9373 17.7571 0.65046 0.703455 372.04 0 0
1500 85.0872 68.7186 17.6634 0.464499 1.07427 372.139 0 0
1500 65.6967 23.9894 17.9653 0.156849 0.435583 372.131 0 0
1500 49.7304 20.7244 17.6797 -0.176968 0.312303 372.345 0 0
1500 89.8949 58.5055 17.7266 0.525029 0.865677 372.243 0 0
1500 99.8159 3.30898 18.1955 0.749597 0.0766483 372.49 0 0
1500 11.2076 32.6209 17.7345 -0.756054 0.452314 372.531 0 0
1500 95.1879 -30.0582 17.6957 0.631768 -0.478772 372.525 0 0
1500 130.363 44.5141 17.8193 1.27823 0.754785 372.504 0 0
1500 49.1646 15.4658 18.1 -0.104167 0.345799 372.534 0 0
1500 40.7942 -34.2205 17.6874 -0.211385 -0.534798 372.596 0 0
1500 118.224 -17.2952 17.9266 0.980256 -0.248535 372.576 0 0
1500 46.1728 -50.9064 17.65 -0.257149 -0.756708 372.696 0 0
1500 83.5069 4.93754 18.0964 0.455957 0.145212 372.827 0 0
1500 75.1838 -51.8697 18.0187 0.32239 -0.987865 372.765 0 0
1500 53.6114 -30.476 18.0255 -0.0319336 -0.475407 372.957 0 0
1500 107.476 7.30572 17.7162 0.801977 0.1601 372.995 0 0
1500 103.812 -46.3711 17.6549 0.719383 -0.660215 373.044 0 0
1500 102.69 23.8202 17.716 0.729273 0.407265 373.08 0 0
1500 52.4926 24.5669 17.6668 -0.0214961 0.41314 373.061 0 0
1500 63.8759 36.9253 18.0811 0.068671 0.637158 373.249 0 0
1500 53.55 -15.9028 18.0324 -0.0326204 -0.278421 373.273 0 0
1500 66.8243 31.124 17.8214 0.144687 0.545345 373.326 0 0
1500 49.1074 57.1005 17.7157 -0.0729134 0.900571 373.465 0 0
1500 86.2443 -13.6072 17.7984 0.465778 -0.174896 373.678 0 0
1500 119.92 7.11684 17.6959 0.984898 0.0788676 373.798 0 0
1500 44.8981 31.3245 18.1157 -0.208259 0.490785 373.809 0 0
1500 25.0556 -58.6561 17.7384 -0.53688 -0.88738 374.122 0 0
1500 61.3538 -0.439198 17.8123 -0.000537027 0.0315606 374.042 0 0
1500 1.17951 27.8524 17.6508 -0.91503 0.421126 374.171 0 0
1500 48.1018 -17.4083 18.0049 -0.111157 -0.30046 374.568 0 0
1500 59.5352 -32.2733 17.7171 0.0154643 -0.51281 374.59 0 0
1500 99.6252 75.8023 17.7409 0.693512 1.17338 374.556 0 0
1500 91.2214 37.4333 17.8215 0.476314 0.651431 374.534 0 0
1500 42.0413 -64.6778 17.8861 -0.257634 -1.10103 374.692 0 0
1500 1.00358 -37.4539 17.744 -0.876753 -0.571852 374.935 0 0
1500 113.635 14.3137 17.6614 0.890504 0.249459 374.821 0 0
1500 98.3291 19.5704 18.5772 0.782066 0.416601 375.034 0 0
1500 57.5286 -26.285 17.9095 -0.0920757 -0.432746 375.166 0 0
1500 66.7069 -23.4703 18.0737 0.201249 -0.370764 375.249 0 0
1500 89.1095 -55.0507 17.7818 0.486563 -0.87729 375.367 0 0
1500 106.028 42.0522 17.8188 0.714529 0.688944 375.387 0 0
1500 123.642 -34.8124 17.8727 1.08547 -0.580224 375.341 0 0
1500 91.5214 25.0068 17.7264 0.552825 0.407697 375.448 0 0
1500 94.8055 15.9996 17.8285 0.619718 0.202744 375.613 0 0
1500 135.764 -14.188 17.9028 1.31444 -0.184595 375.847 0 0
1500 95.6789 -45.8978 17.9272 0.565782 -0.773484 376.058 0 0
1500 75.0385 -39.1887 17.8309 0.329949 -0.596252 376.067 0 0
1500 70.5829 27.343 17.7501 0.231535 0.416363 376.39 0 0
1500 25.9884 51.1094 17.7458 -0.436678 0.824421 376.356 0 0
1500 93.8977 23.7771 17.9382 0.621843 0.401879 376.314 0 0
1500 104.885 10.67 17.6997 0.723725 0.0876965 376.404 0 0
1500 80.0644 36.0021 17.8285 0.408688 0.581845 376.619 0 0
1500 113.539 -5.03044 17.948 0.893718 -0.143481 376.717 0 0
1500 95.049 3.35116 18.0654 0.649824 -0.00236981 376.799 0 0
1500 40.5044 -13.3987 18.0365 -0.355038 -0.294674 376.79 0 0
1500 75.1497 -2.97976 18.0975 0.341522 -0.0250485 377.01 0 0
1500 91.3727 2.23871 18.067 0.536742 -0.0222264 376.88 0 0
1500 84.7427 52.438 17.7352 0.460705 0.81981 376.905 0 0
1500 41.0421 11.6606 17.9081 -0.307012 0.172403 376.914 0 0
1500 59.3834 -0.0153129 17.8202 -0.0284909 0.0445194 377.153 0 0
1500 83.5386 -46.2438 17.9401 0.369366 -0.771539 377.093 0 0
1500 64.0121 -66.894 17.7955 0.115509 -1.02099 377.36 0 0
1500 2.27127 -25.3267 17.6983 -0.812927 -0.448872 377.411 0 0
1500 64.1752 99.661 17.7643 0.0457187 1.64538 377.373 0 0
1500 67.5446 -6.06616 17.9638 0.246027 -0.118958 377.508 0 0
1500 95.2528 -12.665 17.8252 0.636524 -0.148281 377.54 0 0
1500 38.6646 15.8359 17.8176 -0.342496 0.284629 377.515 0 0
1500 70.5591 -4.33072 18.7761 0.335698 -0.100922 377.609 0 0
1500 18.7829 -47.0066 17.6985 -0.565702 -0.768928 377.614 0 0
1500 76.6663 64.9496 17.6787 0.325272 0.962416 377.738 0 0
1500 118.178 -28.9529 17.7372 0.944602 -0.381673 377.733 0 0
1500 36.4463 -57.957 17.6988 -0.302944 -0.928515 377.814 0 0
1500 100.294 2.79209 17.9803 0.701282 -0.0228201 377.823 0 0
1500 72.7166 -48.8135 17.8079 0.217274 -0.800839 377.79 0 0
1500 85.635 3.64629 18.0065 0.467254 0.0828504 377.866 0 0
1500 82.2401 29.3973 17.9865 0.386213 0.463959 377.962 0 0
1500 120.854 3.44148 17.7465 0.9879 0.104275 377.851 0 0
1500 41.3476 6.86735 18.0357 -0.283906 0.0965545 377.934 0 0
1500 67.0075 8.81452 17.8074 0.219698 0.158731 378.002 0 0
1500 73.1297 29.9737 18.0872 0.243068 0.513742 378.17 0 0
1500 33.4254 -4.24393 18.0347 -0.40205 -0.0702147 378.078 0 0
1500 120.386 -10.3321 18.2175 1.11966 -0.164387 378.092 0 0
1500 94.0073 -1.77095 17.9664 0.644446 -0.0287758 378.221 0 0
1500 21.093 24.5686 17.7089 -0.55914 0.448906 378.191 0 0
1500 73.1412 -16.2055 17.784 0.309535 -0.22418 378.309 0 0
1500 95.9978 5.35628 18.1038 0.628558 0.0682372 378.472 0 0
1500 60.3837 34.2381 17.8299 0.0799814 0.527518 378.37 0 0
1500 119.853 24.8787 17.8519 0.971735 0.418719 378.477 0 0
1500 8.36229 -45.0877 17.7006 -0.712191 -0.732259 378.371 0 0
1500 55.2754 24.5117 17.9689 -0.114572 0.423336 378.434 0 0
1500 77.6709 43.5965 17.7618 0.327833 0.650545 378.513 0 0
1500 111.438 -36.7641 17.6882 0.813173 -0.485335 378.499 0 0
1500 99.7527 -17.7725 17.9581 0.719655 -0.290602 378.652 0 0
1500 68.6029 -10.3094 18.1575 0.182691 -0.221064 378.634 0 0
1500 64.0645 -4.98139 18.0437 0.0771713 -0.0240745 378.539 0 0
1500 41.4934 5.10711 18.0426 -0.261984 0.127494 378.679 0 0
1500 119.237 3.36538 17.7877 0.95378 -0.0114346 378.789 0 0
1500 10.7671 -8.75076 17.7396 -0.749585 -0.200503 378.838 0 0
1500 112.683 -26.7279 17.6938 0.826177 -0.341609 378.891 0 0
1500 105.682 -24.6474 17.7045 0.706836 -0.433512 378.894 0 0
1500 6.54632 11.68 17.8902 -0.811381 0.193034 378.93 0 0
1500 140.925 -2.73993 18.2083 1.49848 -0.027005 379.047 0 0
1500 82.2981 62.1133 17.7617 0.382476 0.949023 379.093 0 0
1500 49.8923 -39.867 17.7039 -0.0627398 -0.643917 379.088 0 0
1500 46.4181 -22.7677 18.0617 -0.144115 -0.368753 379.139 0 0
1500 87.8991 58.6538 17.7644 0.460723 0.896749 379.328 0 0
1500 86.8025 -44.3369 18.071 0.485039 -0.720452 379.269 0 0
1500 80.668 2.9345 18.4154 0.452915 0.109833 379.338 0 0
1500 111.466 4.4975 17.9639 0.891202 0.0638169 379.266 0 0
1500 10.4975 35.9537 17.7201 -0.704788 0.60806 379.39 0 0
1500 111.662 43.0754 18.1018 0.921518 0.757052 379.175 0 0
1500 114.727 -7.56854 17.9591 0.974631 -0.199088 379.358 0 0
1500 21.1236 -58.1345 17.7101 -0.514595 -0.905044 379.764 0 0
1500 64.2413 45.0614 18.0377 0.0785813 0.717671 379.597 0 0
1500 67.7697 -23.9652 18.0211 0.122874 -0.399715 379.476 0 0
1500 68.666 -16.8396 17.9573 0.248632 -0.33096 379.58 0 0
1500 54.3068 43.5649 17.8676 -0.040349 0.666887 379.914 0 0
1500 28.3137 -23.3789 18.0194 -0.461566 -0.388346 379.932 0 0
1500 37.9265 -64.6894 17.7123 -0.272278 -0.995886 379.997 0 0
1500 3.76858 -43.5657 17.7132 -0.760508 -0.692616 380.078 0 0
1500 99.8276 18.3534 18.2663 0.709971 0.334099 379.995 0 0
1500 40.527 32.1236 17.9626 -0.262037 0.548743 379.975 0 0
1500 60.4346 -5.10872 17.9043 0.0225347 -0.0102225 380.095 0 0
1500 73.2023 -1.58736 18.4423 0.324965 0.0495619 380.458 0 0
1500 60.5945 37.8006 17.9653 0.0541559 0.593233 380.784 0 0
1500 114.87 29.7021 17.8361 0.913819 0.445865 380.769 0 0
1500 51.5666 -26.1043 18.0481 -0.045528 -0.464441 380.845 0 0
1500 89.6891 -30.2997 17.7865 0.555525 -0.469277 380.656 0 0
1500 67.4856 -92.2744 17.8551 0.0993594 -1.46633 380.822 0 0
1500 114.705 1.97463 18.0541 0.966445 0.0836589 380.746 0 0
1500 115.253 29.2711 17.8597 0.890965 0.42451 381.064 0 0
1500 19.7144 15.3673 17.8298 -0.630708 0.194988 381.003 0 0
1500 27.9112 -25.8754 18.0153 -0.451395 -0.448872 381.249 0 0
1500 31.8289 18.0732 17.7305 -0.447665 0.213388 381.202 0 0
1500 131.077 20.8353 17.9718 1.23596 0.393448 381.152 0 0
1500 84.6863 -27.7152 18.1455 0.44511 -0.431765 381.299 0 0
1500 67.6062 35.9776 18.0327 0.180905 0.60975 381.387 0 0
1500 77.6247 10.4072 17.9368 0.38728 0.170471 381.503 0 0
1500 83.4827 45.6008 17.897 0.363966 0.742314 381.597 0 0
1500 56.667 -23.3648 17.7782 -0.0942859 -0.347967 381.743 0 0
1500 43.0123 -37.5606 17.7366 -0.201637 -0.594921 382.076 0 0
1500 98.3328 18.9097 17.9219 0.638022 0.28316 382.22 0 0
1500 40.7965 -29.6791 17.7422 -0.231518 -0.482276 382.424 0 0
1500 84.0399 0.0116904 19.0184 0.574411 0.0581976 382.423 0 0
1500 91.2514 -19.5564 18.7836 0.637453 -0.342979 382.485 0 0
1500 125.68 -1.95147 17.7889 1.04454 -0.00686409 382.363 0 0
1500 17.8395 43.8567 17.8967 -0.604292 0.709859 382.222 0 0
1500 92.2626 2.7977 18.4502 0.646794 0.127973 382.304 0 0
1500 -0.982499 18.9519 17.7926 -0.921657 0.320717 382.514 0 0
1500 91.2443 -41.8214 17.8299 0.534124 -0.606655 382.631 0 0
1500 83.3395 -10.241 17.7477 0.359335 -0.210634 382.746 0 0
1500 94.2108 25.6097 18.449 0.666392 0.41943 382.803 0 0
1500 54.2491 12.9725 18.4078 -0.0422579 0.199496 382.761 0 0
1500 101.348 -8.19926 18.004 0.748796 -0.113653 382.82 0 0
1500 105.279 -5.55278 17.8917 0.793942 -0.0977659 382.647 0 0
1500 28.6661 44.8117 17.876 -0.422601 0.738424 382.854 0 0
1500 119.149 25.295 18.562 1.23261 0.458806 382.706 0 0
1500 92.1021 -25.9223 18.1111 0.554198 -0.399496 383.105 0 0
1500 63.3537 -2.03093 18.2072 0.151196 -0.0881107 383.041 0 0
1500 -8.61499 11.249 17.7963 -1.01948 0.20455 383.475 0 0
1500 92.5319 -15.3344 18.3304 0.630856 -0.275993 383.545 0 0
1500 116.824 -43.2203 17.7806 0.872632 -0.666092 383.691 0 0
1500 99.7347 -38.2981 17.9062 0.635244 -0.588557 384.016 0 0
1500 89.9245 -19.3059 18.032 0.499265 -0.320922 384.249 0 0
1500 51.1907 62.105 17.8766 -0.0873984 0.980843 383.815 0 0
1500 101.124 3.24907 18.2001 0.76026 0.0276046 384.042 0 0
1500 63.8494 8.96599 18.2118 0.154438 0.208044 383.779 0 0
1500 84.6161 14.932 18.5191 0.553061 0.276227 384.038 0 0
1500 24.5411 -10.3802 17.9248 -0.54699 -0.200879 384.203 0 0
1500 86.4515 -6.3745 17.94 0.526292 -0.0948938 384.355 0 0
1500 69.997 2.2178 17.9432 0.279914 0.0349011 383.937 0 0
1500 77.357 -24.3013 17.9579 0.247453 -0.3977 384.134 0 0
1500 118.325 -24.0241 17.8855 1.01818 -0.327909 383.799 0 0
1500 29.0825 -51.0102 17.9059 -0.520077 -0.805226 384.095 0 0
1500 63.8754 6.76267 18.296 0.161536 0.184852 384.055 0 0
1500 112.637 -53.6193 17.9511 0.963216 -0.858893 384.068 0 0
1500 26.4133 43.2296 17.8887 -0.52839 0.653355 384.416 0 0
1500 5.7809 -12.8567 17.8885 -0.834835 -0.181942 384.489 0 0
1500 91.135 -21.4268 18.016 0.548195 -0.29365 384.742 0 0
1500 21.3383 25.0697 17.771 -0.505351 0.414871 384.517 0 0
1500 122.268 19.0806 17.7977 1.02991 0.370069 384.666 0 0
1500 116.876 36.4609 18.3955 1.11933 0.683758 384.679 0 0
1500 81.6261 4.19177 18.1365 0.406626 0.105157 385.165 0 0
1500 63.3364 -0.254989 18.0314 0.168191 -0.00553862 385.524 0 0
1500 65.3699 1.11405 18.031 0.19562 0.0128953 385.504 0 0
1500 86.9603 -14.9476 18.0137 0.484591 -0.227438 384.952 0 0
1500 54.1093 23.4315 17.876 -0.0971992 0.3588 385.051 0 0
1500 11.5367 49.1178 17.8071 -0.713479 0.739376 384.808 0 0
1500 105.484 -5.03581 18.3544 0.835619 -0.062653 385.109 0 0
1500 -8.09521 7.67283 17.7753 -1.03174 0.119513 384.926 0 0
1500 17.3075 -48.7917 17.8112 -0.642472 -0.747116 385.371 0 0
1500 39.2389 -41.1 17.7824 -0.342832 -0.581591 385.334 0 0
1500 83.3759 38.4967 18.1643 0.414789 0.640522 385.16 0 0
1500 91.3868 -8.45408 18.2071 0.619568 -0.0938666 385.245 0 0
1500 104.066 -27.3938 18.0053 0.785191 -0.398055 385.609 0 0
1500 101.628 1.97106 18.0074 0.755685 0.0362839 385.024 0 0
1500 78.7316 -38.8796 18.0337 0.316986 -0.649619 385.02 0 0
1500 89.0823 3.39585 18.0205 0.532071 -0.0197918 385.266 0 0
1500 72.9619 6.33607 17.8601 0.281758 0.161426 385.62 0 0
1500 81.6498 -45.7725 18.4422 0.467783 -0.807037 385.429 0 0
1500 77.8448 -4.95395 18.5001 0.409464 -0.041664 386.063 0 0
1500 80.5761 24.0098 18.3154 0.404419 0.375773 386.063 0 0
1500 -8.46701 -9.51213 17.7865 -1.016 -0.127745 386.357 0 0
1500 30.943 60.4331 17.8289 -0.377766 0.955804 386.138 0 0
1500 67.3084 -67.7591 17.7406 0.20577 -1.00559 386.097 0 0
1500 42.8612 -22.6206 17.9601 -0.279263 -0.315896 385.915 0 0
1500 93.4454 13.5514 17.8538 0.591379 0.269887 386.258 0 0
1500 97.5008 -22.0459 17.7859 0.646018 -0.273921 386.185 0 0
1500 63.75 3.01944 17.8122 0.150035 0.0957858 386.06 0 0
1500 34.2207 64.0737 17.8495 -0.334115 0.992609 386.58 0 0
1500 60.547 -11.106 18.2172 0.0558616 -0.208276 386.573 0 0
1500 94.8346 -1.86097 17.7839 0.615673 -0.0843465 386.556 0 0
1500 74.8671 8.37669 17.7996 0.335757 0.144686 386.471 0 0
1500 83.9546 -0.543113 18.4692 0.452389 0.0531614 386.682 0 0
1500 89.3542 -98.4007 17.7643 0.499157 -1.44437 386.713 0 0
1500 93.1579 -40.1883 18.0417 0.589741 -0.659476 386.592 0 0
1500 0.449496 -7.16518 17.7532 -0.940586 -0.103468 386.673 0 0
1500 80.2427 9.23979 18.2513 0.435421 0.200847 386.764 0 0
1500 76.9085 49.9911 17.7993 0.260132 0.824242 386.609 0 0
1500 111.025 -2.22219 18.0521 0.922096 -0.00251423 386.628 0 0
1500 116.119 31.1306 17.8175 0.925177 0.472024 386.857 0 0
1500 -6.15977 -23.3517 17.8123 -0.99616 -0.32569 386.91 0 0
1500 75.5856 -30.638 18.122 0.288557 -0.533019 386.93 0 0
1500 9.72585 31.1732 17.798 -0.748941 0.537632 386.961 0 0
1500 31.1445 26.5447 18.0739 -0.421965 0.45231 387.145 0 0
1500 107.327 -13.6964 17.8033 0.823045 -0.206234 387.194 0 0
1500 47.1956 93.0338 17.9376 -0.189969 1.59938 387.126 0 0
1500 122.936 6.95805 18.0071 1.0372 0.106907 387.364 0 0
1500 65.1181 18.5105 18.4674 0.165048 0.309634 387.36 0 0
1500 30.7253 20.3001 18.1098 -0.443136 0.333859 387.351 0 0
1500 64.5503 2.40504 17.9975 0.0880565 -0.0295089 387.381 0 0
1500 26.5822 -56.4852 17.8268 -0.437365 -0.870933 388.595 0 0
1500 121.505 2.27018 17.9422 0.998596 0.0335777 388.094 0 0
1500 82.3753 -8.46587 18.055 0.414618 -0.153992 387.508 0 0
1500 67.9545 6.15599 17.8524 0.207228 0.0709179 387.656 0 0
1500 106.982 -26.4906 17.9271 0.780114 -0.384449 388.21 0 0
1500 37.4967 63.3228 17.7739 -0.311734 0.978041 387.803 0 0
1500 134.18 41.0892 17.8139 1.18012 0.598889 388.152 0 0
1500 18.0706 45.2306 17.8257 -0.641498 0.690677 388.029 0 0
1500 121.544 6.36892 17.8451 0.990724 0.155778 388.186 0 0
1500 109.501 26.8755 17.8358 0.851276 0.404731 387.893 0 0
1500 115.393 9.08071 17.8357 0.938684 0.138575 387.942 0 0
1500 115.516 27.7787 17.7999 0.928077 0.412281 388.529 0 0
1500 91.3569 -50.5293 17.8087 0.510716 -0.827624 388.515 0 0
1500 105.16 -12.3785 17.7832 0.775581 -0.232615 387.786 0 0
1500 81.5951 -44.7283 17.7825 0.417266 -0.72226 387.901 0 0
1500 59.2824 10.9012 18.0382 0.05275 0.242642 387.534 0 0
1500 152.323 -21.4515 17.9265 1.53896 -0.330569 388.083 0 0
1500 43.0342 64.2138 17.9389 -0.203643 1.11894 388.28 0 0
1500 44.4941 -11.1814 17.8152 -0.253239 -0.136847 388.755 0 0
1500 114.402 25.4616 17.7956 0.897918 0.426021 388.651 0 0
1500 94.0194 24.1956 18.2099 0.570348 0.431733 388.732 0 0
1500 91.1501 -84.5477 17.9043 0.512736 -1.36659 388.851 0 0
1500 22.4324 -57.4207 17.8667 -0.513609 -0.97533 388.864 0 0
1500 82.6709 25.7908 17.8229 0.467323 0.395582 388.847 0 0
1500 64.2452 51.5248 17.9477 0.155209 0.887347 388.853 0 0
1500 132.842 -6.64544 17.9596 1.31495 -0.0664946 388.95 0 0
1500 70.8246 -32.4458 18.5576 0.322853 -0.667269 388.913 0 0
1500 80.3497 -35.8906 17.8886 0.291828 -0.566071 389.25 0 0
1500 71.9491 -19.7671 18.1948 0.240948 -0.331363 389.334 0 0
1500 76.5463 -4.47286 18.1974 0.302028 -0.126233 389.461 0 0
1500 35.7993 -12.4665 17.9282 -0.346378 -0.203892 389.16 0 0
1500 24.5835 -18.0816 17.8267 -0.524964 -0.233158 389.436 0 0
1500 105.994 26.7294 18.0249 0.746547 0.472148 389.205 0 0
1500 24.0768 14.8599 17.9564 -0.545982 0.281445 389.157 0 0
1500 66.6441 6.75005 18.0901 0.211903 0.165634 389.368 0 0
1500 59.9919 -30.1364 17.8415 0.0641842 -0.532951 389.007 0 0
1500 59.3137 2.65496 17.8476 0.0111566 0.11709 389.218 0 0
1500 77.0246 67.0895 17.8625 0.339708 1.16178 389.451 0 0
1500 31.7815 -46.2158 17.952 -0.38375 -0.766052 389.572 0 0
1500 108.102 16.0357 17.8611 0.798632 0.307611 389.689 0 0
1500 27.4311 -19.6012 17.8266 -0.445936 -0.3742 389.794 0 0
1500 27.0879 -20.3007 17.8264 -0.451009 -0.384758 389.821 0 0
1500 96.8245 24.9437 17.8685 0.553561 0.413313 390.06 0 0
1500 65.6052 9.27453 18.4639 0.144905 0.178836 389.874 0 0
1500 75.3611 7.25374 18.0495 0.328691 0.0901321 390.129 0 0
1500 91.4987 13.4402 18.1527 0.552802 0.215039 390.314 0 0
1500 73.1387 -54.572 17.8076 0.244499 -0.892169 390.044 0 0
1500 71.991 -111.727 17.8357 0.261119 -1.7461 389.948 0 0
1500 83.0393 25.6772 17.8959 0.456117 0.433791 390.147 0 0
1500 117.425 -30.1623 17.8213 0.970779 -0.420004 390.329 0 0
1500 72.7405 -10.4753 17.9653 0.250434 -0.236633 390.359 0 0
1500 29.419 -38.3461 17.8212 -0.404538 -0.665985 390.329 0 0
1500 117.49 32.0031 17.8913 1.00686 0.579967 389.915 0 0
1500 88.9772 -48.6914 18.1544 0.599637 -0.838778 390.47 0 0
1500 75.0149 39.8305 17.9168 0.343099 0.630589 390.646 0 0
1500 50.3026 -21.9956 17.9885 -0.062207 -0.362808 390.747 0 0
1500 88.516 -13.3804 17.8587 0.426926 -0.252594 390.754 0 0
1500 99.7041 -6.09335 18.0097 0.657773 -0.111315 391.292 0 0
1500 33.1694 47.7808 17.7799 -0.422614 0.675163 391.069 0 0
1500 122.317 5.71825 17.857 1.01928 0.0448022 391.01 0 0
1500 19.9497 -51.9318 17.8062 -0.547507 -0.84321 390.782 0 0
1500 87.1414 14.5194 18.4078 0.542016 0.28227 391.27 0 0
1500 102.152 -8.48892 18.0559 0.754491 -0.0812661 391.19 0 0
1500 107.481 -6.06235 17.9137 0.828939 -0.0639525 391.11 0 0
1500 93.5276 -25.4837 17.8378 0.587823 -0.449231 390.794 0 0
1500 66.4181 -52.629 17.8342 0.174342 -0.853974 391.388 0 0
1500 96.9002 -37.5514 17.7929 0.652584 -0.530282 391.077 0 0
1500 95.4403 25.6001 17.9247 0.558637 0.45929 391.208 0 0
1500 74.2975 -41.1386 17.8576 0.329002 -0.638715 391.001 0 0
1500 112.524 5.55919 17.8878 0.899543 0.169478 391.217 0 0
1500 82.1751 -87.4658 17.9942 0.446761 -1.52914 391.473 0 0
1500 93.3572 11.4075 18.0709 0.703585 0.173529 391.351 0 0
1500 68.055 -1.74071 17.9877 0.224668 -0.0225823 391.497 0 0
1500 93.2274 -8.06086 18.098 0.574764 -0.1412 391.687 0 0
1500 104.756 -22.3647 17.9571 0.783611 -0.373561 391.673 0 0
1500 63.3113 41.4955 17.9092 0.146931 0.679177 391.574 0 0
1500 111.833 -2.16237 17.8529 0.888862 -0.0459315 391.778 0 0
1500 90.7069 7.79475 18.0267 0.554896 0.0498495 391.808 0 0
1500 116.316 -4.55242 17.8324 0.92248 -0.149882 391.756 0 0
1500 62.1203 1.64651 18.0624 0.151129 0.0285151 391.915 0 0
1500 68.4886 -27.0023 17.9284 0.214019 -0.40887 392.172 0 0
1500 113.88 -17.8352 17.8875 0.870024 -0.255181 392.323 0 0
1500 97.9935 -44.8496 17.7948 0.62462 -0.679438 392.24 0 0
1500 11.5902 49.0521 17.8196 -0.752399 0.717331 391.925 0 0
1500 121.167 -0.834638 18.1673 1.06257 0.0179419 392.207 0 0
1500 92.7 26.1837 18.4018 0.611142 0.471994 391.894 0 0
1500 73.9138 12.4373 18.0005 0.243732 0.262478 392.132 0 0
1500 193.344 -81.9754 17.8534 2.10542 -1.32578 392.117 0 0
1500 15.1498 101.881 17.8838 -0.657282 1.67508 391.944 0 0
1500 59.341 -55.7207 18.0792 0.0815518 -0.97087 392.114 0 0
1500 94.4513 -53.4443 18.2338 0.722267 -0.957782 391.895 0 0
1500 40.9321 -13.6427 17.9707 -0.276719 -0.209603 392.43 0 0
1500 92.6712 30.942 17.8744 0.53041 0.48969 392.336 0 0
1500 78.1785 11.7858 18.0324 0.343004 0.254981 392.342 0 0
1500 89.3103 -44.1959 17.8681 0.465337 -0.785841 392.33 0 0
1500 71.9683 -12.1959 18.2974 0.30126 -0.199419 393.438 0 0
1500 104.366 -1.56953 17.8088 0.704159 -0.0632591 393.343 0 0
1500 61.2931 -56.3923 17.8006 0.102238 -0.837608 392.735 0 0
1500 111.987 -41.8779 17.8398 0.86291 -0.59522 393.158 0 0
1500 110.136 -12.9822 18.1531 0.885267 -0.169402 393.164 0 0
1500 43.6897 53.582 17.8342 -0.188287 0.876538 392.617 0 0
1500 107.031 18.3179 17.9625 0.77813 0.345341 393.104 0 0
1500 49.1873 47.0519 18.1002 -0.147784 0.754886 393.363 0 0
1500 99.5805 35.348 17.9742 0.706525 0.562528 393.646 0 0
1500 78.0286 -35.9651 18.0501 0.389474 -0.589951 393.425 0 0
1500 50.5696 42.1685 18.0103 -0.0604865 0.706379 393.513 0 0
1500 77.1227 9.14805 18.0023 0.371223 0.191587 393.007 0 0
1500 46.315 81.0225 17.8847 -0.205264 1.30922 392.726 0 0
1500 28.4878 -16.1959 17.9037 -0.496552 -0.196013 393.532 0 0
1500 78.6438 40.2725 18.408 0.338691 0.703863 392.854 0 0
1500 8.54775 69.1284 17.9208 -0.866008 1.0804 393.404 0 0
1500 99.4586 -45.5525 17.8211 0.60588 -0.717142 393.733 0 0
1500 98.3212 -38.7338 17.7821 0.677019 -0.598582 393.72 0 0
1500 59.2219 -21.2119 18.4668 0.0389815 -0.374356 393.798 0 0
1500 92.8677 5.05022 18.0945 0.564817 0.0265757 394.118 0 0
1500 107.059 -26.1899 17.8004 0.760171 -0.358588 393.884 0 0
1500 93.454 -51.4554 17.8431 0.536067 -0.798555 394.007 0 0
1500 114.29 -32.2476 17.8608 0.899252 -0.488569 394.085 0 0
1500 72.983 48.6766 18.0067 0.274978 0.797774 394.068 0 0
1500 103.329 36.7496 17.7816 0.750967 0.537073 393.85 0 0
1500 54.3014 -60.9254 17.7815 0.014086 -0.930241 393.9 0 0
1500 94.8995 24.1012 17.9946 0.633797 0.414027 393.874 0 0
1500 72.8563 -39.3305 17.8513 0.252021 -0.670664 394.022 0 0
1500 88.5505 -1.33573 18.0127 0.470545 0.044111 394.308 0 0
1500 80.9391 -8.56181 18.8455 0.460682 -0.164212 394.445 0 0
1500 65.7871 1.45229 18.3171 0.230191 0.024406 394.51 0 0
1500 73.7996 30.7812 17.9587 0.293257 0.460399 394.294 0 0
1500 87.4604 -4.30261 18.6099 0.570952 -0.110257 394.627 0 0
1500 111.837 35.3117 17.7993 0.832422 0.542166 394.743 0 0
1500 101.412 51.1501 17.8338 0.658952 0.815227 394.64 0 0
1500 44.1702 6.70071 18.0278 -0.234066 0.0440313 394.456 0 0
1500 71.9007 7.77184 17.9185 0.20964 0.195283 394.549 0 0
1500 102.783 -102.388 17.8847 0.701614 -1.73598 394.448 0 0
1500 102.207 -32.3537 17.8466 0.690148 -0.558078 394.791 0 0
1500 71.7406 -45.1108 17.9466 0.24349 -0.751736 394.758 0 0
1500 79.3695 51.9153 17.9984 0.419585 0.856611 394.796 0 0
1500 63.2562 -7.36601 18.5444 0.192764 -0.153058 396.186 0 0
1500 78.4518 -12.8884 17.9776 0.365641 -0.190186 395.827 0 0
1500 98.1628 6.52605 17.8923 0.598322 0.151604 395.315 0 0
1500 50.8305 37.6641 17.8936 -0.058543 0.583062 395.403 0 0
1500 90.4382 -5.9341 18.6129 0.603333 -0.131211 395.767 0 0
1500 55.5038 -87.7978 17.7998 -0.0845043 -1.29091 395.05 0 0
1500 103.49 15.4966 17.9145 0.702941 0.255313 396.181 0 0
1500 113.554 7.85073 17.8292 0.85141 0.134656 395.827 0 0
1500 50.7977 -69.2473 17.7804 -0.0378301 -1.03597 395.137 0 0
1500 69.4185 -68.0517 17.7808 0.236086 -1.01562 395.319 0 0
1500 67.6142 56.4235 17.9849 0.204303 0.901518 395.215 0 0
1500 47.5142 -56.1878 17.8457 -0.131251 -0.913147 395.015 0 0
1500 92.4492 -15.2986 18.2352 0.640752 -0.247311 395.905 0 0
1500 50.3087 -0.884883 18.3739 -0.114977 -0.0345247 395.718 0 0
1500 39.8298 59.1088 17.8173 -0.223792 0.941519 396.134 0 0
1500 62.535 41.3665 17.9424 0.116159 0.69656 395.205 0 0
1500 99.5895 -29.8788 17.9575 0.715915 -0.4652 395.923 0 0
1500 94.538 29.9023 17.8541 0.549289 0.529989 395.164 0 0
1500 88.921 -3.8243 17.9722 0.537712 -0.118551 394.976 0 0
1500 34.2447 -30.0763 17.8329 -0.38537 -0.53478 395.144 0 0
1500 92.478 -26.7816 17.8317 0.506579 -0.483312 395.272 0 0
1500 79.0867 -28.6714 17.8825 0.273746 -0.491858 395.085 0 0
1500 51.1862 -45.0156 17.9598 -0.157804 -0.707947 396.099 0 0
1500 80.5507 -30.0232 17.953 0.415065 -0.520201 395.346 0 0
1500 96.1098 12.6327 17.8315 0.646683 0.237956 395.768 0 0
1500 59.632 1.21423 18.6244 0.0699612 0.0695813 395.668 0 0
1500 34.7794 -28.9012 17.8448 -0.432378 -0.431627 395.907 0 0
1500 81.9497 -3.53257 17.8944 0.391942 0.0215034 396.108 0 0
1500 38.1095 55.5496 17.8985 -0.382578 0.857445 396.187 0 0
1500 70.1876 -23.1465 18.5481 0.239265 -0.434194 395.588 0 0
1500 51.1072 19.3229 17.9837 -0.0929067 0.397596 395.548 0 0
1500 115.915 -2.68265 17.9546 1.02583 -0.0975729 395.787 0 0
1500 84.3074 -31.9203 18.2007 0.557816 -0.574806 395.971 0 0
1500 53.7452 53.5111 18.2455 -0.0038587 1.01629 395.696 0 0
1500 106.425 -2.59408 17.9365 0.775022 0.0318867 396.322 0 0
1500 97.4696 62.6506 17.8554 0.599776 0.944207 396.68 0 0
1500 27.5974 -48.5278 17.8803 -0.448625 -0.8039 396.51 0 0
1500 41.1594 -55.9515 17.8709 -0.301381 -0.889582 396.629 0 0
1500 90.1379 10.1997 17.9809 0.587703 0.155299 396.619 0 0
1500 43.9438 15.5701 17.8395 -0.282385 0.195283 396.606 0 0
1500 84.19 -60.1041 17.9418 0.418247 -0.948749 396.767 0 0
1500 84.8628 58.1736 17.8164 0.44569 0.9189 396.761 0 0
1500 47.1175 54.0607 17.9325 -0.123416 0.883512 396.893 0 0
1500 68.2006 39.5655 17.8404 0.224961 0.646527 396.797 0 0
1500 38.3556 -25.7141 17.8534 -0.275364 -0.470949 396.795 0 0
1500 38.9155 19.8542 17.8373 -0.360056 0.261563 396.754 0 0
1500 56.1007 -28.337 17.836 -0.0922312 -0.488381 396.849 0 0
1500 61.455 47.9154 18.0164 -0.000692573 0.811689 396.79 0 0
1500 85.9638 36.0937 17.8702 0.506979 0.581913 396.938 0 0
1500 33.8824 3.67058 18.0286 -0.389661 0.119876 396.948 0 0
1500 87.031 -8.76908 17.9664 0.477472 -0.210768 396.927 0 0
1500 111.518 -20.002 17.9106 0.912235 -0.390063 396.92 0 0
1500 81.9868 106.319 18.7069 0.539465 2.09114 396.963 0 0
1500 59.008 17.7362 18.1186 0.0856637 0.29766 397.115 0 0
1500 49.4927 -11.3453 17.8623 -0.0971251 -0.222798 397.102 0 0
1500 104.515 13.226 17.8521 0.721966 0.172582 397.304 0 0
1500 33.7969 42.3734 17.82 -0.313321 0.65781 397.331 0 0
1500 92.5337 53.5063 17.9003 0.507411 0.865713 397.154 0 0
1500 15.1386 -31.9931 17.8815 -0.718001 -0.492869 397.443 0 0
1500 83.2099 45.0762 17.8339 0.451396 0.723855 397.473 0 0
1500 70.1659 52.1747 17.8333 0.252282 0.831009 397.554 0 0
1500 27.4776 -6.3809 17.8718 -0.54463 -0.0817946 397.14 0 0
1500 67.6996 -5.15858 17.9023 0.223689 -0.121814 397.298 0 0
1500 81.9412 0.807797 17.8863 0.39844 -0.0625754 397.302 0 0
1500 81.2856 -3.95742 17.874 0.359331 -0.143446 397.39 0 0
1500 83.9429 -67.1967 17.9537 0.498978 -1.13262 397.459 0 0
1500 97.182 -14.6016 17.9695 0.605948 -0.308479 397.34 0 0
1500 47.464 -63.3412 17.9698 -0.164767 -1.00104 397.616 0 0
1500 121.104 -39.0792 17.9526 1.09342 -0.702669 397.743 0 0
1500 106.779 33.253 17.7993 0.756321 0.456464 397.939 0 0
1500 84.1723 62.1582 17.883 0.445516 0.948115 397.799 0 0
1500 93.2526 -0.385821 18.5933 0.67947 0.0340764 397.809 0 0
1500 56.729 -79.3031 17.8534 -0.0762331 -1.25244 397.906 0 0
1500 81.0122 -3.72129 18.3542 0.445769 -0.132171 397.78 0 0
1500 52.4973 84.151 17.8664 -0.106887 1.40465 397.908 0 0
1500 93.4998 30.5482 18.3736 0.629097 0.517404 398.334 0 0
1500 83.7493 23.0516 18.8283 0.557476 0.380567 398.888 0 0
1500 110.056 -0.484332 17.8051 0.797525 -0.0210958 398.399 0 0
1500 116.495 26.8627 17.8896 0.900666 0.428505 398.901 0 0
1500 -9.0776 -9.2879 17.8691 -1.03054 -0.185418 398.197 0 0
1500 95.1689 52.3353 17.9283 0.587921 0.841541 398.159 0 0
1500 64.6241 67.7679 17.8062 0.163542 1.0312 398.464 0 0
1500 64.1026 -64.661 17.9204 0.0900223 -1.02742 398.659 0 0
1500 113.783 5.40146 17.9693 0.929771 0.0801927 398.003 0 0
1500 98.0248 -45.1549 17.9496 0.627939 -0.748535 398.87 0 0
1500 30.3105 -43.9087 17.8712 -0.397925 -0.744479 398.557 0 0
1500 82.0653 21.6724 18.0787 0.465101 0.373339 398.772 0 0
1500 59.1416 -25.8952 18.0195 0.0373133 -0.476775 398.444 0 0
1500 78.1197 57.2746 17.8568 0.247007 0.921964 398.678 0 0
1500 28.8773 29.0019 17.8417 -0.489057 0.514558 398.415 0 0
1500 84.2488 -26.4153 17.8317 0.351564 -0.465887 398.458 0 0
1500 67.6632 -38.5275 17.8291 0.0933737 -0.652198 398.658 0 0
1500 38.2327 23.8552 17.8615 -0.380307 0.394266 398.477 0 0
1500 44.5302 -63.6371 17.9852 -0.175437 -1.06738 398.675 0 0
1500 103.691 37.5418 17.8918 0.698172 0.660102 398.853 0 0
1500 85.0263 -75.7155 17.9121 0.392632 -1.25453 398.74 0 0
1500 132.879 -90.9704 17.8985 1.26211 -1.51252 398.173 0 0
1500 125.143 -76.2484 17.8805 1.09965 -1.329 398.37 0 0
1500 53.9209 42.9868 17.9125 -0.153781 0.728125 398.153 0 0
1500 151.857 -13.3923 18.294 1.70718 -0.21179 398.601 0 0
1500 22.3714 10.8528 18.1925 -0.626841 0.270709 398.999 0 0
1500 104.087 48.2185 17.9006 0.687167 0.768635 399.682 0 0
1500 102.906 24.6991 18.0478 0.779329 0.349755 399.359 0 0
1500 92.3774 20.9262 18.0368 0.520837 0.353219 399.719 0 0
1500 84.0526 -23.3605 17.8178 0.426528 -0.338783 399.265 0 0
1500 61.9522 -30.4528 17.8211 0.119034 -0.436125 399.468 0 0
1500 71.4704 -52.1476 17.8671 0.21343 -0.799847 399.423 0 0
1500 110.609 15.0098 17.9015 0.802862 0.2547 400.089 0 0
1500 92.2558 51.8021 17.8596 0.481623 0.807688 399.666 0 0
1500 76.4964 52.8937 17.8651 0.294495 0.811878 400.326 0 0
1500 25.4741 -56.7531 17.8272 -0.489283 -0.88833 399.22 0 0
1500 -8.03468 -32.0608 17.7985 -1.0151 -0.504781 399.774 0 0
1500 122.49 8.41999 17.9656 1.03742 0.122721 399.469 0 0
1500 -8.25976 -4.35767 17.875 -1.04284 -0.0718927 399.331 0 0
1500 63.9527 65.9374 17.8746 0.106095 1.03097 400.315 0 0
1500 109.584 42.7384 17.8729 0.778481 0.701033 399.569 0 0
1500 119.321 -39.2772 17.9206 0.980313 -0.619758 399.393 0 0
1500 80.0687 57.3374 17.9316 0.387056 0.900726 399.584 0 0
1500 118.368 27.0363 17.8263 0.954255 0.433919 399.74 0 0
1500 118.713 78.5403 17.8336 0.931631 1.2213 400.052 0 0
1500 60.0828 -66.0983 17.8198 0.0301429 -1.04772 400.088 0 0
1500 110.584 -34.4812 17.9343 0.870908 -0.520128 399.51 0 0
1500 108.854 18.3091 18.0791 0.8701 0.26743 399.398 0 0
1500 -27.229 19.8194 17.8926 -1.34556 0.302421 399.394 0 0
1500 121.761 -16.0684 17.862 0.976773 -0.312049 400.053 0 0
1500 37.585 -23.616 18.0831 -0.342613 -0.397883 399.82 0 0
1500 31.0047 -44.9054 17.8197 -0.468517 -0.740993 399.535 0 0
1500 51.4778 -48.274 17.8583 -0.0327766 -0.783492 399.598 0 0
1500 64.3657 44.9045 17.8091 0.170056 0.709816 399.206 0 0
1500 90.2108 -38.3935 17.8389 0.547022 -0.64339 399.988 0 0
1500 60.9957 41.5659 17.9145 -0.016683 0.666227 399.823 0 0
1500 93.5139 -20.5076 17.8989 0.628505 -0.29207 399.97 0 0
1500 44.5871 44.5721 17.8741 -0.260853 0.7327 400.236 0 0
1500 66.9566 -5.39132 17.8268 0.213484 -0.0907581 399.989 0 0
1500 64.1188 1.19369 17.9306 0.0724997 0.0890803 399.605 0 0
1500 45.3829 -28.9209 17.8335 -0.241878 -0.514088 400.253 0 0
1500 14.8891 -34.2875 17.8867 -0.655801 -0.621982 400.259 0 0
1500 68.7937 36.8034 17.9771 0.144598 0.689773 399.896 0 0
1500 104.137 25.8413 18.7997 0.950228 0.636653 399.714 0 0
1500 66.5671 -64.7471 17.8611 0.151468 -1.03232 400.49 0 0
1500 142.118 10.0998 17.9459 1.37207 0.181306 400.607 0 0
1500 64.8923 -85.386 17.8275 0.113714 -1.38296 400.787 0 0
1500 17.796 34.9037 17.8423 -0.582382 0.604117 400.79 0 0
1500 13.5815 2.97666 17.9167 -0.705771 0.11514 400.597 0 0
1500 62.8439 -28.2524 17.8961 0.0188607 -0.484531 400.495 0 0
1500 99.5498 -64.371 17.8679 0.733254 -1.03611 400.508 0 0
1500 13.4905 37.799 17.8797 -0.720347 0.686382 400.572 0 0
1500 72.0455 -34.1398 17.9878 0.176852 -0.601544 400.633 0 0
1500 39.083 -5.93355 18.4231 -0.314731 -0.156138 400.623 0 0
1500 82.2882 -11.8902 17.8558 0.380865 -0.111645 401.486 0 0
1500 118.453 21.8672 18.0243 0.987126 0.338486 401.286 0 0
1500 95.0121 -17.8719 18.6844 0.656139 -0.3352 400.996 0 0
1500 86.3191 31.4796 17.9631 0.446962 0.494526 401.271 0 0
1500 96.2359 17.4928 17.9016 0.609227 0.235593 401.489 0 0
1500 81.2909 59.5627 17.8304 0.310778 0.923794 400.935 0 0
1500 122.77 -7.83899 17.8301 1.00201 -0.0785119 400.897 0 0
1500 126.222 5.0422 17.8577 1.0811 0.0650941 400.846 0 0
1500 118.114 22.3826 17.7942 0.969903 0.350298 401.288 0 0
1500 103.856 -40.1774 17.8528 0.764384 -0.631915 401.281 0 0
1500 59.0909 -29.9375 18.3269 0.0404997 -0.516876 401.418 0 0
1500 31.0339 47.6244 17.8402 -0.378266 0.796282 401.014 0 0
1500 66.0165 54.1798 17.9085 0.0993276 0.891338 401.414 0 0
1500 108.132 18.3286 17.8353 0.766929 0.357358 401.148 0 0
1500 44.1138 -53.8323 17.8137 -0.149741 -0.863476 401.312 0 0
1500 39.7448 -42.1096 17.8254 -0.326208 -0.711883 400.92 0 0
1500 99.8699 13.311 17.9199 0.704492 0.144685 401.512 0 0
1500 59.2539 -28.23 17.9293 0.0938291 -0.48292 401.347 0 0
1500 116.935 1.30202 18.3755 1.04979 0.068916 400.96 0 0
1500 124.634 9.43046 18.0668 1.12039 0.221135 401.302 0 0
1500 107.122 41.0989 18.3317 0.978201 0.746708 401.512 0 0
1500 72.9541 -22.7978 18.4374 0.255621 -0.371222 401.741 0 0
1500 67.9326 -33.8191 17.9926 0.197023 -0.521791 401.801 0 0
1500 81.5989 -31.4102 17.9899 0.386815 -0.48974 401.619 0 0
1500 38.5228 -16.4649 17.8584 -0.289416 -0.295111 401.984 0 0
1500 25.4769 -23.3909 17.898 -0.498686 -0.372949 401.694 0 0
1500 118.721 -20.1803 17.8594 0.9163 -0.354068 401.818 0 0
1500 92.3711 -12.1858 18.0027 0.623785 -0.167393 401.561 0 0
1500 99.0096 -61.8807 17.9371 0.728049 -0.975089 401.581 0 0
1500 107.809 -13.2606 17.9414 0.843414 -0.260109 401.893 0 0
1500 57.5974 39.3761 17.9527 0.0453673 0.606847 402.76 0 0
1500 75.0158 6.01672 18.0002 0.292952 0.0284074 402.279 0 0
1500 39.3067 -52.4389 17.8318 -0.26718 -0.819328 402.332 0 0
1500 84.0568 -60.9083 17.8281 0.43633 -0.952408 402.446 0 0
1500 12.9571 73.6459 17.84 -0.708671 1.15677 402.743 0 0
1500 75.7239 -5.92046 18.4819 0.420536 -0.121036 402.131 0 0
1500 121.508 17.5064 17.8267 0.953275 0.338184 402.418 0 0
1500 91.9286 3.99783 18.3001 0.648985 0.0666258 402.147 0 0
1500 84.1834 32.571 17.9859 0.466818 0.559572 402.355 0 0
1500 3.25828 -10.0093 17.8145 -0.873679 -0.0845342 402.622 0 0
1500 76.9323 23.4737 17.9581 0.289008 0.438019 402.193 0 0
1500 71.969 43.7636 17.8837 0.178103 0.77661 402.594 0 0
1500 145.325 -82.1282 18.6257 1.71664 -1.58353 402.307 0 0
1500 64.7977 -2.38604 18.237 0.15929 -0.0964525 403.245 0 0
1500 73.455 4.5883 17.9352 0.233282 0.131608 402.937 0 0
1500 26.5328 -24.0835 17.8433 -0.442867 -0.408835 403.365 0 0
1500 94.6377 -39.0032 17.873 0.544809 -0.623798 403.357 0 0
1500 102.37 35.1109 17.8724 0.710465 0.503803 403.591 0 0
1500 102.615 35.8585 17.8987 0.709208 0.547063 403.606 0 0
1500 25.0046 -52.4876 17.8149 -0.530475 -0.811364 403.208 0 0
1500 90.5915 6.11258 18.7714 0.675375 0.119566 403.043 0 0
1500 112.761 -13.2586 17.99 0.918604 -0.180282 402.854 0 0
1500 116.039 29.8088 17.797 0.928569 0.401679 403.537 0 0
1500 105.29 97.67 17.888 0.808037 1.55052 402.881 0 0
1500 63.6946 8.14108 18.0425 0.13879 0.199661 403.432 0 0
1500 100.925 14.2134 17.9843 0.720128 0.300181 402.922 0 0
1500 -64.6629 148.251 17.8711 -1.95407 2.47335 402.967 0 0
1500 116.486 -8.90153 18.3843 1.12422 -0.186129 403.369 0 0
1500 36.0586 21.6008 18.0691 -0.426217 0.439351 403.15 0 0
1500 56.026 7.04334 19.1087 0.019469 0.141524 403.366 0 0
1500 47.2591 32.7437 18.0485 -0.140747 0.517254 403.903 0 0
1500 63.8873 -6.23973 18.6066 0.190847 -0.146889 404.147 0 0
1500 71.5587 -4.40455 18.6051 0.293795 -0.122512 404.05 0 0
1500 75.9239 -12.7831 18.0756 0.334241 -0.208383 403.72 0 0
1500 85.3663 -13.9427 18.1428 0.467265 -0.233896 404.036 0 0
1500 40.2997 -52.9293 17.8203 -0.305663 -0.808925 403.963 0 0
1500 91.1883 -13.8566 18.6837 0.619166 -0.276024 404.124 0 0
1500 82.6556 22.9563 18.0954 0.421547 0.427116 404.27 0 0
1500 97.199 -6.80114 17.8814 0.68014 -0.0716164 404.107 0 0
1500 24.51 -15.0097 17.8976 -0.578433 -0.194667 404.031 0 0
1500 75.8583 -2.29884 17.8446 0.337778 0.010881 404.293 0 0
1500 83.6308 -5.93433 18.0061 0.474122 -0.150838 403.729 0 0
1500 17.5849 5.11983 18.1582 -0.74254 0.108331 404.18 0 0
1500 61.7907 -36.1888 18.4616 0.0904907 -0.728905 404.176 0 0
1500 48.3618 -13.1182 18.4728 -0.186015 -0.304728 404.069 0 0
1500 83.3057 -49.5546 17.8601 0.43127 -0.732959 404.92 0 0
1500 46.5174 60.8644 17.8365 -0.134093 0.94382 404.804 0 0
1500 97.907 1.156 18.5935 0.737593 0.0737666 404.583 0 0
1500 31.5445 59.1528 17.9361 -0.396887 0.951177 404.825 0 0
1500 25.7378 -106.726 17.8149 -0.438337 -1.66463 404.623 0 0
1500 11.4509 25.6646 17.8803 -0.732843 0.461954 404.47 0 0
1500 77.1787 -12.7293 17.8436 0.35764 -0.14974 404.384 0 0
1500 80.8025 -6.57275 17.8429 0.413058 -0.0548923 404.444 0 0
1500 113.962 -54.5056 17.9385 0.883587 -0.915095 404.785 0 0
1500 24.0655 20.0947 17.8458 -0.585494 0.26394 404.893 0 0
1500 103.236 18.5567 18.0876 0.75265 0.369332 404.526 0 0
1500 113.367 31.4428 18.453 1.01669 0.598731 404.632 0 0
1500 44.4423 46.1052 17.9587 -0.223867 0.702031 405.918 0 0
1500 105.61 12.6778 17.8463 0.706896 0.244201 405.973 0 0
1500 92.9114 48.3523 17.8378 0.534096 0.761179 404.991 0 0
1500 115.435 32.8972 17.8088 0.902904 0.45259 405.803 0 0
1500 45.6919 65.1813 17.8759 -0.163952 1.03532 405.168 0 0
1500 84.7844 29.1306 18.6111 0.532014 0.496105 405.184 0 0
1500 63.255 66.0662 17.9352 0.0737878 1.04498 405.402 0 0
1500 1.51174 41.3267 17.7922 -0.887516 0.555127 405.962 0 0
1500 107.976 20.5918 18.0222 0.803798 0.382543 405.122 0 0
1500 105.882 2.47887 18.5878 0.879067 -0.00876531 405.407 0 0
1500 90.7161 -38.5736 17.9182 0.548 -0.653716 404.999 0 0
1500 76.9988 35.0673 17.835 0.349708 0.577694 405.342 0 0
1500 97.7224 -17.3909 17.8341 0.662849 -0.217864 405.473 0 0
1500 68.5634 37.1065 18.1816 0.221537 0.637447 405.61 0 0
1500 25.5803 -38.0888 18.0598 -0.500085 -0.642386 405.686 0 0
1500 94.557 -41.5452 17.9664 0.636746 -0.66335 405.941 0 0
1500 8.47432 9.71658 17.8383 -0.817612 0.102387 405.598 0 0
1500 50.1591 15.6439 18.2078 -0.135708 0.197907 405.461 0 0
1500 45.1477 59.2763 17.8608 -0.272973 0.930317 404.963 0 0
1500 120.016 12.0475 17.8488 0.978315 0.26243 404.975 0 0
1500 9.28165 -27.5022 17.8498 -0.801231 -0.372857 405.991 0 0
1500 68.1744 -12.881 17.9644 0.195269 -0.274826 405.064 0 0
1500 62.4131 25.0815 17.8372 0.117213 0.451495 405.022 0 0
1500 47.3142 2.09265 17.9959 -0.159807 0.109091 405.77 0 0
1500 133.306 -35.2637 18.0896 1.34866 -0.703902 405.202 0 0
1500 64.4548 -4.83183 17.9848 0.139841 -0.127394 406.325 0 0
1500 35.4933 42.0011 17.9157 -0.338997 0.65744 406.316 0 0
1500 72.5782 9.587 18.8357 0.371684 0.211065 406.317 0 0
1500 88.6635 53.3113 18.0163 0.505329 0.864738 406.026 0 0
1500 112.566 19.947 17.9652 0.906311 0.264632 406.118 0 0
1500 32.9061 20.2998 18.1793 -0.413734 0.300109 406.178 0 0
1500 7.99274 -19.2923 17.8078 -0.758071 -0.371687 406.18 0 0
1500 105.381 -5.47733 17.8553 0.79276 -0.0394144 406.335 0 0
1500 -20.6423 -171.217 17.8741 -1.23937 -2.74353 406.169 0 0
1500 69.8248 -2.55529 18.1583 0.267488 -0.0207024 407.426 0 0
1500 88.0924 -12.5272 18.2123 0.525331 -0.197731 407.284 0 0
1500 57.9685 13.8817 17.9721 -0.0326433 0.24393 407.005 0 0
1500 37.4165 17.4715 17.9257 -0.308164 0.30708 407.153 0 0
1500 24.504 2.74102 17.8951 -0.520696 -0.00248887 407.465 0 0
1500 108.082 -1.63475 17.9967 0.795432 -0.00495739 407.258 0 0
1500 112.942 6.17077 17.993 0.869174 0.105873 406.84 0 0
1500 11.6433 33.8931 17.8139 -0.699748 0.551061 406.888 0 0
1500 99.0088 48.2039 17.8992 0.656223 0.745545 407.338 0 0
1500 54.4248 64.156 17.8521 -0.00251583 0.985019 407.274 0 0
1500 123.439 12.5916 17.8491 1.00846 0.240979 406.489 0 0
1500 5.38486 38.839 17.8729 -0.785778 0.631113 407.774 0 0
1500 109.077 -40.9889 17.9594 0.832548 -0.636985 407.809 0 0
1500 92.3492 -26.2538 18.4052 0.638246 -0.445865 407.143 0 0
1500 15.1913 -47.0183 17.8285 -0.692548 -0.741322 407.708 0 0
1500 107.539 -26.7977 17.9476 0.837664 -0.386308 406.422 0 0
1500 103.884 44.3335 17.8545 0.66938 0.738085 406.774 0 0
1500 40.578 -13.7291 18.3695 -0.248831 -0.260283 406.822 0 0
1500 -16.0815 19.6105 17.8324 -1.17344 0.340709 407.687 0 0
1500 84.4377 46.6596 17.9754 0.4067 0.781549 407.445 0 0
1500 70.4057 27.08 17.8434 0.198694 0.499125 406.378 0 0
1500 40.7818 36.2584 17.8872 -0.324368 0.601072 407.096 0 0
1500 89.9161 -24.0436 17.8637 0.565139 -0.335855 406.985 0 0
1500 93.8635 45.1706 18.1129 0.56919 0.801727 406.719 0 0
1500 107.027 44.3637 17.9909 0.8495 0.801041 407.179 0 0
1500 35.9655 -52.439 18.1057 -0.350637 -0.959657 406.759 0 0
1500 -5.91121 -30.7565 18.049 -1.12255 -0.45612 407.713 0 0
1500 91.2721 -10.4941 18.3019 0.582966 -0.138683 408.526 0 0
1500 81.7708 -16.3151 18.0206 0.415433 -0.198593 408.735 0 0
1500 106.226 28.6058 17.9052 0.750604 0.45601 408.26 0 0
1500 109.951 8.74184 17.8609 0.787886 0.179352 408.48 0 0
1500 106.399 36.076 18.0185 0.757833 0.593634 407.941 0 0
1500 50.9616 63.0264 17.8142 -0.133185 0.981961 408.207 0 0
1500 60.5187 63.3373 17.8145 0.00563694 0.985648 408.264 0 0
1500 -2.57639 -19.0981 17.8294 -0.944801 -0.323932 408.492 0 0
1500 -9.15559 -6.04818 17.8411 -1.04379 -0.0438972 408.423 0 0
1500 23.2589 -25.8242 17.8659 -0.51102 -0.472732 408.177 0 0
1500 97.8631 -3.70683 17.857 0.678063 -0.00804135 408.622 0 0
1500 54.2513 -2.68626 17.8863 -0.0693293 0.0347654 408.209 0 0
1500 18.3627 -31.0301 17.9501 -0.6917 -0.516591 408.34 0 0
1500 63.7081 137.381 17.8406 0.143732 2.23441 408.519 0 0
1500 74.4317 43.1363 18.3775 0.299565 0.78601 408.661 0 0
1500 29.8328 44.1976 18.1851 -0.451937 0.825016 407.947 0 0
1500 81.8925 9.97066 18.3056 0.452017 0.142399 408.824 0 0
1500 39.8546 -26.2808 18.0736 -0.289862 -0.386268 408.916 0 0
1500 101.251 6.6104 18.172 0.703297 0.12786 408.746 0 0
1500 91.1351 12.118 17.9547 0.546263 0.184145 409.173 0 0
1500 78.1719 9.23777 17.8752 0.329765 0.183202 409.71 0 0
1500 93.0353 24.1547 17.8818 0.563229 0.371464 410.163 0 0
1500 40.3054 42.6172 17.8269 -0.281368 0.66976 409.824 0 0
1500 75.4822 -15.8475 17.9339 0.289266 -0.281534 411.038 0 0
1500 71.912 14.0836 18.1906 0.246845 0.26109 412.42 0 0
1500 112.783 -10.9889 17.9684 0.859108 -0.190164 410.018 0 0
1500 112.479 -26.0541 17.9647 0.861105 -0.407482 409.502 0 0
1500 112.054 -27.5826 17.9645 0.855505 -0.429636 409.462 0 0
1500 72.1669 -25.4214 18.1566 0.1984 -0.41041 412.214 0 0
1500 86.3517 0.404055 18.0715 0.473694 -0.0395965 412.158 0 0
1500 48.6045 -62.9219 17.8304 -0.194392 -0.961344 408.802 0 0
1500 104.435 -5.48177 17.956 0.737959 -0.0598526 411.156 0 0
1500 2.13094 35.0161 17.8535 -0.833629 0.578494 409.004 0 0
1500 85.9296 -33.6376 17.8217 0.388603 -0.546925 411 0 0
1500 119.129 16.408 17.913 0.992989 0.266975 409.038 0 0
1500 99.5894 43.3389 17.9182 0.675762 0.643088 411.644 0 0
1500 89.6687 -46.4208 17.9102 0.473706 -0.73232 412.368 0 0
1500 122.358 8.32715 17.841 1.01305 0.11346 410.863 0 0
1500 115.483 -3.98274 17.9891 0.949159 -0.098871 408.911 0 0
1500 45.4699 65.2865 17.8837 -0.20876 1.02557 410.694 0 0
1500 73.6172 4.79678 18.3373 0.372513 0.0556548 409.882 0 0
1500 119.856 -1.08605 17.8397 1.00659 -0.0196835 409.348 0 0
1500 93.7012 -57.1907 17.8374 0.60598 -0.852346 410.173 0 0
1500 120.444 4.03143 18.0869 1.02529 0.0342165 410.753 0 0
1500 56.2386 -45.8174 17.8709 0.0427071 -0.728556 409.737 0 0
1500 63.325 -59.7138 17.9851 0.101468 -0.969727 409.922 0 0
1500 107.324 -21.2529 17.9907 0.769522 -0.397907 409.165 0 0
1500 105.229 42.6372 18.0043 0.781878 0.674884 410.826 0 0
1500 88.3385 57.478 17.9333 0.477112 0.903265 412.141 0 0
1500 35.1637 48.5018 17.9415 -0.308664 0.809386 409.041 0 0
1500 83.2103 -42.9595 17.935 0.424223 -0.725998 409.039 0 0
1500 74.0118 -18.654 18.3359 0.347577 -0.345203 409.844 0 0
1500 116.061 14.1926 17.8346 0.941673 0.255774 409.734 0 0
1500 108.983 19.3217 17.9659 0.798729 0.352592 411.536 0 0
1500 81.314 -53.1752 18.0445 0.421642 -0.857002 410.543 0 0
1500 97.5781 6.52535 18.057 0.678808 0.037736 409.203 0 0
1500 69.5764 48.7488 17.8506 0.238557 0.79583 409.205 0 0
1500 64.4312 16.6198 18.082 0.0758767 0.306611 409.49 0 0
1500 83.0126 -40.2455 17.9986 0.436683 -0.68046 409.881 0 0
1500 95.6429 -30.1674 17.9981 0.628391 -0.526688 409.933 0 0
1500 23.4966 -9.98248 17.9374 -0.578703 -0.203827 409.019 0 0
1500 105.943 35.216 17.8617 0.716505 0.608233 410.319 0 0
1500 9.41977 43.7402 17.8566 -0.734905 0.725772 411.381 0 0
1500 27.0528 55.1891 17.8575 -0.473783 0.900289 411.105 0 0
1500 14.9923 34.7916 17.8638 -0.665063 0.604347 410.041 0 0
1500 66.7822 52.595 17.9743 0.183933 0.865373 410.448 0 0
1500 116.993 19.9277 17.8552 0.909678 0.374011 410.764 0 0
1500 86.7779 38.4501 17.8903 0.510943 0.632077 409.836 0 0
1500 66.0781 34.1186 17.8985 0.196181 0.571944 409.13 0 0
1500 64.0023 -42.0439 17.8565 0.060974 -0.717915 409.486 0 0
1500 24.2439 -56.6536 17.8403 -0.529695 -0.904529 412.265 0 0
1500 40.9374 -41.816 17.8544 -0.294024 -0.712369 409.671 0 0
1500 5.67632 33.1085 17.8368 -0.84669 0.449731 410.781 0 0
1500 98.4306 -14.3542 17.8263 0.653966 -0.150817 409.301 0 0
1500 100.723 -49.2128 17.9901 0.661225 -0.800704 412.517 0 0
1500 99.6468 -75.3573 17.8585 0.713289 -1.18297 410.074 0 0
1500 65.3313 -12.5025 18.0399 0.131336 -0.27054 409.495 0 0
1500 24.5525 41.9614 17.8519 -0.580934 0.639897 410.808 0 0
1500 44.5511 -49.532 17.8547 -0.278688 -0.753632 410.459 0 0
1500 74.803 15.4263 18.2343 0.37525 0.272838 410.541 0 0
1500 100.555 -18.936 17.8363 0.717944 -0.334495 410.154 0 0
1500 8.81496 6.22038 17.8436 -0.805152 0.037981 410.323 0 0
1500 26.9137 50.812 17.8139 -0.506535 0.835931 411.509 0 0
1500 41.7295 40.6196 17.8248 -0.288035 0.695309 410.22 0 0
1500 38.0341 37.9211 18.0881 -0.280694 0.652971 411.45 0 0
1500 88.7282 46.3387 17.8493 0.541725 0.73105 411.642 0 0
1500 96.6367 -13.8477 17.8588 0.671874 -0.187695 410.686 0 0
1500 87.0301 22.8616 17.8607 0.524725 0.380145 410.535 0 0
1500 42.003 -28.975 18.1613 -0.244875 -0.504916 411.936 0 0
1500 94.972 -22.0262 17.9962 0.593454 -0.413236 412.544 0 0
1500 136.188 18.1325 18.106 1.38481 0.253165 408.755 0 0
1500 59.7661 -32.9178 17.8254 -0.0533743 -0.512263 412.552 0 0
1500 134.332 23.5083 18.0244 1.32644 0.42313 410.482 0 0
1500 66.1428 50.9875 18.1848 0.196361 0.926148 412.385 0 0
1500 101.467 -45.4825 18.1045 0.715738 -0.84822 411.649 0 0
1500 107.472 -71.1732 17.9729 0.908374 -1.26972 412.059 0 0
1500 55.0034 -5.55137 17.9193 -0.0722095 -0.132835 414.117 0 0
1500 94.2737 26.5225 18.0278 0.572551 0.421362 412.599 0 0
1500 61.2331 27.2992 17.8653 0.0983231 0.422865 413.007 0 0
1500 49.5352 0.35642 17.9965 -0.111654 0.0731704 413.621 0 0
1500 87.1422 -5.89687 18.3313 0.524595 -0.0604434 414.447 0 0
1500 90.4195 19.4059 17.8656 0.521683 0.306265 413.334 0 0
1500 40.8589 -19.6644 17.8808 -0.211949 -0.336733 414.978 0 0
1500 23.4844 28.7766 17.9009 -0.510745 0.469471 413.514 0 0
1500 68.7717 -26.4092 17.9484 0.187189 -0.434302 415.011 0 0
1500 112.182 3.08504 17.8889 0.837342 0.0843954 414.711 0 0
1500 102.638 43.7371 17.8819 0.711289 0.672855 413.734 0 0
1500 57.2652 -63.8178 17.8435 -0.0403904 -0.990747 413.614 0 0
1500 87.3596 -54.3084 17.8467 0.393057 -0.846271 414.148 0 0
1500 120.678 -8.83425 17.8268 0.968634 -0.168896 414.1 0 0
1500 80.1975 63.595 17.8099 0.292782 1.00629 413.021 0 0
1500 34.9131 60.0288 17.8121 -0.371576 0.94005 413.991 0 0
1500 -7.87204 51.0064 17.7942 -0.949362 0.823656 414.065 0 0
1500 97.7662 -22.6625 18.2154 0.691056 -0.4039 413.735 0 0
1500 46.1972 47.9195 17.8722 -0.199045 0.80623 412.686 0 0
1500 99.8175 52.5322 17.8382 0.699572 0.785562 414.504 0 0
1500 26.606 -53.0095 17.9746 -0.486545 -0.858811 414.306 0 0
1500 15.2615 -14.3023 17.9869 -0.671096 -0.28578 412.836 0 0
1500 30.4048 49.6577 17.8103 -0.378267 0.819087 413.487 0 0
1500 105.508 44.4194 17.8027 0.75054 0.722102 415.031 0 0
1500 100.512 -14.6665 17.8368 0.731648 -0.220768 413.18 0 0
1500 26.7101 14.9982 17.9744 -0.538353 0.253089 413.202 0 0
1500 24.4206 27.5783 17.9697 -0.570328 0.444404 413.579 0 0
1500 48.3143 61.1349 17.9202 -0.158524 0.986285 415.075 0 0
1500 -19.2148 -201.677 17.837 -1.21969 -3.14417 413.927 0 0
1500 93.6053 -38.6853 17.8063 0.609019 -0.554674 413.526 0 0
1500 51.6926 -48.8758 18.0764 -0.0802231 -0.813678 414.654 0 0
1500 75.6645 5.9751 17.9058 0.348834 0.134598 412.84 0 0
1500 30.9257 57.7403 17.7985 -0.348649 0.913862 414.513 0 0
1500 51.2246 -10.4495 18.1086 -0.137917 -0.196679 413.945 0 0
1500 77.5093 -15.9602 18.1114 0.381374 -0.306477 414.311 0 0
1500 117.737 21.0432 18.0032 1.0119 0.285322 413.964 0 0
1500 58.8723 -2.60734 17.8407 0.062298 -0.100757 414.56 0 0
1500 71.9486 -21.988 17.8859 0.243869 -0.41672 414.724 0 0
1500 50.7726 15.781 17.8554 -0.109348 0.331299 414.575 0 0
1500 40.5634 -87.0781 17.9968 -0.261382 -1.49117 413.817 0 0
1500 70.4661 46.1874 18.0479 0.205353 0.864577 413.404 0 0
1500 89.6122 -22.0723 18.2936 0.592378 -0.455131 413.557 0 0
1500 52.8863 27.4891 18.2331 -0.133231 0.493981 414.525 0 0
1500 116.731 -40.4415 18.0528 1.07941 -0.782964 412.767 0 0
1500 54.459 23.9689 18.3702 -0.0496703 0.491436 414.736 0 0
1500 54.121 28.1439 18.1571 -0.140894 0.567384 414.6 0 0
1500 52.3588 12.8366 18.5568 -0.0272271 0.229297 415.474 0 0
1500 95.393 5.92429 18.1064 0.609997 0.122426 415.516 0 0
1500 37.2642 -26.9969 17.9398 -0.332148 -0.423055 415.663 0 0
1500 73.2653 43.2267 17.9816 0.262108 0.672127 415.491 0 0
1500 90.5825 -34.7954 18.0048 0.486848 -0.559467 415.926 0 0
1500 111.543 -3.73908 17.8668 0.819693 -0.100973 415.326 0 0
1500 41.3407 2.85911 17.8978 -0.235884 0.10898 417.337 0 0
1500 48.3022 21.6636 17.9018 -0.141255 0.35391 421.063 0 0
1500 76.8459 41.0209 17.8591 0.335361 0.604142 416.643 0 0
1500 55.6493 -13.7259 18.1683 -0.032908 -0.245016 419.182 0 0
1500 35.4056 -0.294288 18.1009 -0.344181 0.0246586 418.952 0 0
1500 90.7602 -7.30924 18.3679 0.581734 -0.0926253 419.647 0 0
1500 89.9065 12.5624 18.3676 0.570217 0.179899 419.623 0 0
1500 53.3983 -56.5512 17.8319 -0.0930868 -0.861046 417.839 0 0
1500 66.2755 -46.8583 17.9953 0.14205 -0.729791 418.22 0 0
1500 106.676 -52.9115 17.8171 0.76824 -0.798114 416.264 0 0
1500 74.9441 -38.8399 18.0303 0.303758 -0.599098 418.676 0 0
1500 97.6755 15.7206 17.9379 0.640826 0.224986 418.636 0 0
1500 25.6643 59.1796 17.804 -0.43131 0.923088 416.422 0 0
1500 125.419 1.07377 17.8032 1.03006 0.0743823 416.166 0 0
1500 45.332 65.439 17.8025 -0.146701 1.03397 415.136 0 0
1500 106.639 -32.8529 17.9204 0.760171 -0.519076 418.099 0 0
1500 25.1117 2.12682 17.8571 -0.507882 -0.0178555 420.274 0 0
1500 -10.3126 -0.659535 17.8025 -1.03316 -0.0778232 416.414 0 0
1500 56.3863 66.4906 17.9174 -0.0369155 1.04763 416.279 0 0
1500 71.8341 48.3442 17.8088 0.254174 0.725412 418.696 0 0
1500 112.299 16.0398 17.9942 0.879093 0.305756 415.137 0 0
1500 123.444 7.98723 17.811 1.01479 0.18402 415.602 0 0
1500 44.2376 -25.4052 17.836 -0.246152 -0.404932 420.734 0 0
1500 19.8789 -7.40185 17.8318 -0.591137 -0.15269 420.404 0 0
1500 6.85019 -41.4698 17.8116 -0.810279 -0.662383 417.324 0 0
1500 3.93879 6.51732 17.8231 -0.825713 0.0443011 419.583 0 0
1500 84.7598 -26.1813 18.3032 0.428459 -0.460679 415.859 0 0
1500 98.0089 52.4267 17.791 0.648334 0.801055 418.079 0 0
1500 23.436 16.5945 17.9504 -0.537768 0.254988 421.315 0 0
1500 54.6799 -28.9164 18.023 -0.0607657 -0.514945 415.105 0 0
1500 41.0318 -39.0494 17.8781 -0.234863 -0.675864 415.318 0 0
1500 36.9216 -60.6481 17.8652 -0.280154 -0.947672 419.5 0 0
1500 40.861 -33.9011 17.8829 -0.216724 -0.544344 421.537 0 0
1500 106.906 -4.144 17.8751 0.777093 -0.137305 415.595 0 0
1500 73.4943 64.7349 17.8011 0.302058 1.02615 415.829 0 0
1500 103.412 43.6523 18.0153 0.753665 0.695701 418.524 0 0
1500 3.23981 35.9197 17.843 -0.855358 0.56984 419.512 0 0
1500 14.5257 -9.77811 17.8574 -0.728325 -0.10327 415.952 0 0
1500 78.347 53.4023 17.85 0.252489 0.860668 416.699 0 0
1500 35.2096 44.2782 17.8559 -0.377414 0.672723 421.47 0 0
1500 81.3814 17.2314 17.8883 0.440746 0.29685 415.68 0 0
1500 45.9032 64.0901 17.9194 -0.145818 1.02361 418.868 0 0
1500 84.4841 48.2201 17.8284 0.338775 0.748371 421.898 0 0
1500 98.8044 55.4034 17.8165 0.563948 0.883472 419.314 0 0
1500 88.2086 -50.9743 17.993 0.564905 -0.809569 416.202 0 0
1500 71.2084 -64.6093 17.8074 0.171999 -1.03165 419.336 0 0
1500 70.4908 -53.1399 17.8535 0.261419 -0.845 417.681 0 0
1500 60.3139 -47.3812 17.8588 0.107073 -0.763453 417.14 0 0
1500 -5.83342 7.69892 17.8148 -0.989223 0.0439712 418.263 0 0
1500 125.846 -38.2021 18.0585 1.17086 -0.600371 415.876 0 0
1500 122.971 -5.99304 17.9364 1.02322 -0.122537 420.998 0 0
1500 71.5548 -26.8893 17.9578 0.292457 -0.453281 416.942 0 0
1500 87.322 -18.0469 17.9552 0.534607 -0.315622 417.138 0 0
1500 114.213 9.48061 18.0445 0.938599 0.173267 419.086 0 0
1500 75.0655 -37.6773 17.8895 0.219184 -0.639606 417.149 0 0
1500 -12.5111 41.2843 17.9187 -1.11547 0.668246 418.688 0 0
1500 121.038 -17.6815 17.8025 0.9917 -0.277926 420.789 0 0
1500 52.8469 35.0974 17.9974 -0.0401815 0.618313 417.197 0 0
1500 10.9505 -21.0558 17.8209 -0.787059 -0.279636 417.893 0 0
1500 -8.47877 -7.79538 17.8096 -1.04498 -0.0733361 420.401 0 0
1500 39.6428 26.3218 17.9837 -0.313047 0.461312 418.084 0 0
1500 55.1324 66.3134 17.9274 -0.0741881 1.04 420.481 0 0
1500 118.733 -3.65671 18.3429 1.07642 -0.107724 416.799 0 0
1500 101.919 -6.71279 17.904 0.714107 -0.0322242 418.109 0 0
1500 81.167 62.0508 17.7973 0.387451 0.969141 421.108 0 0
1500 80.6202 -23.6058 18.1905 0.45644 -0.422308 417.147 0 0
1500 118.87 62.3594 17.7956 0.989073 0.923613 419.47 0 0
1500 117.637 34.1148 17.8751 0.997211 0.493709 418.132 0 0
1500 88.1914 34.681 18.2755 0.522302 0.594269 420.344 0 0
1500 58.7665 -48.9095 18.104 0.0384686 -0.814435 419.844 0 0
1500 12.3705 -48.9865 17.9236 -0.731898 -0.74612 421.39 0 0
1500 77.4997 -34.3407 18.1692 0.384882 -0.582238 419.708 0 0
1500 100.639 -75.9668 17.8134 0.711014 -1.22112 418.849 0 0
1500 104.267 -35.8759 18.0889 0.780379 -0.583184 421.254 0 0
1500 65.7224 9.56292 18.0397 0.0796401 0.18919 419.131 0 0
1500 11.7579 29.2183 18.0193 -0.737913 0.481468 420.798 0 0
1500 103.397 -45.6139 17.8722 0.719962 -0.743769 421.983 0 0
1500 75.614 -15.068 17.8968 0.319907 -0.30178 419.095 0 0
1500 118.817 -14.6535 17.8451 0.985097 -0.188485 421.377 0 0
1500 110.494 -16.0487 18.1499 0.922918 -0.211209 419.353 0 0
1500 100.884 35.3253 17.9779 0.742461 0.53805 421.35 0 0
1500 63.8418 33.5115 17.8249 0.160176 0.550929 419.638 0 0
1500 76.3613 56.8309 17.8085 0.3462 0.891163 421.272 0 0
1500 120.209 -2.61948 17.8058 1.00429 -0.0109764 421.753 0 0
1500 64.2518 -2.5022 17.8436 0.151304 0.0170982 419.175 0 0
1500 110.066 29.1097 18.1534 0.945402 0.548024 415.667 0 0
1500 168.175 108.737 17.855 1.75813 1.71891 420.894 0 0
1500 110.332 -32.2538 18.0841 0.976454 -0.524545 415.455 0 0
1500 27.5991 15.1912 17.8783 -0.478473 0.314452 420.173 0 0
1500 15.8343 1.48529 18.0783 -0.678179 -0.0142587 421.584 0 0
1500 146.85 33.1719 17.8723 1.42609 0.526107 421.993 0 0
1500 122.863 -126.997 17.8275 1.05454 -2.00368 421.409 0 0
1500 25.6365 -21.7206 17.9716 -0.555982 -0.345309 421.623 0 0
1500 67.9358 -2.96224 17.9832 0.095581 -0.0575966 420.819 0 0
1500 32.6675 45.8272 17.851 -0.460946 0.685752 421.882 0 0
1500 40.8611 -12.8898 17.8655 -0.341448 -0.218173 420.717 0 0
1500 54.7452 -13.0021 17.8621 -0.127114 -0.2147 420.803 0 0
1500 47.4435 -23.6549 17.8658 -0.22846 -0.327433 421.071 0 0
1500 75.314 -65.1678 18.3462 0.316537 -1.20301 415.193 0 0
1500 38.9497 -1.27407 18.5186 -0.323428 0.0130922 417.015 0 0
1500 98.9652 19.7417 17.9771 0.749746 0.397951 416.576 0 0
1500 87.0186 43.3241 17.938 0.541583 0.733406 421.695 0 0
1500 136.221 -11.1981 18.2951 1.42793 -0.129646 418.258 0 0
1500 67.6142 37.552 18.0318 0.105568 0.670132 420.645 0 0
1500 41.5316 1.96755 18.4181 -0.307183 -0.035967 418.539 0 0
1500 36.6289 -18.7449 18.025 -0.305705 -0.323022 422.166 0 0
1500 73.2916 -5.41977 18.1157 0.308853 -0.0970321 422.961 0 0
1500 97.311 -7.88297 18.1404 0.648139 -0.136838 423.371 0 0
1500 64.4621 -1.35907 18.1515 0.188757 -0.0455064 424.239 0 0
1500 105.135 -12.042 17.883 0.697239 -0.236922 422.33 0 0
1500 70.4443 -4.34935 18.0206 0.221462 0.00288195 424.261 0 0
1500 76.3043 38.327 18.0093 0.306369 0.601238 423.375 0 0
1500 61.7429 0.402138 17.9427 0.128213 0.0294462 424.887 0 0
1500 86.4206 11.1267 18.144 0.492488 0.124468 425.282 0 0
1500 84.6706 51.7584 17.8952 0.417472 0.807312 422.964 0 0
1500 55.7981 49.4436 17.9019 0.00397956 0.765842 423.723 0 0
1500 87.3875 10.2742 17.821 0.457441 0.196734 424.325 0 0
1500 96.2338 9.53668 18.3603 0.658803 0.137002 426.106 0 0
1500 67.9043 -17.9416 18.1189 0.161268 -0.316173 426.139 0 0
1500 42.9864 12.5006 17.9515 -0.262973 0.153183 425.606 0 0
1500 86.7758 0.103478 18.0527 0.492364 -0.0166618 425.853 0 0
1500 20.4469 25.9344 17.8729 -0.596112 0.382124 424.846 0 0
1500 76.6921 42.0999 17.8593 0.331089 0.625895 425.518 0 0
1500 86.2353 60.8206 17.8427 0.484725 0.926341 422.814 0 0
1500 102.927 1.69123 17.8594 0.702302 0.053908 425.531 0 0
1500 121.463 17.1368 17.8425 1.00863 0.284925 422.449 0 0
1500 112.017 29.1984 17.9733 0.900402 0.440589 422.096 0 0
1500 78.0665 2.80224 17.841 0.328493 0.0895442 426.857 0 0
1500 84.8258 -59.9218 17.8903 0.428554 -0.942863 424.041 0 0
1500 108.573 10.5179 18.0444 0.808346 0.165387 426.536 0 0
1500 51.32 64.4235 17.8556 -0.13945 0.991184 424.649 0 0
1500 71.4254 3.30282 17.9318 0.232133 0.106856 427.591 0 0
1500 44.1288 -9.14479 17.9814 -0.245352 -0.137237 428.594 0 0
1500 35.9519 -23.4136 17.9768 -0.360609 -0.336982 428.254 0 0
1500 46.0766 -48.2284 17.9664 -0.240033 -0.74769 422.075 0 0
1500 53.1583 33.1488 17.8267 -0.0962092 0.532505 427.628 0 0
1500 50.3969 65.4533 17.8041 -0.142095 1.03861 424.135 0 0
1500 100.397 6.72714 17.8801 0.660415 0.0539671 427.675 0 0
1500 12.7124 50.859 17.8331 -0.741224 0.74119 424.596 0 0
1500 44.5715 65.3869 17.8967 -0.16651 1.03485 424.753 0 0
1500 92.6435 -53.3081 17.8858 0.564785 -0.817928 426.234 0 0
1500 -48.7346 109.687 17.8272 -1.66534 1.72255 423.112 0 0
1500 64.1864 -57.7015 17.8913 0.0650297 -0.917703 425.001 0 0
1500 109.567 -43.5291 17.916 0.788306 -0.714729 425.139 0 0
1500 109.566 -24.2799 17.9665 0.85763 -0.406516 423.918 0 0
1500 -1.19434 -1.9551 17.8548 -0.907738 0.0092097 427.192 0 0
1500 4.37828 38.2527 17.8479 -0.844466 0.598007 425.815 0 0
1500 59.2553 61.5546 17.8515 -0.0424289 0.96932 423.687 0 0
1500 94.0562 -10.8721 17.9903 0.583185 -0.182433 429.33 0 0
1500 25.5874 48.5258 17.8601 -0.498173 0.809572 423.725 0 0
1500 80.6519 28.786 18.2762 0.366346 0.502582 423.937 0 0
1500 20.6592 -21.438 17.962 -0.616919 -0.375011 423.176 0 0
1500 75.7451 -56.3854 17.864 0.276158 -0.927153 424.164 0 0
1500 81.7318 9.95976 18.1498 0.481107 0.152692 423.363 0 0
1500 114.235 21.9793 17.8023 0.923086 0.326806 424.51 0 0
1500 102.673 -37.2939 17.8235 0.714574 -0.62049 425.201 0 0
1500 120.412 8.30175 17.8229 0.955794 0.0623251 426.947 0 0
1500 87.993 -49.2978 17.8174 0.464448 -0.823918 424.428 0 0
1500 98.6215 -16.2583 18.0844 0.647794 -0.323497 424.434 0 0
1500 117.432 14.8531 17.8444 0.91197 0.263095 428.334 0 0
1500 48.1567 38.4232 17.8577 -0.0933825 0.647252 423.59 0 0
1500 63.0556 66.3311 17.8401 0.12954 1.01871 427.429 0 0
1500 109.003 4.14335 17.8523 0.779533 0.107161 429.303 0 0
1500 55.2541 62.3789 17.8421 0.0160423 0.991142 425.345 0 0
1500 84.65 31.4781 17.8554 0.470117 0.538171 423.78 0 0
1500 95.5067 52.6575 17.8395 0.615892 0.835496 426.071 0 0
1500 96.8281 31.741 17.9749 0.659174 0.538937 424.882 0 0
1500 119.124 22.2643 17.8331 0.902226 0.393572 428.326 0 0
1500 50.3605 65.7538 17.8297 -0.0959632 1.03905 427.327 0 0
1500 65.0568 9.90817 18.3746 0.159867 0.204757 432.136 0 0
1500 66.3414 -2.44353 17.9832 0.0766295 -0.0051979 423.053 0 0
1500 77.6791 54.6775 17.8658 0.339555 0.89164 425.738 0 0
1500 69.618 27.0888 17.8846 0.202247 0.441009 430.825 0 0
1500 98.0796 33.8724 17.972 0.701145 0.52581 425.564 0 0
1500 79.8024 -4.82486 18.4724 0.498625 -0.109321 422.583 0 0
1500 2.88271 14.3153 17.8398 -0.907649 0.240318 425.895 0 0
1500 42.3305 15.4356 17.8597 -0.317543 0.264593 424.085 0 0
1500 30.1721 -10.1401 17.8582 -0.456091 -0.121026 431.282 0 0
1500 47.471 79.9431 17.9188 -0.150415 1.3213 424.447 0 0
1500 -2.08883 -131.713 17.814 -0.980742 -2.07446 425.367 0 0
1500 60.0842 21.9494 17.8345 0.0517526 0.418261 424.202 0 0
1500 55.3157 35.7031 17.8303 -0.0205407 0.571131 431.158 0 0
1500 50.0526 17.658 18.0657 -0.162165 0.237599 425.077 0 0
1500 137.177 0.160285 17.9028 1.24953 -0.0393876 427.695 0 0
1500 8.33973 7.87415 17.8912 -0.786154 0.18953 425.895 0 0
1500 68.6613 63.3697 17.8114 0.130175 1.01901 427.45 0 0
1500 58.8462 4.25781 17.8749 0.0435556 0.140085 424.653 0 0
1500 110.686 -4.04743 18.2621 0.982217 -0.0806076 422.668 0 0
1500 108.762 -46.4407 17.8333 0.726219 -0.75596 428.794 0 0
1500 36.5913 2.13095 17.9139 -0.336591 0.110212 425.388 0 0
1500 89.3138 56.9294 17.8876 0.463622 0.921785 428.327 0 0
1500 112.157 -5.64006 18.0152 0.900637 -0.131231 427.557 0 0
1500 63.4876 -8.00909 18.0365 0.171636 -0.171636 425.743 0 0
1500 169.348 -81.436 17.9057 1.83752 -1.41299 422.482 0 0
1500 117.338 -5.93257 17.8295 0.966823 -0.0580293 427.62 0 0
1500 58.5709 58.4685 17.8318 0.0779376 0.92131 427.276 0 0
1500 72.1211 63.8286 17.828 0.27124 0.957593 430.383 0 0
1500 117.135 4.81378 17.8295 0.963652 0.104579 427.626 0 0
1500 92.0544 57.3197 17.825 0.571153 0.879022 429.132 0 0
1500 110.017 -36.873 17.8278 0.851892 -0.523689 427.941 0 0
1500 74.3678 16.9249 17.8503 0.326489 0.296872 425.614 0 0
1500 141.582 8.44616 17.9328 1.45687 0.1246 422.455 0 0
1500 114.276 -25.5917 18.0285 0.926048 -0.505722 422.101 0 0
1500 67.6015 34.2106 17.8528 0.199664 0.590107 426.497 0 0
1500 80.0662 48.0295 17.8447 0.361405 0.739834 432.123 0 0
1500 113.217 6.67012 17.8407 0.891077 0.16024 427.645 0 0
1500 24.3365 5.32786 17.8244 -0.559462 0.0121697 426.279 0 0
1500 160.711 96.3738 17.817 1.57018 1.54661 427.615 0 0
1500 92.1605 -46.4157 17.8673 0.56239 -0.682776 432.001 0 0
1500 87.4918 19.8685 17.8789 0.53646 0.287693 426.676 0 0
1500 108.558 -20.1557 17.8676 0.85119 -0.284805 427.448 0 0
1500 -3.8139 -6.16415 17.8046 -0.943753 -0.169359 428.065 0 0
1500 120.253 -4.06379 18.0475 1.02139 -0.0807067 429.85 0 0
1500 112.062 -28.8253 18.0484 0.903402 -0.448641 429.612 0 0
1500 99.3582 4.92491 18.2821 0.755252 0.0870934 428.853 0 0
1500 85.4818 14.8051 18.0133 0.47104 0.189328 434.113 0 0
1500 69.5626 101.285 17.9667 0.258103 1.6856 424.371 0 0
1500 112.498 -14.4996 17.8065 0.900454 -0.199995 428.089 0 0
1500 103.082 56.0226 17.9595 0.808409 0.983553 423.01 0 0
1500 77.778 -39.6949 18.0844 0.280736 -0.660675 428.148 0 0
1500 117.83 -23.1419 18.0645 0.977027 -0.368264 430.924 0 0
1500 87.0507 9.92428 17.9538 0.457452 0.197056 434.4 0 0
1500 88.3247 38.6543 17.9414 0.518381 0.65278 428.446 0 0
1500 74.4601 -69.5661 17.9959 0.313723 -1.23311 423.139 0 0
1500 30.6469 -9.55922 18.0709 -0.474427 -0.0906852 424.314 0 0
1500 138.651 -35.1883 17.9734 1.42616 -0.628576 422.903 0 0
1500 64.8807 -58.062 17.8838 0.150653 -0.896109 432.495 0 0
1500 82.0919 -46.5134 17.8879 0.395702 -0.722676 433.126 0 0
1500 105.483 -38.7555 17.8799 0.752705 -0.630121 431.073 0 0
1500 78.6554 24.965 18.1484 0.376734 0.493642 424.011 0 0
1500 193.73 -61.2925 17.9768 2.27662 -1.05431 424.851 0 0
1500 10.764 6.472 17.9275 -0.773741 0.142168 428.966 0 0
1500 49.5016 -0.776366 17.9438 -0.184403 0.0318447 427.744 0 0
1500 83.6443 11.9849 18.0764 0.502856 0.161989 428.194 0 0
1500 48.6532 -46.2675 17.8862 -0.126431 -0.725692 434.665 0 0
1500 11.245 -42.344 17.8736 -0.696543 -0.711633 430.548 0 0
1500 30.468 -12.5663 17.8943 -0.421336 -0.272939 428.379 0 0
1500 119.625 19.9568 17.8395 0.959022 0.394466 427.164 0 0
1500 68.461 22.9742 17.9288 0.182011 0.433724 428.738 0 0
1500 58.2923 -40.6503 17.9046 0.0550984 -0.627457 435.412 0 0
1500 63.3409 -20.2855 18.0093 0.13403 -0.38546 429.002 0 0
1500 112.525 -47.7936 17.8186 0.923404 -0.725641 428.78 0 0
1500 85.2495 14.9516 17.999 0.51366 0.204566 429.871 0 0
1500 37.7442 -0.2746 17.945 -0.334847 -0.0303722 436.91 0 0
1500 95.8186 -73.3619 17.8371 0.650789 -1.12636 430.941 0 0
1500 100.084 -16.7956 17.9806 0.708181 -0.347054 427.661 0 0
1500 88.0975 27.3195 17.9142 0.54913 0.433912 430.369 0 0
1500 98.09 43.748 17.8502 0.584249 0.749475 429.447 0 0
1500 47.7843 -17.4502 18.1353 -0.176153 -0.318624 430.748 0 0
1500 56.9098 -24.0892 18.1033 0.0298347 -0.400909 438.487 0 0
1500 94.0719 -62.6303 17.967 0.578519 -0.998901 433.613 0 0
1500 147.704 14.6462 17.8137 1.39406 0.27308 433.06 0 0
1500 53.7244 17.7656 17.9299 -0.0352945 0.31843 437.469 0 0
1500 33.4663 -55.2328 17.7974 -0.401776 -0.856136 435.65 0 0
1500 -4.89458 4.98877 17.7945 -0.998499 0.0147869 432.715 0 0
1500 12.1803 44.4942 17.9425 -0.74251 0.679463 433.429 0 0
1500 -3.30292 -16.5117 18.0822 -1.10688 -0.272128 425.69 0 0
1500 86.5076 59.9225 17.8029 0.480362 0.911098 434.837 0 0
1500 72.3902 38.1456 17.8168 0.16777 0.651433 430.914 0 0
1500 40.6013 4.90637 17.8944 -0.282721 0.0167593 439.368 0 0
1500 115.582 -0.405662 17.8039 0.881874 0.0701211 432.142 0 0
1500 28.2656 39.3353 17.807 -0.45609 0.681483 431.81 0 0
1500 78.4126 33.1933 17.8132 0.317595 0.592071 431.258 0 0
1500 107.391 14.5752 17.8071 0.760551 0.300849 431.8 0 0
1500 18.824 47.9213 17.8005 -0.565427 0.765017 435.931 0 0
1500 64.8528 53.8039 17.8029 0.105696 0.897749 432.258 0 0
1500 63.4204 65.4182 17.8969 0.0761157 1.02483 435.486 0 0
1500 72.0714 1.30804 18.0008 0.268216 -0.0515903 431.345 0 0
1500 54.6697 -14.36 18.1158 -0.132526 -0.233887 425.089 0 0
1500 93.6829 41.1734 17.8801 0.625888 0.620537 433.043 0 0
1500 85.1931 -46.0142 17.8809 0.497214 -0.708602 432.956 0 0
1500 117.987 27.437 17.8719 0.955727 0.394597 435.818 0 0
1500 113.714 22.7295 17.8774 0.878335 0.320342 436.982 0 0
1500 54.3941 21.3461 18.0567 -0.142809 0.421619 424.266 0 0
1500 -1.41931 -22.7674 17.8292 -0.960385 -0.363058 434.506 0 0
1500 101.136 -39.7777 18.0211 0.684797 -0.670093 434.625 0 0
1500 112.599 7.38814 17.8634 0.850221 0.150416 437.227 0 0
1500 78.0567 55.4239 17.8594 0.362429 0.870134 435.142 0 0
1500 82.928 -17.658 17.9965 0.411731 -0.349218 432.997 0 0
1500 107.021 33.3085 17.9115 0.792561 0.56292 434.725 0 0
1500 72.1326 58.6606 17.8541 0.197614 0.915678 437.783 0 0
1500 43.607 60.1966 17.8505 -0.222345 0.979209 434.843 0 0
1500 95.9369 30.2063 17.8638 0.531719 0.49819 438.893 0 0
1500 5.83549 22.65 17.9758 -0.842769 0.324621 434.577 0 0
1500 25.4121 4.37477 17.9914 -0.504402 0.0445667 440.135 0 0
1500 104.11 -22.6169 17.9168 0.778521 -0.303283 434.063 0 0
1500 106.47 42.7023 17.9061 0.791992 0.674249 435.928 0 0
1500 62.9418 -19.3399 18.0425 0.0884794 -0.327991 442.973 0 0
1500 72.9055 -17.8055 18.1064 0.307863 -0.333389 434.37 0 0
1500 33.7982 -22.9286 17.8787 -0.448045 -0.362068 433.348 0 0
1500 60.5004 -10.6905 17.8871 -0.0341615 -0.173762 432.783 0 0
1500 20.815 47.7756 17.8624 -0.633406 0.716514 434.979 0 0
1500 13.8446 -42.4673 17.8611 -0.736488 -0.646643 435.192 0 0
1500 64.1645 19.5578 17.8855 0.0231398 0.299094 432.886 0 0
1500 75.0559 36.3344 17.9839 0.214639 0.596674 434.029 0 0
1500 28.0525 -32.6309 17.9528 -0.43378 -0.576586 434.38 0 0
1500 49.188 43.9929 17.8369 -0.081233 0.67813 440 0 0
1500 116.952 30.3047 17.8196 0.911874 0.503088 437.372 0 0
1500 118.143 19.8022 17.8232 0.91609 0.343697 438.359 0 0
1500 103.968 -21.1426 17.8321 0.754005 -0.264874 434.394 0 0
1500 107.067 22.4536 17.8305 0.744729 0.376625 439.365 0 0
1500 121.11 -5.24427 17.8244 0.956253 -0.0192072 438.563 0 0
1500 124.524 -5.85043 17.874 1.04521 -0.0349599 436.992 0 0
1500 63.1514 -17.7747 17.9 0.142228 -0.27494 441.269 0 0
1500 96.4295 -32.9031 17.8851 0.617291 -0.494625 440.024 0 0
1500 13.9588 37.7177 17.86 -0.726343 0.612214 435.755 0 0
1500 41.8518 62.7423 17.8559 -0.300257 0.979058 436.571 0 0
1500 19.0383 -44.8962 17.9244 -0.62166 -0.734626 436.2 0 0
1500 48.5045 16.9922 17.966 -0.19005 0.210048 433.044 0 0
1500 49.2437 -2.68252 18.157 -0.147039 -0.0620129 443.063 0 0
1500 101.301 24.5224 17.8261 0.663471 0.400922 440.677 0 0
1500 110.287 -25.4776 17.9125 0.89629 -0.443195 433.965 0 0
1500 95.4674 -35.5363 17.8732 0.566905 -0.619085 435.984 0 0
1500 77.693 -51.9241 17.8696 0.293232 -0.864264 436.396 0 0
1500 74.0925 -58.8759 17.8656 0.236264 -0.960768 437.022 0 0
1500 115.119 28.776 17.8168 0.916689 0.470982 437.626 0 0
1500 86.1314 -31.7754 17.8339 0.499805 -0.450293 435.369 0 0
1500 107.378 46.6519 17.9125 0.854631 0.71963 435.102 0 0
1500 118.419 40.8193 17.9066 1.03233 0.62577 434.592 0 0
1500 109.904 25.1958 17.7961 0.856327 0.408075 436.721 0 0
1500 97.4599 36.8093 17.799 0.671082 0.58804 436.338 0 0
1500 123.924 6.17104 17.7906 1.04161 0.115786 438.479 0 0
1500 108.974 -38.9376 17.7951 0.802954 -0.540408 439.936 0 0
1500 97.0268 -11.4187 17.8103 0.614599 -0.138163 441.644 0 0
1500 82.7935 -10.6017 17.9939 0.422398 -0.238722 435.765 0 0
1500 28.0158 -28.4627 18.0829 -0.460655 -0.501517 436.845 0 0
1500 91.8297 45.1397 17.8699 0.616546 0.702162 434.438 0 0
1500 66.3631 58.7893 17.9391 0.189555 0.94219 438.342 0 0
1500 7.98443 -41.9341 17.9479 -0.782262 -0.671806 439.318 0 0
1500 32.5616 -24.3092 17.9672 -0.433034 -0.425551 436.866 0 0
1500 61.2887 -64.6954 17.864 0.0225628 -1.01679 440.075 0 0
1500 102.016 -34.8973 17.9699 0.678787 -0.61815 436.209 0 0
1500 23.2403 -2.34053 17.8915 -0.561688 0.0356152 437.168 0 0
1500 102.46 -66.6142 17.8956 0.787054 -1.12452 434.568 0 0
1500 60.7853 -58.6261 17.9136 0.0808226 -0.954396 439.454 0 0
1500 105.776 -45.4622 17.9091 0.735317 -0.731946 441.621 0 0
1500 -32.4735 8.59266 17.9097 -1.50468 0.130559 436.52 0 0
1500 111.905 0.241461 18.3137 0.934808 0.00808159 441.66 0 0
1500 123.176 -29.9372 17.8641 1.0934 -0.428486 437.603 0 0
1500 14.0556 -13.8853 17.8518 -0.686387 -0.169975 444.896 0 0
1500 81.3223 -46.5302 17.9154 0.383087 -0.782179 440.219 0 0
1500 88.9541 -48.2042 17.9144 0.46855 -0.758036 444.521 0 0
1500 85.5318 -47.1494 17.8728 0.365859 -0.766369 440.317 0 0
1500 58.7357 -108.143 17.8236 0.0248603 -1.62889 444.145 0 0
1500 49.8079 48.6508 17.8643 -0.179327 0.796189 440.296 0 0
1500 -49.7218 83.4692 17.8424 -1.73243 1.25967 440.132 0 0
1500 85.8738 10.1212 18.209 0.527141 0.208285 440.992 0 0
1500 -2.95096 -28.762 17.8208 -0.912989 -0.502676 442.731 0 0
1500 97.333 -54.1001 17.8204 0.577245 -0.874983 443.119 0 0
1500 48.1809 74.1876 17.8479 -0.219268 1.21346 439.62 0 0
1500 90.0006 -30.1525 17.8675 0.563097 -0.502294 441.055 0 0
1500 85.8445 5.36212 17.8776 0.454552 0.0402347 447.431 0 0
1500 35.5099 45.066 17.8741 -0.388958 0.778637 439.633 0 0
1500 20.2513 9.0127 17.8282 -0.66345 0.130818 440.842 0 0
1500 33.0885 4.94347 17.8347 -0.468128 0.0683026 440.357 0 0
1500 78.473 36.7525 18.0189 0.302447 0.705976 434.343 0 0
1500 -10.4099 52.9105 17.8549 -1.1417 0.846663 440.604 0 0
1500 52.2451 37.8129 18.1187 -0.0867223 0.727364 436.053 0 0
1500 76.0788 39.8063 18.0546 0.275135 0.704322 440.258 0 0
1500 -4.53423 21.7502 17.8411 -0.985511 0.356175 445.332 0 0
1500 -8.18683 -10.1059 17.8411 -1.04194 -0.114264 445.168 0 0
1500 63.6875 10.2241 17.8708 0.0226764 0.19742 441.434 0 0
1500 42.9664 -65.5318 17.8545 -0.214904 -1.07502 443.537 0 0
1500 59.5463 51.1904 17.8534 -0.0507794 0.788377 443.124 0 0
1500 69.7826 -33.7209 18.1204 0.278616 -0.62951 437.51 0 0
1500 72.2004 22.8717 17.9792 0.314885 0.359886 443.293 0 0
1500 112.238 24.2867 17.9589 0.90582 0.370129 445.328 0 0
1500 106.511 2.80241 17.8223 0.759058 0.0398288 449.359 0 0
1500 88.1154 -14.3849 18.3082 0.530725 -0.232096 451.816 0 0
1500 97.9774 42.1478 17.916 0.612656 0.667497 449.048 0 0
1500 90.5071 43.509 18.0186 0.588326 0.676918 445.438 0 0
1500 35.5594 -14.7842 18.0914 -0.446258 -0.23945 439.275 0 0
1500 60.861 -0.769401 17.9253 -0.0230416 -0.0211105 443.949 0 0
1500 136.313 -42.7185 17.8139 1.23023 -0.606843 447.578 0 0
1500 63.0405 1.35119 17.9276 0.135167 0.0843363 444.055 0 0
1500 84.9677 49.0388 17.8968 0.457857 0.739177 450.028 0 0
1500 116.501 -10.0501 17.8923 0.949522 -0.113431 447.153 0 0
1500 90.1654 21.5687 17.907 0.523835 0.339402 451.173 0 0
1500 82.7392 -44.9859 17.8364 0.443021 -0.730652 445.942 0 0
1500 94.0194 42.4218 18.1938 0.575748 0.736659 445.092 0 0
1500 51.545 -36.797 18.0353 -0.14546 -0.639319 444.038 0 0
1500 59.9705 -66.0184 17.8281 0.0558301 -1.0376 449.728 0 0
1500 46.4739 -63.1162 17.8307 -0.140752 -0.984245 450.472 0 0
1500 90.9202 -21.5116 17.9118 0.501939 -0.365819 453.099 0 0
1500 77.5948 31.8052 17.9057 0.375326 0.521193 447.643 0 0
1500 93.0424 34.8089 17.8985 0.601192 0.558085 448.688 0 0
1500 156.906 -48.5739 17.899 1.60154 -0.75828 447.366 0 0
1500 121.666 -9.9863 17.8253 1.0281 -0.229848 446.76 0 0
1500 106.419 -43.4241 17.9129 0.724044 -0.700748 452.28 0 0
1500 118.74 -24.8699 17.8629 0.968529 -0.400846 450.975 0 0
1500 103.572 0.058096 17.9944 0.75017 -0.0680332 448.905 0 0
1500 27.3975 -34.1648 17.8137 -0.461843 -0.603125 448.457 0 0
1500 45.316 -8.71659 17.8276 -0.188345 -0.213845 447.424 0 0
1500 102.164 -49.9581 17.7992 0.661708 -0.809904 451.412 0 0
1500 33.3033 54.0058 17.8526 -0.381406 0.841988 454.076 0 0
1500 22.3187 54.815 17.846 -0.557491 0.882399 451.807 0 0
1500 58.2457 33.0253 18.0328 0.0699941 0.572942 451.987 0 0
1500 115.587 9.95571 18.0169 0.928577 0.213095 453.587 0 0
1500 26.9438 40.9867 17.9234 -0.518663 0.674293 452.941 0 0
1500 116.474 -40.7431 17.8567 0.980772 -0.600311 451.832 0 0
1500 -6.19133 -13.1148 17.8015 -0.997125 -0.240814 458.868 0 0
1500 55.8758 22.5146 17.8632 -0.0513884 0.38122 462.912 0 0
1500 118.02 1.21908 17.8276 0.947344 -0.0185888 459.831 0 0
1500 42.4439 24.757 17.9974 -0.224988 0.409085 464.123 0 0
1500 9.54412 44.1119 17.8759 -0.748308 0.696153 461.159 0 0
1500 11.9989 41.9114 17.8791 -0.705504 0.657532 461.845 0 0
1500 31.3746 16.0335 17.8982 -0.414095 0.276361 463.857 0 0
1500 56.3394 59.2922 17.8796 -0.0693233 0.952069 458.647 0 0
1500 68.8661 15.1266 17.9022 0.123898 0.293555 456.588 0 0
1500 99.7344 19.2051 18.058 0.721732 0.425182 453.609 0 0
1500 28.7868 -54.0532 17.8067 -0.393384 -0.844726 466.249 0 0
1500 -6.47278 67.195 17.7988 -1.02132 0.990735 465.295 0 0
1500 66.5492 -65.4418 17.8097 0.0806497 -1.03611 464.599 0 0
1500 -2.41421 9.23399 17.8164 -0.914877 0.0755504 467.064 0 0
1500 117.792 20.6143 17.9706 0.998086 0.374077 462.318 0 0
1500 75.6767 -28.3379 17.8254 0.347316 -0.461733 464.653 0 0
1500 21.2504 -9.28329 17.9894 -0.674079 -0.223505 459.881 0 0
1500 49.4816 -10.3602 18.2123 -0.196971 -0.255184 457.592 0 0
1500 31.1105 -9.47901 18.0204 -0.456979 -0.105499 466.822 0 0
1500 33.7499 -12.6879 17.8735 -0.40114 -0.270401 466.341 0 0
1500 -1.56374 -0.621483 17.8285 -0.957978 -0.0882695 468.12 0 0
1500 44.8778 12.8244 17.8929 -0.276959 0.201519 470.107 0 0
1500 8.14877 45.4122 17.8659 -0.79845 0.666896 474.25 0 0
1500 88.1907 -58.5599 17.8928 0.482637 -0.930528 482.953 0 0
