Total number of secondary electrons: 1572
1500 112.68 -23.6416 17.711 1.43827 -0.688606 235.031 0 0
1500 146.306 0.286711 17.648 2.2225 0.0145116 243.813 0 0
1500 83.3817 -0.862559 15.7968 0.608416 -0.0599766 244.354 0 0
1500 129.976 -17.6481 16.5598 1.70234 -0.409793 257.444 0 0
1500 96.1143 -1.20839 15.0289 0.733235 0.00596155 262.158 0 0
1500 88.457 -3.72649 15.3619 0.584814 -0.0757962 269.431 0 0
1500 91.5025 1.39726 16.0765 0.717281 0.0601765 275.293 0 0
1500 100.077 -12.8849 15.4426 0.856156 -0.290995 277.26 0 0
1500 87.5497 8.92697 15.6963 0.611338 0.114304 278.485 0 0
1500 94.9336 -8.71624 16.1195 0.766415 -0.141395 280.93 0 0
1500 122.418 18.9128 15.9851 1.34486 0.408822 281.294 0 0
1500 82.3404 -1.94423 16.2036 0.55799 -0.0755138 282.747 0 0
1500 97.5907 2.71561 16.2734 0.771278 0.040791 287.155 0 0
1500 83.0622 -5.48194 15.5258 0.49694 -0.133974 298.422 0 0
1500 110.114 12.4939 16.0656 1.02828 0.213792 299.23 0 0
1500 104.062 13.6321 14.7739 0.690764 0.194388 300.55 0 0
1500 102.883 10.2629 15.7817 0.873143 0.125072 301.479 0 0
1500 89.0885 1.47084 15.1766 0.561467 -0.0350087 302.152 0 0
1500 84.7851 -6.21796 16.3508 0.616563 -0.066571 302.818 0 0
1500 53.6849 -155.538 14.0822 -0.066067 -2.02415 303.519 0 0
1500 96.0389 -6.26381 15.2345 0.627934 -0.0826834 305.023 0 0
1500 87.6796 18.1486 14.433 0.375109 0.250333 305.626 0 0
1500 102.536 13.5379 15.521 0.848248 0.241873 308.841 0 0
1500 100.524 -14.6251 15.089 0.692756 -0.265054 309.139 0 0
1500 107.433 4.36157 16.0466 0.960478 0.0728689 309.564 0 0
1500 88.9929 -14.513 15.7392 0.569687 -0.211453 310.649 0 0
1500 95.6473 4.68562 15.6054 0.714858 0.131048 310.848 0 0
1500 95.5097 -5.94773 14.9918 0.605089 -0.0839685 311.274 0 0
1500 100.967 -10.1084 14.9914 0.662287 -0.128819 311.578 0 0
1500 104.447 5.58743 14.2214 0.618281 0.0237352 311.887 0 0
1500 96.563 9.35492 14.7632 0.595593 0.098595 312.329 0 0
1500 84.9384 27.1244 14.4484 0.381101 0.365186 312.738 0 0
1500 67.6837 0.0852083 14.5225 0.174173 0.0481757 313.751 0 0
1500 88.1678 -1.58398 15.2003 0.464142 -0.0302296 315.651 0 0
1500 95.1154 -19.7831 16.4592 0.749124 -0.331622 316.023 0 0
1500 121.058 -78.141 14.842 0.949701 -1.29744 317.153 0 0
1500 80.5093 10.5329 14.9706 0.393218 0.165612 317.421 0 0
1500 93.1313 12.7281 14.5806 0.457795 0.207276 317.547 0 0
1500 122.815 16.07 16.2439 1.27828 0.236333 319.451 0 0
1500 87.4518 -3.28655 15.7184 0.556773 -0.0504433 319.682 0 0
1500 67.5028 7.61138 15.244 0.204003 0.13435 319.833 0 0
1500 92.8404 5.61672 16.2282 0.646607 0.0829518 320.533 0 0
1500 86.2673 61.0308 14.7841 0.412822 0.850428 320.521 0 0
1500 78.3864 -6.57791 15.5869 0.400671 -0.125929 321.242 0 0
1500 97.4684 9.63282 15.3791 0.619905 0.151004 322.419 0 0
1500 77.9687 22.4 15.0017 0.330392 0.317675 323.212 0 0
1500 87.2567 -14.748 14.8618 0.456038 -0.172816 323.473 0 0
1500 87.0775 -7.51665 16.7047 0.630748 -0.0829448 323.959 0 0
1500 83.3538 48.0469 14.9249 0.338392 0.690383 324.309 0 0
1500 101.349 -3.35019 16.5064 0.793603 -0.0231327 324.988 0 0
1500 98.1483 -3.41642 16.224 0.710769 0.00240188 325.871 0 0
1500 81.6524 -13.0117 16.4684 0.496278 -0.19051 326.056 0 0
1500 89.6562 6.45418 16.4746 0.61587 0.048734 327.773 0 0
1500 95.9599 -7.75405 16.3418 0.668958 -0.0720167 329.346 0 0
1500 82.8471 44.5612 14.774 0.292261 0.607112 329.365 0 0
1500 40.0991 -68.4807 14.8901 -0.254663 -0.846705 329.818 0 0
1500 -15.0948 45.9891 14.807 -0.855684 0.605333 330.17 0 0
1500 86.2403 1.17432 15.8685 0.477565 -0.0378713 330.471 0 0
1500 85.1351 -23.1812 15.1722 0.39419 -0.334745 330.674 0 0
1500 135.21 -2.96166 14.9711 0.977233 -0.0561958 331.5 0 0
1500 76.1948 -9.01545 15.4549 0.266988 -0.162126 331.731 0 0
1500 -23.0165 -13.557 14.8634 -0.976778 -0.102543 331.803 0 0
1500 88.1318 -5.1829 15.6644 0.493918 -0.101941 331.902 0 0
1500 101.82 -17.0098 16.6073 0.868238 -0.272916 332.447 0 0
1500 79.6076 17.6961 15.7881 0.366307 0.263869 332.751 0 0
1500 110.804 36.6329 15.0589 0.70354 0.454585 332.819 0 0
1500 129.379 16.6128 15.473 1.09479 0.26477 333.364 0 0
1500 75.3022 83.0873 14.9208 0.1902 1.02803 333.453 0 0
1500 67.9217 -2.71649 15.1638 0.135076 -0.0807102 333.644 0 0
1500 73.9115 -7.89568 15.1778 0.283348 -0.119713 334.069 0 0
1500 83.6 -0.81037 16.0818 0.488682 -0.0343254 334.133 0 0
1500 90.4018 3.28276 15.2394 0.454182 -0.0225061 334.489 0 0
1500 -16.8422 44.5163 14.9609 -0.87036 0.583264 334.529 0 0
1500 43.3269 83.3829 14.9605 -0.179785 1.01224 335.081 0 0
1500 98.4101 -24.8345 15.4366 0.609613 -0.316186 335.753 0 0
1500 64.7236 -12.3778 16.0837 0.182827 -0.186644 335.901 0 0
1500 68.3407 -23.1055 15.0304 0.151894 -0.357949 336.279 0 0
1500 123.566 -4.12911 15.1517 0.88317 -0.0701606 336.414 0 0
1500 115.024 -10.1121 15.422 0.804642 -0.135954 336.471 0 0
1500 68.9719 82.1547 14.9977 0.151639 1.03481 336.968 0 0
1500 74.7107 25.6824 15.7357 0.300562 0.371251 338.015 0 0
1500 76.6239 -17.0001 15.3217 0.273661 -0.276162 337.997 0 0
1500 80.2745 -1.8678 16.3091 0.42727 -0.0787029 338.6 0 0
1500 89.9172 -5.34789 15.4224 0.488823 -0.0133208 338.61 0 0
1500 12.8932 -57.492 14.9719 -0.539244 -0.770687 339.119 0 0
1500 142.989 40.4541 15.5016 1.31874 0.608251 339.243 0 0
1500 87.4159 2.24226 14.9774 0.399824 -0.0319053 339.65 0 0
1500 106.435 58.2597 15.1273 0.644461 0.820708 339.933 0 0
1500 93.3694 -3.94489 15.9222 0.569873 -0.113999 340.005 0 0
1500 79.8284 4.4108 16.6256 0.447458 0.0290662 340.152 0 0
1500 76.5167 -5.80764 16.4194 0.395527 -0.0586636 340.251 0 0
1500 57.1806 36.6304 15.3578 -0.016261 0.49146 340.745 0 0
1500 128.413 -24.7413 15.0315 0.901163 -0.361365 341.139 0 0
1500 27.162 -68.9029 15.0327 -0.349962 -0.906913 341.154 0 0
1500 76.1767 -16.2719 15.5079 0.231631 -0.219197 341.437 0 0
1500 86.8178 -13.0429 16.2294 0.528543 -0.202435 342.656 0 0
1500 1.96996 4.70852 15.2482 -0.739707 0.0627916 342.832 0 0
1500 22.3995 41.0559 15.1209 -0.509249 0.608122 342.889 0 0
1500 91.4758 5.23844 16.2031 0.586089 0.110106 343.248 0 0
1500 104.242 -0.411715 15.2661 0.642034 0.0467275 343.46 0 0
1500 89.2957 2.3759 16.2204 0.569595 0.061175 343.667 0 0
1500 80.8849 45.7728 15.2702 0.346674 0.625506 343.778 0 0
1500 136.752 -24.4896 15.0795 0.978836 -0.355789 344.162 0 0
1500 97.5503 1.97391 16.8954 0.725896 0.0347552 344.491 0 0
1500 122.173 -48.3071 15.1613 0.786797 -0.62307 344.971 0 0
1500 90.4615 4.21348 15.5901 0.519661 0.0754006 345.063 0 0
1500 77.4278 7.443 15.3626 0.287069 0.064514 345.29 0 0
1500 244.742 -55.8792 15.2245 2.52025 -0.758747 345.33 0 0
1500 71.3378 -1.93881 15.3726 0.219555 -0.0390483 345.397 0 0
1500 87.5382 -67.8062 15.2004 0.431262 -0.848639 345.513 0 0
1500 18.783 59.6872 15.1858 -0.552574 0.750409 345.596 0 0
1500 136.71 30.7995 15.8888 1.34286 0.52103 345.944 0 0
1500 109.347 -31.5318 15.4217 0.708431 -0.426424 346.683 0 0
1500 76.1901 1.21927 15.8172 0.326786 -0.037755 346.914 0 0
1500 66.5939 -2.37088 15.5038 0.168902 -0.0217055 347.189 0 0
1500 85.1428 -11.3317 15.8386 0.43602 -0.192527 347.229 0 0
1500 165.391 75.1739 15.6654 1.61402 1.0652 347.293 0 0
1500 33.5178 -44.8655 15.5186 -0.365993 -0.669003 347.427 0 0
1500 94.4375 -18.9912 16.2483 0.613575 -0.247757 347.446 0 0
1500 126.183 -9.77103 15.4772 0.908859 -0.154801 347.445 0 0
1500 15.5286 142.095 15.4017 -0.622311 1.86898 347.485 0 0
1500 108.574 -60.1707 15.3824 0.67742 -0.755471 347.973 0 0
1500 92.3438 0.477992 16.9653 0.649933 -0.0195848 348.367 0 0
1500 115.872 45.0048 15.5399 0.807536 0.682589 348.353 0 0
1500 128.262 -30.599 15.5586 0.921964 -0.405477 348.544 0 0
1500 93.5142 -48.7548 15.4485 0.427576 -0.615995 348.877 0 0
1500 -1.82472 4.42282 15.5443 -0.784152 0.0172618 348.931 0 0
1500 14.9246 -43.949 15.5592 -0.573607 -0.584818 349.145 0 0
1500 85.6124 -7.74744 15.4907 0.413652 -0.0784112 349.203 0 0
1500 7.35076 58.6283 15.5054 -0.664337 0.758339 349.808 0 0
1500 49.9519 -82.3795 15.5172 -0.136799 -1.03882 350.111 0 0
1500 35.6786 -16.6475 15.6296 -0.283506 -0.282267 350.208 0 0
1500 45.8118 102.672 15.6236 -0.126901 1.35953 350.876 0 0
1500 75.0155 9.17412 15.7749 0.191572 0.162644 351.008 0 0
1500 30.5209 7.50163 15.8358 -0.371709 0.131715 351.054 0 0
1500 60.0466 5.63454 16.4623 0.0806381 0.0980821 351.343 0 0
1500 143.923 11.8763 15.6991 1.10326 0.16148 351.387 0 0
1500 84.673 14.49 16.9413 0.492652 0.227263 351.831 0 0
1500 148.132 64.8188 15.6563 1.1189 0.824548 351.92 0 0
1500 122.118 12.326 15.7486 0.865824 0.169492 352.004 0 0
1500 49.5948 -25.447 15.7814 -0.106207 -0.389201 351.868 0 0
1500 77.6923 32.8355 15.8794 0.234469 0.466237 352.084 0 0
1500 89.2161 -24.4774 15.8257 0.392017 -0.375624 352.129 0 0
1500 94.5543 -56.6046 15.7977 0.52364 -0.724134 352.218 0 0
1500 73.9583 6.002 16.4604 0.310821 0.0491726 352.473 0 0
1500 76.5175 -6.83106 16.355 0.371838 -0.0741032 352.487 0 0
1500 82.1975 35.1846 16.4798 0.44277 0.541951 352.494 0 0
1500 64.9184 81.2205 15.8069 0.113791 1.14338 352.673 0 0
1500 63.2218 52.0057 15.9177 0.0599405 0.752357 353.043 0 0
1500 119.735 11.49 15.7992 0.764614 0.112827 353.237 0 0
1500 103.284 16.0909 16.5373 0.695181 0.222818 353.513 0 0
1500 -19.1053 11.3453 15.7968 -0.943874 0.172511 353.603 0 0
1500 48.8928 15.8416 15.9473 -0.15265 0.2284 353.574 0 0
1500 79.1038 17.543 15.8601 0.220201 0.259189 353.622 0 0
1500 48.9269 22.1214 15.9958 -0.165199 0.355905 353.908 0 0
1500 93.0453 -10.7831 17.2679 0.665875 -0.211734 354.117 0 0
1500 95.3004 -8.07566 16.6856 0.633822 -0.0931533 354.416 0 0
1500 59.7076 8.99071 16.1971 0.0600915 0.179586 354.792 0 0
1500 91.2156 -1.96857 16.1527 0.494413 -0.0761745 354.824 0 0
1500 132.089 0.152767 15.9784 0.980912 -0.0244077 355.179 0 0
1500 108.043 -0.662754 16.1522 0.715851 0.0240519 355.324 0 0
1500 92.4674 -45.149 16.362 0.520778 -0.706602 355.365 0 0
1500 106.946 14.0769 16.1566 0.701312 0.210356 355.399 0 0
1500 80.9936 26.8853 16.2519 0.331912 0.405694 355.451 0 0
1500 53.3451 27.0755 16.1547 -0.102735 0.345468 355.818 0 0
1500 95.3649 24.4726 16.2822 0.497572 0.389118 355.947 0 0
1500 78.4072 -7.07508 16.2427 0.344214 -0.132938 356.077 0 0
1500 80.5337 40.0551 16.3958 0.350169 0.679547 356.163 0 0
1500 92.1582 103.252 16.102 0.484335 1.41934 356.172 0 0
1500 92.4092 7.59108 16.2621 0.522372 0.0559133 356.431 0 0
1500 122.055 -7.28898 16.2743 0.892734 -0.0863287 356.459 0 0
1500 119.986 -28.0901 16.068 0.850472 -0.336606 356.468 0 0
1500 48.1622 -21.6482 16.5611 -0.126338 -0.290251 356.641 0 0
1500 86.9364 1.53692 17.0994 0.54328 0.00126196 356.79 0 0
1500 80.3023 -38.0816 16.2829 0.365213 -0.527772 356.807 0 0
1500 104.438 -12.4375 16.3009 0.66883 -0.247424 357.123 0 0
1500 93.4124 -22.8111 16.6323 0.549023 -0.336918 357.323 0 0
1500 78.0816 -7.47656 16.7166 0.371792 -0.145112 357.51 0 0
1500 63.4546 31.6313 16.6976 0.126972 0.457148 357.785 0 0
1500 43.1529 -0.264367 16.3978 -0.178231 -0.0384241 358.164 0 0
1500 241.155 -51.8666 16.7331 3.02142 -0.815557 358.297 0 0
1500 48.918 25.2853 16.3066 -0.119999 0.392537 358.608 0 0
1500 95.3929 -59.0399 16.1437 0.538327 -0.753939 358.657 0 0
1500 76.4412 -107.056 16.2075 0.283027 -1.45894 359.342 0 0
1500 62.3534 -57.7871 16.3387 0.0626494 -0.839227 359.477 0 0
1500 120.649 -12.3091 16.3207 0.859996 -0.1149 359.714 0 0
1500 79.6345 76.703 16.2133 0.332386 0.96249 359.837 0 0
1500 92.3782 -71.3244 16.2183 0.491959 -0.896143 359.921 0 0
1500 34.6633 -28.6704 16.3901 -0.286425 -0.438696 360.004 0 0
1500 86.688 60.0258 16.3391 0.424468 0.805536 360.045 0 0
1500 42.3974 5.24144 17.2372 -0.198789 0.0842474 360.039 0 0
1500 59.0249 -5.58228 16.8877 0.0321968 -0.0720086 360.174 0 0
1500 124.308 -42.2242 16.2371 0.889182 -0.528901 360.231 0 0
1500 91.0635 9.06875 16.9062 0.572484 0.0767091 361.145 0 0
1500 95.1704 3.48411 17.157 0.618359 0.0058303 361.377 0 0
1500 55.6347 -52.5396 16.5036 0.00562156 -0.738791 361.451 0 0
1500 79.5778 -33.4461 16.5245 0.335734 -0.488581 361.448 0 0
1500 91.5671 -8.99083 16.4584 0.499533 -0.160618 361.608 0 0
1500 73.9 19.5651 16.7686 0.317754 0.276805 361.635 0 0
1500 70.6501 -9.97389 16.8906 0.127964 -0.135561 361.76 0 0
1500 -5.64392 33.2437 16.8465 -0.993394 0.600082 361.974 0 0
1500 73.1763 -20.4015 17.5564 0.289635 -0.300351 362.441 0 0
1500 77.9534 12.1332 17.0642 0.346423 0.141638 362.595 0 0
1500 80.8246 9.76886 17.5185 0.481869 0.141058 362.693 0 0
1500 122.342 -33.6418 16.6072 0.936163 -0.473856 362.765 0 0
1500 -3.51614 48.8565 16.4815 -0.820097 0.632756 362.993 0 0
1500 60.0098 14.1466 17.0996 0.0522704 0.195897 362.987 0 0
1500 126.626 9.54583 16.5823 0.996884 0.0782537 362.98 0 0
1500 120.429 -0.224836 16.529 0.865803 -0.0686407 363.017 0 0
1500 -15.4428 28.5147 16.4877 -0.967909 0.377894 363.102 0 0
1500 52.2669 52.4431 16.535 -0.0248173 0.728993 363.491 0 0
1500 87.1081 -4.3414 17.445 0.533626 -0.0956996 363.63 0 0
1500 58.0031 -9.45336 17.4216 0.0648942 -0.134239 363.694 0 0
1500 103.254 -55.9421 16.4626 0.599508 -0.670734 363.767 0 0
1500 136.432 -26.104 17.3271 1.31096 -0.453848 363.795 0 0
1500 78.4627 18.3961 17.5553 0.377075 0.285998 363.889 0 0
1500 98.7653 12.63 16.5269 0.568588 0.108829 364.04 0 0
1500 62.1571 -26.886 16.75 0.107859 -0.409228 364.165 0 0
1500 83.9385 -8.63684 16.7975 0.382557 -0.0940468 364.184 0 0
1500 69.5109 -26.104 17.1439 0.178145 -0.369511 364.218 0 0
1500 63.5746 16.0026 16.7571 0.137437 0.210773 364.379 0 0
1500 61.1981 -39.2298 16.8349 0.096661 -0.566228 364.569 0 0
1500 64.5121 -9.97426 16.8016 0.136475 -0.15843 364.672 0 0
1500 81.8718 -3.21953 17.3509 0.403735 -0.10283 364.713 0 0
1500 26.4294 1.65568 16.9635 -0.484548 0.0125381 364.882 0 0
1500 110.018 16.287 16.547 0.670459 0.191091 365.015 0 0
1500 90.5669 -33.4538 17.0046 0.502549 -0.486716 365.045 0 0
1500 69.7754 -17.3302 16.6704 0.187012 -0.289972 365.05 0 0
1500 73.3186 23.9333 17.0243 0.187311 0.35457 365.171 0 0
1500 62.0756 12.2752 16.8874 0.0811473 0.195554 365.196 0 0
1500 99.0885 -33.4573 16.8017 0.578307 -0.487551 365.246 0 0
1500 89.7608 -2.37145 17.5423 0.571203 -0.0643819 365.306 0 0
1500 92.5313 -30.4331 16.7427 0.470588 -0.457042 365.343 0 0
1500 126.107 32.5643 16.6539 0.904329 0.458445 365.4 0 0
1500 124.476 -30.5542 16.6752 0.946262 -0.395045 365.525 0 0
1500 101.638 -38.0917 16.8174 0.608407 -0.544554 365.565 0 0
1500 88.8913 -6.07181 18.1323 0.594723 -0.125155 365.849 0 0
1500 76.6299 7.37001 17.6344 0.398235 0.142721 366.223 0 0
1500 129.394 -53.6518 16.726 1.01233 -0.699875 366.28 0 0
1500 32.5174 71.6047 16.6346 -0.319567 0.964808 366.394 0 0
1500 34.6087 74.4074 16.6602 -0.291515 0.994265 366.861 0 0
1500 78.9115 15.4467 17.233 0.393207 0.2316 366.959 0 0
1500 70.3647 28.8169 18.1245 0.327447 0.530518 366.965 0 0
1500 48.9495 -41.0139 16.7471 -0.0691728 -0.588224 367.198 0 0
1500 59.7874 -36.0599 16.9924 0.0465139 -0.528127 367.26 0 0
1500 76.2987 -2.2558 17.5354 0.396691 -0.0574779 367.278 0 0
1500 78.099 0.770119 17.1806 0.332054 0.0246468 367.606 0 0
1500 140.195 8.81802 17.19 1.30839 0.134441 367.675 0 0
1500 54.9671 -15.6008 16.8791 -0.0876875 -0.194287 368.058 0 0
1500 32.8564 -40.1373 16.8636 -0.371723 -0.551797 368.285 0 0
1500 93.8012 18.9368 16.8514 0.45803 0.275947 368.437 0 0
1500 71.7323 -29.2761 16.9396 0.216376 -0.38529 368.61 0 0
1500 32.501 2.05929 16.8394 -0.345079 0.044441 368.711 0 0
1500 70.4371 8.38367 17.6229 0.250679 0.146331 368.853 0 0
1500 31.5828 27.3271 17.0713 -0.360401 0.390489 368.995 0 0
1500 66.0861 -14.5296 17.4427 0.203594 -0.247341 369.214 0 0
1500 122.989 -35.3426 16.9142 0.877836 -0.491168 369.272 0 0
1500 65.3604 -9.4532 17.5389 0.170405 -0.161214 369.376 0 0
1500 104.652 -12.2142 17.012 0.68958 -0.12702 369.346 0 0
1500 59.524 45.9839 16.8707 0.0177483 0.671207 369.487 0 0
1500 86.5561 -11.7447 17.5611 0.507104 -0.210821 369.556 0 0
1500 65.5994 -64.9483 17.145 0.166429 -0.97659 369.556 0 0
1500 89.4385 -9.48649 17.7426 0.573427 -0.104167 369.641 0 0
1500 103.424 -5.83792 17.0681 0.675579 -0.039437 369.672 0 0
1500 102.091 -35.0576 16.8969 0.67069 -0.449667 369.776 0 0
1500 88.4481 -7.14796 17.2994 0.511476 -0.12041 369.878 0 0
1500 78.3522 -43.8162 16.9901 0.296375 -0.638216 370.117 0 0
1500 90.6467 0.932601 17.1262 0.527353 -0.0271194 370.145 0 0
1500 47.8705 32.5404 17.1069 -0.148497 0.472897 370.253 0 0
1500 43.6435 -3.4138 17.1931 -0.210575 -0.0284443 370.402 0 0
1500 73.3448 -5.44577 17.6913 0.330968 -0.125594 370.449 0 0
1500 122.137 10.6507 17.0671 0.901872 0.166863 370.585 0 0
1500 74.7422 -60.0783 16.933 0.217726 -0.846216 370.703 0 0
1500 110.245 -57.8644 16.9188 0.701961 -0.772988 370.776 0 0
1500 124.313 -41.7277 16.9245 0.877021 -0.570005 370.887 0 0
1500 83.2399 46.8074 16.8986 0.387203 0.66246 371.015 0 0
1500 143.141 -10.5049 17.1613 1.29641 -0.0986407 371.325 0 0
1500 129.683 17.5669 17.1888 1.06859 0.233253 371.688 0 0
1500 67.9072 0.690379 17.6557 0.233366 -0.0347429 371.791 0 0
1500 137.478 15.554 16.9063 1.03258 0.150173 371.777 0 0
1500 92.4026 -29.832 17.3255 0.537033 -0.438613 371.894 0 0
1500 60.7481 -28.1608 17.5504 0.0573533 -0.487918 371.906 0 0
1500 103.276 -49.7288 17.1679 0.670539 -0.779619 371.937 0 0
1500 74.3125 -77.2845 16.9311 0.244721 -0.999968 372.24 0 0
1500 77.3917 30.0173 17.0613 0.26752 0.400808 372.295 0 0
1500 74.8637 2.15331 17.5826 0.356113 -0.00661224 372.314 0 0
1500 85.0512 -6.6634 17.5609 0.539422 -0.155085 372.31 0 0
1500 87.3723 5.39234 17.5172 0.507497 0.0326542 372.481 0 0
1500 60.3843 -59.8255 17.1331 -0.0052248 -0.873932 372.531 0 0
1500 88.0788 -5.41666 18.1709 0.567909 -0.142818 372.679 0 0
1500 112.152 -41.3654 17.124 0.81825 -0.620551 373.293 0 0
1500 66.8859 -12.6915 17.335 0.131619 -0.240801 373.331 0 0
1500 50.1917 11.4323 17.0945 -0.16498 0.171624 373.395 0 0
1500 87.7968 17.7227 17.3046 0.545521 0.30044 373.485 0 0
1500 80.5423 -31.1509 17.4739 0.356123 -0.475065 373.494 0 0
1500 83.7722 9.29744 17.5409 0.473279 0.117358 373.522 0 0
1500 87.0312 42.8539 17.3246 0.484046 0.762538 373.523 0 0
1500 34.4209 -3.62573 17.2409 -0.339436 -0.126615 373.681 0 0
1500 99.0116 -10.295 17.7659 0.683236 -0.126893 373.733 0 0
1500 60.9075 -78.2145 17.0418 0.0799617 -1.0439 373.74 0 0
1500 74.042 2.98576 17.7164 0.294602 -0.0116303 373.764 0 0
1500 120.872 42.241 17.0202 0.855441 0.589404 373.936 0 0
1500 96.5697 -3.4087 17.666 0.706454 0.0129091 373.97 0 0
1500 80.7363 3.50079 17.7975 0.462417 0.0508492 374.061 0 0
1500 77.5529 -16.4197 17.1987 0.244286 -0.2826 374.221 0 0
1500 132.771 21.3531 17.0413 1.00105 0.310832 374.316 0 0
1500 65.0131 16.1114 17.2174 0.0548657 0.227015 374.388 0 0
1500 82.5489 -2.54473 17.9494 0.480616 0.0133257 374.399 0 0
1500 79.1854 21.7095 17.3254 0.315739 0.29165 374.557 0 0
1500 110.181 37.4336 17.2887 0.753565 0.601967 374.642 0 0
1500 50.8522 -190.262 17.0804 -0.111504 -2.60034 374.693 0 0
1500 76.4077 4.85979 17.1415 0.295168 0.00606709 374.746 0 0
1500 62.3616 -10.938 17.7511 0.111756 -0.199712 374.758 0 0
1500 31.6965 51.1512 17.1103 -0.380047 0.737888 374.85 0 0
1500 126.722 5.11358 17.6243 1.21673 0.0787043 375.046 0 0
1500 41.5389 -54.3124 17.2312 -0.204454 -0.884186 375.217 0 0
1500 107.451 -7.14048 17.4719 0.763309 -0.0596602 375.334 0 0
1500 13.0173 4.90826 17.1815 -0.705284 0.127091 375.419 0 0
1500 34.7894 108.689 17.1625 -0.317343 1.52585 375.537 0 0
1500 83.5447 38.9621 17.5445 0.367063 0.621952 375.549 0 0
1500 60.3747 7.87891 17.5356 0.0542327 0.143661 375.551 0 0
1500 39.9966 43.0138 17.4911 -0.323859 0.753319 375.595 0 0
1500 47.4875 15.5691 17.1416 -0.153016 0.286418 375.745 0 0
1500 88.577 6.75624 17.739 0.472794 0.0617611 376.046 0 0
1500 137.234 44.3057 17.2675 1.19427 0.639656 376.049 0 0
1500 96.691 5.67732 18.05 0.703649 0.0496459 376.165 0 0
1500 103.394 30.9646 17.2795 0.700266 0.493084 376.427 0 0
1500 60.1224 46.7748 17.1667 0.022757 0.711789 376.703 0 0
1500 56.7363 -33.8505 17.3567 -0.0583945 -0.535382 376.78 0 0
1500 95.9251 63.2806 17.4944 0.671365 1.02829 376.79 0 0
1500 78.8623 -19.5866 17.6246 0.317152 -0.326975 377.158 0 0
1500 52.3791 12.2563 17.3049 -0.0972509 0.187203 377.464 0 0
1500 67.6989 5.23389 17.2643 0.0749085 0.0964612 377.497 0 0
1500 118.151 -46.5361 17.2065 0.827186 -0.635231 377.537 0 0
1500 61.1682 15.7348 17.4998 0.0529587 0.280242 377.719 0 0
1500 58.5619 -7.4027 17.3146 0.0131923 -0.174748 377.717 0 0
1500 46.9893 28.9795 17.3107 -0.201036 0.446409 377.952 0 0
1500 51.372 19.107 17.5333 -0.0922796 0.253845 378.014 0 0
1500 63.8926 9.15548 17.3061 0.125651 0.140558 378.025 0 0
1500 89.6635 -12.4389 17.3245 0.448866 -0.244122 378.203 0 0
1500 -95.1716 -23.6816 17.2155 -2.09758 -0.348801 378.495 0 0
1500 31.8154 -14.5225 17.709 -0.385635 -0.215139 378.566 0 0
1500 70.3325 15.2583 17.3196 0.137922 0.239413 378.601 0 0
1500 23.9946 -33.4121 17.3315 -0.512317 -0.510103 378.696 0 0
1500 67.7538 32.4714 17.3834 0.140603 0.446391 378.747 0 0
1500 86.6337 -2.14683 17.4065 0.462691 -0.0862196 378.805 0 0
1500 69.5242 -7.32853 17.6012 0.218966 -0.0515781 378.891 0 0
1500 -2.50613 40.7528 17.2348 -0.813738 0.610387 378.917 0 0
1500 83.8136 -27.5734 17.9907 0.505458 -0.472536 379.069 0 0
1500 116.102 -10.5226 17.5399 0.965565 -0.113998 379.061 0 0
1500 24.9011 -35.0163 17.4916 -0.477357 -0.524779 379.123 0 0
1500 72.818 9.92567 17.4698 0.253243 0.101535 379.162 0 0
1500 59.8549 -11.0519 18.1076 0.0683232 -0.144582 379.169 0 0
1500 16.5922 -13.0775 17.3531 -0.631703 -0.212779 379.119 0 0
1500 10.364 23.1972 17.4335 -0.775278 0.331139 379.229 0 0
1500 119.609 -28.4328 17.2897 0.826245 -0.393434 379.391 0 0
1500 71.7982 13.8166 18.1216 0.28604 0.260935 379.568 0 0
1500 62.8174 -50.9211 17.3836 0.131557 -0.754514 379.621 0 0
1500 98.1041 8.79628 18.5198 0.711259 0.156426 379.649 0 0
1500 88.8941 -35.0797 17.7431 0.597932 -0.567339 379.688 0 0
1500 8.22353 39.3147 17.3175 -0.742376 0.56036 379.813 0 0
1500 37.4448 -8.62236 17.6848 -0.347356 -0.212628 379.878 0 0
1500 32.935 26.2578 17.373 -0.336443 0.364663 379.987 0 0
1500 53.5371 23.4955 17.4063 -0.0378048 0.404622 380.32 0 0
1500 110.968 -30.2689 17.4037 0.791439 -0.461906 380.48 0 0
1500 -37.9208 -114.703 17.3727 -1.41006 -1.75437 380.446 0 0
1500 104.853 -26.0947 17.3441 0.632224 -0.359021 380.522 0 0
1500 73.2228 -1.8333 19.1505 0.413256 -0.0517774 380.581 0 0
1500 93.5389 -70.21 17.3184 0.557019 -1.06857 380.771 0 0
1500 98.6694 0.192622 17.7065 0.683263 -0.0696289 380.754 0 0
1500 48.5278 0.0159972 17.7497 -0.121286 -0.0613747 380.849 0 0
1500 90.845 18.6941 17.3277 0.538292 0.27447 380.96 0 0
1500 66.6096 -70.5385 17.3979 0.120946 -1.01685 381.102 0 0
1500 -15.1856 -8.4033 17.3375 -1.03611 -0.140355 381.175 0 0
1500 37.3522 -10.5628 17.7148 -0.308617 -0.160745 381.159 0 0
1500 87.4545 25.0152 18.1301 0.53867 0.385422 381.384 0 0
1500 65.5596 -14.783 18.0543 0.134156 -0.217388 381.295 0 0
1500 74.1829 24.5678 18.1206 0.314654 0.407497 381.372 0 0
1500 37.6016 13.8617 17.7716 -0.297605 0.235391 381.35 0 0
1500 98.1629 -159.433 17.3637 0.590229 -2.31013 381.458 0 0
1500 69.8969 49.7948 17.3363 0.237174 0.713728 381.472 0 0
1500 124.733 -1.73649 17.4354 0.982571 0.019669 381.618 0 0
1500 64.5281 54.6241 17.4309 0.116586 0.832015 381.7 0 0
1500 99.6972 -36.0053 17.3427 0.656752 -0.501132 381.818 0 0
1500 -52.2355 75.4051 17.3903 -1.61058 1.12646 381.89 0 0
1500 87.3122 -0.30601 17.9053 0.467808 -0.00796525 381.979 0 0
1500 81.5989 -3.87707 17.4862 0.41793 -0.0856024 382.049 0 0
1500 68.3153 28.3759 17.7909 0.250937 0.502794 382.318 0 0
1500 50.9026 23.4309 17.8938 -0.0841201 0.36971 382.337 0 0
1500 62.304 -2.88024 17.4487 0.0132918 0.00429584 382.35 0 0
1500 102.939 -24.9813 17.4131 0.685187 -0.407868 382.38 0 0
1500 72.0303 -40.7139 17.3817 0.233083 -0.646356 382.389 0 0
1500 88.6447 -16.5258 17.835 0.448101 -0.284462 382.435 0 0
1500 95.7507 -10.4063 18.6671 0.830545 -0.260127 382.425 0 0
1500 34.0275 25.051 17.6611 -0.407659 0.477438 382.495 0 0
1500 47.8052 12.4358 17.8716 -0.120725 0.220262 382.552 0 0
1500 58.2314 -45.0198 17.5683 -0.0182876 -0.710508 382.535 0 0
1500 74.2399 -11.1241 18.0144 0.287364 -0.184131 382.798 0 0
1500 -103.331 -142.694 17.4254 -2.46879 -2.17401 382.938 0 0
1500 92.3971 33.3949 17.7781 0.605325 0.546307 383.249 0 0
1500 71.3422 -42.9464 17.5155 0.269741 -0.640064 383.287 0 0
1500 16.1514 10.7209 17.4607 -0.64728 0.19885 383.335 0 0
1500 79.021 20.2712 17.7378 0.317411 0.353777 383.368 0 0
1500 14.6064 -12.7968 17.461 -0.669189 -0.137618 383.356 0 0
1500 82.7669 6.79093 18.6411 0.476149 0.0829615 383.727 0 0
1500 73.191 32.2455 17.4966 0.24967 0.53154 383.773 0 0
1500 99.1695 19.9473 17.7854 0.757732 0.302464 383.8 0 0
1500 73.9655 1.2693 17.9121 0.347297 0.0590147 383.817 0 0
1500 -4.1277 13.6186 17.4748 -0.897356 0.251413 383.97 0 0
1500 55.6999 75.1784 17.4998 0.00530872 1.19306 384.013 0 0
1500 116.137 24.1365 17.4905 0.890468 0.343248 384.089 0 0
1500 85.6309 -32.7033 17.9006 0.432261 -0.522935 384.239 0 0
1500 72.6737 -34.9897 17.8649 0.246614 -0.558851 384.39 0 0
1500 18.109 43.5336 17.477 -0.610155 0.658522 384.379 0 0
1500 18.1151 58.1981 17.491 -0.586893 0.847045 384.521 0 0
1500 49.6071 -51.9847 17.7838 -0.105587 -0.838715 384.631 0 0
1500 52.4814 -23.2507 17.7838 -0.1008 -0.403371 384.572 0 0
1500 93.7261 14.6981 17.8229 0.572868 0.246369 384.789 0 0
1500 76.4501 -39.8337 17.5974 0.328767 -0.578963 384.77 0 0
1500 4.537 -44.7036 17.4522 -0.798813 -0.645638 384.797 0 0
1500 -3.10808 34.962 17.4969 -0.869987 0.542266 385.044 0 0
1500 88.5703 11.545 18.0818 0.514354 0.148724 384.924 0 0
1500 130.056 22.4382 17.505 1.11599 0.373701 384.889 0 0
1500 106.661 -44.9827 17.5477 0.752732 -0.651826 385.143 0 0
1500 110.285 -38.1232 17.8116 0.847696 -0.587629 385.3 0 0
1500 71.3781 18.1528 18.1886 0.272054 0.313704 385.347 0 0
1500 117.697 -28.873 17.4206 0.873358 -0.462352 385.323 0 0
1500 54.2645 25.6798 18.2145 -0.0259113 0.438284 385.396 0 0
1500 88.4278 -50.8055 17.4686 0.47403 -0.775498 385.449 0 0
1500 98.0276 107.747 17.6828 0.712038 1.74085 385.731 0 0
1500 96.0048 9.01746 18.1039 0.61455 0.144742 385.79 0 0
1500 72.5946 -14.1788 17.7211 0.297246 -0.249391 385.808 0 0
1500 104.351 -12.389 18.8064 1.0136 -0.297881 385.837 0 0
1500 46.2683 -40.6017 17.568 -0.143703 -0.576745 385.871 0 0
1500 101.094 22.8858 17.8225 0.698022 0.371212 386.137 0 0
1500 20.3269 61.0211 17.5143 -0.545756 0.869943 386.303 0 0
1500 68.6074 -14.8907 18.3918 0.235715 -0.232821 386.458 0 0
1500 126.473 -19.2105 17.5798 1.00764 -0.288605 386.569 0 0
1500 130.376 -15.2334 18.5426 1.39519 -0.268327 386.734 0 0
1500 125.274 19.6846 17.6454 1.01278 0.302888 386.772 0 0
1500 86.3644 22.0354 17.9862 0.471039 0.384225 386.806 0 0
1500 147.386 -24.0418 17.5181 1.36546 -0.30274 386.772 0 0
1500 113.618 10.5048 18.1406 0.953332 0.139201 386.944 0 0
1500 67.5912 18.3249 18.3382 0.229559 0.35544 386.976 0 0
1500 52.4101 -11.9829 18.1541 -0.102181 -0.279758 386.894 0 0
1500 59.257 -45.7875 17.5072 0.0331102 -0.642059 387.052 0 0
1500 131.544 10.6943 17.4587 1.04234 0.0901418 387.043 0 0
1500 64.2228 -1.15411 17.763 0.104815 0.0477244 387.291 0 0
1500 93.1812 -10.844 18.0242 0.578062 -0.187391 387.326 0 0
1500 86.6632 -4.07048 18.7476 0.531211 -0.0447416 387.93 0 0
1500 75.141 -61.2994 17.5097 0.25748 -0.872763 387.849 0 0
1500 127.558 -15.2346 17.4823 0.975722 -0.26155 387.946 0 0
1500 115.354 41.8417 18.1437 1.00627 0.721501 387.857 0 0
1500 0.0697048 -30.8409 17.5687 -0.831717 -0.499165 387.995 0 0
1500 15.1136 23.7563 17.7134 -0.648119 0.442482 388.095 0 0
1500 59.7179 -22.4755 18.3004 0.0664294 -0.406089 387.977 0 0
1500 91.6996 56.3413 17.7171 0.610264 0.969838 388.21 0 0
1500 5.03137 -2.19735 17.5927 -0.797992 0.0229424 388.685 0 0
1500 93.3869 39.7295 17.6242 0.51574 0.638726 388.842 0 0
1500 58.5427 46.7161 17.5978 -0.0309623 0.654589 388.924 0 0
1500 88.0793 6.12682 18.2267 0.503095 0.104257 388.923 0 0
1500 18.6151 93.5347 17.5934 -0.592765 1.39973 389.089 0 0
1500 103.925 28.2105 18.2862 0.915319 0.465913 389.212 0 0
1500 76.591 -41.9387 17.8308 0.301722 -0.678965 389.376 0 0
1500 82.0172 -8.24147 18.1611 0.419477 -0.134952 389.412 0 0
1500 30.9016 0.44552 17.9269 -0.472515 -0.0546273 389.693 0 0
1500 119.896 -17.6595 17.6376 0.905672 -0.315925 389.746 0 0
1500 67.5698 -24.4159 17.856 0.117742 -0.360706 389.784 0 0
1500 71.5861 17.4725 17.6134 0.275421 0.23904 389.824 0 0
1500 104.561 -7.20475 17.8032 0.762931 -0.120659 389.919 0 0
1500 10.5559 4.85336 17.6678 -0.76453 0.0208393 389.87 0 0
1500 54.5079 19.8772 18.0836 -0.0217742 0.296796 389.977 0 0
1500 10.7298 45.5816 17.6111 -0.70305 0.694446 390.004 0 0
1500 114.342 -21.6195 17.5311 0.868322 -0.283504 390.038 0 0
1500 127.873 -17.4956 17.5805 1.00511 -0.296414 390.111 0 0
1500 125.129 -8.22603 17.5551 1.00691 -0.0977489 390.161 0 0
1500 21.6769 45.457 17.575 -0.523703 0.721334 390.208 0 0
1500 90.6312 16.8004 17.8976 0.515859 0.231166 390.291 0 0
1500 23.9234 17.1111 17.6565 -0.47741 0.270404 390.555 0 0
1500 84.7869 2.29023 18.5851 0.532905 0.0919622 390.484 0 0
1500 134.542 27.6642 17.676 1.16332 0.402435 390.465 0 0
1500 58.5675 -3.91165 18.2673 0.0479549 -0.00705276 390.552 0 0
1500 88.2296 -21.605 18.0542 0.544675 -0.410638 390.233 0 0
1500 53.3806 -23.9071 18.2642 -0.00882353 -0.486608 390.294 0 0
1500 67.9632 7.63189 18.6436 0.287709 0.128836 390.572 0 0
1500 2.07914 21.1304 17.6144 -0.861639 0.309374 390.62 0 0
1500 123.095 -14.462 17.7299 1.10995 -0.192003 390.597 0 0
1500 61.9435 -34.7109 17.5669 0.0853855 -0.506247 390.67 0 0
1500 60.8361 16.1088 18.2682 0.0798394 0.275234 390.703 0 0
1500 67.1971 -23.5638 17.8635 0.214687 -0.396428 390.698 0 0
1500 39.9309 17.7045 17.8233 -0.264302 0.320411 390.696 0 0
1500 -0.286994 21.4805 17.6175 -0.892371 0.313319 390.853 0 0
1500 89.8497 7.05306 18.1711 0.582502 0.0641334 390.884 0 0
1500 120.517 22.6736 17.5439 0.944723 0.345452 390.918 0 0
1500 63.8077 -16.8465 18.3299 0.145942 -0.309908 390.945 0 0
1500 65.4012 31.2755 17.8319 0.0741173 0.469153 391.004 0 0
1500 81.2008 -25.1853 17.8655 0.414911 -0.417969 391.006 0 0
1500 80.5903 -5.79347 18.2944 0.408595 -0.110571 391.268 0 0
1500 112.425 -46.9279 17.5751 0.81751 -0.630282 391.179 0 0
1500 48.8636 1.61556 17.743 -0.229648 0.0484588 391.255 0 0
1500 78.5129 -3.55122 18.4472 0.412074 -0.0422783 391.501 0 0
1500 89.9523 -19.3866 18.837 0.581338 -0.337713 391.67 0 0
1500 55.1545 -38.9833 18.1716 -0.0517542 -0.646756 391.748 0 0
1500 -66.8312 -39.6068 17.6091 -1.84075 -0.574062 391.826 0 0
1500 114.892 43.9958 17.6029 0.788874 0.682761 392.019 0 0
1500 105.532 29.0726 17.6018 0.721127 0.480687 392.027 0 0
1500 82.1539 24.8818 17.6976 0.435426 0.351017 391.967 0 0
1500 84.1557 2.11233 17.8643 0.49517 0.014749 392.049 0 0
1500 36.4544 5.3776 18.0008 -0.306501 0.131889 392.141 0 0
1500 18.2779 -11.4501 17.6004 -0.623845 -0.227372 392.209 0 0
1500 67.2415 7.58644 19.2792 0.299688 0.148349 392.476 0 0
1500 99.7068 10.6271 18.0939 0.68672 0.212042 392.504 0 0
1500 84.7895 25.5015 17.9224 0.489785 0.397601 392.475 0 0
1500 74.5595 22.6845 18.649 0.385273 0.377 392.55 0 0
1500 75.0368 -37.7806 18.0584 0.292928 -0.589671 392.772 0 0
1500 121.392 6.13023 17.6095 0.97018 0.0653505 392.791 0 0
1500 71.0069 5.21347 18.1984 0.235639 0.140734 392.793 0 0
1500 106.517 20.2638 17.776 0.784832 0.270909 392.636 0 0
1500 33.728 43.3241 17.6035 -0.423997 0.600066 392.644 0 0
1500 90.5292 -26.7879 18.0596 0.50589 -0.437648 392.855 0 0
1500 70.1843 -39.7345 17.6696 0.234701 -0.628883 392.862 0 0
1500 65.2325 -22.0983 17.6529 0.0355986 -0.338602 392.971 0 0
1500 78.784 43.098 17.653 0.338543 0.58789 393.13 0 0
1500 25.1135 2.80627 17.8068 -0.57322 0.00880435 393.125 0 0
1500 76.3109 16.7875 18.4277 0.328085 0.302657 393.144 0 0
1500 85.1241 -54.1357 17.83 0.397341 -0.898988 393.185 0 0
1500 113.766 10.3932 18.0593 1.02101 0.128476 393.25 0 0
1500 111.678 -45.4561 17.656 0.819938 -0.649578 393.454 0 0
1500 108.178 32.6548 17.8954 0.777013 0.521192 393.477 0 0
1500 14.3471 35.7119 17.7749 -0.690405 0.517849 393.4 0 0
1500 86.3238 -26.0625 18.019 0.522701 -0.396609 393.501 0 0
1500 123.332 17.0224 18.0425 1.14519 0.331228 393.541 0 0
1500 98.4697 -3.78727 18.0199 0.694726 -0.0783801 393.642 0 0
1500 108.387 24.2742 17.8904 0.850585 0.347003 393.815 0 0
1500 6.75346 -15.1327 17.6499 -0.787955 -0.163508 394.024 0 0
1500 47.6566 27.9703 17.7082 -0.132994 0.49469 394.14 0 0
1500 119.38 -1.82715 17.8407 0.961999 -0.0384105 394.228 0 0
1500 116.245 -29.403 17.6762 0.889683 -0.453826 394.28 0 0
1500 87.1935 5.86857 18.9144 0.677506 0.0747889 394.368 0 0
1500 97.2975 19.9081 17.9648 0.596191 0.359288 394.441 0 0
1500 81.2812 55.0024 17.8085 0.445805 0.86548 394.464 0 0
1500 79.6677 8.51027 18.0029 0.415764 0.0784275 394.538 0 0
1500 66.3924 -18.4202 18.192 0.233072 -0.365623 394.673 0 0
1500 73.6779 -0.272422 17.697 0.308759 -0.0102122 394.782 0 0
1500 51.2227 -8.91602 18.068 -0.124269 -0.131142 394.727 0 0
1500 41.2317 -53.593 17.7681 -0.296844 -0.78357 394.88 0 0
1500 152.103 15.3243 17.6926 1.44525 0.172321 394.87 0 0
1500 70.3262 12.0248 19.3005 0.352895 0.199967 394.929 0 0
1500 48.0026 23.4907 18.1125 -0.160336 0.339351 394.931 0 0
1500 99.1567 57.221 17.749 0.636339 0.828989 395.191 0 0
1500 127.216 13.4005 17.6482 1.01947 0.163507 395.11 0 0
1500 57.2736 -38.8968 17.7395 0.0553424 -0.606668 395.04 0 0
1500 47.1676 -10.3224 17.8562 -0.20662 -0.168812 395.156 0 0
1500 83.5647 20.2538 18.0812 0.374468 0.323978 395.561 0 0
1500 90.3906 43.3705 17.7284 0.482395 0.625736 395.54 0 0
1500 19.6761 56.3908 17.6744 -0.61257 0.788483 395.601 0 0
1500 70.9305 -13.4458 17.7 0.234576 -0.261028 395.633 0 0
1500 72.1684 40.7366 17.6549 0.245523 0.562677 395.68 0 0
1500 93.3132 4.88902 18.6444 0.666486 0.0206127 395.733 0 0
1500 113.303 18.7879 17.8489 0.877969 0.243729 395.771 0 0
1500 43.6176 -68.7929 17.6788 -0.27137 -0.984375 395.929 0 0
1500 103.403 -18.1055 17.7477 0.711375 -0.303329 395.891 0 0
1500 31.1721 -39.0899 17.7249 -0.39325 -0.567831 395.984 0 0
1500 88.9888 -22.9518 17.9837 0.557792 -0.341865 395.985 0 0
1500 67.1838 36.5612 18.032 0.0958568 0.587001 395.994 0 0
1500 83.003 -5.34741 18.0555 0.481152 -0.062304 396.096 0 0
1500 88.4228 -8.02416 18.2657 0.564506 -0.074182 396.39 0 0
1500 37.4173 -6.78222 18.1522 -0.303088 -0.12281 396.308 0 0
1500 81.0113 -33.4246 17.8712 0.364558 -0.487357 396.471 0 0
1500 102.311 8.36609 17.9188 0.697166 0.187675 396.405 0 0
1500 74.4535 -15.6226 17.8504 0.292427 -0.296723 396.497 0 0
1500 112.846 -6.78184 17.9802 0.949584 -0.0379014 396.636 0 0
1500 88.2425 -5.72726 18.0073 0.491204 -0.0617522 396.75 0 0
1500 96.8613 -12.7339 18.3018 0.689915 -0.21346 396.793 0 0
1500 84.2688 -14.3256 18.1709 0.405021 -0.246027 396.827 0 0
1500 79.372 17.0556 17.8686 0.27316 0.286287 396.89 0 0
1500 28.2473 -5.61657 17.9262 -0.510422 -0.119409 396.933 0 0
1500 76.8179 -6.87607 18.0517 0.34065 -0.06044 397.015 0 0
1500 94.9798 20.979 18.2703 0.651243 0.331436 397.002 0 0
1500 43.9776 -34.9941 17.973 -0.23927 -0.623632 397.041 0 0
1500 112.015 -17.5343 17.7632 0.820193 -0.290315 397.073 0 0
1500 99.4863 10.7736 18.6634 0.746056 0.19543 397.13 0 0
1500 86.6063 -13.0077 18.4336 0.556265 -0.225289 397.185 0 0
1500 47.3061 -29.0974 18.081 -0.184942 -0.584991 397.194 0 0
1500 81.2409 38.2817 18.0885 0.415699 0.611201 397.286 0 0
1500 64.0063 -47.8336 17.9697 0.103642 -0.82853 397.318 0 0
1500 41.0984 -23.2603 18.0251 -0.251265 -0.393672 397.364 0 0
1500 82.723 20.4279 17.8688 0.3941 0.372328 397.455 0 0
1500 90.7045 -6.20674 17.7571 0.55709 -0.117897 397.597 0 0
1500 38.3899 24.3165 17.9915 -0.341792 0.425072 397.575 0 0
1500 24.4205 -34.2853 17.7768 -0.46158 -0.517101 397.747 0 0
1500 114.968 6.58351 18.0657 0.920295 0.107414 397.799 0 0
1500 90.0814 11.9796 17.9576 0.480619 0.245124 397.78 0 0
1500 113.199 47.9333 17.6758 0.736008 0.72865 397.893 0 0
1500 82.1125 1.00616 18.134 0.414994 -0.0185754 398.188 0 0
1500 118.156 26.4594 17.7523 0.871311 0.406218 398.183 0 0
1500 82.1589 -52.7541 17.7803 0.396477 -0.772307 398.1 0 0
1500 61.3764 -69.3345 17.6873 0.0259886 -1.07608 398.178 0 0
1500 74.7543 15.5906 18.7187 0.418502 0.262348 398.348 0 0
1500 97.1097 -8.40596 17.7934 0.579922 -0.0745533 398.341 0 0
1500 85.4607 44.0189 17.888 0.378447 0.696693 398.35 0 0
1500 90.6199 -16.1125 17.8618 0.56315 -0.204903 398.313 0 0
1500 86.9563 -48.1344 18.0944 0.472374 -0.828034 398.224 0 0
1500 61.3554 44.6993 18.1068 0.0385446 0.765054 398.336 0 0
1500 67.6166 19.586 17.8156 0.219095 0.325549 398.399 0 0
1500 97.2601 -59.385 17.7276 0.624055 -0.840053 398.463 0 0
1500 71.6231 17.9533 18.2012 0.262054 0.331771 398.513 0 0
1500 107.763 -21.9496 18.0616 0.911882 -0.319206 398.458 0 0
1500 47.5047 -6.20749 18.7366 -0.149505 -0.10138 398.524 0 0
1500 65.232 54.1902 17.8893 0.0850887 0.840946 398.604 0 0
1500 84.4575 8.50481 18.4445 0.521658 0.180714 398.687 0 0
1500 65.7266 2.71921 17.9091 0.1675 -0.026075 398.736 0 0
1500 107.592 -46.2384 17.7213 0.744225 -0.714623 398.756 0 0
1500 117.983 47.5462 17.7001 0.936913 0.728086 398.73 0 0
1500 69.8031 -43.8939 17.7183 0.1173 -0.639209 398.851 0 0
1500 93.6267 54.4319 17.7973 0.53739 0.850839 398.792 0 0
1500 36.8627 74.8064 17.8065 -0.315315 1.14953 398.898 0 0
1500 95.3985 18.8287 17.9423 0.578102 0.3468 398.818 0 0
1500 102.952 -17.2709 17.8633 0.737938 -0.220061 398.883 0 0
1500 123.487 17.7924 17.8127 0.965191 0.278773 398.937 0 0
1500 88.7395 7.07791 18.3214 0.560451 0.0436974 399.222 0 0
1500 27.9024 35.4951 17.8525 -0.493676 0.541599 399.193 0 0
1500 63.0131 18.5202 17.9534 0.0645325 0.337223 399.309 0 0
1500 52.5212 -31.4749 17.7858 -0.0192179 -0.515606 399.066 0 0
1500 107.711 -7.84116 17.8076 0.791917 -0.16007 399.369 0 0
1500 63.4265 44.6449 17.9059 0.137537 0.714422 399.4 0 0
1500 101.247 55.4018 17.7316 0.604269 0.852316 399.487 0 0
1500 36.0371 -8.61297 17.9971 -0.351209 -0.10853 399.495 0 0
1500 89.3595 48.1344 17.8667 0.534876 0.724597 399.559 0 0
1500 94.9583 19.8352 17.986 0.641674 0.294689 399.544 0 0
1500 101.674 -5.95445 17.7863 0.704666 -0.135558 399.63 0 0
1500 30.4498 -14.1552 17.7437 -0.46524 -0.263321 399.632 0 0
1500 41.1347 -10.0474 18.6827 -0.251484 -0.185567 399.755 0 0
1500 88.074 -7.70291 17.9546 0.482839 -0.112559 399.734 0 0
1500 9.91534 -42.8829 17.8922 -0.813018 -0.73982 399.788 0 0
1500 42.4837 -0.186067 17.7358 -0.276897 -0.0668479 399.913 0 0
1500 68.9177 -57.3624 18.0452 0.215276 -0.965613 399.944 0 0
1500 99.5322 -7.38472 17.8574 0.617942 -0.125483 399.982 0 0
1500 98.5684 20.6559 17.7274 0.667778 0.283477 399.99 0 0
1500 59.3629 -4.53512 17.8051 -0.0483979 -0.0568237 399.97 0 0
1500 31.1832 14.872 17.7351 -0.445125 0.159113 400.187 0 0
1500 89.9054 -8.04078 17.8076 0.459369 -0.163132 400.249 0 0
1500 41.8444 27.3202 18.103 -0.261912 0.408114 400.343 0 0
1500 71.3573 -48.6898 17.7442 0.1431 -0.769381 400.408 0 0
1500 94.691 13.5834 17.8563 0.619064 0.163971 400.435 0 0
1500 99.966 -40.125 17.79 0.669666 -0.629424 400.63 0 0
1500 81.8678 -12.3141 17.7362 0.428101 -0.173855 400.498 0 0
1500 75.1677 38.6118 17.9287 0.2278 0.639172 400.579 0 0
1500 134.759 29.7884 18.0615 1.27225 0.503123 400.608 0 0
1500 35.6163 65.8585 17.7251 -0.356355 0.977123 400.698 0 0
1500 94.5327 9.04889 17.7492 0.548225 0.13594 400.853 0 0
1500 48.6152 -46.4442 17.7932 -0.152244 -0.681354 400.938 0 0
1500 79.1248 -44.6771 17.8569 0.386165 -0.690625 400.977 0 0
1500 57.1853 -44.9093 17.8001 -0.0211531 -0.735315 400.901 0 0
1500 101.598 14.4971 17.8606 0.647946 0.227375 400.987 0 0
1500 68.2973 -2.22842 18.0586 0.251141 -0.0754331 401.188 0 0
1500 29.9282 -10.1605 18.0043 -0.492441 -0.213361 401.18 0 0
1500 25.2836 -2.29449 17.8874 -0.481947 -0.0424414 401.247 0 0
1500 12.9721 -26.3129 17.7353 -0.70583 -0.450345 401.344 0 0
1500 83.7129 14.3309 17.9646 0.420992 0.166142 401.76 0 0
1500 52.4075 -43.4893 17.7467 -0.0492537 -0.642187 401.469 0 0
1500 107.969 21.6953 17.787 0.742732 0.286647 401.507 0 0
1500 111.062 -25.2377 17.7319 0.762746 -0.430463 401.553 0 0
1500 96.8341 -0.508837 18.3516 0.703389 0.00169379 401.678 0 0
1500 155.654 -114.659 18.4171 1.90078 -2.12968 401.512 0 0
1500 97.7829 36.9523 17.9189 0.65339 0.583298 401.818 0 0
1500 100.594 16.6433 18.14 0.736522 0.285533 401.85 0 0
1500 42.1164 -17.1718 18.3559 -0.303575 -0.25906 401.956 0 0
1500 102.111 -22.8838 17.7972 0.693227 -0.283129 402.093 0 0
1500 81.1792 36.9337 18.1059 0.366207 0.608053 402.092 0 0
1500 77.7739 9.33415 17.9689 0.379446 0.0951146 402.209 0 0
1500 93.8139 3.83227 18.0445 0.61548 0.140957 402.212 0 0
1500 144.537 -14.8841 17.7397 1.24582 -0.254337 402.479 0 0
1500 51.4773 -71.5657 17.7428 -0.0279758 -1.04229 402.507 0 0
1500 15.4931 -49.206 17.8085 -0.68124 -0.700945 402.511 0 0
1500 83.3033 -49.8967 17.8617 0.447983 -0.757861 402.443 0 0
1500 104.233 -52.1794 17.7473 0.720502 -0.761395 402.906 0 0
1500 115.573 -32.9164 17.8675 0.895508 -0.504581 402.843 0 0
1500 90.5852 18.8041 18.0038 0.576257 0.308288 402.695 0 0
1500 21.9318 37.5146 17.7791 -0.511583 0.626536 402.7 0 0
1500 25.1959 -8.50069 17.8234 -0.526623 -0.195099 402.904 0 0
1500 59.9829 -46.8313 17.9439 -0.00581544 -0.820096 402.853 0 0
1500 66.4699 -4.18292 18.5517 0.141959 0.00587794 402.807 0 0
1500 79.2319 -31.2715 17.9854 0.298209 -0.524781 402.981 0 0
1500 123.514 2.89879 17.7428 1.01364 0.0524395 403.097 0 0
1500 107.175 13.273 18.0099 0.77293 0.261505 403.067 0 0
1500 93.7847 -29.2471 18.0136 0.632206 -0.548123 403.09 0 0
1500 103.161 19.1481 18.0891 0.880447 0.348048 403.131 0 0
1500 124.137 -20.5257 17.7518 0.997844 -0.310841 403.259 0 0
1500 93.3651 -40.7574 17.9538 0.595598 -0.637802 403.243 0 0
1500 30.1568 -16.1123 17.9313 -0.470788 -0.214893 403.238 0 0
1500 64.7506 -21.9042 18.1596 0.108238 -0.346041 403.621 0 0
1500 55.1944 8.74012 17.7831 -0.0312782 0.181641 403.578 0 0
1500 72.1556 20.0495 18.4887 0.274961 0.357821 403.705 0 0
1500 106.022 10.7298 17.9087 0.790877 0.190722 403.573 0 0
1500 48.1859 -21.4232 17.9967 -0.199898 -0.357194 403.557 0 0
1500 -18.4654 -21.9425 17.9359 -1.33777 -0.318652 403.631 0 0
1500 100.92 -50.6695 17.8689 0.691765 -0.754513 403.771 0 0
1500 56.606 75.531 17.7683 -0.0991351 1.12787 403.83 0 0
1500 107.216 -47.8555 17.7606 0.752401 -0.6905 403.883 0 0
1500 67.5249 -69.2235 17.753 0.0943704 -1.04395 403.852 0 0
1500 101.559 24.7531 17.8136 0.725182 0.382738 403.917 0 0
1500 46.1898 -60.4469 17.9436 -0.22901 -1.08985 403.905 0 0
1500 91.1592 -35.6587 17.7718 0.461844 -0.558256 404.162 0 0
1500 54.6933 -69.133 17.7767 -0.0972655 -1.01563 404.089 0 0
1500 23.7088 16.829 17.9816 -0.53179 0.271306 404.224 0 0
1500 91.4064 -18.3547 18.0814 0.553873 -0.344567 404.102 0 0
1500 104.527 7.23385 17.8311 0.774997 0.0986214 404.114 0 0
1500 74.2622 -13.0834 17.9818 0.242508 -0.269545 404.155 0 0
1500 35.8207 -26.4219 17.8275 -0.402455 -0.364426 404.052 0 0
1500 79.9335 -7.31019 19.2085 0.490705 -0.119502 404.261 0 0
1500 81.6969 -14.2355 18.5496 0.442348 -0.22024 404.389 0 0
1500 121.515 22.2644 17.7676 0.946639 0.288769 404.322 0 0
1500 89.7701 35.2857 17.7663 0.511341 0.482451 404.392 0 0
1500 102.848 -41.5555 17.8202 0.630765 -0.67859 404.389 0 0
1500 67.3225 0.246214 18.0507 0.155519 0.0771263 404.39 0 0
1500 93.8045 -37.0752 17.842 0.556832 -0.626522 404.616 0 0
1500 60.6126 46.6888 17.9529 0.0523841 0.803466 404.535 0 0
1500 17.6082 -54.5882 17.7634 -0.607858 -0.826559 404.657 0 0
1500 -0.0452126 -29.9059 17.801 -0.886766 -0.49195 404.673 0 0
1500 64.1781 43.1836 18.1584 0.1224 0.715769 404.672 0 0
1500 109.621 31.9488 18.5523 1.02494 0.68153 404.736 0 0
1500 83.0156 -29.3439 18.5118 0.473114 -0.488897 404.803 0 0
1500 33.1835 58.1132 17.9287 -0.405982 1.01283 404.883 0 0
1500 -2.75289 -20.372 17.8042 -0.906747 -0.296205 404.98 0 0
1500 82.8662 46.946 17.8474 0.452592 0.705211 405.051 0 0
1500 78.8215 -3.03686 17.8663 0.343619 -0.0640131 405.096 0 0
1500 115.87 1.32757 18.0707 1.0415 0.0253357 405.096 0 0
1500 105.18 -18.9429 17.8485 0.767557 -0.337101 405.401 0 0
1500 72.893 4.16908 17.98 0.190946 0.114706 405.345 0 0
1500 47.4247 20.6626 18.2762 -0.190522 0.322408 405.221 0 0
1500 108.57 -23.982 17.7899 0.754066 -0.348501 405.521 0 0
1500 -4.41853 -16.9308 17.7775 -0.905807 -0.293884 405.558 0 0
1500 80.1308 -12.1228 17.8267 0.285186 -0.24085 405.48 0 0
1500 107.15 26.9045 17.7919 0.733642 0.347029 405.62 0 0
1500 110.175 1.26487 17.7958 0.773024 -0.00317422 405.803 0 0
1500 59.6999 -16.2784 18.6393 0.115339 -0.306496 405.744 0 0
1500 111.579 -33.3161 17.8458 0.867961 -0.489164 406.197 0 0
1500 93.7668 -13.0323 17.8315 0.578697 -0.129095 405.917 0 0
1500 56.0308 26.9346 17.9841 -0.0862188 0.407141 406.176 0 0
1500 47.9307 -36.6133 17.8489 -0.228511 -0.568137 406.185 0 0
1500 72.7001 48.2064 17.9026 0.215132 0.851082 405.961 0 0
1500 60.6437 -42.5338 17.819 -0.0161615 -0.703376 406.218 0 0
1500 108.618 -30.7893 18.0013 0.841066 -0.463454 406.446 0 0
1500 88.6727 0.909799 18.4069 0.589514 -0.0280156 406.292 0 0
1500 116.008 -28.2973 17.8462 0.929409 -0.413533 406.475 0 0
1500 77.1252 8.42508 18.1302 0.35219 0.109789 406.608 0 0
1500 88.0037 0.584345 17.8176 0.464864 -0.0122855 406.763 0 0
1500 -17.8106 -91.9422 17.8262 -1.22489 -1.46394 406.621 0 0
1500 59.3297 5.96476 17.8814 -0.00914966 0.0232373 406.54 0 0
1500 109.382 14.3292 18.3998 1.00638 0.246109 406.761 0 0
1500 113.86 19.071 17.9967 0.95077 0.414511 406.591 0 0
1500 -1.81897 -32.9554 17.821 -0.936452 -0.4451 406.842 0 0
1500 119.354 -1.22786 18.0029 0.991236 -0.0454935 406.967 0 0
1500 78.0908 2.23816 18.7283 0.461173 0.0674827 406.985 0 0
1500 53.3311 -2.76115 17.8722 -0.128855 -0.0933138 407.084 0 0
1500 77.6587 -39.8728 18.0152 0.286931 -0.738262 407.114 0 0
1500 109.222 -41.1301 17.8469 0.806362 -0.652766 407.211 0 0
1500 78.3046 -44.6049 18.516 0.409478 -0.818416 407.188 0 0
1500 107.499 -37.753 17.8263 0.73912 -0.576129 407.5 0 0
1500 125.862 -54.0718 17.8037 1.03789 -0.782817 407.33 0 0
1500 14.2485 5.63914 17.8696 -0.699733 0.0179029 407.51 0 0
1500 43.0497 -3.26881 17.9766 -0.263911 0.00783994 407.481 0 0
1500 68.3478 -26.2617 18.3532 0.280228 -0.51733 407.4 0 0
1500 118.317 -7.81226 18.8382 1.2422 -0.152909 407.329 0 0
1500 90.8073 -34.7339 17.8675 0.471674 -0.598646 407.731 0 0
1500 106.623 21.75 17.9423 0.745735 0.411988 407.815 0 0
1500 70.6953 26.3815 17.9778 0.146962 0.444087 407.835 0 0
1500 99.2883 -53.2586 17.9123 0.631042 -0.83435 408.202 0 0
1500 39.1612 -4.85984 17.8371 -0.373514 -0.0366624 408.156 0 0
1500 81.831 -5.45643 18.2909 0.487941 -0.0493205 408.309 0 0
1500 101.888 -14.4117 17.8499 0.722094 -0.160065 408.353 0 0
1500 97.4767 54.0985 17.9231 0.587856 0.862918 408.682 0 0
1500 84.949 6.46151 18.0581 0.507486 0.0581831 408.843 0 0
1500 99.5288 -54.4388 17.8166 0.582554 -0.868566 408.994 0 0
1500 96.7059 21.8033 18.5749 0.712608 0.398362 409.046 0 0
1500 103.216 24.9783 17.8546 0.695162 0.35791 409.196 0 0
1500 13.9117 51.0163 17.8583 -0.664289 0.809404 409.172 0 0
1500 123.2 20.5189 17.8203 0.981557 0.367893 409.191 0 0
1500 60.4542 -26.0305 18.1366 0.0681511 -0.411442 409.236 0 0
1500 60.8841 -23.37 17.9105 0.0662244 -0.378823 409.317 0 0
1500 72.0655 47.0545 17.8105 0.180338 0.752052 409.304 0 0
1500 99.5124 53.0516 17.8 0.576259 0.852594 409.258 0 0
1500 84.1296 -45.8784 17.8761 0.383258 -0.704603 409.691 0 0
1500 87.4496 -1.70383 19.1539 0.633131 0.0323436 409.8 0 0
1500 81.2873 42.485 17.8127 0.312531 0.682055 409.674 0 0
1500 105.467 43.9046 17.8715 0.780892 0.670901 409.632 0 0
1500 113.469 16.084 17.8423 0.902715 0.180586 409.455 0 0
1500 14.6646 61.0091 17.9264 -0.725418 1.08079 409.582 0 0
1500 66.3914 -47.6905 17.8389 0.130882 -0.808628 409.96 0 0
1500 60.159 28.0197 17.8817 0.0787768 0.430775 410.049 0 0
1500 78.0731 -19.0259 17.8558 0.295532 -0.325107 410.42 0 0
1500 92.9446 6.37632 18.6227 0.644776 0.162272 410.114 0 0
1500 67.1712 10.9324 18.8069 0.211831 0.212931 410.197 0 0
1500 8.52491 45.1183 17.8351 -0.751028 0.731337 410.422 0 0
1500 96.7908 20.7882 18.8974 0.761823 0.375088 410.111 0 0
1500 81.1006 1.79812 18.382 0.414144 -0.0480278 410.32 0 0
1500 88.1666 37.6808 17.9754 0.550225 0.599284 410.447 0 0
1500 -6.91414 -3.36291 17.8177 -0.985722 -0.0977703 410.461 0 0
1500 90.1969 48.7881 17.9486 0.573843 0.752839 410.67 0 0
1500 13.6693 -2.17924 17.8583 -0.672823 0.00469025 410.616 0 0
1500 113.65 17.1813 18.092 0.916391 0.305964 410.673 0 0
1500 12.452 16.1301 18.0124 -0.730176 0.305288 410.723 0 0
1500 78.07 -35.2119 18.5086 0.433528 -0.61365 410.664 0 0
1500 -31.7187 8.71497 17.9433 -1.54054 0.14862 410.702 0 0
1500 118.493 -31.6169 17.8177 0.894297 -0.534586 410.989 0 0
1500 110.042 36.5241 17.9063 0.847841 0.581599 411.085 0 0
1500 51.7207 34.3303 18.7409 -0.0954889 0.67739 411.01 0 0
1500 105.195 34.9115 17.8052 0.775919 0.536892 411.247 0 0
1500 93.2088 45.1524 17.8252 0.531692 0.704234 411.611 0 0
1500 65.9584 -65.0706 17.8623 0.0871646 -1.00349 411.542 0 0
1500 55.5609 39.0366 18.2741 -0.0508929 0.739565 411.52 0 0
1500 120.631 16.7207 18.0063 1.00933 0.276872 412.298 0 0
1500 67.5487 2.36144 18.0227 0.171903 0.0784834 411.863 0 0
1500 86.1896 -2.8716 18.2113 0.479096 -0.0750508 411.949 0 0
1500 51.4743 -24.9682 18.0862 -0.111161 -0.384057 411.891 0 0
1500 52.9245 -12.5421 18.0903 -0.091236 -0.214986 412.107 0 0
1500 34.7233 53.4971 17.8123 -0.371581 0.824722 412.071 0 0
1500 97.5769 19.3126 17.8383 0.579237 0.365913 411.851 0 0
1500 31.5631 51.3829 17.814 -0.347093 0.832937 412.073 0 0
1500 81.0927 60.9872 17.9963 0.410998 1.02079 412.11 0 0
1500 96.2348 47.9168 17.8741 0.609925 0.841474 412.31 0 0
1500 121.382 13.2355 18.0438 1.17513 0.252975 411.739 0 0
1500 131.937 16.779 18.3326 1.37414 0.335961 412.312 0 0
1500 113.428 -4.84022 17.8349 0.859788 -0.14942 412.364 0 0
1500 47.5272 -58.302 17.8691 -0.176541 -0.894375 412.429 0 0
1500 117.45 24.058 17.8421 0.904293 0.4051 412.438 0 0
1500 116.539 -66.8419 18.0585 0.998173 -1.15031 412.548 0 0
1500 45.0231 -18.1978 18.089 -0.184868 -0.306027 412.884 0 0
1500 24.3442 6.92023 17.8439 -0.519894 0.0483981 412.706 0 0
1500 120.939 19.6067 17.802 0.993973 0.287851 412.65 0 0
1500 73.4773 0.66186 18.6755 0.357768 -0.0629941 413.003 0 0
1500 65.656 50.2468 17.8324 0.0921969 0.821352 413.046 0 0
1500 95.7469 40.3137 17.823 0.599105 0.686444 413.31 0 0
1500 45.9837 -15.5638 18.1245 -0.206995 -0.288103 412.719 0 0
1500 88.3863 7.34787 18.0202 0.564888 0.088901 412.824 0 0
1500 110.953 -12.4042 18.5887 1.00699 -0.214169 412.578 0 0
1500 58.5869 58.1188 18.0131 0.0796674 0.976111 412.826 0 0
1500 107.116 -37.9298 18.274 0.850951 -0.681316 412.848 0 0
1500 50.726 -73.6731 17.899 -0.0944002 -1.28406 412.626 0 0
1500 42.0468 15.7341 18.4567 -0.284781 0.2996 412.714 0 0
1500 103.922 41.873 18.3474 0.836735 0.873485 412.571 0 0
1500 93.5387 -46.2742 17.8903 0.530747 -0.774531 413.421 0 0
1500 104.336 32.8887 17.8222 0.728844 0.572366 413.414 0 0
1500 77.7853 -46.6186 17.8315 0.290407 -0.767383 413.756 0 0
1500 87.086 -28.4989 17.8414 0.41781 -0.469553 413.822 0 0
1500 31.7478 -7.54319 17.8903 -0.391597 -0.167007 414.179 0 0
1500 37.0569 -36.8171 17.8699 -0.344796 -0.562562 414.093 0 0
1500 124.04 -2.28128 17.821 1.04141 -0.0786445 414.018 0 0
1500 106.355 30.2008 17.8289 0.804164 0.425081 413.947 0 0
1500 99.9086 -4.30218 18.2436 0.77944 -0.156911 413.929 0 0
1500 119.871 18.2634 17.8175 0.953197 0.345458 414.244 0 0
1500 66.5155 25.5459 18.0138 0.091385 0.400362 414.43 0 0
1500 6.59279 44.1373 17.816 -0.743136 0.728505 414.77 0 0
1500 55.4729 -63.9895 17.8241 0.0284929 -0.998709 414.702 0 0
1500 68.9087 -62.7317 17.8237 0.230632 -0.978625 414.779 0 0
1500 106.158 -12.4832 17.8891 0.804547 -0.143876 414.778 0 0
1500 37.9959 -12.9159 17.8547 -0.344284 -0.130674 414.752 0 0
1500 106.426 17.3138 18.0191 0.769652 0.27445 415.06 0 0
1500 84.7485 -4.10101 17.9333 0.443132 -0.0647226 416.095 0 0
1500 32.473 -60.1865 17.8859 -0.378241 -0.946772 416.096 0 0
1500 70.3816 64.7317 17.8155 0.206324 1.02774 415.279 0 0
1500 116.013 32.3327 17.8168 0.871417 0.542066 416.062 0 0
1500 86.7067 -59.6535 17.8215 0.492586 -0.921347 415.569 0 0
1500 117.424 32.802 17.8213 0.945762 0.451784 415.826 0 0
1500 100.627 -46.4309 17.9431 0.71955 -0.721025 415.627 0 0
1500 48.1032 29.2099 17.8455 -0.145116 0.531669 415.189 0 0
1500 77.7008 31.9533 17.8606 0.349645 0.55917 415.824 0 0
1500 80.1315 -26.4019 17.832 0.402 -0.459553 415.86 0 0
1500 49.7417 10.0405 17.8986 -0.131326 0.234426 416.103 0 0
1500 42.0516 8.5725 17.8976 -0.251192 0.211289 416.167 0 0
1500 71.1328 -6.83202 17.871 0.156642 -0.165914 416.201 0 0
1500 53.0644 20.5662 18.2123 -0.115877 0.421621 415.808 0 0
1500 85.7091 27.2808 18.3126 0.536913 0.57286 415.678 0 0
1500 38.5695 -5.45345 17.8551 -0.269839 -0.146184 416.302 0 0
1500 74.4983 64.1934 17.8018 0.214556 1.01082 416.735 0 0
1500 108.239 30.9999 17.8352 0.73426 0.54145 416.442 0 0
1500 86.4544 54.9094 17.8565 0.42057 0.916752 416.501 0 0
1500 60.6773 36.0886 18.0268 0.0994685 0.624035 416.595 0 0
1500 132.031 -65.6383 18.2429 1.32258 -1.14068 416.724 0 0
1500 144.425 93.4227 18.0349 1.49816 1.63673 416.392 0 0
1500 55.3831 -28.25 17.8489 0.0244748 -0.430468 417.117 0 0
1500 118.95 -18.2048 17.8243 0.949692 -0.297969 417.153 0 0
1500 100.425 -53.9793 17.8103 0.663521 -0.857859 417.528 0 0
1500 1.22358 33.4901 17.8554 -0.910585 0.513186 417.122 0 0
1500 113.206 23.7191 17.8462 0.877763 0.421573 417.387 0 0
1500 76.8955 25.0729 18.2079 0.267102 0.412024 416.86 0 0
1500 107.611 23.3878 17.821 0.816293 0.309052 416.848 0 0
1500 56.8457 -15.8956 18.1001 -0.0597794 -0.231953 416.851 0 0
1500 62.4096 -42.4641 17.8582 0.0198042 -0.713428 417.12 0 0
1500 67.7085 1.92965 17.9509 0.181244 -0.0461152 417.137 0 0
1500 75.2082 5.74926 18.6355 0.386378 0.104322 417.632 0 0
1500 81.0255 -37.9377 17.8676 0.355822 -0.601972 417.795 0 0
1500 121.287 -0.623241 17.9444 0.995037 -0.0370948 417.813 0 0
1500 29.9993 -55.7327 17.8739 -0.429169 -0.869332 417.904 0 0
1500 27.0417 -59.2825 17.8084 -0.442543 -0.945104 417.912 0 0
1500 117.5 11.0621 18.0116 0.98342 0.183223 417.776 0 0
1500 9.23096 -32.727 17.9168 -0.800514 -0.497462 417.544 0 0
1500 12.6022 10.0652 18.0862 -0.731236 0.166255 417.89 0 0
1500 94.3277 16.4327 17.847 0.596663 0.323743 417.692 0 0
1500 113.577 17.1839 17.8301 0.860437 0.213392 418.049 0 0
1500 70.956 -19.022 18.3667 0.202691 -0.326208 418.14 0 0
1500 86.7769 -16.6314 18.4363 0.522865 -0.259268 419.492 0 0
1500 65.2516 13.0885 17.8442 0.123287 0.249185 419.188 0 0
1500 32.7453 -46.5068 17.8814 -0.380784 -0.727566 418.623 0 0
1500 27.2166 -4.58803 17.8941 -0.45219 -0.128963 419.753 0 0
1500 107.396 -16.0653 17.9575 0.753116 -0.286862 419.168 0 0
1500 76.5477 -48.92 17.957 0.316584 -0.752565 419.117 0 0
1500 110.894 -13.6174 17.8072 0.782123 -0.259559 418.719 0 0
1500 62.1918 63.5395 17.8311 0.0314706 0.987821 419.709 0 0
1500 78.0178 62.1439 17.8423 0.340672 0.986114 418.457 0 0
1500 106.409 -41.2885 17.8128 0.781491 -0.666335 418.221 0 0
1500 101.518 43.1545 17.874 0.653838 0.725526 418.408 0 0
1500 88.6464 59.0302 17.8699 0.45079 0.946002 419.731 0 0
1500 98.6664 37.9262 18.0624 0.713473 0.590209 418.812 0 0
1500 261.431 150.08 17.8065 3.1263 2.25656 418.835 0 0
1500 73.9932 -20.7041 18.5466 0.33904 -0.384279 419.237 0 0
1500 68.274 -15.065 18.5495 0.254273 -0.300855 419.032 0 0
1500 81.782 55.8341 17.8324 0.392414 0.909717 419.366 0 0
1500 26.5323 -36.7119 17.8721 -0.554905 -0.563058 418.434 0 0
1500 0.955223 -22.3642 17.8622 -0.929617 -0.336389 419.685 0 0
1500 57.5142 19.5698 18.296 -0.0202497 0.318328 419.412 0 0
1500 47.2586 13.3142 18.2965 -0.176718 0.223074 419.375 0 0
1500 66.52 38.7773 18.2652 0.164239 0.665689 419.323 0 0
1500 44.6093 44.3023 17.8034 -0.242871 0.752755 418.806 0 0
1500 49.5522 13.6818 17.9001 -0.199945 0.235704 418.384 0 0
1500 49.7483 -34.2717 17.8328 -0.119239 -0.609 419.521 0 0
1500 78.4151 -30.7021 17.8321 0.325519 -0.553086 419.579 0 0
1500 85.9847 -6.50909 17.8353 0.493153 -0.152804 419.458 0 0
1500 80.7379 -4.99446 17.8578 0.325161 -0.149707 419.749 0 0
1500 -7.78985 -6.82521 17.857 -1.09983 -0.0595173 419.705 0 0
1500 99.3884 1.23787 18.2479 0.688921 -0.00642789 419.795 0 0
1500 63.96 -66.4093 17.8127 0.142159 -1.0189 419.781 0 0
1500 133.729 -20.8117 18.3351 1.44889 -0.399915 419.817 0 0
1500 118.311 4.37993 18.0223 1.01115 0.0340586 420.149 0 0
1500 46.3324 -40.6298 17.8294 -0.123943 -0.679813 419.906 0 0
1500 122.726 -34.0737 18.2332 1.14131 -0.609912 420.151 0 0
1500 74.1738 3.14654 17.9734 0.277441 -0.0145797 420.519 0 0
1500 94.7848 50.5438 17.8459 0.574334 0.792136 420.284 0 0
1500 47.3323 -58.1616 17.8476 -0.246234 -0.909719 420.316 0 0
1500 50.0622 32.5052 18.1447 -0.121672 0.605262 420.507 0 0
1500 43.0017 -46.0495 18.3863 -0.212524 -0.870257 420.514 0 0
1500 84.665 -31.6816 18.2919 0.422458 -0.54116 420.685 0 0
1500 60.4767 -6.93713 17.9744 0.101132 -0.173299 420.72 0 0
1500 99.9115 50.1188 17.8606 0.682336 0.792025 420.928 0 0
1500 68.9362 -40.8819 18.2913 0.185253 -0.679241 420.741 0 0
1500 19.2668 36.7412 17.8358 -0.543888 0.594391 421.077 0 0
1500 25.7199 -16.1837 17.8861 -0.546517 -0.306803 421.143 0 0
1500 65.1862 44.3163 17.8449 0.0731048 0.691892 421.41 0 0
1500 124.307 8.48065 17.8309 0.999769 0.189239 421.615 0 0
1500 117.219 29.6402 17.8303 0.898763 0.499168 421.434 0 0
1500 -2.86291 -29.8321 17.8081 -0.96234 -0.391532 421.479 0 0
1500 118.765 9.47227 17.8159 0.974233 0.0934022 421.42 0 0
1500 80.9277 -35.3552 18.0028 0.408684 -0.603546 421.566 0 0
1500 51.087 -4.48574 17.9426 -0.124082 -0.14248 421.469 0 0
1500 45.1198 -1.90959 17.942 -0.217012 -0.102244 421.507 0 0
1500 46.5027 -3.79455 17.8491 -0.199373 0.0166765 421.381 0 0
1500 46.8203 -56.2752 18.1293 -0.270545 -0.963223 421.31 0 0
1500 76.222 35.5871 17.8429 0.265295 0.572578 421.734 0 0
1500 120.546 20.0864 17.8613 0.974053 0.341604 421.919 0 0
1500 68.9037 30.8366 18.1798 0.121934 0.562056 422.012 0 0
1500 27.8047 -15.7504 17.9337 -0.481843 -0.223345 422.776 0 0
1500 77.5005 -15.0832 17.8376 0.326164 -0.256272 422.762 0 0
1500 36.4513 -62.2614 17.8395 -0.294749 -0.99764 422.347 0 0
1500 37.0382 -50.8279 17.8741 -0.364984 -0.828272 422.279 0 0
1500 82.3056 -54.3262 17.8726 0.322287 -0.878675 422.488 0 0
1500 71.6015 56.6736 17.9567 0.238539 0.926115 423.039 0 0
1500 95.497 -12.5037 17.9801 0.669978 -0.1804 422.07 0 0
1500 67.5787 39.5537 18.1472 0.197147 0.675778 422.838 0 0
1500 50.2345 -11.8271 18.0898 -0.107815 -0.257043 422.378 0 0
1500 65.8181 -22.7529 18.0864 0.132377 -0.424322 422.597 0 0
1500 90.6947 -20.7766 17.9378 0.489697 -0.392506 422.659 0 0
1500 16.6962 -17.2591 17.9339 -0.648529 -0.336595 422.978 0 0
1500 21.7434 -16.4104 17.9367 -0.573093 -0.324721 422.747 0 0
1500 58.6924 1.37329 17.8783 -0.0558357 -0.0135815 422.928 0 0
1500 103.293 27.7523 18.4159 0.809667 0.513621 422.796 0 0
1500 6.02555 33.0666 17.8736 -0.824779 0.603186 422.853 0 0
1500 85.269 -1.02579 18.0846 0.553585 -0.011306 422.864 0 0
1500 87.8397 14.7489 18.4666 0.488225 0.305923 422.372 0 0
1500 57.157 -10.0546 18.0903 -0.0185459 -0.195142 423.275 0 0
1500 81.429 4.36421 18.4118 0.456257 0.0643624 423.641 0 0
1500 62.6364 -6.59211 17.9041 0.135806 -0.112031 423.31 0 0
1500 53.1549 -51.634 17.9339 -0.0414741 -0.801067 423.543 0 0
1500 85.469 40.3925 18.142 0.465367 0.683508 423.321 0 0
1500 82.3835 36.813 18.1519 0.370863 0.621883 423.467 0 0
1500 38.4982 -6.4333 18.035 -0.39078 -0.17085 423.19 0 0
1500 60.5317 -58.6385 17.8479 0.0835776 -0.896942 423.871 0 0
1500 55.4641 -44.7099 18.0696 -0.0347252 -0.750986 423.785 0 0
1500 78.4943 -1.12121 18.2003 0.363919 0.0593802 423.944 0 0
1500 81.1639 -5.62752 17.8462 0.424362 -0.13369 423.843 0 0
1500 69.4535 -69.6698 18.2292 0.288439 -1.24715 424.166 0 0
1500 70.1574 -13.5974 18.3547 0.228813 -0.253518 425.745 0 0
1500 97.1351 3.48038 18.3149 0.657545 0.0134026 425.776 0 0
1500 102.121 -38.1119 17.8213 0.641504 -0.618187 424.776 0 0
1500 105.525 -38.688 17.8171 0.739874 -0.606884 424.471 0 0
1500 5.2642 -28.6344 17.8376 -0.786187 -0.477672 425.314 0 0
1500 102.467 43.8494 17.9189 0.734822 0.701417 425.142 0 0
1500 93.2917 12.6005 18.2727 0.651589 0.144946 425.784 0 0
1500 68.0519 11.18 18.3974 0.207799 0.242855 425.584 0 0
1500 83.5098 -24.8487 17.8491 0.465788 -0.419791 424.502 0 0
1500 71.6642 27.2365 18.0325 0.182595 0.47523 424.92 0 0
1500 95.6471 -7.01818 17.8986 0.632171 -0.0440459 425.103 0 0
1500 86.5767 9.43831 17.9017 0.493774 0.211076 424.868 0 0
1500 84.747 -18.5219 18.2349 0.480978 -0.371691 424.38 0 0
1500 126.993 2.28261 17.8718 1.19046 0.0300981 424.935 0 0
1500 171.633 -75.3851 17.9418 1.99078 -1.24269 424.416 0 0
1500 129.19 -1.34223 18.0553 1.295 -0.0276706 424.671 0 0
1500 65.6199 26.2327 18.2084 0.194126 0.413458 425.842 0 0
1500 7.56729 12.735 17.8468 -0.830382 0.147259 426.113 0 0
1500 108.35 43.7424 17.9082 0.759738 0.711943 426.464 0 0
1500 67.1799 -11.4325 18.0728 0.121522 -0.229374 426.311 0 0
1500 50.4347 32.1281 17.9492 -0.17853 0.512725 426.271 0 0
1500 78.0616 -18.8385 18.3359 0.374165 -0.3138 426.882 0 0
1500 122.273 0.705372 17.9233 1.01772 0.0151378 426.535 0 0
1500 20.5537 33.7239 17.9492 -0.570106 0.589089 426.539 0 0
1500 80.351 -6.2727 18.0507 0.442751 -0.127959 426.816 0 0
1500 74.397 -46.3287 18.4532 0.338383 -0.84374 426.743 0 0
1500 96.0711 1.88304 18.2954 0.708058 0.0129601 427.239 0 0
1500 108.817 -14.5625 18.5732 0.921091 -0.313104 427.035 0 0
1500 58.6496 -18.2924 18.3022 0.0275432 -0.307654 427.526 0 0
1500 109.207 -6.11049 17.975 0.812288 -0.0759796 427.526 0 0
1500 -6.29297 8.09414 17.8374 -1.01994 0.0745402 427.565 0 0
1500 111.892 11.7671 18.0431 0.909292 0.151392 427.423 0 0
1500 97.0148 -1.06208 18.3008 0.710926 0.0267735 427.442 0 0
1500 94.767 -25.8483 18.2188 0.634355 -0.458285 427.566 0 0
1500 76.1309 11.5168 17.9606 0.360082 0.223209 427.716 0 0
1500 86.5416 58.3127 18.0685 0.517396 0.987233 427.566 0 0
1500 60.4951 34.6316 18.0156 0.0876485 0.623316 427.802 0 0
1500 138.666 21.4631 18.0133 1.37943 0.362579 428.007 0 0
1500 16.6587 -21.6999 17.9942 -0.744885 -0.299125 427.769 0 0
1500 87.7525 25.9327 18.6865 0.6247 0.524609 427.653 0 0
1500 17.8564 22.3892 17.8364 -0.586001 0.386034 428.187 0 0
1500 102.424 14.9297 17.8513 0.690621 0.174792 428.537 0 0
1500 102.562 34.2174 17.8621 0.682785 0.54752 428.382 0 0
1500 48.5176 59.5169 17.8135 -0.123853 0.929103 428.461 0 0
1500 82.8465 58.9842 17.9484 0.441309 0.926624 428.27 0 0
1500 108.064 -38.7505 17.9615 0.825614 -0.613094 428.451 0 0
1500 -1.09973 18.8358 17.93 -0.94577 0.297761 428.308 0 0
1500 44.8337 -53.7627 17.8473 -0.197767 -0.884548 428.479 0 0
1500 25.6331 -28.8318 18.0083 -0.486147 -0.51642 428.171 0 0
1500 98.0235 3.35598 17.8929 0.6552 -0.0164945 428.554 0 0
1500 97.4677 -2.00747 17.9526 0.684736 0.0132943 428.312 0 0
1500 86.8173 16.5717 17.8382 0.512067 0.214611 428.448 0 0
1500 91.4325 56.7475 17.8794 0.537858 0.89309 428.612 0 0
1500 114.665 -1.76858 18.2834 0.967999 -0.0411543 428.607 0 0
1500 74.35 20.7343 17.8453 0.2122 0.358887 428.915 0 0
1500 98.8911 12.7328 17.8711 0.622121 0.237114 429.298 0 0
1500 95.6268 43.6001 17.9404 0.643652 0.700376 429.604 0 0
1500 50.7746 -21.4203 18.1509 -0.0808102 -0.399697 429.209 0 0
1500 84.6685 5.84521 18.0984 0.51862 0.105243 428.641 0 0
1500 76.3316 36.2643 18.1271 0.355861 0.61616 429.38 0 0
1500 61.6046 44.5914 17.8676 0.121429 0.732294 429.456 0 0
1500 66.1447 -18.5632 17.9206 0.154522 -0.364519 429.626 0 0
1500 87.5145 10.6946 17.963 0.535991 0.116066 429.532 0 0
1500 73.793 28.5215 18.1932 0.324801 0.529282 429.453 0 0
1500 92.2718 20.0221 18.4585 0.719441 0.337356 429.02 0 0
1500 85.11 -2.805 18.1343 0.496073 0.0356774 428.798 0 0
1500 39.2392 3.82384 18.0433 -0.404049 0.0333051 429.326 0 0
1500 113.372 18.472 17.8223 0.903988 0.238561 429.961 0 0
1500 81.223 -37.5966 17.9136 0.443407 -0.58517 430.035 0 0
1500 86.8059 -46.546 18.0466 0.565503 -0.832502 430.001 0 0
1500 110.232 22.2896 17.8688 0.869314 0.312087 430.379 0 0
1500 114.92 4.19488 17.8585 0.928493 0.108617 430.43 0 0
1500 29.3244 21.1294 17.992 -0.469856 0.384659 430.373 0 0
1500 19.0053 1.92476 17.9911 -0.627968 0.0890128 430.444 0 0
1500 69.0333 -2.6428 17.8762 0.227558 -0.103608 430.4 0 0
1500 80.8736 -25.0544 18.1469 0.322423 -0.454232 430.297 0 0
1500 33.7173 -7.37598 17.8734 -0.399648 -0.134661 430.517 0 0
1500 58.5168 37.8169 17.9908 -0.0205735 0.64058 430.463 0 0
1500 83.6776 -23.488 17.9801 0.445438 -0.327648 430.681 0 0
1500 100.965 -9.53761 18.0015 0.693563 -0.128038 430.899 0 0
1500 94.1817 49.7238 17.9519 0.588911 0.761797 430.664 0 0
1500 97.1792 44.459 17.9537 0.629464 0.683492 430.94 0 0
1500 109.566 -8.7614 17.9052 0.814355 -0.207971 430.873 0 0
1500 52.1498 83.1081 17.9216 -0.092787 1.35574 430.774 0 0
1500 46.1885 23.0154 17.9753 -0.225732 0.404803 430.749 0 0
1500 70.0855 12.5863 17.8888 0.186759 0.274212 430.742 0 0
1500 54.386 -9.13087 17.9318 -0.0987912 -0.0854126 430.967 0 0
1500 53.1316 25.8217 17.8213 -0.0135799 0.445015 430.899 0 0
1500 146.786 10.3169 18.1979 1.55295 0.183925 430.528 0 0
1500 135.202 16.2808 18.2733 1.40832 0.32108 430.786 0 0
1500 95.1432 -22.9761 18.073 0.63017 -0.331095 431.834 0 0
1500 120.62 -16.4473 17.8538 1.00145 -0.201824 431.319 0 0
1500 100.172 -9.8061 18.1227 0.751867 -0.161928 431.562 0 0
1500 43.9448 34.3388 18.1359 -0.21427 0.581553 431.869 0 0
1500 27.7023 17.1578 18.1582 -0.4921 0.286446 431.277 0 0
1500 22.3206 26.7714 17.9659 -0.588555 0.457743 431.484 0 0
1500 107.181 -10.5385 17.8442 0.821627 -0.198027 431.471 0 0
1500 111.713 -5.26909 17.8418 0.887321 -0.116854 431.744 0 0
1500 87.3181 -20.7964 18.2982 0.525248 -0.395599 431.258 0 0
1500 80.8756 36.0312 17.8773 0.350566 0.631851 431.589 0 0
1500 79.3043 37.1507 17.919 0.286225 0.628326 431.871 0 0
1500 75.0817 31.5821 17.8159 0.327553 0.531849 431.285 0 0
1500 46.5005 12.8056 17.8394 -0.250152 0.238151 431.248 0 0
1500 32.3021 -14.7964 17.8355 -0.470459 -0.193092 431.51 0 0
1500 -36.2479 51.4503 17.8784 -1.49897 0.881617 431.924 0 0
1500 -79.3316 107.869 17.8716 -2.28072 1.8233 431.43 0 0
1500 98.2149 35.7376 18.2729 0.69826 0.674375 431.571 0 0
1500 71.4145 21.4191 18.3354 0.284431 0.321419 432.649 0 0
1500 72.4863 -3.61751 17.9081 0.247201 0.0076771 432.168 0 0
1500 75.2251 4.64156 18.1038 0.336647 0.0500587 433.065 0 0
1500 56.5006 3.0073 17.9775 0.0461723 0.087829 433.146 0 0
1500 103.949 -8.44393 17.8904 0.696632 -0.183957 433.171 0 0
1500 103.95 -45.8003 17.8989 0.76803 -0.689174 432.117 0 0
1500 102.242 13.8224 18.1711 0.784585 0.189039 432.881 0 0
1500 107.107 35.809 17.8659 0.740251 0.616381 432.858 0 0
1500 59.2347 -0.468034 18.0595 0.0105309 0.0598497 432.159 0 0
1500 17.2872 -14.2653 17.998 -0.637999 -0.286239 432.498 0 0
1500 23.3931 37.9932 17.822 -0.598549 0.61866 432.666 0 0
1500 111.294 22.5683 17.874 0.802274 0.417927 433.145 0 0
1500 87.7275 -21.3342 18.0462 0.556652 -0.305042 433.081 0 0
1500 73.4277 -17.9612 18.0727 0.29862 -0.347292 433.049 0 0
1500 113.518 11.7847 18.1646 0.975323 0.143628 432.242 0 0
1500 58.8497 30.3171 18.0695 0.0585534 0.556953 432.083 0 0
1500 105.774 76.3575 17.9404 0.800457 1.29998 432.253 0 0
1500 117.071 -57.8482 18.011 1.04299 -0.947531 432.768 0 0
1500 139.652 48.8085 18.0182 1.44753 0.776573 432.815 0 0
1500 -6.84467 0.855624 17.8258 -1.02286 0.0670539 433.291 0 0
1500 51.3519 -36.7248 18.1073 -0.098502 -0.629519 433.348 0 0
1500 70.6749 12.2582 18.3112 0.285844 0.206358 434.144 0 0
1500 55.6065 -21.4092 18.2228 0.0306301 -0.360291 434.301 0 0
1500 82.7492 -8.26715 18.1236 0.424857 -0.0654786 434.589 0 0
1500 66.548 20.3395 18.4562 0.14931 0.330282 436.27 0 0
1500 61.7903 26.3379 17.9606 0.123682 0.407209 434.984 0 0
1500 73.5508 33.0793 17.9562 0.288999 0.503572 434.644 0 0
1500 60.7348 -17.2069 17.9077 0.00972183 -0.300061 435.237 0 0
1500 104.965 13.9825 18.0496 0.746246 0.23507 435.586 0 0
1500 65.0029 48.851 17.8672 0.160022 0.734813 435.03 0 0
1500 102.021 -49.1035 17.8952 0.668428 -0.787497 433.888 0 0
1500 62.6626 -11.4556 17.9233 0.0897856 -0.227213 437.182 0 0
1500 79.6118 -20.7084 17.9184 0.327408 -0.357833 436.822 0 0
1500 105.497 1.70821 18.1226 0.769589 0.0115492 436.962 0 0
1500 85.3053 34.3449 18.0229 0.456527 0.530054 436.899 0 0
1500 39.1847 -35.4861 17.8284 -0.262397 -0.571814 436.52 0 0
1500 10.235 -40.5628 17.8141 -0.686558 -0.658055 434.959 0 0
1500 69.5061 -43.3945 17.8255 0.166594 -0.685988 436.268 0 0
1500 80.0629 -11.5013 17.9533 0.389985 -0.154409 437.669 0 0
1500 121.613 21.9575 17.8334 1.00749 0.289463 433.749 0 0
1500 56.9462 -23.9763 17.916 0.0210148 -0.398578 437.857 0 0
1500 32.1422 57.2695 17.8284 -0.424464 0.882208 435.554 0 0
1500 66.5195 -7.45121 18.0323 0.195566 -0.144514 438.796 0 0
1500 84.3483 -1.8568 18.9549 0.544912 -0.0990228 435.294 0 0
1500 41.7609 64.4822 17.9018 -0.280292 1.00778 434.536 0 0
1500 117.244 -29.9527 17.7986 0.921468 -0.397839 435.558 0 0
1500 83.9881 -2.18217 17.8219 0.42109 0.0065363 438.139 0 0
1500 114.72 -33.3919 17.8296 0.891989 -0.534866 435.038 0 0
1500 56.6539 20.5558 18.0562 -0.0264634 0.347795 438.76 0 0
1500 42.5967 13.2838 17.8529 -0.256353 0.242994 438.599 0 0
1500 71.8896 27.6653 18.4383 0.312045 0.486775 433.849 0 0
1500 45.3906 56.7351 17.8209 -0.245175 0.848408 437.072 0 0
1500 29.0333 60.115 17.8121 -0.493053 0.921638 435.2 0 0
1500 105.152 -41.6583 17.835 0.677749 -0.696289 433.513 0 0
1500 76.5444 -51.5204 18.0132 0.34202 -0.841978 433.699 0 0
1500 99.7429 -25.8523 17.8388 0.66397 -0.362451 438.002 0 0
1500 116.708 0.691543 17.8288 0.964526 0.0156052 433.657 0 0
1500 35.0143 58.3655 17.8246 -0.367332 0.947874 434.296 0 0
1500 25.6902 26.1942 17.8418 -0.477478 0.437591 438.457 0 0
1500 83.7329 19.1598 17.8471 0.340543 0.336152 438.888 0 0
1500 97.1366 14.5714 18.0447 0.640128 0.223903 439.27 0 0
1500 86.5108 -33.3388 17.8387 0.451804 -0.523747 438.599 0 0
1500 29.1434 6.63347 18.0461 -0.442224 0.114053 440.029 0 0
1500 15.8921 -18.4997 17.9553 -0.643767 -0.286881 439.137 0 0
1500 94.2729 33.4341 17.9951 0.614118 0.571283 434.278 0 0
1500 117.504 -14.1419 17.8256 0.93783 -0.259653 435.9 0 0
1500 74.5637 32.3454 17.8171 0.300313 0.454361 439.543 0 0
1500 123 -11.565 17.7946 1.0339 -0.173032 436.047 0 0
1500 114.156 34.0964 17.795 0.90893 0.507285 435.592 0 0
1500 81.8319 4.53553 17.8208 0.401153 0.0621641 439.825 0 0
1500 0.5987 35.2397 17.8184 -0.851533 0.599498 435.703 0 0
1500 78.2104 -61.3447 17.8104 0.353488 -0.955091 436.311 0 0
1500 106.036 40.7158 17.9235 0.740817 0.683107 435.604 0 0
1500 90.2711 -32.5272 18.485 0.597534 -0.547423 436.385 0 0
1500 74.5267 -19.0274 18.0616 0.275762 -0.330168 440.95 0 0
1500 115.945 28.5138 17.9167 0.945438 0.431389 436.323 0 0
1500 69.6036 -3.57007 18.1169 0.281937 -0.0936889 433.87 0 0
1500 78.2724 42.2516 17.9184 0.386395 0.642614 436.332 0 0
1500 64.638 39.7656 17.9598 0.135224 0.611644 441.636 0 0
1500 124.871 -4.88284 17.8145 1.03071 -0.0204126 437.752 0 0
1500 91.8581 51.0935 17.8186 0.539802 0.788834 438.68 0 0
1500 60.5212 1.35965 18.1141 0.058277 0.0976414 433.583 0 0
1500 75.1789 -1.75755 17.9349 0.344785 -0.0688483 433.864 0 0
1500 92.784 -39.1728 17.9945 0.568922 -0.665995 435.806 0 0
1500 84.5576 1.88075 18.0998 0.430355 0.105275 434.248 0 0
1500 130.211 18.3974 18.0969 1.23912 0.253678 433.556 0 0
1500 59.2158 15.1729 18.1853 0.033988 0.27296 442.894 0 0
1500 61.5724 78.2521 17.7982 0.0775443 1.25245 436.498 0 0
1500 81.6603 2.1843 18.0702 0.469283 0.0147661 435.374 0 0
1500 97.1313 -12.7135 18.0654 0.630126 -0.269067 436.308 0 0
1500 82.7973 -4.2309 18.0832 0.447848 -0.140065 434.097 0 0
1500 108.02 -5.46763 17.8917 0.822145 -0.141366 436.143 0 0
1500 78.1384 -28.7134 17.9003 0.369732 -0.502427 435.388 0 0
1500 35.6956 -62.9736 17.9102 -0.356283 -1.01878 437.121 0 0
1500 -0.434961 -24.4742 17.8123 -0.930056 -0.421796 437.549 0 0
1500 125.537 -1.38037 18.2364 1.17085 0.0229717 434.856 0 0
1500 71.0252 -9.61778 18.0184 0.230327 -0.226218 435.951 0 0
1500 67.7857 -0.278807 17.9242 0.215361 0.053127 435.555 0 0
1500 85.6196 0.778367 17.9187 0.490907 0.0692344 435.917 0 0
1500 89.5754 15.7301 17.9165 0.499347 0.272381 442.75 0 0
1500 111.654 -38.9869 17.8828 0.867059 -0.578927 439.741 0 0
1500 75.1374 -8.65246 17.9099 0.315821 -0.127813 443.188 0 0
1500 103.001 -18.6265 17.8941 0.772135 -0.292571 436.921 0 0
1500 86.0774 6.11269 17.9054 0.520872 0.086958 435.979 0 0
1500 65.5273 34.6386 18.1856 0.202125 0.613476 435.41 0 0
1500 31.4316 3.88923 17.8167 -0.489177 0.0262708 436.051 0 0
1500 32.763 -60.7785 17.8234 -0.34301 -0.974743 439.076 0 0
1500 62.4762 -45.3522 17.8391 0.0958358 -0.70575 442.721 0 0
1500 115.222 -9.99156 17.829 0.904718 -0.219455 437.939 0 0
1500 57.0832 -62.9894 17.8245 0.0205637 -1.01302 438.73 0 0
1500 81.9724 -7.13634 17.8488 0.368032 -0.162296 443.511 0 0
1500 78.6363 -54.3543 17.8277 0.347455 -0.891261 438.135 0 0
1500 92.1793 -46.6487 17.881 0.544788 -0.72046 441.98 0 0
1500 70.7425 -2.76191 18.3392 0.266137 -0.117895 437.898 0 0
1500 13.7632 -46.7643 17.82 -0.739897 -0.694572 438.987 0 0
1500 -1.30524 4.34775 17.8247 -0.926526 0.0701963 441.841 0 0
1500 32.34 34.9784 17.8342 -0.473816 0.548332 437.165 0 0
1500 48.6182 46.3151 17.8329 -0.222029 0.722171 437.277 0 0
1500 92.1987 1.43905 18.1115 0.625463 0.0590154 438.083 0 0
1500 58.2451 -8.09428 17.8266 -0.0467025 -0.190071 436.356 0 0
1500 91.5248 -11.9946 17.9514 0.617934 -0.203146 436.173 0 0
1500 98.0609 7.72971 18.2679 0.735719 0.115724 439.331 0 0
1500 77.7587 -34.86 18.231 0.326164 -0.645887 433.657 0 0
1500 115.346 -27.0605 17.8635 0.866365 -0.455907 442.115 0 0
1500 55.187 -66.2363 17.8492 -0.0181354 -1.04714 440.813 0 0
1500 29.3944 -44.1201 17.8594 -0.413104 -0.748042 438.377 0 0
1500 93.089 -55.6891 17.8491 0.54301 -0.895876 440.496 0 0
1500 36.6552 -27.3334 18.0937 -0.362852 -0.44999 438.279 0 0
1500 86.5334 -5.90949 18.8209 0.566216 -0.0932202 447.709 0 0
1500 86.0834 -59.3752 17.8475 0.408843 -0.939517 441.644 0 0
1500 57.4092 51.7958 18.078 -0.0650046 0.84533 435.153 0 0
1500 90.699 6.38295 18.0661 0.517243 0.148663 445.078 0 0
1500 60.6902 -65.4868 17.8213 0.0146022 -1.02678 441.615 0 0
1500 39.4952 -17.6123 17.8459 -0.283248 -0.313138 444.547 0 0
1500 93.4105 -47.1397 17.8261 0.51222 -0.787735 439.072 0 0
1500 30.3896 -58.5801 17.8218 -0.427614 -0.92369 441.769 0 0
1500 113.182 7.75781 17.8335 0.892966 0.17384 438.942 0 0
1500 112.743 30.458 17.8279 0.873876 0.512378 439.874 0 0
1500 99.3095 -13.1145 17.8427 0.691385 -0.146186 438.016 0 0
1500 47.6182 20.9676 17.8522 -0.108512 0.384617 437.314 0 0
1500 83.7775 -21.745 17.8749 0.405042 -0.413188 438.101 0 0
1500 49.0795 24.8596 17.8729 -0.0843443 0.41479 443.582 0 0
1500 86.7373 -13.2753 17.8708 0.483658 -0.137803 439.078 0 0
1500 49.7169 19.3031 17.8741 -0.0808523 0.360514 438.728 0 0
1500 99.1392 50.7212 17.9643 0.664139 0.792203 442.463 0 0
1500 92.2814 -42.431 17.8167 0.591037 -0.623661 439.795 0 0
1500 100.443 -30.8318 17.9387 0.75018 -0.539631 436.41 0 0
1500 38.4474 -53.8379 17.8421 -0.273236 -0.890512 439.641 0 0
1500 68.828 -62.3262 17.8371 0.185667 -1.00533 440.567 0 0
1500 87.8891 -44.1593 17.8444 0.479899 -0.746692 439.358 0 0
1500 121.737 -23.1026 17.8358 0.961524 -0.410587 441.729 0 0
1500 99.4737 6.86224 18.1429 0.737039 0.137999 439.869 0 0
1500 129.606 -35.3006 17.8804 1.21568 -0.523672 436.295 0 0
1500 113.002 14.4067 18.0499 0.925575 0.194636 440.839 0 0
1500 95.2382 50.4921 17.806 0.607603 0.736261 443.421 0 0
1500 81.0812 48.0773 18.0284 0.39602 0.810109 439.725 0 0
1500 81.1137 -0.693016 18.1323 0.381655 0.05357 447.002 0 0
1500 33.6236 -78.5319 17.8596 -0.403494 -1.22223 442.008 0 0
1500 108.965 32.2897 18.1566 0.889755 0.620759 434.573 0 0
1500 90.7047 -28.9812 17.9296 0.465426 -0.504514 440.009 0 0
1500 36.3101 -62.4193 17.9135 -0.351297 -0.963214 443.78 0 0
1500 94.7451 -3.02693 17.9708 0.599335 -0.0300426 446.454 0 0
1500 110.282 30.0501 17.9536 0.873745 0.463357 441.812 0 0
1500 83.3226 17.883 17.9736 0.437983 0.262001 446.677 0 0
1500 117.19 -5.78049 17.9541 0.97841 -0.0734676 441.732 0 0
1500 141.276 24.8063 17.985 1.38892 0.377721 439.591 0 0
1500 50.9587 18.1435 18.3026 -0.121953 0.278124 440.798 0 0
1500 107.182 -17.9272 18.1384 0.851908 -0.25256 442.071 0 0
1500 59.6763 -26.1286 17.9245 0.0586888 -0.479873 439.89 0 0
1500 83.2781 63.1036 17.9294 0.355254 1.09912 435.951 0 0
1500 104.683 -37.1945 17.9077 0.787536 -0.540196 441.847 0 0
1500 95.7618 5.99208 17.9204 0.666485 0.113889 440.497 0 0
1500 129.211 6.65963 18.3997 1.32301 0.0720703 435.424 0 0
1500 34.0563 48.567 17.8703 -0.353132 0.74449 447.375 0 0
1500 87.4702 30.3986 18.1303 0.553194 0.496743 441.683 0 0
1500 85.7106 12.7631 17.8238 0.391551 0.249487 446.907 0 0
1500 -3.2528 17.0655 17.8028 -0.924214 0.333537 441.878 0 0
1500 102.04 24.0012 18.0709 0.742368 0.422813 442.057 0 0
1500 84.958 82.2344 17.9551 0.492358 1.34901 439.488 0 0
1500 22.1234 37.8574 17.8526 -0.52163 0.652081 441.23 0 0
1500 29.2779 -4.96888 17.8476 -0.505235 -0.129113 440.243 0 0
1500 47.6546 -60.3486 17.8305 -0.202861 -0.917909 445.385 0 0
1500 7.57993 31.3797 17.8312 -0.823433 0.426668 441.776 0 0
1500 40.8837 14.172 17.8522 -0.291653 0.151807 447.483 0 0
1500 101.506 10.9688 17.8537 0.665844 0.102919 446.61 0 0
1500 98.3502 36.513 18.2089 0.71663 0.709016 434.607 0 0
1500 15.6254 -5.54165 17.8876 -0.651949 -0.063095 448.22 0 0
1500 47.5314 -7.59591 18.4252 -0.202726 -0.125269 435.448 0 0
1500 139.649 0.0332801 18.1628 1.41973 0.0251387 438.732 0 0
1500 82.9069 10.4872 18.8232 0.522627 0.22295 444.266 0 0
1500 111.818 -85.3502 17.7949 0.847433 -1.32628 443.514 0 0
1500 25.5521 54.28 18.016 -0.503949 0.962491 438.076 0 0
1500 91.2512 11.8822 17.9466 0.542566 0.194982 447.946 0 0
1500 -6.20602 13.5004 17.8292 -1.02664 0.180992 443.765 0 0
1500 59.8858 -67.8691 17.8371 0.0896705 -1.04187 444.68 0 0
1500 105.668 -30.6845 17.8431 0.787379 -0.50955 442.65 0 0
1500 48.6499 -107.432 17.829 -0.0796988 -1.69711 441.674 0 0
1500 80.9485 54.3665 17.8962 0.377262 0.869741 444.633 0 0
1500 54.258 58.1894 17.8981 -0.0162218 0.911877 445.693 0 0
1500 75.0862 -5.13385 17.8808 0.293622 -0.119112 448.445 0 0
1500 116.448 -17.608 17.8562 0.939329 -0.316233 443.269 0 0
1500 120.218 30.7593 18.0375 1.07639 0.566818 438.499 0 0
1500 116.081 103.071 17.8843 0.91806 1.70527 440.562 0 0
1500 142.179 37.7329 17.8645 1.39513 0.626575 440.929 0 0
1500 40.3601 -13.3515 17.9963 -0.371644 -0.183943 436.267 0 0
1500 93.2798 -12.7997 18.2004 0.657178 -0.195306 443.537 0 0
1500 101.968 -10.5326 18.1981 0.729193 -0.148962 448.915 0 0
1500 26.743 -12.2482 18.402 -0.5281 -0.277324 436.191 0 0
1500 101.658 -9.6254 18.5754 0.789704 -0.19691 445.456 0 0
1500 136.611 -10.8185 18.0773 1.36172 -0.213349 439.711 0 0
1500 5.17424 29.5483 17.8261 -0.800653 0.486709 447.198 0 0
1500 127.886 -42.5475 18.1073 1.22692 -0.707858 440.154 0 0
1500 80.6459 -4.45091 18.0111 0.365922 -0.145983 442.448 0 0
1500 112.589 -29.587 18.0375 0.922826 -0.470989 444.247 0 0
1500 107.409 -22.6358 17.8584 0.755762 -0.42207 443.595 0 0
1500 27.1981 -57.6258 17.8492 -0.45766 -0.932635 445.271 0 0
1500 86.2778 -14.2259 18.1293 0.497393 -0.323406 437.578 0 0
1500 117.154 9.96809 17.9058 0.955284 0.0963923 444.599 0 0
1500 71.4059 25.7516 17.9956 0.152452 0.416755 443.065 0 0
1500 95.8914 -36.8639 18.1323 0.684294 -0.744734 434.788 0 0
1500 68.4131 10.8439 18.1572 0.265834 0.22723 440.647 0 0
1500 96.9688 -49.1495 17.8186 0.658245 -0.759571 445.636 0 0
1500 80.0005 24.8307 18.0615 0.401764 0.352787 451.145 0 0
1500 -34.7136 23.3646 17.8145 -1.42342 0.366002 447.751 0 0
1500 117.567 -17.1977 18.0363 0.98092 -0.27873 446.75 0 0
1500 65.5353 -12.0327 18.2518 0.171591 -0.230431 452.379 0 0
1500 64.5299 36.2837 18.54 0.182888 0.757014 433.663 0 0
1500 -18.3129 -29.8351 18.0339 -1.29934 -0.550325 440.135 0 0
1500 78.8659 10.251 17.8435 0.311622 0.210761 450.812 0 0
1500 57.209 -62.1447 17.9269 0.0340089 -0.998249 446.248 0 0
1500 118.168 -27.5002 17.925 0.92091 -0.466134 448.142 0 0
1500 110.306 -32.3864 17.9292 0.795348 -0.529932 449.097 0 0
1500 65.4011 -44.3808 17.9409 0.147427 -0.688825 450.451 0 0
1500 17.5459 1.42717 17.8351 -0.609213 -0.0369508 450.911 0 0
1500 51.3472 22.387 18.2166 -0.0525393 0.418545 445.011 0 0
1500 42.0989 1.3014 18.1248 -0.235774 0.0918499 444.53 0 0
1500 52.3654 35.8833 18.1158 -0.0767572 0.618982 445.158 0 0
1500 67.6884 35.0083 18.1176 0.14293 0.550637 451.698 0 0
1500 64.7957 -54.8059 17.9057 0.182217 -0.935142 440.946 0 0
1500 7.31753 43.8128 17.8185 -0.726269 0.711554 448.297 0 0
1500 107.319 -14.7554 18.9243 1.01652 -0.222994 441.405 0 0
1500 44.9865 -34.1032 17.9213 -0.234585 -0.511906 451.595 0 0
1500 -2.73507 -19.284 17.9014 -0.963318 -0.324083 447.193 0 0
1500 95.5367 -42.4813 17.8164 0.519944 -0.678064 450.248 0 0
1500 25.0094 -43.3268 17.8168 -0.489323 -0.689693 450.296 0 0
1500 50.7612 67.9977 17.8517 -0.16959 1.03337 448.271 0 0
1500 96.3003 -88.7581 17.8257 0.618171 -1.36778 448.04 0 0
1500 77.8226 35.9094 17.9465 0.269315 0.611045 445.575 0 0
1500 331.967 66.6942 17.9157 4.62495 1.08742 440.868 0 0
1500 28.5144 48.0757 17.8301 -0.530953 0.753064 445.685 0 0
1500 108.572 -7.73427 18.1137 0.866039 -0.162826 446.677 0 0
1500 94.5062 -56.901 17.8487 0.511588 -0.910968 448.418 0 0
1500 -2.72268 -28.0936 17.8485 -0.92982 -0.482118 448.576 0 0
1500 29.8444 25.3755 18.0602 -0.521412 0.3709 440.972 0 0
1500 215.762 142.276 17.7926 2.43001 2.09654 447.685 0 0
1500 21.2716 57.3156 17.8857 -0.57681 0.93718 447.534 0 0
1500 85.6599 106.095 17.8549 0.487319 1.71116 445.742 0 0
1500 116.018 -27.4424 18.0089 0.981309 -0.412749 447.543 0 0
1500 119.171 -13.684 18.0171 0.999687 -0.231692 449.282 0 0
1500 -24.1782 34.0746 17.8382 -1.30389 0.476776 448.289 0 0
1500 85.1579 -8.67218 18.3339 0.528996 -0.18275 448.552 0 0
1500 95.561 19.0704 17.8559 0.6631 0.264449 445.33 0 0
1500 73.9325 26.1516 17.9815 0.216368 0.430725 453.884 0 0
1500 0.898498 -23.8883 17.8416 -0.929431 -0.377971 448.846 0 0
1500 103.957 -5.08079 17.9205 0.782517 -0.0416481 447.713 0 0
1500 83.6496 9.52076 17.9317 0.43037 0.166036 453.964 0 0
1500 103.993 -14.6796 17.8507 0.716312 -0.303794 447.16 0 0
1500 122.725 -8.25608 17.9922 1.03749 -0.149499 450.731 0 0
1500 49.5829 43.5958 17.861 -0.133964 0.747452 447.486 0 0
1500 63.4365 61.7446 17.8489 0.0773552 1.00252 449.056 0 0
1500 57.0229 -60.0909 17.7964 0.0319953 -0.967223 448.518 0 0
1500 41.2997 -53.9331 17.7998 -0.207895 -0.880121 448.049 0 0
1500 98.8398 -51.8299 17.7919 0.650163 -0.821866 450.131 0 0
1500 83.7399 -2.41826 17.8168 0.45053 -0.0955864 446.553 0 0
1500 32.4052 -42.1521 17.8053 -0.346875 -0.706612 447.455 0 0
1500 61.7214 -1.55369 17.8223 0.0951924 -0.0734221 454.093 0 0
1500 121.577 -2.36144 17.9648 1.02527 0.00593784 450.075 0 0
1500 30.8823 5.49452 17.9447 -0.430782 0.0791954 455.853 0 0
1500 71.428 34.4869 18.39 0.24241 0.601095 447.66 0 0
1500 97.9967 50.4964 17.9164 0.649263 0.809664 450.382 0 0
1500 119.199 22.8517 17.9162 0.962349 0.398676 450.495 0 0
1500 34.7854 20.5308 17.8663 -0.317863 0.357963 454.423 0 0
1500 30.766 39.9522 17.8573 -0.378279 0.637216 453.665 0 0
1500 92.3626 44.3198 17.849 0.530996 0.749722 448.908 0 0
1500 34.8806 28.5521 17.8617 -0.349588 0.519639 447.683 0 0
1500 62.0384 6.12751 18.053 0.0270328 0.0492921 447.291 0 0
1500 48.7185 26.2952 18.304 -0.197337 0.459964 442.444 0 0
1500 44.7577 15.4058 17.9048 -0.215278 0.337938 443.642 0 0
1500 71.103 64.4521 18.2657 0.302197 1.16185 442.66 0 0
1500 120.151 -21.4372 17.9809 1.0092 -0.327577 451.575 0 0
1500 108.296 -39.5879 17.8003 0.712081 -0.644333 452.821 0 0
1500 78.0928 68.0249 17.8981 0.395907 1.16346 444.72 0 0
1500 36.5669 90.8916 17.9608 -0.407353 1.49931 446.017 0 0
1500 63.5741 -72.5709 18.1271 0.102878 -1.30726 443.308 0 0
1500 81.929 19.1424 17.976 0.456032 0.260096 449.029 0 0
1500 112.211 -18.7659 17.8734 0.892124 -0.32147 450.594 0 0
1500 110.983 16.7706 17.9887 0.932024 0.263589 447.875 0 0
1500 120.579 2.10053 17.9278 1.01581 0.0608215 451.856 0 0
1500 1.14963 -5.08303 17.9343 -0.961096 -0.0273802 447.69 0 0
1500 111.326 -5.19568 17.8752 0.892017 -0.0638185 450.897 0 0
1500 73.5142 12.8596 18.204 0.32438 0.164947 458.208 0 0
1500 48.4213 3.18075 18.2422 -0.135724 0.0876474 458.696 0 0
1500 84.2095 -26.3996 18.0733 0.493702 -0.448135 451.162 0 0
1500 66.8965 65.7476 17.853 0.113483 1.04211 453.395 0 0
1500 67.168 58.994 17.8292 0.131433 0.926682 454.923 0 0
1500 89.6738 -35.0992 17.8411 0.519979 -0.503621 456.889 0 0
1500 -33.9855 49.3221 17.8279 -1.4771 0.717094 451.983 0 0
1500 43.4045 -64.9185 17.9275 -0.205587 -1.02788 454.841 0 0
1500 50.5396 0.903297 17.9578 -0.0950472 -0.056732 458.871 0 0
1500 98.1325 21.4869 18.0963 0.682594 0.359391 455.19 0 0
1500 91.6454 -3.49739 18.0594 0.598862 0.00726438 451.362 0 0
1500 17.4609 -68.79 17.8175 -0.639073 -1.10455 453.629 0 0
1500 61.3026 -70.4276 17.8903 0.103403 -1.19025 449.801 0 0
1500 114.449 -25.612 17.9518 0.899293 -0.369791 457.021 0 0
1500 52.6362 53.875 18.0056 -0.0724378 0.8882 454.511 0 0
1500 24.2874 52.42 17.8883 -0.565261 0.820612 455.123 0 0
1500 -5.69451 20.0036 17.8853 -0.995392 0.327212 456.468 0 0
1500 17.4613 48.4989 17.8895 -0.641605 0.731885 457.839 0 0
1500 40.7078 20.6605 18.2075 -0.243048 0.386728 454.007 0 0
1500 59.2661 -27.2134 18.5872 0.0322597 -0.471984 449.94 0 0
1500 93.0046 143.744 17.9143 0.653053 2.36452 449.904 0 0
1500 67.0502 4.05382 17.8588 0.06586 0.0796379 452.906 0 0
1500 27.4249 -3.60953 17.8505 -0.550908 -0.0402102 453.452 0 0
1500 37.7859 -48.557 17.8366 -0.297221 -0.817896 454.572 0 0
1500 51.6837 -10.6333 17.8559 -0.0868368 -0.243974 453.01 0 0
1500 25.7852 -35.9053 17.8428 -0.445989 -0.579418 459.66 0 0
1500 112.801 -34.2316 17.8287 0.833437 -0.587543 455.836 0 0
1500 24.0214 -57.745 17.827 -0.490526 -0.926042 456.854 0 0
1500 106.38 11.3449 17.9766 0.787772 0.133089 458.118 0 0
1500 85.5697 -5.98355 17.8616 0.495412 -0.136853 453.642 0 0
1500 82.8149 -4.68728 18.1369 0.403184 -0.146765 454.564 0 0
1500 14.7669 23.7821 17.8894 -0.775114 0.422594 451.177 0 0
1500 63.7374 -37.2962 17.9942 0.144624 -0.574424 461.109 0 0
1500 87.3196 44.531 17.9118 0.452351 0.817364 449.881 0 0
1500 45.3001 1.20831 18.1762 -0.2136 -0.0259205 454.781 0 0
1500 51.6937 -34.0275 18.1684 -0.114337 -0.563134 455.317 0 0
1500 70.5031 -7.51747 17.9592 0.164461 -0.170419 461.567 0 0
1500 47.5847 -37.281 17.9485 -0.170362 -0.64343 455.077 0 0
1500 61.9183 -44.2174 17.9474 0.0454505 -0.691598 460.561 0 0
1500 32.5834 -47.8468 17.939 -0.39388 -0.792561 456.128 0 0
1500 111.962 -40.3629 17.8141 0.798506 -0.674545 457.109 0 0
1500 59.2809 -33.9247 17.8324 -0.0153083 -0.597268 454.402 0 0
1500 89.0914 -21.7096 17.8321 0.44782 -0.407314 454.422 0 0
1500 65.2141 -57.3513 17.8175 0.0751774 -0.939828 455.874 0 0
1500 20.7468 -45.7235 17.8187 -0.568888 -0.723106 459.521 0 0
1500 127.179 -7.43728 17.9464 1.15538 -0.0617209 453.769 0 0
1500 66.5204 -41.421 17.8652 0.210725 -0.654621 455.617 0 0
1500 81.3147 31.9671 17.8665 0.439997 0.479799 455.507 0 0
1500 66.3295 -4.22615 17.8606 0.181937 -0.00621481 454.79 0 0
1500 106.172 25.6325 18.1861 0.801897 0.445319 459.033 0 0
1500 52.6838 11.7984 18.0878 -0.089142 0.215414 464.52 0 0
1500 46.2512 6.89702 18.0879 -0.177914 0.147766 464.522 0 0
1500 67.2974 -14.9244 17.9507 0.211667 -0.312264 451.624 0 0
1500 37.8195 15.4316 18.1992 -0.357395 0.258074 455.058 0 0
1500 120.043 12.2473 18.004 1.01571 0.170904 460.073 0 0
1500 26.6345 -58.3313 17.9131 -0.448089 -0.967648 458.106 0 0
1500 69.1648 -54.7233 17.9142 0.258132 -0.923553 454.581 0 0
1500 104.138 -24.8443 18.5615 0.850699 -0.46263 456.782 0 0
1500 62.2552 43.7662 17.8515 0.0590455 0.690002 464.253 0 0
1500 133.163 -35.2159 17.8249 1.1909 -0.490766 460.985 0 0
1500 58.2036 27.5917 18.0032 -0.0110134 0.445242 466.312 0 0
1500 40.1794 38.4087 17.9968 -0.263748 0.600119 465.791 0 0
1500 81.2793 36.816 18.1194 0.447604 0.608702 460.417 0 0
1500 89.3217 19.4745 18.1248 0.522009 0.316879 466.423 0 0
1500 147.551 53.209 17.8021 1.36022 0.869525 461.255 0 0
1500 112.079 31.1985 18.0909 0.899269 0.492707 462.696 0 0
1500 123.289 51.9521 18.0962 1.16096 0.858332 457.188 0 0
1500 88.6201 35.3214 18.3908 0.658502 0.639698 453.154 0 0
1500 129.048 8.43189 18.3478 1.2729 0.127329 458.422 0 0
1500 57.8272 -14.1453 18.2547 0.0505251 -0.292699 462.085 0 0
1500 107.768 -4.97095 17.8681 0.8256 -0.124215 462.099 0 0
1500 64.9366 -40.818 17.8739 0.171557 -0.678329 461.565 0 0
1500 70.849 -4.73838 17.9286 0.279416 -0.110862 461.245 0 0
1500 87.7005 -57.752 17.9013 0.517507 -0.894615 464.284 0 0
1500 92.1434 -27.1218 17.9177 0.553058 -0.415905 467.997 0 0
1500 65.9984 -3.92696 17.9761 0.0636034 -0.0605756 461.275 0 0
1500 16.8776 -16.9422 17.9612 -0.689953 -0.258963 462.353 0 0
1500 96.5343 35.9774 17.9187 0.658503 0.591493 463.04 0 0
1500 60.5458 -35.2042 17.8644 -0.0101368 -0.603059 461.822 0 0
1500 95.8476 -27.0248 17.8889 0.608875 -0.404608 468.251 0 0
1500 75.5946 24.7866 17.9381 0.326751 0.352362 469.245 0 0
1500 -29.2214 -29.4286 17.936 -1.46202 -0.562357 458.715 0 0
1500 77.4461 -10.1093 18.4322 0.433619 -0.234482 458.834 0 0
1500 79.7021 -50.6796 17.9151 0.298553 -0.833259 464.241 0 0
1500 61.3607 -41.4612 17.9232 0.0200437 -0.701604 463.449 0 0
1500 1.20855 -35.0456 17.9065 -0.870341 -0.579644 466.058 0 0
1500 23.5088 -2.87984 17.9277 -0.565299 -0.108695 463.096 0 0
1500 71.8707 -5.56336 18.1433 0.285795 -0.155333 463.934 0 0
1500 110.702 -0.118331 17.8183 0.780745 0.0632524 468.954 0 0
1500 54.8514 23.0175 17.8303 -0.0188795 0.429739 463.108 0 0
1500 52.7462 62.9485 17.8081 -0.0485428 0.98801 467.283 0 0
1500 76.7699 6.58695 17.8325 0.290684 0.156265 470.208 0 0
1500 24.0692 44.0939 17.8159 -0.458931 0.69771 468.682 0 0
1500 108.199 21.3407 17.8135 0.79359 0.394016 464.667 0 0
1500 115.047 4.70046 17.9541 0.900723 0.0656907 469.448 0 0
1500 102.781 2.40703 17.8207 0.689187 0.0762926 470.205 0 0
1500 85.3823 20.6554 18.0998 0.434724 0.403231 462.238 0 0
1500 65.177 -16.6444 18.0073 0.103617 -0.329747 465.345 0 0
1500 50.9879 -24.6066 18.2175 -0.138019 -0.54364 455.607 0 0
1500 65.3258 -34.0746 17.845 0.0373323 -0.544165 465.488 0 0
1500 9.74004 -16.6189 17.8355 -0.757584 -0.249506 471.425 0 0
1500 82.8101 -24.2012 17.8205 0.460104 -0.365064 465.413 0 0
1500 29.3435 39.7503 17.8906 -0.50609 0.626193 466.548 0 0
1500 15.5223 52.1238 17.8786 -0.685683 0.779231 469.604 0 0
1500 65.9083 -59.2305 17.8574 0.0902824 -0.962935 467.478 0 0
1500 144.433 38.8353 17.8328 1.36335 0.624354 468.674 0 0
1500 122.259 33.3667 17.8997 1.10246 0.498828 464.773 0 0
1500 71.7745 -64.9851 17.8126 0.258758 -1.01437 469.967 0 0
1500 46.6152 -6.78309 17.9506 -0.204324 -0.132409 474.579 0 0
1500 1.77934 -36.5376 17.9218 -0.871574 -0.575048 470.955 0 0
1500 -0.42392 6.02513 17.9279 -0.932936 0.0496306 468.824 0 0
1500 64.6558 -30.3539 17.821 0.151433 -0.479468 472.612 0 0
1500 92.8138 1.22537 17.8183 0.587507 -0.0273333 468.866 0 0
1500 75.9636 62.8469 17.8727 0.307268 0.997947 470.819 0 0
1500 82.05 17.5832 17.8951 0.415901 0.34161 467.845 0 0
1500 135.317 22.743 17.9216 1.25121 0.313171 470.849 0 0
1500 68.0212 -62.6482 17.8763 0.163891 -1.01045 471.818 0 0
1500 59.7018 26.5131 18.1614 0.068809 0.482275 470.41 0 0
1500 79.5697 39.1298 18.1184 0.34553 0.666837 471.329 0 0
1500 84.3917 25.165 18.1232 0.421278 0.457841 470.921 0 0
1500 120.249 24.6669 17.875 0.986985 0.333729 473.786 0 0
1500 98.9796 41.3937 18.1301 0.693788 0.67567 472.864 0 0
1500 50.5072 -3.81825 17.9115 -0.105002 -0.137694 469.867 0 0
1500 75.9909 -17.322 17.9066 0.291766 -0.346986 470.185 0 0
1500 55.6016 28.2085 18.0813 -0.000348659 0.460279 478.407 0 0
1500 77.1677 -28.2975 18.1274 0.358037 -0.43164 479.236 0 0
1500 29.3792 -0.077678 17.8438 -0.466743 0.0270422 479.266 0 0
1500 29.8614 49.4383 17.8258 -0.498292 0.782518 473.789 0 0
1500 4.86811 -1.0079 17.8281 -0.882321 0.0152111 473.503 0 0
1500 46.1847 64.5635 17.8204 -0.246125 0.996959 474.82 0 0
1500 106.909 -43.6744 17.8796 0.78044 -0.699249 476.14 0 0
1500 101.449 -33.1001 17.9712 0.696624 -0.504304 478.993 0 0
1500 97.9643 14.6246 17.9772 0.697985 0.187102 473.863 0 0
1500 117.127 -28.9525 17.7975 0.921522 -0.491188 476.299 0 0
1500 75.318 -61.2677 17.8004 0.291671 -0.949491 477.929 0 0
1500 24.3517 -53.3229 17.8033 -0.446295 -0.827994 478.423 0 0
1500 45.2369 -8.45927 17.8468 -0.199658 -0.21079 473.172 0 0
1500 11.162 -46.4693 17.8189 -0.69869 -0.768016 476.338 0 0
1500 114.147 4.86075 17.901 0.9315 0.0503342 475.481 0 0
1500 119.382 -19.5161 17.8964 0.970281 -0.305915 478.235 0 0
1500 19.2249 89.6106 18.21 -0.710215 1.58906 468.074 0 0
1500 76.5312 62.3735 17.8285 0.290645 0.981547 478.498 0 0
1500 84.3667 40.0452 17.9724 0.41995 0.628015 481.365 0 0
1500 100.117 -44.569 17.8478 0.676667 -0.669988 479.804 0 0
1500 111.116 -4.48482 18.12 0.974743 -0.0382705 471.486 0 0
1500 44.0177 24.3473 18.1473 -0.263574 0.351837 472.529 0 0
1500 84.4124 -28.5006 18.0096 0.454043 -0.427223 482.618 0 0
1500 95.2383 -9.78812 18.0567 0.585976 -0.179168 486.378 0 0
1500 90.0883 -4.57306 18.0946 0.600562 -0.08225 478.881 0 0
1500 58.5218 -40.7696 17.9748 0.063213 -0.692716 479.595 0 0
1500 84.9165 7.35899 17.982 0.472096 0.046052 479.051 0 0
1500 54.9795 -4.93945 17.9878 0.00801154 -0.129203 486.562 0 0
1500 76.4099 7.41431 18.0356 0.330597 0.189168 479.107 0 0
1500 44.0124 21.7245 18.0311 -0.262806 0.30658 479.796 0 0
1500 23.5611 -13.5113 18.0249 -0.574955 -0.236402 480.24 0 0
1500 1.40087 -6.00154 17.9325 -0.901263 -0.040898 482.231 0 0
1500 72.6838 27.1026 17.948 0.183159 0.470899 480.832 0 0
1500 -16.1205 38.9814 18.0134 -1.26986 0.593722 480.803 0 0
1500 84.8114 52.9862 17.898 0.398231 0.831053 489.64 0 0
1500 79.6721 1.21203 18.1755 0.456699 -3.96993e-05 484.675 0 0
1500 76.8297 -24.3061 18.2199 0.409685 -0.393245 486.436 0 0
1500 94.6913 8.1468 18.2179 0.619896 0.0913313 492.957 0 0
1500 55.1913 -35.5268 18.0275 -0.0419181 -0.560389 492.696 0 0
1500 54.8999 -50.55 17.8927 -0.0554512 -0.785886 492.508 0 0
1500 1.37299 -28.9074 17.9353 -0.905697 -0.442652 490.931 0 0
1500 109.643 -19.3935 17.953 0.859786 -0.33461 492.687 0 0
1500 85.3352 49.6053 17.8394 0.371496 0.816879 495.364 0 0
1500 52.6061 6.74369 17.8606 -0.131037 0.167862 493.608 0 0
1500 70.5413 35.3011 17.8528 0.134748 0.552892 500.808 0 0
1500 10.5462 114.654 17.8132 -0.734184 1.72447 498.86 0 0
1500 20.4104 -42.3131 17.936 -0.617521 -0.782464 490.63 0 0
1500 -56.9582 105.181 17.7975 -1.70079 1.63259 497.93 0 0
1500 95.7715 -22.9064 17.8352 0.602963 -0.309208 501.185 0 0
1500 8.85031 -54.0165 17.9463 -0.870882 -0.867407 494.964 0 0
