Total number of secondary electrons: 1595
1500 92.3215 0.199781 16.2722 0.832159 -0.0203078 240.46 0 0
1500 93.0197 -4.34168 16.2724 0.839504 -0.0725841 240.532 0 0
1500 126.285 10.5155 15.1821 1.3234 0.219181 264.039 0 0
1500 86.0163 -19.1643 14.6878 0.467741 -0.262332 273.356 0 0
1500 57.0959 24.7337 14.7555 0.0147464 0.368176 274.32 0 0
1500 85.394 -13.2216 15.2188 0.472676 -0.166447 281.025 0 0
1500 98.6595 5.32166 14.6999 0.601809 0.0280105 287.83 0 0
1500 75.4214 -14.2386 14.7775 0.338458 -0.212627 290.116 0 0
1500 86.2251 0.437079 15.5717 0.538142 -0.0389704 291.047 0 0
1500 200.692 -92.4211 15.2761 2.53959 -1.69083 292.26 0 0
1500 62.2363 12.6565 14.3163 0.114437 0.200777 293.415 0 0
1500 100.698 -3.82957 14.7314 0.628016 -0.0465985 293.921 0 0
1500 81.349 11.0146 15.871 0.49637 0.15752 294.145 0 0
1500 98.1362 3.07417 16.1051 0.749974 0.0791949 295.954 0 0
1500 96.857 6.51968 15.7401 0.76563 0.0730073 296.369 0 0
1500 94.6907 -39.8478 15.0085 0.614719 -0.631633 298.207 0 0
1500 96.3666 22.9477 16.0862 0.714264 0.364788 298.213 0 0
1500 125.434 -11.3179 15.182 1.06134 -0.177684 298.368 0 0
1500 65.6092 -10.5495 14.7707 0.132151 -0.164938 300.089 0 0
1500 92.6843 -10.9969 16.1677 0.640344 -0.140236 300.794 0 0
1500 82.8588 -4.20822 15.1578 0.423964 -0.0945209 302.012 0 0
1500 76.2503 -25.7253 15.3231 0.354735 -0.395193 302.152 0 0
1500 92.3868 12.7587 15.5601 0.572335 0.185983 302.881 0 0
1500 72.6813 19.8955 15.3436 0.27401 0.286611 303.214 0 0
1500 89.6792 10.0355 16.2659 0.586086 0.150785 305.812 0 0
1500 109.508 46.3018 14.4902 0.626648 0.605746 306.277 0 0
1500 87.5971 -3.99122 16.1909 0.588793 -0.0343313 307.2 0 0
1500 56.8676 24.1856 15.2344 0.042327 0.388129 307.307 0 0
1500 78.3411 8.87391 16.0333 0.430244 0.137099 309.872 0 0
1500 96.1798 13.5942 16.3249 0.688918 0.211607 312.325 0 0
1500 69.36 1.34056 15.0314 0.111422 0.0201673 312.892 0 0
1500 80.046 -7.16671 16.4284 0.521693 -0.151452 312.985 0 0
1500 99.8539 5.27653 16.7582 0.801254 0.0752557 313.633 0 0
1500 63.7549 18.4716 14.5548 0.127309 0.270015 313.967 0 0
1500 80.5655 -12.3191 15.3707 0.352606 -0.193902 314.679 0 0
1500 108.468 -35.6963 14.4597 0.673214 -0.473451 314.99 0 0
1500 97.8829 46.1018 14.4678 0.545896 0.604978 315.871 0 0
1500 81.6189 -70.7771 14.4059 0.336493 -0.893308 316.211 0 0
1500 9.09841 -1.56163 14.488 -0.653813 0.0199665 316.369 0 0
1500 81.6982 -36.4346 15.2456 0.396735 -0.544176 316.764 0 0
1500 92.455 -21.0092 15.1908 0.515586 -0.284291 317.045 0 0
1500 103.113 6.4751 14.3697 0.590409 0.0369805 317.353 0 0
1500 79.7203 -26.5486 14.6559 0.361927 -0.356892 317.813 0 0
1500 125.985 53.9396 14.3297 0.852999 0.60769 318.464 0 0
1500 79.0349 -1.74257 15.8959 0.454511 0.0317546 318.767 0 0
1500 142.975 3.86055 14.3299 1.04461 0.0144139 319.241 0 0
1500 124.739 50.4862 14.3703 0.838213 0.629518 319.68 0 0
1500 52.0763 -25.2707 14.7661 -0.029842 -0.374595 320.297 0 0
1500 78.7988 -79.1291 14.3342 0.285878 -0.941282 320.896 0 0
1500 80.1487 3.27599 15.2365 0.354472 0.00763092 321.155 0 0
1500 88.0309 -10.9267 14.7916 0.404754 -0.192216 321.328 0 0
1500 89.9829 -26.8139 14.788 0.426777 -0.386463 321.721 0 0
1500 94.284 -66.214 14.3392 0.458959 -0.783727 321.879 0 0
1500 60.5206 -5.69195 15.2549 0.095358 -0.0952342 321.976 0 0
1500 128.487 19.5541 15.0785 1.13195 0.322704 322.115 0 0
1500 101.996 0.30197 14.3419 0.544444 -0.0359038 322.249 0 0
1500 79.5868 30.0388 14.9849 0.372869 0.417796 322.356 0 0
1500 36.7477 -48.709 14.4836 -0.292835 -0.650928 322.566 0 0
1500 112.166 41.382 14.3952 0.65978 0.499332 323.547 0 0
1500 71.2306 -21.1599 14.585 0.144083 -0.277319 323.605 0 0
1500 21.8249 -64.2109 14.5154 -0.468261 -0.825524 324.373 0 0
1500 88.1763 11.5809 15.0511 0.442281 0.200519 324.431 0 0
1500 73.8027 -14.0671 15.5842 0.332631 -0.224046 325.286 0 0
1500 90.1601 -9.02423 16.1558 0.626006 -0.121879 325.453 0 0
1500 79.5696 15.7547 16.1311 0.475723 0.339691 326.056 0 0
1500 74.9036 10.4562 15.9376 0.391666 0.177399 326.229 0 0
1500 25.1584 -41.3705 14.5726 -0.399238 -0.575231 326.465 0 0
1500 72.4657 8.53211 15.7715 0.307671 0.129982 327.995 0 0
1500 84.6736 -14.3883 16.8151 0.581276 -0.220401 328.658 0 0
1500 86.2786 -4.86544 15.3547 0.422024 -0.117038 329.14 0 0
1500 78.5096 7.44258 14.892 0.353483 0.124364 329.191 0 0
1500 70.8822 11.4741 15.6523 0.285426 0.147656 329.911 0 0
1500 87.2841 6.68824 16.303 0.560212 0.12845 330.47 0 0
1500 60.7443 -0.79501 14.7647 0.0536513 0.0390184 330.487 0 0
1500 67.9114 -7.69884 16.1434 0.266897 -0.137764 331.311 0 0
1500 93.4646 62.3647 15.0753 0.493686 0.886675 331.575 0 0
1500 48.5885 -22.5551 15.3553 -0.0874328 -0.37282 331.841 0 0
1500 117.628 27.0752 14.8138 0.744506 0.392903 332.497 0 0
1500 60.8149 -5.33867 15.5664 0.106143 -0.108088 332.623 0 0
1500 95.4458 22.8511 15.3445 0.578379 0.29004 332.702 0 0
1500 -14.2042 -9.16686 15.3266 -1.07207 -0.177485 332.813 0 0
1500 97.8384 66.7875 14.9129 0.529862 0.842725 332.895 0 0
1500 43.947 -10.6707 15.321 -0.165802 -0.135512 332.887 0 0
1500 72.1136 -7.65223 16.2687 0.32696 -0.102002 333.375 0 0
1500 96.3959 -4.36407 16.2925 0.672781 -0.0179176 333.449 0 0
1500 -50.6195 42.5398 14.8382 -1.36846 0.514311 333.455 0 0
1500 70.4063 -6.53753 15.5757 0.233392 -0.136979 333.525 0 0
1500 71.1924 -21.1993 15.3303 0.193073 -0.310173 333.625 0 0
1500 58.4718 32.4801 15.092 -0.0240778 0.503679 333.956 0 0
1500 88.8697 -17.5465 16.3054 0.575794 -0.242366 334.244 0 0
1500 20.0828 14.5364 15.1048 -0.487453 0.215031 334.246 0 0
1500 62.7099 14.0073 15.5806 0.131502 0.225214 334.327 0 0
1500 87.0917 -88.3525 15.1547 0.486419 -1.30873 334.732 0 0
1500 87.9234 -1.40101 15.1833 0.480436 -0.00282935 334.756 0 0
1500 71.8342 -7.17481 15.3689 0.252909 -0.115702 334.772 0 0
1500 88.1355 7.98123 15.3089 0.468381 0.137953 334.876 0 0
1500 85.6726 77.8748 14.9159 0.357755 0.977432 335.505 0 0
1500 53.4607 8.93243 15.4683 -0.0282597 0.153784 335.505 0 0
1500 60.4058 83.1295 14.9167 0.0571672 1.0397 335.525 0 0
1500 111.314 34.385 15.4892 0.787371 0.526863 336.054 0 0
1500 131.219 13.7498 15.1 0.951486 0.190913 336.723 0 0
1500 109.131 20.5388 15.1658 0.714814 0.254204 336.741 0 0
1500 79.7785 70.1265 15.1621 0.301268 0.997612 337.143 0 0
1500 112.819 27.2365 15.1758 0.756275 0.334951 337.167 0 0
1500 58.8611 -25.5949 15.1782 0.0249289 -0.383862 337.172 0 0
1500 132.09 -15.3604 15.0614 0.945386 -0.186648 337.307 0 0
1500 73.7327 23.2986 15.3574 0.233506 0.394837 337.891 0 0
1500 104.53 -22.3052 15.3488 0.630624 -0.334668 339.019 0 0
1500 78.3218 25.771 15.7853 0.304436 0.359434 339.109 0 0
1500 48.2862 -56.0006 15.2374 -0.110943 -0.748817 339.417 0 0
1500 119.692 2.01842 15.3812 0.851647 0.0392097 339.683 0 0
1500 74.6203 5.91582 15.4288 0.186407 0.109442 339.698 0 0
1500 124.95 -5.25089 17.0978 1.42118 -0.10835 340.504 0 0
1500 16.6651 0.542858 15.2699 -0.597472 -0.00473118 340.764 0 0
1500 51.5952 37.5174 15.4358 -0.118592 0.529598 341.052 0 0
1500 86.438 1.60894 16.4499 0.538311 -0.0119563 341.678 0 0
1500 59.0011 -15.3446 15.5556 -0.00881517 -0.204594 341.69 0 0
1500 -23.4291 19.2562 15.1458 -1.00913 0.190826 342.195 0 0
1500 75.0652 -8.5375 16.0293 0.365952 -0.141109 342.22 0 0
1500 101.588 -9.97158 16.3963 0.861437 -0.202506 342.249 0 0
1500 65.3876 15.4111 15.7771 0.107899 0.190157 342.538 0 0
1500 94.7044 9.83673 16.356 0.631431 0.144515 343.306 0 0
1500 133.1 35.1199 15.2011 0.912336 0.486698 343.357 0 0
1500 126.328 45.6398 15.5539 1.05395 0.690931 343.809 0 0
1500 78.3976 9.43996 15.6834 0.32231 0.118318 343.83 0 0
1500 86.0675 24.0425 15.4085 0.440135 0.321629 344.132 0 0
1500 74.3387 -5.83136 17.0842 0.41475 -0.0831356 344.545 0 0
1500 86.6326 15.0902 16.2453 0.464383 0.240853 344.614 0 0
1500 89.968 -6.48934 15.8689 0.476483 -0.0950985 344.699 0 0
1500 76.252 4.78709 16.261 0.350393 0.0155822 344.774 0 0
1500 56.5636 -1.60226 15.9516 0.0257276 0.01996 344.889 0 0
1500 122.506 -29.1695 15.4006 0.872712 -0.368292 345.062 0 0
1500 9.30158 152.313 15.2994 -0.716418 2.01306 345.439 0 0
1500 98.1393 6.98628 15.9124 0.616339 0.131684 346.394 0 0
1500 35.9679 46.6453 15.3729 -0.344541 0.681744 346.977 0 0
1500 99.7115 -37.3969 15.5586 0.571504 -0.533139 347.1 0 0
1500 59.3255 -29.9333 15.4307 0.0272947 -0.388947 347.286 0 0
1500 106.278 -41.8602 15.2586 0.677046 -0.543232 347.592 0 0
1500 85.9 -2.4934 16.6466 0.510877 -0.00169392 347.884 0 0
1500 127.64 -27.1667 15.4482 1.02911 -0.44238 347.98 0 0
1500 68.0641 5.06577 15.5813 0.199182 0.0365296 348.252 0 0
1500 62.9438 -3.88736 15.5799 0.143115 -0.0613436 348.3 0 0
1500 102.251 -5.04458 16.9027 0.851842 -0.0914973 349.096 0 0
1500 147.22 12.5051 16.282 1.625 0.267762 349.184 0 0
1500 90.7152 9.29939 15.419 0.43911 0.121064 349.396 0 0
1500 45.1689 52.1507 15.3823 -0.208603 0.737855 349.643 0 0
1500 98.401 -55.3434 15.2098 0.574916 -0.737851 349.664 0 0
1500 62.4798 -3.4949 15.8444 0.0800745 -0.0288934 350.316 0 0
1500 109.632 54.4558 15.3071 0.700009 0.776579 350.389 0 0
1500 94.597 22.0043 16.5634 0.763723 0.427253 350.486 0 0
1500 88.9143 -59.2104 15.3164 0.376336 -0.807025 350.594 0 0
1500 115.327 -24.8723 15.1799 0.79503 -0.310986 350.78 0 0
1500 55.3115 40.6095 15.4174 -0.0622256 0.553643 350.867 0 0
1500 49.3963 -17.6513 15.3266 -0.153763 -0.196975 350.982 0 0
1500 102.335 26.9607 15.6638 0.635641 0.434585 351.027 0 0
1500 123.05 -5.91528 15.1845 0.890414 -0.0680391 351.086 0 0
1500 93.9737 12.4435 15.6564 0.529351 0.218194 351.54 0 0
1500 62.0767 -2.91098 15.6117 0.0918069 -0.100273 351.586 0 0
1500 86.5594 61.9881 15.8427 0.483511 0.996679 351.714 0 0
1500 92.9002 -3.55397 17.1137 0.688938 -0.0342313 352.02 0 0
1500 101.012 35.4396 15.6228 0.627054 0.493716 352.062 0 0
1500 96.899 -10.4543 17.11 0.769875 -0.191725 352.064 0 0
1500 66.2451 11.5191 16.4808 0.213606 0.172163 352.201 0 0
1500 92.7521 -9.0113 15.6757 0.57443 -0.131861 352.621 0 0
1500 81.4974 -4.96699 16.3588 0.456809 -0.112988 352.683 0 0
1500 97.1441 3.62722 16.5847 0.690857 0.081507 352.814 0 0
1500 75.5829 -40.4492 15.5686 0.289714 -0.627816 352.952 0 0
1500 41.1804 21.7802 15.6593 -0.282978 0.307272 352.961 0 0
1500 94.5528 -30.1771 15.3074 0.539901 -0.373687 353.078 0 0
1500 67.3779 29.7724 15.5854 0.135558 0.385121 353.179 0 0
1500 43.7938 40.4692 15.4213 -0.143368 0.580253 353.685 0 0
1500 112.54 15.2218 15.6659 0.794523 0.203727 353.862 0 0
1500 120.71 -26.2434 15.2841 0.795684 -0.318872 353.995 0 0
1500 74.0136 -19.8169 15.9833 0.260282 -0.299978 354.016 0 0
1500 53.6742 -26.5736 15.3618 -0.0227631 -0.354275 354.062 0 0
1500 75.5192 -5.47012 16.0061 0.316415 -0.127715 354.26 0 0
1500 94.3343 15.5524 16.6618 0.739029 0.279579 354.545 0 0
1500 136.701 -17.9391 15.2629 1.01762 -0.211617 354.697 0 0
1500 120.596 -1.19558 15.4232 0.865267 0.00690918 355.254 0 0
1500 76.5136 -11.3439 15.4262 0.216423 -0.200082 355.566 0 0
1500 132.835 -13.6548 15.4292 1.06637 -0.205547 355.625 0 0
1500 -21.0501 -17.0051 15.3567 -1.01802 -0.245186 356.238 0 0
1500 123.008 -39.5827 15.3291 0.834496 -0.466405 356.29 0 0
1500 52.4208 -8.83471 15.5901 -0.0916705 -0.156692 356.463 0 0
1500 79.1545 -29.2272 15.8274 0.367684 -0.412505 356.823 0 0
1500 90.2036 -3.14097 16.0413 0.545695 -0.0330743 357.086 0 0
1500 55.1211 60.2486 15.45 0.021374 0.800718 357.155 0 0
1500 188.943 40.173 15.6924 1.90303 0.545709 357.742 0 0
1500 160.648 19.177 16.4285 1.76472 0.397515 357.773 0 0
1500 128.383 -14.0778 15.9741 1.10653 -0.159274 358.263 0 0
1500 87.2191 46.4386 15.6235 0.416972 0.645867 359.311 0 0
1500 105.647 68.4687 15.5869 0.627813 0.852701 359.559 0 0
1500 24.8241 -41.1454 15.6592 -0.403973 -0.590666 359.57 0 0
1500 101.416 2.10492 15.829 0.63989 0.053871 359.696 0 0
1500 75.5265 -17.6061 16.4689 0.324161 -0.319888 359.696 0 0
1500 80.1314 -3.55482 16.9756 0.493425 -0.0135778 359.896 0 0
1500 91.1111 -23.6455 15.6829 0.438265 -0.300651 360.071 0 0
1500 75.8941 -37.5635 15.7118 0.27779 -0.537144 360.443 0 0
1500 130.088 -31.3245 15.6914 0.955436 -0.366455 360.518 0 0
1500 31.921 -20.0904 15.855 -0.370634 -0.278466 360.611 0 0
1500 128.707 20.934 16.0723 1.03422 0.352789 360.944 0 0
1500 81.1322 -15.0229 16.3795 0.359869 -0.247496 361.185 0 0
1500 72.2075 2.61752 16.7169 0.296499 0.0923616 361.225 0 0
1500 45.0678 3.4027 16.2034 -0.158643 0.0726055 361.34 0 0
1500 83.8188 -21.3493 16.3904 0.392497 -0.325687 361.367 0 0
1500 100.188 8.9816 16.648 0.665374 0.159612 361.399 0 0
1500 49.3866 72.0669 15.8257 -0.0900195 0.964033 361.571 0 0
1500 93.6399 65.8101 15.7223 0.508886 0.83661 361.597 0 0
1500 98.2121 -7.34528 16.2215 0.630779 -0.131322 361.654 0 0
1500 92.7702 -2.96303 15.9532 0.530046 -0.00560322 361.768 0 0
1500 129.899 -14.4269 15.8109 0.953078 -0.2238 362.158 0 0
1500 74.1038 -7.29377 15.9625 0.268543 -0.149336 362.384 0 0
1500 71.3479 12.2428 16.3486 0.259961 0.215437 362.484 0 0
1500 40.8321 -5.14176 15.9602 -0.280832 -0.0982437 362.768 0 0
1500 64.8922 -17.6022 16.1785 0.180903 -0.273199 362.776 0 0
1500 84.7298 48.159 16.0685 0.405435 0.655717 363.076 0 0
1500 92.7746 4.08509 17.005 0.626696 0.0379821 363.269 0 0
1500 45.8187 32.001 15.8918 -0.120187 0.477121 363.321 0 0
1500 126.22 2.09938 17.1655 1.29646 0.0259787 363.298 0 0
1500 98.1388 6.5154 16.0683 0.606781 0.062255 363.504 0 0
1500 48.3501 3.40171 15.9425 -0.159396 -0.0123397 363.605 0 0
1500 70.3786 -21.8182 16.0866 0.182141 -0.358204 363.68 0 0
1500 79.0989 -9.72063 17.7421 0.508068 -0.165733 363.713 0 0
1500 -12.7868 40.439 15.9763 -0.968168 0.567418 363.723 0 0
1500 60.8236 0.214565 16.0622 0.0664402 0.0566861 363.764 0 0
1500 -10.3362 -90.8672 15.9469 -0.979548 -1.2299 364.057 0 0
1500 68.4689 1.85364 16.7001 0.259741 0.00514229 364.149 0 0
1500 105.176 -30.7969 16.1175 0.690371 -0.418129 364.386 0 0
1500 63.3055 -8.73675 16.1201 0.0916355 -0.154543 364.431 0 0
1500 103.22 -7.39366 17.3297 0.867769 -0.159578 364.512 0 0
1500 49.1791 -164.73 16.0884 -0.131057 -2.43224 364.551 0 0
1500 53.7177 10.408 16.0465 -0.0733656 0.202504 364.879 0 0
1500 94.6764 -18.0793 16.2862 0.579981 -0.227847 364.906 0 0
1500 94.3998 -1.88216 17.7058 0.684587 -0.058402 365.464 0 0
1500 18.5927 -0.0950307 16.269 -0.579877 0.0148151 365.562 0 0
1500 13.1031 29.1363 16.0278 -0.658389 0.372377 365.761 0 0
1500 51.3403 -62.5867 16.058 -0.115967 -0.870056 365.798 0 0
1500 85.2464 -3.08902 16.7529 0.486599 -0.0806628 365.836 0 0
1500 85.4314 -11.2694 17.5609 0.578455 -0.146208 365.845 0 0
1500 34.3727 69.7363 16.038 -0.284585 0.952734 365.879 0 0
1500 79.9461 -3.6564 16.6232 0.408574 -0.087088 365.961 0 0
1500 90.9567 2.95919 16.5204 0.5497 0.0532177 366.008 0 0
1500 57.2298 19.7061 16.6292 0.0579094 0.318388 366.27 0 0
1500 96.4936 -15.9941 16.7825 0.624166 -0.241865 366.397 0 0
1500 124.173 -11.9342 16.1531 0.926511 -0.15645 366.452 0 0
1500 85.6343 14.5456 16.7224 0.437097 0.167021 366.616 0 0
1500 83.5513 -74.4136 16.0823 0.374222 -0.972161 366.617 0 0
1500 99.8177 -13.8614 16.6986 0.72654 -0.306837 366.607 0 0
1500 71.7132 29.9729 16.569 0.254549 0.531557 366.624 0 0
1500 3.82091 -35.3066 16.0773 -0.771344 -0.471568 366.688 0 0
1500 0.550775 -29.3863 16.0774 -0.813909 -0.394433 366.691 0 0
1500 -94.0086 51.1015 16.1397 -2.08876 0.709443 366.904 0 0
1500 43.7854 -11.9974 16.7186 -0.166534 -0.173864 367.177 0 0
1500 9.1474 43.6286 16.1661 -0.649993 0.627823 367.208 0 0
1500 39.4521 -19.81 16.199 -0.319489 -0.255895 367.175 0 0
1500 111.381 -21.2093 16.1796 0.755962 -0.337872 367.414 0 0
1500 32.0497 -18.7259 16.4877 -0.346688 -0.288895 367.699 0 0
1500 86.7707 67.4453 16.227 0.358147 0.992344 367.704 0 0
1500 81.7357 -10.6047 17.2711 0.446861 -0.189939 367.818 0 0
1500 62.0999 -2.15269 16.91 0.0885856 -0.0118566 367.951 0 0
1500 55.1142 15.0821 16.5246 0.00202504 0.264423 367.918 0 0
1500 95.0858 21.8806 16.424 0.503527 0.342026 368.327 0 0
1500 87.7184 3.41714 17.2493 0.533728 -0.0139184 368.459 0 0
1500 119.733 51.5519 16.6503 0.935032 0.829025 368.949 0 0
1500 93.1425 0.917189 16.8995 0.520082 0.0270847 369.257 0 0
1500 97.6533 -23.83 16.3312 0.51794 -0.307503 369.207 0 0
1500 87.7336 -9.05706 16.6738 0.439184 -0.113811 369.208 0 0
1500 -6.99771 -9.85591 16.2319 -0.906369 -0.111321 369.237 0 0
1500 63.5315 18.312 16.4328 0.120768 0.250677 369.276 0 0
1500 7.30207 -35.6602 16.4801 -0.725437 -0.507767 369.329 0 0
1500 119.751 17.1275 16.4896 0.88067 0.253006 369.436 0 0
1500 89.0562 -3.00594 17.1986 0.536624 -0.0959057 369.791 0 0
1500 98.1473 -3.45105 16.9811 0.697155 -0.0982489 369.866 0 0
1500 84.3135 -4.84921 17.458 0.515311 -0.0095998 370.009 0 0
1500 85.0108 -5.57829 16.8693 0.485652 -0.0463276 370.014 0 0
1500 82.1923 2.96657 17.0689 0.472405 0.0184307 370.056 0 0
1500 64.7924 25.8935 16.5083 0.0583077 0.40116 370.159 0 0
1500 102.219 12.6098 16.4592 0.597614 0.235262 371.134 0 0
1500 79.0001 -30.3774 16.4026 0.218561 -0.429671 371.704 0 0
1500 69.6719 14.2739 16.4061 0.0933041 0.218871 371.953 0 0
1500 100.313 -95.5161 16.5358 0.559149 -1.38537 372.025 0 0
1500 79.6263 -20.9923 16.5757 0.302322 -0.291919 372.151 0 0
1500 114.824 4.05829 16.4647 0.763107 -0.00749685 372.511 0 0
1500 131.526 13.2836 16.4786 0.955746 0.206825 372.94 0 0
1500 37.5659 -38.9775 16.4972 -0.269994 -0.515191 372.943 0 0
1500 44.7943 -26.7043 16.4668 -0.157531 -0.423085 372.94 0 0
1500 104.069 20.6486 16.5091 0.609003 0.271562 373.114 0 0
1500 121.025 -0.899796 16.9713 1.10754 0.0182005 373.152 0 0
1500 75.1476 -2.30073 16.8762 0.337859 -0.0154814 373.937 0 0
1500 118.156 22.9897 18.3146 1.3079 0.516089 373.992 0 0
1500 83.7008 -18.7065 17.5348 0.511522 -0.267154 374.077 0 0
1500 79.781 7.25423 16.9689 0.392205 0.0501881 374.074 0 0
1500 37.617 -42.2037 16.9082 -0.265513 -0.696092 374.123 0 0
1500 33.9868 -47.8549 16.5844 -0.305078 -0.698032 374.161 0 0
1500 83.7232 28.3536 16.9001 0.447474 0.385453 374.506 0 0
1500 101.415 11.5974 16.9202 0.668533 0.116289 374.793 0 0
1500 86.4037 8.39864 16.7545 0.440483 0.172041 374.832 0 0
1500 95.5264 -25.3281 17.0055 0.591614 -0.372016 374.932 0 0
1500 36.4387 -17.003 16.9692 -0.294454 -0.246323 374.996 0 0
1500 -6.86417 28.7931 16.5462 -0.903016 0.398478 375.016 0 0
1500 70.9741 -73.741 16.5821 0.216127 -1.02333 375.213 0 0
1500 -15.3865 -9.47206 16.5656 -1.00843 -0.0972975 375.408 0 0
1500 78.0073 -11.4478 17.7323 0.448465 -0.256372 375.471 0 0
1500 99.3191 -38.5713 16.9471 0.601759 -0.559437 375.829 0 0
1500 149.461 -26.4512 16.7626 1.3824 -0.358037 375.905 0 0
1500 58.868 14.1938 17.4789 0.0745061 0.284333 376.118 0 0
1500 116.097 27.1039 17.4537 1.05168 0.52509 376.123 0 0
1500 44.507 -15.7952 17.3286 -0.16003 -0.273884 376.18 0 0
1500 94.3364 1.50133 17.2869 0.610633 -0.0079505 376.412 0 0
1500 76.4332 25.2314 16.8711 0.336188 0.362413 376.501 0 0
1500 153.723 -34.3933 16.7482 1.31785 -0.489755 376.705 0 0
1500 113.196 9.6521 16.7966 0.799019 0.165553 376.708 0 0
1500 127.934 -25.2614 16.7319 0.959419 -0.359483 376.733 0 0
1500 65.0225 -7.80374 17.5181 0.20118 -0.138965 376.829 0 0
1500 83.1971 -8.76223 18.3843 0.507538 -0.121074 376.884 0 0
1500 34.0075 5.84984 17.0067 -0.33925 0.0542617 376.996 0 0
1500 105.188 18.5309 16.907 0.711589 0.269659 377.408 0 0
1500 97.7819 -6.39611 17.3235 0.657304 -0.0646599 377.429 0 0
1500 102.479 4.30776 17.3329 0.715637 0.0729011 377.66 0 0
1500 -11.922 -34.4703 16.6934 -0.934354 -0.407074 377.843 0 0
1500 78.9908 5.13717 17.1696 0.396597 0.0393736 377.82 0 0
1500 39.6913 -37.5425 17.0774 -0.286733 -0.585295 377.858 0 0
1500 116.215 -23.3097 17.383 1.0454 -0.4339 377.863 0 0
1500 38.5827 27.1238 16.7228 -0.314107 0.320059 377.961 0 0
1500 65.6429 -30.1553 16.9222 0.165079 -0.45587 378.089 0 0
1500 54.4143 12.3143 17.1015 -0.0673967 0.151638 378.337 0 0
1500 56.5045 51.9304 16.9811 -0.0523504 0.781053 378.378 0 0
1500 109.699 -4.84939 16.9724 0.744576 -0.122838 378.572 0 0
1500 78.0028 -11.9908 18.493 0.481291 -0.203452 378.772 0 0
1500 64.4122 24.8453 17.1586 0.0638837 0.337053 378.734 0 0
1500 120.692 -34.2993 16.9322 0.882588 -0.479808 378.851 0 0
1500 83.8263 29.1298 17.3943 0.45642 0.435002 379.158 0 0
1500 69.4471 -20.0464 17.3016 0.125991 -0.317365 379.16 0 0
1500 240.244 244.749 16.9418 2.73847 3.7023 379.362 0 0
1500 114.266 -33.6951 16.7866 0.736521 -0.449395 379.615 0 0
1500 82.1197 -2.88061 18.0058 0.463637 -0.0202572 379.705 0 0
1500 83.8815 -1.93837 18.1537 0.484254 -0.0345098 379.801 0 0
1500 106.286 -5.19482 16.9338 0.647015 -0.0891815 379.708 0 0
1500 70.7837 32.339 16.8533 0.240743 0.460794 379.809 0 0
1500 111.676 20.0379 16.9614 0.77407 0.360847 379.958 0 0
1500 70.5355 30.2716 16.9883 0.126902 0.442044 380.105 0 0
1500 51.6922 -55.8769 17.2897 -0.0949181 -0.882959 380.16 0 0
1500 14.6951 -24.0957 16.8567 -0.580737 -0.267773 380.682 0 0
1500 93.2973 13.4835 18.0122 0.646393 0.200603 380.76 0 0
1500 75.4499 4.6354 17.351 0.360486 0.0686216 380.954 0 0
1500 97.4536 -6.2458 17.2248 0.633475 -0.0738955 381.213 0 0
1500 88.6368 53.6549 16.9075 0.473495 0.73531 381.275 0 0
1500 31.2538 38.7356 17.0876 -0.39207 0.544874 381.429 0 0
1500 48.0004 -8.47851 17.0735 -0.16167 -0.171531 381.555 0 0
1500 50.4544 3.19869 16.9185 -0.146912 0.0612342 381.695 0 0
1500 80.9602 -1.88393 17.665 0.438736 0.0270107 381.743 0 0
1500 96.0308 13.3805 17.0776 0.540294 0.2598 381.942 0 0
1500 14.1664 30.25 17.1073 -0.615308 0.506272 381.97 0 0
1500 78.2997 -19.2755 17.4197 0.277876 -0.29071 382.177 0 0
1500 48.302 28.8903 17.2998 -0.220152 0.52425 382.159 0 0
1500 115.716 -5.4347 17.2639 0.863223 -0.0622785 382.274 0 0
1500 2.06414 105.506 17.0573 -0.827917 1.51258 382.262 0 0
1500 57.6257 -74.6094 16.9709 0.0336997 -1.02585 382.299 0 0
1500 131.835 -4.76979 17.304 1.13047 -0.0712073 382.281 0 0
1500 73.222 28.1927 17.3439 0.253767 0.440315 382.362 0 0
1500 87.2066 -9.4884 18.4963 0.553264 -0.131638 382.371 0 0
1500 128.994 3.47282 16.9535 0.995126 0.0668778 382.417 0 0
1500 110.963 42.9466 17.1119 0.766771 0.659452 382.593 0 0
1500 100.496 17.6488 17.4437 0.686154 0.243568 382.639 0 0
1500 73.8549 39.5367 17.2031 0.195696 0.573629 382.76 0 0
1500 62.5344 25.3179 16.9644 0.101033 0.402567 382.811 0 0
1500 48.0915 -37.7531 17.1342 -0.105557 -0.574102 382.828 0 0
1500 58.4449 -16.4617 17.2699 -0.016991 -0.246309 382.938 0 0
1500 64.3331 -48.5878 17.1714 0.0803926 -0.755278 382.84 0 0
1500 58.6243 -55.3816 17.1024 -0.0146482 -0.87355 382.965 0 0
1500 72.8972 -1.08343 17.6245 0.340667 -0.0542181 383.045 0 0
1500 38.2087 -51.2421 17.1717 -0.259473 -0.790212 383.005 0 0
1500 30.0332 19.393 17.1678 -0.48752 0.333363 383.002 0 0
1500 32.6899 60.5959 16.9527 -0.317347 0.867526 383.143 0 0
1500 82.2903 34.9437 17.0986 0.408121 0.471509 383.262 0 0
1500 59.9412 66.3229 16.9591 0.0443338 0.941511 383.307 0 0
1500 40.2437 39.2952 16.9809 -0.203266 0.590082 383.329 0 0
1500 91.2828 -31.172 17.1048 0.52739 -0.413602 383.439 0 0
1500 130.346 -25.3708 16.9996 0.998779 -0.306682 383.492 0 0
1500 142.433 -20.1574 17.063 1.23858 -0.267501 383.485 0 0
1500 133.805 -7.46701 17.0016 1.04285 -0.0753383 383.537 0 0
1500 35.9015 2.67635 17.0494 -0.367337 0.0334496 383.626 0 0
1500 88.258 39.2126 17.1398 0.486824 0.547048 383.663 0 0
1500 111.099 6.07482 16.9995 0.755979 0.136603 383.889 0 0
1500 105.839 45.579 17.0167 0.700231 0.593561 383.921 0 0
1500 105.278 -37.2334 17.1756 0.652276 -0.558288 384.006 0 0
1500 64.2813 2.80844 17.2489 0.07393 -0.0166137 384.079 0 0
1500 115.623 50.8737 17.0339 0.800675 0.671705 384.254 0 0
1500 92.5566 32.466 17.4149 0.623643 0.508523 384.19 0 0
1500 82.8501 -19.4179 17.2436 0.312003 -0.290736 384.357 0 0
1500 88.8195 66.5992 17.0007 0.421125 0.932429 384.338 0 0
1500 106.736 14.987 17.3619 0.737973 0.238451 384.325 0 0
1500 82.754 57.1051 17.0257 0.369113 0.818053 384.639 0 0
1500 9.5637 -8.86822 17.0799 -0.719219 -0.123377 384.609 0 0
1500 7.13577 57.6509 17.014 -0.643678 0.812134 384.655 0 0
1500 81.6748 -101.188 17.0949 0.311066 -1.40506 384.673 0 0
1500 42.3013 -63.4997 17.1237 -0.240465 -0.890436 384.732 0 0
1500 74.6959 -43.4474 17.0546 0.26191 -0.650329 384.771 0 0
1500 118.057 -31.9344 17.0315 0.839675 -0.372553 384.8 0 0
1500 121.818 -24.1505 17.0345 0.888926 -0.268332 384.881 0 0
1500 100.606 -9.29383 17.089 0.614729 -0.0652065 384.904 0 0
1500 69.1215 13.5635 17.4122 0.1397 0.207978 384.958 0 0
1500 95.904 10.5203 17.3071 0.607803 0.15316 385.234 0 0
1500 18.3763 60.0214 17.0527 -0.48752 0.848746 385.372 0 0
1500 128.038 11.7546 17.0563 0.964357 0.208918 385.467 0 0
1500 -45.3647 -15.4388 17.3568 -1.66083 -0.192162 385.495 0 0
1500 116.083 -46.7007 17.1024 0.827802 -0.605026 385.663 0 0
1500 127.163 -26.7019 17.0615 0.951076 -0.299484 385.602 0 0
1500 118.561 17.2843 17.2369 0.887471 0.235202 385.607 0 0
1500 44.8443 20.4144 17.3885 -0.139894 0.344995 385.744 0 0
1500 89.6015 11.1353 17.3126 0.459975 0.181639 385.763 0 0
1500 35.5992 73.6459 17.0759 -0.268314 1.0019 386.066 0 0
1500 132.363 4.81484 17.0765 1.0146 0.116274 385.988 0 0
1500 58.1182 -64.5411 17.0951 0.0355346 -0.922246 385.995 0 0
1500 70.4614 11.8725 17.2304 0.211452 0.228902 386.212 0 0
1500 92.0343 27.4418 17.4881 0.527679 0.452617 386.143 0 0
1500 81.3569 -18.0664 17.5738 0.372846 -0.322203 386.102 0 0
1500 43.3687 12.3774 17.4378 -0.223834 0.187377 386.438 0 0
1500 104.502 59.5066 17.0962 0.608832 0.816615 386.505 0 0
1500 58.6336 22.2565 17.4549 0.0623476 0.369293 386.494 0 0
1500 59.7438 30.0234 17.2379 0.0626903 0.47845 386.507 0 0
1500 87.7643 -48.8299 17.3934 0.492583 -0.763492 386.487 0 0
1500 116.206 -8.74348 17.2743 0.932227 -0.0958907 386.526 0 0
1500 115.236 28.9795 17.1501 0.771998 0.379935 386.657 0 0
1500 116.603 21.8595 17.157 0.787644 0.291078 386.792 0 0
1500 212.398 38.0797 17.1093 2.04863 0.480794 386.871 0 0
1500 81.4009 32.851 17.248 0.359647 0.514741 386.892 0 0
1500 69.5999 30.8632 17.2625 0.236755 0.456376 386.821 0 0
1500 25.9241 31.2487 17.1806 -0.425183 0.425115 386.951 0 0
1500 36.0042 74.4607 17.1169 -0.248619 1.01829 386.987 0 0
1500 -0.0606928 -1.94941 17.1323 -0.805483 0.0408702 386.934 0 0
1500 75.037 -2.79374 17.925 0.372671 0.0109266 387.025 0 0
1500 68.618 20.206 17.446 0.127776 0.290876 387.127 0 0
1500 79.2957 -1.57181 17.9278 0.42806 0.0269433 387.124 0 0
1500 -94.3015 145.819 17.14 -2.18004 2.02608 387.055 0 0
1500 39.2192 16.8605 17.2418 -0.282597 0.306298 387.205 0 0
1500 31.868 -26.7004 17.4551 -0.41962 -0.485763 387.243 0 0
1500 82.958 -13.2013 17.3895 0.369358 -0.264017 387.29 0 0
1500 68.1973 -1.95809 17.5505 0.14242 -0.0779662 387.561 0 0
1500 102.971 49.7689 17.3082 0.61586 0.771154 387.821 0 0
1500 75.5784 26.8005 17.831 0.286922 0.40543 387.909 0 0
1500 33.0144 73.7395 17.1441 -0.285038 1.00062 387.628 0 0
1500 -15.8241 19.8231 17.2024 -1.01708 0.253786 387.95 0 0
1500 54.4211 -57.0371 17.1958 0.00496522 -0.808924 387.691 0 0
1500 80.0719 -49.6713 17.3194 0.311805 -0.740268 387.715 0 0
1500 37.0363 -2.60602 17.65 -0.288634 -0.0437739 387.712 0 0
1500 105.036 58.28 17.1666 0.637376 0.796429 388.143 0 0
1500 94.2942 -26.2486 17.1874 0.572556 -0.382172 388.106 0 0
1500 121.106 0.60995 17.3192 0.937639 -0.0583165 388.19 0 0
1500 94.6295 -9.64241 17.7764 0.61817 -0.164626 388.285 0 0
1500 92.2872 11.8362 17.5398 0.563974 0.117112 388.311 0 0
1500 264.703 88.7984 17.1969 2.89879 1.2074 388.3 0 0
1500 97.6581 46.7637 17.1882 0.509563 0.639258 388.403 0 0
1500 35.385 -37.8554 17.356 -0.408101 -0.559787 388.42 0 0
1500 79.8648 -7.60353 18.0531 0.379535 -0.115776 388.526 0 0
1500 59.147 -34.0426 17.6649 0.0643958 -0.527659 388.578 0 0
1500 77.828 -8.77791 17.2552 0.316974 -0.0682378 388.685 0 0
1500 62.3231 4.52246 17.2608 0.112358 0.0744541 388.748 0 0
1500 113.356 14.1278 17.3782 0.823659 0.236225 388.823 0 0
1500 48.351 7.12686 17.2273 -0.191703 0.0506838 388.797 0 0
1500 40.5958 -30.3423 17.5267 -0.220887 -0.485444 389.042 0 0
1500 74.2452 -18.5805 17.9158 0.347752 -0.407199 389.057 0 0
1500 57.9995 -44.0014 17.3542 -0.0637811 -0.657373 389.158 0 0
1500 87.4888 -47.8482 17.3819 0.428899 -0.745783 389.25 0 0
1500 52.914 0.613656 17.9493 -0.0200899 0.058196 389.391 0 0
1500 113.658 -29.0561 17.2195 0.828436 -0.414107 389.364 0 0
1500 69.8268 -47.7988 17.3765 0.125992 -0.717391 389.369 0 0
1500 89.1643 -54.8802 17.306 0.419336 -0.815515 389.465 0 0
1500 122.065 21.5659 17.2289 0.840431 0.321587 389.502 0 0
1500 4.20945 -50.8977 17.2261 -0.726742 -0.705296 389.491 0 0
1500 73.0818 -24.6769 17.2758 0.211049 -0.42301 389.525 0 0
1500 73.2914 -71.9939 17.2359 0.227831 -0.975133 389.59 0 0
1500 31.8198 48.7551 17.271 -0.322161 0.73705 389.81 0 0
1500 65.4653 3.85148 17.5263 0.120477 0.122311 389.745 0 0
1500 90.7183 1.43386 17.3929 0.527256 -0.0302103 389.892 0 0
1500 88.3642 12.8883 18.3146 0.547121 0.228942 389.963 0 0
1500 95.0325 -60.721 17.2546 0.502973 -0.826569 390.014 0 0
1500 79.8361 17.1413 17.5322 0.321585 0.308237 390.09 0 0
1500 126.987 -0.202622 17.2413 1.00087 -0.0179132 390.129 0 0
1500 78.9681 -6.14724 18.2628 0.430193 -0.140626 390.202 0 0
1500 98.5965 40.9997 17.4894 0.60983 0.621808 390.252 0 0
1500 70.9644 -7.09216 18.1189 0.313981 -0.154794 390.306 0 0
1500 64.4999 5.82032 18.0654 0.197398 0.150254 390.335 0 0
1500 34.857 -18.218 17.6071 -0.413948 -0.255114 390.385 0 0
1500 120.526 24.7052 17.2554 0.923166 0.340037 390.59 0 0
1500 42.7437 -207.526 17.2611 -0.196072 -2.91456 390.586 0 0
1500 94.6558 22.5761 17.5418 0.525775 0.381754 390.605 0 0
1500 35.7471 15.0339 18.3393 -0.392232 0.242914 390.687 0 0
1500 90.387 31.9623 17.5445 0.46537 0.511527 390.748 0 0
1500 22.3552 -42.9997 17.2716 -0.527254 -0.668379 390.749 0 0
1500 76.6115 -65.4436 17.4055 0.242745 -0.978163 390.833 0 0
1500 78.1168 -81.9343 17.2625 0.261685 -1.13522 390.906 0 0
1500 125.906 30.7927 17.2796 0.970052 0.396479 391.353 0 0
1500 96.6303 10.5134 17.8103 0.661498 0.157687 391.135 0 0
1500 68.6478 -18.8509 17.9354 0.164545 -0.282416 391.313 0 0
1500 43.2063 9.87665 17.3931 -0.203077 0.213974 391.095 0 0
1500 126.989 0.142417 17.3642 1.0035 -0.0176579 391.667 0 0
1500 75.1781 -10.4913 18.1281 0.342772 -0.159146 391.795 0 0
1500 65.6583 33.9341 17.9212 0.167898 0.532844 392.039 0 0
1500 83.4373 2.10375 18.0303 0.43936 0.0895462 391.982 0 0
1500 56.0419 -47.0742 17.3435 -0.090158 -0.707987 392.167 0 0
1500 106.647 13.3254 17.356 0.762239 0.181761 392.298 0 0
1500 94.1818 15.1179 17.3615 0.502915 0.212988 392.431 0 0
1500 93.2917 166.579 17.3512 0.51929 2.43597 392.549 0 0
1500 80.2416 -22.565 17.8821 0.358465 -0.379162 392.646 0 0
1500 42.1748 52.2968 17.4172 -0.213313 0.80672 392.595 0 0
1500 113.561 -50.4129 17.5663 0.922935 -0.854621 392.611 0 0
1500 54.8614 54.0632 17.6982 -0.0997653 0.96822 392.854 0 0
1500 90.4281 -26.1928 17.8881 0.497165 -0.427279 393.015 0 0
1500 76.4684 -70.9424 17.3727 0.294501 -0.983338 393.103 0 0
1500 88.9543 8.31758 17.7554 0.52571 0.174468 392.918 0 0
1500 87.51 -33.953 17.4557 0.50251 -0.471252 392.936 0 0
1500 92.445 28.0769 17.9393 0.582388 0.44371 393.409 0 0
1500 74.7164 -6.48376 17.424 0.270915 -0.0291791 393.414 0 0
1500 55.5938 -11.1746 18.2302 0.0109561 -0.154821 393.648 0 0
1500 57.161 -19.833 17.5637 0.0404738 -0.350933 393.619 0 0
1500 50.0514 -37.9644 17.4435 -0.187018 -0.6205 393.534 0 0
1500 87.5948 -51.0054 17.6923 0.490593 -0.780235 393.95 0 0
1500 109.558 17.2964 17.7745 0.80169 0.2956 394.062 0 0
1500 80.6496 4.55217 18.9269 0.550766 0.0779172 394.051 0 0
1500 8.24372 -66.3492 17.3717 -0.763838 -0.931699 393.944 0 0
1500 8.64557 -5.07149 17.5823 -0.743133 -0.0715334 393.855 0 0
1500 36.1181 -30.5302 17.6841 -0.314022 -0.492095 393.929 0 0
1500 29.1243 -17.6927 17.6595 -0.429083 -0.299391 393.889 0 0
1500 84.3781 3.38658 18.2125 0.473308 0.114713 394.315 0 0
1500 20.5831 38.8788 17.4091 -0.592303 0.588819 394.34 0 0
1500 65.5483 2.04873 17.7514 0.18811 0.0911948 394.683 0 0
1500 99.4138 55.803 17.5448 0.654598 0.825661 394.593 0 0
1500 6.9646 -34.4834 17.4162 -0.781274 -0.451688 394.762 0 0
1500 85.0869 65.2631 17.3759 0.42039 0.943997 394.853 0 0
1500 119.388 -9.73296 17.5868 0.946475 -0.137749 394.912 0 0
1500 68.4985 -26.9789 17.5972 0.141162 -0.394155 394.966 0 0
1500 96.2779 -30.7778 17.4158 0.547623 -0.406367 394.989 0 0
1500 96.9437 -49.1177 17.6025 0.60128 -0.742779 395.028 0 0
1500 53.489 49.7369 18.2046 -0.0616837 0.865698 395.02 0 0
1500 120.208 -23.2919 17.5975 0.950862 -0.32383 395.443 0 0
1500 142.287 -19.4453 17.616 1.32505 -0.27375 395.3 0 0
1500 99.0521 -34.0828 17.9624 0.725407 -0.556759 395.24 0 0
1500 93.2651 -64.6623 17.6506 0.578638 -1.03434 395.276 0 0
1500 145.266 -24.0911 17.5519 1.41658 -0.363778 395.488 0 0
1500 78.5679 7.87536 18.4572 0.405773 0.062897 395.538 0 0
1500 48.5738 6.89677 17.5857 -0.127857 0.137881 395.519 0 0
1500 67.4972 -52.8707 17.5521 0.138712 -0.879497 395.534 0 0
1500 34.4999 -47.1578 17.6896 -0.342563 -0.780228 395.84 0 0
1500 51.7785 -53.2298 17.4262 -0.0482702 -0.742461 395.921 0 0
1500 82.2416 -4.93662 17.671 0.385329 -0.142602 395.928 0 0
1500 33.1461 -23.2335 17.9091 -0.404428 -0.421247 396.022 0 0
1500 58.2741 -69.2042 17.431 -0.0035336 -0.99084 396.192 0 0
1500 90.066 -12.1065 17.875 0.561162 -0.218006 396.282 0 0
1500 67.2344 -128.227 17.4555 0.152557 -1.90441 396.296 0 0
1500 -45.5929 21.4488 17.4561 -1.48864 0.279646 396.486 0 0
1500 78.6813 -50.2664 17.6188 0.26717 -0.812826 396.543 0 0
1500 49.2345 -50.1741 17.4774 -0.117001 -0.713436 396.715 0 0
1500 70.3469 -50.6603 17.5684 0.156845 -0.857124 396.722 0 0
1500 24.2181 -49.4286 17.5131 -0.487334 -0.687777 397.146 0 0
1500 94.4449 -11.2752 17.7751 0.62826 -0.148223 397.22 0 0
1500 75.2304 5.0088 17.6278 0.305816 0.0100818 397.224 0 0
1500 121.902 -33.4318 17.4339 0.928162 -0.408794 397.285 0 0
1500 52.3043 14.5679 18.0099 -0.101989 0.248184 397.266 0 0
1500 43.6234 -9.18219 17.5022 -0.278246 -0.109878 397.406 0 0
1500 66.0594 -21.6088 17.8354 0.169097 -0.32318 397.713 0 0
1500 78.633 1.85386 17.6706 0.342475 0.0193169 397.582 0 0
1500 92.7116 -10.0581 17.8782 0.614194 -0.150683 397.473 0 0
1500 55.7255 -40.6884 17.7249 -0.0484702 -0.694159 397.424 0 0
1500 42.5828 51.5709 17.5571 -0.211969 0.79537 397.88 0 0
1500 133.263 13.8112 17.6086 1.17508 0.172388 397.833 0 0
1500 70.809 -42.9584 17.6366 0.238337 -0.677465 398.164 0 0
1500 98.7847 15.8226 18.563 0.754041 0.315546 398.14 0 0
1500 64.974 15.1843 18.2112 0.158223 0.243457 398.27 0 0
1500 71.4782 -20.6143 18.0727 0.30178 -0.351521 398.305 0 0
1500 64.4168 45.0376 17.557 0.167718 0.671373 398.492 0 0
1500 62.911 44.7629 17.5101 0.128686 0.690367 398.468 0 0
1500 24.207 35.2516 17.5134 -0.553058 0.531283 398.548 0 0
1500 67.8076 -0.118922 18.2597 0.233237 0.0682815 398.632 0 0
1500 30.5545 -35.7731 17.6801 -0.408269 -0.561834 398.634 0 0
1500 96.4768 27.1361 17.5122 0.611808 0.434654 398.652 0 0
1500 27.6216 55.8471 17.5176 -0.461699 0.778644 398.988 0 0
1500 46.3748 29.4309 17.6261 -0.254657 0.460866 399.127 0 0
1500 117.946 3.33092 17.6847 0.930661 0.0192381 399.563 0 0
1500 29.2096 -2.96288 17.6453 -0.429275 -0.110503 399.589 0 0
1500 67.8134 63.6054 17.5295 0.195388 0.942717 399.92 0 0
1500 112.228 45.0226 17.5656 0.822827 0.644732 400.074 0 0
1500 116.577 13.0387 17.577 0.84822 0.16921 400.236 0 0
1500 56.128 2.8852 19.0616 0.0535473 0.0571105 400.255 0 0
1500 80.4467 2.81241 18.2276 0.470338 0.0128042 400.318 0 0
1500 36.0247 -5.48203 17.8972 -0.337797 -0.0596425 400.389 0 0
1500 65.2458 -10.3333 17.5558 0.108221 -0.194973 400.772 0 0
1500 121.291 -28.6102 17.591 0.955401 -0.377395 400.814 0 0
1500 190.94 89.1303 17.6492 2.11703 1.41025 400.785 0 0
1500 80.2528 10.7654 17.7521 0.37183 0.135963 400.846 0 0
1500 83.4578 -14.6084 17.7631 0.382875 -0.243503 400.854 0 0
1500 35.3562 16.9585 17.7672 -0.331655 0.217986 401.025 0 0
1500 108.949 -1.46163 17.6594 0.77851 0.0411076 401.037 0 0
1500 88.5416 -37.5437 18.3218 0.593005 -0.644219 401.235 0 0
1500 64.5606 23.0882 18.2085 0.188271 0.394793 401.393 0 0
1500 12.5853 17.6476 17.5566 -0.721203 0.289504 401.496 0 0
1500 65.0681 39.6489 17.9247 0.0654328 0.650039 401.465 0 0
1500 81.3517 -6.96675 18.2294 0.421793 -0.0554176 401.658 0 0
1500 93.088 -27.0842 17.8358 0.517829 -0.447754 401.706 0 0
1500 71.5799 -2.75143 18.5672 0.308914 0.0146875 401.836 0 0
1500 39.3997 10.6048 17.7992 -0.33541 0.129418 401.955 0 0
1500 122.004 -48.9208 17.7587 1.06127 -0.829643 401.952 0 0
1500 128.558 -42.8889 18.0282 1.25045 -0.675921 401.91 0 0
1500 129.524 -11.1225 17.5702 1.03715 -0.110979 402.043 0 0
1500 100.373 44.7917 17.6721 0.646417 0.693217 402.045 0 0
1500 89.2521 30.3186 17.8189 0.455502 0.453962 402.207 0 0
1500 49.5803 -14.3383 17.8905 -0.149637 -0.182416 402.112 0 0
1500 113.752 25.0114 18.2889 1.01613 0.408814 402.213 0 0
1500 68.4988 32.8436 17.8648 0.150086 0.484645 402.457 0 0
1500 72.9071 38.986 17.6652 0.201587 0.581189 402.431 0 0
1500 97.6485 21.1525 17.8552 0.586387 0.37179 402.731 0 0
1500 -59.2334 -49.9015 17.7482 -1.91851 -0.814996 402.389 0 0
1500 123.277 6.94045 17.7891 0.992775 0.13528 402.877 0 0
1500 66.5543 0.200612 18.1938 0.210923 -0.034923 402.824 0 0
1500 81.3253 15.2335 17.8345 0.336878 0.259891 402.889 0 0
1500 36.5122 57.4857 17.5918 -0.289761 0.837205 402.811 0 0
1500 122.952 21.345 17.6384 0.949737 0.309833 402.99 0 0
1500 110.06 -30.3646 17.6747 0.820834 -0.430711 402.941 0 0
1500 68.0638 24.7974 17.9204 0.228832 0.415245 402.928 0 0
1500 175.842 14.3466 17.6069 1.79439 0.190885 402.896 0 0
1500 54.7673 -5.99141 17.6909 -0.0883296 -0.141564 402.97 0 0
1500 69.1286 31.1335 17.7253 0.124449 0.517633 403.069 0 0
1500 86.9193 66.1191 17.7324 0.525383 1.03369 403.053 0 0
1500 40.0189 25.6683 18.1637 -0.293005 0.431746 403.004 0 0
1500 42.0207 -49.6175 18.0282 -0.204372 -0.869685 402.928 0 0
1500 51.3662 60.4697 17.5731 -0.0396006 0.850266 403.168 0 0
1500 90.887 21.7886 18.4514 0.589879 0.364197 403.393 0 0
1500 1.76164 36.1145 17.5795 -0.856023 0.542577 403.235 0 0
1500 65.7493 -8.59471 18.5391 0.162839 -0.136586 403.561 0 0
1500 92.5511 -1.40639 17.9219 0.579102 0.0381441 403.169 0 0
1500 57.0988 44.3101 17.6658 -0.0571868 0.693505 403.203 0 0
1500 44.3543 -30.4304 17.6796 -0.256794 -0.413362 403.1 0 0
1500 85.6771 8.86324 17.5932 0.473819 0.11027 403.393 0 0
1500 41.3206 15.6828 17.9399 -0.237828 0.216167 403.669 0 0
1500 122.526 -5.80657 17.6128 0.927047 -0.0496329 404.225 0 0
1500 116.127 -18.6622 17.8534 0.916874 -0.26994 404.202 0 0
1500 86.4725 4.52023 18.0298 0.532511 0.0678606 404.394 0 0
1500 14.2922 -32.5786 17.6721 -0.627166 -0.541088 404.086 0 0
1500 19.184 29.863 17.704 -0.546585 0.504071 404.385 0 0
1500 63.0767 -49.9554 17.5984 0.139822 -0.745939 404.192 0 0
1500 59.5286 -21.7432 17.6944 0.095646 -0.354471 403.608 0 0
1500 68.2564 -7.83849 17.6732 0.221207 -0.150037 403.916 0 0
1500 77.7003 -18.6036 17.6828 0.229561 -0.306059 404.211 0 0
1500 121.697 3.68854 17.7026 0.966606 -0.0143844 404.435 0 0
1500 96.6245 43.0054 17.9347 0.62507 0.66169 404.556 0 0
1500 109.215 9.97136 17.7054 0.753731 0.215844 404.553 0 0
1500 47.9061 -5.77433 17.8204 -0.149806 -0.126436 404.74 0 0
1500 49.223 -27.9414 18.125 -0.166593 -0.499173 404.754 0 0
1500 67.4612 17.6725 18.215 0.196231 0.321481 405.005 0 0
1500 74.7871 -26.1467 17.9133 0.237279 -0.437359 404.999 0 0
1500 57.0821 -40.3901 18.0557 -0.0527588 -0.639511 404.858 0 0
1500 79.0841 -7.95476 18.2165 0.332109 -0.163806 405.428 0 0
1500 16.122 33.9292 17.6899 -0.664106 0.458229 405.401 0 0
1500 42.1576 -20.5775 17.674 -0.267633 -0.246998 405.594 0 0
1500 2.53343 35.6521 17.8142 -0.87513 0.538107 405.531 0 0
1500 37.4609 -13.1374 18.1401 -0.363375 -0.231 405.689 0 0
1500 83.7313 -0.902968 17.8649 0.470583 0.0104236 405.818 0 0
1500 127.353 -7.0144 17.7778 1.04299 -0.104648 405.861 0 0
1500 70.6362 -49.7147 17.9191 0.174998 -0.768116 405.897 0 0
1500 75.1366 -57.7847 17.6869 0.313504 -0.861012 405.88 0 0
1500 39.985 -6.23712 17.7467 -0.276183 -0.121431 406.446 0 0
1500 120.681 -29.7532 17.7119 0.942121 -0.450454 406.01 0 0
1500 126.834 -14.0767 17.6957 1.02711 -0.20266 406.549 0 0
1500 12.3303 -54.1171 17.6577 -0.628378 -0.828366 406.001 0 0
1500 126.62 5.67152 17.7579 1.03959 0.0768497 406.55 0 0
1500 27.9447 58.714 17.7203 -0.410618 0.901043 405.943 0 0
1500 75.326 -63.2822 17.7186 0.306431 -0.943019 406.576 0 0
1500 116.993 -26.3311 17.6947 0.9042 -0.40672 406.55 0 0
1500 87.6799 36.882 17.8373 0.511499 0.569287 406.398 0 0
1500 83.1788 -16.4296 17.9887 0.427616 -0.30613 406.326 0 0
1500 92.7918 -0.687035 17.9892 0.565521 -0.0787443 406.433 0 0
1500 69.0923 -28.748 18.0088 0.159287 -0.470582 406.401 0 0
1500 87.1331 -2.98069 17.8771 0.466051 -0.114832 405.969 0 0
1500 23.6259 -6.14147 17.6601 -0.534254 -0.0210319 406.305 0 0
1500 82.6001 -9.44867 18.0597 0.499945 -0.11474 406.658 0 0
1500 93.828 8.86346 17.6887 0.551443 0.148618 406.941 0 0
1500 65.6148 -45.3622 17.9167 0.0934814 -0.765669 406.987 0 0
1500 124.284 20.718 17.7032 0.998829 0.258329 407.169 0 0
1500 60.7333 4.35763 18.4273 0.0813329 0.104525 407.186 0 0
1500 59.7367 -16.4372 18.0244 0.108568 -0.300698 407.191 0 0
1500 40.6989 23.2428 17.9044 -0.279583 0.385706 407.159 0 0
1500 81.6207 15.3601 18.4395 0.442463 0.226898 407.308 0 0
1500 117.321 -0.125437 17.7623 0.869476 -0.00142671 407.35 0 0
1500 115.677 12.5628 17.8919 0.905796 0.215949 407.212 0 0
1500 76.3155 -52.1324 17.8851 0.302713 -0.814295 407.309 0 0
1500 70.7688 51.6309 17.7169 0.263193 0.772485 407.308 0 0
1500 89.4143 6.17901 17.7602 0.500811 0.158418 407.384 0 0
1500 35.8432 -33.4021 18.1241 -0.351726 -0.586285 407.289 0 0
1500 76.5228 -0.856379 18.7169 0.455467 -0.0540649 407.635 0 0
1500 125.711 -19.0634 17.646 1.00023 -0.282794 407.629 0 0
1500 75.3637 1.84672 18.1798 0.374979 -0.013276 407.51 0 0
1500 40.3266 -37.9114 17.9604 -0.254136 -0.609913 407.48 0 0
1500 62.2182 10.605 18.0056 0.0301077 0.161841 407.588 0 0
1500 79.972 -1.64359 17.8594 0.412923 -0.0503492 407.625 0 0
1500 92.7801 3.84583 17.7043 0.558061 -0.0028151 407.54 0 0
1500 84.6931 40.1433 18.1589 0.488299 0.70045 407.506 0 0
1500 98.477 3.77106 18.0072 0.744999 0.0567458 407.561 0 0
1500 121.268 9.84876 18.6464 1.28238 0.228794 407.593 0 0
1500 98.8561 -2.47988 17.9026 0.611911 0.00394596 407.703 0 0
1500 84.7044 1.80694 17.8099 0.392664 0.0799944 407.938 0 0
1500 97.8324 -15.9576 18.2136 0.692481 -0.263754 407.898 0 0
1500 25.7574 -6.94474 18.0062 -0.499451 -0.094018 408.04 0 0
1500 53.7584 9.55251 17.8448 -0.115048 0.119647 407.837 0 0
1500 72.7995 -42.4495 18.0319 0.271173 -0.716565 407.945 0 0
1500 22.4374 -30.7262 17.9568 -0.575201 -0.550512 407.973 0 0
1500 90.1137 13.3242 18.3741 0.563692 0.306374 407.752 0 0
1500 102.635 7.59135 18.1839 0.75642 0.0683643 408.497 0 0
1500 125.088 31.6307 17.8366 1.05196 0.452348 408.332 0 0
1500 106.501 -5.78587 17.9511 0.801275 -0.087102 408.335 0 0
1500 73.0111 -30.4285 18.1549 0.283106 -0.508287 408.635 0 0
1500 6.23301 4.16579 17.7922 -0.796122 0.106322 408.609 0 0
1500 26.1922 17.2144 18.0573 -0.535704 0.34221 408.178 0 0
1500 66.3039 -100.234 18.0492 0.215905 -1.79622 408.343 0 0
1500 57.7417 26.7611 17.7877 -0.00841798 0.468136 408.646 0 0
1500 68.6312 -3.22547 17.8056 0.179156 0.0255368 408.64 0 0
1500 69.4294 37.9177 18.0419 0.202223 0.618605 408.684 0 0
1500 56.9674 54.868 17.7146 0.0516951 0.831047 408.669 0 0
1500 72.7609 -6.20734 19.0153 0.391912 -0.0976047 408.728 0 0
1500 120.859 26.3833 17.8623 0.957607 0.404682 408.699 0 0
1500 73.2693 -17.9069 18.3167 0.289823 -0.326681 408.792 0 0
1500 96.9085 -0.00278351 18.5206 0.685312 -0.0605279 409.068 0 0
1500 83.9174 28.7246 17.8246 0.36415 0.442352 409.014 0 0
1500 110.986 38.8828 17.6766 0.781072 0.509383 409.046 0 0
1500 88.8081 -44.9168 17.8649 0.53193 -0.672412 409.008 0 0
1500 63.6832 2.9507 18.2109 0.123624 0.110601 408.801 0 0
1500 88.5177 -21.7807 18.0406 0.535608 -0.365704 409.011 0 0
1500 80.2726 -33.6732 17.9581 0.342455 -0.49963 409.444 0 0
1500 44.887 -63.341 17.716 -0.145028 -0.966873 409.515 0 0
1500 94.9862 16.5236 17.8151 0.575618 0.312921 409.474 0 0
1500 57.8446 48.2677 18.0658 0.0300508 0.790923 409.549 0 0
1500 92.0996 -15.7922 17.785 0.582341 -0.187846 409.275 0 0
1500 53.8382 23.4242 18.0639 -0.138022 0.388145 409.184 0 0
1500 12.1586 -10.1816 17.9276 -0.703508 -0.181725 409.653 0 0
1500 75.0206 -42.1821 17.7859 0.252813 -0.690685 409.645 0 0
1500 57.2902 -33.8102 17.7474 -0.0612759 -0.579521 409.667 0 0
1500 35.8192 7.85591 18.2838 -0.462848 0.181205 409.696 0 0
1500 48.6183 -29.2249 17.8417 -0.153792 -0.423766 409.944 0 0
1500 105.807 5.51542 17.816 0.731033 0.150673 409.789 0 0
1500 104.765 -10.8817 17.7874 0.755334 -0.122632 409.856 0 0
1500 74.5196 3.72799 17.8687 0.334752 0.0635297 409.906 0 0
1500 70.1904 8.84143 17.9074 0.224481 0.201581 409.815 0 0
1500 77.2494 -28.0735 18.4715 0.331228 -0.462976 410.212 0 0
1500 62.0456 -40.6825 18.5002 0.100917 -0.708527 410.733 0 0
1500 82.0896 1.09994 18.5106 0.445373 -0.0241786 410.823 0 0
1500 26.132 20.0175 17.8084 -0.472373 0.293001 410.479 0 0
1500 59.1788 42.1368 17.8216 0.0291597 0.623506 410.826 0 0
1500 110.453 -7.63743 17.8017 0.766177 -0.134214 410.402 0 0
1500 115.44 -12.9985 17.767 0.836743 -0.206412 410.378 0 0
1500 60.0598 -70.3689 17.7336 0.0712111 -1.04581 410.975 0 0
1500 83.8929 -63.3215 17.7262 0.409308 -0.953999 410.435 0 0
1500 80.4207 -9.20424 18.2191 0.453207 -0.164025 410.471 0 0
1500 74.481 28.9823 17.959 0.290627 0.494302 410.101 0 0
1500 92.1424 37.6789 17.8949 0.528227 0.618598 410.984 0 0
1500 84.1253 -47.4741 17.7462 0.456168 -0.700378 410.764 0 0
1500 23.0642 14.7697 17.7157 -0.589622 0.247466 410.162 0 0
1500 92.662 -33.1106 18.2122 0.647047 -0.525786 410.539 0 0
1500 67.0156 50.1319 17.9466 0.101374 0.804598 410.258 0 0
1500 107.917 -7.85676 18.0421 0.864989 -0.143977 410.647 0 0
1500 88.6055 35.3609 18.1433 0.52031 0.618199 410.889 0 0
1500 125.151 32.9758 17.8022 1.10708 0.542738 410.9 0 0
1500 77.8077 -3.69327 18.9668 0.502403 -0.0507781 411.673 0 0
1500 54.3349 -10.7663 18.1843 -0.00936774 -0.201083 411.521 0 0
1500 76.7427 3.96801 17.8841 0.315326 0.0846345 412.195 0 0
1500 59.8785 16.5913 17.8863 0.0942833 0.249776 412.27 0 0
1500 76.0765 -18.9993 17.8088 0.300905 -0.281273 411.928 0 0
1500 76.1991 57.6094 17.7391 0.222427 0.846251 412.212 0 0
1500 101.135 -5.71732 18.1815 0.712728 -0.11698 411.546 0 0
1500 69.7038 68.6902 17.773 0.131424 1.03029 411.093 0 0
1500 79.9434 5.22119 18.4054 0.434176 0.138417 411.057 0 0
1500 114.615 -13.5319 17.894 0.901701 -0.217434 411.187 0 0
1500 91.9656 28.7151 18.0414 0.509367 0.48488 411.053 0 0
1500 65.485 56.7541 17.8972 0.140269 0.889313 411.464 0 0
1500 63.3691 60.0471 17.9132 0.119946 0.930618 411.872 0 0
1500 79.1135 72.7072 17.8486 0.332243 1.11419 412.309 0 0
1500 77.6867 -25.103 18.1712 0.373155 -0.429144 411.84 0 0
1500 14.3182 9.13032 17.9339 -0.687933 0.121219 411.815 0 0
1500 84.7365 -20.9373 17.8209 0.460414 -0.359719 411.36 0 0
1500 85.5414 -18.4697 18.1634 0.455272 -0.351188 411.531 0 0
1500 92.0252 9.91305 17.7636 0.579338 0.129714 412.161 0 0
1500 104.522 2.44101 17.7844 0.718486 0.108444 412.101 0 0
1500 89.9601 -23.6024 17.8099 0.557659 -0.38453 411.835 0 0
1500 118.019 -108.693 17.7742 0.898755 -1.73647 412.19 0 0
1500 38.8347 -33.0374 18.1105 -0.338213 -0.531827 411.741 0 0
1500 71.2306 -44.8326 18.0319 0.160826 -0.73708 411.884 0 0
1500 62.9448 46.3107 17.8849 0.0466731 0.809466 411.601 0 0
1500 34.3212 -16.8907 17.9222 -0.462764 -0.284367 411.602 0 0
1500 95.2888 50.6078 18.0907 0.578527 0.908576 411.639 0 0
1500 67.978 10.7075 17.8786 0.140913 0.205834 412.587 0 0
1500 119.287 19.9663 17.9009 0.961283 0.299515 412.565 0 0
1500 83.9511 6.49548 18.4138 0.471907 0.0759132 412.852 0 0
1500 57.8593 -6.3238 18.0563 -0.00667869 -0.135177 412.981 0 0
1500 87.5207 15.1953 17.8447 0.457706 0.230124 412.826 0 0
1500 29.1174 38.3869 17.7585 -0.412326 0.578915 413.018 0 0
1500 87.9766 62.63 17.7912 0.446648 0.947991 413.183 0 0
1500 -0.405379 26.459 17.7923 -0.859381 0.452564 413.086 0 0
1500 67.8371 -60.3994 17.8419 0.19744 -0.930659 413.251 0 0
1500 167.396 -6.26109 17.745 1.65628 -0.106047 413.297 0 0
1500 96.1888 19.843 17.9699 0.650268 0.325962 413.277 0 0
1500 44.3597 10.5658 18.1625 -0.184586 0.22021 413.211 0 0
1500 91.7288 -28.0445 17.9031 0.503486 -0.486892 413.418 0 0
1500 32.2772 -19.7228 17.9038 -0.376652 -0.36666 412.939 0 0
1500 133.283 -2.98879 17.9194 1.21232 0.00316426 412.779 0 0
1500 32.8792 -4.37284 18.0843 -0.388533 -0.123692 412.88 0 0
1500 -1.47127 3.93281 17.7725 -0.973119 0.0424809 412.845 0 0
1500 69.1468 11.2171 17.8315 0.102264 0.195693 413.3 0 0
1500 21.661 53.8941 17.8428 -0.554726 0.91812 413.434 0 0
1500 42.0633 -31.9003 17.9525 -0.329577 -0.547438 412.865 0 0
1500 86.692 128.46 18.2416 0.501241 2.3095 412.893 0 0
1500 69.0985 -34.6326 18.165 0.268134 -0.660915 413.541 0 0
1500 43.2971 45.125 18.2376 -0.216016 0.874605 413.327 0 0
1500 82.7185 -52.0016 17.9044 0.365318 -0.828735 414.378 0 0
1500 110.664 -51.8067 17.7957 0.793157 -0.831088 414.286 0 0
1500 58.0493 -24.4195 18.0022 -0.0301802 -0.40981 413.82 0 0
1500 93.8824 27.7253 17.9754 0.551722 0.488724 413.679 0 0
1500 95.765 -11.8271 17.9692 0.651632 -0.14585 414.414 0 0
1500 48.8869 5.53132 17.8936 -0.132671 0.15913 413.781 0 0
1500 62.8143 38.4047 17.7937 0.140862 0.609811 414.288 0 0
1500 93.6335 1.98987 17.7939 0.6063 0.0603952 414.243 0 0
1500 32.1105 -40.8883 17.9183 -0.473817 -0.618024 413.757 0 0
1500 139.989 5.23053 18.0739 1.44116 0.0901363 413.843 0 0
1500 59.8347 9.26492 18.4098 0.0393064 0.262181 414.519 0 0
1500 52.3311 -43.0045 17.793 -0.0308131 -0.625648 414.58 0 0
1500 88.7619 14.2018 18.0794 0.557579 0.223818 414.635 0 0
1500 68.2304 16.8718 18.3747 0.222242 0.318264 414.701 0 0
1500 81.9659 -3.951 18.0175 0.436715 -0.00244562 414.614 0 0
1500 56.687 -5.58573 18.0336 -0.0553034 -0.0470284 414.665 0 0
1500 113.355 1.37733 18.2271 1.04184 0.0779964 414.631 0 0
1500 56.7551 -25.0891 17.9107 0.0346266 -0.385061 415.036 0 0
1500 63.4988 0.24565 18.0156 0.154023 0.0474574 414.905 0 0
1500 105.466 -46.8648 17.828 0.752325 -0.700823 414.908 0 0
1500 119.068 -39.6339 17.8166 0.925337 -0.62623 414.837 0 0
1500 106.041 -37.1671 17.7612 0.744976 -0.605919 415.229 0 0
1500 109.999 34.8297 17.7606 0.80641 0.45402 414.954 0 0
1500 65.1176 -56.3509 17.7604 0.144431 -0.893307 414.814 0 0
1500 78.1238 -53.2618 17.7605 0.336535 -0.847084 414.857 0 0
1500 40.6819 43.8775 17.9497 -0.289976 0.701536 415.058 0 0
1500 106.212 3.78879 17.7916 0.788735 0.0867344 414.871 0 0
1500 50.2939 26.3114 18.0226 -0.136452 0.450711 414.99 0 0
1500 61.1973 -7.72972 18.1324 0.0411888 -0.172193 415.232 0 0
1500 73.6104 -25.5391 17.8881 0.322318 -0.394917 415.052 0 0
1500 65.5771 -38.5047 17.854 0.0843854 -0.648192 415.308 0 0
1500 34.0815 2.02385 17.9648 -0.401462 -0.0175361 415.384 0 0
1500 47.2652 -20.424 17.7874 -0.119044 -0.371742 414.83 0 0
1500 40.0936 4.1768 18.1948 -0.32896 0.0418419 415.28 0 0
1500 15.4596 -0.528193 17.9344 -0.748342 -0.0658477 415.274 0 0
1500 85.9505 -32.2626 17.9611 0.514103 -0.477073 416.061 0 0
1500 75.5832 -15.7405 18.3211 0.303203 -0.266299 415.838 0 0
1500 105.828 20.3595 18.0835 0.790548 0.307443 415.98 0 0
1500 109.66 32.4977 17.9699 0.837686 0.499502 416.023 0 0
1500 125.535 8.04795 17.7642 1.0206 0.0579677 415.954 0 0
1500 118.676 28.9217 17.7624 0.92598 0.363514 415.574 0 0
1500 95.6463 46.2824 17.7911 0.62246 0.712874 415.757 0 0
1500 84.7734 -19.7287 18.1091 0.480774 -0.354575 415.676 0 0
1500 83.2577 -56.3865 17.7858 0.44703 -0.873984 415.429 0 0
1500 10.6655 -3.8104 17.8352 -0.780382 -0.0774205 415.808 0 0
1500 41.5464 19.1584 17.9785 -0.293492 0.326692 415.464 0 0
1500 26.9985 25.6099 17.8407 -0.532044 0.423269 415.579 0 0
1500 45.8075 8.4796 18.0968 -0.196401 0.185161 415.809 0 0
1500 95.2032 14.4046 17.8471 0.539168 0.288584 415.618 0 0
1500 83.5957 10.4433 17.9382 0.467083 0.114881 415.69 0 0
1500 93.5526 3.90081 17.9357 0.615535 0.015388 415.995 0 0
1500 88.9539 -26.3372 17.863 0.53715 -0.441692 415.975 0 0
1500 86.1523 -32.6582 17.8623 0.493882 -0.536425 416.091 0 0
1500 44.6996 -8.39037 18.024 -0.226019 -0.183876 415.826 0 0
1500 35.4686 12.0601 17.9183 -0.371868 0.246394 415.984 0 0
1500 86.4815 12.679 17.829 0.503727 0.231015 415.783 0 0
1500 54.1569 9.70016 17.8961 -0.0054716 0.212001 415.904 0 0
1500 71.3464 -73.3595 17.8411 0.274847 -1.17468 415.578 0 0
1500 80.5706 -1.33472 17.8885 0.381448 0.0515618 416.093 0 0
1500 7.16928 15.6418 17.9767 -0.866607 0.205153 415.916 0 0
1500 33.2608 -2.86268 17.9404 -0.48648 -0.0601198 415.673 0 0
1500 106.348 25.8126 18.0823 0.918945 0.467405 415.984 0 0
1500 72.1008 6.43303 18.8372 0.319449 0.16002 416.114 0 0
1500 61.5025 -66.8081 17.7652 0.0892323 -1.02786 416.134 0 0
1500 54.4611 28.1261 17.8306 -0.084979 0.502353 416.113 0 0
1500 30.4219 36.8675 17.9731 -0.456463 0.587784 416.253 0 0
1500 59.4798 -13.2472 17.9265 0.0457358 -0.279773 416.249 0 0
1500 38.4131 -42.5428 17.8295 -0.286087 -0.638043 416.469 0 0
1500 -7.04349 -20.7222 17.8319 -1.00184 -0.274543 416.653 0 0
1500 106.326 43.8498 17.8423 0.749234 0.696562 416.693 0 0
1500 109.774 -42.9015 17.793 0.822054 -0.597117 416.495 0 0
1500 105.516 -13.0026 18.106 0.780243 -0.251635 416.453 0 0
1500 29.434 -47.5282 17.9545 -0.422889 -0.776908 416.891 0 0
1500 105.144 13.9613 17.9559 0.788929 0.243074 416.767 0 0
1500 8.02275 -13.4578 17.8337 -0.820676 -0.217829 416.486 0 0
1500 67.895 25.9953 18.0205 0.102395 0.406532 416.683 0 0
1500 105.986 -18.9628 17.8154 0.763534 -0.221333 416.44 0 0
1500 0.70745 -3.99481 17.8169 -0.93733 -0.0222385 416.566 0 0
1500 101.042 4.98304 17.8866 0.706135 0.137307 416.87 0 0
1500 94.6889 -4.95834 17.8166 0.602997 -0.140012 416.465 0 0
1500 31.7339 27.0201 17.8466 -0.377265 0.486787 416.659 0 0
1500 93.389 -66.808 17.9043 0.627321 -1.04951 416.605 0 0
1500 125.449 3.09141 17.9095 1.10356 -0.0162189 416.549 0 0
1500 10.9349 -20.3631 18.0652 -0.836061 -0.3821 416.326 0 0
1500 104.841 -42.5135 18.1763 0.862081 -0.845791 416.625 0 0
1500 34.4607 53.2031 17.9753 -0.372447 0.842723 417.217 0 0
1500 5.22825 10.91 17.9941 -0.836897 0.158419 417.337 0 0
1500 102.05 21.914 18.3944 0.799424 0.34782 417.635 0 0
1500 68.5631 -14.5242 17.966 0.22273 -0.185411 417.278 0 0
1500 62.7633 -68.6936 17.7739 0.105849 -1.03882 417.222 0 0
1500 65.6419 69.5443 17.7974 0.175505 1.03248 417.317 0 0
1500 109.5 -39.9727 17.9303 0.80942 -0.632275 417.284 0 0
1500 15.3291 -48.1242 17.782 -0.629735 -0.786008 417.656 0 0
1500 86.0552 -10.0149 18.7195 0.607908 -0.133818 417.553 0 0
1500 14.7236 36.0136 17.8393 -0.627754 0.614804 417.68 0 0
1500 59.152 -1.18093 18.1396 -0.00140159 -0.0643462 417.09 0 0
1500 67.9578 -44.2907 17.7951 0.0786983 -0.710539 417.429 0 0
1500 63.9115 24.9699 17.8102 0.0772183 0.463127 417.249 0 0
1500 58.119 11.7 18.0641 -0.070565 0.197668 417.274 0 0
1500 80.8641 19.4003 18.1006 0.414827 0.429786 417.264 0 0
1500 10.2886 48.5673 17.8486 -0.694373 0.778351 418.132 0 0
1500 97.0105 12.8993 18.0574 0.601562 0.211178 417.886 0 0
1500 125.341 -12.8255 17.8039 1.02535 -0.154318 418.099 0 0
1500 71.0513 -31.7557 18.2868 0.237159 -0.560876 417.793 0 0
1500 80.4161 -16.5162 18.0978 0.350708 -0.32548 418.018 0 0
1500 96.3209 16.6871 17.8447 0.652733 0.327644 417.782 0 0
1500 28.6347 27.2844 18.1926 -0.486392 0.551362 417.949 0 0
1500 102.768 -123.623 18.023 0.780466 -2.23547 418.075 0 0
1500 57.6675 12.8725 18.1013 0.0682495 0.219964 419.04 0 0
1500 82.6099 63.6025 17.8077 0.413511 0.93136 418.461 0 0
1500 68.3295 -67.8893 17.8559 0.11993 -1.0398 418.642 0 0
1500 40.8298 64.9374 17.8427 -0.274802 1.01038 418.64 0 0
1500 98.5874 51.511 17.812 0.632829 0.820028 418.407 0 0
1500 109.434 42.1822 17.8099 0.824516 0.612423 418.738 0 0
1500 38.1534 61.4644 17.874 -0.259869 0.977398 418.689 0 0
1500 117.618 -23.0452 17.8306 0.958433 -0.342674 418.845 0 0
1500 81.7487 59.0829 17.8362 0.375354 0.945373 418.874 0 0
1500 89.1965 51.5574 17.8016 0.52079 0.823494 419.194 0 0
1500 97.7975 40.1205 17.7974 0.588304 0.682089 418.721 0 0
1500 62.7461 -31.8735 17.9889 0.0943775 -0.563258 418.316 0 0
1500 71.0861 35.3387 18.0085 0.167849 0.591043 418.609 0 0
1500 53.3145 -14.0772 18.1146 -0.10917 -0.197543 418.632 0 0
1500 73.8685 -12.6848 17.8378 0.303293 -0.145262 418.674 0 0
1500 60.1201 -5.1742 17.9775 0.0534776 -0.157414 418.54 0 0
1500 45.2896 55.2951 17.8338 -0.128276 0.891339 418.789 0 0
1500 124.636 25.8046 18.1155 1.12396 0.454446 419.104 0 0
1500 115.122 39.7812 18.0459 0.965603 0.688357 418.708 0 0
1500 117.964 -18.9149 17.9997 1.05177 -0.339999 419.175 0 0
1500 84.2464 41.8788 18.3676 0.533686 0.862425 418.933 0 0
1500 27.7889 60.8828 17.8453 -0.491983 0.905345 419.353 0 0
1500 67.2001 3.51736 18.2471 0.212903 -0.000604464 419.352 0 0
1500 25.4167 19.7109 18.1067 -0.531203 0.316811 419.275 0 0
1500 126.416 -20.5279 17.9637 1.14561 -0.297953 419.358 0 0
1500 121.091 -11.4508 17.9915 1.02718 -0.257404 419.316 0 0
1500 30.9552 45.3253 17.8678 -0.445221 0.657957 420.886 0 0
1500 68.9799 -28.371 17.9455 0.229751 -0.412133 421.376 0 0
1500 119.496 -9.43643 18.0739 1.00682 -0.140924 420.395 0 0
1500 41.5493 -30.5192 18.2201 -0.269113 -0.483029 419.554 0 0
1500 119.746 25.5467 18.161 1.03888 0.435646 421.639 0 0
1500 116.24 -13.6765 17.8702 0.878126 -0.236957 420.826 0 0
1500 112.935 -13.9424 17.9099 0.844479 -0.201436 420.835 0 0
1500 91.1743 -43.5761 17.8844 0.527245 -0.649048 421.427 0 0
1500 80.6044 2.60721 18.3469 0.396863 0.0522432 421.347 0 0
1500 44.0759 -14.6549 17.9971 -0.219827 -0.238476 419.919 0 0
1500 45.5897 -20.4572 17.8615 -0.200958 -0.336279 420.155 0 0
1500 55.5916 -11.6693 17.835 0.00327343 -0.21313 420.995 0 0
1500 86.3727 -15.5343 17.8503 0.449374 -0.184759 421.213 0 0
1500 81.4211 38.952 17.84 0.384588 0.563787 420.669 0 0
1500 90.7696 -27.9143 17.9346 0.535617 -0.409942 420.65 0 0
1500 104.08 -25.7433 17.9213 0.732327 -0.385642 419.544 0 0
1500 83.414 -56.4848 17.7962 0.402155 -0.853793 420.282 0 0
1500 32.2828 59.5877 17.8535 -0.390467 0.912613 420.148 0 0
1500 51.3126 67.553 17.8168 -0.0604483 1.03856 419.525 0 0
1500 115.559 34.1038 17.8192 0.863419 0.552455 419.877 0 0
1500 124.507 -10.812 17.8262 1.0209 -0.120784 419.924 0 0
1500 78.0617 -63.4369 17.911 0.31441 -0.99749 419.747 0 0
1500 39.6037 35.1366 17.9649 -0.282815 0.57028 420.592 0 0
1500 56.9189 38.7712 17.9629 -0.0329891 0.628671 419.944 0 0
1500 121.168 11.7099 17.8683 0.977212 0.147694 421.387 0 0
1500 53.7235 67.0732 17.8506 -0.107681 1.01728 421.003 0 0
1500 -7.85226 2.93501 17.8584 -1.03557 0.0260128 419.595 0 0
1500 83.066 9.37905 18.6214 0.534404 0.178887 419.903 0 0
1500 116.266 0.865225 18.075 0.967425 0.00998374 419.838 0 0
1500 84.9383 66.2087 17.8956 0.467988 1.02749 419.724 0 0
1500 93.0956 -48.9463 17.8606 0.529168 -0.78775 421.038 0 0
1500 12.0555 -40.5462 17.9035 -0.750102 -0.595219 419.617 0 0
1500 118.74 -27.336 17.8852 0.971388 -0.377098 420.863 0 0
1500 55.568 -56.0544 17.7951 -0.0179951 -0.891653 421.157 0 0
1500 112.046 -2.13252 17.8062 0.886876 -0.0643645 419.46 0 0
1500 61.6521 22.6129 18.1764 0.0248844 0.35028 419.442 0 0
1500 81.1205 59.1473 17.8406 0.410386 0.923601 420.877 0 0
1500 111.132 -33.5895 17.8418 0.863096 -0.463639 420.523 0 0
1500 84.9084 11.9587 18.2249 0.528865 0.209757 420.089 0 0
1500 39.7334 43.1814 17.9665 -0.283409 0.72813 419.878 0 0
1500 36.8081 -5.63358 18.2025 -0.351108 -0.0835517 420.104 0 0
1500 121.238 -2.05784 17.8143 1.01571 -0.0924526 419.675 0 0
1500 101.298 9.49914 18.1415 0.75805 0.102331 421.135 0 0
1500 69.3321 -28.3998 18.1488 0.278229 -0.474289 420.497 0 0
1500 110.55 -3.56621 17.8273 0.848275 0.00674434 420.41 0 0
1500 72.9884 13.7098 18.2283 0.26607 0.284032 420.708 0 0
1500 51.8543 -33.5711 17.8497 -0.13534 -0.586853 420.127 0 0
1500 46.8026 -28.0528 18.0388 -0.160609 -0.507317 421.113 0 0
1500 95.2697 -29.9701 17.957 0.603187 -0.547696 420.056 0 0
1500 76.2157 -44.6491 17.8465 0.220722 -0.734431 421.493 0 0
1500 94.4642 22.6058 17.9032 0.547604 0.421936 421.523 0 0
1500 49.6214 12.7176 17.9486 -0.131254 0.274437 421.008 0 0
1500 42.0796 60.2155 18.118 -0.251989 1.00206 421.188 0 0
1500 21.6597 53.1746 17.9491 -0.60015 0.919348 419.677 0 0
1500 -11.3794 -50.0939 17.9323 -1.13668 -0.825799 421.091 0 0
1500 136.111 22.0852 18.0557 1.3361 0.390259 420.664 0 0
1500 111.249 -32.5218 17.9638 0.880631 -0.591369 420.867 0 0
1500 83.4179 -66.4314 17.9693 0.462001 -1.13595 420.726 0 0
1500 113.022 -26.188 18.0224 0.968242 -0.375168 420.804 0 0
1500 135.741 18.7164 17.9615 1.32658 0.298982 421.578 0 0
1500 95.0251 -112.826 17.9332 0.675697 -1.89111 420.044 0 0
1500 102.231 -21.9821 17.9895 0.718166 -0.444488 419.532 0 0
1500 131.66 -30.2846 17.9495 1.29257 -0.481263 420.99 0 0
1500 38.906 38.2338 17.9712 -0.393618 0.617041 421.316 0 0
1500 69.474 -43.5823 18.0509 0.166453 -0.805902 420.744 0 0
1500 100.51 56.042 17.8105 0.63663 0.847564 421.695 0 0
1500 40.0193 62.4627 17.8902 -0.279695 0.959714 421.735 0 0
1500 4.87477 -31.8802 17.7963 -0.830324 -0.487031 421.914 0 0
1500 119.209 31.0915 17.7985 0.872639 0.521719 421.727 0 0
1500 106.404 -12.7925 18.041 0.808047 -0.252251 421.751 0 0
1500 57.6833 -48.9779 17.8124 0.0578415 -0.786586 422.089 0 0
1500 90.1326 17.4542 17.8862 0.553995 0.327728 421.784 0 0
1500 98.8433 -18.8738 17.8831 0.685986 -0.233006 422.037 0 0
1500 78.6284 -22.1917 17.8491 0.396646 -0.324926 421.882 0 0
1500 64.0739 59.4631 17.9904 0.164398 0.993743 422.031 0 0
1500 168.451 -35.3684 17.9746 1.95492 -0.560308 422.096 0 0
1500 109.301 -42.4641 17.8184 0.756805 -0.68792 422.439 0 0
1500 4.01519 17.3662 17.9668 -0.859468 0.305952 422.414 0 0
1500 69.8365 50.121 17.8962 0.166423 0.837472 422.178 0 0
1500 64.0209 -41.0389 17.9659 0.0571799 -0.686358 422.352 0 0
1500 48.9734 7.06467 18.1183 -0.14487 0.0442666 422.324 0 0
1500 86.0084 33.9915 17.8316 0.489102 0.574779 422.46 0 0
1500 87.0766 22.4354 17.8493 0.48189 0.418977 422.488 0 0
1500 72.2337 21.9429 18.3697 0.2243 0.385834 422.481 0 0
1500 99.7689 3.19696 18.6982 0.769084 0.10401 422.888 0 0
1500 99.2535 16.4751 18.6967 0.759679 0.29709 423.057 0 0
1500 38.9665 -0.491828 18.0871 -0.287987 0.026628 422.653 0 0
1500 81.0107 2.89356 18.0027 0.39183 0.0711751 423.071 0 0
1500 75.5969 4.66557 17.9086 0.303099 0.0249226 422.926 0 0
1500 86.2399 -3.51792 17.9041 0.450375 -0.0874429 422.679 0 0
1500 87.8685 -26.2824 17.8897 0.480757 -0.396779 422.677 0 0
1500 89.8 31.404 17.9095 0.49119 0.493703 422.818 0 0
1500 35.5716 43.7291 17.8447 -0.293861 0.680571 423.04 0 0
1500 93.5439 39.9829 17.8134 0.489461 0.635266 423.375 0 0
1500 75.1525 63.4388 17.8441 0.311098 0.956418 423.066 0 0
1500 2.99578 42.1125 17.8002 -0.817692 0.683929 423.343 0 0
1500 116.33 -27.1598 17.9329 0.953455 -0.38273 423.282 0 0
1500 120.139 -10.5159 18.0168 1.01735 -0.189339 423.237 0 0
1500 86.6604 22.6101 18.2961 0.545941 0.395033 422.632 0 0
1500 97.4581 47.4645 17.8899 0.5803 0.786776 423.026 0 0
1500 119.012 7.3287 17.8345 0.956097 0.17895 423.027 0 0
1500 63.5836 27.7863 18.3268 0.159855 0.495784 422.933 0 0
1500 87.2957 50.8578 17.9299 0.526874 0.790841 423.281 0 0
1500 50.4295 -50.7732 17.9594 -0.15013 -0.82817 422.954 0 0
1500 53.5397 -54.3937 17.9573 -0.102441 -0.88008 423.191 0 0
1500 110.119 43.4446 17.8312 0.855858 0.620625 423.288 0 0
1500 42.5843 -32.2529 17.9174 -0.232777 -0.570198 422.841 0 0
1500 61.2083 41.9409 17.9872 0.0790411 0.717982 423.19 0 0
1500 70.6155 48.108 17.8411 0.224233 0.807654 423.222 0 0
1500 77.9328 38.3399 17.8084 0.339069 0.661159 422.695 0 0
1500 19.4527 14.5608 17.8595 -0.669398 0.229404 423.374 0 0
1500 38.865 32.3047 17.8626 -0.371141 0.50518 423.132 0 0
1500 72.1092 -44.6766 17.8525 0.265019 -0.764659 423.112 0 0
1500 35.7859 26.3547 18.0146 -0.319143 0.499002 422.71 0 0
1500 42.1494 -45.8069 18.2285 -0.249125 -0.871182 423.031 0 0
1500 60.0477 -17.9363 17.8497 0.0651212 -0.305496 423.592 0 0
1500 60.9082 18.2273 17.8788 0.0623758 0.317636 423.778 0 0
1500 76.6559 47.8064 17.8143 0.250446 0.7451 423.448 0 0
1500 56.9412 -59.8597 17.8254 -0.00328695 -0.92686 423.45 0 0
1500 122.988 9.69748 17.8961 1.02853 0.189991 423.625 0 0
1500 103.962 41.0374 17.8696 0.74556 0.672276 423.714 0 0
1500 73.9548 -46.7326 18.0225 0.312515 -0.76997 423.72 0 0
1500 48.2461 57.5616 17.8272 -0.0864257 0.919452 423.646 0 0
1500 112.871 16.9199 17.7998 0.866758 0.325626 423.602 0 0
1500 8.38776 -14.8026 17.9081 -0.81044 -0.182417 423.72 0 0
1500 65.7833 -53.7291 17.875 0.0543356 -0.850988 423.775 0 0
1500 69.3025 40.2111 17.926 0.234629 0.677025 423.484 0 0
1500 131.335 3.74586 18.254 1.2932 0.0718935 423.954 0 0
1500 88.9718 4.75845 18.0589 0.607817 0.131402 423.556 0 0
1500 102.78 21.96 17.9056 0.703679 0.33274 424.036 0 0
1500 92.2889 -41.4683 17.9339 0.524869 -0.648702 424.101 0 0
1500 53.8108 64.8825 17.8183 -0.00716445 1.02228 424.289 0 0
1500 73.5524 59.3515 17.8239 0.296377 0.939416 424.155 0 0
1500 59.1344 -52.3749 17.9704 0.0660328 -0.864274 424.037 0 0
1500 90.571 -35.3377 17.9496 0.576864 -0.579281 424.118 0 0
1500 91.2432 7.60599 18.1335 0.621693 0.127318 424.263 0 0
1500 31.6463 -19.9113 17.8862 -0.470557 -0.328843 424.246 0 0
1500 84.9023 -18.045 17.8304 0.48877 -0.251318 424.202 0 0
1500 43.8429 69.7 17.9131 -0.162348 1.1458 424.194 0 0
1500 150.492 -11.2034 17.8317 1.5088 -0.113452 424.252 0 0
1500 105.395 -50.4798 18.1708 0.9254 -0.912088 424.202 0 0
1500 78.9887 -24.7931 17.854 0.258411 -0.407659 426.925 0 0
1500 90.5534 17.8744 18.1598 0.508973 0.309351 424.872 0 0
1500 56.2156 20.0542 18.2563 -0.0331595 0.303607 424.564 0 0
1500 66.695 16.4804 17.9083 0.183763 0.260101 425.163 0 0
1500 82.3472 -27.6794 17.948 0.349558 -0.453543 424.494 0 0
1500 79.6503 -3.29002 18.4399 0.430136 -0.0457543 426.726 0 0
1500 79.6469 23.3297 17.8478 0.360632 0.352604 426.698 0 0
1500 110.505 -30.0226 17.8944 0.819552 -0.473383 424.876 0 0
1500 83.9522 16.9933 17.9793 0.373639 0.306168 427.055 0 0
1500 78.9961 34.2115 17.8365 0.328698 0.545805 426.576 0 0
1500 49.5222 -29.1338 17.9454 -0.125521 -0.477262 427.151 0 0
1500 38.7237 -13.347 17.9482 -0.276415 -0.254426 427.393 0 0
1500 76.0932 53.5657 17.8984 0.314448 0.817676 426.234 0 0
1500 1.7207 -29.219 17.8355 -0.872752 -0.468271 425.463 0 0
1500 55.3833 39.9474 18.0326 -0.00318812 0.660845 425.5 0 0
1500 115.989 -5.09681 18.0166 0.939982 -0.13679 424.439 0 0
1500 106.284 36.7373 17.826 0.755631 0.571449 427.223 0 0
1500 64.7451 64.3907 17.8237 0.157023 0.975992 426.836 0 0
1500 126.196 4.82465 17.7931 1.03876 0.137225 425.563 0 0
1500 95.9901 -4.66188 17.8397 0.59724 0.000940236 424.675 0 0
1500 39.9334 58.5704 17.9006 -0.323819 0.924347 424.699 0 0
1500 3.19528 29.9612 17.8453 -0.896164 0.454848 425.122 0 0
1500 -7.1227 7.22763 17.844 -1.02197 0.110007 427.028 0 0
1500 5.05841 -39.3255 17.8433 -0.860602 -0.581437 425.706 0 0
1500 116.034 36.6495 17.9826 0.948346 0.596599 425.386 0 0
1500 117.121 11.3974 18.1168 0.986921 0.179784 426.21 0 0
1500 80.8211 57.8235 17.8539 0.304613 0.933904 425.071 0 0
1500 116.247 31.0545 17.798 0.921164 0.444621 427.174 0 0
1500 79.6062 86.7454 17.8276 0.372618 1.33301 426.831 0 0
1500 -18.8243 6.55585 17.815 -1.17936 0.175843 424.777 0 0
1500 103.946 -23.6028 18.3029 0.788822 -0.41104 426.577 0 0
1500 103.929 -17.7418 18.4087 0.802631 -0.32049 426.966 0 0
1500 116.295 16.1845 17.9312 0.959423 0.27617 425.875 0 0
1500 13.0148 -22.8231 17.9007 -0.740949 -0.303041 424.828 0 0
1500 50.9877 58.0367 17.8155 -0.0384813 0.913646 425.586 0 0
1500 16.9177 8.30718 17.8284 -0.673326 0.196862 424.629 0 0
1500 124.644 21.5399 17.8349 1.05844 0.374168 426.817 0 0
1500 78.5334 -29.8045 17.8262 0.387948 -0.432037 424.613 0 0
1500 64.822 -70.1133 17.8119 0.175366 -1.11236 425.014 0 0
1500 54.1114 -10.7905 17.8534 -0.0672406 -0.247078 424.495 0 0
1500 57.4188 -36.3606 17.8437 -0.0152718 -0.640862 425.168 0 0
1500 55.4896 -30.854 17.8464 -0.0453216 -0.557291 424.961 0 0
1500 47.3356 -26.1889 17.8478 -0.172376 -0.485459 424.867 0 0
1500 28.089 -57.9442 17.8248 -0.451713 -0.937653 427.767 0 0
1500 13.7143 5.02548 17.867 -0.749256 0.108903 425.662 0 0
1500 90.2763 32.5715 17.8356 0.458277 0.569147 425.736 0 0
1500 75.0906 37.8861 17.9118 0.331218 0.632739 426.107 0 0
1500 89.6378 9.52568 18.4691 0.63122 0.111156 427.124 0 0
1500 79.9143 60.5013 17.9582 0.425892 0.979501 425.271 0 0
1500 111.499 -12.994 17.8658 0.877828 -0.244491 426.996 0 0
1500 78.238 29.2403 18.1189 0.413388 0.482518 426.896 0 0
1500 72.0079 25.3442 18.1222 0.319557 0.424703 426.644 0 0
1500 97.1463 7.66113 17.9672 0.660122 0.0528792 426.514 0 0
1500 95.5332 14.3373 17.8312 0.648422 0.185974 426.114 0 0
1500 4.32287 -0.209927 17.9134 -0.887086 -0.0268704 426.877 0 0
1500 49.1209 -28.7166 17.9929 -0.13724 -0.517543 426.754 0 0
1500 64.0859 -8.05774 17.9657 0.0324288 -0.126802 426.823 0 0
1500 67.7446 25.4562 17.9617 0.0890785 0.393816 427.084 0 0
1500 24.5281 -17.1993 17.955 -0.577285 -0.266168 427.566 0 0
1500 23.2263 -25.6893 18.0487 -0.611203 -0.461092 424.488 0 0
1500 118.631 15.3599 17.8275 0.966187 0.317053 426.747 0 0
1500 5.83534 -12.3088 17.8871 -0.89428 -0.135398 425.225 0 0
1500 54.2904 -24.5071 17.8231 -0.129347 -0.421941 427.383 0 0
1500 98.4524 6.0814 18.5248 0.800355 0.151366 425.327 0 0
1500 42.5783 33.1957 17.9228 -0.188683 0.59391 425.86 0 0
1500 91.8076 -46.2113 18.113 0.533318 -0.800054 427.548 0 0
1500 35.8436 -24.4559 18.2174 -0.411966 -0.381729 425.893 0 0
1500 49.1491 38.578 17.921 -0.232993 0.649674 426.402 0 0
1500 99.5454 -24.0779 18.1356 0.690892 -0.481624 426.479 0 0
1500 84.2286 25.1212 18.5272 0.586875 0.542489 425.17 0 0
1500 69.5331 15.1559 18.0414 0.197415 0.285165 428.107 0 0
1500 74.7892 40.036 17.8107 0.266517 0.63063 428.517 0 0
1500 54.9625 -65.5826 17.8064 -0.0795516 -1.02617 428.134 0 0
1500 41.0661 -64.2628 17.9004 -0.275006 -1.01156 428.322 0 0
1500 111.476 -41.4951 17.8245 0.78761 -0.689754 428.039 0 0
1500 114.917 -20.7168 18.0543 0.920249 -0.369411 428.327 0 0
1500 109.7 -35.8134 17.9404 0.840186 -0.58341 428.346 0 0
1500 119.429 25.9988 17.859 0.978456 0.341365 428.335 0 0
1500 116.026 -3.00884 18.0059 0.967754 -0.0411197 428.28 0 0
1500 18.8152 -40.0297 17.9783 -0.592728 -0.678209 428.083 0 0
1500 30.8761 -47.1865 17.9789 -0.410831 -0.787331 428.007 0 0
1500 141.409 -25.6954 17.8211 1.30784 -0.325551 428.444 0 0
1500 119.625 2.84664 17.9949 1.00198 0.113119 428.145 0 0
1500 49.6383 -17.365 17.9178 -0.128487 -0.343798 428.073 0 0
1500 51.4467 -4.69286 17.959 -0.139553 -0.135451 428.589 0 0
1500 121.13 -3.54256 18.081 1.07084 -0.129801 428.119 0 0
1500 9.85018 41.0566 18.1102 -0.846397 0.662517 428.022 0 0
1500 100.854 -42.9232 17.8199 0.619247 -0.690257 428.992 0 0
1500 79.2109 -55.1202 17.8204 0.307189 -0.865118 429.059 0 0
1500 -8.97967 -4.43948 17.8349 -1.04627 -0.0235469 429.004 0 0
1500 105.05 46.1431 17.903 0.733119 0.748801 428.967 0 0
1500 55.7657 65.4507 17.8972 -0.0662941 1.03749 429.044 0 0
1500 69.1897 -14.2477 17.9867 0.24734 -0.2756 429.002 0 0
1500 63.2593 -8.67244 17.8262 0.12329 -0.201805 429.062 0 0
1500 66.1683 -8.16101 18.3436 0.0789532 -0.200903 429.094 0 0
1500 107.678 9.68101 17.9732 0.768103 0.158159 429.24 0 0
1500 100.817 -15.535 17.988 0.675606 -0.262878 429.54 0 0
1500 87.7 -59.5778 17.8761 0.507283 -0.90015 429.171 0 0
1500 50.8904 66.1449 17.9279 -0.117749 1.04165 429.157 0 0
1500 109.892 -40.1561 17.8589 0.822182 -0.633385 429.494 0 0
1500 121.861 -13.4663 18.0015 1.02948 -0.192963 429.945 0 0
1500 116.87 -25.1528 17.9061 0.948645 -0.413949 429.97 0 0
1500 85.6972 -59.6467 17.824 0.375614 -0.956813 429.729 0 0
1500 59.806 -62.7234 17.8674 0.0840344 -0.997087 429.727 0 0
1500 126.84 25.5884 17.8676 1.10461 0.43331 429.76 0 0
1500 36.628 51.5686 18.0087 -0.367507 0.811353 429.828 0 0
1500 93.7517 -10.7007 18.0572 0.642782 -0.12599 429.337 0 0
1500 39.6251 4.55038 18.2096 -0.271766 0.135626 429.333 0 0
1500 91.645 -28.5687 17.8846 0.521018 -0.516593 429.248 0 0
1500 98.1104 28.7313 17.8189 0.690779 0.443463 429.51 0 0
1500 106.662 -7.29691 17.9587 0.821174 -0.0684747 430.098 0 0
1500 69.9654 -37.8164 17.9121 0.222994 -0.653794 429.622 0 0
1500 80.0725 -27.2446 17.848 0.287592 -0.476106 429.354 0 0
1500 75.3972 -159.841 17.847 0.305193 -2.5378 429.839 0 0
1500 3.12303 -24.7078 17.8405 -0.839631 -0.46179 429.576 0 0
1500 113.085 29.3121 17.915 0.88287 0.54773 429.573 0 0
1500 40.3578 -23.1541 17.9985 -0.336371 -0.407817 429.931 0 0
1500 80.8386 -53.0811 17.8328 0.321887 -0.833088 430.353 0 0
1500 -8.55036 -1.0746 17.9359 -1.04332 -0.0170731 430.273 0 0
1500 16.1754 -29.3563 17.83 -0.701119 -0.496375 430.213 0 0
1500 104.163 -6.65161 18.0594 0.74529 -0.10137 431.096 0 0
1500 41.4207 -1.89072 18.0252 -0.24543 -0.0846799 432.199 0 0
1500 22.2333 -19.9194 17.8444 -0.510409 -0.3514 431.522 0 0
1500 95.9434 -26.4964 17.8417 0.531493 -0.445693 431.286 0 0
1500 9.76031 25.6184 17.8024 -0.755414 0.330148 430.664 0 0
1500 36.6599 0.768747 17.8473 -0.335036 0.0709066 432.386 0 0
1500 78.4005 -12.446 17.8261 0.345244 -0.207734 432.385 0 0
1500 119.023 -6.14419 17.8638 0.94017 -0.132991 430.637 0 0
1500 73.4253 -5.29343 18.1274 0.30719 -0.0401192 433.887 0 0
1500 118.479 13.323 17.8187 0.935949 0.158756 430.795 0 0
1500 82.2198 24.1616 17.8793 0.412942 0.35458 432.752 0 0
1500 41.0486 -30.0404 17.9927 -0.236871 -0.486744 433.574 0 0
1500 60.1509 -25.6816 17.9958 0.029723 -0.424464 433.815 0 0
1500 26.0077 -42.3474 17.9089 -0.463553 -0.670082 432.541 0 0
1500 48.6836 -55.498 17.8322 -0.170761 -0.85611 432.741 0 0
1500 1.74055 -35.2428 17.8228 -0.870272 -0.584181 430.566 0 0
1500 71.4578 -35.747 18.0206 0.201915 -0.568803 434.583 0 0
1500 57.8149 -50.2075 17.926 0.0108977 -0.781747 433.69 0 0
1500 42.2683 -65.3045 17.7977 -0.30067 -1.00422 430.915 0 0
1500 48.131 -66.8377 17.798 -0.212673 -1.02142 431.28 0 0
1500 61.5598 -61.0095 17.8408 0.0409871 -0.951416 432.911 0 0
1500 -2.47702 4.78126 17.8521 -0.983593 0.0731331 430.527 0 0
1500 -8.1716 2.606 17.8485 -1.04742 0.0395144 431.921 0 0
1500 120.017 -6.845 17.8092 1.00594 -0.100949 430.894 0 0
1500 58.2694 61.5887 17.8436 -0.0374655 0.989531 431.017 0 0
1500 120.163 -7.33704 17.9067 1.01278 -0.0952064 431.625 0 0
1500 72.8713 -48.652 17.9078 0.246618 -0.75591 435.186 0 0
1500 92.2563 -56.2037 17.8948 0.542212 -0.897112 432.508 0 0
1500 79.3516 -62.3532 17.8952 0.349251 -0.980316 433.026 0 0
1500 86.457 41.7464 18.2033 0.500273 0.696412 431.49 0 0
1500 99.3096 -54.7129 17.8922 0.6889 -0.828534 432.607 0 0
1500 -2.53843 -20.0173 17.8228 -0.937434 -0.335472 433.708 0 0
1500 23.3879 -45.9766 17.8255 -0.585707 -0.74443 430.772 0 0
1500 -8.38883 7.39332 17.8199 -1.04477 0.0641823 432.237 0 0
1500 11.8298 -24.6487 17.8319 -0.71536 -0.395416 434.987 0 0
1500 118.153 -32.0547 17.8096 0.964333 -0.432487 431.449 0 0
1500 98.2355 22.5089 17.8858 0.665626 0.40986 430.931 0 0
1500 100.703 -11.9984 18.0863 0.755962 -0.195835 431.699 0 0
1500 95.428 22.3233 18.3583 0.696376 0.364662 432.777 0 0
1500 87.8104 3.10939 18.3692 0.594252 0.0377559 432.343 0 0
1500 95.8914 -4.02298 17.9515 0.650101 -0.1186 431.551 0 0
1500 91.5837 0.252964 17.9393 0.584041 0.0608418 431.383 0 0
1500 84.482 -10.7119 17.9817 0.490581 -0.209935 431.511 0 0
1500 61.8165 -38.7905 17.9776 0.139928 -0.640508 431.816 0 0
1500 108.996 -38.3526 17.9598 0.834413 -0.611331 434.205 0 0
1500 110.799 -21.6029 17.9645 0.874445 -0.36862 433.179 0 0
1500 66.4627 -23.7701 17.9836 0.212776 -0.412441 431.376 0 0
1500 122.407 -12.6797 17.9594 1.01703 -0.227106 435.28 0 0
1500 80.9075 -58.0115 18.0059 0.358146 -0.938282 434.05 0 0
1500 107.054 21.3831 18.1676 0.851162 0.332971 434.047 0 0
1500 84.1892 -54.2466 17.871 0.433089 -0.884725 433.547 0 0
1500 101.494 19.2486 18.3533 0.77394 0.337199 434.232 0 0
1500 116.786 -27.102 17.9928 0.963056 -0.397988 435.149 0 0
1500 107.204 -32.0494 17.9972 0.835523 -0.478884 434.029 0 0
1500 97.9768 -15.4469 18.0075 0.709661 -0.233995 432.85 0 0
1500 144.155 -26.491 17.8193 1.32788 -0.488971 432.099 0 0
1500 72.5574 -16.3034 17.9612 0.315505 -0.279544 431.925 0 0
1500 54.0468 59.6388 17.9042 -0.0490016 0.973166 434.693 0 0
1500 98.0327 13.9534 17.9174 0.627116 0.291814 433.222 0 0
1500 143.326 -54.9872 17.8369 1.35307 -0.927936 432.593 0 0
1500 58.709 12.5722 17.878 -0.0286604 0.261725 432.311 0 0
1500 36.5277 -55.6584 17.809 -0.354308 -0.912621 434.488 0 0
1500 72.5664 -4.27229 18.244 0.352202 -0.0745764 434.263 0 0
1500 107.986 -18.6244 17.8292 0.826714 -0.240485 434.197 0 0
1500 47.3382 21.9343 17.9114 -0.235063 0.336742 433.139 0 0
1500 71.8676 9.53474 17.9386 0.299686 0.118224 433.217 0 0
1500 89.8837 33.0321 17.8891 0.573124 0.512663 434.26 0 0
1500 22.3359 40.4104 17.8542 -0.571736 0.685418 435.216 0 0
1500 6.8284 18.9022 17.8546 -0.808681 0.357876 435.167 0 0
1500 78.6266 -6.47725 17.845 0.333157 -0.178629 433.884 0 0
1500 96.4538 -8.98729 17.9198 0.627881 -0.221251 433.117 0 0
1500 77.7332 -0.554191 17.8346 0.362827 -0.0631084 434.404 0 0
1500 29.1011 -27.2721 18.0082 -0.498793 -0.459148 434.853 0 0
1500 44.7101 9.74973 17.9251 -0.222704 0.225428 435.29 0 0
1500 41.3543 15.7737 17.8214 -0.249207 0.323559 435.328 0 0
1500 108.66 31.5669 17.906 0.833482 0.605992 431.996 0 0
1500 69.3912 51.7386 18.2867 0.208902 0.931371 432.638 0 0
1500 122.659 -1.48901 18.2482 1.15451 -0.0878414 433.409 0 0
1500 67.4829 79.2463 18.2081 0.175009 1.39583 433.681 0 0
1500 63.246 -30.5126 18.1648 0.0381385 -0.584583 431.708 0 0
1500 136.401 -9.99353 18.0597 1.37162 -0.215328 435.171 0 0
1500 139.596 -11.7884 17.9751 1.44502 -0.169361 434.565 0 0
1500 73.8594 10.7063 18.2769 0.210196 0.195966 431.364 0 0
1500 37.7361 10.7876 18.0522 -0.41375 0.149767 434.73 0 0
1500 87.6645 -14.9232 18.5003 0.543429 -0.237355 435.44 0 0
1500 121.137 -20.3518 17.905 0.968121 -0.359665 435.428 0 0
1500 -1.90328 -23.9574 17.8867 -0.96026 -0.361948 435.891 0 0
1500 120.21 -3.34719 17.9129 1.01031 -0.0790376 435.885 0 0
1500 110.383 26.4419 17.8797 0.873247 0.404696 435.351 0 0
1500 98.3971 -57.3711 17.9123 0.609688 -0.94717 435.653 0 0
1500 90.1329 -19.5769 18.0312 0.5939 -0.308291 435.62 0 0
1500 70.7361 -52.6531 17.8123 0.117495 -0.824811 435.531 0 0
1500 108.786 10.2826 17.8135 0.817 0.0921368 435.657 0 0
1500 69.9959 -8.50904 17.9205 0.167825 -0.205245 435.693 0 0
1500 120.394 -26.7125 17.8718 1.03143 -0.359803 435.797 0 0
1500 79.8209 42.3598 18.3582 0.389325 0.779859 435.623 0 0
1500 41.6322 -21.3989 17.8451 -0.285515 -0.34339 436.144 0 0
1500 25.9455 -4.35126 18.0053 -0.487445 -0.102989 436.195 0 0
1500 63.6942 39.1021 17.9596 0.121496 0.613189 437.269 0 0
1500 38.1526 52.8682 17.9041 -0.310829 0.81551 436.868 0 0
1500 67.8055 4.1314 18.2596 0.199647 -0.00867128 441.01 0 0
1500 70.936 37.7419 18.0418 0.18222 0.592931 438.56 0 0
1500 6.25504 20.0692 17.8246 -0.794709 0.335777 437.553 0 0
1500 88.2966 59.2899 17.9223 0.453765 0.944697 436.122 0 0
1500 78.5171 58.7873 17.9269 0.303492 0.917505 437.591 0 0
1500 58.0193 9.9312 17.9295 0.00998668 0.207728 440.151 0 0
1500 69.8823 61.5441 17.9041 0.181466 0.959836 437.601 0 0
1500 41.4059 34.1421 17.9209 -0.223166 0.549537 439.5 0 0
1500 106.883 46.196 17.9001 0.728195 0.751907 436.36 0 0
1500 97.1771 43.7997 17.9081 0.570204 0.697815 438.204 0 0
1500 15.6843 44.0347 17.8548 -0.646462 0.694597 437.76 0 0
1500 -5.95151 23.801 17.8191 -1.00086 0.349539 437.494 0 0
1500 98.2504 -3.92542 18.2349 0.675236 -0.0628163 440.992 0 0
1500 104.534 -36.7316 17.8369 0.735551 -0.558688 438.345 0 0
1500 87.3333 -14.7277 18.0402 0.472216 -0.262317 440.744 0 0
1500 89.6195 44.0134 17.9037 0.513586 0.725203 436.623 0 0
1500 94.834 -7.65293 18.3409 0.69227 -0.136736 436.401 0 0
1500 89.4187 7.67511 18.344 0.613291 0.0937605 436.149 0 0
1500 97.7576 -5.00618 18.3011 0.669837 -0.0840345 442.548 0 0
1500 30.6826 -61.5232 17.8057 -0.375337 -0.973773 437.795 0 0
1500 117.734 -21.5617 17.8078 0.927007 -0.393661 436.325 0 0
1500 -8.49574 -7.38997 17.8622 -1.03601 -0.147292 437.979 0 0
1500 106.517 33.4644 17.9166 0.809756 0.487101 437.192 0 0
1500 87.4597 3.97941 18.0365 0.502468 0.0476162 442.184 0 0
1500 23.3344 22.0391 17.8204 -0.561989 0.296558 441.135 0 0
1500 -3.61705 19.0123 17.8264 -0.954818 0.236931 439.418 0 0
1500 54.1609 -63.0183 17.8279 -0.116582 -0.948906 439.681 0 0
1500 103.945 -48.0551 17.8917 0.759921 -0.721656 438.24 0 0
1500 53.5702 -53.169 17.8201 -0.0139488 -0.808107 440.602 0 0
1500 86.292 7.63382 18.5001 0.490962 0.147219 446.513 0 0
1500 47.113 -3.82096 18.2028 -0.141681 -0.111193 443.749 0 0
1500 60.3868 -11.1202 18.5245 0.136258 -0.213783 445.019 0 0
1500 59.004 -7.8158 17.9483 -0.022464 -0.158698 443.017 0 0
1500 63.2102 47.644 17.984 0.126761 0.797338 437.013 0 0
1500 25.2792 51.9325 17.7988 -0.483861 0.859364 437.556 0 0
1500 83.3173 -41.4179 18.1444 0.483898 -0.668862 437.826 0 0
1500 63.8433 20.4792 18.1847 0.0995439 0.381497 436.838 0 0
1500 33.1797 44.7184 17.975 -0.430509 0.705967 437.284 0 0
1500 53.281 -54.3113 17.8999 -0.0904834 -0.895583 437.423 0 0
1500 70.7767 -63.6076 17.8944 0.167224 -0.989171 440.593 0 0
1500 71.2115 -59.9006 17.8976 0.172047 -0.927477 441.186 0 0
1500 92.8831 40.158 17.8257 0.550498 0.605483 442.623 0 0
1500 160.815 71.3026 17.7954 1.56256 1.15892 437.753 0 0
1500 120.932 -6.45452 17.9706 1.02471 -0.113435 439.344 0 0
1500 29.2156 -4.4356 17.9345 -0.458969 -0.0439178 443.607 0 0
1500 33.3682 37.2431 17.9253 -0.44052 0.591558 437.178 0 0
1500 76.321 -5.95518 17.9525 0.376344 -0.0949239 436.463 0 0
1500 119.908 21.4523 17.9267 0.989137 0.310627 440.645 0 0
1500 -8.65589 3.83656 17.917 -1.04337 0.0303295 439.662 0 0
1500 1.14758 6.41424 17.9237 -0.91872 0.0700369 438.158 0 0
1500 56.9716 -31.3202 17.9399 -0.075445 -0.51276 436.66 0 0
1500 33.063 18.7804 17.9413 -0.402031 0.23738 443.679 0 0
1500 52.9127 -59.3985 17.8725 -0.10375 -0.964356 438.371 0 0
1500 96.8656 -97.5522 17.8235 0.635242 -1.55382 437.81 0 0
1500 88.4909 9.81559 17.891 0.539121 0.107654 437.721 0 0
1500 84.0997 16.7099 17.8942 0.48266 0.223063 436.414 0 0
1500 84.4431 1.83808 18.5642 0.548844 -0.0202221 439.857 0 0
1500 90.5658 1.49641 18.0991 0.572086 -0.0452988 437.781 0 0
1500 106.186 42.1038 17.8192 0.794997 0.645723 439.75 0 0
1500 102.151 -25.7727 17.8288 0.751243 -0.380109 438.265 0 0
1500 83.4452 39.4836 17.8342 0.429647 0.573734 443.555 0 0
1500 116.189 26.4303 17.9315 0.952609 0.399072 440.433 0 0
1500 93.6248 -12.4548 17.9257 0.624116 -0.216019 439.039 0 0
1500 88.213 11.523 18.1273 0.520074 0.139343 445.388 0 0
1500 83.8884 -16.9191 18.2648 0.454783 -0.332438 439.319 0 0
1500 80.5609 -38.032 18.2577 0.400696 -0.646999 439.911 0 0
1500 33.484 -60.1046 17.8421 -0.375976 -0.946028 442.14 0 0
1500 24.7779 -38.1861 17.8299 -0.544875 -0.652868 438.888 0 0
1500 84.5216 53.9987 17.7971 0.374237 0.890894 439.622 0 0
1500 16.6409 42.4882 17.7969 -0.654845 0.715949 439.657 0 0
1500 46.8943 55.1498 17.7989 -0.197183 0.912001 439.358 0 0
1500 26.4166 38.114 17.8065 -0.47621 0.610589 443.878 0 0
1500 88.5271 -13.7912 17.9962 0.553608 -0.167674 438.842 0 0
1500 87.7553 -11.9931 17.9498 0.490192 -0.261034 438.622 0 0
1500 88.8967 13.1528 18.1161 0.582398 0.221377 439.942 0 0
1500 87.5591 20.3966 18.1151 0.56129 0.331575 440.022 0 0
1500 134.933 63.2373 17.851 1.28838 0.995147 438.093 0 0
1500 113.872 -35.6762 17.7975 0.900387 -0.535474 442.155 0 0
1500 91.6399 28.5305 17.8864 0.6187 0.453298 437.434 0 0
1500 121.384 7.78014 17.8841 0.988767 0.11872 444.485 0 0
1500 112.793 -36.3974 17.7943 0.843789 -0.592297 443.418 0 0
1500 63.3186 59.2208 17.948 0.0885441 1.05545 436.074 0 0
1500 64.2439 22.8093 17.9384 0.0862113 0.442563 437.68 0 0
1500 82.0844 -33.8633 18.0203 0.417028 -0.589788 440.782 0 0
1500 88.6602 26.2504 17.8951 0.557078 0.387843 440.284 0 0
1500 116.164 -17.3235 17.9701 0.98052 -0.251765 441.33 0 0
1500 82.5624 36.6905 17.8825 0.463358 0.604859 439.604 0 0
1500 26.7222 57.7596 17.807 -0.477532 0.931604 443.408 0 0
1500 86.9992 -24.7586 18.053 0.451395 -0.411775 447.857 0 0
1500 83.6237 29.1736 18.2528 0.401254 0.504409 442.43 0 0
1500 40.5338 -5.96084 17.8367 -0.303248 -0.0428774 448.056 0 0
1500 48.9702 -0.739922 17.9588 -0.132279 -0.0913599 439.445 0 0
1500 105.78 1.8248 17.8955 0.81468 0.0403107 442.06 0 0
1500 97.4599 -20.5117 18.2661 0.719849 -0.411186 437.986 0 0
1500 74.4005 -28.7775 17.9317 0.206521 -0.533532 436.685 0 0
1500 29.7532 -60.6708 17.868 -0.402623 -0.964913 445.411 0 0
1500 55.3488 37.904 17.9155 -0.0462584 0.600406 448.601 0 0
1500 68.8421 -59.3354 17.825 0.0921766 -0.942219 442.059 0 0
1500 97.9816 -51.07 17.8404 0.617177 -0.809936 446.023 0 0
1500 82.4674 96.4059 17.8578 0.36675 1.50572 445.124 0 0
1500 92.4746 -29.5536 17.9382 0.520778 -0.476281 449.414 0 0
1500 80.3689 7.39127 17.927 0.389249 0.0854115 449.757 0 0
1500 57.5147 -25.293 18.1349 -0.0419428 -0.410424 443.315 0 0
1500 73.8494 3.90305 18.2422 0.254767 0.121205 451.698 0 0
1500 99.7645 -18.7286 17.9318 0.671246 -0.269199 449.676 0 0
1500 115.531 -25.1223 17.9193 0.913902 -0.367533 448.111 0 0
1500 110.514 -74.6463 17.7995 0.84812 -1.16001 445.571 0 0
1500 39.8128 -24.6165 18.0716 -0.306668 -0.47394 440.503 0 0
1500 60.6892 5.83552 18.2812 0.0270293 0.113167 444.356 0 0
1500 20.9858 18.1786 18.1756 -0.650261 0.254586 439.449 0 0
1500 23.2662 -38.8955 17.9549 -0.514807 -0.667894 444.785 0 0
1500 6.9841 -19.0381 17.9695 -0.827318 -0.263893 445.057 0 0
1500 149.579 -26.6679 17.959 1.47064 -0.43462 445.288 0 0
1500 120.032 10.2148 17.9923 1.00095 0.19898 446.579 0 0
1500 76.4337 -14.4634 17.9265 0.252384 -0.298278 440.967 0 0
1500 56.0801 -19.3017 17.9882 0.00568649 -0.375041 444.02 0 0
1500 126.471 175.906 17.816 1.13878 2.72352 443.759 0 0
1500 92.6095 51.297 18.0163 0.64689 0.873475 441.431 0 0
1500 62.4938 -43.1285 17.9157 0.0244523 -0.716922 444.909 0 0
1500 202.46 80.4278 17.8252 2.23214 1.33249 443.925 0 0
1500 -12.691 -66.822 17.8446 -1.1603 -1.07409 444.644 0 0
1500 123.785 16.9032 17.8416 1.02897 0.198103 447.676 0 0
1500 120.742 -10.8715 17.8433 0.995912 -0.21575 446.863 0 0
1500 119.392 -13.3674 17.8438 0.977586 -0.253652 446.732 0 0
1500 119.589 -22.2379 17.8419 0.970668 -0.38296 447.41 0 0
1500 80.015 36.704 17.8092 0.412135 0.584294 444.841 0 0
1500 94.021 11.8996 17.8113 0.630519 0.200967 444.673 0 0
1500 28.2045 5.90933 17.8724 -0.500353 0.0154322 441.639 0 0
1500 94.6188 -42.328 17.8486 0.592063 -0.632088 450.654 0 0
1500 115.196 -22.8857 17.8435 0.89532 -0.357572 449.957 0 0
1500 122.712 14.2943 17.8389 1.03049 0.184332 448.17 0 0
1500 119.87 -6.47076 18.0933 1.02094 -0.0820162 448.601 0 0
1500 68.4337 -91.8436 17.8814 0.232688 -1.50942 443.634 0 0
1500 185.355 29.1586 17.9176 2.06346 0.544599 443.441 0 0
1500 40.9057 -22.7865 17.9951 -0.334045 -0.316727 440.92 0 0
1500 21.6346 -67.8021 17.8181 -0.544953 -1.0783 448.566 0 0
1500 20.212 -43.3367 18.0631 -0.633914 -0.783807 442.806 0 0
1500 89.8968 -31.8539 18.1181 0.524643 -0.590414 444.121 0 0
1500 69.0168 -13.3101 18.0607 0.226464 -0.277769 446.963 0 0
1500 39.838 -4.02766 17.9087 -0.297039 -0.103961 453.973 0 0
1500 95.314 73.851 18.3099 0.661741 1.37297 439.638 0 0
1500 50.6413 3.84938 18.042 -0.220561 0.0811927 439.481 0 0
1500 117.027 14.5642 17.8289 0.920139 0.189904 451.857 0 0
1500 7.01263 32.2291 17.809 -0.79899 0.561462 448.516 0 0
1500 104.103 -6.21558 18.1939 0.816101 -0.100015 449.225 0 0
1500 94.5419 -42.1731 17.9048 0.545218 -0.670952 452.961 0 0
1500 65.715 1.70409 17.8236 0.166281 0.0560742 454.791 0 0
1500 100.643 -32.9065 17.8066 0.667917 -0.436573 453.386 0 0
1500 59.2903 50.7234 17.8056 0.0840223 0.815381 448.326 0 0
1500 56.5733 66.1971 17.7948 0.0411954 1.02713 449.984 0 0
1500 109.703 31.1765 17.7972 0.845059 0.506358 449.414 0 0
1500 59.5678 -14.1846 18.0631 0.0484296 -0.265231 455.83 0 0
1500 63.6188 35.8794 18.1292 0.0636866 0.594012 449.096 0 0
1500 48.1247 18.4331 18.4127 -0.162092 0.307646 447.038 0 0
1500 91.1412 29.8188 17.8732 0.586985 0.431488 449.294 0 0
1500 120.737 20.8998 17.8576 1.00502 0.283396 451.742 0 0
1500 -66.0509 133.11 18.1391 -2.23222 2.4886 439.914 0 0
1500 7.65851 39.1781 17.8043 -0.833819 0.587474 451.155 0 0
1500 26.0174 43.1841 17.8149 -0.530489 0.615568 454.624 0 0
1500 13.1709 47.4342 17.8036 -0.74875 0.709289 451.359 0 0
1500 -4.52164 8.58489 17.8059 -0.984073 0.123939 453.365 0 0
1500 130.443 177.158 17.8445 1.15125 2.80723 449.392 0 0
1500 91.0357 -14.6722 18.2448 0.530608 -0.266744 457.372 0 0
1500 28.6788 25.203 17.9163 -0.470543 0.498927 445.682 0 0
1500 106.861 -7.12579 18.3097 0.839347 -0.163197 452.673 0 0
1500 82.5688 -171.327 18.0647 0.462491 -3.07407 443.076 0 0
1500 26.4583 43.0297 17.9147 -0.511971 0.735264 450.884 0 0
1500 67.7978 -31.1192 18.2352 0.112561 -0.567686 443.938 0 0
1500 7.13714 -33.3832 17.8172 -0.796685 -0.575168 452.537 0 0
1500 46.1115 -12.1063 17.8738 -0.132757 -0.231813 458.205 0 0
1500 62.9426 67.6068 18.0744 0.100946 1.12757 451 0 0
1500 55.6487 67.9321 18.0677 -0.018702 1.13051 451.084 0 0
1500 67.8118 -27.9936 18.2622 0.14655 -0.440933 459.568 0 0
1500 85.2891 -23.2719 18.2585 0.426743 -0.415132 452.719 0 0
1500 -1.83375 -21.7684 17.8139 -0.897346 -0.382113 456.459 0 0
1500 103.233 -50.574 17.8112 0.631023 -0.80685 455.837 0 0
1500 67.8431 -2.26633 17.8532 0.224047 -0.0712255 451.444 0 0
1500 104.405 -5.22497 17.8399 0.721438 -0.106446 458.122 0 0
1500 1.13768 7.07472 17.8695 -0.880469 0.105541 457.966 0 0
1500 26.6609 -16.4486 17.8829 -0.505755 -0.226871 459.271 0 0
1500 -2.19178 23.9098 17.8617 -0.967366 0.361124 455.131 0 0
1500 -3.76571 23.8578 17.8609 -0.983842 0.357802 455.608 0 0
1500 8.59601 -42.4221 17.8621 -0.808283 -0.629742 454.979 0 0
1500 121.687 14.6814 17.9041 1.02099 0.180694 456.059 0 0
1500 84.5074 -3.29206 17.9272 0.48909 -0.090152 453.233 0 0
1500 123.585 7.62578 17.9604 1.04434 0.079581 457.159 0 0
1500 96.2939 -6.99513 17.8309 0.602701 -0.0686389 459.943 0 0
1500 65.5466 23.6099 17.8368 0.167642 0.360996 460.4 0 0
1500 69.3089 13.4382 17.8907 0.104734 0.221414 453.163 0 0
1500 60.0229 3.57363 18.1292 -0.0521837 0.0699863 445.494 0 0
1500 164.448 13.7303 17.8679 1.71906 0.2046 454.447 0 0
1500 77.733 40.2412 17.9964 0.363297 0.678553 455.119 0 0
1500 103.699 15.8689 18.1439 0.746388 0.237073 461.514 0 0
1500 104.443 3.23966 18.2308 0.806115 0.0733207 458.008 0 0
1500 128.918 -49.9008 17.8914 1.16352 -0.904209 450.889 0 0
1500 92.0381 72.5405 18.087 0.640184 1.21497 452.571 0 0
1500 11.9783 -13.5846 17.9061 -0.793876 -0.200999 454.317 0 0
1500 134.673 -26.0348 17.8111 1.17904 -0.340634 459.302 0 0
1500 64.3358 -66.9628 17.8956 0.06181 -1.04476 458.975 0 0
1500 14.1873 -43.9136 17.8984 -0.689319 -0.721401 457.54 0 0
1500 72.605 -60.4435 17.8989 0.187496 -0.970871 457.441 0 0
1500 72.5822 19.3998 18.1205 0.292145 0.307058 463.346 0 0
1500 109.411 -30.2601 17.859 0.883909 -0.455469 455.075 0 0
1500 122.893 -14.7317 18.0963 1.23726 -0.270227 447.928 0 0
1500 85.423 -60.7034 17.9154 0.408098 -0.963856 459.816 0 0
1500 50.9634 -55.1506 17.9226 -0.100694 -0.910745 457.693 0 0
1500 71.8766 -59.6035 17.9208 0.204863 -0.927537 461.298 0 0
1500 98.7821 -48.3383 17.8445 0.602481 -0.800951 458.248 0 0
1500 42.1499 -58.1358 17.8456 -0.249965 -0.951244 458.042 0 0
1500 37.2751 -50.8152 17.8495 -0.326406 -0.848355 457.452 0 0
1500 80.6067 -32.4723 17.8622 0.308447 -0.52698 462.711 0 0
1500 97.383 3.19528 18.3726 0.733371 0.0664919 459.083 0 0
1500 55.0966 -47.4347 17.8469 0.0182291 -0.775873 457.436 0 0
1500 113.004 -4.00369 18.376 1.00238 -0.131552 454.391 0 0
1500 98.7281 11.8186 18.2644 0.744529 0.180949 459.453 0 0
1500 14.0503 51.1474 17.796 -0.618401 0.826819 459.922 0 0
1500 97.007 -8.29755 17.9765 0.632564 -0.103158 464.571 0 0
1500 112.159 -21.681 18.0739 0.915305 -0.321556 460.774 0 0
1500 34.779 -45.5733 17.962 -0.318439 -0.797695 456.269 0 0
1500 119.889 -7.98549 17.936 1.00091 -0.0757539 460.937 0 0
1500 59.5978 -8.15712 18.2976 0.0811605 -0.200795 459.57 0 0
1500 92.682 16.4527 17.9314 0.530042 0.289093 465.969 0 0
1500 47.5843 -7.69944 17.9318 -0.202631 -0.0901562 466.462 0 0
1500 3.69014 18.3089 17.9116 -0.834198 0.278667 464.663 0 0
1500 9.12986 -21.7903 17.8687 -0.797203 -0.425656 457.381 0 0
1500 81.7593 24.2301 17.9624 0.459739 0.375774 459.594 0 0
1500 109.327 33.662 17.9827 0.83127 0.561798 462.039 0 0
1500 109.564 -46.4759 18.1391 0.926816 -0.864087 454.144 0 0
1500 80.0534 -17.4836 17.9882 0.441962 -0.309151 457.608 0 0
1500 100.347 27.104 18.2169 0.789532 0.509987 456.071 0 0
1500 71.3302 -55.4589 17.9213 0.238812 -0.852131 465.56 0 0
1500 94.2469 7.58674 17.9326 0.612179 0.0513563 460.252 0 0
1500 74.5773 -15.365 17.9389 0.278684 -0.273687 467.185 0 0
1500 96.4477 -13.5404 17.9317 0.588322 -0.250216 466.619 0 0
1500 93.15 -10.0028 17.9319 0.594758 -0.220016 460.305 0 0
1500 73.1276 -80.5463 17.8101 0.215819 -1.2208 465.58 0 0
1500 81.451 57.9192 17.8326 0.294672 0.921468 462.459 0 0
1500 92.2415 55.2408 17.9094 0.563905 0.849304 465.296 0 0
1500 78.6238 20.2405 17.8453 0.352791 0.255028 468.208 0 0
1500 107.694 26.7404 17.8275 0.826366 0.376139 462.538 0 0
1500 -11.4949 15.8907 17.8532 -1.09926 0.329929 460.552 0 0
1500 67.9083 14.3029 18.1448 0.231543 0.232788 470.346 0 0
1500 82.8377 2.70917 18.1423 0.438369 0.0732233 470.162 0 0
1500 146.504 -0.582296 18.4746 1.64196 -0.0635212 456.472 0 0
1500 88.517 7.91769 17.9679 0.529906 0.0572409 462.845 0 0
1500 115.77 -30.7506 17.9463 0.89432 -0.508105 466.953 0 0
1500 -1.20798 -33.5291 18.157 -1.09128 -0.579542 456.349 0 0
1500 62.9209 -34.7117 17.8801 0.0955318 -0.613466 463.145 0 0
1500 117.637 -30.112 17.8604 0.904293 -0.520199 465.884 0 0
1500 108.683 53.4141 17.9538 0.786391 0.943522 460.435 0 0
1500 78.2344 -41.857 17.8239 0.384154 -0.666117 465.165 0 0
1500 102.79 48.6784 17.8382 0.67499 0.797187 467.692 0 0
1500 95.5541 27.3606 17.8522 0.587652 0.497515 465.382 0 0
1500 107.805 -93.4462 17.8477 0.853364 -1.54133 463.064 0 0
1500 58.7258 10.0736 17.8475 -0.0420119 0.216005 464.494 0 0
1500 68.5982 -23.2579 18.146 0.270242 -0.393336 466.13 0 0
1500 157.43 2.25557 18.2512 1.8121 0.0880486 459.054 0 0
1500 54.6946 -64.8189 17.8283 -0.0546114 -1.03972 468.951 0 0
1500 59.2569 -64.6645 17.8298 0.0130622 -1.01542 470.406 0 0
1500 61.0605 -53.3105 17.8365 0.0411929 -0.889543 467.348 0 0
1500 81.5754 -52.7825 18.0145 0.379017 -0.867621 468.657 0 0
1500 117.66 -11.6678 17.8025 0.89895 -0.226623 473.924 0 0
1500 62.2236 -27.2769 17.8209 0.0971305 -0.440235 475.727 0 0
1500 111.78 28.7998 17.8078 0.856552 0.374247 470.502 0 0
1500 73.3516 -6.82565 18.121 0.295311 -0.141273 478.012 0 0
1500 104.78 -23.3583 18.0743 0.812176 -0.353396 472.098 0 0
1500 77.3241 25.672 18.2563 0.353304 0.465161 471.752 0 0
1500 129.355 16.3482 18.3975 1.34042 0.332634 464.289 0 0
1500 119.156 32.1222 17.9354 1.04549 0.596724 467.826 0 0
1500 36.0821 56.7382 17.804 -0.398407 0.898529 473.326 0 0
1500 -6.67023 12.9244 17.8755 -1.00788 0.205401 476.197 0 0
1500 7.49609 3.16487 17.8879 -0.779275 0.0612934 478.126 0 0
1500 23.2062 36.7541 17.8856 -0.599446 0.579581 473.06 0 0
1500 30.2041 -56.9607 17.818 -0.463716 -0.912939 475.349 0 0
1500 -3.21058 21.2175 17.8192 -0.96893 0.260152 475.052 0 0
1500 83.4296 -48.461 17.8262 0.34096 -0.801498 474.019 0 0
1500 -5.85757 -16.4589 17.8169 -0.997658 -0.303773 475.793 0 0
1500 -8.22057 -1.50974 17.8186 -1.01166 -0.0794941 477.199 0 0
1500 14.1978 -48.9557 17.8172 -0.689294 -0.776754 476.739 0 0
1500 132.987 -38.539 18.1998 1.31293 -0.653373 472.227 0 0
1500 10.7126 78.2367 17.909 -0.839391 1.31548 472.405 0 0
1500 54.0037 25.4159 17.818 0.00548917 0.427382 476.633 0 0
1500 72.7415 -39.6287 18.0796 0.220055 -0.736063 475.111 0 0
1500 96.3466 -52.1242 17.8558 0.629728 -0.778814 487.103 0 0
1500 108.014 27.5914 17.8627 0.786944 0.372782 488.169 0 0
1500 78.0501 -6.96172 17.8791 0.390988 -0.132212 482.364 0 0
1500 84.4481 -42.8792 17.8645 0.481834 -0.67965 483.55 0 0
1500 61.6042 7.8106 18.1025 0.102845 0.196763 486.443 0 0
1500 -12.9881 13.1342 17.8618 -1.1355 0.136841 486.757 0 0
1500 121.098 18.0309 17.8852 0.958616 0.275495 495.14 0 0
