Total number of secondary electrons: 1655
1500 92.3845 -1.08479 16.6442 0.792033 0.0132487 247.99 0 0
1500 90.9944 -1.54276 17.7054 0.876167 -0.0394159 251.99 0 0
1500 166.379 46.1212 14.3886 1.82345 0.715272 265.145 0 0
1500 89.2835 8.05559 15.6316 0.707366 0.145606 273.785 0 0
1500 104.111 -3.53107 14.3063 0.741964 -0.0790667 276.825 0 0
1500 57.1356 -14.988 14.6213 -0.0015687 -0.243486 278.87 0 0
1500 97.9253 -6.64087 15.9257 0.789199 -0.0777968 287.157 0 0
1500 102.976 0.79494 15.7748 0.815537 -0.0287183 291.28 0 0
1500 99.9682 -4.63623 16.2019 0.809274 -0.0108912 292.392 0 0
1500 86.4483 -11.0955 15.3878 0.528538 -0.12434 295.201 0 0
1500 114.244 4.78688 16.1976 1.01238 0.0396224 296.062 0 0
1500 87.8803 -3.56635 16.6978 0.670751 -0.0241886 296.252 0 0
1500 -143.307 -352.819 14.5544 -2.87302 -4.97455 297.39 0 0
1500 97.9012 -8.81097 15.647 0.668092 -0.15754 299.715 0 0
1500 93.4984 11.7184 15.4572 0.566252 0.168995 300.312 0 0
1500 90.9212 8.35542 15.4596 0.543954 0.131291 300.574 0 0
1500 88.9263 -4.38203 16.3504 0.613795 -0.0248148 304.391 0 0
1500 93.3265 -11.2447 15.6893 0.60076 -0.125132 305.767 0 0
1500 104.865 3.94263 15.6228 0.845409 0.0965366 307.068 0 0
1500 75.1339 -21.8962 15.4039 0.294253 -0.416665 307.995 0 0
1500 120.013 21.3864 15.0137 0.899067 0.358961 311.377 0 0
1500 16.9387 107.572 14.7219 -0.496813 1.25692 312.047 0 0
1500 86.1485 8.02931 16.2757 0.573382 0.186443 314.475 0 0
1500 337.023 16.7522 16.1111 4.85512 0.291778 315.509 0 0
1500 85.0473 17.3208 15.5393 0.439134 0.247023 316.613 0 0
1500 95.5787 3.10984 16.3461 0.665391 0.00668457 316.865 0 0
1500 102.64 -3.50205 15.4749 0.683788 -0.0140763 316.882 0 0
1500 63.2914 4.11388 15.585 0.124105 0.0810256 318.203 0 0
1500 74.6125 36.9137 15.4908 0.25619 0.52776 318.683 0 0
1500 83.3344 -8.26012 16.8102 0.532217 -0.117639 320.842 0 0
1500 68.4539 2.60087 14.7727 0.118931 -0.0231013 322.186 0 0
1500 135.687 -10.444 14.8222 1.07658 -0.101294 323.311 0 0
1500 75.7535 -33.5314 15.05 0.309115 -0.446346 323.695 0 0
1500 115.724 -12.8624 14.9143 0.785209 -0.161452 323.735 0 0
1500 20.1061 -59.654 14.7332 -0.477871 -0.75202 324.465 0 0
1500 96.8903 -13.6006 15.9051 0.64748 -0.185169 324.702 0 0
1500 132.614 14.1997 16.4019 1.39411 0.251514 325.652 0 0
1500 82.0804 -7.18638 16.175 0.452323 -0.0579503 325.823 0 0
1500 87.2375 10.6608 15.6724 0.445076 0.137791 326.969 0 0
1500 98.2616 -61.0714 14.791 0.511493 -0.833502 327.475 0 0
1500 89.9966 12.985 16.4583 0.582462 0.194439 328.231 0 0
1500 107.597 -11.2135 15.3639 0.790368 -0.221216 328.902 0 0
1500 93.6002 1.43537 15.1453 0.535437 -0.0443875 329.001 0 0
1500 87.8552 2.32646 15.6632 0.509879 -0.0195492 329.077 0 0
1500 82.3208 -4.00926 15.6821 0.464861 -0.0183231 329.103 0 0
1500 83.7667 32.7849 15.4918 0.440519 0.467061 329.358 0 0
1500 79.9077 29.7074 15.1631 0.352956 0.401497 329.703 0 0
1500 102.544 -66.287 14.7812 0.534988 -0.834581 329.824 0 0
1500 67.5454 -10.514 15.4996 0.182615 -0.176202 331.971 0 0
1500 94.3314 2.09924 15.1141 0.519903 -0.0137988 332.005 0 0
1500 92.502 -16.6408 15.7229 0.596442 -0.27343 332.683 0 0
1500 103.62 -29.0409 15.1561 0.623702 -0.379737 332.889 0 0
1500 68.4934 -56.4361 14.8882 0.186417 -0.697702 333.065 0 0
1500 79.1127 -4.53509 16.1822 0.441291 -0.0964094 333.394 0 0
1500 87.576 -1.14927 17.0454 0.626117 0.026127 333.641 0 0
1500 95.6805 -9.02025 15.5304 0.566109 -0.119487 334.013 0 0
1500 89.1654 4.92756 16.1471 0.553961 0.0221068 334.489 0 0
1500 68.0844 -20.3796 15.6851 0.184408 -0.307847 334.491 0 0
1500 73.7936 -3.23391 15.0998 0.252855 -0.0126411 335.12 0 0
1500 71.9386 18.8608 15.5467 0.16527 0.242411 335.944 0 0
1500 81.0311 1.60666 16.0201 0.380591 0.0441331 336.592 0 0
1500 85.5417 -1.68293 16.6694 0.539596 0.0177166 336.673 0 0
1500 85.9253 10.7811 16.6762 0.543317 0.154975 336.757 0 0
1500 72.734 61.8013 15.6192 0.229769 0.879137 336.883 0 0
1500 92.73 22.4507 15.5362 0.492805 0.309832 337.775 0 0
1500 43.054 4.14304 15.6952 -0.184705 0.0343335 337.85 0 0
1500 121.438 7.44284 15.6595 0.976169 0.124739 338.01 0 0
1500 97.654 35.4431 15.5811 0.54803 0.462342 338.351 0 0
1500 128.529 -42.8864 15.3722 0.850594 -0.576311 338.566 0 0
1500 76.9303 15.3137 16.889 0.385103 0.25922 338.804 0 0
1500 35.278 17.4404 15.5663 -0.320483 0.198395 339.213 0 0
1500 78.8967 19.2483 16.4131 0.3578 0.331844 339.228 0 0
1500 93.3051 15.1433 15.6396 0.512681 0.196087 339.665 0 0
1500 66.2501 -5.23831 16.459 0.176911 -0.133454 339.695 0 0
1500 98.6947 -4.98337 16.9576 0.735727 -0.0374216 340.023 0 0
1500 45.1178 -11.9254 16.421 -0.183821 -0.255368 341.009 0 0
1500 50.106 32.1849 15.6693 -0.146437 0.468631 341.63 0 0
1500 89.4316 -6.87918 17.0812 0.586135 -0.09911 341.717 0 0
1500 62.2151 14.4544 15.814 0.120574 0.222583 341.863 0 0
1500 90.4148 25.7136 15.8745 0.434395 0.377436 341.914 0 0
1500 91.4623 -12.0579 16.1201 0.545481 -0.189557 342.462 0 0
1500 73.8046 7.0457 17.3458 0.39568 0.0880787 342.486 0 0
1500 12.0402 -31.1682 15.7599 -0.63079 -0.380804 342.762 0 0
1500 75.0948 20.9421 16.0475 0.266687 0.359838 342.764 0 0
1500 64.45 19.6789 15.9282 0.151642 0.298232 342.8 0 0
1500 45.4527 -21.5613 16.9325 -0.182539 -0.37942 342.996 0 0
1500 5.74664 -30.5915 15.7827 -0.706323 -0.372045 343.1 0 0
1500 67.1185 -0.089537 16.0898 0.173552 -0.0351288 343.199 0 0
1500 38.345 61.7398 15.796 -0.300657 0.773012 343.296 0 0
1500 70.5024 -11.823 15.8141 0.18744 -0.14453 343.329 0 0
1500 30.1685 17.982 15.9534 -0.38108 0.284719 344.038 0 0
1500 105.777 -19.1513 17.7587 0.924273 -0.337836 344.238 0 0
1500 78.9405 8.63636 17.2949 0.476465 0.114373 344.304 0 0
1500 81.4963 19.7548 15.8556 0.340329 0.315351 344.305 0 0
1500 72.2431 11.8138 16.0888 0.284234 0.18507 344.379 0 0
1500 81.1619 4.20211 16.2963 0.370602 0.110826 345.071 0 0
1500 67.5887 -20.4293 16.3712 0.166132 -0.26373 345.378 0 0
1500 110.225 2.57105 16.0095 0.7277 0.078768 345.571 0 0
1500 90.9 15.9107 16.551 0.51947 0.244946 345.903 0 0
1500 82.5784 -1.62312 17.0326 0.474922 0.0159912 346.013 0 0
1500 98.8915 41.5398 16.0358 0.577938 0.578541 346.029 0 0
1500 86.4371 -8.2333 17.0107 0.49026 -0.152551 346.891 0 0
1500 91.6965 -14.3618 17.0263 0.551058 -0.224647 347.144 0 0
1500 129.854 -7.36138 16.1049 0.960948 -0.0484682 347.2 0 0
1500 83.2048 -25.8803 16.2488 0.420466 -0.343778 347.474 0 0
1500 94.3208 -4.0013 16.5201 0.557463 -0.106294 348.061 0 0
1500 119.577 0.807895 16.3321 0.865322 0.0227602 348.371 0 0
1500 114.347 -20.6371 18.3518 1.30576 -0.503727 349.22 0 0
1500 107.936 -55.8844 16.248 0.698749 -0.834755 349.576 0 0
1500 81.902 10.4191 16.839 0.447567 0.103851 349.776 0 0
1500 71.9097 -17.752 16.7693 0.204113 -0.270622 350.074 0 0
1500 102.917 18.0742 16.406 0.685067 0.228894 350.075 0 0
1500 91.499 2.75335 16.9189 0.566578 -0.00737611 350.275 0 0
1500 34.657 36.2946 16.3276 -0.366361 0.531852 350.528 0 0
1500 75.5729 4.91443 16.5528 0.268892 0.0459229 351.167 0 0
1500 -37.0864 -8.48701 16.3364 -1.34885 -0.168422 351.506 0 0
1500 97.5458 -1.33019 16.7235 0.644099 -0.00681185 351.745 0 0
1500 133.69 -23.0852 16.4586 1.07173 -0.363142 351.81 0 0
1500 117.462 12.031 17.3422 1.14545 0.233714 351.802 0 0
1500 18.35 14.4602 16.3858 -0.509075 0.184424 352.064 0 0
1500 88.7803 20.2631 16.6343 0.522967 0.278484 352.231 0 0
1500 107.09 19.588 16.6744 0.753272 0.277031 352.373 0 0
1500 85.853 58.6786 16.561 0.415248 0.832321 352.472 0 0
1500 72.2874 -3.60387 16.5995 0.270202 -0.000671905 352.612 0 0
1500 62.9918 -0.101213 16.6765 0.133728 0.0278335 352.847 0 0
1500 50.3472 4.24539 16.5935 -0.148845 -0.00557823 352.861 0 0
1500 38.6398 -40.422 16.44 -0.233999 -0.616726 353.176 0 0
1500 122.857 -22.402 17.1701 1.15082 -0.342313 353.172 0 0
1500 115.551 30.9356 16.5789 0.81597 0.437085 353.487 0 0
1500 96.7481 -70.181 16.4084 0.581967 -0.942605 353.578 0 0
1500 27.213 -27.8448 16.631 -0.500059 -0.471724 353.538 0 0
1500 65.3822 36.2067 16.7188 0.160028 0.6057 353.737 0 0
1500 -4.17308 48.8291 16.4444 -0.913224 0.645097 353.809 0 0
1500 92.4421 -26.9087 16.9397 0.568319 -0.402064 354.108 0 0
1500 71.5249 -43.3543 16.7296 0.221758 -0.712002 354.229 0 0
1500 94.3981 -37.4077 16.4962 0.46543 -0.499644 354.4 0 0
1500 141.001 33.4288 16.8192 1.31558 0.500212 354.495 0 0
1500 112.944 -42.8323 16.5017 0.709239 -0.642066 355.146 0 0
1500 73.7583 -20.2422 17.0809 0.296354 -0.337039 355.187 0 0
1500 82.6019 8.43523 17.6248 0.474766 0.176295 355.582 0 0
1500 68.5448 3.09501 16.6096 0.202533 -0.00625244 355.745 0 0
1500 80.8603 -27.0595 16.6424 0.372815 -0.424946 355.93 0 0
1500 77.0086 -12.4104 17.0078 0.319871 -0.154267 355.995 0 0
1500 82.7895 -27.9248 16.6697 0.411002 -0.425552 355.997 0 0
1500 123.348 8.21392 16.724 0.935876 0.160574 356.088 0 0
1500 39.0439 45.0885 16.6892 -0.24162 0.685733 356.614 0 0
1500 117.683 11.718 17.096 1.08554 0.180233 356.658 0 0
1500 101.461 -32.0471 16.5871 0.59738 -0.508945 356.768 0 0
1500 96.7522 0.484996 16.9949 0.623442 -0.0463425 356.81 0 0
1500 89.201 12.6223 17.0573 0.510187 0.231445 357.054 0 0
1500 87.5166 -0.657504 16.7136 0.427491 -0.0719615 357.426 0 0
1500 69.2707 -26.8375 16.8875 0.171383 -0.435463 357.762 0 0
1500 63.0749 -63.5713 16.7647 0.104125 -0.943513 357.956 0 0
1500 98.1409 -58.768 16.6289 0.501013 -0.848219 358.223 0 0
1500 55.6053 5.49513 16.9958 -0.0103688 0.12163 358.572 0 0
1500 81.0184 -31.2466 16.7024 0.358157 -0.491912 358.614 0 0
1500 27.2138 -64.9784 16.6656 -0.411123 -0.935149 358.808 0 0
1500 73.1151 13.4202 18.1815 0.342885 0.188304 358.91 0 0
1500 79.3095 -16.2399 17.2703 0.364834 -0.224067 358.887 0 0
1500 100.725 -14.9557 16.7692 0.64492 -0.255574 358.982 0 0
1500 112.58 -37.197 16.6831 0.70079 -0.531923 359.108 0 0
1500 27.1272 -66.6081 16.6807 -0.410277 -0.952276 359.174 0 0
1500 92.152 -24.1135 17.5727 0.617879 -0.3907 359.38 0 0
1500 124.004 -32.6094 16.8031 0.934326 -0.467762 359.464 0 0
1500 90.0449 -8.11915 18.3231 0.643277 -0.0760355 359.779 0 0
1500 97.4241 -77.0218 16.8048 0.52725 -1.1263 359.824 0 0
1500 104.155 61.5887 16.8495 0.733998 0.868252 360.066 0 0
1500 58.072 22.9568 16.9979 -0.0229481 0.301407 360.211 0 0
1500 86.8817 -34.2838 16.9691 0.478376 -0.506533 360.489 0 0
1500 83.0492 12.0593 18.2651 0.504516 0.248376 360.636 0 0
1500 77.198 14.2691 17.8459 0.386903 0.191212 360.677 0 0
1500 110.409 -54.3708 16.7475 0.683382 -0.773823 360.701 0 0
1500 12.1203 -32.4827 16.7773 -0.640196 -0.423684 361.069 0 0
1500 -18.0483 41.0863 16.8184 -1.13758 0.551903 361.12 0 0
1500 53.5759 -41.4455 17.3266 -0.0169299 -0.670552 361.242 0 0
1500 94.578 -13.7617 17.6414 0.656658 -0.177874 361.715 0 0
1500 101.514 -19.4884 17.0127 0.595681 -0.291785 362.236 0 0
1500 98.6638 6.16587 16.9341 0.58004 0.152723 362.379 0 0
1500 47.6897 16.65 17.3643 -0.13938 0.353457 363.053 0 0
1500 101.761 -26.3103 16.8992 0.667727 -0.368506 363.413 0 0
1500 56.8095 52.6654 16.9888 0.00151286 0.721488 363.497 0 0
1500 55.532 117.529 16.877 -0.0359122 1.60726 363.54 0 0
1500 49.2832 -34.252 16.9167 -0.108463 -0.489626 364.143 0 0
1500 98.118 -74.7308 16.8805 0.605724 -1.02545 364.128 0 0
1500 122.413 20.6392 16.9944 0.884427 0.343062 364.176 0 0
1500 44.2804 78.3954 17.1927 -0.158968 1.24989 364.296 0 0
1500 82.2441 -29.5688 16.902 0.397742 -0.405056 364.338 0 0
1500 102.343 -45.2461 16.9762 0.671097 -0.602996 364.66 0 0
1500 144.923 -2.6129 17.3923 1.38643 -0.0615567 364.756 0 0
1500 -66.667 38.173 17.0199 -1.79839 0.550275 364.846 0 0
1500 273.138 -104.411 16.9862 3.12786 -1.47466 364.998 0 0
1500 39.1823 21.0731 17.236 -0.326931 0.405842 365.115 0 0
1500 91.688 -6.19238 17.2609 0.505998 -0.0969498 365.486 0 0
1500 99.6315 -8.13991 17.4939 0.6887 -0.111751 365.744 0 0
1500 97.9758 -12.7253 17.4325 0.648707 -0.13227 365.925 0 0
1500 60.8303 -22.3678 17.0815 0.0737971 -0.328305 366.058 0 0
1500 121.634 28.1527 17.0617 0.881508 0.388647 366.184 0 0
1500 93.3974 44.5896 17.8357 0.645595 0.763248 366.321 0 0
1500 69.4304 10.5969 18.0374 0.243188 0.187986 366.402 0 0
1500 88.6736 -9.07291 17.3747 0.527688 -0.112323 366.513 0 0
1500 73.8108 -7.81908 17.8513 0.336944 -0.166534 366.738 0 0
1500 120.017 23.0991 16.9893 0.885303 0.306083 366.8 0 0
1500 72.8527 -17.2478 17.0241 0.148343 -0.280678 366.815 0 0
1500 121.436 27.7685 17.0639 0.9143 0.350163 366.892 0 0
1500 34.5023 -4.60959 17.3894 -0.33495 -0.0386768 367.074 0 0
1500 56.2159 -37.3819 17.3038 -0.0519215 -0.532299 367.207 0 0
1500 5.92981 13.6336 17.0277 -0.699053 0.252766 367.414 0 0
1500 163.08 -36.1805 17.0425 1.42355 -0.502539 367.489 0 0
1500 89.8201 62.225 17.0983 0.460778 0.882872 367.615 0 0
1500 48.538 52.7221 17.0349 -0.116814 0.784117 367.643 0 0
1500 94.4557 -1.88663 17.9584 0.632837 0.0268507 367.93 0 0
1500 82.3889 -10.8803 17.3637 0.43029 -0.177376 367.938 0 0
1500 89.6965 -26.4772 17.0987 0.505621 -0.357589 368.011 0 0
1500 76.6292 -10.2428 17.324 0.339566 -0.111227 368.14 0 0
1500 119.225 -25.6569 17.1939 0.88323 -0.378722 368.276 0 0
1500 81.5829 -4.88222 17.2071 0.360737 -0.0320334 368.306 0 0
1500 78.6229 -9.35178 17.2093 0.323937 -0.087284 368.35 0 0
1500 50.8733 -41.2962 17.3316 -0.0738219 -0.625185 368.387 0 0
1500 69.6643 -8.64623 17.2166 0.212785 -0.0784214 368.493 0 0
1500 125.392 -8.49801 17.0642 0.933823 -0.109948 368.635 0 0
1500 80.9737 25.6547 17.5414 0.351441 0.37142 368.941 0 0
1500 51.5389 -19.4335 17.3299 -0.0911038 -0.327902 369.155 0 0
1500 81.9059 10.6419 18.1313 0.50034 0.167454 369.386 0 0
1500 113.031 -73.1495 17.1022 0.773546 -1.03396 369.503 0 0
1500 68.8663 -9.56681 17.8869 0.246181 -0.167322 369.612 0 0
1500 101.141 19.2831 17.384 0.641604 0.321153 369.614 0 0
1500 -12.3085 -6.97025 17.1182 -0.991687 -0.13274 369.774 0 0
1500 118.187 3.62806 17.1341 0.832149 0.115124 369.783 0 0
1500 70.491 -41.8247 17.3495 0.166784 -0.628358 369.871 0 0
1500 85.6641 -27.2475 17.3041 0.44524 -0.420697 369.784 0 0
1500 100.605 -44.6703 17.123 0.602847 -0.568184 369.957 0 0
1500 103.438 -9.81065 17.8058 0.74505 -0.147316 369.987 0 0
1500 82.602 -9.64783 17.2251 0.415991 -0.14162 370.003 0 0
1500 -14.8261 0.440598 17.1303 -1.02067 -0.0338907 370.109 0 0
1500 85.7117 -2.73754 17.6977 0.493267 0.0139548 370.123 0 0
1500 91.7021 -6.9784 17.9764 0.672145 -0.150857 370.101 0 0
1500 7.5798 41.8725 17.1502 -0.664705 0.629949 370.287 0 0
1500 47.5441 21.6215 17.2537 -0.202518 0.28223 370.364 0 0
1500 28.1765 -67.5367 17.1409 -0.448792 -0.931666 370.395 0 0
1500 81.7525 1.84764 17.4951 0.345703 0.0803758 370.602 0 0
1500 91.3091 3.03408 17.9076 0.597843 0.0216217 370.807 0 0
1500 72.1045 -23.0294 17.4935 0.256921 -0.319303 370.866 0 0
1500 124.63 -6.43097 17.2294 0.908514 -0.0997223 370.886 0 0
1500 81.0794 35.8211 17.3415 0.358036 0.551828 370.979 0 0
1500 127.859 -11.4505 17.4027 1.13718 -0.168548 371.019 0 0
1500 103.167 8.64405 17.4748 0.702831 0.150371 371.198 0 0
1500 34.1865 -64.6607 17.1725 -0.325976 -0.931603 371.325 0 0
1500 24.8041 -67.993 17.1904 -0.485192 -0.922208 371.666 0 0
1500 62.3972 -15.6669 17.3026 0.122666 -0.264028 371.753 0 0
1500 98.0003 11.0361 17.3424 0.531727 0.193018 371.936 0 0
1500 71.9094 72.6352 17.2084 0.198104 1.02161 371.963 0 0
1500 105.086 33.5864 17.4968 0.721436 0.481313 371.941 0 0
1500 -16.9736 -5.30443 17.207 -1.02252 -0.107272 372.072 0 0
1500 45.6693 -17.3564 17.6306 -0.184446 -0.233414 372.093 0 0
1500 35.4794 71.6425 17.215 -0.281523 1.00614 372.143 0 0
1500 54.3744 11.3502 17.8314 -0.00973222 0.183446 372.244 0 0
1500 55.0773 -32.1134 17.8093 -0.0344951 -0.582368 372.418 0 0
1500 -4.03454 -16.7767 17.3117 -0.891189 -0.242641 372.454 0 0
1500 88.095 -71.118 17.2653 0.40477 -1.03038 372.437 0 0
1500 111.074 -6.92518 17.2538 0.731913 -0.161558 372.596 0 0
1500 94.7799 -10.2884 18.5613 0.667737 -0.185621 372.704 0 0
1500 86.3963 -8.91764 18.5597 0.589487 -0.0852474 372.699 0 0
1500 31.0557 -7.57628 17.3413 -0.416813 -0.157476 372.95 0 0
1500 9.47856 -0.78289 17.3783 -0.721309 -0.0209127 373.064 0 0
1500 1.55387 29.0733 17.2568 -0.83346 0.412072 373.092 0 0
1500 76.5604 2.48785 17.5992 0.291007 -0.0343141 373.153 0 0
1500 54.0577 -5.63768 17.5043 -0.0546285 -0.0149644 373.208 0 0
1500 90.5582 -1.9283 17.8003 0.516024 -0.0264964 373.33 0 0
1500 112.75 -7.86885 17.4063 0.850289 -0.191225 373.482 0 0
1500 76.5129 -0.223535 17.8181 0.344892 -0.00588267 373.693 0 0
1500 109.448 130.475 17.3085 0.674221 1.87875 373.694 0 0
1500 63.3463 3.7784 17.6708 0.140395 0.121239 373.898 0 0
1500 47.1923 15.745 17.6945 -0.163649 0.194464 374.003 0 0
1500 87.9821 6.8166 17.3079 0.465851 0.0427227 374.06 0 0
1500 -12.4465 -35.552 17.3299 -1.01711 -0.569328 374.11 0 0
1500 68.9168 3.48773 18.2286 0.2662 0.112079 374.147 0 0
1500 96.4191 -38.412 17.616 0.616258 -0.551573 374.156 0 0
1500 42.9684 -11.0446 17.5115 -0.253296 -0.136528 374.171 0 0
1500 85.3456 13.5034 17.8403 0.505832 0.175188 374.506 0 0
1500 113.276 9.51167 19.1562 1.15455 0.133874 374.496 0 0
1500 88.1489 -21.2585 17.8453 0.542149 -0.294589 374.729 0 0
1500 42.0415 16.3682 17.4814 -0.268498 0.260417 374.745 0 0
1500 33.8222 -65.7626 17.305 -0.316242 -0.904562 374.778 0 0
1500 100.42 60.4054 17.3393 0.585511 0.863435 374.814 0 0
1500 96.5441 1.06006 17.4935 0.604003 -0.035892 374.802 0 0
1500 88.4303 -45.5163 17.7885 0.544279 -0.825195 374.801 0 0
1500 99.9821 -21.4966 17.4858 0.583279 -0.305651 374.905 0 0
1500 125.194 40.8458 18.1735 1.24289 0.710417 375.051 0 0
1500 123.484 -3.54671 17.4805 0.963363 -0.070599 375.132 0 0
1500 25.5417 -52.6365 17.3489 -0.495719 -0.768453 375.175 0 0
1500 82.8804 -3.90832 18.7734 0.56476 -0.0466121 375.337 0 0
1500 86.5776 3.61481 17.9837 0.450885 0.0916879 375.491 0 0
1500 98.3493 -62.4873 17.3972 0.577929 -0.874552 375.49 0 0
1500 -13.5883 7.47935 17.3301 -1.02187 0.133698 375.479 0 0
1500 19.512 -49.4976 17.3421 -0.488615 -0.735049 375.602 0 0
1500 38.0941 -30.142 17.4827 -0.253612 -0.489971 375.529 0 0
1500 91.7812 -36.4821 17.6064 0.479609 -0.567455 375.767 0 0
1500 69.6245 -72.0004 17.4187 0.117694 -1.01575 375.966 0 0
1500 22.891 -55.7808 17.3504 -0.439979 -0.817968 375.935 0 0
1500 67.5423 16.827 18.3134 0.206291 0.304433 376.135 0 0
1500 124.649 7.72632 17.3565 0.954311 0.0539418 376.169 0 0
1500 20.5355 37.4937 17.3901 -0.475359 0.538357 376.394 0 0
1500 61.0421 28.9281 17.4002 -0.0130335 0.452513 376.34 0 0
1500 89.16 -5.20407 18.3246 0.535909 -0.0493778 376.585 0 0
1500 82.1053 -28.6989 18.07 0.405906 -0.463977 376.733 0 0
1500 119.059 -16.5512 18.0588 1.06907 -0.271948 376.754 0 0
1500 118.584 -0.602095 17.6064 0.898465 0.0406249 376.801 0 0
1500 102.648 -12.4504 17.5193 0.680005 -0.119933 376.824 0 0
1500 44.7198 14.1753 17.8229 -0.165443 0.19905 376.846 0 0
1500 89.2585 -41.804 17.7599 0.476683 -0.705194 376.91 0 0
1500 84.8154 56.5776 17.4994 0.348316 0.87509 376.979 0 0
1500 52.3009 -16.8021 17.6458 -0.111315 -0.201134 377.051 0 0
1500 60.2974 -75.3068 17.4117 -0.0182794 -1.04813 377.358 0 0
1500 87.442 -57.2672 17.5239 0.424446 -0.846966 377.363 0 0
1500 56.731 76.1488 17.5774 0.0287318 1.18865 377.405 0 0
1500 93.406 15.4653 17.8755 0.549471 0.279337 377.558 0 0
1500 97.354 17.7088 18.0736 0.620012 0.323298 377.567 0 0
1500 89.5373 20.5578 17.6892 0.576374 0.311639 377.758 0 0
1500 55.7505 3.15091 18.0947 0.0141709 0.09664 377.817 0 0
1500 73.723 5.45706 19.1871 0.421558 0.131274 377.927 0 0
1500 86.5093 -19.4762 17.5638 0.484655 -0.2719 377.897 0 0
1500 120.693 -16.6606 17.4408 0.896637 -0.287434 377.976 0 0
1500 43.557 52.0633 17.6371 -0.290903 0.790871 377.944 0 0
1500 73.6409 10.1855 18.6963 0.34129 0.18883 378.15 0 0
1500 28.1245 13.898 17.4576 -0.425118 0.14071 378.205 0 0
1500 82.8186 0.506697 17.7598 0.395859 0.0757998 378.368 0 0
1500 84.9059 -24.7778 17.7699 0.425086 -0.413751 378.453 0 0
1500 100.477 17.5491 18.0192 0.76423 0.328873 378.466 0 0
1500 23.0174 -67.886 17.4278 -0.422867 -0.949664 378.583 0 0
1500 92.0397 8.1033 17.7555 0.502873 0.130113 378.608 0 0
1500 76.7967 -2.44753 18.7741 0.481753 -0.0265412 378.676 0 0
1500 130.193 15.8022 17.4375 1.00596 0.17648 378.87 0 0
1500 27.751 61.2524 17.4556 -0.466678 0.877781 378.874 0 0
1500 147.623 18.2942 17.5519 1.40164 0.234752 378.977 0 0
1500 68.031 -5.98163 17.7806 0.207634 -0.0420183 379.143 0 0
1500 80.5815 12.4812 18.0902 0.455959 0.160738 379.308 0 0
1500 115.14 -18.4303 17.5934 0.867637 -0.252081 379.364 0 0
1500 44.6537 -31.253 17.6758 -0.230949 -0.425358 379.339 0 0
1500 114.381 -8.50658 18.1588 0.963915 -0.158537 379.726 0 0
1500 106.622 -31.0997 17.7026 0.750365 -0.458048 379.786 0 0
1500 60.6239 -8.00224 18.421 0.135021 -0.171012 379.864 0 0
1500 -10.1108 -4.22731 17.885 -1.20945 -0.0983479 379.91 0 0
1500 62.5163 23.0259 17.9757 0.13983 0.384675 379.963 0 0
1500 104.427 21.5624 17.5732 0.718031 0.269915 379.945 0 0
1500 31.3505 -16.898 17.6274 -0.428285 -0.292513 380.005 0 0
1500 90.5708 7.37028 18.3294 0.615969 0.105571 380.132 0 0
1500 81.4651 14.8382 17.978 0.400243 0.271286 380.104 0 0
1500 130.008 -2.64991 17.9747 1.28593 -0.0698486 380.111 0 0
1500 46.9887 11.1843 18.2467 -0.148269 0.147542 380.173 0 0
1500 100.878 -47.3431 17.4925 0.594331 -0.661355 380.422 0 0
1500 80.9648 -18.5606 18.0585 0.413665 -0.36291 380.447 0 0
1500 124.597 22.5023 17.654 0.964942 0.347054 380.462 0 0
1500 84.9183 6.53043 18.0642 0.445396 0.0988184 380.527 0 0
1500 43.4096 -61.9476 17.4996 -0.148672 -0.848199 380.61 0 0
1500 -1.8898 42.4734 17.5056 -0.850355 0.606912 380.652 0 0
1500 39.4744 69.5264 17.5391 -0.268217 1.00215 380.748 0 0
1500 61.6572 -8.40703 18.1092 0.0993118 -0.178448 380.823 0 0
1500 70.4487 -58.2289 17.6072 0.242597 -0.864313 380.859 0 0
1500 114.664 -6.20092 17.6604 0.831164 -0.14191 381.061 0 0
1500 81.3174 7.67527 18.0289 0.430411 0.0526674 381.092 0 0
1500 80.2084 7.75648 18.3352 0.364171 0.159347 381.165 0 0
1500 79.191 9.05494 17.8712 0.350499 0.0800312 381.3 0 0
1500 88.8332 -6.66323 18.033 0.532057 -0.144287 381.345 0 0
1500 89.7769 -13.9856 17.9767 0.473066 -0.227308 381.39 0 0
1500 68.3087 -13.5868 18.248 0.183282 -0.230899 381.395 0 0
1500 68.4091 1.81119 17.7116 0.204705 0.00139435 381.45 0 0
1500 41.7803 -36.5179 17.8901 -0.223711 -0.557361 381.449 0 0
1500 80.2002 -25.4497 18.2262 0.432508 -0.478049 381.446 0 0
1500 26.4916 44.6208 17.7144 -0.482692 0.737242 381.517 0 0
1500 58.266 -38.8642 17.9563 0.0399841 -0.602547 381.832 0 0
1500 82.5984 17.7328 17.839 0.388134 0.316781 382.026 0 0
1500 119.912 18.1605 17.9139 1.04239 0.285493 382.027 0 0
1500 115.369 -29.2294 17.7395 0.935943 -0.408216 382.073 0 0
1500 114.224 -40.9752 17.5363 0.782261 -0.581927 382.138 0 0
1500 57.598 -8.91893 18.1475 0.0473705 -0.18759 382.181 0 0
1500 117.094 -22.2245 17.638 0.88538 -0.337888 382.274 0 0
1500 69.5265 -4.94459 19.0746 0.342382 -0.141693 382.275 0 0
1500 99.5432 33.1266 17.9417 0.667532 0.495856 382.432 0 0
1500 53.7807 29.1076 17.7723 -0.0834883 0.39685 382.502 0 0
1500 64.0901 -25.6503 17.8225 0.136488 -0.427118 382.549 0 0
1500 51.336 -7.04637 17.5789 -0.0452415 -0.136304 382.582 0 0
1500 65.8325 -18.3314 17.8058 0.121647 -0.326403 382.654 0 0
1500 87.7595 -3.59549 19.4786 0.654294 0.00649029 382.802 0 0
1500 26.7945 53.6508 17.5795 -0.455003 0.734204 382.857 0 0
1500 103.439 -57.9598 17.649 0.674637 -0.801198 383.104 0 0
1500 12.8822 -13.3059 17.7485 -0.67796 -0.199872 383.149 0 0
1500 47.3303 -36.9515 17.813 -0.137923 -0.584379 383.172 0 0
1500 53.8647 39.0033 17.8848 -0.083063 0.57251 383.267 0 0
1500 145.871 -11.9857 17.6731 1.34453 -0.168906 383.259 0 0
1500 67.5398 -12.5797 18.1647 0.157413 -0.222028 383.298 0 0
1500 48.0175 -44.2096 17.8565 -0.149942 -0.666348 383.292 0 0
1500 88.9045 -13.848 17.7272 0.50124 -0.241271 383.387 0 0
1500 76.9076 -4.91201 18.4367 0.368625 -0.0603023 383.418 0 0
1500 5.15399 4.25078 17.6047 -0.728574 0.0942774 383.536 0 0
1500 67.472 -18.0735 18.5663 0.198001 -0.268241 383.735 0 0
1500 62.5863 -62.5094 17.6728 0.0183387 -0.906977 383.653 0 0
1500 63.1032 3.09436 17.9184 0.0649797 0.0968543 383.844 0 0
1500 47.2759 43.3288 17.7042 -0.150952 0.677807 384.141 0 0
1500 97.8199 25.2612 17.7046 0.558623 0.423934 384.167 0 0
1500 90.808 -8.10058 18.1111 0.619847 -0.0767579 384.221 0 0
1500 95.6225 10.02 17.9065 0.630346 0.1391 384.427 0 0
1500 108.364 -5.49922 17.6415 0.779452 -0.0623149 384.442 0 0
1500 27.0603 -38.9113 17.6976 -0.513819 -0.612985 384.504 0 0
1500 -84.0025 -17.5146 17.9008 -2.36825 -0.250192 384.556 0 0
1500 62.4269 -3.1316 17.8943 0.0609239 0.0176413 384.679 0 0
1500 100.244 8.37801 18.0572 0.809309 0.196214 384.6 0 0
1500 41.8541 -7.09474 18.356 -0.270112 -0.139238 384.755 0 0
1500 73.8025 -0.4133 18.0725 0.357721 0.0252283 384.818 0 0
1500 73.6009 -12.7103 18.3776 0.313328 -0.241715 384.828 0 0
1500 98.7752 25.2165 17.7326 0.603276 0.4132 384.845 0 0
1500 120.222 24.6478 17.66 0.911317 0.382793 385.039 0 0
1500 87.1305 10.2289 17.7648 0.470265 0.0891075 385.075 0 0
1500 83.6528 -5.61826 18.0779 0.479242 -0.0536424 385.122 0 0
1500 86.2996 -12.511 18.4676 0.552867 -0.15321 385.192 0 0
1500 95.581 -8.12536 18.3899 0.669099 -0.0853075 385.258 0 0
1500 126.778 -2.24248 17.794 1.01924 -0.0223122 385.267 0 0
1500 99.9026 32.9196 17.7415 0.61489 0.516468 385.314 0 0
1500 85.8045 28.4345 18.1275 0.455084 0.534729 385.353 0 0
1500 82.0824 -31.5135 17.9406 0.38586 -0.510198 385.379 0 0
1500 73.5666 1.00456 18.7558 0.331846 -0.0507581 385.364 0 0
1500 73.2489 -7.4817 17.7454 0.284881 -0.0614174 385.481 0 0
1500 90.832 -16.2089 18.2154 0.584636 -0.244259 385.592 0 0
1500 23.6474 -53.7844 17.7028 -0.538487 -0.83215 385.689 0 0
1500 63.9651 -22.2013 17.6785 0.157545 -0.323103 385.931 0 0
1500 91.1697 -31.1307 17.7908 0.554338 -0.456139 386.02 0 0
1500 119.559 39.5207 17.9211 1.05663 0.631966 385.998 0 0
1500 34.2549 70.991 17.6408 -0.278486 1.00342 386.032 0 0
1500 20.4511 -84.4582 17.761 -0.563006 -1.38166 386.081 0 0
1500 65.6095 30.6664 18.2877 0.16119 0.486685 386.147 0 0
1500 30.2311 48.5139 17.721 -0.38499 0.754858 386.296 0 0
1500 81.3742 13.3884 18.0819 0.446838 0.222009 386.285 0 0
1500 102.543 11.5416 17.8496 0.720203 0.176327 386.488 0 0
1500 121.665 12.9197 17.6572 0.95077 0.152678 386.544 0 0
1500 43.8338 -2.64181 17.8639 -0.245717 -0.0752472 386.64 0 0
1500 33.4886 25.5081 17.853 -0.396468 0.394956 386.819 0 0
1500 28.8569 20.6069 17.8531 -0.462747 0.324657 386.833 0 0
1500 79.6871 -27.9626 17.7217 0.374877 -0.446359 386.774 0 0
1500 115.311 -10.811 17.8028 0.884956 -0.166156 386.926 0 0
1500 18.9932 -15.1637 17.8546 -0.602519 -0.187348 387.012 0 0
1500 50.5367 42.3629 17.8551 -0.151613 0.634149 387.076 0 0
1500 84.2269 -26.088 18.3914 0.452854 -0.425639 387.155 0 0
1500 125.288 12.627 17.7541 0.997333 0.199745 387.207 0 0
1500 74.5807 -0.834006 17.9886 0.343555 0.00730658 387.158 0 0
1500 43.9509 -26.2633 17.8142 -0.177594 -0.452343 387.256 0 0
1500 92.7104 -7.66386 18.09 0.542327 -0.0952318 387.285 0 0
1500 77.1606 -97.4557 17.743 0.272347 -1.49376 387.294 0 0
1500 11.3512 111.722 17.698 -0.657778 1.60653 387.328 0 0
1500 119.449 -11.1721 17.809 0.937559 -0.170248 387.328 0 0
1500 100.038 3.69546 18.6694 0.756376 0.110026 387.49 0 0
1500 86.7615 -64.9623 17.6741 0.457324 -0.923677 387.453 0 0
1500 87.6112 57.8802 17.9001 0.469425 0.951021 387.482 0 0
1500 -8.54493 -5.83937 17.8006 -0.995142 -0.136492 387.64 0 0
1500 52.7713 0.0325019 18.2195 -0.0561225 0.0533027 387.967 0 0
1500 13.0353 56.0693 17.6813 -0.629584 0.816113 388.016 0 0
1500 87.6513 5.36659 17.9226 0.449386 0.150103 388.004 0 0
1500 101.076 7.14997 17.9955 0.713969 0.12016 388.065 0 0
1500 69.4573 7.05289 18.2199 0.180763 0.152867 388.061 0 0
1500 91.4184 -13.2219 18.1757 0.581421 -0.244235 388.222 0 0
1500 117.109 48.4823 17.7788 0.919878 0.683895 388.427 0 0
1500 96.3925 15.2351 17.8604 0.642689 0.232981 388.413 0 0
1500 93.3904 9.07689 17.8248 0.595167 0.160827 388.491 0 0
1500 89.4274 51.4921 17.9118 0.499252 0.882669 388.516 0 0
1500 50.5024 -38.9451 18.146 -0.13353 -0.750634 388.508 0 0
1500 85.5138 46.2159 17.7206 0.394638 0.648986 388.618 0 0
1500 -7.30266 26.5565 17.7003 -0.89433 0.415972 388.71 0 0
1500 106.479 33.4956 17.7351 0.761957 0.455108 388.589 0 0
1500 51.2846 -2.42063 17.8502 -0.0969327 -0.111243 388.576 0 0
1500 118.968 42.2796 17.7033 0.885343 0.545763 388.787 0 0
1500 28.5988 44.6772 17.7799 -0.481991 0.653084 388.811 0 0
1500 49.796 -47.7144 17.9547 -0.15991 -0.733623 388.821 0 0
1500 5.6592 -8.93072 17.7801 -0.808419 -0.110417 388.838 0 0
1500 91.0434 3.44316 17.7746 0.493934 0.0558629 388.87 0 0
1500 16.0294 32.7087 17.8154 -0.632207 0.489232 388.959 0 0
1500 -40.182 -84.4015 17.7147 -1.44616 -1.17432 389.003 0 0
1500 20.4623 16.4889 17.7656 -0.611858 0.286927 389.013 0 0
1500 53.4353 71.9662 17.7724 -0.0554698 1.04422 389.11 0 0
1500 67.2021 16.6041 17.8178 0.0754841 0.282751 389.377 0 0
1500 44.9008 -45.1856 17.8692 -0.258389 -0.746988 389.363 0 0
1500 51.4865 -10.5378 18.1134 -0.0805763 -0.178368 389.458 0 0
1500 76.1115 -39.4222 17.8331 0.220253 -0.616686 389.785 0 0
1500 47.4719 47.7399 17.9495 -0.226622 0.755381 389.936 0 0
1500 65.472 33.9906 17.9023 0.10784 0.609854 389.857 0 0
1500 110.627 -20.6391 18.0917 0.938283 -0.416866 390.075 0 0
1500 88.3502 -8.51241 18.2876 0.556158 -0.168565 390.172 0 0
1500 89.1145 2.08697 18.9188 0.622121 -0.024231 390.554 0 0
1500 61.092 41.7206 17.852 0.00143071 0.688408 390.606 0 0
1500 98.3281 20.1792 18.0611 0.665681 0.351451 390.717 0 0
1500 98.7386 -37.1382 18.3991 0.779361 -0.7 390.702 0 0
1500 62.4645 -8.99075 18.3377 0.149285 -0.202652 390.78 0 0
1500 73.8533 17.0995 19.0038 0.367997 0.298002 390.844 0 0
1500 68.6514 16.4508 18.23 0.182516 0.306381 390.929 0 0
1500 17.5179 44.2665 17.7658 -0.560769 0.714224 390.921 0 0
1500 104.366 -11.6771 18.2908 0.776199 -0.211407 390.943 0 0
1500 77.1831 -0.215252 18.9626 0.425769 -0.0175399 390.989 0 0
1500 25.0897 -47.5984 17.768 -0.473015 -0.779055 391.025 0 0
1500 143.565 21.2016 17.867 1.36605 0.420017 391.047 0 0
1500 119.411 -11.3072 17.7665 0.932223 -0.10134 391.133 0 0
1500 74.9245 -23.0363 17.965 0.335623 -0.385507 391.075 0 0
1500 107.256 -22.7792 17.7698 0.703516 -0.324856 391.218 0 0
1500 116.922 42.4287 17.753 0.871533 0.568388 391.21 0 0
1500 5.64204 -25.4427 17.8178 -0.838426 -0.323897 391.266 0 0
1500 65.0342 -47.0718 17.7762 0.119785 -0.777762 391.634 0 0
1500 55.0133 -8.59836 18.0519 -0.0586967 -0.0671638 391.594 0 0
1500 89.6061 27.1761 17.8767 0.577673 0.441208 391.606 0 0
1500 75.7132 -1.01047 17.8452 0.315379 0.0518055 391.811 0 0
1500 108.996 -44.9033 17.9282 0.819216 -0.804525 391.812 0 0
1500 71.8625 11.1911 18.2171 0.262841 0.185388 392.228 0 0
1500 25.0686 58.3469 17.8218 -0.534876 0.872169 392.343 0 0
1500 89.8517 -17.5324 17.97 0.467236 -0.34518 392.39 0 0
1500 71.4924 3.25192 17.9013 0.239911 0.0659614 392.588 0 0
1500 67.7614 -32.7051 17.871 0.220607 -0.54098 392.507 0 0
1500 40.5622 19.4288 18.331 -0.328856 0.437959 392.532 0 0
1500 35.281 29.9084 17.8994 -0.346253 0.427602 392.78 0 0
1500 102.43 -25.5529 17.8316 0.737649 -0.352157 392.743 0 0
1500 92.5345 -13.9694 17.9435 0.522991 -0.194211 392.86 0 0
1500 62.8313 14.5951 18.3917 0.11471 0.242005 393.045 0 0
1500 70.1856 26.4107 18.4563 0.257018 0.456733 393.06 0 0
1500 80.3047 -64.9853 17.7666 0.347548 -0.987795 393.17 0 0
1500 9.30627 25.0953 17.9267 -0.817753 0.347948 393.178 0 0
1500 22.0047 -19.3515 17.9629 -0.609705 -0.393499 393.235 0 0
1500 87.5826 2.64708 18.1141 0.492249 0.106664 393.244 0 0
1500 67.9081 -19.1739 18.0782 0.244105 -0.337328 393.47 0 0
1500 93.2432 19.6163 18.4546 0.588772 0.355614 393.496 0 0
1500 132.468 24.7173 18.4558 1.39799 0.475492 393.521 0 0
1500 -6.0543 -12.8783 17.862 -0.988911 -0.222164 393.65 0 0
1500 61.3663 -13.5491 18.3318 0.0599876 -0.248745 393.723 0 0
1500 80.9116 23.7594 18.0245 0.348977 0.43182 393.736 0 0
1500 -0.362331 17.8084 17.9083 -1.00627 0.267503 393.828 0 0
1500 33.8972 12.2761 18.1697 -0.381723 0.225032 394.001 0 0
1500 81.2852 -6.31981 18.4435 0.477113 -0.0400675 394.063 0 0
1500 -5.59599 -48.4084 17.8649 -1.04192 -0.839533 394.042 0 0
1500 116.022 31.3891 17.83 0.887079 0.550938 394.224 0 0
1500 44.2867 15.8931 18.2284 -0.246522 0.238816 394.124 0 0
1500 95.471 -57.8406 18.1042 0.651386 -0.98451 394.363 0 0
1500 -21.6723 -102.544 17.9977 -1.29532 -1.77032 394.382 0 0
1500 63.3609 53.399 17.9928 0.0504645 0.849837 394.41 0 0
1500 70.2432 -2.07319 18.4231 0.260018 -0.105185 394.416 0 0
1500 35.8796 25.2468 17.9342 -0.322443 0.368158 394.494 0 0
1500 96.4238 -11.1008 19.333 0.814274 -0.24216 394.574 0 0
1500 98.9634 -17.9711 18.1668 0.704127 -0.322954 394.705 0 0
1500 87.8115 -9.02107 19.4643 0.674152 -0.138734 394.872 0 0
1500 57.8735 -20.7583 17.9909 0.0478754 -0.322496 394.855 0 0
1500 67.5858 -7.55562 18.381 0.240392 -0.073277 395.036 0 0
1500 50.8312 15.0431 17.9707 -0.157485 0.189377 395.025 0 0
1500 41.6741 -13.6395 17.8387 -0.298271 -0.14763 395.053 0 0
1500 75.5785 -64.7149 17.7913 0.263746 -0.989653 395.164 0 0
1500 68.9897 16.2215 18.1435 0.235976 0.225484 395.278 0 0
1500 85.846 38.2934 18.0617 0.474257 0.644845 395.44 0 0
1500 75.5703 11.801 18.3687 0.273116 0.212065 395.606 0 0
1500 44.0402 21.7187 18.2811 -0.194651 0.387963 395.573 0 0
1500 67.3671 -23.4062 17.9364 0.114908 -0.426075 395.734 0 0
1500 18.2453 12.3751 17.8196 -0.672225 0.239617 395.746 0 0
1500 108.568 -24.8749 18.4758 0.9168 -0.417157 395.936 0 0
1500 63.7881 -35.3281 18.3141 0.166766 -0.60062 396.012 0 0
1500 94.5481 -0.729604 18.4088 0.688737 0.00937238 396.007 0 0
1500 73.7761 34.9943 18.2764 0.251606 0.584065 396.013 0 0
1500 64.6372 -10.527 18.0784 0.144682 -0.237928 396.009 0 0
1500 76.1645 36.7809 18.2957 0.299655 0.615442 396.367 0 0
1500 114.088 -34.4147 17.8938 0.871721 -0.511037 396.438 0 0
1500 74.5617 32.3933 17.8373 0.255618 0.498788 396.537 0 0
1500 59.9706 -43.6514 17.8119 0.0484036 -0.745915 396.533 0 0
1500 113.556 -36.5569 18.1349 1.01587 -0.606683 396.79 0 0
1500 1.12005 -28.4223 17.8167 -0.869726 -0.373824 396.957 0 0
1500 71.7851 22.1217 18.0444 0.166393 0.347287 396.931 0 0
1500 49.2307 0.628603 18.1588 -0.137185 0.0396337 396.923 0 0
1500 69.6258 56.6742 17.8203 0.13305 0.92037 396.918 0 0
1500 108.229 18.7494 19.1616 1.15957 0.462774 396.917 0 0
1500 126.472 4.44458 17.8075 1.03995 0.128547 396.987 0 0
1500 27.4428 -43.9148 17.817 -0.41006 -0.675919 397.024 0 0
1500 67.4615 66.209 17.8077 0.174168 1.03363 397.049 0 0
1500 45.1985 -14.7302 17.8454 -0.269129 -0.191769 397.09 0 0
1500 71.8568 -1.2758 18.2066 0.247272 -0.0758042 397.122 0 0
1500 61.4011 16.6823 18.2073 0.0427673 0.267484 397.159 0 0
1500 65.0479 32.3295 18.3125 0.173442 0.560236 397.472 0 0
1500 112.577 -53.2194 17.9356 0.961391 -0.854496 397.478 0 0
1500 85.6049 23.6354 18.0768 0.424666 0.398536 397.503 0 0
1500 88.7451 25.8586 18.0727 0.496255 0.436235 397.526 0 0
1500 136.395 20.6632 17.9274 1.27175 0.356843 397.521 0 0
1500 101.465 -47.2236 18.0453 0.821693 -0.803009 397.525 0 0
1500 104.665 -35.7849 17.8078 0.794592 -0.546646 397.536 0 0
1500 46.433 17.4618 17.9049 -0.220338 0.210365 397.593 0 0
1500 113.132 21.6768 18.0058 0.878112 0.390293 397.703 0 0
1500 84.0403 -54.6099 17.9198 0.410735 -0.890644 397.781 0 0
1500 29.3949 -0.254156 17.9008 -0.484151 -0.0657954 397.864 0 0
1500 39.5381 -59.1788 17.9173 -0.304384 -0.945661 397.998 0 0
1500 62.9285 35.6626 18.396 0.145696 0.608262 398.058 0 0
1500 82.2716 8.07794 18.0188 0.411994 0.118626 398.059 0 0
1500 120.064 -26.841 17.8512 0.935064 -0.467122 398.022 0 0
1500 92.0732 35.0995 17.9601 0.527151 0.537096 398.221 0 0
1500 -15.7154 -26.081 18.0608 -1.31727 -0.494809 398.242 0 0
1500 87.9157 27.9579 18.4298 0.523545 0.554535 398.291 0 0
1500 97.1688 -1.63819 18.3309 0.710916 -0.0713432 398.369 0 0
1500 66.7803 36.2699 18.4358 0.201335 0.663493 398.329 0 0
1500 -109.41 29.3452 18.0046 -2.87989 0.464073 398.459 0 0
1500 70.6902 -22.7097 18.5197 0.254133 -0.357003 398.518 0 0
1500 70.3436 9.9973 18.31 0.186427 0.19059 398.572 0 0
1500 71.0489 -7.56584 18.0915 0.267979 -0.109423 398.606 0 0
1500 53.2104 -10.3353 18.3255 -0.0840289 -0.147247 398.613 0 0
1500 61.6298 62.9903 17.8169 0.0866494 0.96365 398.664 0 0
1500 60.7474 -13.4908 18.4559 0.0488578 -0.204673 398.728 0 0
1500 90.9497 -7.65499 18.5375 0.675412 -0.242914 398.691 0 0
1500 65.0059 6.53204 18.3793 0.20483 0.124078 398.846 0 0
1500 20.0575 -37.4198 17.9619 -0.637102 -0.706842 399.268 0 0
1500 74.9877 34.5475 17.8329 0.338287 0.520554 399.425 0 0
1500 119.522 -17.5151 17.9686 0.965355 -0.280145 399.49 0 0
1500 121.728 3.02828 18.0181 1.03056 0.0798075 399.795 0 0
1500 73.6178 -40.1025 17.8296 0.315718 -0.635744 399.69 0 0
1500 87.7978 51.5518 17.8199 0.529191 0.790146 399.864 0 0
1500 107.439 37.12 17.8499 0.770233 0.547027 399.891 0 0
1500 69.9448 26.8948 18.411 0.161876 0.570752 399.895 0 0
1500 7.62174 38.8238 17.8125 -0.785335 0.607428 399.906 0 0
1500 35.0479 -39.1785 17.9723 -0.349767 -0.731495 400.174 0 0
1500 70.3734 13.42 19.4428 0.336257 0.222897 400.455 0 0
1500 86.5857 51.2698 17.8797 0.449824 0.790201 400.378 0 0
1500 9.3456 32.4816 17.818 -0.752563 0.510444 400.629 0 0
1500 73.2695 -22.4103 18.1061 0.292841 -0.347729 400.805 0 0
1500 99.493 -48.0586 18.2474 0.751543 -0.887952 400.809 0 0
1500 54.446 56.1815 17.9194 -0.0551031 1.01662 400.844 0 0
1500 74.5512 -32.0101 18.0177 0.326699 -0.550337 400.907 0 0
1500 62.7358 0.290432 17.85 0.09888 0.0636658 401.209 0 0
1500 90.0218 -66.8104 17.8422 0.558024 -1.03159 401.242 0 0
1500 14.0525 18.3427 17.938 -0.729655 0.3074 401.391 0 0
1500 80.3613 6.57984 17.8387 0.394401 0.165562 401.471 0 0
1500 13.2323 28.4102 18.0528 -0.740588 0.543247 401.488 0 0
1500 53.0224 -2.47934 18.3421 -0.0849802 -0.0453758 401.559 0 0
1500 68.7204 37.8177 18.1349 0.160992 0.639359 401.757 0 0
1500 112.017 36.959 18.311 0.948384 0.667989 402.149 0 0
1500 91.3157 -46.1537 18.0043 0.571904 -0.751543 402.279 0 0
1500 85.7956 70.1388 18.1644 0.544002 1.22685 402.243 0 0
1500 127.311 12.9547 18.2597 1.23224 0.195858 402.578 0 0
1500 94.3384 17.9575 17.9292 0.534082 0.319534 402.659 0 0
1500 88.8467 -29.7793 18.0586 0.480354 -0.479645 402.753 0 0
1500 104.996 -38.8491 18.0013 0.771418 -0.636747 402.803 0 0
1500 89.3144 -33.8836 17.831 0.452523 -0.593993 402.865 0 0
1500 80.5058 -37.2038 17.8321 0.317097 -0.646172 402.769 0 0
1500 72.0067 -37.0735 18.0786 0.23286 -0.583137 403.025 0 0
1500 2.90744 37.8111 17.9067 -0.861558 0.582763 403.031 0 0
1500 50.2115 13.046 17.9434 -0.181513 0.175355 403.075 0 0
1500 60.7577 -58.418 17.8852 0.00291893 -0.892699 403.405 0 0
1500 129.622 -38.3012 18.149 1.25356 -0.61918 403.403 0 0
1500 24.1056 -2.58762 17.9924 -0.641259 0.0154148 403.375 0 0
1500 88.4283 32.1913 18.0357 0.511543 0.483854 403.468 0 0
1500 94.3404 14.4972 19.2286 0.742531 0.262495 403.491 0 0
1500 81.346 -62.7259 17.8147 0.41087 -0.930419 403.521 0 0
1500 66.8238 3.92882 18.0615 0.175222 -0.00826204 403.53 0 0
1500 35.6519 39.2029 17.8454 -0.415429 0.575033 403.526 0 0
1500 46.1562 -30.5612 17.9365 -0.24295 -0.500511 403.538 0 0
1500 80.2595 52.5394 18.0615 0.398722 0.853826 403.611 0 0
1500 89.4255 -18.2827 18.1902 0.597127 -0.297773 403.776 0 0
1500 102.071 -2.25611 17.985 0.707854 -0.026776 403.946 0 0
1500 32.3282 35.5683 17.8282 -0.435459 0.515817 403.905 0 0
1500 85.9627 -36.2176 18.0978 0.520411 -0.592911 404.169 0 0
1500 92.2529 -33.1017 18.0291 0.649858 -0.556673 404.165 0 0
1500 38.5259 25.9858 17.9977 -0.351616 0.37248 404.232 0 0
1500 82.1764 42.2371 18.0806 0.459617 0.683997 404.275 0 0
1500 69.6548 -6.25778 17.8503 0.248506 -0.0561477 404.323 0 0
1500 6.63314 -43.0053 17.8823 -0.825968 -0.706275 404.435 0 0
1500 54.0189 -14.1024 17.9168 -0.0568903 -0.297777 404.429 0 0
1500 104.034 47.6223 17.8341 0.746181 0.720965 404.546 0 0
1500 58.5374 -47.8422 17.8531 0.0143344 -0.810698 404.52 0 0
1500 60.6214 -15.6285 17.8562 0.0477507 -0.322454 404.595 0 0
1500 14.553 -45.5411 17.8682 -0.719394 -0.7017 404.646 0 0
1500 96.8096 -31.8057 18.1298 0.63718 -0.553326 404.84 0 0
1500 50.7992 39.1348 17.959 -0.0582159 0.669339 404.867 0 0
1500 87.6111 9.54093 18.6439 0.619567 0.146732 404.898 0 0
1500 105.972 25.4867 17.8243 0.753843 0.349535 405.018 0 0
1500 107.962 -11.0749 17.9138 0.844179 -0.144159 405.1 0 0
1500 105.302 -23.1626 17.9132 0.802939 -0.328046 405.158 0 0
1500 58.2127 -28.5896 17.9444 -0.0453347 -0.489585 405.089 0 0
1500 89.1947 -45.1943 18.1265 0.519413 -0.750591 405.231 0 0
1500 77.6056 -63.8311 17.8158 0.261286 -1.01484 405.494 0 0
1500 82.118 -37.2415 17.9948 0.364511 -0.64149 405.315 0 0
1500 53.4124 -30.3959 18.056 -0.115976 -0.488997 405.336 0 0
1500 94.5222 -44.6863 18.1245 0.596765 -0.739972 405.503 0 0
1500 29.3558 -20.3546 18.016 -0.542351 -0.305291 405.573 0 0
1500 119.017 -1.21583 17.7971 0.987966 -0.0475239 405.672 0 0
1500 84.2793 -48.4928 17.8106 0.409821 -0.756504 406.095 0 0
1500 13.5604 33.5176 17.9133 -0.738136 0.490804 406.018 0 0
1500 106.993 -22.3052 17.8987 0.746755 -0.425192 405.954 0 0
1500 61.7706 -5.33938 17.9834 -0.00122875 -0.0845457 406.225 0 0
1500 68.0466 19.8655 17.8196 0.22877 0.290997 406.228 0 0
1500 5.40295 -22.1499 17.8366 -0.795552 -0.413818 406.24 0 0
1500 79.264 -6.74829 17.8472 0.355809 -0.179842 406.298 0 0
1500 72.9111 -17.7016 17.8184 0.304572 -0.297015 406.309 0 0
1500 59.2255 -27.1212 18.1405 -0.00234544 -0.410468 406.693 0 0
1500 104.707 -15.7687 18.0123 0.724906 -0.276505 406.708 0 0
1500 9.24638 -35.7571 17.9089 -0.796277 -0.556823 406.632 0 0
1500 94.7931 47.8919 17.825 0.619253 0.763739 406.704 0 0
1500 114.11 -24.8315 17.8256 0.912485 -0.335204 406.597 0 0
1500 99.6614 10.0279 18.0175 0.715731 0.100104 406.541 0 0
1500 1.97063 -32.3063 18.0586 -1.03396 -0.535996 406.583 0 0
1500 110.714 10.5487 18.0417 0.89683 0.160011 406.749 0 0
1500 34.5911 -29.8226 18.0936 -0.358058 -0.528458 406.785 0 0
1500 53.9781 9.24195 17.8653 0.00795719 0.159713 407.26 0 0
1500 120.111 -23.7655 17.9036 0.995986 -0.326602 407.295 0 0
1500 104.364 44.6928 17.9109 0.753763 0.714213 407.078 0 0
1500 66.1029 -29.401 17.9865 0.0682135 -0.45226 407.13 0 0
1500 120.543 -32.9432 17.9896 1.07687 -0.607248 407.181 0 0
1500 58.6705 56.384 18.0287 -0.0163199 0.903566 407.601 0 0
1500 51.6047 12.6737 18.1152 -0.133348 0.225862 407.601 0 0
1500 74.5383 -2.84829 17.8292 0.264114 -0.10026 407.723 0 0
1500 98.2117 0.494901 18.3567 0.745285 -0.00497746 407.709 0 0
1500 70.7553 24.0375 18.2183 0.256583 0.389952 408.1 0 0
1500 49.4039 -65.5383 17.8887 -0.12196 -1.04099 408.054 0 0
1500 56.0276 -2.4797 18.2831 -0.0478367 -0.0349021 408.136 0 0
1500 -9.03017 4.33285 17.9046 -1.04713 0.0457625 408.176 0 0
1500 111.543 1.95788 18.1502 0.911454 -0.0018573 408.21 0 0
1500 117.665 -19.0736 17.872 0.974535 -0.277419 408.18 0 0
1500 89.3752 1.96638 17.8886 0.524774 -0.0437758 408.274 0 0
1500 75.3901 -63.9907 17.8888 0.2604 -1.01359 408.359 0 0
1500 103.786 -28.9513 18.2031 0.805355 -0.445888 408.406 0 0
1500 115.32 -42.463 17.794 0.884127 -0.714556 408.304 0 0
1500 55.6391 -6.7009 18.0031 -0.0425773 -0.156041 408.621 0 0
1500 87.9694 16.0781 17.8355 0.462542 0.282927 408.489 0 0
1500 94.5823 -38.5812 17.8049 0.620162 -0.631467 408.512 0 0
1500 22.3116 10.1223 17.9273 -0.608637 0.121939 408.516 0 0
1500 14.467 22.2711 17.881 -0.680006 0.298361 408.631 0 0
1500 117.761 17.1612 17.7954 0.97049 0.239525 408.658 0 0
1500 12.3535 -37.1543 17.9405 -0.69369 -0.633577 408.671 0 0
1500 79.1442 14.3194 18.4929 0.36185 0.279777 408.686 0 0
1500 56.8776 -23.0445 18.1849 0.0390415 -0.428599 408.852 0 0
1500 -1.5124 -16.8436 17.7995 -0.975072 -0.244678 408.981 0 0
1500 113.655 -26.3953 17.8169 0.913724 -0.353204 408.948 0 0
1500 18.0934 -4.99932 17.9244 -0.681751 -0.163763 408.885 0 0
1500 105.73 51.1703 18.3777 0.896092 0.939258 408.968 0 0
1500 77.514 54.831 18.0576 0.423625 0.97768 409.051 0 0
1500 22.804 7.78681 17.8875 -0.557448 0.0924706 409.198 0 0
1500 85.5742 41.8401 18.2053 0.456721 0.766549 409.215 0 0
1500 118.997 -23.7647 17.8243 0.947347 -0.306429 409.323 0 0
1500 29.215 -9.94222 17.8897 -0.466252 -0.156258 409.368 0 0
1500 103.899 -18.8729 18.0975 0.734261 -0.305994 409.374 0 0
1500 93.0112 58.7478 17.793 0.590565 0.85757 409.386 0 0
1500 97.9414 38.172 17.9136 0.646526 0.566776 409.666 0 0
1500 94.499 7.17658 18.1754 0.650808 0.152125 409.629 0 0
1500 101.327 5.73818 17.848 0.727624 0.13882 409.435 0 0
1500 53.8251 2.55493 18.0006 -0.135897 0.000726263 409.663 0 0
1500 64.0775 -43.861 17.82 0.139388 -0.695516 409.767 0 0
1500 106.271 -40.948 17.8362 0.792103 -0.646106 409.761 0 0
1500 44.4434 88.3114 17.8896 -0.227682 1.43786 409.763 0 0
1500 91.8901 9.48607 18.1616 0.632681 0.162068 409.804 0 0
1500 98.6402 -12.6641 18.103 0.676925 -0.211443 409.859 0 0
1500 25.8741 -57.1392 17.9351 -0.48115 -0.91897 409.84 0 0
1500 89.4275 19.9216 18.1608 0.594629 0.32045 409.87 0 0
1500 75.9776 54.2123 17.9495 0.304887 0.835391 409.987 0 0
1500 20.8238 -56.8625 17.8582 -0.591372 -0.951169 410.034 0 0
1500 42.8456 26.1851 17.8913 -0.218903 0.483493 409.998 0 0
1500 110.347 -41.7968 17.8362 0.906237 -0.664113 409.939 0 0
1500 90.4902 30.5549 18.1715 0.585638 0.496862 410.233 0 0
1500 92.6305 -22.9873 18.2497 0.611532 -0.413329 410.287 0 0
1500 74.8209 -28.7716 18.0496 0.268266 -0.516377 410.279 0 0
1500 99.4094 22.1072 18.3792 0.837635 0.491259 410.276 0 0
1500 85.0678 75.9525 17.8116 0.389373 1.15917 410.388 0 0
1500 15.9252 -45.3841 17.9107 -0.687585 -0.714593 410.367 0 0
1500 85.8015 2.68242 18.0384 0.495867 -0.0237279 410.427 0 0
1500 93.0125 -45.5758 17.8372 0.508062 -0.724756 410.431 0 0
1500 83.7115 -5.06993 17.9984 0.443192 -0.090514 410.54 0 0
1500 106.427 4.52737 18.2077 0.839317 0.0562788 410.541 0 0
1500 83.1503 -31.6078 17.9568 0.416679 -0.560727 410.532 0 0
1500 106.222 13.4768 18.1526 0.839828 0.219926 410.651 0 0
1500 101.056 -1.19516 17.9106 0.695581 -0.0985498 410.676 0 0
1500 93.4017 3.08057 18.0347 0.613093 -0.0302186 410.669 0 0
1500 78.8238 22.1763 17.9274 0.367479 0.332835 410.946 0 0
1500 120.212 25.9661 17.835 0.981731 0.349539 411.069 0 0
1500 123.107 10.3211 17.9121 1.07222 0.240934 411.082 0 0
1500 74.7194 3.37038 18.1473 0.2782 -0.0214219 411.096 0 0
1500 90.3382 -36.047 17.8436 0.465131 -0.582411 411.12 0 0
1500 4.5339 -31.0475 17.8506 -0.869494 -0.496985 411.108 0 0
1500 93.5508 -25.7087 17.907 0.505625 -0.432623 411.268 0 0
1500 65.9099 44.1429 17.839 0.1715 0.66266 411.146 0 0
1500 38.828 -9.6288 17.9888 -0.323207 -0.14512 411.218 0 0
1500 103.993 -16.9803 17.833 0.694831 -0.2987 411.232 0 0
1500 106.382 32.4102 17.8779 0.770212 0.472292 411.237 0 0
1500 83.4308 -61.3864 17.7968 0.431634 -0.941105 411.234 0 0
1500 112.85 -36.6005 18.2195 0.945219 -0.629509 411.153 0 0
1500 88.0997 -5.70998 18.413 0.542588 -0.0490013 411.442 0 0
1500 113.134 21.4323 17.8279 0.84981 0.400456 411.487 0 0
1500 78.9731 12.3612 18.2636 0.363705 0.263417 411.411 0 0
1500 85.5915 -22.8324 17.9108 0.391707 -0.390335 411.588 0 0
1500 84.7241 -56.2217 17.7983 0.452098 -0.831073 411.578 0 0
1500 124.733 4.36245 17.8805 1.04757 0.018502 411.581 0 0
1500 64.2555 -66.3524 17.881 0.139153 -1.03628 411.794 0 0
1500 65.3118 -54.7735 17.9471 0.140644 -0.902879 411.511 0 0
1500 14.3701 21.8031 17.9959 -0.679222 0.399566 411.547 0 0
1500 100.454 7.64189 17.9379 0.740915 0.116046 411.717 0 0
1500 67.9793 33.6699 17.9865 0.146568 0.590542 411.617 0 0
1500 65.8418 20.964 18.2223 0.090529 0.40713 411.542 0 0
1500 17.9499 -35.0103 17.9309 -0.617979 -0.605346 411.841 0 0
1500 109.36 64.9814 17.9647 0.921479 1.16568 411.906 0 0
1500 8.26525 32.6132 17.8038 -0.791814 0.478843 411.991 0 0
1500 53.1184 -12.1847 17.9176 -0.063354 -0.239257 412.099 0 0
1500 25.6544 0.378779 17.9442 -0.496017 -0.0366778 412.098 0 0
1500 99.3006 -45.4416 17.8845 0.617114 -0.758796 412.101 0 0
1500 93.7903 4.07539 18.4066 0.731412 0.0103529 412.102 0 0
1500 79.1149 10.0413 18.9882 0.529554 0.167004 412.252 0 0
1500 -5.89521 -19.3194 17.9081 -0.987189 -0.314473 412.251 0 0
1500 85.4309 36.4847 18.2529 0.456079 0.622661 412.272 0 0
1500 97.7653 -30.929 18.0377 0.606474 -0.541326 412.276 0 0
1500 60.2229 26.0704 18.2252 0.018233 0.394328 412.629 0 0
1500 37.0043 2.6739 18.153 -0.320827 0.0331672 412.59 0 0
1500 52.2332 12.5601 17.9007 -0.143155 0.246205 412.618 0 0
1500 49.7831 6.01261 17.8845 -0.190822 0.1337 412.644 0 0
1500 80.5907 -29.1189 17.8138 0.417682 -0.419903 412.677 0 0
1500 68.7508 4.59283 17.9162 0.218226 0.137679 412.659 0 0
1500 109.099 -6.30877 18.4969 1.06708 -0.103923 412.715 0 0
1500 55.8728 -13.9332 18.2668 -0.0247485 -0.271641 412.864 0 0
1500 90.233 56.8593 17.8688 0.494329 0.917976 412.927 0 0
1500 26.4996 -4.34624 17.8948 -0.541557 -0.0176475 413.018 0 0
1500 84.6625 -28.5398 17.813 0.441159 -0.42143 413.154 0 0
1500 28.1935 -9.01457 17.8781 -0.524281 -0.100238 413.089 0 0
1500 111.566 12.6684 17.8912 0.841818 0.170451 413.365 0 0
1500 69.7129 -12.9888 18.0206 0.15684 -0.262144 413.416 0 0
1500 22.137 21.5593 17.9202 -0.649126 0.422525 413.395 0 0
1500 95.0703 11.2403 18.176 0.622043 0.200789 413.643 0 0
1500 94.0666 -44.4168 17.8892 0.561983 -0.695502 413.614 0 0
1500 -21.824 -25.1996 17.8734 -1.27286 -0.437705 413.644 0 0
1500 138.58 -117.824 17.9352 1.35113 -1.96484 413.609 0 0
1500 63.1557 11.5712 18.3629 0.122507 0.221095 413.986 0 0
1500 64.9504 -1.98107 17.8227 0.160978 -0.0456941 413.882 0 0
1500 75.6539 3.74976 17.8207 0.311276 0.0345225 413.744 0 0
1500 86.9559 16.2234 17.8158 0.470396 0.205426 413.748 0 0
1500 21.1974 -48.914 17.8537 -0.592904 -0.733399 414.03 0 0
1500 92.008 -57.6468 17.881 0.493217 -0.916571 413.99 0 0
1500 10.3113 113.649 17.8095 -0.680682 1.78158 413.915 0 0
1500 113.487 -10.3324 17.88 0.910673 -0.198825 414.02 0 0
1500 87.8738 -7.97109 17.8361 0.520726 -0.177013 413.947 0 0
1500 41.7672 9.88189 18.7429 -0.249466 0.193644 413.958 0 0
1500 75.8489 6.16355 18.3679 0.373939 0.0727508 414.25 0 0
1500 89.6369 -40.8519 17.8092 0.52138 -0.576539 414.232 0 0
1500 112.051 -8.33086 17.9063 0.900837 -0.152721 414.177 0 0
1500 120.895 7.16133 17.8194 1.01103 0.183827 414.296 0 0
1500 98.1895 -20.4517 19.0457 0.899938 -0.535525 414.23 0 0
1500 83.7008 -19.125 18.3154 0.497433 -0.349205 414.453 0 0
1500 105.652 -55.6558 17.9521 0.825552 -0.867803 414.341 0 0
1500 85.874 13.7236 17.9748 0.532551 0.270275 414.711 0 0
1500 83.6702 -35.1302 18.0176 0.40094 -0.611406 414.776 0 0
1500 52.4678 -5.48552 17.966 -0.117365 -0.0264222 414.911 0 0
1500 50.8359 48.0001 17.805 -0.0802904 0.805203 414.772 0 0
1500 85.4137 28.5347 17.9332 0.441716 0.515826 414.733 0 0
1500 112.301 39.5104 17.9703 0.934874 0.725177 414.806 0 0
1500 82.1938 -5.38905 18.1974 0.390052 -0.141517 414.977 0 0
1500 15.1661 39.7602 17.8607 -0.706192 0.637927 414.924 0 0
1500 84.0855 42.589 18.1885 0.431709 0.714579 415.164 0 0
1500 55.4037 57.7384 17.9629 -0.060739 0.934783 415.14 0 0
1500 7.4493 -9.30642 17.9459 -0.82879 -0.123355 415.123 0 0
1500 -5.56778 1.91858 17.8746 -1.00442 0.0769025 415.244 0 0
1500 72.3621 -44.2015 18.0085 0.298942 -0.723991 415.201 0 0
1500 89.0838 -29.7171 17.9134 0.543164 -0.509172 415.32 0 0
1500 104.509 -1.87333 17.9722 0.802621 -0.0155601 415.387 0 0
1500 77.4286 -55.5665 17.8882 0.273512 -0.8666 415.526 0 0
1500 93.2946 4.76277 18.734 0.652375 0.0590763 415.656 0 0
1500 86.0887 4.85181 18.1192 0.462931 0.0153174 415.728 0 0
1500 34.4937 50.3305 17.8789 -0.320226 0.788563 415.699 0 0
1500 114.227 6.12595 17.8915 0.882517 0.0933797 415.873 0 0
1500 114.531 16.4135 17.8431 0.883566 0.254979 415.744 0 0
1500 123.165 17.6054 17.8719 1.02597 0.214864 415.678 0 0
1500 70.1192 -39.5514 18.2221 0.190268 -0.659534 415.663 0 0
1500 37.4692 -12.5736 17.8748 -0.326468 -0.27334 415.575 0 0
1500 104.634 43.2593 18.0822 0.807728 0.797492 415.686 0 0
1500 80.2742 -21.3329 17.9708 0.330836 -0.367397 415.9 0 0
1500 122.96 -7.425 17.8989 1.0386 -0.13538 415.934 0 0
1500 102.381 3.7221 18.2215 0.766416 -0.00346436 415.921 0 0
1500 71.3334 -36.3403 17.9135 0.215761 -0.539842 416.136 0 0
1500 -9.09622 6.46354 17.8724 -1.0371 0.142292 416.546 0 0
1500 -8.354 10.8414 17.8724 -1.02531 0.206519 416.603 0 0
1500 -3.35027 25.7513 17.8723 -0.956722 0.42789 416.251 0 0
1500 113.053 -52.9869 17.8872 0.885368 -0.816284 416.494 0 0
1500 9.90394 42.0496 17.7961 -0.69348 0.699196 416.147 0 0
1500 116.596 8.17867 17.9634 0.97048 0.135406 416.498 0 0
1500 103.034 -11.3631 18.1674 0.788455 -0.132792 416.19 0 0
1500 156.16 52.2785 17.8094 1.57147 0.785625 416.234 0 0
1500 106.501 8.73844 17.8462 0.820303 0.146966 416.66 0 0
1500 62.6013 -24.0081 17.9851 0.10718 -0.446965 416.065 0 0
1500 98.1061 97.507 17.9451 0.702101 1.6427 416.16 0 0
1500 100.537 -44.9631 17.925 0.711176 -0.714251 416.779 0 0
1500 98.2518 23.6584 18.164 0.695664 0.417066 416.834 0 0
1500 16.5511 -32.8158 17.8591 -0.639545 -0.577151 416.883 0 0
1500 102.23 -7.69847 18.0234 0.768577 -0.0863956 416.936 0 0
1500 84.0849 -0.0481467 18.807 0.530713 -0.0235963 417.158 0 0
1500 74.5121 -8.9121 17.9675 0.257223 -0.192188 417.32 0 0
1500 82.7811 -23.731 17.9035 0.342774 -0.401861 417.036 0 0
1500 87.5645 9.99577 17.8533 0.488723 0.136178 416.999 0 0
1500 110.801 -27.9281 17.8593 0.832401 -0.421071 416.998 0 0
1500 120.222 9.07275 17.9608 1.01578 0.147495 417.093 0 0
1500 -42.8769 60.9487 17.8049 -1.52507 0.977297 417.159 0 0
1500 36.8602 34.8392 17.8882 -0.27778 0.586052 417.376 0 0
1500 106.176 -20.0777 17.9481 0.791326 -0.36666 417.168 0 0
1500 54.3909 -53.3791 17.9693 -0.0194618 -0.88276 417.435 0 0
1500 90.512 -10.9756 17.8706 0.518853 -0.24638 417.444 0 0
1500 110.482 2.56597 17.8874 0.863712 0.122148 417.02 0 0
1500 61.5405 -9.40223 17.9101 0.0446339 -0.199575 417.526 0 0
1500 123.317 -1.77809 17.9595 1.04796 -0.0135714 417.98 0 0
1500 120.819 16.131 17.9596 1.01608 0.250269 417.661 0 0
1500 121.113 -18.6067 17.9418 1.01593 -0.257769 418.082 0 0
1500 125.105 0.0234053 18.0679 1.10204 0.000503755 417.573 0 0
1500 65.6399 -24.2833 18.4566 0.146706 -0.42141 417.604 0 0
1500 42.4425 -13.2207 18.4684 -0.225309 -0.212401 417.62 0 0
1500 64.2746 -15.921 18.4689 0.104266 -0.2533 417.582 0 0
1500 85.6712 -56.9019 17.7966 0.486104 -0.877474 418.073 0 0
1500 59.2772 57.9214 18.0619 0.0583887 0.948991 418.085 0 0
1500 107.645 17.112 18.1572 0.849441 0.31625 418.039 0 0
1500 36.7649 31.4032 17.935 -0.386245 0.495007 417.871 0 0
1500 72.5311 -47.5775 17.8961 0.159624 -0.758267 417.816 0 0
1500 56.8573 -30.099 18.0831 0.0416236 -0.533934 417.952 0 0
1500 42.0514 -23.2123 17.9274 -0.229509 -0.437307 417.661 0 0
1500 56.5513 -17.8629 17.9038 -0.0930622 -0.286309 417.9 0 0
1500 125.33 -58.4835 18.1331 1.20246 -0.97801 417.716 0 0
1500 58.8184 -16.5274 18.8956 0.0536576 -0.254004 417.743 0 0
1500 114.444 -35.1812 17.8087 0.900239 -0.515138 418.275 0 0
1500 104.442 45.7912 17.8486 0.770181 0.661626 418.244 0 0
1500 19.0776 15.9707 17.9543 -0.595485 0.285957 418.395 0 0
1500 165.194 -61.2343 18.0966 1.85332 -1.0933 418.366 0 0
1500 76.5436 -26.1308 18.1716 0.394921 -0.481372 418.459 0 0
1500 34.4457 55.1924 17.8457 -0.330323 0.865468 418.64 0 0
1500 47.1279 36.7803 17.8894 -0.122882 0.602653 418.741 0 0
1500 123.75 -7.20793 17.9024 1.04559 -0.0750607 418.54 0 0
1500 37.7408 -62.41 17.8492 -0.306687 -0.999623 418.827 0 0
1500 117.382 28.9929 17.8472 0.957236 0.406761 418.73 0 0
1500 24.4118 54.7368 17.9066 -0.501229 0.890657 418.754 0 0
1500 29.6126 38.6626 17.9292 -0.490815 0.600151 418.507 0 0
1500 64.701 -18.7448 18.4517 0.119876 -0.324767 418.675 0 0
1500 49.5709 -11.9769 18.4226 -0.0958411 -0.241788 418.65 0 0
1500 104.122 -9.71697 18.0738 0.758217 -0.218512 418.717 0 0
1500 65.6133 -14.0532 17.8943 0.107373 -0.295475 418.604 0 0
1500 95.812 -16.5563 18.0771 0.612829 -0.357457 418.652 0 0
1500 107.363 -24.6249 17.9121 0.767538 -0.449829 419.006 0 0
1500 66.8134 2.37313 17.927 0.201023 0.0394993 419.194 0 0
1500 124.401 -43.9285 17.9822 1.15005 -0.698804 419.254 0 0
1500 19.6486 52.7995 17.944 -0.614098 0.947379 419.118 0 0
1500 85.3586 -53.4254 17.8615 0.391957 -0.878629 419.277 0 0
1500 86.3676 -60.3638 17.8493 0.411218 -0.960807 419.42 0 0
1500 107.548 -25.2466 18.0677 0.801881 -0.449463 419.4 0 0
1500 36.3836 -62.5291 17.8494 -0.323468 -0.991105 419.526 0 0
1500 78.7532 45.3295 17.8602 0.398297 0.6889 419.613 0 0
1500 0.552548 101.685 17.8659 -0.997965 1.70168 419.712 0 0
1500 73.0056 1.64962 17.8215 0.269671 0.0529872 419.822 0 0
1500 -7.60471 -7.52756 17.8824 -1.03421 -0.139015 420.062 0 0
1500 83.517 18.8953 18.8302 0.457527 0.383021 419.974 0 0
1500 31.6622 -59.3756 17.851 -0.389406 -0.936618 420.121 0 0
1500 63.4044 -63.6989 17.8519 0.072501 -0.996641 420.322 0 0
1500 88.7491 20.8283 18.5781 0.541797 0.379404 420.437 0 0
1500 -8.05343 -0.203838 17.888 -1.0437 0.0101704 420.501 0 0
1500 127.84 18.5453 17.8504 1.10177 0.321284 420.46 0 0
1500 9.15006 -41.6245 17.8774 -0.798571 -0.63012 420.647 0 0
1500 -15.0387 -74.8444 17.8084 -1.18192 -1.16014 420.272 0 0
1500 19.2592 -23.9735 17.9281 -0.658501 -0.367097 420.676 0 0
1500 62.3542 -28.2792 17.964 0.0329249 -0.496296 420.614 0 0
1500 41.7032 -15.7094 17.8574 -0.231693 -0.320343 420.71 0 0
1500 104.474 -47.2018 17.9973 0.830182 -0.759266 420.659 0 0
1500 121.939 -27.486 18.091 1.19487 -0.458312 420.388 0 0
1500 103.613 -9.39078 17.9749 0.729092 -0.120298 420.773 0 0
1500 80.6978 -29.4218 18.18 0.46399 -0.466329 420.748 0 0
1500 79.2448 -50.1615 17.8577 0.389941 -0.807125 420.752 0 0
1500 66.2333 -27.534 18.2417 0.120293 -0.467863 421.174 0 0
1500 101.479 13.5771 17.8821 0.703287 0.279912 421.071 0 0
1500 36.4691 93.6975 17.991 -0.428371 1.60807 421.019 0 0
1500 87.701 17.4412 17.9813 0.500955 0.255741 421.332 0 0
1500 112.003 8.05127 17.9378 0.906305 0.155382 421.256 0 0
1500 41.8917 21.3929 17.9319 -0.23757 0.409534 421.328 0 0
1500 54.1213 -27.4125 17.8978 -0.0950427 -0.491361 421.302 0 0
1500 63.9582 -12.6687 18.3232 0.179973 -0.22735 421.541 0 0
1500 40.8526 50.0784 17.8772 -0.226967 0.83477 421.558 0 0
1500 77.0055 14.076 17.9855 0.349848 0.207754 421.657 0 0
1500 62.8234 -47.5163 17.8642 0.0625805 -0.74407 421.957 0 0
1500 -7.73083 11.8124 17.8757 -1.03428 0.166809 421.739 0 0
1500 94.3341 -20.2109 18.0969 0.661536 -0.289644 421.622 0 0
1500 96.2643 2.72927 18.1472 0.637627 0.0516788 422.787 0 0
1500 9.62168 -36.5532 17.8885 -0.754057 -0.551466 422.267 0 0
1500 -0.51119 26.8914 17.8908 -0.90986 0.402104 422.135 0 0
1500 99.2836 -53.3151 17.8669 0.593838 -0.852194 422.828 0 0
1500 109.171 -39.9605 17.892 0.838166 -0.618081 422.728 0 0
1500 87.1592 1.85047 18.1379 0.55146 -0.010816 422.391 0 0
1500 80.1282 -12.595 18.1393 0.444652 -0.232091 422.286 0 0
1500 51.9818 -37.927 17.8715 -0.146201 -0.638657 422.122 0 0
1500 55.7998 21.6341 17.9459 0.0371652 0.387727 422.147 0 0
1500 59.0525 26.9542 18.0371 -0.0123882 0.470209 422.659 0 0
1500 43.8587 35.9357 17.8096 -0.254365 0.628335 422.331 0 0
1500 69.6988 -19.3645 18.0175 0.228845 -0.372445 422.647 0 0
1500 73.8747 -13.2104 17.9745 0.331977 -0.240887 422.603 0 0
1500 60.0201 -39.7971 18.0785 -0.0202588 -0.672917 422.785 0 0
1500 87.3367 43.162 18.0109 0.436911 0.766739 422.926 0 0
1500 52.1719 0.703117 17.999 -0.143919 -0.0147394 422.987 0 0
1500 92.2334 99.5617 18.0787 0.56974 1.69112 423.032 0 0
1500 80.0921 -28.4642 18.0844 0.361656 -0.463904 423.379 0 0
1500 58.7842 23.1751 18.4105 0.0849336 0.425615 423.486 0 0
1500 104.826 9.92728 18.0423 0.7937 0.202202 423.232 0 0
1500 83.0792 52.6272 17.9253 0.341844 0.853067 423.565 0 0
1500 100.718 21.677 17.996 0.742777 0.301842 423.213 0 0
1500 81.4747 15.1806 17.8845 0.444198 0.258977 423.533 0 0
1500 73.3735 4.49294 17.911 0.193422 0.125857 423.422 0 0
1500 47.2645 -0.409011 17.9111 -0.214334 0.0493123 423.413 0 0
1500 67.3482 -27.0297 17.8476 0.0690594 -0.436354 423.753 0 0
1500 69.7257 -18.0485 17.9611 0.240977 -0.362085 423.625 0 0
1500 -2.68995 -24.9458 17.8749 -0.937697 -0.434541 424.042 0 0
1500 67.527 36.4563 18.4038 0.215401 0.621593 423.984 0 0
1500 95.9028 -24.4066 18.1786 0.672913 -0.419075 424.035 0 0
1500 93.3999 -27.4163 18.1788 0.6354 -0.464615 424.011 0 0
1500 103.564 37.4289 17.825 0.747169 0.615407 424.039 0 0
1500 89.0164 23.7744 17.8725 0.541026 0.418404 424.01 0 0
1500 110.706 -29.1416 17.8263 0.861462 -0.389546 423.796 0 0
1500 135.977 -1.87968 17.9819 1.3467 -0.0799823 424.167 0 0
1500 102.726 48.5573 17.9078 0.674794 0.793874 424.346 0 0
1500 87.6226 34.5888 18.399 0.513443 0.589795 424.413 0 0
1500 81.7409 43.898 18.0156 0.414204 0.735324 424.378 0 0
1500 148.012 5.60815 18.1623 1.58694 0.0820061 424.283 0 0
1500 93.8555 -43.5946 17.8572 0.586524 -0.629537 424.46 0 0
1500 20.6415 -3.87932 17.8965 -0.588613 -0.0613245 424.961 0 0
1500 98.6333 17.8674 18.6359 0.731881 0.305941 424.686 0 0
1500 79.5358 61.6515 17.8686 0.34737 0.967116 424.556 0 0
1500 -1.08159 30.1571 17.9186 -0.912465 0.502001 424.998 0 0
1500 119.178 -6.92756 17.951 0.996511 -0.138217 425.055 0 0
1500 43.0536 61.0474 17.8525 -0.173356 0.977048 424.779 0 0
1500 14.8866 -33.3324 17.978 -0.70497 -0.529908 424.695 0 0
1500 52.7835 -43.6494 18.1161 -0.0647252 -0.735026 425.064 0 0
1500 65.0032 2.39011 18.0904 0.149709 -0.0316549 425.329 0 0
1500 99.1027 -13.5272 17.8648 0.654287 -0.197692 425.232 0 0
1500 130.926 9.30027 17.8652 1.15993 0.11367 425.391 0 0
1500 98.9985 41.3701 17.8598 0.680856 0.675914 425.373 0 0
1500 58.1704 -56.3589 17.896 -0.0447569 -0.906788 425.379 0 0
1500 13.4554 -12.3783 18.0098 -0.719114 -0.232447 425.55 0 0
1500 51.0146 -43.3033 17.9912 -0.117982 -0.666333 425.715 0 0
1500 105.156 -44.5334 17.9489 0.77902 -0.692777 425.747 0 0
1500 61.7027 47.4798 17.8033 0.0755524 0.804228 425.681 0 0
1500 42.5829 -9.13315 17.8944 -0.311123 -0.157047 425.757 0 0
1500 81.9168 40.531 17.8816 0.324894 0.698165 425.762 0 0
1500 72.5212 -53.1081 18.1088 0.232281 -0.868702 425.817 0 0
1500 78.5334 -15.5342 18.1322 0.390713 -0.305132 425.915 0 0
1500 57.0156 -11.0053 18.1375 -0.0379026 -0.123578 426.086 0 0
1500 38.3006 -8.25185 17.9917 -0.321642 -0.138396 426.408 0 0
1500 117.774 25.7235 17.8222 0.928057 0.422633 426.475 0 0
1500 1.95082 -29.0758 17.8905 -0.88604 -0.485881 426.288 0 0
1500 103.125 42.5273 17.8051 0.738528 0.594945 426.353 0 0
1500 99.8888 -35.5827 17.808 0.663314 -0.614529 426.419 0 0
1500 62.6269 -60.1424 17.8217 0.0287939 -0.983711 426.382 0 0
1500 48.0717 -22.9144 18.19 -0.232252 -0.400396 426.415 0 0
1500 95.3688 9.16479 18.1529 0.69081 0.1567 426.586 0 0
1500 52.5229 -9.44369 18.135 -0.0547568 -0.197345 426.9 0 0
1500 45.0804 5.16023 17.8557 -0.231735 0.11924 426.677 0 0
1500 78.4189 -62.285 17.8431 0.330083 -0.978731 426.762 0 0
1500 61.2283 -46.2351 18.1503 0.0109344 -0.781626 426.85 0 0
1500 116.009 41.2107 18.2372 1.06289 0.691974 426.896 0 0
1500 124.513 -23.8947 18.0206 1.14374 -0.462612 426.735 0 0
1500 33.8183 -16.77 17.938 -0.396522 -0.233802 427.046 0 0
1500 103.347 -46.8903 17.9497 0.739285 -0.715063 426.935 0 0
1500 110.448 13.109 18.0675 0.894258 0.202825 427.129 0 0
1500 96.9025 -11.604 17.8512 0.569264 -0.23137 427.588 0 0
1500 71.8794 60.4945 17.8542 0.249906 0.928588 427.649 0 0
1500 109.678 -3.38188 18.2928 0.885606 -0.0428247 427.633 0 0
1500 109.193 39.1376 17.8484 0.82317 0.631201 427.279 0 0
1500 101.961 -43.2521 17.803 0.686888 -0.72312 427.187 0 0
1500 77.8099 -13.4256 18.2202 0.429137 -0.199403 427.382 0 0
1500 100.744 34.9142 17.8663 0.627616 0.603307 427.575 0 0
1500 63.9358 -43.5524 17.9187 0.0589995 -0.732551 427.276 0 0
1500 -25.9016 86.71 17.8449 -1.34549 1.36309 427.659 0 0
1500 159.861 -20.632 18.2676 1.87969 -0.299763 427.304 0 0
1500 116.64 2.36356 17.9499 0.925191 0.0299149 428.137 0 0
1500 110.798 35.7354 17.84 0.818822 0.606236 428.282 0 0
1500 62.7921 62.084 17.8406 0.0993907 1.00346 428.134 0 0
1500 91.3319 -53.7484 17.7993 0.510793 -0.89009 428.062 0 0
1500 23.5166 51.0844 17.9035 -0.541135 0.859572 428.137 0 0
1500 44.7553 -12.7866 18.2458 -0.186045 -0.21865 428.54 0 0
1500 36.9667 -13.3961 17.8787 -0.342505 -0.234668 428.902 0 0
1500 96.6466 -19.6924 18.0003 0.627758 -0.302527 428.759 0 0
1500 95.5872 -26.8402 17.9642 0.607775 -0.41106 429.06 0 0
1500 109.01 9.03392 17.9603 0.808761 0.137069 429.22 0 0
1500 90.3533 51.2229 17.8678 0.538338 0.757413 428.773 0 0
1500 96.2895 -39.7772 18.0403 0.628002 -0.633654 428.471 0 0
1500 89.2743 54.0599 17.9078 0.502037 0.839276 428.913 0 0
1500 -1.14212 18.0083 17.8273 -0.92569 0.246817 428.894 0 0
1500 23.8328 -54.4168 17.826 -0.566714 -0.802328 428.664 0 0
1500 54.1135 -66.5415 17.9309 -0.068888 -1.0453 428.397 0 0
1500 101.261 119.077 17.8016 0.619949 1.82206 429.188 0 0
1500 95.5431 -19.6449 18.0251 0.653281 -0.313127 428.704 0 0
1500 124.772 11.6999 17.8384 1.01773 0.243394 428.975 0 0
1500 36.0574 61.176 17.8393 -0.300754 0.984825 428.471 0 0
1500 112.394 13.6972 18.2013 0.93087 0.208626 429.21 0 0
1500 2.60786 -25.0715 17.9808 -0.884161 -0.391971 428.725 0 0
1500 63.2507 -60.5818 17.9073 0.0475039 -0.974153 428.61 0 0
1500 89.9299 -22.408 18.3274 0.531755 -0.411131 429.366 0 0
1500 98.18 10.87 18.1702 0.720501 0.197703 429.073 0 0
1500 98.9389 -0.896255 18.0684 0.728638 -0.0160982 429.06 0 0
1500 87.5622 64.8042 17.8614 0.495937 1.08317 428.436 0 0
1500 11.8543 -30.5377 18.0609 -0.747948 -0.573756 428.466 0 0
1500 102.156 65.1376 17.9718 0.787233 1.14709 428.851 0 0
1500 95.7326 -16.0576 18.0137 0.573015 -0.259299 429.442 0 0
1500 111.207 -29.6827 17.837 0.839772 -0.47041 429.753 0 0
1500 105.436 4.44235 18.0643 0.821947 0.0645314 429.486 0 0
1500 138.52 -24.5315 17.872 1.25911 -0.439666 429.446 0 0
1500 109.673 -24.8717 17.9185 0.805856 -0.451255 429.537 0 0
1500 68.0423 -58.2509 17.8519 0.104803 -0.939526 429.593 0 0
1500 59.6727 0.345758 17.8492 0.0310537 -0.0714945 429.385 0 0
1500 80.3621 -11.5488 18.1903 0.400925 -0.205869 430.268 0 0
1500 86.0064 -10.0695 18.1604 0.449863 -0.203856 430.164 0 0
1500 60.7808 19.4579 18.0404 0.0128157 0.318486 430.011 0 0
1500 85.2803 0.226907 17.973 0.465037 0.0120837 430.356 0 0
1500 82.3033 3.86127 18.0668 0.412194 0.00409327 431.069 0 0
1500 68.5529 6.78688 18.0701 0.220901 0.0444901 431.309 0 0
1500 99.6852 11.0286 17.8788 0.660911 0.176728 429.987 0 0
1500 97.8599 19.085 17.8575 0.629431 0.239934 429.983 0 0
1500 46.473 -11.794 17.9166 -0.20412 -0.211349 431.26 0 0
1500 61.7127 26.0407 17.9292 0.101192 0.42135 431.182 0 0
1500 32.1369 -20.3197 17.8349 -0.434809 -0.297459 430.642 0 0
1500 97.8393 -33.2289 17.8156 0.614043 -0.526869 430.15 0 0
1500 99.1245 -7.97491 17.8222 0.626824 -0.165035 430.772 0 0
1500 29.8775 54.9417 17.9159 -0.418278 0.856871 429.806 0 0
1500 109.895 -19.3302 17.8095 0.811326 -0.269261 430.785 0 0
1500 79.1872 58.4227 17.8426 0.33279 0.912989 430.719 0 0
1500 99.1534 -46.9991 18.063 0.692302 -0.748405 431.022 0 0
1500 99.8678 -36.295 18.0679 0.712274 -0.597863 430.13 0 0
1500 3.10041 -37.2244 17.8462 -0.856099 -0.604214 431.404 0 0
1500 91.371 -46.1153 18.1141 0.536834 -0.764307 430.505 0 0
1500 69.1615 58.3409 17.9585 0.235027 0.933329 430.522 0 0
1500 88.4755 -14.1091 18.2735 0.594276 -0.222236 430.19 0 0
1500 75.7179 32.3823 18.2696 0.334617 0.56438 431.266 0 0
1500 40.0901 47.5616 17.8215 -0.263913 0.804774 430.544 0 0
1500 87.5943 35.7547 17.9673 0.503392 0.613891 430.991 0 0
1500 95.3344 -6.38949 17.9778 0.644905 -0.0419676 430.704 0 0
1500 50.0192 8.89696 17.8636 -0.200614 0.152096 429.941 0 0
1500 -2.39777 -5.01325 17.9198 -0.97654 -0.155067 430.328 0 0
1500 65.4515 12.8841 18.3931 0.202257 0.288259 430.981 0 0
1500 109.677 -23.8103 18.26 0.934403 -0.486117 431.055 0 0
1500 57.9618 -21.6637 18.0873 -0.0930614 -0.393853 430.734 0 0
1500 42.0886 -34.1781 17.9517 -0.234336 -0.544655 431.606 0 0
1500 67.8777 -16.7365 18.0363 0.231589 -0.25692 432.151 0 0
1500 112.506 -18.861 17.8166 0.846603 -0.300688 432.587 0 0
1500 110.844 -41.1634 17.9118 0.797917 -0.67612 431.662 0 0
1500 86.1956 32.5867 18.2661 0.49071 0.564884 431.569 0 0
1500 93.7499 -34.2895 18.0706 0.620297 -0.576313 431.65 0 0
1500 99.6247 -25.6446 18.071 0.709533 -0.445963 431.607 0 0
1500 96.4569 -15.7477 18.2189 0.702551 -0.262227 431.896 0 0
1500 115.111 18.2538 17.9626 0.925127 0.328474 432.382 0 0
1500 106.242 25.5826 17.9662 0.798724 0.441948 431.836 0 0
1500 109.87 32.451 17.8468 0.824373 0.559958 431.931 0 0
1500 95.3402 33.0292 18.0373 0.621956 0.570089 432.316 0 0
1500 105.599 16.1044 18.0376 0.777611 0.313899 432.291 0 0
1500 59.4379 26.4296 18.075 0.0816961 0.478004 431.497 0 0
1500 80.8487 6.03032 18.076 0.41151 0.164407 431.423 0 0
1500 71.8107 -27.8197 18.2174 0.268561 -0.499283 432.588 0 0
1500 80.7715 37.1412 17.9962 0.431027 0.612435 432.412 0 0
1500 70.6255 3.48394 18.0544 0.26043 -0.01417 431.929 0 0
1500 73.7921 -6.37969 17.921 0.326976 -0.130647 431.707 0 0
1500 63.9918 17.2698 17.9577 0.131578 0.342283 432.117 0 0
1500 4.75438 13.3978 17.86 -0.857036 0.287189 432.433 0 0
1500 -43.8595 235.231 17.8713 -1.58496 3.84272 431.606 0 0
1500 77.0796 9.06086 18.0124 0.392316 0.102601 432.026 0 0
1500 61.8246 57.8581 18.0594 0.0929155 1.03579 432.596 0 0
1500 103.771 -40.872 18.0624 0.757845 -0.663629 432.862 0 0
1500 108.284 -33.8396 18.0629 0.826196 -0.5602 432.75 0 0
1500 170.178 35.2114 17.8837 1.88624 0.586179 432.815 0 0
1500 60.3165 -9.65828 18.0529 0.103567 -0.175473 433.355 0 0
1500 85.0677 -19.132 17.9467 0.462138 -0.266719 433.393 0 0
1500 64.1806 -31.9748 18.0978 0.11879 -0.519537 433.343 0 0
1500 100.992 15.5146 17.8255 0.672016 0.190597 433.537 0 0
1500 55.0699 -26.6831 17.9426 -0.096539 -0.390865 434.747 0 0
1500 97.346 17.6177 17.9313 0.620497 0.292111 434.722 0 0
1500 79.1208 -9.19716 17.9806 0.355929 -0.0758688 435.908 0 0
1500 62.5761 -0.925986 17.9195 0.109618 -0.0712342 435.925 0 0
1500 56.3887 -25.1116 17.9153 0.0236476 -0.409384 435.623 0 0
1500 112.981 34.3394 17.9596 0.884277 0.520637 433.388 0 0
1500 41.0873 21.7174 17.936 -0.293694 0.289268 437.054 0 0
1500 85.4431 4.93708 18.0847 0.453765 0.0150997 437.629 0 0
1500 67.7646 -21.2309 18.0859 0.208499 -0.347146 437.717 0 0
1500 27.5568 -21.0155 18.0298 -0.45424 -0.352596 436.334 0 0
1500 48.5131 -45.8286 18.0233 -0.162502 -0.733571 433.634 0 0
1500 94.2741 -4.00109 18.2377 0.604086 -0.0127474 438.539 0 0
1500 101.112 16.2937 18.0017 0.713632 0.207421 435.378 0 0
1500 65.2346 41.7737 17.8727 0.129769 0.659273 436.973 0 0
1500 89.2071 48.9247 18.0561 0.524777 0.801374 433.335 0 0
1500 95.1862 -2.05221 18.4777 0.651391 -0.0491641 439.918 0 0
1500 96.7633 53.4215 17.977 0.609623 0.852214 435.242 0 0
1500 115.872 -18.7178 17.9105 0.886289 -0.340946 435.403 0 0
1500 102.549 -38.7414 17.9114 0.687957 -0.630557 435.751 0 0
1500 90.2814 -46.5495 17.9118 0.52278 -0.763604 434.001 0 0
1500 93.8335 21.3555 17.8759 0.570203 0.338122 437.951 0 0
1500 104.21 43.5819 17.8588 0.759044 0.690363 433.993 0 0
1500 113.943 -9.8851 17.924 0.928767 -0.122982 433.273 0 0
1500 106.286 -2.84761 18.2091 0.814061 -0.107221 433.675 0 0
1500 92.3798 20.5305 18.097 0.597077 0.378053 433.15 0 0
1500 86.8505 -28.6522 17.9129 0.479252 -0.431521 438.553 0 0
1500 79.1305 33.3216 18.0178 0.332982 0.585668 433.095 0 0
1500 62.1843 -65.2843 17.8014 0.102103 -1.01185 436.414 0 0
1500 32.2927 62.7865 17.8041 -0.340943 0.98677 435.973 0 0
1500 45.4498 -27.6908 18.3346 -0.179884 -0.47029 434.338 0 0
1500 88.1891 12.2033 18.1079 0.490299 0.226716 440.534 0 0
1500 95.5705 -4.05947 18.1042 0.651818 0.00115359 434 0 0
1500 61.7955 -67.2594 17.8885 0.0159591 -1.04805 437.204 0 0
1500 31.3515 -52.8041 17.8933 -0.443108 -0.853681 435.701 0 0
1500 20.6422 -34.1228 17.8203 -0.651785 -0.516277 434.726 0 0
1500 55.9169 22.2937 17.8357 -0.112461 0.356451 433.491 0 0
1500 34.7865 43.8528 17.8213 -0.435368 0.68171 434.622 0 0
1500 32.194 13.2903 17.8319 -0.481645 0.214697 433.755 0 0
1500 44.937 38.368 17.8294 -0.256432 0.548449 440.425 0 0
1500 9.06253 -25.0731 17.8194 -0.773196 -0.351741 439.472 0 0
1500 41.0694 -50.3009 17.8201 -0.338126 -0.764362 434.746 0 0
1500 104.45 -12.8913 17.8572 0.73141 -0.196023 440.066 0 0
1500 -0.278978 -21.2281 17.8919 -0.915967 -0.372611 436.357 0 0
1500 105.649 31.2773 18.128 0.818317 0.523528 435.696 0 0
1500 56.4149 -29.5728 18.0025 -0.0764611 -0.481284 434.627 0 0
1500 32.3762 7.8705 18.0033 -0.448133 0.0971557 434.575 0 0
1500 76.0846 -7.70244 17.9696 0.357999 -0.0764301 435.524 0 0
1500 21.6201 46.6298 17.9279 -0.570122 0.769331 436.401 0 0
1500 51.2484 -8.16235 18.1834 -0.118364 -0.173584 435.187 0 0
1500 93.6309 4.23577 18.2946 0.6608 0.106413 436.53 0 0
1500 94.9192 10.4482 18.0003 0.577034 0.239807 433.923 0 0
1500 37.2741 -4.71372 18.24 -0.340066 -0.0704319 436.003 0 0
1500 57.2058 -58.3757 17.9349 -0.0080151 -0.954344 436.986 0 0
1500 54.479 19.2742 18.1523 -0.0858535 0.320188 435.838 0 0
1500 99.95 -30.4097 17.8845 0.673095 -0.452908 441.048 0 0
1500 109.915 39.465 17.8741 0.845682 0.563663 438.517 0 0
1500 88.5581 2.29856 17.8943 0.554327 0.0145745 435.525 0 0
1500 23.7081 51.9534 17.8275 -0.504045 0.857421 437.362 0 0
1500 104.347 -16.6812 18.1532 0.80567 -0.338558 434.282 0 0
1500 109.919 -32.8552 17.9146 0.877936 -0.505614 437.115 0 0
1500 69.4188 -5.47638 18.1245 0.188091 -0.15724 436.45 0 0
1500 100.852 -40.1871 17.8886 0.665584 -0.682201 437.873 0 0
1500 41.5729 -36.9532 17.9008 -0.234848 -0.64602 436.573 0 0
1500 78.3198 -36.4525 18.0723 0.335973 -0.631538 437.501 0 0
1500 -3.61449 -116.156 17.8639 -0.940274 -1.88582 436.089 0 0
1500 3.60387 -38.5594 17.8602 -0.863394 -0.564528 440.691 0 0
1500 -4.99657 -8.91954 17.805 -1.02068 -0.122323 439.226 0 0
1500 13.9388 50.1138 17.8043 -0.723362 0.748279 440.477 0 0
1500 -4.13094 7.29173 17.8075 -0.975975 0.11681 441.396 0 0
1500 60.8702 52.2498 17.816 -0.0345117 0.814796 437.549 0 0
1500 125.013 14.3868 17.869 1.06973 0.170352 439.493 0 0
1500 127.182 14.1628 17.7965 1.01476 0.278974 441.471 0 0
1500 93.0155 14.4598 17.8701 0.621492 0.236002 437.683 0 0
1500 73.8905 -18.2851 18.1656 0.31895 -0.347842 438.591 0 0
1500 67.6546 -12.1491 18.1692 0.202333 -0.229831 445.546 0 0
1500 81.8913 -42.1447 18.1531 0.433451 -0.699662 439.736 0 0
1500 70.8685 -2.87076 18.6708 0.296011 -0.11632 440.67 0 0
1500 61.6883 -15.7551 18.6703 0.160025 -0.306861 440.709 0 0
1500 73.8634 -0.857548 18.2809 0.32345 0.0597507 438.702 0 0
1500 112.836 17.2093 18.0048 0.921323 0.253805 440.02 0 0
1500 69.7867 1.87442 18.0283 0.25401 0.0218423 445.598 0 0
1500 102.277 21.8316 18.0107 0.771361 0.326769 439.286 0 0
1500 110.775 -18.1515 18.0086 0.842415 -0.261946 443.814 0 0
1500 83.4306 -26.2777 18.0189 0.490834 -0.407789 438.553 0 0
1500 122.007 -9.61725 17.9997 1.03685 -0.145681 441.44 0 0
1500 124.71 -4.79269 17.8634 1.04043 -0.122403 441.325 0 0
1500 112.594 14.3761 17.8712 0.889714 0.165168 439.206 0 0
1500 75.4186 44.1006 17.8425 0.343546 0.696703 438.443 0 0
1500 81.6255 -20.1668 18.0757 0.451314 -0.359863 438.857 0 0
1500 -12.7361 -28.6695 18.0205 -1.22484 -0.435492 434.604 0 0
1500 65.2839 3.15838 17.9212 0.0532379 0.0146293 437.93 0 0
1500 20.7983 -47.7042 17.895 -0.616833 -0.749743 440.455 0 0
1500 60.8815 9.55901 17.9209 -0.0154749 0.114505 437.948 0 0
1500 41.569 -21.0041 17.9161 -0.284124 -0.325 445.327 0 0
1500 115.604 32.3871 17.9347 0.975694 0.604741 435.171 0 0
1500 106.409 39.3332 17.8859 0.777004 0.575553 443.336 0 0
1500 90.0707 -3.04649 17.9009 0.520881 -0.0152071 445.364 0 0
1500 91.252 -26.4019 17.8948 0.590687 -0.376613 438.935 0 0
1500 34.9301 57.8995 17.8331 -0.423333 0.864152 440.105 0 0
1500 43.2193 -14.4184 17.8557 -0.275262 -0.213415 445.516 0 0
1500 7.34534 -43.286 17.8286 -0.816941 -0.648888 442.052 0 0
1500 154.748 -15.4959 17.8431 1.53939 -0.306475 438.704 0 0
1500 40.9612 1.09805 18.0675 -0.255381 -0.0360535 446.622 0 0
1500 70.6699 66.3931 18.0123 0.200831 1.07307 440.734 0 0
1500 48.4313 104.473 17.8132 -0.0931641 1.61498 441.337 0 0
1500 94.7316 2.06209 17.928 0.623582 -0.0231745 440.619 0 0
1500 97.1884 69.7625 17.9207 0.706863 1.1617 436.849 0 0
1500 18.1617 28.8137 17.8935 -0.67144 0.406855 440.039 0 0
1500 85.9694 38.7368 18.5085 0.475363 0.706319 434.13 0 0
1500 76.7459 -63.2269 17.9507 0.320407 -0.997926 442.994 0 0
1500 60.6519 21.9825 18.0041 -0.00808078 0.37298 439.659 0 0
1500 21.0688 -0.974854 17.9974 -0.61674 0.0172067 440.135 0 0
1500 119.519 -12.1225 17.8469 0.963352 -0.194366 444.184 0 0
1500 95.8387 -23.1427 17.8578 0.659409 -0.3762 440.101 0 0
1500 59.6779 -73.3092 17.8769 0.0819037 -1.22757 438.015 0 0
1500 35.4682 -18.4995 18.2727 -0.41171 -0.387847 433.218 0 0
1500 105.403 6.52005 17.8443 0.735795 0.126703 445.834 0 0
1500 87.0514 -21.8979 18.5833 0.518981 -0.398417 443.415 0 0
1500 89.308 58.5135 17.852 0.435244 0.938401 443.123 0 0
1500 43.5036 54.628 17.8577 -0.252325 0.89598 441.961 0 0
1500 85.0082 4.5138 18.0254 0.426946 0.125571 448.095 0 0
1500 104.961 -47.9851 17.846 0.693922 -0.78468 443.681 0 0
1500 27.9733 -28.5228 17.8654 -0.425103 -0.47268 447.069 0 0
1500 52.463 -34.9889 17.8658 -0.0875294 -0.619338 440.72 0 0
1500 28.643 -52.3395 17.8527 -0.423737 -0.824315 445.717 0 0
1500 107.53 -24.794 17.967 0.782832 -0.406856 445.858 0 0
1500 83.035 -43.1874 17.9713 0.426005 -0.665129 446.539 0 0
1500 100.022 -50.3714 17.8914 0.664345 -0.809699 444.137 0 0
1500 91.5542 -4.49227 18.1408 0.620983 -0.0358978 442.222 0 0
1500 -44.3414 -110.605 17.8577 -1.60794 -1.79129 441.196 0 0
1500 14.5643 35.4352 17.8126 -0.734118 0.49849 441.564 0 0
1500 75.1636 -48.1771 17.8434 0.230708 -0.755281 447.165 0 0
1500 28.9131 -24.3751 17.8491 -0.465293 -0.453416 441.454 0 0
1500 51.5103 46.9375 17.848 -0.0646699 0.790436 442.052 0 0
1500 79.2234 54.5202 17.8397 0.355807 0.893426 443.038 0 0
1500 41.8715 -65.5194 17.8616 -0.294043 -1.0008 445.257 0 0
1500 96.7668 40.5844 17.8738 0.629756 0.582455 447.209 0 0
1500 111.132 -27.6562 17.8703 0.840202 -0.394158 446.759 0 0
1500 118.829 24.1395 17.8638 0.981207 0.361166 444.6 0 0
1500 79.306 -36.7926 17.8808 0.411174 -0.564104 441.985 0 0
1500 101.593 10.7926 17.8778 0.751925 0.169188 442.245 0 0
1500 115.991 -32.2162 17.8642 0.92833 -0.468925 445.385 0 0
1500 107.595 -12.4336 17.8256 0.823855 -0.235571 442.405 0 0
1500 20.3604 -10.8004 18.0327 -0.609378 -0.215163 442.659 0 0
1500 37.2551 -23.457 18.0376 -0.317954 -0.37123 449.324 0 0
1500 102.43 16.6391 18.1012 0.783123 0.215499 442.505 0 0
1500 89.8053 -50.5038 17.9521 0.510404 -0.782354 447.512 0 0
1500 75.5691 -31.3754 17.967 0.299956 -0.497474 449.073 0 0
1500 86.7437 -58.1501 17.9475 0.472658 -0.903388 446.614 0 0
1500 105.136 29.7668 18.2576 0.815831 0.482667 445.225 0 0
1500 96.952 22.9947 18.2646 0.703315 0.387154 444.393 0 0
1500 84.8063 22.4716 18.2706 0.525467 0.382407 443.853 0 0
1500 42.5347 -49.901 17.827 -0.291406 -0.723274 447.976 0 0
1500 -0.0765824 -5.24475 17.9035 -0.957312 -0.0142584 440.765 0 0
1500 42.8171 -48.1663 17.8399 -0.211873 -0.812006 443.088 0 0
1500 79.2895 64.8011 17.7926 0.380981 0.956179 446.112 0 0
1500 52.8373 -34.367 18.0964 -0.118072 -0.549157 443.203 0 0
1500 3.80078 39.9211 17.8353 -0.811949 0.660791 445.82 0 0
1500 109.586 43.2009 17.8369 0.739655 0.701662 446.543 0 0
1500 70.6824 -131.996 18.1282 0.310678 -2.37028 434.367 0 0
1500 26.4583 16.634 17.9992 -0.475306 0.276446 449.684 0 0
1500 45.4016 57.3008 17.9132 -0.149726 0.934971 444.308 0 0
1500 103.041 23.904 17.9209 0.676263 0.404021 448.665 0 0
1500 90.8581 51.4182 17.9106 0.533162 0.840448 444.756 0 0
1500 94.7116 23.3218 17.9253 0.554942 0.393438 449.084 0 0
1500 35.004 40.79 17.922 -0.311403 0.696016 443.319 0 0
1500 75.0729 -11.6253 17.9379 0.305965 -0.201934 449.916 0 0
1500 67.6653 7.2452 18.2478 0.247948 0.0859579 451.365 0 0
1500 83.6889 7.94683 18.3139 0.452584 0.196361 444.328 0 0
1500 77.5174 2.71465 17.907 0.294211 -0.03019 450.308 0 0
1500 79.2063 -54.3942 17.8611 0.312709 -0.898147 444.681 0 0
1500 142.986 11.5034 17.9662 1.47964 0.265278 437.855 0 0
1500 53.4982 -67.2383 17.8288 -0.0140417 -1.04812 446.474 0 0
1500 116.016 -22.9709 17.8624 0.950037 -0.335352 445.588 0 0
1500 89.3114 49.8935 18.0419 0.484567 0.821175 445.851 0 0
1500 92.4951 12.9419 17.9985 0.613677 0.170634 445.502 0 0
1500 30.0149 -59.6621 17.8378 -0.423994 -0.946157 447.384 0 0
1500 35.9258 -50.2535 17.8062 -0.28795 -0.824043 444.556 0 0
1500 83.073 -9.45027 17.8489 0.393392 -0.225427 443.373 0 0
1500 92.2222 -29.6177 17.8388 0.529726 -0.533624 444.149 0 0
1500 19.5522 6.46363 17.9973 -0.638399 0.131087 444.494 0 0
1500 97.1305 51.221 17.8237 0.637907 0.733186 448.562 0 0
1500 9.47149 23.693 17.852 -0.790354 0.415526 445.241 0 0
1500 77.1817 -38.7734 17.9607 0.389509 -0.632531 443.428 0 0
1500 90.4969 -7.02499 17.8751 0.504971 -0.0452331 451.351 0 0
1500 109.153 18.35 18.0056 0.83025 0.344238 446.381 0 0
1500 39.8342 7.79288 18.3199 -0.278966 0.155994 445.893 0 0
1500 -6.35954 -118.962 18.039 -1.1917 -2.12353 437.734 0 0
1500 0.0179116 32.3485 17.8278 -0.883461 0.538947 448.645 0 0
1500 58.0795 29.365 18.4749 0.0295858 0.563738 440.338 0 0
1500 -2.97898 21.9851 17.7956 -0.97557 0.278686 446.939 0 0
1500 46.8261 13.658 18.1348 -0.202919 0.242538 445.442 0 0
1500 62.858 39.5374 17.9313 0.141109 0.667335 445.316 0 0
1500 76.3143 -35.4992 18.4149 0.373008 -0.602118 447.952 0 0
1500 132.865 -16.06 18.258 1.33314 -0.27828 443.308 0 0
1500 50.4578 28.2194 18.2627 -0.156397 0.471318 442.74 0 0
1500 61.3376 -63.8086 17.9824 0.037299 -1.01595 448.622 0 0
1500 50.8048 -51.0198 17.991 -0.121796 -0.84221 447.303 0 0
1500 51.4126 -50.106 17.8012 -0.0760547 -0.840091 446.57 0 0
1500 41.0465 18.956 17.9321 -0.307564 0.352859 445.641 0 0
1500 83.8515 55.8263 17.8395 0.336886 0.91337 445.979 0 0
1500 91.1396 -22.6297 17.9794 0.587337 -0.394047 447.296 0 0
1500 65.7584 -29.6406 17.9851 0.199644 -0.504954 446.851 0 0
1500 74.9015 -56.8957 17.9677 0.331835 -0.901369 448.593 0 0
1500 80.6579 -20.5708 17.9845 0.429295 -0.364718 446.896 0 0
1500 71.597 -38.5312 17.982 0.263203 -0.583325 453.387 0 0
1500 108.418 -40.3922 17.9642 0.805947 -0.630165 451.038 0 0
1500 68.6714 4.55747 17.992 0.219799 0.020529 454.163 0 0
1500 116.761 -20.3679 17.9667 0.91942 -0.337136 451.599 0 0
1500 104.444 -31.5742 17.9689 0.778017 -0.522249 448.408 0 0
1500 95.867 -22.0157 17.9884 0.67529 -0.331644 447.685 0 0
1500 85.314 -15.0835 17.9968 0.469095 -0.205979 453.952 0 0
1500 13.2653 -4.50907 17.9049 -0.693191 -0.0544036 453.125 0 0
1500 96.6078 -53.1591 17.8288 0.6733 -0.802409 446.653 0 0
1500 92.726 -23.4517 18.1295 0.64129 -0.343823 448.553 0 0
1500 71.4495 15.173 17.897 0.293347 0.246777 446.947 0 0
1500 116.235 4.10919 17.8111 0.954591 0.0493979 448.831 0 0
1500 91.3892 14.8947 17.8256 0.592041 0.217878 447.289 0 0
1500 105.79 44.1227 17.8076 0.786943 0.647809 449.621 0 0
1500 95.1013 31.5739 17.8215 0.595466 0.436864 453.152 0 0
1500 94.7768 -26.7053 17.8202 0.640039 -0.424377 447.747 0 0
1500 33.4396 -29.3418 18.0305 -0.405877 -0.50313 448.163 0 0
1500 85.8948 -46.1848 17.9079 0.425963 -0.790643 447.63 0 0
1500 96.1391 54.2848 17.9224 0.582858 0.871215 451.038 0 0
1500 94.9336 -20.2798 17.8247 0.630382 -0.359849 447.928 0 0
1500 135.407 3.1667 18.2451 1.52399 0.0548848 437.234 0 0
1500 80.8884 -60.3518 17.8482 0.398831 -0.952447 450.346 0 0
1500 34.927 18.4448 18.0624 -0.358569 0.280615 455.526 0 0
1500 27.4324 -16.641 18.0595 -0.511936 -0.228248 448.576 0 0
1500 107.85 -16.4277 17.9138 0.821688 -0.19353 449.188 0 0
1500 67.3813 40.0563 17.9928 0.108368 0.693181 446.686 0 0
1500 76.0052 61.8857 17.9733 0.317592 1.04501 447.72 0 0
1500 116.511 7.92377 17.9892 0.948743 0.0692664 451.123 0 0
1500 64.7869 -0.845195 17.9327 0.154723 0.0215129 458.138 0 0
1500 87.4874 44.1855 17.9335 0.49076 0.665581 454.528 0 0
1500 96.0891 -8.49991 18.1632 0.638314 -0.118452 456.086 0 0
1500 62.4174 -60.6913 17.7955 0.069707 -0.949433 453.252 0 0
1500 80.6514 21.6 17.9969 0.321559 0.369567 455.91 0 0
1500 52.5161 43.9767 17.9879 -0.0773747 0.74725 449.59 0 0
1500 75.6561 -15.2299 17.9704 0.36585 -0.218307 448.709 0 0
1500 113.113 -35.577 17.8537 0.898396 -0.522952 451.699 0 0
1500 126.233 -3.66717 17.9053 1.14113 -0.00320817 447.947 0 0
1500 13.299 11.4155 17.8702 -0.742203 0.156692 451.007 0 0
1500 41.4267 -22.5693 17.8797 -0.323685 -0.362133 449.848 0 0
1500 15.5596 -16.7122 17.8702 -0.70823 -0.267524 450.996 0 0
1500 73.5384 12.8345 18.402 0.226265 0.293554 438.635 0 0
1500 32.5529 -27.2646 17.8816 -0.423976 -0.405836 455.565 0 0
1500 34.2094 -48.7975 17.8018 -0.298075 -0.775476 451.599 0 0
1500 79.6105 65.2101 17.9653 0.424927 1.1584 444.455 0 0
1500 82.209 -21.5107 18.0968 0.43637 -0.29867 457.407 0 0
1500 97.2207 2.31123 18.4121 0.67545 0.015538 458.409 0 0
1500 28.5331 31.0561 17.8081 -0.532337 0.506657 450.255 0 0
1500 116.881 53.8042 18.017 1.03231 0.861024 448.691 0 0
1500 117.476 -2.63966 17.8295 0.953532 -0.117822 449.238 0 0
1500 123.375 1.75746 17.8713 1.03751 0.070938 453.095 0 0
1500 74.5245 -41.0457 17.8816 0.300436 -0.696235 450.959 0 0
1500 53.7367 -9.74541 17.8964 -0.019421 -0.218765 449.872 0 0
1500 83.1317 -27.4628 17.8857 0.43503 -0.49003 450.616 0 0
1500 35.3857 5.82462 17.8362 -0.394122 0.158745 450.053 0 0
1500 70.0043 55.4363 17.8174 0.143106 0.91027 451.721 0 0
1500 25.3422 29.3921 17.8278 -0.499616 0.477812 456.643 0 0
1500 24.3072 -23.0881 17.908 -0.533304 -0.345422 457.565 0 0
1500 65.5583 29.0752 18.1376 0.198796 0.507716 451.943 0 0
1500 27.3074 18.6435 17.9807 -0.48148 0.359166 451.538 0 0
1500 66.1793 34.6021 18.2537 0.175288 0.599728 452.856 0 0
1500 119.512 21.8474 18.2445 1.19531 0.467693 441.477 0 0
1500 1.74221 7.58058 17.8024 -0.931555 0.138597 453.292 0 0
1500 33.6593 54.5901 17.8014 -0.445132 0.851538 453.444 0 0
1500 -0.0243987 -32.6457 17.7966 -0.937746 -0.462953 454.741 0 0
1500 -3.47301 -25.3241 17.7971 -0.976776 -0.349611 455.587 0 0
1500 99.764 -40.3687 17.8692 0.708584 -0.636168 454.08 0 0
1500 121.552 -10.5348 17.8994 1.02767 -0.147216 455.314 0 0
1500 75.5077 0.0316322 17.9266 0.322438 0.00914569 459.75 0 0
1500 25.1009 27.1235 17.9256 -0.528822 0.485267 453.313 0 0
1500 26.164 25.3222 17.9268 -0.513251 0.45827 453.215 0 0
1500 32.9613 59.6404 17.9119 -0.384514 0.928225 457.291 0 0
1500 96.5524 45.5374 17.9154 0.559764 0.755472 454.413 0 0
1500 101.473 25.5669 17.876 0.639763 0.431427 458.865 0 0
1500 78.1728 6.86672 18.4279 0.371076 0.15616 462.011 0 0
1500 35.5737 51.0319 17.8515 -0.397608 0.841067 453.413 0 0
1500 118.329 -23.6292 17.8789 0.977879 -0.33179 456.075 0 0
1500 80.9234 39.7505 17.8948 0.398571 0.580753 459.764 0 0
1500 49.3171 -43.4985 18.0289 -0.165898 -0.712281 454.54 0 0
1500 48.7014 33.085 17.8395 -0.143937 0.535221 460.059 0 0
1500 40.2432 32.989 17.8381 -0.263447 0.534692 459.95 0 0
1500 43.0616 11.0984 17.8453 -0.221982 0.224232 460.498 0 0
1500 102.709 50.8041 17.8173 0.647586 0.824199 456.659 0 0
1500 -1.46108 32.2147 17.8176 -0.888781 0.546633 456.985 0 0
1500 88.4823 34.711 17.8318 0.455577 0.610868 453.927 0 0
1500 32.8772 59.8758 17.8189 -0.38032 0.946198 457.528 0 0
1500 100.142 44.3083 17.8241 0.593435 0.708811 458.502 0 0
1500 69.444 1.26004 18.3689 0.24469 0.0800468 462.685 0 0
1500 65.593 4.08591 18.1347 0.168109 0.139067 454.14 0 0
1500 77.4001 53.421 18.1119 0.339576 0.872479 456.153 0 0
1500 73.5 31.8772 18.127 0.261078 0.510879 461.325 0 0
1500 105.687 11.4548 17.8581 0.742727 0.131027 459.816 0 0
1500 99.5352 21.7072 17.8599 0.65384 0.275835 459.988 0 0
1500 106.76 9.0398 17.942 0.758469 0.18203 459.758 0 0
1500 55.6017 -25.9678 18.0398 -0.100282 -0.387718 449.109 0 0
1500 -38.049 34.5241 17.9241 -1.57727 0.649357 451.362 0 0
1500 82.7764 21.8817 18.036 0.38572 0.372243 462.672 0 0
1500 82.0884 -47.4399 18.0684 0.423724 -0.783631 457.349 0 0
1500 72.7406 -24.1711 18.5818 0.300882 -0.487027 450.415 0 0
1500 6.96564 -26.6179 17.8308 -0.850643 -0.402156 457.021 0 0
1500 20.2332 -22.9844 17.9347 -0.574595 -0.368207 462.272 0 0
1500 -5.4396 -10.618 17.919 -0.993152 -0.205913 458.191 0 0
1500 93.8491 -2.03067 18.2593 0.606404 -0.0613705 463.756 0 0
1500 60.8421 11.5878 17.8554 0.00630275 0.223041 462.991 0 0
1500 22.8705 34.6644 17.8375 -0.575396 0.598748 456.613 0 0
1500 16.9545 16.8541 17.927 -0.616475 0.261988 464.494 0 0
1500 50.2854 89.1848 17.9548 -0.16001 1.46043 455.156 0 0
1500 57.4089 51.7344 17.9576 0.0618541 0.862148 455.517 0 0
1500 80.3391 19.3082 18.0993 0.393474 0.312979 463.914 0 0
1500 57.6276 6.21748 17.8552 0.00426704 0.175251 455.655 0 0
1500 91.8853 -2.12401 18.0511 0.574976 0.03782 457.615 0 0
1500 5.89615 -38.5231 17.7976 -0.7906 -0.629974 460.707 0 0
1500 46.272 -29.3 17.8172 -0.214996 -0.528661 456.395 0 0
1500 77.1452 -29.7619 18.5912 0.375568 -0.559151 454.026 0 0
1500 88.5561 -28.6915 17.7969 0.425911 -0.503506 458.528 0 0
1500 10.3651 20.6555 17.7919 -0.744195 0.240109 460.007 0 0
1500 77.5148 35.402 17.977 0.313168 0.562874 464.322 0 0
1500 107.409 44.0569 17.958 0.765729 0.715353 461.224 0 0
1500 70.914 -4.90454 17.8362 0.218858 -0.000731163 456.883 0 0
1500 106.943 -35.3114 18.0078 0.825256 -0.550917 460.165 0 0
1500 88.3622 -7.74727 17.9537 0.479535 -0.0526883 464.84 0 0
1500 9.50166 -13.8083 17.8458 -0.815603 -0.19245 458.758 0 0
1500 3.39315 -0.301323 17.8454 -0.847835 0.0134907 463.482 0 0
1500 11.8255 46.2331 17.8367 -0.741859 0.691768 462.115 0 0
1500 89.7141 -6.38505 18.0577 0.553329 -0.164974 458.671 0 0
1500 101.773 -46.1014 17.9161 0.723822 -0.73052 460.774 0 0
1500 113.026 -28.3246 17.9192 0.862343 -0.450655 463.036 0 0
1500 46.9252 26.7195 18.2083 -0.223413 0.559429 450.006 0 0
1500 67.2359 -20.0839 17.8595 0.0737219 -0.344665 458.006 0 0
1500 12.9773 31.8547 17.8411 -0.75629 0.456273 459.539 0 0
1500 33.4586 46.2253 17.8445 -0.446065 0.679352 459.182 0 0
1500 88.3555 -3.80605 17.8264 0.515108 -0.123122 458.518 0 0
1500 89.7649 32.5951 18.0367 0.529632 0.494966 465.661 0 0
1500 -18.9161 49.4722 17.9471 -1.31334 0.84632 456.078 0 0
1500 61.7468 11.8003 17.9141 0.122823 0.238692 458.687 0 0
1500 82.6078 61.351 17.8854 0.424445 0.957961 462.298 0 0
1500 70.2996 -38.2996 17.8602 0.194738 -0.608348 465.687 0 0
1500 38.9003 -41.1525 17.8556 -0.270919 -0.707673 459.771 0 0
1500 -4.27855 -4.75345 17.888 -0.961849 -0.0740979 464.259 0 0
1500 48.8494 37.0831 17.827 -0.131858 0.594137 465.723 0 0
1500 63.4654 -49.0968 17.9495 0.108171 -0.823635 460.843 0 0
1500 26.7221 -39.3873 17.9502 -0.452191 -0.67651 460.764 0 0
1500 81.705 -17.9208 17.9624 0.353665 -0.319376 466.856 0 0
1500 43.168 -39.6295 18.0226 -0.278943 -0.612017 460.631 0 0
1500 91.2427 -31.358 18.2689 0.553157 -0.54561 462.096 0 0
1500 78.3979 -1.18523 18.1888 0.436031 -0.0285582 460.517 0 0
1500 129.308 32.9 18.0871 1.23369 0.502448 459.208 0 0
1500 86.2771 -22.3092 17.8491 0.516876 -0.343972 460.804 0 0
1500 118.861 10.6796 17.8976 0.954082 0.17862 465.749 0 0
1500 71.7477 11.9453 17.9202 0.296857 0.212628 460.607 0 0
1500 87.58 -10.0064 17.9169 0.48859 -0.116158 467.81 0 0
1500 89.3378 -3.87035 18.0113 0.583463 -0.0888608 460.483 0 0
1500 22.1615 -53.6356 17.8323 -0.508141 -0.874823 463.459 0 0
1500 66.9758 -33.457 17.8504 0.17042 -0.590437 461.348 0 0
1500 101.433 -45.6094 17.832 0.681929 -0.753521 463.524 0 0
1500 48.476 65.9105 17.8275 -0.197536 1.02705 464.288 0 0
1500 3.81685 -5.75599 17.8362 -0.884831 -0.0384475 462.464 0 0
1500 30.6589 55.5932 17.83 -0.468377 0.885543 463.396 0 0
1500 54.7517 28.7649 18.3825 -0.0991687 0.486963 454.601 0 0
1500 26.0544 -47.7256 17.8537 -0.475774 -0.752346 466.907 0 0
1500 93.1219 28.7802 17.8625 0.524224 0.473689 467.819 0 0
1500 63.7259 37.3794 17.8642 0.118299 0.650757 461.806 0 0
1500 60.083 -24.3744 18.1015 0.00445888 -0.378412 469.745 0 0
1500 29.0822 -7.51414 18.0986 -0.471059 -0.161451 462.53 0 0
1500 82.9167 -50.6856 17.8941 0.35964 -0.840044 463.319 0 0
1500 25.1411 -23.1555 17.9045 -0.525383 -0.429082 462.276 0 0
1500 77.1437 28.9492 17.901 0.264308 0.474857 468.851 0 0
1500 113.489 34.2278 18.0353 0.944657 0.636186 458.869 0 0
1500 96.0089 30.2563 17.972 0.562593 0.527572 463.651 0 0
1500 87.567 19.7882 18.0345 0.505589 0.278646 469.497 0 0
1500 17.3079 32.012 17.8767 -0.635844 0.576105 462.105 0 0
1500 98.6072 -25.536 18.0886 0.70992 -0.538574 454.676 0 0
1500 1.17663 -34.9399 17.8879 -0.890287 -0.550849 466.045 0 0
1500 96.5473 49.186 17.8782 0.553648 0.780185 467.835 0 0
1500 23.2518 48.7787 17.8776 -0.526256 0.811269 464.674 0 0
1500 11.0363 16.0804 17.8863 -0.721987 0.322794 463.632 0 0
1500 65.4321 9.75796 17.9023 0.101942 0.205231 470.18 0 0
1500 12.7405 43.0563 17.8762 -0.682239 0.722065 464.933 0 0
1500 50.2108 51.8109 17.8852 -0.112442 0.807531 468.735 0 0
1500 61.3385 30.6403 18.0906 0.0383336 0.531346 463.811 0 0
1500 59.8688 -28.3328 17.975 0.0761573 -0.50932 463.487 0 0
1500 63.2706 -13.0157 17.9798 0.12939 -0.27393 463.162 0 0
1500 86.9684 36.2317 18.0431 0.435197 0.655815 459.645 0 0
1500 118.607 -20.7422 17.896 0.973488 -0.315878 466.933 0 0
1500 92.1886 -44.6626 17.8012 0.46534 -0.708264 468.789 0 0
1500 115.288 -6.96771 18.0003 0.9515 -0.171778 464.058 0 0
1500 30.1524 -29.9379 17.9903 -0.468504 -0.559831 461.304 0 0
1500 5.94526 33.8181 17.8424 -0.857013 0.501732 465.969 0 0
1500 13.6271 -0.509754 17.8564 -0.696217 -0.014476 470.266 0 0
1500 31.5528 -51.0273 17.8465 -0.475806 -0.78398 465.332 0 0
1500 21.9584 -41.0472 17.8418 -0.632355 -0.597908 463.045 0 0
1500 95.8131 -46.6904 17.8993 0.551958 -0.775167 466.013 0 0
1500 43.1097 -43.401 17.9077 -0.247786 -0.736263 465.044 0 0
1500 49.0161 -64.7035 17.8956 -0.149106 -1.00785 468.602 0 0
1500 58.2853 -58.8518 17.8989 -0.0149087 -0.958092 466.067 0 0
1500 45.0574 -64.5886 17.8949 -0.207267 -1.00917 468.398 0 0
1500 148.961 -43.1822 18.035 1.59127 -0.705903 460.931 0 0
1500 77.7071 -10.3425 17.9733 0.352981 -0.115639 472.16 0 0
1500 45.1858 46.0952 18.0055 -0.173824 0.777819 466.359 0 0
1500 94.5827 -6.92356 18.3082 0.666132 -0.158476 467.15 0 0
1500 67.1855 -9.58195 18.3181 0.2564 -0.200715 466.419 0 0
1500 78.9625 -2.94585 18.3166 0.391356 -0.0895279 473.863 0 0
1500 85.1885 57.6412 17.8339 0.375772 0.904888 469.895 0 0
1500 -4.95736 23.921 17.8302 -0.95397 0.427132 468.164 0 0
1500 45.2739 33.74 17.8515 -0.196803 0.54316 471.865 0 0
1500 101.535 47.9703 17.8742 0.652521 0.767743 469.879 0 0
1500 81.8849 42.1757 17.8838 0.387124 0.720706 466.333 0 0
1500 22.8075 32.7218 17.8857 -0.518667 0.577566 466.154 0 0
1500 98.4726 38.4012 18.3694 0.750805 0.704947 462.119 0 0
1500 55.1371 -46.4171 17.9808 -0.0445629 -0.720065 472.429 0 0
1500 79.8249 15.2771 18.323 0.380075 0.219657 479.453 0 0
1500 84.428 -35.5892 18.077 0.50353 -0.571214 467.727 0 0
1500 41.2227 -31.6616 17.8741 -0.251172 -0.513024 473.235 0 0
1500 53.3602 -23.5297 18.0798 -0.11919 -0.352734 466.168 0 0
1500 77.9897 39.769 18.0558 0.333252 0.681233 468.172 0 0
1500 15.1023 -30.3772 17.879 -0.672694 -0.452811 472.861 0 0
1500 106.243 -46.7784 17.8968 0.715395 -0.764739 471.228 0 0
1500 62.856 -14.9099 17.8751 0.0599175 -0.312965 467.402 0 0
1500 70.2379 -34.9032 18.2008 0.167338 -0.589205 467.927 0 0
1500 142.195 54.3036 18.1868 1.46487 0.964192 465.872 0 0
1500 22.3482 -55.8508 17.8424 -0.534501 -0.891255 473.748 0 0
1500 117.369 23.3477 17.9395 0.945112 0.347489 474.707 0 0
1500 115.131 -21.1153 17.9425 0.905226 -0.293295 475.282 0 0
1500 100.234 -36.3472 17.9448 0.729665 -0.540089 471.635 0 0
1500 106.379 -12.3051 17.8339 0.78475 -0.121331 470.698 0 0
1500 80.6532 -27.7495 17.9846 0.43617 -0.461706 471.753 0 0
1500 41.5235 -36.5798 17.8433 -0.328622 -0.541589 471.343 0 0
1500 80.0491 -57.6366 18.2842 0.482876 -1.1243 460.876 0 0
1500 63.3993 -21.6772 17.9979 0.110722 -0.368615 478.987 0 0
1500 76.1151 -60.0608 17.9734 0.307995 -0.966553 474.195 0 0
1500 102.205 -1.4757 18.0484 0.770609 -0.0528292 473.166 0 0
1500 108.679 -21.779 18.0436 0.809392 -0.336805 478.015 0 0
1500 115.137 -26.3538 17.8957 0.936045 -0.40781 474.548 0 0
1500 105.461 -9.00946 17.9059 0.809891 -0.152212 473.03 0 0
1500 63.8339 31.6558 17.9174 0.0370174 0.488387 479.129 0 0
1500 103.897 4.12054 17.8326 0.747077 -0.00244304 473.12 0 0
1500 35.6593 -36.5102 17.8344 -0.306288 -0.630751 472.961 0 0
1500 80.6293 -61.9617 17.8178 0.370139 -0.974371 476.276 0 0
1500 125.767 -3.15726 17.818 1.03196 -0.109158 476.416 0 0
1500 76.5503 16.1019 17.8792 0.255845 0.294263 480.322 0 0
1500 40.7042 -20.2069 17.8846 -0.312973 -0.253727 472.949 0 0
1500 36.8112 8.62933 18.23 -0.414243 0.117639 467.514 0 0
1500 71.8511 -53.5609 17.9438 0.196754 -0.831127 479.481 0 0
1500 -40.1997 -85.5081 17.8727 -1.60323 -1.44048 472.352 0 0
1500 81.1974 2.58645 18.0059 0.410153 0.0231652 481.832 0 0
1500 108.731 -24.4804 17.9887 0.81109 -0.361214 480.223 0 0
1500 100.494 -33.5052 17.9879 0.73734 -0.520168 476.084 0 0
1500 120.974 26.9195 18.1996 1.11409 0.49244 472.337 0 0
1500 117.393 -27.3812 17.8878 1.05368 -0.451288 471.386 0 0
1500 125.565 4.68999 17.9276 1.06041 0.115082 478.765 0 0
1500 93.7299 51.212 17.8294 0.520151 0.812748 479.961 0 0
1500 50.4106 59.7007 17.8308 -0.105903 0.932485 480.184 0 0
1500 46.5265 62.0657 17.8264 -0.168461 1.00583 477.476 0 0
1500 24.9546 -157.802 17.8153 -0.453291 -2.45255 476.719 0 0
1500 41.0628 -19.0599 18.2269 -0.291101 -0.402378 469.844 0 0
1500 74.86 57.4971 17.9192 0.230605 0.932902 477.451 0 0
1500 111.633 -36.6583 17.8452 0.85147 -0.599845 479.035 0 0
1500 95.5638 -39.9726 17.8522 0.626171 -0.663767 477.556 0 0
1500 99.3644 -46.4573 17.849 0.650191 -0.724745 480.973 0 0
1500 120.83 -8.43098 17.8488 0.961048 -0.174916 480.941 0 0
1500 7.47486 19.2603 17.852 -0.832948 0.252234 477.318 0 0
1500 102.521 52.3045 17.8016 0.72853 0.752114 479.439 0 0
1500 94.6209 -29.0608 17.8148 0.633477 -0.473384 477.068 0 0
1500 100.822 8.21101 17.8477 0.689564 0.0543722 477.386 0 0
1500 116.031 -0.311509 17.8458 0.956047 0.00608352 479.061 0 0
1500 108.241 -31.8839 17.8481 0.794772 -0.447643 482.658 0 0
1500 109.01 -22.6201 17.9034 0.802187 -0.417107 479.036 0 0
1500 37.8274 -8.3826 18.1119 -0.343351 -0.0940248 478.214 0 0
1500 78.0564 0.667924 18.1379 0.429113 0.000608023 477.417 0 0
1500 119.95 5.92266 18.031 1.01883 0.0799486 481.135 0 0
1500 73.9555 20.5952 17.837 0.251954 0.352725 485.577 0 0
1500 65.6211 59.0598 17.8182 0.138543 0.916114 483.745 0 0
1500 33.3245 62.2958 17.8115 -0.336594 0.991907 481.703 0 0
1500 97.603 -42.853 17.8735 0.635019 -0.716987 481.499 0 0
1500 56.9248 32.8981 17.9151 0.00570118 0.585334 480.118 0 0
1500 65.7245 -2.30425 17.9242 0.127503 0.0365523 487.392 0 0
1500 80.6257 38.4281 17.9021 0.368022 0.602288 486.632 0 0
1500 62.9781 -105.302 17.8038 0.123662 -1.67002 482.001 0 0
1500 81.2943 -12.7487 17.8291 0.314604 -0.24835 489.5 0 0
1500 39.3913 -44.0339 17.8178 -0.276944 -0.696439 488.564 0 0
1500 48.0185 56.7931 17.8628 -0.198952 0.916234 484.351 0 0
1500 80.4996 14.8417 17.9525 0.333494 0.243862 495.077 0 0
1500 97.4645 15.9568 18.0165 0.617891 0.27907 489.848 0 0
1500 92.2967 24.6175 17.8573 0.505966 0.453223 484.079 0 0
1500 91.8664 47.6288 17.8485 0.462483 0.749316 489.23 0 0
1500 56.2017 -51.6997 18.0055 -0.0969087 -0.853729 481.162 0 0
1500 72.4079 -25.8549 17.8275 0.170336 -0.433192 490.407 0 0
1500 -7.32312 111.094 17.8866 -1.11173 1.75309 485.995 0 0
1500 88.7965 49.3647 17.9704 0.473634 0.773137 493.114 0 0
1500 111.809 6.5971 17.8224 0.831021 0.127524 493.708 0 0
1500 77.7505 34.7085 17.8291 0.372687 0.573342 488.347 0 0
1500 111.595 35.3453 17.9764 0.868883 0.60334 490.089 0 0
1500 57.7099 57.8531 17.8184 0.0677783 0.919221 489.32 0 0
1500 55.1607 12.3641 17.8642 0.0123195 0.220774 498.534 0 0
1500 77.9178 -11.6759 17.8621 0.330743 -0.115121 498.387 0 0
1500 84.7186 22.7058 17.8248 0.433955 0.427273 494.158 0 0
1500 102.128 48.4559 17.8049 0.673859 0.791399 497.072 0 0
1500 24.1192 68.6259 17.8315 -0.470744 1.07528 499.608 0 0
1500 108.145 19.1126 17.9022 0.840673 0.32081 498.721 0 0
