Total number of secondary electrons: 1671
1500 87.2496 6.81133 16.638 0.731657 0.122611 262.42 0 0
1500 93.8471 2.69636 16.2338 0.78166 0.0425688 269.557 0 0
1500 97.944 -0.378771 16.0415 0.79951 -0.00302766 270.995 0 0
1500 111.102 -18.9649 16.4742 1.15431 -0.306193 273.615 0 0
1500 94.6553 1.28552 15.501 0.685097 0.0735038 277.136 0 0
1500 97.0706 24.4254 14.5378 0.635489 0.379374 277.849 0 0
1500 96.5585 -4.68891 15.8505 0.774421 -0.0178374 283.077 0 0
1500 84.0973 0.253997 15.8131 0.593443 -0.00878417 284.625 0 0
1500 92.2107 2.86136 15.7439 0.718729 0.0541812 285.262 0 0
1500 124.852 -4.42831 15.2813 1.29784 -0.0928301 291.764 0 0
1500 91.9344 2.95914 16.2222 0.710552 0.0725783 292.065 0 0
1500 94.8185 8.80411 15.6678 0.74968 0.140193 292.074 0 0
1500 89.5322 17.0221 15.2619 0.582454 0.219659 292.782 0 0
1500 87.025 19.9168 15.0227 0.487301 0.265924 296.188 0 0
1500 74.516 -3.90363 15.1539 0.349498 -0.0941693 296.688 0 0
1500 122.812 -14.9672 15.9197 1.31744 -0.304553 300.074 0 0
1500 82.37 3.83825 16.0348 0.581016 0.0594236 302.038 0 0
1500 84.6486 3.72003 16.035 0.603247 0.0581854 302.133 0 0
1500 99.5094 0.683928 16.0592 0.822098 0.0459703 306.05 0 0
1500 100.077 15.4261 15.7992 0.867749 0.379126 306.279 0 0
1500 86.8294 8.01631 15.7793 0.593718 0.0912951 310.269 0 0
1500 83.6711 13.9328 15.2737 0.499088 0.178058 310.626 0 0
1500 82.7578 3.22708 15.7965 0.530832 0.0663094 311.361 0 0
1500 94.787 4.90071 15.6233 0.6574 0.0847202 313.267 0 0
1500 70.6963 -6.98402 14.8825 0.185022 -0.111887 314.589 0 0
1500 92.5979 -3.91852 16.104 0.639208 -0.06878 315.873 0 0
1500 39.8031 72.2706 14.5575 -0.214156 0.948258 316.521 0 0
1500 72.6533 15.1768 15.5764 0.302574 0.2219 317.403 0 0
1500 92.0092 -4.77502 15.3618 0.544886 -0.0787301 318.153 0 0
1500 95.1187 40.7435 15.1703 0.596043 0.631579 318.673 0 0
1500 102.95 4.6441 15.0844 0.643573 0.0573545 319.117 0 0
1500 96.0621 -14.1458 16.9614 0.83365 -0.225286 319.99 0 0
1500 86.6973 36.5847 14.8524 0.451155 0.534523 320.004 0 0
1500 119.358 7.64749 14.6669 0.784457 0.126261 320.372 0 0
1500 86.0981 0.507768 15.9601 0.570282 0.02846 321.57 0 0
1500 94.5859 -10.9095 15.2043 0.543881 -0.160041 323.214 0 0
1500 95.6211 9.10448 14.9989 0.542904 0.0934412 323.38 0 0
1500 87.1337 9.10803 16.0173 0.493254 0.154317 323.39 0 0
1500 91.8622 7.91187 16.0393 0.634082 0.172006 323.825 0 0
1500 92.0447 25.3329 15.4417 0.468833 0.355314 324.308 0 0
1500 118.758 2.30921 15.1032 0.81055 0.0110463 324.637 0 0
1500 89.9438 -1.96173 16.05 0.54599 -0.059852 325.455 0 0
1500 199.797 37.576 14.9779 1.80644 0.539579 325.9 0 0
1500 51.0648 31.2443 15.1599 -0.110951 0.49394 327.59 0 0
1500 84.9201 -3.03393 17.2071 0.580563 -0.00533717 329.546 0 0
1500 75.8281 20.9178 15.8443 0.322459 0.305165 329.656 0 0
1500 52.592 -46.8793 15.1906 -0.0993304 -0.623157 330.156 0 0
1500 68.2916 1.22133 15.2517 0.158023 0.0444384 330.624 0 0
1500 143.675 -19.5709 15.2366 1.10009 -0.207726 331.018 0 0
1500 55.3646 19.1369 15.3957 -0.0736315 0.231499 331.302 0 0
1500 77.7631 28.9009 15.3479 0.219659 0.406155 331.34 0 0
1500 97.0547 7.8888 15.6902 0.550497 0.157854 332.514 0 0
1500 94.9791 -60.9733 15.3036 0.497972 -0.769943 332.559 0 0
1500 105.056 8.75404 16.3467 0.752724 0.166944 332.683 0 0
1500 97.4988 65.7672 15.4 0.539708 0.798694 333.114 0 0
1500 133.198 -15.0129 15.4191 0.966562 -0.17307 333.356 0 0
1500 70.088 25.354 15.6381 0.157578 0.398418 333.415 0 0
1500 97.432 -5.21251 15.8528 0.512605 -0.0462689 335.868 0 0
1500 127.896 92.1768 15.8036 1.03225 1.3183 336.298 0 0
1500 133.082 -13.7749 15.721 1.02809 -0.18336 336.638 0 0
1500 113.364 -7.77841 17.0915 1.02897 -0.154431 336.894 0 0
1500 83.8369 -58.903 15.8333 0.400041 -0.82934 337.245 0 0
1500 85.4849 6.42993 17.182 0.562114 0.164944 338.853 0 0
1500 132.759 22.0571 15.7593 0.969574 0.29292 338.874 0 0
1500 85.2312 -18.12 17.0816 0.5914 -0.325693 338.989 0 0
1500 89.3658 -12.2004 17.3228 0.648165 -0.184025 339.704 0 0
1500 126.786 -10.6002 16.3881 1.12127 -0.143714 340.643 0 0
1500 107.638 6.76371 16.617 0.911702 0.0988864 341.963 0 0
1500 71.7924 24.0009 16.5481 0.281568 0.346087 342.999 0 0
1500 88.2283 -13.4203 16.5119 0.498846 -0.197305 343.093 0 0
1500 49.687 -28.3325 16.1189 -0.116403 -0.342049 343.289 0 0
1500 74.4923 -9.61456 16.864 0.319654 -0.175116 343.901 0 0
1500 100.205 16.4463 16.4568 0.627325 0.274163 344.513 0 0
1500 87.5176 -7.34106 17.7978 0.59523 -0.128967 344.617 0 0
1500 76.2213 -0.857958 17.2779 0.41525 -0.060408 344.67 0 0
1500 81.1848 -12.675 16.5401 0.318631 -0.204507 344.752 0 0
1500 88.297 -1.37659 16.9256 0.533722 -0.0380879 345.133 0 0
1500 82.1987 -26.0897 16.1348 0.285498 -0.384488 345.262 0 0
1500 60.5179 -3.80417 17.0375 0.119589 -0.0913456 345.492 0 0
1500 61.2844 28.7986 16.288 0.0776914 0.42112 345.635 0 0
1500 77.8251 7.76333 16.4883 0.259211 0.148344 346.264 0 0
1500 89.1633 11.6092 17.3154 0.572718 0.159856 346.594 0 0
1500 147.36 -152.907 16.9293 1.45573 -2.55876 346.669 0 0
1500 127.978 -39.1724 16.2846 0.910022 -0.562354 347.101 0 0
1500 76.0863 9.31335 16.8138 0.3422 0.159344 347.15 0 0
1500 94.4396 12.8046 17.7327 0.66851 0.163049 347.17 0 0
1500 110.285 -62.0103 16.4279 0.711945 -0.923532 347.61 0 0
1500 89.5951 -4.82382 16.9355 0.504929 -0.109965 347.687 0 0
1500 69.5834 -49.3375 16.3783 0.18296 -0.671923 347.747 0 0
1500 57.5708 6.641 16.9548 0.0282237 0.0975233 348.12 0 0
1500 44.8918 -36.6211 16.3157 -0.115033 -0.503144 348.626 0 0
1500 96.2471 26.9126 16.5342 0.561852 0.356317 348.792 0 0
1500 86.7884 -28.626 16.326 0.416832 -0.400532 348.809 0 0
1500 83.6259 0.980502 17.5469 0.454359 -0.018807 348.944 0 0
1500 75.599 10.0175 16.9487 0.261455 0.171351 349.008 0 0
1500 99.6631 13.5189 16.758 0.616766 0.217833 349.215 0 0
1500 75.9044 -10.5109 17.1813 0.282235 -0.165602 349.566 0 0
1500 61.9628 33.1564 17.0556 0.0209551 0.603377 349.704 0 0
1500 88.8683 -2.802 16.5144 0.43959 0.0197467 349.779 0 0
1500 72.2009 -29.1733 16.5105 0.133282 -0.382357 349.815 0 0
1500 17.9915 -29.9563 16.5382 -0.602224 -0.3966 349.992 0 0
1500 88.8245 -12.9535 16.852 0.494008 -0.132911 350.376 0 0
1500 76.9012 -19.4798 16.8764 0.269702 -0.267815 350.597 0 0
1500 72.2716 3.08412 16.9405 0.213712 0.0922111 350.56 0 0
1500 67.0509 7.19782 16.7613 0.101859 0.124709 350.716 0 0
1500 94.0243 -1.02009 16.6411 0.51908 -0.0746648 350.803 0 0
1500 72.2965 1.33442 16.9993 0.285832 0.0655068 351.03 0 0
1500 35.0552 -21.0146 16.7212 -0.294411 -0.330605 351.231 0 0
1500 63.1228 3.5449 16.558 0.0376753 0.101918 351.436 0 0
1500 133.63 -12.261 16.4837 0.978037 -0.186567 351.479 0 0
1500 97.0647 -15.1069 16.6372 0.566762 -0.227304 351.524 0 0
1500 83.6958 -1.83411 17.7185 0.519968 -0.0209381 351.573 0 0
1500 77.3447 -17.3288 17.3111 0.312364 -0.264091 351.887 0 0
1500 74.6204 10.252 17.6313 0.342515 0.146814 351.932 0 0
1500 57.9593 -6.60238 16.6524 -0.055407 -0.0750257 352.309 0 0
1500 80.4052 -12.3124 17.7919 0.417779 -0.196648 352.361 0 0
1500 92.7749 -10.7366 18.2005 0.657337 -0.142021 352.509 0 0
1500 69.6133 22.9009 17.469 0.191358 0.34136 352.581 0 0
1500 20.1837 -39.2511 16.7352 -0.56336 -0.504495 352.955 0 0
1500 119.812 -54.2233 16.5929 0.791592 -0.68692 353.214 0 0
1500 9.5139 33.0735 16.6438 -0.640011 0.510877 353.187 0 0
1500 101.807 17.1179 17.8018 0.88384 0.351348 353.293 0 0
1500 123.551 -13.2321 17.1985 1.13605 -0.219264 353.515 0 0
1500 98.3709 -39.7977 16.6882 0.573039 -0.552829 353.726 0 0
1500 43.9522 81.1729 16.6445 -0.193032 1.02345 353.885 0 0
1500 112.724 36.5703 17.3512 0.926623 0.5505 354.124 0 0
1500 72.3878 -7.55547 17.8912 0.355262 -0.176811 354.331 0 0
1500 82.5018 32.0733 16.92 0.355684 0.478445 354.381 0 0
1500 80.2045 34.2551 16.9209 0.32592 0.506507 354.4 0 0
1500 61.9489 -14.3585 16.9134 0.0160766 -0.17211 354.399 0 0
1500 57.2289 18.5224 16.9141 -0.0822166 0.252447 354.636 0 0
1500 79.1622 -4.29922 17.3052 0.332122 -0.0903055 354.762 0 0
1500 74.8137 -1.99539 17.2463 0.32808 0.0299841 354.998 0 0
1500 66.4057 -63.3798 16.8816 0.134424 -0.87307 355.44 0 0
1500 89.9955 16.2187 16.9518 0.427573 0.274432 356.274 0 0
1500 58.8974 21.6552 17.0472 -0.00839046 0.360661 356.257 0 0
1500 9.41738 -43.8532 16.8239 -0.691909 -0.665036 356.314 0 0
1500 35.4388 -23.5624 16.8269 -0.375763 -0.331381 356.398 0 0
1500 53.4535 8.55716 17.0257 -0.119117 0.123169 356.501 0 0
1500 67.5403 78.1191 16.7865 0.178235 1.01218 356.791 0 0
1500 93.4347 -10.1074 17.4553 0.598995 -0.235153 356.811 0 0
1500 91.2426 3.45664 16.8575 0.466117 -0.0195633 356.906 0 0
1500 65.5975 -14.7999 17.3063 0.181931 -0.191845 357.035 0 0
1500 146.877 -7.67701 16.8432 1.26319 -0.129831 357.275 0 0
1500 112.564 46.6745 16.9685 0.760793 0.636436 357.314 0 0
1500 72.1823 52.0157 16.9014 0.140115 0.733635 357.419 0 0
1500 82.3018 80.1944 16.8668 0.377537 1.08753 357.448 0 0
1500 7.27909 0.200378 16.9034 -0.733526 0.0710763 357.446 0 0
1500 38.7645 -12.6296 17.1377 -0.259256 -0.225595 357.546 0 0
1500 73.8699 -4.83361 17.0858 0.249583 -0.0296896 357.581 0 0
1500 86.1906 -49.4569 16.8593 0.408042 -0.717655 357.817 0 0
1500 75.8586 29.6182 17.6263 0.28669 0.478583 357.799 0 0
1500 107.202 10.302 17.2871 0.832937 0.115382 358.056 0 0
1500 113.944 -17.5815 16.9027 0.761795 -0.300472 358.155 0 0
1500 82.5356 -12.022 18.6602 0.531586 -0.190143 358.29 0 0
1500 70.1036 7.32964 17.597 0.196326 0.133712 358.406 0 0
1500 80.8508 -9.41962 17.3127 0.32217 -0.182102 358.412 0 0
1500 125.43 40.5711 16.8777 0.893504 0.523852 358.532 0 0
1500 67.3724 39.9779 16.9528 0.0608592 0.549058 358.772 0 0
1500 58.5624 -59.6963 17.1622 0.0152609 -0.858465 358.89 0 0
1500 73.476 -66.8491 16.9017 0.234881 -0.936651 358.881 0 0
1500 108.591 -20.6957 17.1868 0.74966 -0.314345 359.09 0 0
1500 93.4077 -16.8375 17.6502 0.583851 -0.269232 359.506 0 0
1500 84.5676 -58.7184 17.0478 0.366234 -0.803577 359.547 0 0
1500 1.0025 -5.92258 16.9872 -0.830838 -0.0808007 359.676 0 0
1500 96.4198 4.94528 17.2457 0.549232 0.133472 359.688 0 0
1500 87.5611 0.767054 17.4438 0.428898 0.0328653 359.713 0 0
1500 58.534 -72.2456 16.9686 0.0206311 -1.0089 359.81 0 0
1500 81.2745 15.2621 18.211 0.434214 0.245947 360.07 0 0
1500 -6.08177 -4.49182 17.0085 -0.918786 -0.0610996 360.261 0 0
1500 80.6001 -31.3314 17.613 0.358987 -0.472797 360.344 0 0
1500 93.7365 -51.4949 17.3915 0.527256 -0.790399 360.411 0 0
1500 23.7725 -58.9504 17.0151 -0.519628 -0.785136 360.438 0 0
1500 85.0521 2.98927 17.5637 0.464007 -0.0178411 360.663 0 0
1500 57.2897 -30.2423 17.0382 -0.0487494 -0.468539 360.815 0 0
1500 28.3409 72.087 17.0468 -0.425662 0.957574 360.864 0 0
1500 82.8726 -4.5991 18.1323 0.512993 -0.0908046 360.94 0 0
1500 29.8393 -73.2341 16.9929 -0.330679 -0.99335 360.974 0 0
1500 112.451 27.243 17.1651 0.81621 0.368245 361.266 0 0
1500 53.0309 21.4775 17.1252 -0.083273 0.297511 361.338 0 0
1500 7.0956 -24.7069 17.1645 -0.699128 -0.39284 361.344 0 0
1500 76.3898 0.308275 17.7532 0.327242 0.0286319 361.383 0 0
1500 87.3974 49.0029 17.2432 0.470959 0.694192 361.556 0 0
1500 65.7937 7.43075 18.2739 0.230581 0.129738 361.726 0 0
1500 72.9081 -7.94904 17.5631 0.27889 -0.111688 361.945 0 0
1500 91.9598 -8.99606 17.4319 0.528479 -0.183952 361.982 0 0
1500 107.666 1.19301 17.761 0.841098 0.0357705 362.032 0 0
1500 84.1848 10.1984 17.7973 0.422937 0.106643 362.101 0 0
1500 81.0027 -45.2103 17.3885 0.376544 -0.663914 362.18 0 0
1500 96.3566 -12.7149 18.0699 0.719905 -0.223392 362.191 0 0
1500 -16.7416 15.591 17.1022 -1.02867 0.200318 362.61 0 0
1500 61.7592 9.99431 17.4097 0.0696535 0.202041 362.755 0 0
1500 79.2189 -1.88372 17.9641 0.353714 -0.0677311 362.846 0 0
1500 145.381 -39.7373 17.3475 1.31498 -0.622566 362.97 0 0
1500 132.311 -20.7897 17.4253 1.26201 -0.350864 363.2 0 0
1500 50.6782 -62.0539 17.1206 -0.134622 -0.874265 363.224 0 0
1500 -2.4216 -20.5167 17.1283 -0.834534 -0.324137 363.428 0 0
1500 86.4012 -6.25585 18.5994 0.566037 -0.13521 363.581 0 0
1500 249.187 -101.385 17.1311 2.63304 -1.46131 363.688 0 0
1500 62.2876 -32.498 17.4563 0.0193036 -0.563749 363.721 0 0
1500 85.8746 -2.91327 17.6352 0.429589 -0.0295965 363.895 0 0
1500 80.2244 -19.0078 17.1533 0.347178 -0.31668 363.914 0 0
1500 74.8872 -24.7144 17.7775 0.250671 -0.364321 363.958 0 0
1500 82.8844 -23.6338 17.8967 0.455352 -0.369925 364.185 0 0
1500 26.0677 -0.205078 17.294 -0.491992 -0.0160707 364.276 0 0
1500 93.3193 18.6987 17.7772 0.586096 0.268007 364.4 0 0
1500 105.194 -2.71497 17.7877 0.777803 -0.0707845 364.399 0 0
1500 77.8016 86.1669 17.3984 0.339111 1.35726 364.473 0 0
1500 17.7258 -35.3597 17.1879 -0.613469 -0.45635 364.567 0 0
1500 22.3031 30.5837 17.2368 -0.479511 0.408045 364.658 0 0
1500 122.048 -37.6556 17.3418 0.973782 -0.565037 364.798 0 0
1500 119.059 -0.976766 17.3666 0.974851 -0.071008 364.807 0 0
1500 19.7379 11.7949 17.2525 -0.508946 0.178661 364.948 0 0
1500 83.3536 12.2713 17.3232 0.430317 0.191205 365.048 0 0
1500 100.811 0.110435 18.0236 0.715305 0.045134 365.235 0 0
1500 59.554 50.7376 17.3373 -0.0166514 0.731276 365.235 0 0
1500 90.9067 -49.9522 17.3728 0.533303 -0.775935 365.217 0 0
1500 117.188 39.8759 17.3548 0.888659 0.653472 365.233 0 0
1500 69.1218 63.6173 17.2093 0.0895229 0.890279 365.297 0 0
1500 60.0571 8.5797 17.5578 0.0935409 0.149366 365.347 0 0
1500 22.2992 53.0513 17.2156 -0.543868 0.744927 365.502 0 0
1500 76.8376 16.4595 17.4607 0.354872 0.2474 365.486 0 0
1500 72.7195 -15.4125 17.9672 0.304969 -0.282345 365.606 0 0
1500 45.2171 -19.1552 17.2558 -0.14246 -0.291861 365.754 0 0
1500 133.622 -5.26873 17.2082 1.04131 -0.106337 366.019 0 0
1500 86.374 -45.6299 17.9208 0.579348 -0.786484 365.997 0 0
1500 134.724 107.46 17.2236 1.04892 1.55789 366.129 0 0
1500 102.455 55.3731 17.3974 0.678409 0.856026 366.29 0 0
1500 109.954 -16.9891 17.2865 0.723009 -0.307058 366.316 0 0
1500 68.905 -19.0615 18.0653 0.2345 -0.34121 366.322 0 0
1500 49.2832 1.04546 17.8343 -0.0903213 0.0606026 366.565 0 0
1500 111.441 -5.47878 17.6379 0.821307 -0.122994 366.441 0 0
1500 63.4387 -31.4178 17.4869 0.145517 -0.485278 366.567 0 0
1500 120.442 3.21926 17.3946 0.908428 -0.000879276 366.813 0 0
1500 116.876 -18.6341 17.3948 0.860382 -0.294753 366.821 0 0
1500 97.3932 -9.80793 18.0208 0.662564 -0.177393 366.964 0 0
1500 110.839 -4.24488 17.5403 0.813525 -0.0498336 367.029 0 0
1500 49.5275 -9.61228 18.081 -0.138372 -0.162705 366.958 0 0
1500 74.7784 12.2381 18.8003 0.38065 0.196319 367.24 0 0
1500 73.1165 -26.9032 17.6674 0.288766 -0.424597 367.246 0 0
1500 106.41 24.6266 17.3782 0.739122 0.342856 367.206 0 0
1500 91.876 -27.909 17.9618 0.628345 -0.553196 367.251 0 0
1500 66.5298 -20.9671 18.1889 0.200148 -0.333756 367.283 0 0
1500 16.8558 44.4006 17.3914 -0.555987 0.666977 367.336 0 0
1500 63.2111 16.0261 17.9301 0.115546 0.241989 367.4 0 0
1500 127.21 -35.0068 17.2957 0.984848 -0.549747 367.953 0 0
1500 61.8851 13.8251 17.8202 0.0508742 0.192784 368.282 0 0
1500 89.5276 5.64616 17.6657 0.476402 0.074435 368.323 0 0
1500 50.9954 -30.0089 17.3635 -0.0490504 -0.473891 368.348 0 0
1500 21.4671 24.9709 17.4361 -0.556108 0.367052 368.42 0 0
1500 51.7569 55.1691 17.3448 -0.139231 0.813409 368.448 0 0
1500 81.6219 57.4102 17.4601 0.34632 0.841466 368.685 0 0
1500 40.8728 4.36101 17.5905 -0.29566 0.0130361 368.585 0 0
1500 -5.26502 1.4966 17.3685 -0.914393 0.0569863 368.938 0 0
1500 98.4311 -40.5422 18.1136 0.77852 -0.714348 368.914 0 0
1500 114.595 -51.8251 17.3405 0.72944 -0.740485 369.037 0 0
1500 41.6888 15.385 17.7685 -0.237915 0.22704 369.404 0 0
1500 53.1309 -9.76127 17.8327 -0.0705105 -0.124946 369.438 0 0
1500 118.626 13.3757 17.4513 0.897767 0.152692 369.707 0 0
1500 149.237 12.0379 17.4495 1.33791 0.18603 369.687 0 0
1500 61.6244 16.8003 17.3945 0.103449 0.287815 369.627 0 0
1500 97.4692 6.75208 17.6855 0.580438 0.0842097 369.818 0 0
1500 111.179 -14.0716 17.5411 0.810688 -0.163346 369.883 0 0
1500 92.6213 0.798023 17.4145 0.53401 0.067093 369.905 0 0
1500 96.9702 -46.9646 17.9267 0.682765 -0.79808 369.913 0 0
1500 80.8077 5.31102 18.2704 0.440567 0.130585 370.053 0 0
1500 94.7969 -22.9019 17.4749 0.524754 -0.389668 370.132 0 0
1500 84.8754 5.77581 18.2737 0.493017 0.13644 370.185 0 0
1500 37.0032 -64.6856 17.4005 -0.351025 -0.891796 370.276 0 0
1500 121.061 0.388521 17.5435 1.00996 -0.0528671 370.349 0 0
1500 71.4625 -22.2591 17.9858 0.236411 -0.324776 370.377 0 0
1500 89.1054 -5.99035 19.0723 0.659049 -0.108661 370.397 0 0
1500 65.6178 -9.78233 17.7203 0.189264 -0.116954 370.54 0 0
1500 73.8845 3.962 18.7185 0.368141 0.00307736 370.943 0 0
1500 78.5161 -19.6189 18.308 0.43339 -0.30959 370.937 0 0
1500 101.298 -22.9848 17.4284 0.677366 -0.303907 371.256 0 0
1500 147.777 -24.1255 17.4428 1.3612 -0.394035 371.325 0 0
1500 88.584 -0.019936 17.7129 0.533554 0.00110026 371.57 0 0
1500 60.6393 56.6606 17.4351 0.103458 0.815086 371.619 0 0
1500 58.0212 4.81763 17.5456 0.0722032 0.0619516 371.697 0 0
1500 62.4848 36.0075 17.4839 0.127149 0.555131 371.748 0 0
1500 75.5964 40.202 17.6951 0.328911 0.606687 372.003 0 0
1500 60.7599 -10.2891 17.8934 0.063456 -0.206015 372.124 0 0
1500 169.251 -17.8699 17.5879 1.77324 -0.261941 372.33 0 0
1500 58.4279 42.595 17.7873 0.0114018 0.782789 372.818 0 0
1500 128.166 -22.5555 17.4949 0.992252 -0.333527 372.895 0 0
1500 85.8569 -6.21223 17.6667 0.492207 -0.105449 372.92 0 0
1500 91.9955 -7.56822 18.9267 0.666865 -0.126175 372.955 0 0
1500 80.2894 0.428903 18.4241 0.47036 0.0525043 373.049 0 0
1500 107.959 6.04408 17.7298 0.772558 0.135313 373.059 0 0
1500 88.2316 8.09585 18.0939 0.53644 0.16613 373.209 0 0
1500 176.899 30.272 17.5207 1.80629 0.398446 373.203 0 0
1500 84.1782 -18.5605 17.9069 0.473832 -0.306106 373.255 0 0
1500 125.551 27.0245 17.4791 0.960996 0.410991 373.445 0 0
1500 103.508 -34.4239 17.5469 0.698516 -0.535969 373.555 0 0
1500 123.622 1.63166 17.557 0.962679 -0.0322889 373.663 0 0
1500 129.46 -3.95409 17.5167 1.02629 -0.105491 374.017 0 0
1500 133.701 -2.54325 18.0727 1.29811 -0.0608924 374.061 0 0
1500 74.4748 -3.92962 17.5943 0.263055 -0.0148943 374.044 0 0
1500 91.0388 55.5352 17.5058 0.442008 0.872741 374.153 0 0
1500 113.209 -14.4758 17.5907 0.841971 -0.269567 374.168 0 0
1500 79.76 -10.7548 17.7695 0.416835 -0.16988 374.348 0 0
1500 74.8466 20.6915 17.6425 0.282243 0.263542 374.404 0 0
1500 57.4698 24.9511 18.025 -0.0288131 0.483753 375.001 0 0
1500 91.9493 7.50101 18.3382 0.628378 0.136096 375.053 0 0
1500 69.3436 -9.88273 17.7979 0.22414 -0.144002 375.124 0 0
1500 90.0221 37.4943 17.7799 0.532459 0.62761 375.085 0 0
1500 94.0203 1.01682 18.1173 0.649094 0.00286762 375.326 0 0
1500 103.636 7.76315 17.777 0.752278 0.0964324 375.222 0 0
1500 129.618 3.86289 17.5273 1.018 0.0706279 375.347 0 0
1500 96.4309 -33.2024 17.7794 0.647366 -0.486431 375.451 0 0
1500 108.067 5.12803 17.7796 0.81256 0.0586261 375.475 0 0
1500 83.9842 -67.3876 17.5571 0.395296 -0.953792 375.562 0 0
1500 52.6531 -21.4948 17.8256 -0.0545591 -0.384777 375.605 0 0
1500 94.954 35.822 17.8099 0.559887 0.624727 375.737 0 0
1500 112.64 -45.745 17.5644 0.776871 -0.661382 375.815 0 0
1500 68.1396 8.06375 17.8417 0.2477 0.154367 375.866 0 0
1500 80.8038 -40.3491 17.815 0.356665 -0.6604 375.873 0 0
1500 63.8484 47.7332 17.5924 0.0321087 0.741016 376.039 0 0
1500 42.7532 24.6978 17.6936 -0.236867 0.328312 376.131 0 0
1500 113.011 -20.7757 17.7878 0.874467 -0.306673 376.149 0 0
1500 102.096 26.1732 18.2779 0.83903 0.430307 376.228 0 0
1500 72.8997 -6.6903 18.0831 0.304366 -0.164213 376.443 0 0
1500 20.6423 24.2036 17.6589 -0.549797 0.44632 376.616 0 0
1500 82.991 -73.1531 17.6297 0.436335 -1.11695 376.757 0 0
1500 101.757 -48.8664 17.5955 0.622939 -0.693613 376.837 0 0
1500 14.2446 23.1558 17.6612 -0.646857 0.408542 376.89 0 0
1500 70.9396 25.5506 17.6669 0.13539 0.41322 376.989 0 0
1500 87.7174 6.0224 18.2402 0.570981 0.1137 377.032 0 0
1500 22.4647 -62.8345 17.5892 -0.560353 -0.884211 377.081 0 0
1500 95.4321 0.783836 17.9462 0.63563 -0.0424823 377.125 0 0
1500 22.8056 -61.2019 17.5454 -0.50104 -0.920792 377.276 0 0
1500 81.0153 -8.62887 18.6216 0.519002 -0.152701 377.282 0 0
1500 104.579 32.1235 17.6641 0.667463 0.53604 377.324 0 0
1500 101.012 -68.4203 17.5586 0.642168 -0.958579 377.664 0 0
1500 62.5161 -3.08177 18.1762 0.0639734 0.0211457 377.674 0 0
1500 92.2827 -25.9813 17.9086 0.553088 -0.446248 377.777 0 0
1500 0.623451 -50.9136 18.0316 -1.0515 -0.839365 377.908 0 0
1500 41.4313 53.3951 17.6352 -0.306437 0.801629 377.959 0 0
1500 95.3688 109.862 17.6562 0.581047 1.70802 378.019 0 0
1500 98.6792 17.9369 18.1624 0.744691 0.327711 378.098 0 0
1500 88.0921 21.1577 17.6247 0.447157 0.29007 378.229 0 0
1500 104.519 -20.7081 17.8519 0.713592 -0.338812 378.337 0 0
1500 85.8985 -22.0745 18.1395 0.520986 -0.351964 378.485 0 0
1500 100.234 26.1905 18.8389 0.820864 0.475983 378.886 0 0
1500 -7.65288 7.07801 17.6336 -0.952714 0.0858503 379.086 0 0
1500 72.794 -9.50916 18.067 0.240105 -0.203105 379.103 0 0
1500 33.3839 -55.3368 17.6927 -0.324161 -0.90755 379.159 0 0
1500 75.5749 25.0364 17.8336 0.242528 0.38132 379.268 0 0
1500 50.6493 3.74383 18.4366 -0.0716288 0.0531556 379.326 0 0
1500 47.3733 1.01243 18.0974 -0.166327 0.0176313 379.371 0 0
1500 142.627 23.9836 17.8151 1.46235 0.398622 379.523 0 0
1500 69.0596 49.6618 17.8928 0.143565 0.785421 379.654 0 0
1500 68.893 -61.7844 17.6514 0.204306 -0.951647 379.662 0 0
1500 91.5249 -10.2419 18.385 0.636067 -0.107947 379.712 0 0
1500 79.2488 -7.19141 17.9179 0.423009 -0.123179 379.849 0 0
1500 66.4902 27.7404 17.6169 0.0525144 0.442874 379.854 0 0
1500 106.997 10.4016 17.8513 0.791601 0.125707 379.945 0 0
1500 77.9271 -8.69358 18.0977 0.391876 -0.18817 379.922 0 0
1500 75.4981 -25.8175 17.9178 0.366544 -0.397026 380.05 0 0
1500 52.7741 27.953 17.6168 -0.154225 0.445764 379.901 0 0
1500 103.532 2.82667 17.7765 0.760938 0.0343695 380.386 0 0
1500 24.2192 -4.4081 17.9547 -0.586065 -0.030799 380.331 0 0
1500 88.576 -20.488 18.0981 0.543256 -0.357619 380.423 0 0
1500 73.4998 -25.821 17.87 0.247604 -0.455398 380.448 0 0
1500 70.9054 32.6431 17.6755 0.130306 0.52502 380.578 0 0
1500 96.6181 8.03373 18.2526 0.640259 0.117338 380.689 0 0
1500 67.604 19.5931 18.4176 0.185607 0.297251 380.596 0 0
1500 84.6863 -34.4401 18.1728 0.495726 -0.552182 380.779 0 0
1500 87.8761 74.7901 17.9334 0.472498 1.2416 380.728 0 0
1500 132.589 26.4226 17.9175 1.24963 0.47122 380.757 0 0
1500 40.2127 -50.8879 17.617 -0.338384 -0.731259 380.909 0 0
1500 16.2925 -22.4787 17.8545 -0.646646 -0.402612 381.067 0 0
1500 140.682 -20.9715 17.9692 1.37672 -0.35341 381.418 0 0
1500 81.9312 -2.6291 18.2602 0.406782 -0.107604 381.495 0 0
1500 106.356 -17.1759 18.1054 0.802228 -0.312328 381.65 0 0
1500 69.5328 -11.1015 17.9405 0.278741 -0.201457 381.601 0 0
1500 82.6462 5.63319 18.046 0.421269 0.0565301 381.748 0 0
1500 40.9673 -37.7496 18.1524 -0.248497 -0.659464 381.701 0 0
1500 29.3716 7.60593 17.8626 -0.473776 0.106268 381.76 0 0
1500 22.4302 3.38939 17.8623 -0.575348 0.0433813 381.963 0 0
1500 91.8532 -23.1952 18.1427 0.689933 -0.441988 381.916 0 0
1500 64.5628 -68.9884 17.6722 0.14845 -1.03368 382.098 0 0
1500 104.365 -0.463483 18.6347 0.835895 -0.032943 382.211 0 0
1500 61.6724 25.3776 17.8614 0.0991289 0.449969 382.312 0 0
1500 115.23 -24.9719 17.7557 0.910967 -0.336236 382.533 0 0
1500 85.709 13.2872 17.7766 0.379572 0.256006 382.668 0 0
1500 9.06245 -48.3798 17.6277 -0.779203 -0.675314 382.776 0 0
1500 22.7268 54.2389 17.682 -0.573188 0.821261 382.833 0 0
1500 44.4661 31.9122 17.7761 -0.236776 0.532623 382.939 0 0
1500 56.6032 -21.6521 17.9331 -0.0478587 -0.312093 383.109 0 0
1500 88.1273 17.5495 18.4268 0.602166 0.254616 383.012 0 0
1500 106.97 -8.13341 17.8823 0.81554 -0.13787 383.013 0 0
1500 36.5955 5.49666 18.1996 -0.370322 0.106429 383.134 0 0
1500 127.748 54.3989 17.72 1.11437 0.820215 383.184 0 0
1500 74.8153 8.16502 19.5312 0.444542 0.120841 383.514 0 0
1500 79.7552 -53.5687 17.7621 0.303041 -0.797632 383.698 0 0
1500 63.4686 54.6352 17.862 0.123327 0.86776 383.704 0 0
1500 79.6375 -7.01826 18.2277 0.407842 -0.172827 383.76 0 0
1500 99.8457 -52.8652 18.0016 0.715777 -0.897935 383.753 0 0
1500 53.7615 16.8967 17.7845 -0.063562 0.287782 383.889 0 0
1500 124.638 5.81906 17.836 1.03945 0.0911068 383.942 0 0
1500 7.20835 19.7006 17.7962 -0.802631 0.296709 384.01 0 0
1500 90.2531 4.33724 18.1973 0.511032 0.111172 384.133 0 0
1500 53.9617 33.7459 17.8129 -0.0712983 0.571461 384.42 0 0
1500 84.4661 28.3176 17.8127 0.38194 0.489819 384.539 0 0
1500 95.7616 -85.949 17.7156 0.63462 -1.38176 384.519 0 0
1500 86.4743 3.95951 17.7558 0.467438 0.0661487 384.721 0 0
1500 67.8528 32.8683 18.2619 0.207301 0.610614 384.781 0 0
1500 88.2491 -5.88074 18.9773 0.578062 -0.0935181 384.903 0 0
1500 75.7279 -21.0764 17.7591 0.319023 -0.277305 384.886 0 0
1500 -10.5126 145.647 17.6732 -0.966186 2.18003 384.859 0 0
1500 94.9354 14.6504 17.899 0.644561 0.226774 384.909 0 0
1500 93.2838 35.8645 18.1281 0.627691 0.69574 385.05 0 0
1500 45.6442 -4.70245 18.0848 -0.158689 -0.111415 385.08 0 0
1500 71.345 14.4304 18.6251 0.336401 0.273939 385.099 0 0
1500 86.0412 -25.7614 17.9682 0.411004 -0.408312 385.219 0 0
1500 44.9903 22.0468 17.9929 -0.201754 0.307791 385.34 0 0
1500 11.1472 -3.53219 17.7431 -0.698164 -0.0578729 385.379 0 0
1500 94.7852 3.22087 18.0304 0.594908 0.0391053 385.655 0 0
1500 46.2379 -3.96802 18.3327 -0.146412 -0.0984016 385.563 0 0
1500 90.0564 21.1118 18.1897 0.573022 0.364751 385.659 0 0
1500 99.6308 72.7247 17.7686 0.648055 1.12872 385.631 0 0
1500 14.8605 -21.5592 17.7838 -0.695923 -0.292168 385.649 0 0
1500 64.148 -41.6759 18.2429 0.0810047 -0.696133 385.722 0 0
1500 76.3985 13.3863 18.4745 0.429277 0.228151 385.917 0 0
1500 66.572 -56.3325 17.8149 0.112505 -0.890185 386.035 0 0
1500 72.601 15.3986 18.0437 0.297632 0.199678 386.196 0 0
1500 42.1651 52.8047 17.6798 -0.286671 0.748643 386.251 0 0
1500 83.2456 4.49052 17.7463 0.350211 0.135305 386.187 0 0
1500 81.2161 -5.7526 18.4169 0.471048 -0.0243318 386.309 0 0
1500 83.3097 -11.6241 17.9817 0.427325 -0.181961 386.452 0 0
1500 92.9226 50.3843 17.7417 0.586592 0.744964 386.443 0 0
1500 25.7381 14.9284 17.6935 -0.518258 0.291401 386.619 0 0
1500 73.415 10.2487 17.8817 0.309539 0.201828 386.618 0 0
1500 86.3388 56.9314 17.7427 0.489168 0.838071 386.639 0 0
1500 105.882 18.0705 17.8744 0.778818 0.311835 386.649 0 0
1500 80.0672 30.1442 18.0287 0.317968 0.500787 386.723 0 0
1500 51.311 21.7599 18.1459 -0.0721551 0.387523 386.846 0 0
1500 27.9976 -25.3315 17.6967 -0.484971 -0.312982 386.984 0 0
1500 76.9407 16.7417 17.8718 0.336518 0.217335 387.151 0 0
1500 88.098 8.13439 18.4515 0.582628 0.164476 387.144 0 0
1500 107.715 -9.61005 17.7846 0.81465 -0.122003 387.103 0 0
1500 106.419 25.4533 17.8476 0.741853 0.3627 387.393 0 0
1500 76.857 51.8578 17.8009 0.262389 0.831759 387.429 0 0
1500 59.0875 32.7468 17.8307 0.025668 0.565702 387.346 0 0
1500 93.5554 18.7721 18.2834 0.667975 0.435197 387.546 0 0
1500 74.4638 -12.2657 18.016 0.316353 -0.177861 387.557 0 0
1500 118.678 7.58078 17.9102 0.948776 0.165272 387.981 0 0
1500 32.8208 50.6101 17.7443 -0.401778 0.811661 387.889 0 0
1500 97.291 19.5527 17.855 0.667132 0.321719 387.872 0 0
1500 38.2987 41.9182 17.8294 -0.283507 0.697187 387.919 0 0
1500 81.6211 -5.30971 17.8406 0.440451 -0.105214 387.902 0 0
1500 76.4794 50.1706 17.8794 0.348063 0.783874 388.044 0 0
1500 74.3625 -34.179 17.8299 0.320822 -0.55186 388.187 0 0
1500 107.531 16.1097 17.8779 0.811164 0.274416 388.29 0 0
1500 52.9091 -12.4655 17.7717 -0.097042 -0.263136 388.336 0 0
1500 69.9824 7.04864 17.9154 0.246613 0.102021 388.469 0 0
1500 69.9025 -63.6517 17.6991 0.244327 -0.938413 388.476 0 0
1500 109.457 10.8302 17.8776 0.846183 0.180408 388.428 0 0
1500 15.7278 -20.5846 17.815 -0.650092 -0.375338 388.551 0 0
1500 -72.4458 -71.2159 17.7873 -2.15745 -1.10771 388.416 0 0
1500 36.7428 -48.3979 17.7792 -0.29364 -0.792806 388.679 0 0
1500 34.4559 34.46 17.769 -0.324781 0.58898 388.653 0 0
1500 97.3359 0.409484 18.229 0.64193 -0.0218371 388.897 0 0
1500 83.1194 -2.59423 19.3264 0.5563 -0.0233418 388.82 0 0
1500 99.7055 26.9498 17.8374 0.702644 0.375592 388.892 0 0
1500 66.694 -54.142 17.8285 0.203193 -0.839702 389.083 0 0
1500 228.556 -116.312 17.764 2.64168 -1.78631 389.047 0 0
1500 87.6614 -33.2791 18.1659 0.50074 -0.636736 389.265 0 0
1500 88.3771 6.33224 18.6497 0.56049 0.105399 389.383 0 0
1500 29.8437 21.4271 17.9778 -0.52254 0.308686 389.325 0 0
1500 -34.992 -33.4412 17.7837 -1.43263 -0.482913 389.433 0 0
1500 89.8934 16.5399 18.6674 0.572126 0.326106 389.43 0 0
1500 74.5863 -10.4778 17.9696 0.311953 -0.157176 389.533 0 0
1500 114.498 -18.5802 17.8916 0.878228 -0.337105 389.62 0 0
1500 69.1954 28.2998 17.7693 0.245445 0.443908 389.904 0 0
1500 47.4435 5.89014 18.1131 -0.178694 0.0564161 389.958 0 0
1500 126.317 2.13094 17.7102 1.04778 0.0268998 390.097 0 0
1500 124.228 -55.6686 17.7626 1.00977 -0.911393 390.091 0 0
1500 86.9557 -16.9722 18.1985 0.490065 -0.266513 390.207 0 0
1500 82.3471 4.50942 18.1496 0.432753 0.0384471 390.302 0 0
1500 117.027 -24.7113 17.8402 0.938047 -0.38295 390.466 0 0
1500 78.5588 -24.5499 18.3448 0.358296 -0.42931 390.489 0 0
1500 75.6416 14.3927 17.9901 0.369454 0.202996 390.384 0 0
1500 134.899 13.9376 18.1511 1.43981 0.263592 390.292 0 0
1500 105.573 -19.7922 17.892 0.766006 -0.289602 390.634 0 0
1500 92.4457 29.4914 17.8898 0.604433 0.454252 390.686 0 0
1500 22.7065 -3.2173 18.0226 -0.564392 -0.0384188 390.871 0 0
1500 11.0121 -53.2052 17.7334 -0.659922 -0.856718 390.751 0 0
1500 48.8563 68.1207 17.8432 -0.121111 1.03946 390.971 0 0
1500 71.3218 -7.17634 17.7983 0.204847 -0.157799 390.917 0 0
1500 86.2507 36.2011 18.0524 0.504744 0.589833 390.944 0 0
1500 99.5595 -14.8116 17.8274 0.647923 -0.295504 390.947 0 0
1500 69.5475 -26.3779 18.2166 0.178063 -0.550032 390.948 0 0
1500 42.6606 7.13571 18.222 -0.21344 0.0906989 391.098 0 0
1500 85.816 62.7097 17.7253 0.458515 0.879694 391.37 0 0
1500 91.0898 45.9091 17.8887 0.578013 0.691631 391.406 0 0
1500 106.706 -30.9655 17.7649 0.796569 -0.445448 391.411 0 0
1500 52.1668 -9.67191 17.7658 -0.127053 -0.0803845 391.2 0 0
1500 32.1618 -5.80263 17.7634 -0.431617 -0.0209914 391.503 0 0
1500 114.563 -10.8011 17.8887 0.921378 -0.144523 391.621 0 0
1500 44.5558 38.8009 17.7958 -0.260806 0.62957 391.562 0 0
1500 127.707 -25.108 17.8319 1.14073 -0.343196 391.731 0 0
1500 63.2509 -13.3202 18.6425 0.153861 -0.235371 391.79 0 0
1500 42.2954 -65.5789 17.7717 -0.245431 -1.01727 391.931 0 0
1500 118.069 3.82282 17.8892 0.968414 0.0702055 391.939 0 0
1500 117.087 20.8906 17.766 0.940877 0.320722 392.108 0 0
1500 91.2159 -56.6615 17.7747 0.441663 -0.902106 392.005 0 0
1500 70.3585 -21.3319 17.8439 0.272185 -0.327936 392.019 0 0
1500 83.5341 -4.27381 18.6972 0.533726 -0.118671 392.274 0 0
1500 112.486 38.7003 18.2035 0.926331 0.680102 392.207 0 0
1500 43.4219 -20.0277 17.7977 -0.194957 -0.384377 392.215 0 0
1500 119.256 17.6731 17.8906 0.978431 0.270899 392.452 0 0
1500 99.7745 5.86543 18.1823 0.738645 0.106534 392.464 0 0
1500 65.6483 3.70322 17.9207 0.0714784 0.0993235 392.428 0 0
1500 45.1344 -7.92594 17.8836 -0.23729 -0.0669859 392.483 0 0
1500 17.0119 -22.1318 17.9262 -0.713657 -0.295938 392.497 0 0
1500 71.1812 13.4218 18.7698 0.349054 0.255332 392.615 0 0
1500 28.7257 44.1088 17.7957 -0.431701 0.668698 392.672 0 0
1500 78.494 -61.1448 17.8276 0.322604 -0.962666 392.875 0 0
1500 94.3088 15.8756 17.796 0.544272 0.316196 392.843 0 0
1500 88.3046 48.4806 17.7573 0.415229 0.788901 393.01 0 0
1500 69.4274 34.7725 17.8792 0.161165 0.596408 393.011 0 0
1500 35.5919 -18.4427 17.8892 -0.422851 -0.319948 392.965 0 0
1500 66.0425 55.4649 17.7572 0.0832386 0.892633 393.041 0 0
1500 87.1966 -30.9497 18.0305 0.455864 -0.518736 393.18 0 0
1500 46.9294 -49.7299 17.829 -0.140656 -0.815587 393.158 0 0
1500 90.1333 -14.9345 17.7801 0.488935 -0.303939 393.2 0 0
1500 89.8096 126.247 17.768 0.422296 1.93045 393.247 0 0
1500 42.216 -2.28593 18.1764 -0.258776 -0.0300888 393.251 0 0
1500 86.9229 0.707391 20.0964 0.815472 0.0085949 393.227 0 0
1500 87.5584 -4.14863 18.9618 0.641221 -0.0120311 393.387 0 0
1500 75.5881 1.74038 18.1263 0.303601 -0.0487131 393.34 0 0
1500 14.1073 -5.49514 17.7781 -0.667097 -0.159271 393.508 0 0
1500 101.258 1.32486 17.7786 0.656311 -0.0558436 393.424 0 0
1500 103.358 8.617 18.0804 0.776935 0.071362 393.523 0 0
1500 113.248 33.4502 18.188 0.968345 0.580512 393.338 0 0
1500 101.583 22.8057 17.8911 0.699175 0.406781 393.554 0 0
1500 66.6441 6.97798 17.8689 0.18905 0.112107 393.767 0 0
1500 -8.12387 1.79297 17.8071 -1.01785 -0.017861 393.735 0 0
1500 96.2694 22.4234 18.3713 0.80173 0.409038 393.785 0 0
1500 52.993 -12.5709 18.1117 -0.0452283 -0.263475 393.807 0 0
1500 98.5823 -21.0627 17.8678 0.591111 -0.386105 393.935 0 0
1500 110.735 -9.15381 17.8811 0.803958 -0.149173 394.128 0 0
1500 119.632 26.7355 17.7602 0.964518 0.397658 394.012 0 0
1500 12.4062 29.6006 17.8753 -0.690083 0.511255 393.928 0 0
1500 65.9427 37.4827 17.8027 0.142647 0.642916 393.958 0 0
1500 107.141 -6.3492 18.2499 0.893095 -0.0849133 394.163 0 0
1500 27.8421 7.3205 17.911 -0.434325 0.15295 394.195 0 0
1500 79.8502 1.04089 18.5158 0.49873 -0.00525634 394.196 0 0
1500 109.717 30.2933 17.8312 0.758582 0.485582 394.515 0 0
1500 48.2177 18.5631 18.2269 -0.105619 0.30549 394.617 0 0
1500 78.2737 59.7205 17.8739 0.314561 0.947321 394.634 0 0
1500 94.4397 -22.6306 17.8926 0.574326 -0.332036 394.762 0 0
1500 58.5371 43.9275 17.8202 0.034283 0.668069 394.957 0 0
1500 -2.78316 17.0993 17.8741 -0.933377 0.303371 394.914 0 0
1500 87.0159 -19.3958 18.0606 0.502021 -0.35933 394.8 0 0
1500 86.0769 20.7637 17.8462 0.495244 0.361771 394.725 0 0
1500 77.2614 24.7742 17.7952 0.299058 0.453457 394.9 0 0
1500 42.681 -21.2569 18.2041 -0.24369 -0.381802 394.771 0 0
1500 95.4081 33.5656 17.8849 0.679244 0.548385 394.839 0 0
1500 94.9412 16.093 17.9541 0.549802 0.257639 395.182 0 0
1500 79.9365 -35.3469 17.8938 0.360352 -0.530691 395.073 0 0
1500 84.5163 10.011 17.9643 0.393659 0.221662 395.093 0 0
1500 102.257 69.5053 17.9324 0.701289 1.16108 395.225 0 0
1500 78.0771 -11.0593 18.4555 0.342891 -0.209976 395.265 0 0
1500 0.279664 36.2999 17.8249 -0.864969 0.570012 395.389 0 0
1500 89.075 59.9215 17.7913 0.461537 0.939961 395.371 0 0
1500 100.087 30.6582 18.2368 0.725004 0.550453 395.41 0 0
1500 111.243 -29.6116 17.7958 0.814847 -0.401204 395.468 0 0
1500 122.568 20.2839 17.7564 1.00696 0.270318 395.432 0 0
1500 89.605 17.4302 17.9396 0.582087 0.231627 395.498 0 0
1500 101.124 49.4009 17.7844 0.676732 0.720175 395.515 0 0
1500 54.9755 -6.66339 18.0632 -0.00432955 -0.155596 395.659 0 0
1500 130.346 -35.1335 17.8604 1.10832 -0.601198 395.636 0 0
1500 100.966 -42.1425 17.8648 0.630102 -0.709269 395.602 0 0
1500 15.2274 -27.9609 17.7755 -0.692735 -0.359978 395.705 0 0
1500 6.76804 -43.0508 17.7748 -0.752488 -0.704861 395.784 0 0
1500 60.2857 11.1023 18.3143 0.0636676 0.206489 395.858 0 0
1500 89.7658 -8.13583 18.6917 0.637132 -0.154416 395.861 0 0
1500 80.0589 -10.6429 18.6458 0.476868 -0.214837 396.047 0 0
1500 94.9526 16.1931 18.2955 0.606583 0.311479 395.914 0 0
1500 98.6418 -37.7069 18.0548 0.664281 -0.622652 396.021 0 0
1500 81.882 0.837206 18.1122 0.412317 -0.0624148 396.082 0 0
1500 66.4732 46.4995 17.7975 0.123268 0.781729 396.093 0 0
1500 62.4824 47.1969 17.7974 0.0626644 0.792151 396.107 0 0
1500 49.2209 1.4674 18.249 -0.113318 0.0635621 396.177 0 0
1500 106.21 -18.494 17.8074 0.736854 -0.243108 396.2 0 0
1500 105.572 -24.682 17.7758 0.759983 -0.310991 396.266 0 0
1500 126.378 17.7617 17.7696 1.08042 0.330756 396.234 0 0
1500 58.7699 -22.4316 17.7956 2.45316e-05 -0.422584 396.274 0 0
1500 83.1361 8.31474 17.8868 0.38173 0.208467 396.513 0 0
1500 77.1842 25.5901 18.0345 0.278773 0.473328 396.552 0 0
1500 90.8307 102.863 17.9655 0.591147 1.77205 396.455 0 0
1500 78.3283 -5.72184 18.266 0.385934 -0.102445 396.687 0 0
1500 66.3114 28.2499 17.866 0.14085 0.44842 397.039 0 0
1500 78.7806 34.1463 17.8189 0.353719 0.481945 396.836 0 0
1500 2.64399 31.8754 17.7796 -0.816581 0.512742 396.745 0 0
1500 53.6488 61.5634 17.783 -0.0958155 0.928641 397.006 0 0
1500 117.457 -35.8992 17.7818 0.85494 -0.588739 397.082 0 0
1500 64.6329 -6.95912 18.8142 0.162688 -0.127851 397.073 0 0
1500 85.9784 5.49085 18.0545 0.519813 0.0943861 396.777 0 0
1500 82.4639 -4.78738 17.9457 0.467286 -0.0822414 396.979 0 0
1500 164.898 -59.6019 17.8002 1.66841 -0.988191 396.911 0 0
1500 94.4931 -23.113 18.0296 0.596577 -0.43744 397.024 0 0
1500 124.586 -3.70691 17.9318 1.04454 -0.0831481 397.135 0 0
1500 62.7744 -66.7407 17.7828 0.0676624 -1.03086 397.206 0 0
1500 103.371 7.49181 18.5576 0.832315 0.108944 397.25 0 0
1500 67.554 -49.8498 18.0933 0.171845 -0.815773 397.292 0 0
1500 106.829 25.6525 17.8156 0.798568 0.427186 397.17 0 0
1500 91.0761 -36.9187 17.9557 0.582395 -0.590535 397.301 0 0
1500 84.5773 20.7544 17.9434 0.49776 0.306666 397.215 0 0
1500 87.419 39.7815 18.2021 0.514873 0.656652 397.413 0 0
1500 67.0601 -3.56797 17.8328 0.190937 -0.035661 397.529 0 0
1500 52.5344 53.9422 18.0052 -0.105955 0.858881 397.696 0 0
1500 75.2323 -24.5077 18.0603 0.299953 -0.446488 397.604 0 0
1500 66.4256 -24.3202 17.925 0.203245 -0.419719 397.587 0 0
1500 14.7898 17.8786 17.9139 -0.708298 0.23967 397.817 0 0
1500 -3.36744 -29.8448 17.995 -1.09517 -0.529721 397.754 0 0
1500 118.299 2.867 18.0889 0.990192 0.0218077 397.842 0 0
1500 104.102 13.5536 18.3639 0.790139 0.245317 397.913 0 0
1500 73.3041 56.2658 17.8583 0.183496 0.909861 397.912 0 0
1500 66.9362 17.2079 18.2789 0.191752 0.333302 398.027 0 0
1500 80.1887 -2.26141 18.5542 0.445168 -0.0376897 398.107 0 0
1500 113.699 29.6406 18.0446 1.02029 0.524737 398.082 0 0
1500 100.805 -15.2626 18.0553 0.680907 -0.303779 398.203 0 0
1500 85.0354 -2.96378 17.9093 0.47834 -0.100983 398.175 0 0
1500 85.0372 -49.3001 18.2372 0.481805 -0.866973 398.213 0 0
1500 27.9192 -24.7279 18.1668 -0.536151 -0.377112 398.188 0 0
1500 24.4652 3.8483 18.2881 -0.579551 0.0107735 398.226 0 0
1500 123.971 138.983 17.7942 1.0358 2.22217 398.27 0 0
1500 101.633 -16.5032 17.8417 0.737705 -0.272583 398.293 0 0
1500 74.3086 16.3276 18.2368 0.257869 0.34259 398.313 0 0
1500 3.18228 0.983877 17.9104 -0.876013 -0.015677 398.407 0 0
1500 74.4831 17.5312 18.6372 0.323876 0.294123 398.671 0 0
1500 -8.20179 17.9303 17.8145 -0.991188 0.332217 398.671 0 0
1500 101.322 -28.1831 18.0526 0.684284 -0.494447 398.63 0 0
1500 105.79 -20.0124 18.0528 0.751193 -0.372804 398.602 0 0
1500 118.903 19.8804 18.0136 0.985766 0.362809 398.482 0 0
1500 64.3124 -37.5373 18.0558 0.0977522 -0.635258 398.694 0 0
1500 43.0894 -7.57147 17.8331 -0.258336 -0.0472864 398.803 0 0
1500 57.4591 3.37806 17.8764 -0.0493595 -0.00917204 398.562 0 0
1500 122.063 -18.0241 17.8199 0.994597 -0.246899 398.92 0 0
1500 39.6143 14.2682 17.8254 -0.343961 0.266308 398.908 0 0
1500 61.5778 67.1424 17.8158 0.0311902 1.04765 399.044 0 0
1500 89.9959 -47.5012 17.8381 0.55541 -0.734231 399.007 0 0
1500 102.088 67.3466 17.9362 0.781978 1.09331 399.002 0 0
1500 22.551 -10.8475 17.859 -0.606162 -0.136342 399.094 0 0
1500 50.1432 -19.645 17.8558 -0.186443 -0.269353 399.106 0 0
1500 115.142 1.34175 17.9136 0.924884 -0.0266357 399.236 0 0
1500 20.264 6.54886 17.9232 -0.588978 0.169979 399.245 0 0
1500 79.0576 -29.6017 18.1347 0.321369 -0.519627 399.215 0 0
1500 92.7738 -18.218 18.324 0.578618 -0.287724 400.01 0 0
1500 73.809 -4.0618 18.3773 0.339898 -0.0386644 399.771 0 0
1500 58.3812 26.0566 17.9296 0.0217306 0.423137 399.695 0 0
1500 45.9444 -45.1095 17.9015 -0.186051 -0.686815 399.92 0 0
1500 80.1663 54.0379 17.8363 0.31963 0.821151 399.877 0 0
1500 119.324 26.5223 17.7783 0.921726 0.443248 399.618 0 0
1500 93.3862 57.2683 17.8274 0.524597 0.907576 399.96 0 0
1500 92.0454 -54.3801 17.8365 0.578968 -0.827099 399.832 0 0
1500 95.0349 40.2928 17.9927 0.578193 0.674944 399.718 0 0
1500 69.0597 81.7896 17.783 0.166195 1.29154 399.902 0 0
1500 84.5904 22.7275 18.1144 0.428387 0.416606 399.775 0 0
1500 58.0842 47.3305 17.8557 -0.0633017 0.747135 399.505 0 0
1500 69.5799 -46.6317 17.9439 0.128242 -0.782759 399.887 0 0
1500 133.053 -24.6098 18.0212 1.34874 -0.368402 399.928 0 0
1500 119.559 27.3805 17.8486 1.01195 0.382115 400.099 0 0
1500 85.503 -9.29642 18.0578 0.404934 -0.193552 400.194 0 0
1500 75.5755 -21.6094 18.0577 0.270422 -0.360419 400.191 0 0
1500 116.794 -28.5986 17.8368 0.938408 -0.442168 400.331 0 0
1500 85.999 9.35678 18.5481 0.57996 0.155168 400.351 0 0
1500 7.02902 -24.0963 17.8145 -0.827115 -0.317187 400.358 0 0
1500 74.1719 49.3919 17.8455 0.180447 0.780038 400.277 0 0
1500 60.321 5.7141 17.8299 0.0905623 0.142848 400.245 0 0
1500 117.326 3.17805 18.1114 0.97823 0.0212212 400.645 0 0
1500 88.9112 -6.88356 18.0716 0.533208 -0.083496 400.575 0 0
1500 79.0428 -0.0596897 18.6507 0.492247 -0.00738143 400.43 0 0
1500 94.91 -55.7079 17.837 0.615872 -0.839258 400.435 0 0
1500 30.8643 4.0286 17.9336 -0.422961 0.135016 400.56 0 0
1500 80.878 -9.541 18.3652 0.468345 -0.222549 400.386 0 0
1500 136.139 -12.1924 18.0276 1.35518 -0.24853 400.425 0 0
1500 50.5989 58.1093 17.9146 -0.12468 0.933887 400.694 0 0
1500 103.389 13.5786 17.8054 0.761713 0.219475 400.668 0 0
1500 100.49 -2.5295 17.8762 0.720684 -0.00526577 400.863 0 0
1500 121.179 29.9439 18.0159 1.05312 0.500217 400.783 0 0
1500 72.8546 -3.64583 17.8511 0.223397 0.0160327 401.117 0 0
1500 -5.4869 -1.23866 17.8495 -1.00334 0.0100418 401.108 0 0
1500 1.91833 -30.6393 17.8122 -0.894022 -0.41109 401.104 0 0
1500 25.9548 25.9276 17.8 -0.56392 0.426115 401.104 0 0
1500 130.756 12.0533 17.993 1.25047 0.188618 401.117 0 0
1500 85.8253 6.4905 17.9834 0.454501 0.128739 401.445 0 0
1500 76.4863 11.6835 18.7789 0.355838 0.230855 401.298 0 0
1500 122.821 -8.56063 17.8915 1.03239 -0.130237 401.275 0 0
1500 74.0742 47.7623 17.8276 0.204655 0.763763 401.409 0 0
1500 81.7527 -12.8069 18.38 0.432713 -0.264814 401.413 0 0
1500 102.948 19.6207 17.8734 0.753316 0.328929 401.272 0 0
1500 62.2799 -4.90267 18.2341 0.0766508 -0.0115264 401.272 0 0
1500 97.6404 32.2384 17.7973 0.592943 0.512155 401.459 0 0
1500 79.6999 8.99807 18.498 0.416556 0.206979 401.459 0 0
1500 98.9513 29.3683 17.925 0.609952 0.515057 401.552 0 0
1500 99.5984 11.2677 17.9813 0.706786 0.218319 401.568 0 0
1500 54.3305 18.5164 18.0657 -0.135087 0.33898 401.569 0 0
1500 47.5409 64.0506 17.8407 -0.217854 0.980856 401.691 0 0
1500 19.3318 94.5333 17.8212 -0.60671 1.48269 401.695 0 0
1500 84.2305 44.0418 17.9241 0.387141 0.734671 401.699 0 0
1500 121.055 22.6224 17.8855 1.03536 0.433556 401.683 0 0
1500 -5.93587 -5.00733 17.8407 -1.00906 -0.0421478 401.76 0 0
1500 103.158 -12.824 17.9407 0.73088 -0.261415 401.735 0 0
1500 85.0964 32.7105 17.8256 0.372906 0.525704 401.941 0 0
1500 8.32129 -33.7859 17.7996 -0.715525 -0.549605 401.951 0 0
1500 79.6642 -12.8697 18.633 0.468552 -0.247829 401.818 0 0
1500 110.779 23.5173 17.8702 0.862061 0.383534 401.995 0 0
1500 43.8999 54.9705 17.7895 -0.158951 0.878461 401.823 0 0
1500 65.8711 56.0142 17.7948 0.0459581 0.876265 401.845 0 0
1500 68.254 81.5928 18.0358 0.151638 1.36008 401.996 0 0
1500 64.8057 -51.6544 17.9351 0.189671 -0.863306 401.823 0 0
1500 79.0011 61.0702 17.8005 0.383703 0.92107 402.031 0 0
1500 92.9207 47.2078 17.8701 0.595294 0.736764 402.024 0 0
1500 97.1548 5.51278 17.807 0.58068 0.135066 402.124 0 0
1500 91.2551 -4.30199 17.9629 0.50199 -0.121792 402.236 0 0
1500 86.6818 16.4998 17.8101 0.433603 0.287364 402.317 0 0
1500 117.473 7.24886 18.0109 0.942551 0.141153 402.458 0 0
1500 49.1097 25.5517 17.8336 -0.128016 0.422929 402.441 0 0
1500 104.597 -17.671 17.9774 0.728797 -0.280004 402.467 0 0
1500 82.3142 61.9961 17.8194 0.309766 0.94839 402.335 0 0
1500 88.9627 -20.9167 18.4798 0.572788 -0.403531 402.412 0 0
1500 99.8396 -59.438 17.8796 0.616906 -1.01366 402.423 0 0
1500 62.3728 -68.5355 18.1598 0.050352 -1.1753 402.527 0 0
1500 63.6026 39.1211 18.0047 0.143931 0.670334 402.609 0 0
1500 109.428 -57.3558 18.0219 0.903067 -1.00251 402.587 0 0
1500 59.1425 -6.64429 18.1988 0.0526665 -0.15676 403.056 0 0
1500 53.9504 11.1978 18.179 -0.0559533 0.204354 403.259 0 0
1500 51.1796 2.00409 17.8193 -0.0592418 0.0853116 402.857 0 0
1500 110.665 -24.4949 17.9044 0.822648 -0.362722 403.172 0 0
1500 45.7005 66.9103 17.8163 -0.235489 1.01308 402.986 0 0
1500 92.1801 -51.3535 17.8965 0.520795 -0.837056 403.151 0 0
1500 79.6369 -5.5862 18.323 0.43615 -0.0242331 402.658 0 0
1500 54.621 -12.2558 18.3547 0.0144196 -0.259537 402.81 0 0
1500 95.1899 22.761 17.8668 0.649717 0.346006 402.823 0 0
1500 127.827 -22.8166 17.8648 1.13935 -0.386247 403.115 0 0
1500 57.6431 59.366 17.9177 0.0228078 1.03941 402.907 0 0
1500 63.4607 14.1381 18.1468 0.137579 0.333543 403.062 0 0
1500 -3.75187 -117.804 17.8116 -1.03282 -1.84858 403.362 0 0
1500 52.078 17.2953 17.8889 -0.130834 0.279647 403.368 0 0
1500 37.0849 30.401 17.8621 -0.28194 0.491066 403.427 0 0
1500 100.315 49.9897 17.9135 0.651696 0.803779 403.485 0 0
1500 78.4115 11.9854 18.5731 0.456729 0.223786 403.388 0 0
1500 120.896 -4.85375 17.8971 1.01275 -0.0618472 403.398 0 0
1500 66.5965 66.0119 17.9203 0.118363 1.03471 403.657 0 0
1500 106.52 -44.0872 17.7949 0.783869 -0.617052 403.623 0 0
1500 84.3755 52.1613 18.3377 0.49028 0.940706 403.674 0 0
1500 47.785 0.710267 17.848 -0.185355 0.0613774 403.928 0 0
1500 95.7206 -1.3091 18.3378 0.654703 -0.0127059 403.809 0 0
1500 113.668 -6.87859 17.9111 0.863415 -0.101503 404.051 0 0
1500 51.041 68.1081 17.8127 -0.0502584 1.04707 404.119 0 0
1500 64.4946 -8.26454 18.6579 0.176087 -0.189915 403.873 0 0
1500 45.5648 75.0512 17.8277 -0.173556 1.1989 403.831 0 0
1500 24.0933 32.7009 17.8782 -0.551862 0.554125 404.061 0 0
1500 47.5848 -65.3994 17.9002 -0.117083 -1.03043 404.264 0 0
1500 70.2594 -35.4854 18.0842 0.20375 -0.555624 404.387 0 0
1500 8.81568 -46.3637 17.8321 -0.734858 -0.744871 404.43 0 0
1500 73.6905 -0.673197 18.5934 0.344885 0.0646005 404.235 0 0
1500 91.8848 -10.5689 18.0716 0.623181 -0.148806 404.343 0 0
1500 44.9204 19.0571 17.9203 -0.185831 0.373737 404.225 0 0
1500 35.1894 -53.5676 18.0588 -0.41045 -0.942033 404.252 0 0
1500 102.605 7.19856 18.0558 0.761344 0.180398 404.446 0 0
1500 17.4317 -11.2365 18.0896 -0.694502 -0.13448 404.48 0 0
1500 -2.91781 25.5247 17.7959 -0.95295 0.39803 404.706 0 0
1500 83.1459 -50.3683 17.8781 0.411657 -0.831744 404.695 0 0
1500 86.017 -5.93789 18.1088 0.540555 -0.0972067 404.622 0 0
1500 67.9432 45.6116 17.819 0.144517 0.777919 404.52 0 0
1500 102.44 9.03991 17.85 0.725573 0.0726772 404.71 0 0
1500 46.9265 28.2635 18.0035 -0.196363 0.496895 404.742 0 0
1500 79.2992 15.1696 18.0064 0.303837 0.295895 404.538 0 0
1500 51.3086 -5.2108 18.0332 -0.156154 -0.0886604 404.575 0 0
1500 90.2454 1.50754 17.8378 0.560662 0.0728121 404.694 0 0
1500 82.7517 -50.2674 17.9079 0.340945 -0.858261 404.504 0 0
1500 103.626 4.63945 17.9204 0.715056 0.059842 404.763 0 0
1500 77.2906 64.0822 17.8158 0.330296 0.978536 404.795 0 0
1500 105.487 -41.9567 17.8306 0.762869 -0.676028 404.791 0 0
1500 58.9747 -60.8508 17.9109 0.0506679 -0.980053 404.843 0 0
1500 6.68768 -10.481 17.894 -0.846069 -0.141306 404.77 0 0
1500 51.9124 35.7378 17.8702 -0.160081 0.588428 404.771 0 0
1500 96.1727 -22.8404 17.954 0.613124 -0.326433 404.854 0 0
1500 72.7774 14.8025 18.116 0.337417 0.249301 404.908 0 0
1500 69.6025 60.0273 17.8192 0.251859 0.957395 404.891 0 0
1500 83.6087 16.5225 18.2007 0.382625 0.266972 405.105 0 0
1500 61.6608 -17.4704 18.6184 0.0958308 -0.276221 404.916 0 0
1500 85.4268 -22.7288 18.1411 0.463202 -0.356694 405.162 0 0
1500 117.849 -2.4163 17.8169 0.917573 -0.0217307 405.232 0 0
1500 96.3549 53.6352 17.817 0.60462 0.824953 404.99 0 0
1500 113.518 -35.2348 17.8562 0.898648 -0.522435 405.098 0 0
1500 109.11 31.225 17.9717 0.84219 0.508382 405.39 0 0
1500 29.4093 45.9079 17.8143 -0.444414 0.776303 405.037 0 0
1500 96.2215 25.3795 17.9281 0.645439 0.44677 404.915 0 0
1500 3.42637 -13.9876 17.8109 -0.907894 -0.201581 405.431 0 0
1500 40.4786 44.6287 17.9074 -0.250902 0.759292 405.252 0 0
1500 47.826 43.0042 17.9095 -0.13886 0.736682 405.052 0 0
1500 102.915 60.6903 17.8885 0.758271 0.979394 405.363 0 0
1500 26.2074 11.1384 17.9125 -0.482244 0.250122 405.036 0 0
1500 39.7662 15.9531 17.9595 -0.315187 0.308496 405.394 0 0
1500 57.3214 18.2274 17.8767 0.00229066 0.362079 405.306 0 0
1500 56.8187 65.379 17.8459 0.0243903 1.09948 404.985 0 0
1500 77.3517 9.53159 18.2581 0.421003 0.23204 405.363 0 0
1500 76.0592 2.66348 18.3085 0.295049 0.103139 405.631 0 0
1500 67.5856 -3.89713 18.1511 0.217237 -0.0981676 405.772 0 0
1500 58.2333 -29.8263 17.977 0.00991244 -0.478477 405.525 0 0
1500 33.5116 37.2088 17.9289 -0.342634 0.606248 405.947 0 0
1500 -9.23186 5.41033 17.848 -1.03898 0.0461322 405.586 0 0
1500 46.9225 -56.0889 17.8375 -0.23072 -0.835053 405.914 0 0
1500 111.858 29.6411 17.9708 0.880157 0.483134 405.617 0 0
1500 79.467 32.0237 18.3315 0.39218 0.556163 406.075 0 0
1500 29.8609 55.1492 17.8081 -0.502433 0.844447 405.87 0 0
1500 109.412 10.3704 17.9124 0.86797 0.16193 405.56 0 0
1500 45.2733 40.707 18.0339 -0.153572 0.696788 405.495 0 0
1500 31.7441 47.575 17.8678 -0.471593 0.712489 405.583 0 0
1500 24.4268 -43.0777 17.8603 -0.578207 -0.624578 405.647 0 0
1500 96.7883 17.7205 17.907 0.607719 0.349841 405.46 0 0
1500 127.212 17.5507 17.8027 1.0967 0.338469 405.501 0 0
1500 35.6967 -18.4574 18.0418 -0.367727 -0.342161 405.989 0 0
1500 58.8986 42.8407 17.8596 0.0404207 0.733586 406.117 0 0
1500 92.4322 9.64238 17.8645 0.56068 0.223281 405.72 0 0
1500 100.658 -39.7722 18.062 0.783093 -0.653235 405.582 0 0
1500 135.972 -16.7267 18.0897 1.34928 -0.284627 406.09 0 0
1500 82.3108 45.6088 18.2751 0.527744 0.843516 405.707 0 0
1500 38.7658 8.69166 17.893 -0.323685 0.146173 406.164 0 0
1500 85.4678 -11.8791 18.1958 0.515198 -0.239159 406.168 0 0
1500 81.0722 37.9044 17.8586 0.381633 0.656581 406.208 0 0
1500 104.867 -27.2367 18.064 0.90375 -0.497771 406.207 0 0
1500 89.0356 32.1486 18.328 0.533427 0.555423 406.389 0 0
1500 114.38 -2.23799 18.0755 0.948706 -0.0589642 406.339 0 0
1500 28.4554 39.0807 17.8569 -0.427177 0.673104 406.361 0 0
1500 71.0838 30.3778 18.1467 0.177629 0.598041 406.394 0 0
1500 80.8195 -35.0859 17.9913 0.365075 -0.546924 406.53 0 0
1500 118.542 24.1784 17.8608 0.950911 0.347294 406.662 0 0
1500 122.442 -9.66632 17.8602 1.00856 -0.141618 406.569 0 0
1500 1.13016 -20.662 17.8613 -0.92676 -0.325724 406.473 0 0
1500 103.515 5.24599 18.0493 0.759074 0.145545 406.589 0 0
1500 78.5297 8.34343 17.9196 0.315638 0.206538 406.583 0 0
1500 76.058 45.087 18.6003 0.389146 0.869048 406.512 0 0
1500 111.907 1.59726 18.138 0.920889 0.0134499 406.702 0 0
1500 118.702 18.2975 17.912 0.985744 0.241043 406.77 0 0
1500 24.462 54.7351 17.8964 -0.484591 0.892841 406.8 0 0
1500 74.2185 -17.7144 17.855 0.328978 -0.254884 406.855 0 0
1500 64.2634 0.379644 17.9563 0.0857665 -0.0622302 407.22 0 0
1500 105.578 2.53195 17.9227 0.743738 0.0446771 407.29 0 0
1500 103.212 -9.80412 17.924 0.709753 -0.127464 407.384 0 0
1500 106.117 2.41129 17.8379 0.723984 0.0829032 407.055 0 0
1500 84.8006 60.5493 17.8448 0.457532 0.925636 407.292 0 0
1500 36.2346 60.4694 17.8959 -0.307958 0.976688 406.93 0 0
1500 108.702 42.6088 17.7963 0.779192 0.700508 407.431 0 0
1500 -4.44664 11.6185 17.8514 -0.998764 0.207407 407.017 0 0
1500 79.5135 -45.656 18.0306 0.302918 -0.750482 406.909 0 0
1500 78.6173 -21.3188 17.9895 0.343491 -0.406043 407.067 0 0
1500 53.6924 22.2626 17.8263 -0.0404208 0.420262 407.387 0 0
1500 69.1449 -11.3105 17.8936 0.0988473 -0.172332 407.372 0 0
1500 27.7279 -9.71452 18.1485 -0.558165 -0.255011 407.44 0 0
1500 115.234 34.0454 17.9052 0.880001 0.569648 407.595 0 0
1500 117.89 18.5888 17.8534 0.91569 0.35523 407.559 0 0
1500 49.524 -62.2048 17.837 -0.208601 -0.973785 407.571 0 0
1500 79.6855 -31.1602 17.9676 0.345088 -0.493364 407.762 0 0
1500 102.213 47.8661 17.9486 0.742193 0.728354 407.833 0 0
1500 85.0254 60.2946 17.8161 0.457499 0.942016 407.78 0 0
1500 92.7718 37.5161 17.9578 0.621478 0.575166 407.639 0 0
1500 30.0955 -47.588 17.8286 -0.431433 -0.801095 407.877 0 0
1500 66.4726 38.8354 17.9885 0.0826231 0.694199 407.83 0 0
1500 54.7924 -31.8762 17.9715 0.000592532 -0.501529 408.014 0 0
1500 21.2256 -11.7513 17.8517 -0.588496 -0.182796 407.913 0 0
1500 93.555 -64.1681 17.8115 0.516877 -1.05009 407.921 0 0
1500 91.0561 -38.348 17.9776 0.527189 -0.658529 408.087 0 0
1500 19.3499 -30.257 17.8355 -0.665536 -0.488994 407.949 0 0
1500 72.0288 -23.3724 18.0214 0.284299 -0.419559 408.144 0 0
1500 61.3498 -22.9623 17.8576 0.124997 -0.389655 407.919 0 0
1500 92.2561 -6.90072 17.9336 0.508752 -0.160685 408.393 0 0
1500 -7.8927 -7.9054 17.8578 -1.03545 -0.129992 408.223 0 0
1500 124.41 -0.00710482 17.8111 1.04368 -0.0305329 408.234 0 0
1500 107.161 42.0044 17.8449 0.759882 0.698293 408.198 0 0
1500 44.1008 -23.593 18.2407 -0.232564 -0.378107 408.387 0 0
1500 89.539 -54.9356 17.8865 0.539189 -0.866088 408.447 0 0
1500 114.518 -27.8027 17.8248 0.847662 -0.495337 408.443 0 0
1500 -0.0974212 27.4793 17.8116 -0.848274 0.469602 408.61 0 0
1500 29.8911 21.8433 18.3353 -0.492643 0.334645 408.51 0 0
1500 88.3132 -45.5932 18.057 0.552986 -0.834689 408.614 0 0
1500 119.014 27.5903 17.844 0.930305 0.479644 408.672 0 0
1500 66.3586 -57.1693 17.9724 0.150417 -0.935456 408.727 0 0
1500 83.2485 -17.5086 17.9915 0.433706 -0.343897 408.66 0 0
1500 39.1927 63.9032 17.844 -0.252975 1.01673 408.763 0 0
1500 6.07037 31.9497 17.8281 -0.857015 0.458849 408.882 0 0
1500 74.7372 4.2763 17.824 0.312679 0.117442 408.828 0 0
1500 47.4507 24.2826 17.8218 -0.10658 0.423645 409.053 0 0
1500 48.1765 11.3288 18.0087 -0.208414 0.176668 408.857 0 0
1500 64.985 -44.075 18.2571 0.0945565 -0.738831 409.026 0 0
1500 62.529 -13.0737 18.4363 0.0689307 -0.245546 409.04 0 0
1500 67.0005 47.8555 18.0541 0.142946 0.898812 408.781 0 0
1500 110.254 -36.8036 17.9038 0.834153 -0.560848 409.077 0 0
1500 99.6381 10.7269 18.3011 0.743029 0.210022 409.301 0 0
1500 -3.36043 15.5714 17.8258 -0.992517 0.209599 409.358 0 0
1500 78.4125 -46.2624 17.8381 0.267621 -0.771546 409.271 0 0
1500 101.705 -22.1232 17.8119 0.713693 -0.402302 409.268 0 0
1500 98.2549 -20.9381 18.2943 0.791169 -0.333373 409.11 0 0
1500 137.775 18.7444 17.8665 1.36587 0.278587 409.478 0 0
1500 42.3638 -57.5131 17.8419 -0.187208 -0.887966 409.524 0 0
1500 71.2494 6.22968 17.8928 0.25712 0.0845353 409.591 0 0
1500 110.395 -10.0659 18.0072 0.849793 -0.210543 409.811 0 0
1500 121.621 8.84178 17.8299 1.02272 0.152799 409.756 0 0
1500 57.8596 -4.583 18.0088 0.0136098 -0.148717 409.704 0 0
1500 116.374 -11.658 17.8504 0.912771 -0.261211 409.559 0 0
1500 79.9472 -5.94428 18.3453 0.396879 -0.0266564 410.033 0 0
1500 36.8363 6.44801 17.997 -0.30465 0.14961 409.97 0 0
1500 5.17987 20.5646 17.8672 -0.820642 0.280356 410.116 0 0
1500 84.778 54.4851 17.896 0.394462 0.854592 410.122 0 0
1500 16.5397 6.23419 17.8325 -0.67378 0.166325 410.008 0 0
1500 66.8682 -2.31957 17.9676 0.0818906 -0.0658533 410.117 0 0
1500 118.83 9.3563 17.8664 0.945705 0.169143 410.291 0 0
1500 115.174 -3.7765 17.9037 0.93014 -0.108825 410.188 0 0
1500 46.8188 -13.0594 18.1483 -0.203154 -0.173081 410.221 0 0
1500 66.838 67.5445 17.8264 0.0927897 1.10496 410.278 0 0
1500 118.451 -36.1706 17.8227 1.0037 -0.515716 410.242 0 0
1500 96.4822 30.1841 17.9186 0.62487 0.430897 410.468 0 0
1500 122.09 7.06484 17.83 1.00262 0.0813365 410.363 0 0
1500 38.9144 -63.6548 17.9027 -0.333806 -0.986222 410.354 0 0
1500 59.346 24.8172 18.1456 -0.0103077 0.408824 410.395 0 0
1500 27.7957 40.9836 18.0259 -0.502165 0.757349 410.378 0 0
1500 106.675 15.0487 17.8247 0.756144 0.184818 410.594 0 0
1500 82.1559 -23.5943 18.0051 0.460522 -0.400359 410.568 0 0
1500 124.197 5.84921 18.7921 1.46301 0.11469 410.509 0 0
1500 69.5911 -12.9439 18.1444 0.197356 -0.234103 410.922 0 0
1500 35.2728 42.4714 17.839 -0.333112 0.673434 410.844 0 0
1500 50.9763 51.6334 17.9025 -0.0901185 0.804372 410.923 0 0
1500 143.467 10.1194 17.8112 1.28417 0.222679 410.832 0 0
1500 72.4483 30.164 18.2853 0.233076 0.517611 410.963 0 0
1500 96.7658 -22.2126 17.911 0.584336 -0.415465 410.775 0 0
1500 22.5125 -7.31399 17.9572 -0.602657 -0.142114 410.826 0 0
1500 71.3799 9.35216 17.8545 0.249311 0.21379 410.749 0 0
1500 88.9786 -10.6065 18.4849 0.544209 -0.191884 411.423 0 0
1500 43.6033 -44.9317 17.9076 -0.232314 -0.761399 411.076 0 0
1500 15.5835 26.6334 17.9501 -0.702924 0.37761 411.428 0 0
1500 31.3159 -2.60641 18.0409 -0.448692 -0.0839898 411.216 0 0
1500 63.3334 17.8378 18.015 0.0326714 0.303878 411.449 0 0
1500 42.3844 -17.6707 18.3401 -0.259886 -0.374261 411.415 0 0
1500 126.515 5.03611 18.3961 1.31533 0.0518041 411.145 0 0
1500 56.3624 21.7457 18.0138 -0.0753035 0.364004 411.53 0 0
1500 82.7677 29.0965 17.9108 0.357509 0.479028 411.694 0 0
1500 96.9916 30.1403 17.8585 0.577966 0.495363 411.68 0 0
1500 106.098 14.7001 17.8586 0.707146 0.276152 411.689 0 0
1500 121.771 5.76662 17.9836 1.01137 0.10534 411.731 0 0
1500 95.831 21.5287 17.9263 0.60188 0.406948 411.653 0 0
1500 22.1976 6.48109 17.9072 -0.62149 0.0944085 411.694 0 0
1500 41.4077 35.8597 17.9069 -0.324543 0.548167 411.717 0 0
1500 83.7844 6.11876 17.9611 0.440753 0.104294 411.759 0 0
1500 108.232 -8.58012 17.8406 0.783821 -0.143178 411.867 0 0
1500 135.864 25.7515 17.8233 1.20359 0.351316 411.844 0 0
1500 137.471 -55.7883 17.8133 1.23005 -0.904417 411.948 0 0
1500 77.4005 -35.51 18.1296 0.335254 -0.615772 411.769 0 0
1500 81.7712 36.7507 17.9245 0.437836 0.609617 412.037 0 0
1500 20.3811 -2.64072 17.9064 -0.648944 -0.0464963 411.755 0 0
1500 76.4466 56.5671 18.0005 0.379177 1.02442 411.826 0 0
1500 77.7627 17.5309 17.9374 0.2915 0.314344 412.106 0 0
1500 32.0992 29.295 17.9546 -0.392552 0.46608 412.215 0 0
1500 86.5408 17.326 17.884 0.467351 0.276606 412.167 0 0
1500 100.095 -0.154608 17.8147 0.663287 0.0465395 412.687 0 0
1500 93.6511 -54.7145 17.9877 0.567849 -0.876755 412.124 0 0
1500 66.4102 -40.9716 18.3079 0.149497 -0.680284 412.194 0 0
1500 8.45144 -37.1478 17.9406 -0.796955 -0.585468 412.651 0 0
1500 89.9768 23.6599 18.0417 0.592383 0.357125 412.235 0 0
1500 76.2604 -17.9148 18.2016 0.342709 -0.347789 412.657 0 0
1500 86.7372 -13.9715 17.9625 0.503858 -0.278931 412.389 0 0
1500 52.1098 -5.76467 17.8263 -0.145327 -0.0291723 412.187 0 0
1500 85.4728 18.0344 17.8196 0.376217 0.342359 412.621 0 0
1500 106.298 2.2501 18.0347 0.877142 -0.0328432 412.357 0 0
1500 78.0707 -3.64593 18.4667 0.365049 0.0125811 413.401 0 0
1500 74.0092 25.1608 18.0833 0.267932 0.396405 412.904 0 0
1500 80.284 -11.9347 18.0284 0.312978 -0.232579 413.452 0 0
1500 56.1249 -36.0513 17.8424 -0.0321842 -0.578255 413.216 0 0
1500 66.1249 37.3042 17.8166 0.169315 0.587479 413.021 0 0
1500 63.3408 -51.6269 17.8883 0.132422 -0.804249 413.174 0 0
1500 112.285 6.65797 17.8867 0.848293 0.0415566 412.699 0 0
1500 96.0652 -21.955 18.5491 0.710522 -0.374156 413.079 0 0
1500 98.05 -42.0069 17.8103 0.666879 -0.59818 413.068 0 0
1500 -3.313 -9.68481 17.8699 -0.965028 -0.204228 412.899 0 0
1500 80.1558 52.9668 17.9162 0.355108 0.875027 412.755 0 0
1500 75.2774 33.5538 18.2036 0.255779 0.561603 413.127 0 0
1500 83.538 8.35136 18.1976 0.40171 0.194897 413.15 0 0
1500 80.425 32.3174 17.8155 0.296072 0.562587 412.921 0 0
1500 135.827 -18.1064 18.0405 1.29233 -0.330956 413.031 0 0
1500 71.1132 -10.5373 17.9108 0.182963 -0.236478 413.424 0 0
1500 113.637 -36.5765 17.9049 0.8644 -0.657538 413.36 0 0
1500 123.113 -27.1456 17.9736 1.11725 -0.389042 413.527 0 0
1500 29.2515 -48.5122 18.0264 -0.454402 -0.889484 413.314 0 0
1500 100.561 50.822 17.8178 0.590574 0.809337 413.657 0 0
1500 62.6519 -20.2494 18.1092 0.122445 -0.386924 413.666 0 0
1500 -6.62007 6.48632 17.8187 -0.973055 0.16058 413.895 0 0
1500 30.3478 59.6733 17.9111 -0.39063 0.960166 413.869 0 0
1500 83.0165 1.67268 18.0558 0.44082 0.0364364 414.191 0 0
1500 124.532 5.7803 17.8272 1.0295 0.150417 413.935 0 0
1500 68.7586 -12.0991 18.1095 0.210451 -0.263078 413.939 0 0
1500 80.2218 10.6298 18.4086 0.387233 0.211028 414.315 0 0
1500 90.5483 -28.9944 18.4447 0.555783 -0.505465 414.252 0 0
1500 56.9668 -38.3515 17.9634 0.0504639 -0.648683 414.348 0 0
1500 93.1245 -20.1079 17.9613 0.605141 -0.366997 414.524 0 0
1500 49.7091 -36.3481 17.9645 -0.0612761 -0.618622 414.268 0 0
1500 -64.3359 72.341 17.8207 -2.00056 1.14753 414.474 0 0
1500 86.1589 5.48405 18.044 0.494705 0.153369 414.602 0 0
1500 91.7398 14.4656 18.5579 0.599047 0.24048 414.979 0 0
1500 68.758 5.58906 18.0447 0.206455 0.137588 415.604 0 0
1500 25.3084 -21.274 17.8461 -0.503244 -0.35656 415.007 0 0
1500 57.3319 46.2466 17.8313 -0.0402799 0.721621 415.63 0 0
1500 113.332 31.0306 17.8132 0.85828 0.496994 415.339 0 0
1500 77.2218 61.6195 17.8289 0.317273 0.960516 415.47 0 0
1500 -6.31633 -14.6982 17.8244 -1.01877 -0.235564 414.749 0 0
1500 63.7498 -59.2208 17.9437 0.136428 -0.957299 414.753 0 0
1500 102.072 -4.18647 18.4455 0.807969 -0.0752574 415.916 0 0
1500 -6.30298 14.0584 17.7963 -1.00847 0.26777 415.626 0 0
1500 99.9048 54.8982 17.7962 0.573424 0.874863 415.748 0 0
1500 79.4679 62.1155 17.7973 0.271554 0.990159 415.21 0 0
1500 119.295 17.321 17.8517 0.984721 0.295585 415.498 0 0
1500 78.6041 62.7226 17.851 0.375044 0.970102 415.774 0 0
1500 116.678 -26.0258 17.8526 0.9491 -0.353533 415.251 0 0
1500 16.839 -48.867 17.9088 -0.673795 -0.757866 415.765 0 0
1500 97.719 -34.6553 17.9534 0.66764 -0.583228 415.305 0 0
1500 108.597 -27.8939 17.9043 0.842606 -0.451887 415.662 0 0
1500 46.1481 48.2524 17.8815 -0.231157 0.790554 415.031 0 0
1500 32.2839 -54.2872 17.8126 -0.440452 -0.877615 415.843 0 0
1500 -0.331948 25.1208 17.8123 -0.932802 0.322597 415.894 0 0
1500 104.647 -24.262 17.8808 0.784552 -0.340121 415.698 0 0
1500 36.4068 26.95 18.0724 -0.302673 0.489962 415.358 0 0
1500 12.7871 -30.8482 17.925 -0.725508 -0.523507 416.14 0 0
1500 27.0509 9.07851 17.9298 -0.536873 0.174165 415.29 0 0
1500 90.3603 -17.4549 17.8655 0.580307 -0.255931 415.528 0 0
1500 117.146 42.3516 17.9002 1.01152 0.640052 414.838 0 0
1500 5.7069 -116.088 17.8599 -0.878208 -1.92169 414.715 0 0
1500 111.312 -37.9544 18.1085 0.948753 -0.593969 415.967 0 0
1500 94.171 47.3553 18.6803 0.711759 0.868296 415.399 0 0
1500 82.4441 68.6451 18.1007 0.471702 1.22524 414.904 0 0
1500 77.2201 -34.2291 18.0478 0.25014 -0.595394 415.337 0 0
1500 46.6996 60.5801 17.8325 -0.126093 0.935875 416.166 0 0
1500 79.1732 -4.31901 18.6858 0.402648 -0.122991 416.539 0 0
1500 45.9338 21.0229 17.9182 -0.137592 0.359566 416.748 0 0
1500 36.649 14.3042 17.8409 -0.330344 0.264633 416.449 0 0
1500 18.4478 -25.6941 17.9533 -0.608352 -0.388988 416.9 0 0
1500 73.7328 49.5308 17.8228 0.277658 0.751446 416.652 0 0
1500 33.154 52.7115 17.8457 -0.338369 0.825558 416.948 0 0
1500 117.074 23.2973 17.9082 0.925596 0.377326 416.909 0 0
1500 80.3152 -58.734 17.8532 0.336374 -0.921743 417.122 0 0
1500 5.42771 39.5352 17.7963 -0.824545 0.640418 416.366 0 0
1500 -1.87117 27.971 17.7963 -0.931938 0.469841 416.381 0 0
1500 47.6644 63.7722 17.7984 -0.199673 0.986664 417.125 0 0
1500 -5.64514 -20.5477 17.7985 -0.976804 -0.242576 417.128 0 0
1500 4.03939 -38.6737 17.907 -0.85626 -0.599287 416.458 0 0
1500 79.8971 -63.4467 17.8826 0.302462 -1.0037 417.14 0 0
1500 81.5319 -24.1796 18.1842 0.463296 -0.393372 416.782 0 0
1500 84.5296 54.2273 18.0244 0.455284 0.876119 416.648 0 0
1500 -2.39229 31.066 17.8095 -0.95324 0.407833 416.636 0 0
1500 33.3371 -59.7696 17.8094 -0.419399 -0.948886 416.652 0 0
1500 40.9351 -54.4494 17.9233 -0.297369 -0.878812 416.354 0 0
1500 60.5734 44.3338 18.0744 0.0392853 0.743546 417.111 0 0
1500 89.3721 31.8493 17.9272 0.444587 0.545638 417.241 0 0
1500 73.1573 -32.7232 18.1066 0.315989 -0.558266 417.086 0 0
1500 38.1694 -18.141 17.9901 -0.290597 -0.357912 416.865 0 0
1500 69.8929 42.7247 18.321 0.189661 0.746565 416.711 0 0
1500 49.3061 -22.0536 18.8271 -0.115581 -0.391064 416.656 0 0
1500 58.0616 57.1553 18.0572 -0.0108016 0.920848 417.273 0 0
1500 52.7162 12.3398 18.4098 -0.0151499 0.234382 417.345 0 0
1500 39.5318 -11.4925 17.9643 -0.307334 -0.186488 417.793 0 0
1500 118.775 7.39039 17.8747 0.965455 0.135068 417.971 0 0
1500 1.97827 -38.0544 17.8622 -0.895369 -0.543576 417.507 0 0
1500 117.317 -33.4512 17.805 0.940626 -0.453937 417.484 0 0
1500 101.789 9.59717 18.2659 0.786523 0.16325 417.378 0 0
1500 75.2193 17.1587 18.2775 0.330626 0.336309 417.741 0 0
1500 36.2964 -19.5212 18.0731 -0.339175 -0.367897 417.432 0 0
1500 84.3581 9.21524 17.8299 0.385984 0.218561 417.914 0 0
1500 52.1841 -100.321 17.9364 -0.0522613 -1.68039 417.619 0 0
1500 131.325 -41.4497 18.0324 1.29287 -0.740204 417.782 0 0
1500 35.9942 -14.158 18.1626 -0.330536 -0.216009 418.229 0 0
1500 51.4368 -1.84995 18.0462 -0.123908 -0.0647884 418.753 0 0
1500 39.1935 -25.7818 18.0476 -0.304726 -0.372054 418.672 0 0
1500 17.575 -8.46854 17.9066 -0.631299 -0.124444 418.011 0 0
1500 45.9557 -8.78848 17.9163 -0.229351 -0.127607 418.757 0 0
1500 32.241 51.056 17.8188 -0.441095 0.745517 418.742 0 0
1500 2.13852 36.826 17.908 -0.87708 0.573871 418.623 0 0
1500 124.972 16.6613 17.8278 1.06934 0.25655 418.027 0 0
1500 105.528 -3.61132 18.3486 0.849658 -0.0511187 418.68 0 0
1500 111.367 14.8206 17.9307 0.841865 0.298364 418.736 0 0
1500 15.0363 -2.2092 18.0095 -0.70687 -0.00924514 418.281 0 0
1500 16.3592 -3.93076 18.0102 -0.687265 -0.0356214 418.22 0 0
1500 65.5957 23.5852 18.2007 0.106622 0.41106 418.751 0 0
1500 43.485 -3.00314 18.2042 -0.232394 0.00438249 418.522 0 0
1500 78.8105 -52.879 18.0471 0.370557 -0.893277 418.025 0 0
1500 42.2667 -20.981 18.1313 -0.277671 -0.303937 418.65 0 0
1500 82.1766 30.9543 17.8234 0.349316 0.554116 418.388 0 0
1500 62.1294 17.9944 17.9653 0.123142 0.34398 418.411 0 0
1500 96.2558 -24.478 17.8864 0.575776 -0.465946 418.091 0 0
1500 44.4058 5.907 18.0957 -0.256419 0.177649 418.286 0 0
1500 82.6276 -4.25007 18.5811 0.460073 -0.0546535 419.303 0 0
1500 82.6355 -0.016738 18.2828 0.455878 -0.0233413 419.341 0 0
1500 68.4449 10.3757 18.3345 0.254583 0.184445 419.827 0 0
1500 89.9357 30.9693 17.9669 0.524603 0.473601 419.421 0 0
1500 105.665 11.5985 17.9641 0.748823 0.201777 419.149 0 0
1500 87.6882 33.596 17.9668 0.493052 0.510645 419.41 0 0
1500 20.8278 6.36121 17.8171 -0.572166 0.144956 419.372 0 0
1500 85.0981 -15.1314 17.8749 0.444424 -0.177729 419.897 0 0
1500 119.246 -14.7217 17.8978 0.994627 -0.242698 419.227 0 0
1500 85.462 -40.1546 17.7942 0.480174 -0.621229 419.385 0 0
1500 -1.03281 -11.1818 17.8112 -0.923798 -0.0975507 419.603 0 0
1500 81.1203 3.52942 18.0649 0.453603 0.0908569 419.231 0 0
1500 13.9369 20.6423 17.8478 -0.748032 0.337117 419.745 0 0
1500 73.0075 16.5101 17.9939 0.301314 0.315339 419.225 0 0
1500 92.0389 31.9082 17.8511 0.586351 0.536297 419.734 0 0
1500 47.6965 -18.4596 18.0841 -0.154369 -0.360319 419.157 0 0
1500 26.7015 -27.5687 17.9215 -0.483286 -0.500178 419.878 0 0
1500 98.8562 -6.25338 17.8102 0.617363 -0.173728 419.401 0 0
1500 48.0146 27.607 18.0977 -0.195676 0.462622 419.866 0 0
1500 145.727 -10.6742 17.9752 1.57081 -0.156584 419.711 0 0
1500 62.0891 -21.007 18.1183 0.0937298 -0.359 421.325 0 0
1500 85.8174 0.07807 18.1875 0.498394 -0.0308763 420.645 0 0
1500 63.4954 -29.1728 18.0531 0.0703183 -0.467137 421.638 0 0
1500 33.98 -6.8018 17.9928 -0.374426 -0.0563929 422.008 0 0
1500 84.8482 27.7834 18.0714 0.400024 0.456803 421.915 0 0
1500 56.2819 -45.7204 17.9337 -0.060761 -0.69569 421.209 0 0
1500 74.7935 35.0382 17.8576 0.304757 0.51716 421.428 0 0
1500 -5.36733 19.8179 17.8194 -0.983697 0.292768 420.329 0 0
1500 96.0906 66.6379 17.8426 0.621444 0.998781 420.539 0 0
1500 110.33 36.5437 17.8372 0.755971 0.606768 421.914 0 0
1500 78.4292 63.4815 17.805 0.276296 1.00442 421.865 0 0
1500 112.768 28.159 17.9411 0.876204 0.483438 420.861 0 0
1500 89.4067 -46.0707 17.9456 0.477032 -0.771899 420.284 0 0
1500 82.4831 -21.8442 18.0351 0.389479 -0.408034 420.232 0 0
1500 83.7433 59.0887 17.7961 0.457004 0.904778 421.061 0 0
1500 91.0843 -40.9535 17.8011 0.490379 -0.703657 420.225 0 0
1500 107.068 -22.9742 17.9495 0.835538 -0.344991 421.135 0 0
1500 96.8915 23.8353 17.8945 0.660791 0.417407 420.708 0 0
1500 107.749 -23.8835 17.89 0.821457 -0.312238 421.172 0 0
1500 40.0816 5.41168 18.0604 -0.31457 0.0439979 420.244 0 0
1500 17.6865 -2.65166 17.8474 -0.664821 0.0253602 420.033 0 0
1500 19.1144 34.3473 18.0342 -0.602953 0.584328 421.649 0 0
1500 35.8317 -15.2231 17.8927 -0.352708 -0.313259 419.969 0 0
1500 11.0198 -7.64877 17.883 -0.73004 -0.19318 420.724 0 0
1500 105.341 -8.91257 18.0705 0.815163 -0.169456 421.778 0 0
1500 59.991 -41.5778 18.0641 0.00309212 -0.685016 421.536 0 0
1500 78.927 53.476 17.8548 0.316847 0.886552 422.042 0 0
1500 96.3285 23.6232 17.8644 0.590037 0.440882 420.998 0 0
1500 57.915 -24.5587 17.8494 -0.0104586 -0.460516 420.217 0 0
1500 76.9797 4.84367 17.9235 0.351804 0.01346 420.72 0 0
1500 50.3958 48.2304 17.9185 -0.176499 0.793096 420.513 0 0
1500 23.1032 2.30613 17.8717 -0.56533 0.108345 420.956 0 0
1500 117.035 -44.0999 17.869 0.968602 -0.738459 421.255 0 0
1500 63.0506 -31.4661 18.0006 0.0588406 -0.550743 422.052 0 0
1500 65.4593 1.34068 17.8414 0.039345 0.00140094 420.934 0 0
1500 101.862 15.8055 17.8991 0.766996 0.255185 421.592 0 0
1500 25.2041 -32.5416 17.9051 -0.606196 -0.517341 419.962 0 0
1500 7.89384 113.98 17.8989 -0.87016 1.8854 420.203 0 0
1500 144.007 0.0425131 18.1382 1.56505 -0.0172458 421.122 0 0
1500 56.6429 4.72219 18.0811 0.00690687 0.134061 422.654 0 0
1500 71.0242 14.1631 17.8088 0.249965 0.183074 423.053 0 0
1500 9.71483 41.4918 17.808 -0.725424 0.672061 422.752 0 0
1500 62.9201 61.6681 17.8094 0.0472709 0.961519 423.011 0 0
1500 28.8873 58.0026 17.8061 -0.449817 0.917811 422.308 0 0
1500 84.866 -64.4677 17.7941 0.466112 -0.938555 422.171 0 0
1500 92.937 -59.713 17.7945 0.582747 -0.864032 422.496 0 0
1500 88.3816 58.813 17.8386 0.506111 0.906541 422.828 0 0
1500 93.5834 -56.7776 17.7914 0.507404 -0.908197 422.963 0 0
1500 50.4709 68.3804 17.8046 -0.0464395 1.04599 422.362 0 0
1500 79.1897 63.3747 17.8102 0.372117 0.969132 423.181 0 0
1500 104.277 46.7624 17.8809 0.743492 0.738665 423.389 0 0
1500 105.236 34.7128 18.0001 0.796937 0.554731 422.402 0 0
1500 113.882 27.1684 17.8531 0.843468 0.485704 422.307 0 0
1500 49.6825 -64.8696 17.8247 -0.132261 -1.03744 423.422 0 0
1500 95.3607 -47.3832 17.8291 0.556542 -0.79221 422.186 0 0
1500 100.391 -27.2678 17.9071 0.69825 -0.473176 422.244 0 0
1500 102.77 -23.9926 17.951 0.772439 -0.357158 422.157 0 0
1500 69.5966 63.6719 17.8512 0.15024 1.02047 423.491 0 0
1500 6.81235 -13.4505 17.8214 -0.829862 -0.267462 422.268 0 0
1500 70.1551 51.2963 17.8232 0.219693 0.851991 422.402 0 0
1500 23.8365 45.1133 17.8796 -0.588281 0.692246 423.152 0 0
1500 188.614 1.52501 17.8471 2.04883 0.0612128 423.333 0 0
1500 34.9769 34.2612 18.0925 -0.347853 0.591921 423.274 0 0
1500 44.0807 26.0491 17.8278 -0.174054 0.469517 422.256 0 0
1500 80.5085 7.30589 17.8293 0.417112 0.152419 422.507 0 0
1500 70.8124 12.2883 17.8213 0.267942 0.221101 423.363 0 0
1500 123.311 -47.6472 18.0576 1.14536 -0.784158 422.185 0 0
1500 74.6518 -3.01434 18.3648 0.357998 -0.0387214 424.795 0 0
1500 62.973 -17.1522 17.9632 0.141844 -0.275487 424.711 0 0
1500 83.655 12.875 17.9879 0.429632 0.222828 425.004 0 0
1500 13.9787 23.8577 17.8189 -0.649969 0.407431 424.183 0 0
1500 8.98968 29.084 17.814 -0.726459 0.485475 423.652 0 0
1500 98.0409 21.2724 17.9164 0.642461 0.320831 425.068 0 0
1500 73.4516 -11.9259 17.8221 0.281423 -0.152462 425.958 0 0
1500 57.2737 24.6841 17.8645 0.0476328 0.387611 426.066 0 0
1500 89.9169 35.7229 17.835 0.520817 0.526998 425.416 0 0
1500 91.3511 -54.3473 17.7948 0.468079 -0.860533 423.902 0 0
1500 78.3162 28.7233 17.8316 0.344662 0.441439 426.07 0 0
1500 80.5824 -5.4351 17.8364 0.374654 -0.0396537 426.438 0 0
1500 14.2056 20.0777 17.8156 -0.681981 0.339807 424.986 0 0
1500 78.7188 62.0366 17.8826 0.362347 0.951505 424.257 0 0
1500 98.211 51.6388 17.8818 0.648281 0.803257 424.001 0 0
1500 107.317 40.4778 17.8834 0.775955 0.63599 424.467 0 0
1500 114.672 13.8284 17.8886 0.871639 0.24644 425.335 0 0
1500 32.5591 60.1913 17.8505 -0.371322 0.950265 424.687 0 0
1500 123.71 6.84074 17.8091 1.04427 0.0914685 424.168 0 0
1500 27.7797 -55.9423 17.8149 -0.509549 -0.828533 426.288 0 0
1500 -5.58745 -2.45984 17.8118 -1.02666 -0.0555909 424.019 0 0
1500 8.90798 -41.7975 17.813 -0.787238 -0.627055 425.911 0 0
1500 117.153 8.64831 18.0925 0.987034 0.136486 424.656 0 0
1500 99.5633 32.4932 18.0982 0.735313 0.496786 423.796 0 0
1500 120.093 -13.0717 17.8257 1.00031 -0.222557 424.178 0 0
1500 77.2199 -64.0916 17.8377 0.256336 -1.01628 425.158 0 0
1500 5.67635 -39.8733 17.838 -0.806545 -0.661058 424.828 0 0
1500 135.13 79.5401 17.7926 1.18276 1.24011 425.224 0 0
1500 87.9672 54.8725 17.8961 0.460976 0.896673 424.612 0 0
1500 113.164 35.719 17.9132 0.921738 0.551167 423.891 0 0
1500 75.5318 2.45716 18.951 0.426759 -0.0337349 426.464 0 0
1500 68.5942 69.5682 17.8271 0.166818 1.11523 425.604 0 0
1500 28.9117 -29.2189 17.9915 -0.502461 -0.451742 423.98 0 0
1500 51.6205 42.7758 18.1136 -0.120008 0.697269 424.556 0 0
1500 102.429 10.4048 18.2435 0.793927 0.174302 425.5 0 0
1500 82.0776 -19.1792 18.2492 0.432939 -0.366154 424.755 0 0
1500 65.0832 45.6862 17.8089 0.175747 0.728037 424.482 0 0
1500 92.841 29.7397 17.8081 0.599239 0.483394 424.589 0 0
1500 69.3309 -56.8017 17.9027 0.218449 -0.92373 425.343 0 0
1500 107.975 1.2348 17.9243 0.846413 0.0416772 424.868 0 0
1500 63.6171 60.6173 17.9765 0.142982 0.971742 426.127 0 0
1500 62.8779 -45.8172 17.9307 0.153979 -0.740239 424.603 0 0
1500 76.1505 -36.0603 17.9333 0.358652 -0.592673 424.383 0 0
1500 81.6796 -51.2771 17.9229 0.436572 -0.813455 425.443 0 0
1500 67.1551 46.9198 17.8522 0.154975 0.789878 425.232 0 0
1500 3.32016 9.82932 17.983 -0.874755 0.181973 425.764 0 0
1500 41.7107 -34.3992 18.0779 -0.294122 -0.528069 425.045 0 0
1500 25.2328 30.4441 18.0739 -0.54379 0.462686 425.367 0 0
1500 78.3429 -51.2291 17.8658 0.389629 -0.794133 425.358 0 0
1500 42.9636 -45.6105 17.8288 -0.202097 -0.772167 424.98 0 0
1500 76.536 4.56708 17.8438 0.319873 -0.000501278 423.829 0 0
1500 89.3869 16.5876 18.0543 0.540143 0.324343 425.717 0 0
1500 44.1306 35.981 18.1875 -0.23048 0.584047 426.328 0 0
1500 107.628 -15.7815 17.8473 0.836419 -0.243818 426.05 0 0
1500 80.259 -39.8291 17.853 0.421905 -0.616422 425.493 0 0
1500 106.84 0.809839 17.8494 0.827195 0.00967 425.827 0 0
1500 98.1475 -6.19182 17.8546 0.699064 -0.098375 425.35 0 0
1500 53.6508 -50.3863 17.9419 -0.00469408 -0.828063 426.383 0 0
1500 43.5439 -20.7378 18.1134 -0.252686 -0.374606 425.139 0 0
1500 126.147 19.1948 17.9304 1.13841 0.253525 425.553 0 0
1500 109.502 25.0479 17.8913 0.899899 0.392064 425.483 0 0
1500 111.71 -2.00013 18.1733 0.93853 -0.10877 424.167 0 0
1500 106.065 21.1823 17.9099 0.814671 0.420813 425.73 0 0
1500 75.6661 -41.4619 18.18 0.275007 -0.757794 426.094 0 0
1500 50.6035 26.7268 18.1185 -0.107874 0.560542 423.904 0 0
1500 92.8903 22.7456 18.5709 0.684113 0.483018 425.594 0 0
1500 60.4465 6.4306 18.2041 0.119874 0.141285 426.899 0 0
1500 69.7761 24.6819 18.4314 0.210407 0.398239 429.17 0 0
1500 75.3082 -4.8784 17.909 0.299821 -0.0208927 427.219 0 0
1500 67.5323 22.7999 17.9068 0.191827 0.3659 427.056 0 0
1500 79.1591 -21.8689 17.8926 0.28927 -0.37522 427.064 0 0
1500 97.9253 8.1771 18.0062 0.65632 0.107538 426.523 0 0
1500 82.3187 35.1266 17.8674 0.342916 0.56644 426.919 0 0
1500 104.871 -17.4549 17.808 0.73742 -0.223352 428.629 0 0
1500 95.3715 36.7211 17.8057 0.603661 0.558337 428.301 0 0
1500 100.738 45.447 17.9766 0.670793 0.714587 428.927 0 0
1500 8.45117 43.7812 17.8303 -0.799914 0.677508 427.022 0 0
1500 93.2463 -56.2423 17.863 0.587456 -0.867745 428.12 0 0
1500 96.3538 -53.6204 17.863 0.635784 -0.832396 427.851 0 0
1500 60.1919 -57.7534 17.9139 0.0572505 -0.946438 426.733 0 0
1500 103.945 38.0197 17.8427 0.772911 0.572702 426.663 0 0
1500 97.6437 55.2956 17.838 0.658814 0.811108 428.541 0 0
1500 116.604 -26.0385 17.8389 0.952576 -0.391887 427.49 0 0
1500 86.2253 -52.8876 17.8433 0.505483 -0.804339 426.565 0 0
1500 116.975 -28.964 17.8389 0.937335 -0.42616 428.974 0 0
1500 89.6182 -57.9051 17.945 0.530838 -0.903898 428.827 0 0
1500 164.78 23.264 17.8366 1.70154 0.375817 427.244 0 0
1500 111.461 31.0401 17.8717 0.881286 0.483518 428.576 0 0
1500 114.053 16.2663 17.874 0.92621 0.263525 428.142 0 0
1500 105.201 54.2813 17.8349 0.782909 0.800419 428.961 0 0
1500 91.6378 28.962 18.0006 0.618314 0.444627 427.448 0 0
1500 77.9603 -10.1046 17.8618 0.336482 -0.232229 427.617 0 0
1500 66.7305 -0.179512 17.8574 0.21087 -0.0300785 428.022 0 0
1500 71.9535 0.726872 18.0183 0.274609 0.0802809 428.792 0 0
1500 75.4919 5.88463 18.1212 0.38214 0.102485 429.357 0 0
1500 70.7602 -54.3257 17.9363 0.289393 -0.895948 426.508 0 0
1500 127.572 40.4889 18.122 1.22466 0.677771 426.613 0 0
1500 83.175 -4.7278 17.8854 0.450957 -0.129548 428.742 0 0
1500 48.9931 33.7432 17.8458 -0.152909 0.599879 428.96 0 0
1500 77.0425 17.8245 17.8508 0.283817 0.354875 428.605 0 0
1500 52.0178 -13.52 17.9742 -0.123615 -0.148592 428.91 0 0
1500 69.7812 -86.6772 18.0106 0.181012 -1.48735 426.545 0 0
1500 70.7909 -7.83623 17.9861 0.29041 -0.0958419 429.485 0 0
1500 110.949 -27.6605 17.8382 0.890001 -0.382548 428.935 0 0
1500 116.762 26.4429 17.8909 0.965362 0.507902 427.33 0 0
1500 130.265 -20.0495 18.0337 1.24297 -0.320452 429.444 0 0
1500 59.181 -38.4283 18.1465 -0.0309424 -0.675656 428.732 0 0
1500 88.4042 -15.4079 18.1984 0.532124 -0.201759 429.761 0 0
1500 72.3153 -32.3924 18.0325 0.258715 -0.51161 429.588 0 0
1500 84.501 -5.70858 17.9408 0.442267 -0.114244 430.972 0 0
1500 30.9646 5.08811 17.8554 -0.442618 0.0995865 430.717 0 0
1500 98.9965 18.8916 17.8739 0.653456 0.254772 430.476 0 0
1500 99.7345 -22.3922 17.8723 0.665347 -0.329663 430.321 0 0
1500 106.675 8.83597 17.871 0.765078 0.113046 430.194 0 0
1500 78.5408 9.55908 17.9436 0.357812 0.169146 431.485 0 0
1500 84.1722 -46.2524 17.8748 0.438184 -0.69585 430.522 0 0
1500 99.3563 33.6315 17.8499 0.662343 0.476695 430.765 0 0
1500 102.735 43.778 17.8209 0.697162 0.687408 430.142 0 0
1500 106.73 -57.9084 17.7969 0.780786 -0.885355 429.911 0 0
1500 44.753 64.7321 17.8697 -0.230175 1.0045 430.65 0 0
1500 -7.11292 -9.62868 17.8349 -1.02564 -0.137008 430.617 0 0
1500 103.252 -23.9336 18.2111 0.78678 -0.40234 429.901 0 0
1500 119.369 -28.0232 17.8357 0.929152 -0.483963 431.318 0 0
1500 53.9421 44.6321 18.2028 -0.0410224 0.743745 429.954 0 0
1500 88.4595 6.29176 18.32 0.593176 0.126198 430.286 0 0
1500 102.034 -13.7128 18.124 0.77328 -0.237364 430.307 0 0
1500 87.3839 16.274 18.1322 0.557883 0.217977 429.604 0 0
1500 101.177 9.34133 18.0051 0.716767 0.210629 429.777 0 0
1500 39.6149 59.1655 17.8282 -0.289297 0.963945 430.989 0 0
1500 96.1135 39.4127 17.8346 0.569017 0.677006 429.991 0 0
1500 52.574 51.67 17.8353 -0.0959347 0.865202 429.913 0 0
1500 104.02 -11.5019 17.8487 0.784635 -0.167277 430.02 0 0
1500 41.5187 -44.3943 18.0683 -0.284074 -0.714263 430.853 0 0
1500 24.3614 30.7723 17.8737 -0.583476 0.442017 430.46 0 0
1500 60.9207 1.89274 17.9402 -0.0160664 0.0541778 429.829 0 0
1500 52.6957 -3.50408 17.9397 -0.144032 -0.0298199 429.862 0 0
1500 21.5544 -37.7371 17.9214 -0.613931 -0.549361 431.394 0 0
1500 53.5673 31.3915 17.9326 -0.129469 0.509184 430.36 0 0
1500 71.4346 15.3331 17.9478 0.248183 0.311379 430.014 0 0
1500 102.952 -21.2176 17.8125 0.705789 -0.401147 430.873 0 0
1500 90.1998 40.6929 17.881 0.581908 0.630796 430.424 0 0
1500 15.4567 15.266 17.9605 -0.701767 0.195317 431.387 0 0
1500 64.0454 16.4958 17.8758 0.0869179 0.334957 430.269 0 0
1500 29.9714 27.8721 17.8665 -0.440678 0.507358 430.935 0 0
1500 28.1204 8.63631 17.8717 -0.472114 0.211284 430.548 0 0
1500 23.3993 -12.4381 17.8277 -0.587539 -0.128638 430.198 0 0
1500 48.0181 -1.73513 17.8762 -0.182038 0.0455715 430.917 0 0
1500 48.0725 -6.12019 17.8763 -0.181195 -0.0230856 430.913 0 0
1500 120.227 -7.7207 17.9192 1.02935 -0.188776 430.977 0 0
1500 175.315 -21.7889 17.8604 1.96225 -0.323572 430.519 0 0
1500 108.313 -44.0884 18.314 0.918894 -0.81701 429.858 0 0
1500 78.0977 -41.58 17.9463 0.340407 -0.641759 431.703 0 0
1500 57.7239 4.5836 17.9901 0.054696 0.118841 432.954 0 0
1500 40.1478 -28.6402 18.0503 -0.282342 -0.434907 434.315 0 0
1500 89.3663 -12.4489 17.8695 0.474069 -0.220201 435.648 0 0
1500 67.52 -10.4355 18.042 0.202996 -0.193395 435.236 0 0
1500 107.631 38.9179 17.9176 0.795929 0.574112 432.52 0 0
1500 101.485 -34.416 17.8098 0.682414 -0.460629 433.422 0 0
1500 77.1592 -62.9835 17.8361 0.304708 -0.994708 431.669 0 0
1500 82.3796 61.6825 17.8397 0.423784 0.943328 432.04 0 0
1500 99.0239 -21.1069 18.1267 0.673603 -0.323074 435.634 0 0
1500 103.248 -28.0271 17.8393 0.713235 -0.424833 434.272 0 0
1500 70.3172 63.9934 17.9349 0.192861 1.02194 431.892 0 0
1500 50.4028 23.699 17.8667 -0.0572898 0.383623 435.913 0 0
1500 70.0758 55.7012 17.8347 0.160931 0.869044 434.263 0 0
1500 26.5201 55.5636 17.8287 -0.469653 0.878714 433.339 0 0
1500 82.0239 0.405393 18.3025 0.428976 0.0577699 437.591 0 0
1500 111.799 -31.3071 18.0348 0.883088 -0.510215 432.097 0 0
1500 114.188 4.47158 17.8885 0.878383 0.0849457 434.677 0 0
1500 109.124 -38.2222 17.8379 0.843317 -0.564435 431.54 0 0
1500 80.2919 29.5359 17.8575 0.385222 0.424354 435.94 0 0
1500 123.334 5.46529 17.836 1.04356 0.0900354 432.37 0 0
1500 94.4765 -7.03379 18.3019 0.612354 -0.141281 437.738 0 0
1500 2.89328 -23.1505 17.9155 -0.885865 -0.323434 432.26 0 0
1500 32.535 -9.12968 18.126 -0.386787 -0.125414 438.148 0 0
1500 94.8941 -50.4283 17.8025 0.569642 -0.832511 432.268 0 0
1500 117.926 -29.5057 17.8005 0.907545 -0.512503 432.916 0 0
1500 38.5856 18.2147 17.8741 -0.278632 0.324437 437.643 0 0
1500 44.0263 -2.47391 17.878 -0.20163 0.0345486 437.927 0 0
1500 61.6815 64.7041 17.8503 0.0466179 1.01434 434.911 0 0
1500 18.8712 51.0046 17.8515 -0.574499 0.811586 435.187 0 0
1500 85.8857 51.0345 17.8568 0.392695 0.802218 436.029 0 0
1500 98.1651 50.0245 17.8503 0.594893 0.824101 432.951 0 0
1500 45.1971 55.7532 17.857 -0.190285 0.869595 436.048 0 0
1500 105.435 27.9882 17.9299 0.713132 0.498576 432.381 0 0
1500 121.99 23.2815 17.8229 0.999465 0.28819 434.03 0 0
1500 82.3001 61.5352 17.8481 0.330278 0.964814 435.641 0 0
1500 40.426 63.4418 17.8471 -0.281514 0.997336 435.316 0 0
1500 74.0681 47.8366 17.8605 0.20486 0.745432 437.452 0 0
1500 23.1129 52.4029 17.8483 -0.547768 0.855401 433.739 0 0
1500 95.7108 20.2804 17.9356 0.657408 0.271716 432.48 0 0
1500 80.794 2.01162 18.1138 0.409317 -0.0173436 438.496 0 0
1500 64.6022 1.64711 17.9392 0.0615421 -0.0312962 431.57 0 0
1500 68.7322 -45.3137 17.9593 0.158399 -0.765481 433.116 0 0
1500 40.9773 -56.1571 17.8993 -0.31896 -0.877386 433.968 0 0
1500 85.9423 46.7103 17.8947 0.462495 0.708383 438.128 0 0
1500 93.9789 35.8552 17.9271 0.612017 0.604578 433.451 0 0
1500 62.3927 28.237 17.846 0.0964917 0.457266 439.171 0 0
1500 94.7929 24.5684 17.8574 0.642989 0.353282 432.771 0 0
1500 51.8494 -49.9633 17.9393 -0.153304 -0.784939 433.447 0 0
1500 48.0476 -35.1326 18.0032 -0.197771 -0.578751 433.055 0 0
1500 96.6722 -11.1461 17.8807 0.665793 -0.127906 432.943 0 0
1500 95.1566 28.8363 17.8756 0.637934 0.486032 433.395 0 0
1500 70.3697 59.3624 17.8671 0.253805 0.939034 434.441 0 0
1500 105.951 -25.8774 17.8723 0.7992 -0.351032 433.741 0 0
1500 104.849 23.2851 17.8748 0.730183 0.372184 438.43 0 0
1500 69.9975 -55.7159 17.9053 0.235009 -0.904977 434.273 0 0
1500 75.9405 41.3965 17.9279 0.318497 0.70387 433.505 0 0
1500 52.4365 59.2633 17.9187 -0.0408237 0.961659 434.583 0 0
1500 114.677 16.7614 17.8397 0.931736 0.225204 434.188 0 0
1500 55.9068 16.7125 18.0196 -0.0836094 0.236658 432.781 0 0
1500 41.7712 32.1232 18.0127 -0.300682 0.472252 433.253 0 0
1500 102.907 -40.6458 17.8322 0.682419 -0.690373 434.443 0 0
1500 61.9195 89.6417 17.808 0.00636186 1.35285 437.565 0 0
1500 32.1651 -54.7999 17.9255 -0.434156 -0.871206 435.433 0 0
1500 25.0927 7.47388 17.9432 -0.555717 0.0671889 433.614 0 0
1500 -6.40104 -6.16811 17.8547 -1.00513 -0.0848545 438.164 0 0
1500 101.05 -50.7067 17.7914 0.701387 -0.778521 437.006 0 0
1500 49.9102 -56.5899 17.7997 -0.0572684 -0.893958 434.862 0 0
1500 117.826 3.89989 17.9036 0.984324 0.063276 435.993 0 0
1500 81.4156 -2.76769 18.1679 0.422654 -0.0712728 442.083 0 0
1500 49.6316 54.5469 17.9761 -0.144989 0.890226 435.731 0 0
1500 75.7587 27.9881 17.99 0.255019 0.498298 434.448 0 0
1500 41.7192 19.5551 17.994 -0.243468 0.332242 441.479 0 0
1500 42.4343 30.5897 17.9889 -0.258488 0.537685 434.536 0 0
1500 44.1025 55.2868 17.9748 -0.228012 0.899118 435.899 0 0
1500 69.5487 38.7191 17.9881 0.144635 0.602806 441.007 0 0
1500 45.6675 -75.4528 17.9029 -0.129035 -1.26094 431.529 0 0
1500 74.6124 -17.5937 18.0691 0.275855 -0.347382 434.668 0 0
1500 64.5449 31.5748 18.2633 0.0873876 0.512237 435.838 0 0
1500 72.2302 16.0055 18.2674 0.205084 0.276812 435.552 0 0
1500 63.3399 30.9483 18.2636 0.0690983 0.502901 435.814 0 0
1500 49.2921 45.9131 17.8383 -0.161409 0.777575 435.106 0 0
1500 77.2768 -32.1308 17.9208 0.390871 -0.523305 433.145 0 0
1500 60.8594 -40.0084 17.8958 0.0831655 -0.62291 441.365 0 0
1500 122.56 -47.4231 17.9655 1.1166 -0.730911 433.096 0 0
1500 76.8281 -7.62027 17.8562 0.241513 -0.173093 441.429 0 0
1500 82.38 39.6529 18.2572 0.424041 0.72747 431.631 0 0
1500 89.2781 10.1662 17.8372 0.534384 0.218338 435.171 0 0
1500 69.394 59.7208 17.8217 0.208933 0.917349 440.183 0 0
1500 37.5533 27.6563 17.863 -0.357929 0.49295 435.487 0 0
1500 25.0262 -21.3087 17.8448 -0.582241 -0.356144 436.042 0 0
1500 111.152 16.2863 17.9419 0.89196 0.282282 437.094 0 0
1500 103.538 7.29381 18.0535 0.79519 0.122885 437.461 0 0
1500 94.1652 -24.4832 18.0559 0.655239 -0.360528 437.233 0 0
1500 90.8866 36.2603 18.0526 0.602439 0.561672 437.547 0 0
1500 74.361 -8.36356 17.884 0.303829 -0.195045 435.955 0 0
1500 102.935 -13.4896 17.873 0.6801 -0.24949 442.518 0 0
1500 91.4224 -32.6576 17.87 0.560549 -0.564569 437.045 0 0
1500 14.4126 -31.3733 17.8892 -0.675245 -0.551945 437.504 0 0
1500 135.069 7.12917 17.9811 1.34929 0.110034 433.226 0 0
1500 69.2069 -31.0928 18.2705 0.2754 -0.531558 437.84 0 0
1500 79.4228 -9.47409 17.9734 0.41071 -0.19349 436.629 0 0
1500 46.9757 36.0631 17.9821 -0.247275 0.575531 433.895 0 0
1500 92.3364 18.1996 18.2578 0.6496 0.268392 438.371 0 0
1500 98.8696 -9.16379 18.2579 0.686925 -0.132636 444.28 0 0
1500 44.4457 -49.7469 17.8095 -0.195913 -0.837474 437.904 0 0
1500 126.466 -8.99344 17.8 1.01732 -0.204181 440.706 0 0
1500 95.9555 25.4916 17.9173 0.602499 0.402032 443.617 0 0
1500 100.931 29.1829 17.9133 0.676525 0.456705 443.223 0 0
1500 44.4107 -56.7062 18.0241 -0.191363 -0.999573 434.609 0 0
1500 31.6624 -7.88608 17.9803 -0.416049 -0.0861882 444.799 0 0
1500 86.5295 -60.0097 17.8579 0.483742 -0.929732 440.894 0 0
1500 66.2411 64.0146 17.8687 0.148819 1.05958 438.179 0 0
1500 110.196 27.5442 17.8088 0.811614 0.432247 442.731 0 0
1500 96.1119 22.6265 17.8758 0.608645 0.294854 444.313 0 0
1500 149.95 -22.3485 17.9403 1.53947 -0.315285 436.48 0 0
1500 86.1621 4.11624 18.32 0.498477 0.0983482 446.508 0 0
1500 122.143 17.7426 17.9218 0.997669 0.320921 441.785 0 0
1500 109.642 25.4902 17.93 0.790684 0.42236 443.786 0 0
1500 81.076 -4.04025 18.1004 0.46375 -0.0435704 438.834 0 0
1500 55.7515 -13.9714 17.9296 -0.0234452 -0.295635 437.957 0 0
1500 39.4252 -63.936 17.9014 -0.262482 -1.01479 441.718 0 0
1500 85.8338 -47.0612 17.9121 0.406697 -0.740889 444.055 0 0
1500 62.2099 -27.8962 17.9246 0.0768008 -0.509983 438.29 0 0
1500 102.407 -24.5762 17.9131 0.689696 -0.451777 439.252 0 0
1500 105.676 -34.6251 17.9071 0.731629 -0.598738 439.967 0 0
1500 81.8888 31.9908 18.042 0.431326 0.554402 439.535 0 0
1500 47.0763 -9.43982 18.0377 -0.161478 -0.223764 438.229 0 0
1500 13.1009 -44.1617 17.8374 -0.717125 -0.733027 440.274 0 0
1500 58.3081 68.2799 17.8022 0.0699883 1.04436 441.681 0 0
1500 104.66 46.8319 17.8027 0.750251 0.717301 442.457 0 0
1500 87.7419 -7.15658 17.9346 0.492692 -0.135281 445.664 0 0
1500 62.3158 -63.4733 17.8132 0.0778923 -0.993666 443.588 0 0
1500 42.0592 -62.5017 17.8128 -0.216959 -0.980938 443.49 0 0
1500 13.0164 45.4131 17.8327 -0.723375 0.66414 443.848 0 0
1500 -0.868003 29.5589 17.829 -0.947105 0.444973 442.207 0 0
1500 55.5639 -7.6881 17.859 -0.115538 -0.113991 438.63 0 0
1500 140.538 2.66797 17.8812 1.27161 0.0558878 443.966 0 0
1500 102.354 -3.40264 18.1801 0.778164 -0.0575406 442.343 0 0
1500 70.8064 -56.6461 17.8164 0.184325 -0.886217 444.897 0 0
1500 5.36754 -43.8134 17.8135 -0.758724 -0.720967 442.772 0 0
1500 41.2927 -42.9625 17.8164 -0.224374 -0.72403 441.095 0 0
1500 184.309 147.937 17.8074 1.96499 2.24128 442.233 0 0
1500 29.2237 -23.7496 17.9139 -0.505362 -0.379018 441.052 0 0
1500 50.3452 -0.386354 17.9243 -0.166124 -0.019337 447.232 0 0
1500 34.0104 -32.1664 17.9127 -0.431264 -0.507017 441.171 0 0
1500 116.362 -12.4243 17.8207 0.934949 -0.131286 441.833 0 0
1500 88.1043 -38.4367 17.8443 0.517688 -0.643065 441.383 0 0
1500 41.4185 171.191 17.8861 -0.354389 2.83534 437.196 0 0
1500 88.0792 21.3858 18.1901 0.590582 0.36987 439.814 0 0
1500 -4.76054 -12.6597 17.8605 -0.969458 -0.152878 446.173 0 0
1500 113.635 -163.306 18.1006 0.952867 -2.86729 436.007 0 0
1500 144.821 5.39609 17.9359 1.50079 0.0662823 438.827 0 0
1500 136.335 14.1743 17.9954 1.31262 0.197218 442.06 0 0
1500 12.7344 28.6718 17.9298 -0.727971 0.547899 439.341 0 0
1500 95.9522 54.6334 17.8044 0.560029 0.885289 445.894 0 0
1500 89.877 -28.5056 18.1583 0.543608 -0.505215 444.682 0 0
1500 60.7207 7.40302 17.9443 0.118271 0.0977112 450.794 0 0
1500 174.265 12.8127 17.8385 1.92258 0.23343 441.64 0 0
1500 48.4921 -63.5251 17.8486 -0.201506 -0.9948 445.703 0 0
1500 74.0733 61.4576 17.9184 0.26811 0.956003 448.678 0 0
1500 43.711 17.235 17.9417 -0.183491 0.341144 443.798 0 0
1500 116.053 7.87948 17.9215 0.915112 0.190349 445.615 0 0
1500 34.6488 31.8616 17.9341 -0.321633 0.56373 444.341 0 0
1500 99.0806 1.21062 18.6174 0.775365 0.0643026 446.526 0 0
1500 114.436 14.9896 17.8009 0.87653 0.239091 449.152 0 0
1500 87.2733 34.6637 17.8102 0.478674 0.514843 450.153 0 0
1500 64.0952 37.8054 17.9293 0.0341173 0.612365 444.449 0 0
1500 15.7182 46.7163 17.9117 -0.691473 0.727404 446.458 0 0
1500 47.5593 -7.74583 17.9381 -0.223338 -0.0919038 443.838 0 0
1500 112.479 16.9487 18.0014 0.912667 0.228707 446.336 0 0
1500 83.7983 -0.346749 17.9241 0.434471 0.0687582 444.221 0 0
1500 -66.6782 -38.9147 17.9551 -2.05814 -0.609289 442.805 0 0
1500 18.9033 52.1723 17.7915 -0.640783 0.826764 447.474 0 0
1500 68.935 66.8428 17.7914 0.103528 1.04275 447.625 0 0
1500 107.488 33.5543 17.9043 0.773043 0.625593 440.914 0 0
1500 49.6813 -46.1819 17.8234 -0.164139 -0.711367 450.939 0 0
1500 85.3553 -57.7393 17.8104 0.363596 -0.929768 446.825 0 0
1500 55.5627 -53.898 17.8162 -0.0867884 -0.883557 445.946 0 0
1500 58.1824 -54.4845 17.8159 -0.0467327 -0.892077 445.978 0 0
1500 -9.82197 48.0395 17.8352 -1.06909 0.781671 446.932 0 0
1500 85.6418 -85.3215 17.9637 0.482334 -1.39155 445.364 0 0
1500 128.432 -6.97785 17.8082 1.09767 -0.133145 449.209 0 0
1500 12.409 47.7933 17.8758 -0.72354 0.72969 449.957 0 0
1500 33.6357 54.4271 17.8797 -0.428888 0.85626 447.57 0 0
1500 37.9141 9.88741 18.0061 -0.298256 0.194054 453.683 0 0
1500 89.9082 -9.84508 17.8495 0.555711 -0.102593 445.808 0 0
1500 124.139 7.37388 17.8282 1.02719 0.155868 449.604 0 0
1500 71.5598 7.26279 18.089 0.32066 0.106824 445.717 0 0
1500 108.252 -38.8635 17.8402 0.819636 -0.617383 448.422 0 0
1500 72.9033 -64.5955 17.8407 0.283144 -0.976332 450.207 0 0
1500 97.1082 6.46168 17.8568 0.67466 0.0628482 446.265 0 0
1500 96.2888 -52.3621 17.841 0.623351 -0.797268 450.274 0 0
1500 104.248 43.034 17.9234 0.745716 0.701719 448.86 0 0
1500 93.831 51.9406 17.9235 0.590692 0.834727 448.837 0 0
1500 -6.19632 -7.30332 17.8811 -1.00657 -0.0565025 448.718 0 0
1500 52.8651 1.96396 17.9088 -0.127873 0.0858235 445.91 0 0
1500 119.587 -9.42039 17.8272 0.993504 -0.101666 448.387 0 0
1500 53.4211 8.3102 17.9668 -0.128737 0.15599 446.642 0 0
1500 33.494 6.72789 17.9139 -0.402042 0.176341 446.793 0 0
1500 27.9173 8.82356 17.9114 -0.487455 0.208372 446.964 0 0
1500 52.5334 0.601366 17.9189 -0.0948309 0.0725359 454.37 0 0
1500 47.4311 27.6487 17.9128 -0.166827 0.451531 453.929 0 0
1500 49.8414 47.4572 17.887 -0.195604 0.728664 448.003 0 0
1500 49.3158 47.7724 17.8868 -0.203606 0.73323 448.028 0 0
1500 88.2959 56.0193 17.8468 0.545542 0.921738 446.509 0 0
1500 -15.9484 -37.5019 17.8738 -1.22964 -0.620008 447.008 0 0
1500 153.25 6.93975 17.9289 1.54974 0.0888388 448.414 0 0
1500 101.001 -2.51021 18.4913 0.763219 -0.100899 451.043 0 0
1500 93.6177 45.8716 18.0218 0.575407 0.761207 450.331 0 0
1500 72.1068 34.3567 18.0372 0.235293 0.547688 455.305 0 0
1500 21.2282 31.9714 17.8134 -0.637596 0.456077 448.562 0 0
1500 -4.89322 9.05963 17.8034 -0.980243 0.0971373 452.523 0 0
1500 55.8963 -8.70685 17.8297 -0.0938811 -0.154884 455.178 0 0
1500 11.9441 -47.1632 17.7999 -0.749049 -0.732299 451.3 0 0
1500 52.54 -65.7949 17.8024 -0.146701 -0.992985 452.305 0 0
1500 38.0968 46.0439 17.8139 -0.37797 0.673389 448.515 0 0
1500 72.4548 -88.0457 17.8511 0.283367 -1.40124 448.934 0 0
1500 113.861 -19.6271 17.9552 0.940166 -0.361484 447.983 0 0
1500 95.3565 -49.1494 17.8267 0.605799 -0.807808 450.161 0 0
1500 107.271 -66.3814 17.9267 0.876838 -1.11945 445.596 0 0
1500 123.454 0.694712 17.9269 1.04584 0.00986122 452.456 0 0
1500 123.204 0.135859 17.9268 1.04792 0.00168111 452.082 0 0
1500 92.9986 -29.3885 17.9433 0.576591 -0.414468 455.174 0 0
1500 74.7601 40.7413 17.8686 0.279776 0.701674 449.25 0 0
1500 117.89 29.998 17.8549 0.896126 0.50953 452.675 0 0
1500 89.3473 51.243 17.8602 0.471401 0.807079 453.773 0 0
1500 17.6506 -52.7731 17.801 -0.605828 -0.851677 452.827 0 0
1500 -4.29793 -27.2189 17.8012 -0.927574 -0.473775 452.971 0 0
1500 66.2841 -60.687 17.8038 0.114022 -0.990632 451.305 0 0
1500 106.254 -44.4215 17.9078 0.741338 -0.714465 454.307 0 0
1500 99.8168 -35.1243 17.9146 0.674393 -0.603011 451.577 0 0
1500 77.7598 -62.8265 17.9304 0.354098 -0.983862 453.49 0 0
1500 106.124 2.92591 18.0041 0.822866 0.0120966 451.791 0 0
1500 108.178 -35.275 17.9948 0.837429 -0.557351 453.1 0 0
1500 139.851 -35.6043 18.0365 1.44555 -0.62206 446.356 0 0
1500 113.339 18.0503 18.6056 1.05663 0.276442 448.846 0 0
1500 98.0676 -34.9766 17.9223 0.643397 -0.526171 456.868 0 0
1500 91.4001 57.1512 17.8991 0.490647 0.91996 453.824 0 0
1500 91.4536 29.5007 18.2889 0.694703 0.555048 443.367 0 0
1500 57.5962 21.0143 17.8809 -0.0432002 0.350128 458.072 0 0
1500 -86.5912 -25.965 17.8043 -2.19818 -0.347271 454.427 0 0
1500 108.582 -39.9986 17.9009 0.814546 -0.584386 455.673 0 0
1500 113.337 42.0071 17.8722 0.948917 0.632486 449.987 0 0
1500 52.0857 -59.9341 17.8324 -0.117868 -0.927481 456.283 0 0
1500 5.83356 -4.29159 17.8369 -0.833888 -0.133828 452.147 0 0
1500 86.5973 -3.1988 17.9258 0.435541 0.0199335 459.113 0 0
1500 87.4083 66.8073 18.0504 0.538665 1.1836 447.793 0 0
1500 38.7062 39.7075 17.8726 -0.353186 0.697666 451.086 0 0
1500 97.0793 -23.7819 17.8969 0.682 -0.332457 452.757 0 0
1500 81.6426 56.6806 17.8359 0.393161 0.868333 457.739 0 0
1500 59.4956 52.1205 18.0383 0.0816891 0.922429 449.969 0 0
1500 76.5931 -32.1183 17.9224 0.253141 -0.494268 464.383 0 0
1500 48.831 -29.718 17.8418 -0.172152 -0.473671 460.542 0 0
1500 18.5084 18.0624 17.8355 -0.658491 0.217888 454.053 0 0
1500 34.7598 -28.1526 17.8393 -0.370992 -0.452923 460.345 0 0
1500 63.4287 -63.9038 17.8198 0.0352887 -1.01865 456.045 0 0
1500 45.1871 1.93432 18.2043 -0.290831 0.011886 446.77 0 0
1500 45.3524 -64.0489 17.9292 -0.19058 -0.998414 458.547 0 0
1500 74.845 -43.7406 17.9435 0.230572 -0.684412 460.51 0 0
1500 60.8275 -51.1252 17.9405 0.033046 -0.791784 460.22 0 0
1500 18.3866 -42.4501 17.9336 -0.605767 -0.713588 455.802 0 0
1500 52.8475 -60.0599 17.9313 -0.0848278 -0.974398 456.153 0 0
1500 68.2415 45.208 17.918 0.173017 0.706674 460.885 0 0
1500 34.776 -27.441 17.8222 -0.318905 -0.486976 456.094 0 0
1500 76.0155 42.5408 17.9372 0.24231 0.712356 456.768 0 0
1500 10.9266 2.52359 17.9368 -0.754913 0.0989615 456.802 0 0
1500 124.724 6.31545 17.802 1.01733 0.151928 459.959 0 0
1500 80.8475 6.70777 17.8761 0.343102 0.160227 463.428 0 0
1500 -6.42601 -25.2887 17.8423 -1.06446 -0.460266 455.372 0 0
1500 19.7308 49.2207 17.8497 -0.5723 0.779928 461.15 0 0
1500 102.133 0.48144 18.013 0.694776 0.0515002 463.971 0 0
1500 89.1065 -4.05288 17.982 0.575285 -0.0664966 458.488 0 0
1500 121.866 -10.3184 17.9609 1.03357 -0.15603 461.421 0 0
1500 90.4718 -16.226 17.9392 0.590772 -0.247838 458.668 0 0
1500 122.694 4.90073 18.0119 1.11673 0.0362243 457.222 0 0
1500 23.1752 -26.8095 17.8884 -0.625774 -0.463915 457.149 0 0
1500 73.6415 -17.1374 17.9521 0.329432 -0.293258 459.746 0 0
1500 66.8089 17.2276 18.2912 0.148657 0.298954 469.236 0 0
1500 85.1725 24.1855 18.5336 0.539424 0.487069 456.041 0 0
1500 54.1456 34.619 18.4868 -0.0428708 0.69203 453.123 0 0
1500 27.178 47.7243 17.8387 -0.503258 0.791188 462.302 0 0
1500 49.8674 -8.80514 17.9784 -0.0678406 -0.184092 469.44 0 0
1500 55.2738 10.0412 17.8577 -0.00797935 0.222495 463.162 0 0
1500 75.2254 22.082 17.8527 0.282745 0.388342 466.065 0 0
1500 107.429 38.7613 17.8687 0.785063 0.624524 465.227 0 0
1500 120.82 20.5187 17.855 0.970796 0.35551 465.81 0 0
1500 53.4668 66.9993 17.8542 -0.0146767 1.04761 465.018 0 0
1500 122.337 -15.6163 17.8553 1.01392 -0.176754 464.399 0 0
1500 -49.952 50.8048 17.94 -1.80212 0.903451 458.94 0 0
1500 86.6363 33.9267 17.843 0.475529 0.47287 468.758 0 0
1500 102.003 -27.0973 17.8348 0.749645 -0.422132 463.401 0 0
1500 36.7961 -55.244 17.8451 -0.289958 -0.906963 464.481 0 0
1500 74.9591 -27.6312 17.8618 0.290544 -0.500833 463.419 0 0
1500 88.7274 13.8181 17.8335 0.542978 0.254049 464.408 0 0
1500 -73.4285 19.4173 17.7953 -2.0024 0.358805 466.87 0 0
1500 65.9835 21.6713 17.9569 0.141935 0.369416 472.65 0 0
1500 25.1826 -55.6226 17.9251 -0.489736 -0.901433 468.378 0 0
1500 34.8156 -21.1686 17.9463 -0.359713 -0.403399 465.87 0 0
1500 75.4588 22.3161 18.0663 0.316289 0.360951 473.483 0 0
1500 104.157 -15.5555 18.0199 0.801112 -0.196806 466.279 0 0
1500 91.347 51.195 17.8163 0.576062 0.814334 467.131 0 0
1500 99.6436 42.6932 18.1712 0.736364 0.803777 461.024 0 0
1500 137.701 -56.6675 17.8337 1.27757 -0.904734 467.864 0 0
1500 85.5627 38.2386 18.0218 0.454123 0.693964 464.865 0 0
1500 114.252 14.7693 18.0231 0.906832 0.245424 472.318 0 0
1500 87.5603 -28.9483 18.0707 0.449867 -0.473402 475.159 0 0
1500 71.7931 12.3636 18.0117 0.20629 0.240715 476.526 0 0
1500 73.3877 60.0334 17.9867 0.245676 0.970217 471.461 0 0
1500 78.3033 -23.7696 18.0273 0.403164 -0.42057 468.262 0 0
1500 109.722 -25.7861 17.9647 0.871546 -0.387122 471.312 0 0
1500 120.235 20.4215 17.9595 1.00418 0.300445 473.003 0 0
1500 139.147 54.1059 17.8241 1.28835 0.783527 472.812 0 0
1500 109.007 19.2309 17.8087 0.831371 0.345981 471.936 0 0
1500 66.0958 -18.4983 17.9216 0.153352 -0.320166 478.551 0 0
1500 92.0952 -41.2568 17.9056 0.526323 -0.650365 477.146 0 0
1500 47.0581 -56.6845 17.9008 -0.121752 -0.92545 472.924 0 0
1500 104.336 -133.412 17.8003 0.669367 -2.08082 473.844 0 0
1500 37.5802 -57.6772 17.8021 -0.37136 -0.934725 473.554 0 0
1500 61.3663 43.2759 17.9464 -0.0153052 0.729093 470.187 0 0
1500 68.8976 -0.324487 18.0514 0.273418 -0.00112964 474.012 0 0
1500 9.48465 41.5054 17.8607 -0.80711 0.60537 475.406 0 0
1500 42.8761 35.081 17.9083 -0.290169 0.581945 474.95 0 0
1500 1.74669 27.8912 17.8917 -0.897898 0.45715 476.908 0 0
1500 73.3082 72.1614 17.9402 0.319647 1.21127 472.253 0 0
1500 10.8776 -6.37555 17.9199 -0.7862 -0.102168 475.851 0 0
1500 107.114 15.3342 17.9781 0.783559 0.217198 481.66 0 0
1500 124.232 -23.237 18.053 1.13365 -0.442498 473.037 0 0
1500 17.8443 57.4486 17.8409 -0.580641 0.943057 477.923 0 0
1500 121.143 -19.1069 17.8434 0.993546 -0.318772 481.941 0 0
1500 44.5281 -28.2204 17.874 -0.158363 -0.460436 485.821 0 0
1500 54.177 49.2463 17.9679 -0.074844 0.817911 480.317 0 0
1500 95.2244 -82.3609 17.8063 0.553858 -1.3267 482.084 0 0
1500 86.515 -20.8124 18.2274 0.435051 -0.377362 480.014 0 0
1500 54.6767 -24.1648 17.8236 -0.0945254 -0.393299 491.151 0 0
1500 116.276 -30.4914 17.9816 0.917319 -0.507373 490.249 0 0
1500 74.3429 -8.19423 18.0091 0.286011 -0.170634 494.123 0 0
1500 96.4852 -40.4466 17.9908 0.607319 -0.632846 492.462 0 0
1500 77.6666 -61.17 17.9826 0.354771 -0.967591 489.527 0 0
