Total number of secondary electrons: 1261
1500 122.808 35.1737 19.7695 1.53214 0.733917 271.641 0 0
1500 63.3242 0.0505389 18.4637 0.114117 0.0579427 279.756 0 0
1500 127.856 8.92786 19.3879 1.47738 0.181241 281.002 0 0
1500 61.329 11.3216 18.8818 0.12839 0.218232 283.323 0 0
1500 91.9526 0.807196 18.4907 0.718223 0.0588257 287.856 0 0
1500 85.8922 -11.0124 19.1003 0.584501 -0.162716 288.184 0 0
1500 96.1647 -1.68012 18.8604 0.789169 -0.102973 291.11 0 0
1500 80.3226 -1.07968 18.489 0.487252 -0.0533383 291.787 0 0
1500 76.9467 13.1693 18.8094 0.382035 0.241376 292.053 0 0
1500 72.3635 -5.03062 18.4246 0.292254 -0.00619308 292.175 0 0
1500 67.1395 0.629742 17.9626 0.224459 0.0448826 293.212 0 0
1500 80.011 -15.1255 19.3154 0.552487 -0.31544 294.248 0 0
1500 82.027 -39.2066 18.8498 0.52054 -0.873578 294.52 0 0
1500 29.9859 9.42643 17.9118 -0.480764 0.200721 297.048 0 0
1500 76.2118 7.61043 18.7418 0.45587 0.146363 297.415 0 0
1500 84.4574 -6.53675 18.8692 0.541431 -0.106125 297.443 0 0
1500 86.2188 19.3034 17.9861 0.480625 0.281514 297.691 0 0
1500 14.8101 17.8739 17.9024 -0.707842 0.327901 297.807 0 0
1500 75.139 16.9061 17.9901 0.324398 0.246945 298 0 0
1500 56.4798 57.6215 17.8953 -0.068162 0.926156 298.591 0 0
1500 47.5221 -17.9573 18.3361 -0.168292 -0.260564 298.866 0 0
1500 59.2604 -33.4082 17.8426 0.0931911 -0.552893 298.931 0 0
1500 52.3733 63.5153 17.8908 -0.128839 1.00349 299.377 0 0
1500 17.3866 50.8646 17.8894 -0.648338 0.808747 299.819 0 0
1500 131.915 89.3067 18.023 1.27083 1.61049 300.225 0 0
1500 43.1888 65.1499 17.8888 -0.262786 1.01424 300.281 0 0
1500 75.0462 -21.3418 18.37 0.329833 -0.35154 300.681 0 0
1500 73.5405 10.1613 18.9142 0.39379 0.218797 300.845 0 0
1500 102.941 -3.169 18.8886 0.845247 -0.0884741 300.885 0 0
1500 102.187 -12.1195 18.8881 0.833628 -0.217455 300.946 0 0
1500 52.1429 -21.3818 18.0841 -0.128453 -0.297652 301.082 0 0
1500 82.4315 -9.60174 18.9573 0.56481 -0.180313 301.69 0 0
1500 54.818 17.2943 18.4816 -0.0368845 0.262039 301.708 0 0
1500 44.1052 38.7967 18.0745 -0.249835 0.624491 301.777 0 0
1500 15.4405 13.3196 18.0724 -0.685796 0.234822 301.947 0 0
1500 16.0922 44.4373 17.8945 -0.645128 0.689161 302.16 0 0
1500 51.4244 -37.5133 18.1161 -0.0914204 -0.657826 302.354 0 0
1500 113.209 -35.7926 17.8212 0.876907 -0.555802 302.788 0 0
1500 134.333 43.0109 18.0391 1.35397 0.669176 302.846 0 0
1500 49.3294 13.638 18.7818 -0.126146 0.278933 302.846 0 0
1500 53.3984 -50.3164 17.8866 -0.125264 -0.87276 302.956 0 0
1500 28.9058 -2.17658 18.0949 -0.548631 0.0103531 303.375 0 0
1500 82.0892 -36.0633 18.165 0.376368 -0.637819 303.422 0 0
1500 43.9118 21.9075 18.1254 -0.22987 0.39317 304 0 0
1500 41.2156 24.9039 18.1238 -0.270789 0.438408 304.113 0 0
1500 239.35 -11.4699 18.2475 3.30863 -0.155579 304.136 0 0
1500 98.4588 24.719 18.0204 0.710372 0.344301 304.429 0 0
1500 94.0513 32.6691 17.8855 0.514362 0.563443 304.731 0 0
1500 84.6147 -11.6593 18.2254 0.443199 -0.223422 304.902 0 0
1500 99.0427 -26.183 18.3158 0.804254 -0.416861 304.822 0 0
1500 68.651 -1.17758 17.9329 0.176142 0.0596397 305.215 0 0
1500 12.9523 35.5707 17.8772 -0.721398 0.599548 305.651 0 0
1500 111.829 53.5437 18.2582 0.992191 0.969752 305.982 0 0
1500 82.2992 58.5863 17.874 0.326579 0.940787 306.172 0 0
1500 87.7661 -12.3008 18.7526 0.626168 -0.19646 306.317 0 0
1500 94.2373 16.2599 18.1499 0.653374 0.247828 306.336 0 0
1500 73.9843 36.4461 18.1961 0.303175 0.626645 306.312 0 0
1500 105.54 15.5412 17.9159 0.737009 0.314232 306.5 0 0
1500 18.9372 50.5058 17.8724 -0.622058 0.814448 306.571 0 0
1500 85.5126 -30.8405 18.6692 0.598259 -0.662331 306.779 0 0
1500 118.506 6.08129 19.0658 1.23401 0.0916862 306.878 0 0
1500 1.24688 9.84467 17.8443 -0.931958 0.13102 307.115 0 0
1500 80.4135 23.3685 18.1134 0.37139 0.433682 307.127 0 0
1500 24.6415 -2.15651 17.9248 -0.552092 0.0351965 307.209 0 0
1500 47.2527 15.9699 17.88 -0.230151 0.275645 307.249 0 0
1500 74.8714 54.8375 17.9091 0.26462 0.90438 307.295 0 0
1500 52.2998 66.4555 17.871 -0.122205 1.04096 307.329 0 0
1500 64.3065 7.7832 18.6855 0.156159 0.171089 307.374 0 0
1500 84.9781 3.93452 18.7766 0.536657 0.0269152 307.395 0 0
1500 70.2744 9.53549 18.7886 0.263698 0.270104 307.583 0 0
1500 36.9565 58.3268 17.906 -0.306058 0.949764 307.807 0 0
1500 66.7473 31.8628 17.8762 0.0662532 0.509779 308.222 0 0
1500 59.0556 30.9583 17.9737 -0.0254952 0.527919 308.386 0 0
1500 88.895 -19.3444 18.6943 0.603345 -0.380756 308.563 0 0
1500 48.0387 10.2003 18.6089 -0.166074 0.154186 308.936 0 0
1500 35.061 55.4075 17.8776 -0.366372 0.853258 309.271 0 0
1500 60.7677 60.9676 17.8774 0.00281728 0.933617 309.233 0 0
1500 82.2047 17.1777 18.5949 0.503365 0.316514 309.231 0 0
1500 87.8699 13.8059 18.6732 0.57029 0.202686 309.543 0 0
1500 41.9122 9.56074 18.6475 -0.266569 0.217769 309.453 0 0
1500 46.4146 51.6402 17.8831 -0.201385 0.791563 309.939 0 0
1500 86.2964 -22.3184 18.9765 0.571065 -0.395287 309.969 0 0
1500 56.2224 65.1665 17.9048 -0.0165786 1.01973 309.94 0 0
1500 64.093 3.46579 18.2998 0.118601 -0.0146549 309.998 0 0
1500 84.3203 -1.9266 18.1569 0.480157 -0.0205214 310.029 0 0
1500 73.8001 -4.89405 18.2977 0.266394 -0.142115 310.133 0 0
1500 27.0876 12.5818 17.9619 -0.498412 0.26936 310.263 0 0
1500 78.9986 -3.56456 18.3629 0.398188 -0.0776001 310.344 0 0
1500 72.352 19.7246 18.46 0.266642 0.365015 310.28 0 0
1500 73.8515 -11.5159 18.7836 0.318716 -0.231805 310.393 0 0
1500 -27.3455 99.4267 18.2747 -1.61132 1.78483 310.425 0 0
1500 93.2684 16.6414 18.7876 0.639238 0.336795 310.486 0 0
1500 34.8062 47.3417 17.8353 -0.388683 0.791034 310.651 0 0
1500 87.2782 22.6954 18.4545 0.488423 0.407261 310.686 0 0
1500 67.6978 64.3073 17.8375 0.165594 1.02877 310.747 0 0
1500 113.702 -19.9564 17.9207 0.924551 -0.310839 311.102 0 0
1500 21.1041 -32.0954 17.8842 -0.632143 -0.467425 311.118 0 0
1500 41.5128 44.0017 17.8108 -0.189182 0.714238 311.125 0 0
1500 17.2006 -69.5008 17.8403 -0.692237 -1.0415 311.157 0 0
1500 72.2889 -20.6525 18.4882 0.240452 -0.357221 311.201 0 0
1500 64.9353 53.8872 17.9139 0.107747 0.837925 311.408 0 0
1500 86.5848 -2.58865 18.5402 0.593985 -0.0282287 311.453 0 0
1500 100.149 51.2079 17.8374 0.640969 0.824146 311.537 0 0
1500 35.7624 54.9358 17.8765 -0.401803 0.856152 312.004 0 0
1500 5.88159 27.6182 17.956 -0.829474 0.459617 312.158 0 0
1500 7.5304 30.5219 17.8758 -0.827711 0.485791 312.116 0 0
1500 84.1737 101.246 17.825 0.41726 1.55023 312.48 0 0
1500 64.7912 42.0738 18.0335 0.0501477 0.739983 312.451 0 0
1500 88.964 -2.30235 18.5683 0.622773 0.00246908 312.489 0 0
1500 107.914 -7.4598 18.7306 1.10664 -0.167797 312.51 0 0
1500 -5.41885 -0.0618276 17.8727 -1.01436 0.0234534 312.705 0 0
1500 39.2489 19.8851 17.8738 -0.315534 0.32088 312.806 0 0
1500 76.6597 20.2778 18.5272 0.437545 0.337185 312.945 0 0
1500 83.0046 12.3159 18.5265 0.532015 0.217951 312.997 0 0
1500 61.7585 7.005 17.9329 0.0611207 0.166931 313.045 0 0
1500 77.1418 -19.0112 17.9135 0.327377 -0.251151 313.152 0 0
1500 23.8746 57.1161 17.8711 -0.570725 0.872321 313.278 0 0
1500 118.656 -8.6683 18.2243 1.08494 -0.111023 313.355 0 0
1500 94.9563 -3.88405 18.7658 0.678941 -0.125415 313.885 0 0
1500 107.682 11.1195 18.288 0.865257 0.270555 313.802 0 0
1500 87.3377 -36.364 18.16 0.474184 -0.623657 314.105 0 0
1500 85.775 38.5874 17.9593 0.456785 0.663159 314.179 0 0
1500 -1.1827 22.6335 17.8306 -0.889119 0.391953 314.276 0 0
1500 70.1696 -12.3101 18.5494 0.283656 -0.259505 314.648 0 0
1500 83.8783 -25.9402 18.0174 0.375697 -0.460539 314.699 0 0
1500 106.695 5.49472 18.2589 0.831168 0.137171 314.845 0 0
1500 92.0793 57.8896 17.9113 0.495323 0.92002 314.94 0 0
1500 23.1676 -22.6825 18.014 -0.555424 -0.408769 314.967 0 0
1500 67.5519 59.7753 17.9504 0.175697 0.969349 315.331 0 0
1500 38.4665 40.5226 17.843 -0.308675 0.637134 315.763 0 0
1500 66.518 6.33117 18.7099 0.177357 0.130052 315.719 0 0
1500 69.3726 8.08344 18.5361 0.220112 0.182754 315.72 0 0
1500 87.0568 -27.5246 18.3555 0.565244 -0.456735 316.016 0 0
1500 75.0574 3.15502 18.5512 0.379513 0.0202652 316.173 0 0
1500 84.6666 -16.3937 18.2976 0.490648 -0.226134 316.365 0 0
1500 64.3399 -11.0894 18.6864 0.154071 -0.217721 316.448 0 0
1500 67.6882 53.2923 18.1308 0.183337 0.874361 316.339 0 0
1500 136.696 16.5597 17.8803 1.35958 0.264527 316.371 0 0
1500 93.0086 56.1395 17.9469 0.54439 0.893587 316.918 0 0
1500 -5.55543 16.3309 17.8132 -0.988652 0.19807 316.944 0 0
1500 90.511 57.5645 17.947 0.507112 0.913185 317.012 0 0
1500 101.804 49.0139 17.9479 0.668214 0.783416 317.426 0 0
1500 108.386 -6.88593 18.1114 0.851645 -0.154118 317.823 0 0
1500 58.873 18.4925 18.3961 -0.03559 0.333649 317.863 0 0
1500 62.0083 49.5743 17.9223 0.134736 0.825145 318.065 0 0
1500 9.17058 -18.0332 17.8231 -0.758003 -0.296368 318.4 0 0
1500 218.46 0.0869882 18.2417 2.99687 0.0255757 318.568 0 0
1500 96.0305 3.93524 18.5666 0.666054 0.0871825 318.731 0 0
1500 58.8058 2.91619 18.7324 0.0631493 0.0135475 318.814 0 0
1500 94.0397 2.76315 18.3001 0.61053 0.0754477 319.123 0 0
1500 42.4336 9.76901 18.1882 -0.230836 0.216449 319.065 0 0
1500 117.692 -19.0125 17.9298 0.966372 -0.324407 319.215 0 0
1500 67.357 28.8617 18.1452 0.204466 0.514729 319.609 0 0
1500 133.185 -23.789 18.1004 1.30703 -0.437933 319.835 0 0
1500 59.215 -45.0458 17.9116 -0.0350054 -0.735273 319.864 0 0
1500 126.991 5.74911 18.1355 1.21998 0.129126 319.951 0 0
1500 34.2667 -6.16565 17.9385 -0.43367 -0.0971942 320.058 0 0
1500 43.1154 17.6889 18.6523 -0.235629 0.359777 320.041 0 0
1500 33.59 24.6919 18.0934 -0.363765 0.45096 320.242 0 0
1500 54.0244 34.455 17.9357 -0.126565 0.531765 320.255 0 0
1500 54.2438 11.1317 18.2935 -0.0405371 0.232723 320.344 0 0
1500 93.1377 -21.3566 17.8757 0.623405 -0.319823 320.364 0 0
1500 89.971 -13.9137 18.9496 0.607881 -0.287694 320.553 0 0
1500 116.329 -34.9473 17.8267 0.858442 -0.59363 320.706 0 0
1500 74.6155 17.755 18.8261 0.34076 0.301354 320.968 0 0
1500 89.0593 -58.9035 17.8265 0.450895 -0.946061 320.986 0 0
1500 85.6312 -15.73 18.3311 0.541189 -0.285147 321.245 0 0
1500 46.3172 -21.7134 18.3047 -0.167791 -0.385453 321.138 0 0
1500 60.2495 33.8998 18.15 -0.00722026 0.645324 321.123 0 0
1500 96.0972 27.4071 18.5039 0.681554 0.476155 321.462 0 0
1500 94.511 -4.52561 18.524 0.683081 -0.123486 321.534 0 0
1500 59.2639 -33.2246 17.942 0.0908387 -0.564589 321.552 0 0
1500 108.083 -45.5316 17.8271 0.725346 -0.740436 321.672 0 0
1500 88.3033 -15.7832 17.9406 0.538807 -0.294536 321.656 0 0
1500 41.6024 18.5117 17.9186 -0.308853 0.327599 321.728 0 0
1500 74.0724 17.0055 18.2523 0.323655 0.276517 321.874 0 0
1500 93.7595 -8.83092 18.2445 0.650298 -0.0812958 321.957 0 0
1500 61.9458 4.66683 18.1521 0.0890673 0.132845 322.427 0 0
1500 107.712 7.5949 17.9319 0.828524 0.0654454 322.422 0 0
1500 18.8145 -53.2401 17.8925 -0.60312 -0.928359 322.443 0 0
1500 56.8421 -14.1466 18.3665 -0.0173748 -0.244884 322.574 0 0
1500 91.8576 -30.2096 17.9427 0.609172 -0.462232 322.71 0 0
1500 92.3092 -10.0817 18.5786 0.615583 -0.167045 322.935 0 0
1500 63.101 11.4126 18.381 0.0735847 0.172978 323.121 0 0
1500 88.4723 11.5354 18.3465 0.659221 0.25203 323.432 0 0
1500 49.1737 -5.03828 18.4456 -0.127213 -0.0915474 323.543 0 0
1500 85.2767 -25.6486 19.2038 0.606968 -0.471044 323.606 0 0
1500 114.738 -26.0338 17.9224 0.916119 -0.438075 323.822 0 0
1500 14.4091 38.2014 17.8999 -0.706119 0.611919 323.864 0 0
1500 67.1784 -0.71162 18.0858 0.165399 -0.0878497 323.919 0 0
1500 97.3987 -27.7879 17.8639 0.664799 -0.461806 324.302 0 0
1500 95.9567 47.4029 18.1473 0.666582 0.885191 324.272 0 0
1500 87.0165 -3.20378 17.917 0.47215 -0.0052424 324.466 0 0
1500 107.929 -13.3722 17.8618 0.819862 -0.242246 324.655 0 0
1500 77.1367 21.067 18.7929 0.364216 0.348422 324.7 0 0
1500 112.468 -36.2649 17.9205 0.870731 -0.583162 324.705 0 0
1500 67.6604 15.9881 18.7961 0.236633 0.279529 324.951 0 0
1500 109.524 37.7901 17.8932 0.774382 0.641046 324.969 0 0
1500 70.5084 13.1362 18.0654 0.175372 0.264049 324.926 0 0
1500 93.1082 -32.7643 18.0692 0.555493 -0.572302 325.188 0 0
1500 36.7761 -18.63 18.1831 -0.359067 -0.393085 325.439 0 0
1500 8.5069 36.5289 17.8983 -0.774941 0.572439 325.549 0 0
1500 117.091 17.8796 17.9655 0.96967 0.236208 325.542 0 0
1500 8.88289 0.339745 17.9624 -0.802299 0.0352159 325.454 0 0
1500 26.8611 -35.3167 17.92 -0.47653 -0.616744 325.64 0 0
1500 50.9467 14.56 17.852 -0.168836 0.279656 325.672 0 0
1500 90.6933 -0.235473 17.9823 0.543127 0.0709381 325.889 0 0
1500 20.8414 -38.7336 17.9157 -0.564946 -0.664626 326.078 0 0
1500 75.5215 -1.1712 18.5245 0.374342 0.0232016 326.298 0 0
1500 99.355 -18.3572 18.0391 0.730057 -0.296513 326.314 0 0
1500 70.7201 -27.3843 18.2523 0.245516 -0.491935 326.433 0 0
1500 23.8977 23.8151 17.8405 -0.584369 0.418954 326.513 0 0
1500 12.0058 -37.5048 17.912 -0.694391 -0.641327 326.549 0 0
1500 12.5465 1.48335 17.9303 -0.699932 0.0195655 326.585 0 0
1500 104.235 12.1752 18.4339 0.814672 0.234351 326.607 0 0
1500 113.492 29.0263 17.9365 0.892567 0.488033 326.645 0 0
1500 88.4351 43.1724 18.2313 0.518083 0.718236 326.643 0 0
1500 108.684 -6.82284 18.0351 0.866413 -0.120396 326.73 0 0
1500 15.8929 26.27 17.8354 -0.702811 0.453524 326.99 0 0
1500 86.971 44.85 17.8355 0.386919 0.73851 326.977 0 0
1500 122.292 -11.9956 17.9629 1.02333 -0.205498 327.117 0 0
1500 84.1156 -4.21243 18.2836 0.435483 -0.136247 327.176 0 0
1500 80.3841 11.2152 18.4201 0.379617 0.2386 327.104 0 0
1500 90.856 -34.6736 18.2122 0.551462 -0.595894 327.443 0 0
1500 102.927 -33.3324 17.9673 0.713321 -0.621626 327.651 0 0
1500 91.1209 1.59201 19.2275 0.717662 -0.0119368 327.806 0 0
1500 79.0167 55.7908 17.8306 0.251781 0.898787 327.75 0 0
1500 36.1915 26.9571 18.2147 -0.344791 0.519768 327.73 0 0
1500 77.911 -32.402 18.3995 0.369429 -0.560533 327.91 0 0
1500 100.321 -19.167 17.8669 0.670521 -0.313282 328.097 0 0
1500 121.865 14.7568 17.9621 1.02807 0.204854 328.037 0 0
1500 89.8642 55.4853 17.8279 0.424694 0.887815 327.988 0 0
1500 0.457732 -39.0456 18.0235 -1.00537 -0.608581 328.094 0 0
1500 74.479 -33.9289 17.9411 0.295886 -0.522305 328.138 0 0
1500 121.161 -10.6315 18.0588 1.02855 -0.177064 328.351 0 0
1500 29.4184 5.97628 18.0471 -0.489765 0.0897047 328.226 0 0
1500 88.0704 -5.56251 17.9046 0.520807 -0.143693 328.465 0 0
1500 34.6685 -39.9711 17.8239 -0.32298 -0.676286 328.496 0 0
1500 105.806 -30.9807 17.9708 0.763425 -0.470926 328.835 0 0
1500 26.7134 51.6854 17.8508 -0.538911 0.810343 328.908 0 0
1500 83.7292 105.474 17.8545 0.437444 1.72215 328.756 0 0
1500 79.36 5.65201 17.8785 0.364335 0.041394 329.259 0 0
1500 54.9316 3.08703 18.1364 -0.0803525 0.111612 329.225 0 0
1500 25.921 53.2516 17.8234 -0.559096 0.81556 329.512 0 0
1500 16.296 -26.9768 17.9771 -0.689094 -0.432468 329.495 0 0
1500 47.8892 -31.8294 18.0653 -0.202049 -0.494352 329.484 0 0
1500 75.7384 44.8618 18.1667 0.321573 0.835286 329.639 0 0
1500 94.0455 -16.1278 18.2648 0.60176 -0.269347 329.933 0 0
1500 74.9462 43.6368 17.9094 0.327044 0.718747 329.989 0 0
1500 93.6616 13.9925 17.9831 0.580176 0.166807 330.074 0 0
1500 121.567 -12.4016 17.9531 1.01555 -0.228922 330.132 0 0
1500 56.0529 -26.5257 18.1358 -0.0621515 -0.434835 330.064 0 0
1500 98.2482 -37.8692 17.8178 0.624152 -0.625045 330.527 0 0
1500 42.2707 -58.08 17.8703 -0.216059 -0.95091 330.38 0 0
1500 79.2329 -5.60254 18.3542 0.448627 -0.133134 330.319 0 0
1500 138.3 -12.0731 18.1756 1.40143 -0.162273 330.469 0 0
1500 87.3028 45.6882 18.0888 0.449308 0.79716 330.632 0 0
1500 96.8472 33.5421 18.0737 0.615932 0.582224 330.689 0 0
1500 72.8279 -8.73884 18.2471 0.316481 -0.200007 330.697 0 0
1500 124.581 -4.72776 17.8365 1.02947 -0.020012 330.788 0 0
1500 83.5177 21.9909 18.1161 0.371992 0.390832 330.799 0 0
1500 71.2476 60.1902 18.0376 0.215267 0.970422 331.027 0 0
1500 99.965 43.1604 17.9292 0.714227 0.680156 331.183 0 0
1500 93.4048 -22.2322 18.1337 0.593531 -0.411617 331.313 0 0
1500 73.322 28.1922 18.5292 0.347128 0.490636 331.648 0 0
1500 102.433 8.38939 18.7216 0.882807 0.110475 331.979 0 0
1500 39.8423 -59.7424 17.9141 -0.274936 -0.96763 332.114 0 0
1500 107.948 -29.4421 17.9594 0.800324 -0.511966 332.099 0 0
1500 53.8842 -7.11528 17.9361 -0.0568487 -0.167743 332.277 0 0
1500 22.9011 47.8375 17.854 -0.566983 0.715011 332.354 0 0
1500 93.0791 -23.4398 17.8272 0.532327 -0.400543 332.516 0 0
1500 93.1172 -49.7229 17.957 0.573472 -0.812287 332.511 0 0
1500 92.1973 -29.0825 17.8261 0.601725 -0.433204 332.356 0 0
1500 46.5942 14.0441 18.2402 -0.193038 0.187837 332.87 0 0
1500 163.598 21.6927 18.2592 1.88484 0.390901 332.999 0 0
1500 82.5269 15.877 18.4126 0.470641 0.232646 333.034 0 0
1500 157.334 86.0974 17.8702 1.56855 1.45539 333.155 0 0
1500 80.2594 44.5781 18.1592 0.390141 0.720479 333.307 0 0
1500 135.474 -16.3035 17.8082 1.13214 -0.292263 333.525 0 0
1500 64.3161 -51.7866 17.9938 0.124232 -0.860045 333.362 0 0
1500 100.716 -41.0184 17.8166 0.721633 -0.607691 333.396 0 0
1500 71.6575 -26.1487 18.2812 0.331479 -0.477927 333.602 0 0
1500 41.7514 4.97968 18.5485 -0.292746 0.0560251 333.605 0 0
1500 56.4247 34.8785 18.3465 0.00917671 0.712643 333.557 0 0
1500 66.6206 21.4787 17.8822 0.136639 0.369355 333.695 0 0
1500 23.6796 12.6398 17.8678 -0.544847 0.205545 333.755 0 0
1500 96.769 18.0988 17.8627 0.589317 0.355807 333.845 0 0
1500 88.5556 -3.10904 18.1149 0.51074 -0.0864834 334.098 0 0
1500 106.388 -21.6778 17.9715 0.825877 -0.340561 334.037 0 0
1500 71.25 -7.30005 17.8455 0.280749 -0.139465 334.048 0 0
1500 117.114 34.9622 18.2084 1.05876 0.655278 334.041 0 0
1500 36.0474 -28.6114 17.8425 -0.378891 -0.391612 334.299 0 0
1500 38.5368 44.7497 17.8639 -0.242039 0.742834 334.306 0 0
1500 85.4698 -13.826 18.4047 0.439594 -0.256875 334.457 0 0
1500 24.9405 -4.1221 17.8428 -0.53508 -0.046916 334.318 0 0
1500 93.9895 31.0093 17.8627 0.60893 0.530799 334.419 0 0
1500 95.977 11.8441 18.0211 0.675143 0.193621 334.509 0 0
1500 44.6708 -15.041 18.2765 -0.221201 -0.220824 334.608 0 0
1500 61.4106 18.0338 18.1597 -0.0321171 0.319801 334.6 0 0
1500 76.2442 22.5357 18.0243 0.237574 0.384013 334.811 0 0
1500 67.7582 -6.68391 18.2597 0.202508 -0.157135 335.005 0 0
1500 107.927 25.065 17.9446 0.785709 0.394801 335.118 0 0
1500 111.565 25.9879 17.8517 0.803873 0.469497 334.974 0 0
1500 21.026 -129.164 17.8388 -0.612991 -2.07858 334.998 0 0
1500 56.9995 -36.3842 17.9161 0.0273177 -0.572769 335.31 0 0
1500 97.4483 8.058 18.2528 0.724297 0.10793 335.175 0 0
1500 108.61 2.4631 17.8837 0.800333 -0.0366887 335.19 0 0
1500 63.7825 -8.4676 17.9631 0.0724022 -0.19979 335.187 0 0
1500 53.334 20.6113 17.9329 -0.039074 0.395024 335.251 0 0
1500 92.2925 5.57749 18.7288 0.626479 0.155763 335.437 0 0
1500 76.7966 11.9016 18.4649 0.391256 0.192189 335.717 0 0
1500 65.5413 -52.6026 17.9234 0.104112 -0.816571 335.729 0 0
1500 101.55 -36.3425 17.9628 0.66565 -0.582314 335.925 0 0
1500 52.5001 -101.909 17.8507 -0.0788259 -1.67833 335.895 0 0
1500 53.8385 19.2003 18.528 -0.0211422 0.344546 336.084 0 0
1500 54.6933 -57.7873 17.8765 -0.025706 -0.947904 336.032 0 0
1500 102.52 9.92955 17.9215 0.716075 0.225914 336.113 0 0
1500 60.4049 -26.8332 18.0301 0.0365499 -0.504493 336.132 0 0
1500 82.8252 -28.4188 17.9329 0.34522 -0.467289 336.613 0 0
1500 103.909 10.8404 18.3285 0.820539 0.185245 336.534 0 0
1500 100.092 24.4093 18.3279 0.762849 0.386979 336.606 0 0
1500 90.9728 -37.7032 18.195 0.602942 -0.609844 336.573 0 0
1500 95.9514 -49.4902 17.8732 0.593276 -0.815051 336.624 0 0
1500 61.3201 15.6421 18.4968 0.0664218 0.260655 336.78 0 0
1500 85.742 -70.5076 17.924 0.397438 -1.16639 336.801 0 0
1500 100.035 -47.8815 17.8723 0.652348 -0.788295 336.847 0 0
1500 23.3209 -32.8603 17.9476 -0.535978 -0.560242 336.918 0 0
1500 115.454 -4.9216 17.8214 0.89975 -0.146879 336.883 0 0
1500 98.2974 -51.2724 17.8606 0.661362 -0.75648 336.996 0 0
1500 76.7385 -19.8091 18.0561 0.364733 -0.365006 337.032 0 0
1500 27.6689 -22.9979 17.9056 -0.487479 -0.427089 337.165 0 0
1500 130.983 30.6332 18.4856 1.38285 0.568379 337.209 0 0
1500 83.638 -7.45859 18.0216 0.432098 -0.0604186 337.248 0 0
1500 109.148 -42.8525 17.8817 0.831386 -0.631938 337.27 0 0
1500 63.5872 -88.2535 17.841 0.116067 -1.37758 337.283 0 0
1500 124.017 15.0227 18.2235 1.13651 0.234715 337.266 0 0
1500 107.752 11.1376 17.8229 0.844186 0.194759 337.342 0 0
1500 84.5154 -4.49239 17.8747 0.413926 -0.00514819 337.488 0 0
1500 -4.90827 10.3948 17.9737 -1.14066 0.185977 337.46 0 0
1500 86.1009 62.4056 17.8887 0.437508 1.04175 337.556 0 0
1500 63.6779 22.4085 18.4352 0.0898643 0.343604 337.801 0 0
1500 56.6204 45.5473 17.8454 0.0495955 0.733674 337.686 0 0
1500 48.7256 25.786 17.8423 -0.21965 0.42602 337.738 0 0
1500 102.707 -37.8498 18.3406 0.872979 -0.661685 337.746 0 0
1500 18.8398 12.9974 18.0172 -0.643141 0.235216 337.89 0 0
1500 11.7422 21.2181 17.8327 -0.778706 0.362036 337.876 0 0
1500 56.5141 -25.2238 17.8263 -0.0996415 -0.421481 337.933 0 0
1500 34.7121 -31.2468 17.9358 -0.321827 -0.554834 338.032 0 0
1500 80.8437 59.9182 17.853 0.385434 0.92192 338.117 0 0
1500 -3.62169 -5.04845 17.8714 -0.993637 -0.0909956 338.093 0 0
1500 105.23 42.6167 17.8531 0.739262 0.670659 338.13 0 0
1500 119.447 -27.2561 17.8139 0.934556 -0.474073 338.712 0 0
1500 -6.7085 8.69864 17.8692 -1.03039 0.114521 338.715 0 0
1500 91.3213 -22.1566 18.1338 0.559868 -0.411606 338.573 0 0
1500 65.2602 32.3161 18.2426 0.13588 0.561151 338.881 0 0
1500 44.0827 -21.2279 18.2056 -0.22062 -0.375893 338.598 0 0
1500 67.3568 -51.9204 17.8324 0.0751662 -0.831593 338.596 0 0
1500 38.385 -45.0773 17.8969 -0.363261 -0.718308 338.734 0 0
1500 95.7733 -16.9222 17.8886 0.652476 -0.216965 338.859 0 0
1500 96.5429 17.6411 17.8867 0.662759 0.315439 339.014 0 0
1500 103.303 -7.36807 17.8097 0.753587 -0.0629221 339.036 0 0
1500 94.7292 -30.5263 17.9315 0.641319 -0.501858 339.082 0 0
1500 75.2996 -63.5015 17.8143 0.277497 -1.0027 339.305 0 0
1500 27.3548 -58.8346 17.8479 -0.462916 -0.939322 339.183 0 0
1500 73.9779 -64.4729 17.8481 0.223585 -1.01966 339.366 0 0
1500 118.744 -29.8773 17.8154 0.965094 -0.407305 339.328 0 0
1500 99.6315 11.2119 18.2578 0.754695 0.187294 339.444 0 0
1500 73.0086 -57.6497 17.8927 0.19527 -0.93439 339.543 0 0
1500 73.9658 -61.2337 17.8252 0.174034 -0.960724 339.525 0 0
1500 106.305 -1.79604 17.8835 0.809257 0.0162516 339.314 0 0
1500 -59.5842 -82.5161 17.8688 -1.9881 -1.32774 339.617 0 0
1500 76.4782 -23.943 18.5152 0.358015 -0.38819 339.863 0 0
1500 11.3691 -47.2801 17.8489 -0.69288 -0.762847 339.734 0 0
1500 40.9755 -17.0861 18.3385 -0.252032 -0.30589 339.725 0 0
1500 76.4258 -12.4443 17.9808 0.378614 -0.173836 339.82 0 0
1500 40.2888 33.9823 18.3253 -0.315255 0.698697 339.821 0 0
1500 107.01 44.3231 17.8263 0.788193 0.68943 340.027 0 0
1500 10.9595 39.9166 17.8048 -0.786124 0.577951 340.018 0 0
1500 33.8735 -6.11047 18.3326 -0.376151 -0.102317 339.925 0 0
1500 78.5381 11.4018 18.1577 0.358338 0.215452 340.083 0 0
1500 62.086 -9.33342 17.9926 0.142226 -0.140785 340.098 0 0
1500 79.6544 9.33943 18.0988 0.380442 0.177026 340.282 0 0
1500 96.5205 -51.7329 17.8514 0.546878 -0.820367 340.366 0 0
1500 47.7207 -24.4124 18.2359 -0.113431 -0.435558 340.39 0 0
1500 47.5413 -61.9464 17.8845 -0.102834 -0.989614 340.376 0 0
1500 101.445 40.3191 17.8753 0.723515 0.651204 340.334 0 0
1500 114.896 -27.5008 17.818 0.843021 -0.491035 340.134 0 0
1500 17.1085 4.91015 17.9362 -0.691832 0.086046 340.142 0 0
1500 33.8475 29.5366 17.957 -0.35146 0.531737 340.391 0 0
1500 42.3491 -20.2012 17.8159 -0.327254 -0.312119 340.095 0 0
1500 54.3107 25.0418 18.2082 -0.0906283 0.497237 340.413 0 0
1500 63.0082 -5.65227 17.848 0.0994179 -0.0159909 340.621 0 0
1500 91.6915 -35.753 17.832 0.5455 -0.531106 340.522 0 0
1500 9.87181 -42.887 17.8717 -0.762242 -0.635753 340.591 0 0
1500 -4.64517 -13.7748 17.8715 -0.973137 -0.214234 340.546 0 0
1500 90.9616 77.2403 17.914 0.502692 1.22074 340.536 0 0
1500 103.071 41.4865 17.8738 0.744998 0.666102 340.603 0 0
1500 38.73 58.8602 17.8121 -0.355894 0.929056 340.572 0 0
1500 89.1089 -10.0736 17.987 0.520451 -0.229364 340.56 0 0
1500 34.0758 27.9682 18.2413 -0.44086 0.435683 340.513 0 0
1500 90.1765 -53.08 17.8533 0.452807 -0.835857 340.698 0 0
1500 22.018 57.3385 17.8016 -0.611683 0.832126 340.777 0 0
1500 96.6274 -14.9321 18.2072 0.699913 -0.259956 340.693 0 0
1500 132.314 12.5519 17.7987 1.20176 0.187341 340.81 0 0
1500 92.5163 -23.4338 17.9795 0.583376 -0.426639 340.735 0 0
1500 14.2491 -40.2265 17.8554 -0.638905 -0.647696 341.005 0 0
1500 121.361 -8.40985 17.9831 1.02831 -0.145614 340.911 0 0
1500 43.0208 -33.0389 17.9174 -0.274915 -0.629802 340.898 0 0
1500 109.128 -10.6264 18.2451 0.890224 -0.255507 341.092 0 0
1500 73.037 29.9951 18.1572 0.356199 0.53269 341.1 0 0
1500 76.6753 -50.8413 17.8247 0.289623 -0.794407 341.207 0 0
1500 15.2974 -40.8728 17.8764 -0.676304 -0.600056 341.342 0 0
1500 106.754 -30.3392 17.8851 0.797313 -0.513325 341.272 0 0
1500 46.105 -39.6688 18.069 -0.226924 -0.615194 341.468 0 0
1500 65.7081 -50.7817 17.806 0.129469 -0.85329 341.392 0 0
1500 51.9152 5.40468 18.0345 -0.119741 0.0247498 341.403 0 0
1500 84.7646 55.876 17.9436 0.507815 0.953125 341.296 0 0
1500 70.7179 61.4233 18.2723 0.284852 1.07352 341.579 0 0
1500 115.631 -23.9619 17.9819 0.944161 -0.478679 341.247 0 0
1500 123.991 5.68801 17.9194 1.04614 0.0491644 341.712 0 0
1500 88.6025 49.1471 18.0018 0.518439 0.848228 341.729 0 0
1500 43.6479 -46.2272 17.8626 -0.214496 -0.725446 341.809 0 0
1500 116.342 29.6843 17.8694 0.928162 0.449291 341.841 0 0
1500 -3.73617 24.0294 17.823 -0.965521 0.316835 341.94 0 0
1500 16.8274 -52.3451 17.8854 -0.660554 -0.790372 341.975 0 0
1500 92.4368 56.6555 17.8713 0.572171 0.873968 342.126 0 0
1500 82.6981 -6.70926 18.2435 0.487099 -0.0516741 342.114 0 0
1500 26.8672 -13.1742 18.026 -0.503997 -0.261266 341.977 0 0
1500 83.682 10.9337 17.9317 0.388826 0.219718 342.521 0 0
1500 121.215 0.316022 17.9225 0.992793 -0.0214226 342.623 0 0
1500 15.6517 -22.3923 18.018 -0.669781 -0.399052 342.631 0 0
1500 96.3251 0.099276 17.9846 0.684095 -0.00334956 342.306 0 0
1500 84.8071 15.2504 17.8868 0.490204 0.206579 342.579 0 0
1500 75.2017 -24.2741 17.8869 0.342664 -0.400865 342.567 0 0
1500 144.394 8.83006 18.2671 1.58819 0.160143 342.2 0 0
1500 78.9006 -63.058 18.0393 0.411703 -1.15427 342.57 0 0
1500 72.1388 42.7807 17.8545 0.213061 0.675639 342.83 0 0
1500 118.406 18.5907 17.9563 0.983987 0.293443 342.756 0 0
1500 90.116 -36.9158 18.1048 0.586699 -0.59463 342.677 0 0
1500 108.086 11.118 17.9821 0.854157 0.179489 342.741 0 0
1500 58.453 -49.0668 18.017 -0.0179048 -0.804029 342.734 0 0
1500 23.4633 34.0699 17.9576 -0.51019 0.59688 342.684 0 0
1500 30.8463 -10.6217 17.9051 -0.477778 -0.120941 342.874 0 0
1500 76.5379 17.5286 17.9076 0.232519 0.31712 342.707 0 0
1500 36.1112 9.49398 17.895 -0.36882 0.118627 343.095 0 0
1500 51.9844 -18.0657 17.8966 -0.146718 -0.266144 343.211 0 0
1500 64.605 1.67448 18.1664 0.153403 0.10224 343.203 0 0
1500 39.9154 0.404537 18.0886 -0.316552 0.0385293 343.16 0 0
1500 40.992 -3.733 17.9068 -0.325844 -0.020153 343.057 0 0
1500 42.882 -28.8476 18.085 -0.228629 -0.450249 343.983 0 0
1500 63.4072 35.8361 17.8484 0.13818 0.538233 343.298 0 0
1500 110.718 5.59189 18.1779 0.902935 0.0545891 343.702 0 0
1500 65.1338 -49.2441 17.9269 0.163167 -0.81498 343.759 0 0
1500 58.2473 41.8722 17.9459 0.0719685 0.698111 343.337 0 0
1500 28.0087 24.3532 17.8995 -0.518468 0.419559 343.295 0 0
1500 14.4107 8.20412 17.8964 -0.725412 0.169678 343.553 0 0
1500 81.8095 -6.52157 17.8869 0.340625 -0.170996 344.05 0 0
1500 117.385 5.63894 18.1362 1.03322 0.144934 343.485 0 0
1500 83.0205 14.2621 17.8529 0.447525 0.166096 343.41 0 0
1500 41.4963 6.52808 18.1648 -0.355023 0.0858589 344.01 0 0
1500 57.5258 -8.0882 18.0626 0.0620943 -0.16581 344.435 0 0
1500 122.926 5.64172 17.8434 1.02125 0.0666418 344.245 0 0
1500 122.229 -9.1455 18.003 1.03325 -0.167048 344.168 0 0
1500 99.1096 -11.2781 18.3246 0.752142 -0.145324 344.27 0 0
1500 90.1661 36.6142 18.1486 0.535396 0.626638 344.593 0 0
1500 66.7873 47.5351 17.9683 0.0867519 0.766158 344.116 0 0
1500 106.465 11.7786 17.8287 0.818195 0.191319 344.184 0 0
1500 95.8903 -25.4379 17.9446 0.668889 -0.404536 344.416 0 0
1500 95.1095 -25.4077 17.8427 0.626853 -0.445216 344.219 0 0
1500 78.6979 -2.11758 18.0858 0.418248 -0.0704203 344.487 0 0
1500 92.2128 -24.086 17.9949 0.532503 -0.457797 344.445 0 0
1500 52.0846 34.4125 18.1217 -0.164821 0.594517 344.357 0 0
1500 38.2116 -3.64319 18.0275 -0.313655 -0.0177374 344.731 0 0
1500 48.1517 7.02338 18.0289 -0.175633 0.129928 344.832 0 0
1500 81.7724 -25.4946 18.0043 0.418495 -0.376082 344.885 0 0
1500 28.3567 34.5105 18.0135 -0.460809 0.642084 344.875 0 0
1500 99.2096 -10.8857 17.8898 0.644723 -0.113181 344.968 0 0
1500 8.99948 -29.4044 17.8383 -0.727928 -0.477356 345.552 0 0
1500 109.861 14.0338 17.9655 0.822498 0.21674 345.622 0 0
1500 93.8414 55.4016 17.9443 0.545909 0.891581 344.974 0 0
1500 99.4776 -37.1983 17.8721 0.688419 -0.576592 345.152 0 0
1500 97.3768 -18.7408 18.3978 0.6685 -0.354076 345.543 0 0
1500 107.802 33.3796 17.8219 0.827403 0.515474 345.073 0 0
1500 17.5542 -38.2257 17.9327 -0.664977 -0.616686 345.564 0 0
1500 172.82 9.902 17.8281 1.83583 0.153583 345.07 0 0
1500 70.9418 -10.8094 18.2016 0.219525 -0.237491 345.068 0 0
1500 68.2496 -43.9614 17.8288 0.206673 -0.746563 345.076 0 0
1500 89.7501 -27.5219 17.9306 0.460088 -0.494848 345.112 0 0
1500 64.926 43.3124 17.9546 0.0951222 0.670344 345.725 0 0
1500 62.9095 3.18623 17.9011 0.131389 0.084161 345.837 0 0
1500 93.8693 -2.4953 18.9582 0.737797 -0.0519762 345.856 0 0
1500 12.9709 43.8457 17.8338 -0.717509 0.664194 345.951 0 0
1500 5.99574 41.4403 17.8812 -0.820101 0.652937 346.302 0 0
1500 65.731 3.89159 18.7133 0.202163 0.126519 345.773 0 0
1500 93.2468 -56.6762 17.8188 0.600679 -0.837507 345.797 0 0
1500 53.0415 -63.8863 17.8305 -0.0203184 -1.01229 345.845 0 0
1500 101.925 45.4693 17.8902 0.706973 0.740254 346.349 0 0
1500 96.8565 15.4846 18.3192 0.701689 0.283472 346.336 0 0
1500 55.2602 -41.6102 18.2431 -0.0804467 -0.707333 346.131 0 0
1500 89.1608 12.6602 18.2578 0.546548 0.155552 346.697 0 0
1500 98.8656 -4.51778 18.8418 0.791215 -0.0979044 346.617 0 0
1500 67.3418 -29.7165 18.4393 0.221705 -0.521482 346.685 0 0
1500 99.9562 -11.1962 18.1959 0.734963 -0.22183 346.789 0 0
1500 77.1676 -20.554 18.0917 0.404543 -0.314372 346.403 0 0
1500 85.194 -1.34616 18.0818 0.523846 -0.0408832 346.616 0 0
1500 100.616 17.9636 18.2474 0.79379 0.297938 346.457 0 0
1500 82.0419 54.6183 17.8116 0.429708 0.862411 346.942 0 0
1500 120.863 2.81264 18.2095 1.09273 0.0460645 346.906 0 0
1500 49.43 -4.98278 18.3421 -0.11082 -0.10943 347.349 0 0
1500 62.3498 6.18124 18.2221 0.12647 0.133864 350.907 0 0
1500 85.924 1.90716 18.2983 0.507158 0.0206766 347.288 0 0
1500 60.9779 13.1888 18.5184 0.122845 0.245605 349.123 0 0
1500 84.8713 15.5165 17.866 0.447966 0.202673 346.98 0 0
1500 59.3799 -16.3255 17.9935 0.0584151 -0.292481 347.926 0 0
1500 67.8032 24.8781 17.8775 0.207916 0.36813 347.65 0 0
1500 75.1192 -12.7266 18.2527 0.313914 -0.236469 349.901 0 0
1500 97.094 -0.649935 17.9863 0.635636 -0.0135588 348.485 0 0
1500 98.4034 1.58448 17.9857 0.654526 0.0177683 348.426 0 0
1500 69.8904 -28.0124 17.9171 0.240918 -0.415302 348.619 0 0
1500 105.32 -8.41174 18.0051 0.7425 -0.162197 348.71 0 0
1500 73.7289 60.2169 17.9232 0.237465 0.943149 347.26 0 0
1500 50.8902 53.7281 17.9298 -0.0914689 0.83679 348.294 0 0
1500 119.904 17.4014 17.9314 0.96016 0.303512 347.339 0 0
1500 30.078 -0.857342 17.9065 -0.440962 0.0276638 349.992 0 0
1500 23.867 53.5494 17.8851 -0.545183 0.814525 347.716 0 0
1500 55.3888 24.1878 17.9808 -0.0796007 0.372673 350.559 0 0
1500 119.457 -14.3321 17.8215 0.96226 -0.19768 347.921 0 0
1500 72.7651 -0.336875 17.8464 0.275034 0.00507842 350.463 0 0
1500 121.771 1.6669 17.8205 0.998542 0.0344164 347.732 0 0
1500 104.613 -6.25623 17.8334 0.731202 -0.0788671 349.411 0 0
1500 116.85 -29.1631 17.9311 0.948091 -0.442227 347.266 0 0
1500 116.167 -21.5363 17.8332 0.892886 -0.362023 348.451 0 0
1500 98.1171 8.89613 18.0789 0.650125 0.0898915 351.195 0 0
1500 78.335 22.2902 18.8728 0.462801 0.394156 348.084 0 0
1500 36.9893 -62.0294 17.8059 -0.339959 -0.990672 347.234 0 0
1500 -8.94202 -11.7376 17.8058 -1.01963 -0.243384 347.387 0 0
1500 -3.5745 -25.1876 17.8071 -0.928829 -0.437322 348.207 0 0
1500 17.4172 -22.452 17.8767 -0.601868 -0.380402 350.631 0 0
1500 72.8919 -3.67556 18.2461 0.296032 -0.102367 353.23 0 0
1500 71.66 23.7881 17.9159 0.228674 0.396168 351.904 0 0
1500 55.8004 52.7334 17.9033 0.0069948 0.813681 350.785 0 0
1500 98.5938 61.1252 17.9061 0.66075 0.976391 347.438 0 0
1500 103.968 33.7143 17.8155 0.721642 0.516596 350.638 0 0
1500 100.138 -29.6493 17.8211 0.660835 -0.389501 351.253 0 0
1500 78.2555 60.375 17.8109 0.356017 0.90811 349.962 0 0
1500 98.3622 8.15625 18.0771 0.660278 0.0955207 353.103 0 0
1500 39.7269 52.022 17.9492 -0.298612 0.853283 348.147 0 0
1500 75.1864 8.7316 18.6397 0.42862 0.165026 349.282 0 0
1500 61.4032 -55.1204 17.9468 0.0663107 -0.854666 352.692 0 0
1500 7.43701 -18.1859 17.8854 -0.828628 -0.236413 347.965 0 0
1500 79.4623 -18.2145 18.3038 0.451624 -0.308474 348.965 0 0
1500 43.3471 6.42005 18.0369 -0.273234 0.0703027 346.979 0 0
1500 137.193 1.48516 17.8922 1.25279 -0.0234836 349.509 0 0
1500 114.119 -35.0193 17.8101 0.897227 -0.539825 350.465 0 0
1500 60.801 -34.426 17.8317 0.115756 -0.559479 347.026 0 0
1500 115.333 6.72791 17.8185 0.889855 0.0745371 352.39 0 0
1500 117.115 25.513 17.8115 0.956552 0.359731 349.397 0 0
1500 82.6369 -61.769 17.8105 0.436684 -0.944257 349.79 0 0
1500 40.7725 -36.9137 17.9898 -0.299287 -0.619086 348.008 0 0
1500 59.9424 -19.5892 17.9487 0.0348596 -0.381571 347.369 0 0
1500 28.8749 -48.6409 17.8286 -0.404633 -0.766933 352.87 0 0
1500 87.5954 -0.117061 18.1079 0.570437 0.0223588 347.126 0 0
1500 105.008 16.147 18.0911 0.818086 0.229873 349.64 0 0
1500 8.11493 39.0964 17.802 -0.826642 0.564918 349.838 0 0
1500 87.8612 -31.4908 18.1541 0.568538 -0.49288 349.735 0 0
1500 70.1273 -17.346 17.9966 0.275358 -0.306797 348.27 0 0
1500 52.9117 12.2503 17.9568 -0.0267594 0.258632 348.049 0 0
1500 31.5964 -32.8244 18.0274 -0.45266 -0.521239 349.271 0 0
1500 75.4488 12.1058 17.9143 0.352772 0.159475 348.149 0 0
1500 85.5433 -10.2511 18.6954 0.605996 -0.188313 349.042 0 0
1500 30.8607 24.7499 18.0149 -0.455627 0.425111 349.122 0 0
1500 67.2434 0.283144 18.4076 0.214199 -0.071542 349.941 0 0
1500 75.7173 -74.2328 17.8313 0.278791 -1.15655 352.467 0 0
1500 73.7496 5.95686 17.8952 0.295508 0.157615 348.19 0 0
1500 73.8646 63.0943 17.8681 0.28338 1.00006 351.338 0 0
1500 36.293 -53.2458 17.8433 -0.304521 -0.881003 349.966 0 0
1500 106.631 -41.0176 17.8385 0.753841 -0.686169 350.839 0 0
1500 103.442 -13.9966 17.8957 0.704437 -0.291717 349.343 0 0
1500 105.491 -50.9455 17.8668 0.787549 -0.868784 347.887 0 0
1500 41.7729 55.9069 17.8529 -0.217514 0.918951 350.271 0 0
1500 42.9125 31.3544 17.9985 -0.193651 0.557622 349.515 0 0
1500 21.4827 15.0682 17.9935 -0.614581 0.248873 349.758 0 0
1500 75.8283 -5.50152 18.5169 0.328199 -0.151579 351.189 0 0
1500 90.9996 16.9074 18.1142 0.615946 0.261876 350.484 0 0
1500 0.0265335 31.2593 17.8027 -0.89334 0.520068 353.188 0 0
1500 46.3028 34.9533 17.8209 -0.226792 0.607366 349.473 0 0
1500 77.9185 63.9228 17.802 0.253035 1.01385 352.208 0 0
1500 89.3291 15.7299 17.8245 0.44267 0.310378 349.205 0 0
1500 12.6473 49.3863 17.8011 -0.646448 0.805119 351.869 0 0
1500 110.585 40.5587 17.8002 0.809743 0.664992 352.672 0 0
1500 23.8153 41.4311 17.8899 -0.511396 0.72601 348.828 0 0
1500 108.908 -28.3314 18.0757 0.854361 -0.463703 352.356 0 0
1500 -5.65828 8.55766 17.8101 -1.00143 0.189597 351.982 0 0
1500 -68.1237 -129.176 17.8187 -1.98816 -1.94931 351.399 0 0
1500 53.4716 -65.601 17.8393 -0.0192604 -1.03676 352.638 0 0
1500 84.3034 -24.6244 18.1825 0.501336 -0.435451 350.668 0 0
1500 52.1763 -52.4451 17.9707 -0.0835118 -0.86987 351.607 0 0
1500 50.2049 45.922 17.8949 -0.156768 0.766294 350.968 0 0
1500 24.2278 -21.4674 17.8086 -0.604837 -0.323591 350.454 0 0
1500 48.6661 -26.5803 18.1411 -0.0994053 -0.483697 351.316 0 0
1500 -44.5421 -10.7191 17.8535 -1.61989 -0.233585 350.941 0 0
1500 71.099 -29.1638 17.851 0.280469 -0.464673 350.812 0 0
1500 72.4964 40.3528 17.8841 0.166197 0.666638 351.188 0 0
1500 87.5321 -6.21597 17.8774 0.457824 -0.174294 350.793 0 0
1500 19.5869 -44.0697 17.8591 -0.583676 -0.743313 352.518 0 0
1500 84.1307 -24.3045 18.3536 0.43579 -0.436551 353.084 0 0
1500 46.7417 23.9527 17.9099 -0.243528 0.383119 351.154 0 0
1500 8.01492 13.1192 17.8952 -0.829672 0.210667 352.387 0 0
1500 16.0822 40.5004 17.8911 -0.701199 0.623511 352.893 0 0
1500 23.3903 -42.2044 17.8946 -0.594558 -0.632596 352.451 0 0
1500 140.373 -109.479 17.9223 1.3598 -1.80425 350.19 0 0
1500 72.2281 -52.7939 17.941 0.249498 -0.872667 353.34 0 0
1500 75.601 28.0425 17.9479 0.234704 0.491396 352.146 0 0
1500 61.6197 10.1324 17.8383 0.120988 0.200922 351.686 0 0
1500 78.5687 140.113 17.8295 0.397425 2.20674 351.686 0 0
1500 127.592 27.3342 17.8759 1.20374 0.406508 349.147 0 0
1500 42.8532 12.3737 17.9539 -0.28144 0.142948 352.372 0 0
1500 72.149 12.5075 17.8948 0.304754 0.195983 352.331 0 0
1500 110.998 -25.0344 18.0713 0.880684 -0.472565 351.569 0 0
1500 99.2095 -46.6856 18.1466 0.767618 -0.765754 351.785 0 0
1500 72.8987 -49.3102 18.0563 0.323101 -0.856009 350.47 0 0
1500 26.1345 52.0171 18.2198 -0.547002 0.927381 349.981 0 0
1500 87.5318 -37.2463 18.0234 0.443444 -0.668799 351.227 0 0
1500 23.4447 117.892 18.0501 -0.562887 2.01687 351.502 0 0
1500 85.9938 -13.9439 17.985 0.461032 -0.317657 352.357 0 0
1500 88.9754 36.7076 18.2896 0.561701 0.710266 351.712 0 0
1500 81.3503 16.3563 18.9224 0.493047 0.259899 353.96 0 0
1500 61.9235 -11.9023 18.0375 0.0733217 -0.233818 353.456 0 0
1500 61.1152 -27.5653 17.9614 0.0610504 -0.454234 354.035 0 0
1500 83.6374 -27.14 17.8311 0.427041 -0.404471 353.647 0 0
1500 69.0739 -44.0625 17.8278 0.222535 -0.645773 353.359 0 0
1500 97.3837 14.1208 18.0984 0.650119 0.184296 355.034 0 0
1500 11.929 -27.6665 17.8103 -0.729756 -0.419115 353.417 0 0
1500 114.18 -20.2292 17.9766 0.884592 -0.324691 353.59 0 0
1500 93.4418 -32.6243 17.8174 0.563471 -0.498461 354.093 0 0
1500 44.9758 -49.3595 17.8503 -0.161655 -0.769683 354.439 0 0
1500 74.8065 17.356 18.7866 0.390151 0.274926 359.222 0 0
1500 32.596 51.9612 17.8417 -0.344278 0.813755 354.291 0 0
1500 75.7213 -4.55632 18.6302 0.400328 -0.0537102 358.893 0 0
1500 51.0688 35.5439 18.0845 -0.107911 0.55017 356.682 0 0
1500 99.0676 53.9671 17.8037 0.556977 0.849101 353.518 0 0
1500 77.7758 -0.084254 18.2539 0.384542 -0.0264808 358.028 0 0
1500 36.878 -10.3433 18.14 -0.305158 -0.180667 360.138 0 0
1500 108.847 -28.2093 17.8204 0.8138 -0.398808 354.032 0 0
1500 42.9695 -25.9066 17.8971 -0.208724 -0.435688 356.522 0 0
1500 43.0388 -10.0235 18.1863 -0.232005 -0.124975 358.548 0 0
1500 35.8566 0.521881 17.9086 -0.342914 0.0637299 357.414 0 0
1500 33.176 61.3806 17.8814 -0.402797 0.967047 353.417 0 0
1500 60.0719 57.2502 17.8906 -0.00507238 0.875362 355.784 0 0
1500 19.1677 48.1147 17.8864 -0.594217 0.751198 355.197 0 0
1500 3.77726 -10.0842 17.8009 -0.852686 -0.136125 355.684 0 0
1500 50.8451 67.3885 17.7933 -0.180954 0.991529 354.494 0 0
1500 34.538 64.0337 17.791 -0.425645 0.957981 353.393 0 0
1500 77.0055 19.7589 18.3315 0.353937 0.3298 359.103 0 0
1500 120.324 -1.58172 17.8765 0.968631 -0.0582154 355.424 0 0
1500 61.4401 -37.4124 17.8741 0.0469181 -0.596865 357.557 0 0
1500 59.0385 3.74576 17.8689 0.0533946 0.111323 358.241 0 0
1500 122.505 5.93697 17.9115 1.00108 0.0990048 356.622 0 0
1500 87.3062 -1.15229 18.3281 0.501878 0.0383602 359.776 0 0
1500 9.314 39.1627 17.9 -0.755915 0.653509 353.398 0 0
1500 -4.42858 12.4353 17.8867 -0.999351 0.196281 353.707 0 0
1500 2.40059 35.5593 17.7995 -0.843355 0.605325 354.101 0 0
1500 86.5767 -28.3473 17.9527 0.432747 -0.465843 358.533 0 0
1500 53.4801 -15.948 17.9616 -0.0315842 -0.288961 359.226 0 0
1500 78.8748 -62.4578 17.8252 0.284352 -1.00043 354.578 0 0
1500 112.483 -30.8194 17.9744 0.889542 -0.491719 355.14 0 0
1500 62.0901 -12.5419 18.355 0.103842 -0.237532 361.183 0 0
1500 7.5525 -42.2791 17.858 -0.800688 -0.605749 356.661 0 0
1500 103.022 -21.4268 17.8242 0.697958 -0.266411 358.295 0 0
1500 93.943 46.6549 17.8164 0.576092 0.709852 357.422 0 0
1500 52.4607 -22.1356 17.9528 -0.118193 -0.352709 359.874 0 0
1500 17.558 -27.7942 17.9382 -0.662301 -0.472881 353.597 0 0
1500 25.5859 4.30272 18.1404 -0.520775 0.0250831 353.499 0 0
1500 113.312 20.9627 17.8722 0.916228 0.317289 354.464 0 0
1500 88.3052 -33.9714 17.885 0.50429 -0.47907 358.997 0 0
1500 113.459 -30.4541 17.8887 0.906166 -0.48027 355.654 0 0
1500 95.3027 5.97616 17.9059 0.656758 0.0655771 353.454 0 0
1500 66.0346 4.65897 17.917 0.185026 0.0408178 360.494 0 0
1500 108.011 3.62889 18.0484 0.800937 0.0602547 359.858 0 0
1500 103.245 -10.3589 18.0483 0.790649 -0.147388 354.754 0 0
1500 120.962 -11.1999 18.0363 1.02829 -0.155424 356.758 0 0
1500 118.37 3.72073 17.8658 0.984138 0.084003 355.284 0 0
1500 114.977 -1.90337 18.0139 0.933393 0.0257384 355.427 0 0
1500 84.2226 33.0576 18.0255 0.438646 0.513721 360.316 0 0
1500 91.4971 -38.5176 18.005 0.538643 -0.598826 359.825 0 0
1500 49.75 -57.6212 17.9813 -0.090332 -0.941003 355.536 0 0
1500 81.4335 -22.3 17.9986 0.358201 -0.379669 360.766 0 0
1500 66.0434 -44.8452 17.9422 0.150103 -0.698457 360.048 0 0
1500 121.288 -5.87506 17.9078 0.985362 -0.0462863 358.602 0 0
1500 92.4774 56.232 17.9044 0.582358 0.870133 357.05 0 0
1500 58.0112 62.4332 17.8582 -0.0542318 0.987637 355.897 0 0
1500 74.6587 -20.0345 18.1657 0.372923 -0.323225 354.891 0 0
1500 -19.0059 35.1377 17.8265 -1.22006 0.616729 354.348 0 0
1500 34.0078 22.3808 17.8705 -0.334658 0.384384 361.026 0 0
1500 92.8713 2.65255 17.9239 0.555442 0.118261 354.466 0 0
1500 85.5688 39.7625 17.8819 0.440589 0.684546 355.406 0 0
1500 84.4458 -18.156 17.9233 0.381999 -0.34874 354.679 0 0
1500 50.6503 -44.6264 17.9145 -0.140418 -0.750947 355.381 0 0
1500 41.5082 12.754 17.928 -0.285083 0.131114 354.362 0 0
1500 107.75 -33.5796 17.8742 0.833329 -0.478283 355.672 0 0
1500 86.8011 46.9148 17.8407 0.516288 0.725021 355.968 0 0
1500 113.265 -26.1948 17.8379 0.869449 -0.368909 359.782 0 0
1500 42.4607 44.9946 17.9052 -0.198064 0.705538 361.325 0 0
1500 102.86 -0.48417 18.01 0.775557 -0.0327798 356.599 0 0
1500 69.0276 0.0862382 18.0247 0.267332 -0.0245818 355.381 0 0
1500 97.1865 55.4095 17.8211 0.654673 0.818144 358.166 0 0
1500 116.928 26.7677 17.8234 0.930473 0.386535 359.388 0 0
1500 97.674 16.9964 17.8367 0.689014 0.25887 355.511 0 0
1500 221.244 -98.9212 17.7938 2.4989 -1.43191 357.371 0 0
1500 115.291 57.5567 17.8362 0.919087 0.944635 356.096 0 0
1500 71.3696 -36.3228 17.9874 0.171379 -0.613234 355.979 0 0
1500 76.2795 -39.715 17.9847 0.246054 -0.663202 356.193 0 0
1500 52.0874 -32.1718 17.9898 -0.125415 -0.550951 355.798 0 0
1500 -2.12325 -49.4555 17.9562 -1.00242 -0.845711 353.713 0 0
1500 36.4731 -24.8492 18.0717 -0.33598 -0.369955 363.1 0 0
1500 63.2312 -19.5338 18.0755 0.0395618 -0.329297 355.85 0 0
1500 42.0347 -39.3963 17.8162 -0.288327 -0.600168 361.457 0 0
1500 35.6329 4.53271 17.8247 -0.375469 0.0239482 362.178 0 0
1500 58.4411 -63.9491 17.8016 -0.0569628 -0.980455 359.21 0 0
1500 11.2294 12.9937 17.8694 -0.783385 0.227225 356.562 0 0
1500 9.70998 35.241 17.8616 -0.794744 0.559738 357.541 0 0
1500 43.443 23.6059 17.8812 -0.294106 0.395701 355.596 0 0
1500 -4.05168 27.0751 17.886 -0.96741 0.497433 355.717 0 0
1500 121.836 -12.687 18.0424 1.04818 -0.217248 358.97 0 0
1500 92.2012 -26.7638 18.062 0.623791 -0.427889 357.561 0 0
1500 76.7642 -9.77718 18.3617 0.343512 -0.22327 357.898 0 0
1500 77.3124 -2.49017 18.3626 0.35213 -0.112897 357.84 0 0
1500 16.9005 17.377 17.8393 -0.677844 0.204061 356.654 0 0
1500 84.2284 48.541 17.9236 0.49159 0.758179 356.887 0 0
1500 108.723 -33.6938 17.8382 0.879748 -0.524859 355.023 0 0
1500 69.944 -6.95714 18.474 0.219682 -0.165512 358.241 0 0
1500 46.2268 -56.9041 17.8425 -0.15738 -0.935945 358.138 0 0
1500 93.4527 -51.4613 17.8391 0.553364 -0.84552 358.755 0 0
1500 59.7655 -16.4345 17.8645 0.0493524 -0.332491 356.144 0 0
1500 66.9429 -65.2421 17.8374 0.151644 -1.02829 360.323 0 0
1500 58.5088 -44.0402 17.8543 0.0268866 -0.691475 362.856 0 0
1500 81.8469 6.59904 17.8633 0.394045 0.0275347 356.223 0 0
1500 92.1071 43.3429 17.8316 0.532951 0.675781 362.242 0 0
1500 113.201 -1.3675 18.0574 0.928054 -0.0835181 357.051 0 0
1500 11.6148 -17.4409 17.8903 -0.715174 -0.277203 363.216 0 0
1500 16.0604 -46.4063 17.8786 -0.690368 -0.72811 359.311 0 0
1500 37.4375 -10.7462 17.9015 -0.383283 -0.20014 356.928 0 0
1500 109.334 -0.449185 17.9844 0.819015 -0.0493608 362.175 0 0
1500 81.194 0.411112 17.9977 0.437732 -0.0391617 358.257 0 0
1500 110.065 -1.06512 18.0253 0.908809 -0.00179568 357.243 0 0
1500 104.287 -29.6535 17.8932 0.782104 -0.567176 353.604 0 0
1500 -119.413 -128.626 17.8304 -2.78402 -1.99734 358.3 0 0
1500 39.3252 -89.5798 17.918 -0.234302 -1.49151 355.16 0 0
1500 59.4404 23.3438 17.9353 0.0684252 0.351087 368.861 0 0
1500 22.4055 48.4172 17.7951 -0.58162 0.796862 359.233 0 0
1500 17.7379 27.1699 17.8035 -0.663201 0.483582 358.136 0 0
1500 124.554 4.17611 17.925 1.07008 0.138974 357.464 0 0
1500 82.8654 -3.12829 17.8576 0.416063 -0.0658856 364.696 0 0
1500 108.445 36.0211 18.0231 0.863733 0.635528 356.567 0 0
1500 107.679 -28.2884 17.8166 0.75463 -0.507611 359.228 0 0
1500 55.8379 -35.8023 17.8285 -0.0365379 -0.633225 358.085 0 0
1500 105.304 -52.2261 17.984 0.848953 -0.825616 356.318 0 0
1500 130.636 -12.0746 17.8818 1.16071 -0.209373 360.732 0 0
1500 44.9049 15.8365 18.0588 -0.240552 0.282974 358.972 0 0
1500 26.4435 11.4814 18.0537 -0.522817 0.21456 359.323 0 0
1500 56.0344 -52.3683 17.8377 -0.0922368 -0.845791 359.593 0 0
1500 3.75825 27.61 17.8322 -0.883177 0.37474 360.293 0 0
1500 65.0951 -37.8898 17.9119 0.160869 -0.648961 359.261 0 0
1500 93.1179 -55.4931 17.8694 0.570193 -0.864238 362.886 0 0
1500 69.5509 -21.5123 17.8935 0.239931 -0.390728 358.781 0 0
1500 7.78431 -35.898 17.9157 -0.769989 -0.609581 361.156 0 0
1500 81.1507 -9.63558 18.2063 0.476635 -0.163507 360.211 0 0
1500 63.7945 -37.4213 17.9152 0.0600746 -0.643894 359.567 0 0
1500 43.8089 15.7132 18.0194 -0.201424 0.282601 366.854 0 0
1500 115.061 -36.3974 17.7914 0.908032 -0.5158 362.669 0 0
1500 85.5249 15.3558 18.4932 0.458239 0.292429 361.639 0 0
1500 27.4168 -13.2627 17.9694 -0.509836 -0.149776 359.65 0 0
1500 102.174 9.75866 17.988 0.708263 0.154548 366.059 0 0
1500 87.6059 16.0866 18.1736 0.519014 0.23145 367.254 0 0
1500 -0.707952 28.9411 17.8092 -0.871723 0.509433 361.631 0 0
1500 67.0383 -1.47362 18.0016 0.220725 -0.0726471 359.546 0 0
1500 78.9478 44.1194 18.1465 0.400393 0.726587 361.663 0 0
1500 87.0871 19.0328 18.1543 0.52861 0.352366 360.961 0 0
1500 68.4021 39.5235 18.1517 0.243311 0.662236 361.173 0 0
1500 99.0524 12.2747 18.0714 0.670925 0.145345 366.468 0 0
1500 33.4482 -59.2733 17.9323 -0.37643 -0.952824 362.523 0 0
1500 99.266 52.6532 17.8316 0.597259 0.855486 362.839 0 0
1500 71.693 34.0235 17.8528 0.177124 0.547513 366.627 0 0
1500 79.8017 34.9375 18.1995 0.437496 0.57539 361.756 0 0
1500 62.2958 11.7367 18.212 0.156701 0.203661 368.536 0 0
1500 97.976 14.9478 18.0086 0.70301 0.195693 361.319 0 0
1500 27.6248 -41.8798 17.9577 -0.523396 -0.780802 355.92 0 0
1500 98.6825 -38.928 17.859 0.697426 -0.600548 361.96 0 0
1500 119.722 -11.2421 17.8556 0.969134 -0.171385 365.219 0 0
1500 105.919 40.6935 17.8569 0.766763 0.578622 365.447 0 0
1500 72.4131 17.4218 17.8782 0.306149 0.26242 360.267 0 0
1500 121.81 9.26319 17.8526 1.02866 0.129168 363.251 0 0
1500 119.582 12.4621 17.8538 1.00107 0.177833 362.876 0 0
1500 105.522 -36.7 17.8561 0.796118 -0.562995 362.393 0 0
1500 113.513 -35.5985 17.8404 0.884361 -0.510793 364.711 0 0
1500 121.095 -13.6081 17.8396 1.01741 -0.194244 363.2 0 0
1500 77.1342 11.351 17.8411 0.264737 0.228993 367.66 0 0
1500 84.7102 48.5641 17.8586 0.468773 0.791233 361.818 0 0
1500 22.5963 37.6722 17.8879 -0.561353 0.645718 361.875 0 0
1500 17.2222 32.345 17.8906 -0.598676 0.525218 366.767 0 0
1500 118.667 14.8434 18.3727 1.11194 0.292571 358.034 0 0
1500 103.562 43.7191 17.9578 0.71359 0.690246 366.078 0 0
1500 72.0562 37.7019 17.9739 0.252353 0.587117 368.014 0 0
1500 84.9001 -42.9375 17.9855 0.457684 -0.721742 362.645 0 0
1500 112.017 9.24736 18.1955 0.914151 0.180161 363.962 0 0
1500 63.6249 19.8907 18.1524 0.169578 0.315702 369.413 0 0
1500 53.8482 23.096 18.0777 -0.0664079 0.424955 361.785 0 0
1500 119.259 3.0579 17.966 0.986337 -0.00952057 363.729 0 0
1500 125.468 3.93562 17.8336 1.02694 0.0242168 367.133 0 0
1500 54.8891 63.822 17.9028 -0.0783647 0.979262 366.382 0 0
1500 9.41205 33.8233 17.9041 -0.768203 0.570932 363.379 0 0
1500 40.8621 21.4602 17.9228 -0.301826 0.39514 361.572 0 0
1500 56.6794 63.1847 17.9014 -0.0544749 1.0062 363.894 0 0
1500 52.5068 46.2488 17.9153 -0.110279 0.709621 367.938 0 0
1500 105.919 -10.606 17.9074 0.797997 -0.213905 362.626 0 0
1500 122.648 -5.67594 17.8966 1.02588 -0.134938 364.394 0 0
1500 93.6179 -56.7632 17.8391 0.595506 -0.854756 365.33 0 0
1500 15.3912 50.188 17.8549 -0.682798 0.766214 365.792 0 0
1500 25.5292 -5.73785 17.8769 -0.514306 -0.0481852 368.525 0 0
1500 77.3429 89.0703 17.819 0.307059 1.33893 367.279 0 0
1500 34.5776 -28.5328 17.8756 -0.387644 -0.434663 368.517 0 0
1500 20.5435 8.5644 17.8732 -0.643274 0.0958994 362.086 0 0
1500 4.77967 -35.325 17.8556 -0.85745 -0.563473 364.322 0 0
1500 52.4896 19.5722 17.8824 -0.150659 0.268852 361.439 0 0
1500 81.2436 19.8231 18.1706 0.408576 0.378207 363.088 0 0
1500 110.438 0.0292588 18.2786 0.958722 -0.042654 360.135 0 0
1500 91.6179 -8.25765 18.7464 0.673306 -0.0770927 365.762 0 0
1500 75.604 -18.1358 18.0045 0.331486 -0.250954 369.969 0 0
1500 95.6243 73.7524 17.8882 0.644204 1.231 360.993 0 0
1500 128.733 5.72892 17.9643 1.21867 0.136953 359.912 0 0
1500 113.383 39.4357 17.8574 0.817565 0.654572 365.931 0 0
1500 61.6786 53.578 17.8685 0.0540557 0.835044 368.197 0 0
1500 46.8122 65.0321 17.8579 -0.162289 1.02621 366.291 0 0
1500 99.7355 18.7603 18.3684 0.763589 0.301355 365.387 0 0
1500 147.269 57.7695 17.8098 1.35349 0.936562 365.079 0 0
1500 61.8915 -12.1557 18.2473 0.141482 -0.257194 363.774 0 0
1500 94.17 -8.58602 17.8628 0.575606 -0.0919018 369.446 0 0
1500 120.323 21.4033 17.8417 0.986583 0.345262 366.364 0 0
1500 89.3084 -8.35423 17.8633 0.559484 -0.0977826 362.803 0 0
1500 73.896 60.518 17.8447 0.310525 0.942666 364.794 0 0
1500 99.6028 8.64507 18.0899 0.664912 0.166331 370.11 0 0
1500 19.0024 76.5104 18.0123 -0.66384 1.25074 361.79 0 0
1500 81.7894 27.2447 18.1151 0.463546 0.457454 364.124 0 0
1500 122.759 14.5198 17.8421 1.01014 0.261077 366.764 0 0
1500 90.5588 -19.7767 17.8618 0.566093 -0.256237 363.251 0 0
1500 89.6344 57.4872 17.8429 0.520403 0.887696 367.14 0 0
1500 47.6196 24.7965 18.3601 -0.190098 0.400157 360.246 0 0
1500 97.0118 -4.14455 17.8618 0.607819 -0.101702 369.682 0 0
1500 42.8908 118.49 17.8627 -0.251232 1.86618 364.859 0 0
1500 68.8332 43.0067 17.9582 0.185624 0.653067 371.848 0 0
1500 106.285 37.0543 17.8991 0.809394 0.568391 365.527 0 0
1500 116.614 -18.1071 17.8986 0.963213 -0.260107 365.623 0 0
1500 61.6555 8.06363 17.9255 0.128479 0.122915 370.862 0 0
1500 112.124 -12.9353 18.3255 0.943079 -0.287469 361.193 0 0
1500 49.0566 -31.317 18.1313 -0.085251 -0.554358 364.785 0 0
1500 62.7859 -4.58045 17.8496 0.150508 -0.0912863 363.216 0 0
1500 122.046 7.9322 17.9312 1.03098 0.145653 367.011 0 0
1500 75.0071 14.1769 17.9572 0.314588 0.224014 371.266 0 0
1500 53.486 33.3608 17.8327 -0.135475 0.563518 363.92 0 0
1500 52.2616 16.8001 17.8394 -0.139081 0.275415 371.057 0 0
1500 15.0807 17.1392 17.8247 -0.725276 0.308089 364.581 0 0
1500 65.7596 126.583 18.1484 0.195431 2.25973 357.494 0 0
1500 46.2198 8.65573 18.5397 -0.193324 0.201631 358.76 0 0
1500 89.911 7.87422 17.8538 0.528518 0.175735 366.743 0 0
1500 77.0101 -9.2845 17.8594 0.322183 -0.0777338 369.512 0 0
1500 85.248 -9.75202 17.9684 0.524075 -0.145213 363.279 0 0
1500 8.20987 -67.3952 17.8035 -0.836614 -1.00254 365.583 0 0
1500 74.9105 3.67375 17.9157 0.345428 0.0299892 364.413 0 0
1500 114.288 35.0323 17.8318 0.909455 0.491929 367.639 0 0
1500 81.6711 9.48151 17.8559 0.440991 0.115208 364.806 0 0
1500 91.261 21.6955 17.8495 0.586269 0.303468 365.273 0 0
1500 122.617 0.868588 17.8318 1.03384 -0.0182992 367.64 0 0
1500 71.0328 33.7288 18.1639 0.263194 0.58616 366.522 0 0
1500 94.5208 -6.08958 17.8597 0.605361 -0.0261637 365.285 0 0
1500 120.021 -3.53964 18.0148 1.05239 -0.110675 364.451 0 0
1500 154.982 -24.0795 17.8418 1.56199 -0.382275 366.29 0 0
1500 88.0089 57.4918 17.8731 0.521005 0.88999 368.079 0 0
1500 48.2965 -21.543 18.2808 -0.161643 -0.351532 366.646 0 0
1500 41.9884 47.5817 17.8721 -0.233305 0.746002 371.505 0 0
1500 99.2788 53.1828 17.8587 0.600088 0.853665 369.186 0 0
1500 67.7143 35.0349 18.374 0.195274 0.671365 360.673 0 0
1500 106.481 40.9041 17.8251 0.773541 0.586401 370.436 0 0
1500 71.5338 40.6629 18.1872 0.194025 0.668157 367.076 0 0
1500 108.842 -17.8987 17.9858 0.863338 -0.281434 367.712 0 0
1500 100.786 17.5725 17.9914 0.74845 0.256629 367.112 0 0
1500 123.42 -0.507394 17.9465 1.04752 -0.0218027 369.682 0 0
1500 134.999 99.2725 17.7962 1.21666 1.45313 368.244 0 0
1500 10.3032 30.3751 17.9117 -0.788111 0.459072 367.655 0 0
1500 2.10871 -36.3505 17.9045 -0.8918 -0.540154 369.175 0 0
1500 96.4993 -8.07823 18.0754 0.635049 -0.123783 373.402 0 0
1500 8.4014 -6.62249 17.8187 -0.777567 -0.0761451 372.104 0 0
1500 15.7631 51.3048 17.8056 -0.694094 0.772675 369.942 0 0
1500 24.9659 -59.1903 17.8058 -0.568482 -0.8657 368.79 0 0
1500 -18.4508 -112.456 17.9958 -1.29175 -1.99348 360.834 0 0
1500 73.3968 63.2321 17.8578 0.292396 0.990086 369.16 0 0
1500 129.215 0.00459271 18.171 1.24807 -0.0572028 363.996 0 0
1500 119.614 13.6852 17.8137 0.918493 0.263703 371.577 0 0
1500 59.5558 -19.2054 17.9874 0.0990072 -0.300673 374.401 0 0
1500 45.8779 26.7854 17.9189 -0.230547 0.371497 373.979 0 0
1500 28.2153 6.90248 17.9742 -0.502709 0.0574903 367.099 0 0
1500 95.4904 16.2744 18.0615 0.674303 0.224292 367.997 0 0
1500 60.9351 -34.9898 18.387 0.103453 -0.600185 369.122 0 0
1500 89.7153 -7.05657 18.41 0.619382 -0.139632 369.299 0 0
1500 81.2711 -24.9491 17.8826 0.301141 -0.429575 367.067 0 0
1500 31.8588 -37.7316 17.8735 -0.461365 -0.621174 367.792 0 0
1500 94.9571 -51.9094 17.9516 0.646779 -0.81748 368.797 0 0
1500 100.523 13.7171 17.9894 0.651998 0.253372 374.1 0 0
1500 106.145 29.3669 17.9788 0.783215 0.507145 369.359 0 0
1500 50.5868 54.7127 17.8229 -0.0686961 0.896074 368.509 0 0
1500 82.1769 61.5131 17.815 0.398958 0.965016 370.875 0 0
1500 89.3146 57.7698 17.8148 0.507712 0.916435 370.389 0 0
1500 87.1795 58.2892 17.8161 0.469219 0.910899 371.369 0 0
1500 112.163 32.1031 17.8187 0.827373 0.523497 371.96 0 0
1500 87.104 38.6516 17.8295 0.4551 0.606423 373.325 0 0
1500 96.434 47.1559 17.9992 0.628888 0.771125 370.023 0 0
1500 102.261 48.1136 17.9962 0.705097 0.773612 371.045 0 0
1500 144.745 4.30792 18.2093 1.52597 0.0470748 364.817 0 0
1500 81.9837 -28.3043 18.2071 0.399631 -0.456899 375.79 0 0
1500 111.168 -19.323 17.9564 0.888882 -0.275306 370.148 0 0
1500 108.89 -39.8283 17.8546 0.777151 -0.62047 373.75 0 0
1500 61.6543 -2.89777 17.8713 0.0860212 0.016147 377.417 0 0
1500 48.2227 27.9051 18.0338 -0.201733 0.419647 368.54 0 0
1500 57.2641 -17.6326 18.0375 -0.062477 -0.283977 368.296 0 0
1500 143.737 38.83 17.9116 1.37083 0.636304 369.748 0 0
1500 81.6833 7.72021 18.4703 0.461449 0.129544 377.456 0 0
1500 146.675 18.6073 17.8489 1.43029 0.335257 368.779 0 0
1500 136.048 19.2359 18.0036 1.42286 0.371735 361.878 0 0
1500 86.5062 14.4125 17.9929 0.528999 0.254752 369.266 0 0
1500 74.4829 6.95043 18.086 0.334198 0.161573 370.329 0 0
1500 104.973 1.09207 18.3991 0.853326 0.0555392 370.182 0 0
1500 104.175 -6.71175 18.0391 0.741331 -0.075644 375.558 0 0
1500 93.4781 -6.29513 18.0448 0.586883 -0.0692967 376.067 0 0
1500 82.1785 -53.0104 18.018 0.348705 -0.885351 368.791 0 0
1500 152.114 43.1694 18.0879 1.65376 0.786148 364.198 0 0
1500 94.0803 2.81786 17.9356 0.670053 0.0437189 366.713 0 0
1500 54.6397 -9.63494 18.0786 -0.0435478 -0.197363 377.412 0 0
1500 41.9098 -50.4997 18.0589 -0.239818 -0.832815 371.201 0 0
1500 50.0906 63.715 17.8196 -0.193691 1.01981 369.722 0 0
1500 34.3223 -46.5757 17.9058 -0.343596 -0.730439 375.468 0 0
1500 44.3013 -63.65 17.8938 -0.211201 -1.01766 372.368 0 0
1500 107.774 -7.09367 18.065 0.857193 -0.117162 371.302 0 0
1500 108.481 -6.11205 18.0814 0.868964 -0.0838063 371.434 0 0
1500 61.7926 -45.6963 18.0566 0.00630452 -0.777463 366.394 0 0
1500 73.9903 -4.72127 18.3557 0.274776 -0.132277 378.592 0 0
1500 111.202 28.1429 17.8549 0.877522 0.395569 371.342 0 0
1500 100.688 -21.0115 17.8652 0.673738 -0.326102 375.737 0 0
1500 104.082 -48.9137 18.1014 0.756026 -0.813636 371.217 0 0
1500 64.431 -31.1268 18.0007 0.161351 -0.556835 368.775 0 0
1500 113.232 -6.65516 18.0962 0.933177 -0.1211 372.118 0 0
1500 104.855 -21.2405 18.0992 0.812617 -0.341222 371.729 0 0
1500 69.7629 -2.26719 18.1182 0.291685 -0.057164 370.141 0 0
1500 42.6708 63.1397 17.8024 -0.297327 0.984152 372.072 0 0
1500 63.7007 34.2054 18.045 0.0397998 0.542507 370.718 0 0
1500 57.901 50.6334 18.2203 0.0719653 0.89404 367.767 0 0
1500 143.699 -1.72859 17.86 1.3855 -0.086803 370.335 0 0
1500 60.6793 -36.7797 17.9572 0.0826268 -0.577954 377.529 0 0
1500 70.1468 6.76536 17.927 0.249758 0.165169 370.54 0 0
1500 90.1418 28.4343 18.3339 0.531645 0.49959 373.099 0 0
1500 93.5727 -28.8142 18.3449 0.700914 -0.59093 363.023 0 0
1500 121.173 26.7835 17.92 1.1151 0.497896 366.677 0 0
1500 77.7139 -51.8803 17.8576 0.252306 -0.847183 372.284 0 0
1500 29.8198 -55.0432 17.8536 -0.452467 -0.847441 375.996 0 0
1500 5.46154 -16.5315 17.8567 -0.848136 -0.307599 372.393 0 0
1500 105.372 -85.2739 17.8472 0.718626 -1.34703 373.76 0 0
1500 87.3037 -67.1555 17.9494 0.556271 -1.11525 368.715 0 0
1500 113.444 15.5194 17.9529 0.876698 0.209967 377.042 0 0
1500 88.6083 -33.1622 17.9592 0.560176 -0.51952 372.316 0 0
1500 11.7013 52.0211 17.7969 -0.749649 0.729119 374.854 0 0
1500 42.1041 40.9602 17.8149 -0.316126 0.594428 371.599 0 0
1500 81.4984 -62.3458 17.7985 0.285648 -0.976491 373.626 0 0
1500 32.8202 17.2872 18.1713 -0.465086 0.256476 367.449 0 0
1500 -42.1969 92.6091 17.8049 -1.52021 1.42109 375.236 0 0
1500 116.717 -29.5519 17.9197 0.904585 -0.509678 374.664 0 0
1500 49.3698 -24.8854 17.9447 -0.0890137 -0.41415 378.943 0 0
1500 17.9896 -53.0695 17.8718 -0.60926 -0.853016 375.054 0 0
1500 101.383 -51.3403 17.8722 0.625799 -0.832607 374.638 0 0
1500 89.3975 -14.0668 17.8941 0.467546 -0.291227 371.788 0 0
1500 157.97 -188.16 17.8453 1.56428 -3.00046 371.801 0 0
1500 79.04 64.5671 17.8132 0.399393 0.997923 372.208 0 0
1500 70.8685 28.9111 18.3486 0.216645 0.4609 380.71 0 0
1500 55.7168 21.6499 17.8822 -0.105948 0.315028 371.794 0 0
1500 135.059 14.5983 18.1254 1.33082 0.198333 370.681 0 0
1500 10.4093 -43.3205 17.8485 -0.75778 -0.648097 376.746 0 0
1500 22.607 -54.8391 17.8913 -0.564536 -0.871934 375.164 0 0
1500 9.68522 -27.3596 17.8984 -0.772989 -0.473721 373.731 0 0
1500 94.0801 -38.5108 17.9024 0.511683 -0.647348 373.29 0 0
1500 -1.81124 -18.0516 17.8938 -0.93743 -0.32887 374.44 0 0
1500 36.7835 -54.1958 17.8963 -0.359995 -0.877238 374.023 0 0
1500 89.919 -15.0085 18.0655 0.615591 -0.241714 370.438 0 0
1500 90.8164 -38.9235 17.9038 0.527954 -0.727403 368.435 0 0
1500 1.79324 29.7944 17.8285 -0.887125 0.426772 377.105 0 0
1500 104.783 17.6255 17.9832 0.758569 0.370092 368.948 0 0
1500 80.957 -2.82053 18.2216 0.407413 -0.0898225 380.958 0 0
1500 113.828 -12.361 18.221 1.00812 -0.167106 371.06 0 0
1500 78.2136 3.70922 18.3454 0.405179 -0.0133205 373.97 0 0
1500 -101.825 16.3185 18.1424 -2.86203 0.218977 365.11 0 0
1500 63.9089 14.5421 18.0548 0.0900342 0.268305 380.836 0 0
1500 87.0921 45.9817 18.0352 0.448016 0.76704 374.823 0 0
1500 50.52 -32.015 17.8629 -0.0678803 -0.510481 379.744 0 0
1500 44.8553 -46.7497 17.855 -0.148859 -0.724315 379.07 0 0
1500 124.872 4.67136 17.8402 1.03674 0.00513274 375.608 0 0
1500 84.7228 -6.85453 17.8648 0.41167 -0.156729 379.897 0 0
1500 100.483 -18.4381 17.8559 0.639177 -0.322421 379.159 0 0
1500 36.3996 -60.3948 17.8416 -0.284503 -0.971547 375.17 0 0
1500 60.8322 -58.7884 17.8471 0.0786799 -0.906236 378.198 0 0
1500 121.933 -19.9686 17.8395 0.984742 -0.35934 376.164 0 0
1500 14.2097 -18.0548 17.8584 -0.687079 -0.273678 379.241 0 0
1500 -7.60188 11.2199 17.8429 -1.03777 0.147271 376.425 0 0
1500 87.224 -29.3345 18.364 0.499212 -0.513965 375.461 0 0
1500 95.6825 19.7827 18.2307 0.619365 0.324278 380.863 0 0
1500 97.4392 11.7619 18.2292 0.699984 0.231624 375.07 0 0
1500 80.3689 -45.9059 18.1641 0.410057 -0.915661 364.402 0 0
1500 97.0914 38.9572 17.9816 0.592983 0.662897 374.956 0 0
1500 98.7933 -3.1555 18.0621 0.683612 -0.119791 374.142 0 0
1500 30.395 -48.0137 17.8367 -0.372262 -0.792271 374.497 0 0
1500 95.2953 -34.9716 17.8375 0.620282 -0.593801 374.407 0 0
1500 102.977 -58.9672 17.872 0.705826 -0.895386 378.831 0 0
1500 100.746 -47.6916 17.851 0.692349 -0.71337 378.252 0 0
1500 97.724 -41.8279 17.8564 0.640643 -0.620698 379.099 0 0
1500 77.3609 -33.8025 17.8751 0.278938 -0.546481 380.409 0 0
1500 47.9766 -2.28263 17.8847 -0.149915 -0.113922 373.312 0 0
1500 31.3702 -57.2113 17.859 -0.378593 -0.899389 378.577 0 0
1500 73.0256 -24.1222 17.8797 0.21677 -0.408055 380.771 0 0
1500 40.0034 -3.83685 17.8943 -0.295428 -0.101075 381.708 0 0
1500 15.9357 8.72012 17.8992 -0.65594 0.115879 380.62 0 0
1500 123.494 7.19453 17.8911 1.02462 0.0663572 378.33 0 0
1500 122.254 -19.3807 17.8357 0.978134 -0.359944 376.963 0 0
1500 110.434 -20.2944 18.1116 0.894972 -0.309207 376.74 0 0
1500 80.8978 11.2557 18.1296 0.465956 0.166214 375.01 0 0
1500 73.9831 -32.1342 17.8157 0.279344 -0.494022 380.668 0 0
1500 99.153 18.6471 17.8095 0.695114 0.243569 374.474 0 0
1500 124.05 7.11484 17.7952 1.02282 0.0618696 378.087 0 0
1500 94.9163 -20.2137 18.3344 0.693225 -0.315069 376.719 0 0
1500 102.474 13.5025 18.1021 0.804312 0.158057 371.154 0 0
1500 0.97824 -17.6192 17.819 -0.869362 -0.308309 379.555 0 0
1500 1.98719 -8.19405 17.819 -0.90401 -0.182531 375.777 0 0
1500 99.1805 47.3704 17.9389 0.625132 0.783162 376.964 0 0
1500 40.2019 -3.25088 17.9499 -0.29345 -0.124234 374.076 0 0
1500 72.3 24.797 18.1008 0.262015 0.404777 382.54 0 0
1500 25.4539 -42.1152 17.834 -0.453423 -0.707197 375.929 0 0
1500 78.6807 14.7615 17.9319 0.335969 0.257579 383.276 0 0
1500 104.62 -31.983 17.9119 0.72339 -0.591838 372.448 0 0
1500 12.1219 -48.4835 17.8369 -0.744361 -0.733609 378.854 0 0
1500 29.3937 58.8184 17.8459 -0.481096 0.880319 379.822 0 0
1500 62.7287 -29.0083 18.2358 0.0861093 -0.507119 376.736 0 0
1500 101.668 54.311 17.8905 0.767125 0.861562 374.905 0 0
1500 50.5098 -0.0591468 18.1718 -0.148083 -0.00907714 376.171 0 0
1500 -7.08849 -1.39649 17.8792 -1.03583 -0.0242116 378.556 0 0
1500 22.7649 -27.4315 17.8829 -0.561979 -0.376672 382.251 0 0
1500 2.72683 5.92747 17.8722 -0.909224 0.101401 377.234 0 0
1500 75.3145 60.3385 17.9058 0.282071 0.975498 378.461 0 0
1500 50.8326 64.0118 17.9049 -0.0835391 1.02664 378.706 0 0
1500 54.9694 29.6529 17.9265 -0.0228162 0.535675 376.111 0 0
1500 103.877 17.9905 17.8947 0.773857 0.232732 376.931 0 0
1500 102.606 -47.7644 17.8824 0.729826 -0.748726 379.131 0 0
1500 110.996 -27.2413 17.8886 0.828143 -0.431251 381.247 0 0
1500 69.817 -6.21272 17.9106 0.257244 -0.14044 375.707 0 0
1500 104.759 -35.2684 17.848 0.674604 -0.58223 380.782 0 0
1500 -17.6905 22.8722 17.8618 -1.19976 0.335515 378.651 0 0
1500 104.38 -14.6017 17.8229 0.680081 -0.27436 382.106 0 0
1500 102.384 -42.2228 17.8104 0.692898 -0.708689 377.924 0 0
1500 22.1123 -55.3363 17.8079 -0.513992 -0.897917 378.569 0 0
1500 78.3823 -21.1418 17.9589 0.366999 -0.307628 383.415 0 0
1500 68.4004 -56.812 17.8782 0.0906423 -0.928909 374.604 0 0
1500 97.5311 5.46799 17.9628 0.69949 0.156512 373.224 0 0
1500 65.528 0.701663 17.9544 0.172792 -0.0316462 384.243 0 0
1500 101.311 -43.7887 17.9272 0.72144 -0.699677 379.091 0 0
1500 95.9103 -43.4012 17.9301 0.6457 -0.699359 378.567 0 0
1500 81.6226 90.9458 17.8921 0.333726 1.4433 378.761 0 0
1500 86.9305 33.2903 18.2429 0.533037 0.562062 379.103 0 0
1500 53.7476 -41.1902 17.8423 -0.056379 -0.712887 377.429 0 0
1500 91.3742 -6.35352 17.8495 0.477423 -0.159059 383.849 0 0
1500 93.1438 48.8635 17.8575 0.524825 0.813175 378.937 0 0
1500 65.4288 -14.466 17.8678 0.170837 -0.24668 382.65 0 0
1500 64.5915 55.4405 17.9618 0.102054 0.911718 379.136 0 0
1500 -2.78095 26.3982 17.8156 -0.970528 0.35044 380.048 0 0
1500 133.541 -17.5697 17.9442 1.24487 -0.220006 377.665 0 0
1500 91.1585 51.8359 18.03 0.563208 0.831747 380.72 0 0
1500 59.5473 41.0724 18.0445 0.0955191 0.689893 378.941 0 0
1500 113.449 16.2791 18.0329 0.901706 0.305186 380.203 0 0
1500 114.45 13.9119 18.2873 0.968439 0.23353 381.441 0 0
1500 99.1548 5.27735 18.2819 0.73449 0.142294 379.509 0 0
1500 42.8063 -53.9769 17.8053 -0.24524 -0.842256 383.993 0 0
1500 13.4561 -47.909 17.7972 -0.680422 -0.771063 382.558 0 0
1500 45.6157 -56.6211 17.8012 -0.216814 -0.931256 380.172 0 0
1500 41.8999 6.88727 18.103 -0.341555 0.0839389 373.188 0 0
1500 146.371 36.4735 17.9291 1.46136 0.624281 378.257 0 0
1500 112.838 37.184 18.0093 0.974723 0.603455 377.203 0 0
1500 117.25 -20.1688 17.8493 0.944924 -0.395394 378.258 0 0
1500 16.4291 -44.3621 18.0811 -0.721584 -0.818134 374.437 0 0
1500 42.7272 84.2931 17.8261 -0.29672 1.29683 381.531 0 0
1500 111.834 35.8989 17.8276 0.782986 0.610923 381.283 0 0
1500 13.4251 28.3761 17.834 -0.710549 0.504442 380.37 0 0
1500 24.8471 27.5337 17.8426 -0.49583 0.454784 385.66 0 0
1500 32.7632 18.9177 17.8481 -0.381403 0.330783 386.116 0 0
1500 15.2545 13.3929 17.8398 -0.688624 0.277818 379.796 0 0
1500 101.596 -38.6671 17.8714 0.684477 -0.601622 384.696 0 0
1500 92.0815 0.557554 18.0924 0.621329 -0.0295508 380.494 0 0
1500 39.9967 -28.0902 18.1175 -0.249749 -0.505544 380.581 0 0
1500 83.4443 -34.6235 18.1116 0.412173 -0.601185 381.053 0 0
1500 106.172 4.43055 18.1825 0.834597 0.109001 381.725 0 0
1500 68.7049 -39.1333 18.1546 0.164768 -0.73224 374.836 0 0
1500 4.92687 30.9163 17.9076 -0.827348 0.528928 381.907 0 0
1500 73.1146 -5.15674 18.2905 0.366453 -0.0816501 381.115 0 0
1500 96.2277 46.2645 17.9409 0.576091 0.770172 382.044 0 0
1500 39.9859 64.6618 17.808 -0.221923 1.01962 382.829 0 0
1500 104.882 -7.64953 17.9404 0.833986 -0.0820203 377.504 0 0
1500 13.4685 22.9024 17.8532 -0.745411 0.309634 381.027 0 0
1500 79.9912 48.2846 17.9932 0.365884 0.802064 382.251 0 0
1500 135.184 -0.792008 18.2917 1.44047 -0.0471123 374.12 0 0
1500 9.16452 -36.0917 17.9732 -0.782908 -0.570442 382.552 0 0
1500 43.5221 8.50002 18.1764 -0.252871 0.147102 381.056 0 0
1500 119.977 -15.1754 17.8823 0.997904 -0.321151 378.793 0 0
1500 73.9549 1.4056 18.0569 0.274966 0.0752622 390.041 0 0
1500 45.9858 -63.4195 17.8937 -0.196839 -1.01363 383.371 0 0
1500 126.338 6.87921 17.8083 1.02195 0.171347 384.43 0 0
1500 118.662 6.05662 17.8028 0.944754 0.0206951 382.24 0 0
1500 43.2729 140.686 17.9891 -0.268928 2.48905 374.983 0 0
1500 35.1895 -56.6584 17.9482 -0.386787 -0.895443 383.16 0 0
1500 43.8961 -42.3002 17.9594 -0.2612 -0.693516 381.847 0 0
1500 23.3457 -18.2817 17.9624 -0.578216 -0.326875 381.595 0 0
1500 30.7082 -23.1092 18.1852 -0.433729 -0.392683 382.598 0 0
1500 32.4437 10.5177 17.982 -0.386523 0.239651 381.577 0 0
1500 68.1995 -54.4764 18.0047 0.211524 -0.888524 383.52 0 0
1500 87.062 -7.88106 17.9496 0.553755 -0.131098 379.82 0 0
1500 88.0463 31.468 18.1632 0.619426 0.55369 375.717 0 0
1500 41.2178 36.927 18.1766 -0.256204 0.620393 383.386 0 0
1500 81.8218 0.0229959 18.3172 0.45671 -0.00423231 390.188 0 0
1500 101.273 -40.6865 18.209 0.748558 -0.746575 379.059 0 0
1500 64.5576 -8.70552 18.2511 0.0831674 -0.159992 383.271 0 0
1500 65.7581 -25.6821 18.1676 0.153478 -0.468779 383.405 0 0
1500 12.4002 17.8424 17.8346 -0.776477 0.276674 383.323 0 0
1500 6.78115 -39.64 17.8425 -0.827506 -0.625067 385.282 0 0
1500 13.7104 -28.1698 17.854 -0.692057 -0.433905 388.397 0 0
1500 67.344 -16.8438 17.9808 0.0859214 -0.271668 382.702 0 0
1500 30.9439 9.15792 17.9775 -0.43019 0.118718 390.111 0 0
1500 30.2936 -2.21358 17.9776 -0.439192 -0.0397391 390.121 0 0
1500 -4.86495 -2.17096 17.9553 -0.997223 -0.0420172 385.216 0 0
1500 22.0047 23.3511 17.8607 -0.584767 0.332714 388.033 0 0
1500 27.0764 -15.0345 17.8636 -0.544665 -0.232414 383.849 0 0
1500 77.4098 -62.661 17.9132 0.326774 -0.978182 387.222 0 0
1500 80.2014 -7.07595 18.0324 0.391144 -0.132618 390.872 0 0
1500 68.2094 59.6848 17.8348 0.219104 0.943609 385.503 0 0
1500 23.6578 -0.278468 17.8864 -0.569761 0.0712555 382.325 0 0
1500 76.6071 -9.35728 18.1646 0.345399 -0.176054 392.409 0 0
1500 65.0183 55.0783 18.0395 0.153254 0.901404 386.541 0 0
1500 117.361 -24.5897 17.8634 0.965028 -0.35204 387.033 0 0
1500 105.613 45.4974 17.8387 0.768571 0.71283 388.203 0 0
1500 118.662 -14.2517 17.8417 0.979156 -0.174076 386.99 0 0
1500 54.7136 25.5035 17.9897 -0.061958 0.465464 385.453 0 0
1500 49.8386 29.0337 17.9878 -0.137075 0.519 385.585 0 0
1500 34.8412 -44.0993 17.8504 -0.364576 -0.751201 386.08 0 0
1500 49.966 -5.07729 17.869 -0.121043 -0.139762 392.466 0 0
1500 13.3888 43.371 17.8299 -0.753714 0.633321 387.107 0 0
1500 107.583 12.017 18.1212 0.852338 0.260544 385.353 0 0
1500 83.5312 -57.8948 17.9349 0.455422 -0.90814 389.178 0 0
1500 58.0418 54.4399 17.8319 0.0556657 0.910015 385.669 0 0
1500 72.2366 -10.0333 18.0257 0.295899 -0.213033 387.124 0 0
1500 110.708 -7.82748 18.0075 0.870444 -0.174723 388.668 0 0
1500 101.427 42.0674 17.9718 0.686363 0.657186 392.745 0 0
1500 80.813 35.9404 17.9842 0.383428 0.55822 394.148 0 0
1500 26.6714 40.5722 17.9551 -0.53279 0.715923 385.913 0 0
1500 24.7663 9.27588 17.9873 -0.610711 0.238349 381.662 0 0
1500 113.46 17.5726 18.3212 1.08188 0.304233 381.479 0 0
1500 23.3184 8.6779 17.9499 -0.519052 0.173671 395.24 0 0
1500 83.1304 49.9814 17.9186 0.346863 0.819196 390.435 0 0
1500 36.7582 12.6506 17.9362 -0.328339 0.231645 396.276 0 0
1500 83.3083 30.835 17.9292 0.354933 0.536504 389.439 0 0
1500 8.59351 40.9368 17.9116 -0.771372 0.669773 391.62 0 0
1500 49.043 -11.4162 17.9395 -0.175439 -0.116372 388.723 0 0
1500 106.56 -34.1319 18.1303 0.816036 -0.625626 387.293 0 0
1500 55.2729 -32.8742 17.8818 0.0221359 -0.559984 389.43 0 0
1500 118.964 17.4921 17.9154 0.946181 0.300896 394.533 0 0
1500 76.3755 45.5458 17.9239 0.349455 0.746165 390.833 0 0
1500 75.6728 26.3872 17.9337 0.343091 0.459528 390 0 0
1500 55.8191 16.0886 17.8542 -0.0221155 0.329038 389.484 0 0
1500 125.624 11.2899 17.8267 1.01663 0.241329 392.833 0 0
1500 52.0891 -59.0452 17.8101 -0.101451 -0.921741 394.946 0 0
1500 78.6319 -58.0727 17.8088 0.281927 -0.910394 394.743 0 0
1500 131.211 -30.4812 17.9227 1.26998 -0.502565 387.447 0 0
1500 71.7657 -6.92763 18.0997 0.318502 -0.15326 387.822 0 0
1500 54.3508 -14.0015 17.8372 0.00601553 -0.250028 394.161 0 0
1500 91.0634 57.1946 17.9144 0.486749 0.920336 393.366 0 0
1500 97.8577 23.5215 17.8427 0.63432 0.318391 396.825 0 0
1500 114.771 32.6313 17.8268 0.92119 0.471644 393.207 0 0
1500 77.8549 13.3293 18.0143 0.364896 0.174752 398.494 0 0
1500 107.483 6.27467 18.0683 0.794296 0.0755029 398.01 0 0
1500 97.2098 -23.9307 18.0709 0.647355 -0.348102 398.276 0 0
1500 90.9116 1.46767 18.1178 0.602944 0.00478262 393.931 0 0
1500 79.6924 9.30315 17.98 0.34329 0.220936 391.994 0 0
1500 34.7614 19.0762 17.9773 -0.352179 0.371377 392.176 0 0
1500 44.3366 61.6959 17.7948 -0.265488 0.929328 396.643 0 0
1500 85.4809 12.0296 17.8618 0.472185 0.252035 392.261 0 0
1500 115.167 21.3397 17.8451 0.865003 0.367575 397.376 0 0
1500 25.9891 -14.6489 17.8111 -0.458479 -0.279215 398.935 0 0
1500 6.76601 -21.1728 17.7979 -0.776069 -0.394505 394.906 0 0
1500 -0.800627 8.10574 17.8114 -0.900879 0.0663902 398.095 0 0
1500 87.3718 -10.0216 17.9348 0.529854 -0.0963701 389.876 0 0
1500 47.0346 16.4133 17.9251 -0.124988 0.321064 394.428 0 0
1500 75.5201 7.4951 17.9248 0.310511 0.184581 394.46 0 0
1500 41.8689 -20.6549 18.2196 -0.289534 -0.348169 391.773 0 0
1500 147.67 106.487 17.8071 1.43082 1.69851 394.117 0 0
1500 112.068 -60.6155 17.8132 0.872436 -0.95698 395.762 0 0
1500 100.534 0.832614 17.9022 0.743762 -0.0444548 391.422 0 0
1500 88.8908 -37.6118 17.8342 0.469507 -0.598581 399.778 0 0
1500 28.5015 -32.9661 17.9549 -0.438585 -0.522943 400.757 0 0
1500 20.5729 6.30554 17.9577 -0.60317 0.032271 394.502 0 0
1500 18.2164 -47.1677 17.9406 -0.621556 -0.770158 396.376 0 0
1500 24.9238 -32.2275 17.8371 -0.586536 -0.494872 394.609 0 0
1500 45.2701 53.8643 17.8358 -0.132213 0.864859 395.913 0 0
1500 106.799 25.3513 17.9175 0.742244 0.460812 395.915 0 0
1500 82.5697 4.24415 17.9342 0.381827 0.142791 394.513 0 0
1500 65.184 21.9793 17.9336 0.111536 0.418188 394.552 0 0
1500 95.7072 -6.71105 17.9354 0.661252 -0.139318 395.642 0 0
1500 137.462 36.0792 17.8956 1.37676 0.594128 392.726 0 0
1500 58.089 -3.20459 18.3906 0.0473988 -0.107466 406.78 0 0
1500 140.526 2.93572 17.8606 1.2664 0.028038 400.933 0 0
1500 94.6937 65.5059 17.8646 0.658204 1.0499 394.973 0 0
1500 53.9374 -1.25749 18.1362 -0.0365545 -0.0843168 404.457 0 0
1500 97.5974 -16.7735 17.8627 0.60033 -0.338006 395.614 0 0
1500 113.791 23.6735 17.9242 0.924211 0.362375 398.748 0 0
1500 128.629 5.49777 17.9436 1.18673 0.150209 395.619 0 0
1500 41.8246 15.6987 18.1033 -0.35483 0.253592 391.183 0 0
1500 94.9563 16.7954 17.8929 0.594036 0.216163 404.355 0 0
1500 111.479 32.1755 17.8764 0.882297 0.461841 399.88 0 0
1500 84.0397 64.079 17.9665 0.487814 1.11104 394.74 0 0
1500 87.2782 1.03983 18.0096 0.493995 0.0488547 405.027 0 0
1500 102.183 11.6623 18.2904 0.860315 0.227209 393.761 0 0
1500 -25.4476 -2.24682 17.842 -1.29405 0.0078841 401.876 0 0
1500 -72.8854 -22.6375 17.9181 -2.19301 -0.298175 394.978 0 0
1500 120.068 -0.660932 17.867 0.976964 0.0252849 402.895 0 0
1500 89.0566 45.7896 18.0554 0.55094 0.73967 401.407 0 0
1500 63.3925 30.3972 18.1523 0.0702285 0.475057 407.304 0 0
1500 73.4797 28.7657 18.0426 0.283405 0.513777 400.57 0 0
1500 84.4575 -30.6304 17.938 0.492418 -0.496565 400.553 0 0
1500 105.582 42.1689 18.0269 0.77505 0.681743 404.021 0 0
1500 64.8725 -63.4309 17.7939 0.158962 -1.00041 403.11 0 0
1500 108.195 37.5645 17.7963 0.816792 0.523307 402.635 0 0
1500 46.1375 -7.21529 17.8298 -0.158872 -0.185517 400.456 0 0
1500 102.663 -47.2425 17.8011 0.692844 -0.774274 403.685 0 0
1500 90.7548 16.0901 17.8269 0.583611 0.243935 401.471 0 0
1500 78.4905 7.29281 17.8325 0.39651 0.102171 401.212 0 0
1500 4.4292 28.3671 17.8932 -0.85513 0.47584 404.092 0 0
1500 31.7124 41.3778 17.9039 -0.417853 0.631652 408.306 0 0
1500 11.9834 42.3934 17.8938 -0.709813 0.657748 407.047 0 0
1500 122.581 -40.2107 17.9209 1.12147 -0.654588 400.416 0 0
1500 75.7586 -11.991 17.8954 0.3198 -0.1902 409.737 0 0
1500 106.407 21.803 17.8791 0.75304 0.350929 408.668 0 0
1500 89.376 -18.2063 17.9218 0.555702 -0.328307 403.959 0 0
1500 73.0663 -49.4188 17.9131 0.300402 -0.79999 404.755 0 0
1500 114.893 -48.7462 17.9987 0.998915 -0.863452 399.979 0 0
1500 50.197 -66.3046 17.8783 -0.0803392 -1.04473 408.764 0 0
1500 100.43 19.0183 17.904 0.73481 0.302051 406.401 0 0
1500 52.0236 51.8581 18.1114 -0.0847736 0.948498 401.596 0 0
1500 42.5391 15.26 18.0726 -0.28863 0.203174 404.607 0 0
1500 89.3844 23.1778 17.8158 0.464038 0.393794 413.431 0 0
1500 131.583 73.0205 17.8238 1.13917 1.12311 410.86 0 0
1500 19.2893 26.3353 17.9228 -0.676002 0.385957 407.982 0 0
1500 90.5052 -80.9559 17.8811 0.559685 -1.31258 410.899 0 0
1500 16.4361 52.1784 17.8452 -0.621593 0.844098 414.508 0 0
1500 55.2414 -35.8581 17.8328 -0.0712451 -0.568812 417.899 0 0
