Total number of secondary electrons: 1595
1500 116.427 0.00343745 17.0683 1.24995 0.0149351 266.238 0 0
1500 112.147 2.7167 16.1973 1.03793 0.0324231 267.214 0 0
1500 97.7736 -22.6095 15.9118 0.760453 -0.353828 282.758 0 0
1500 104.15 10.5017 15.415 0.754347 0.165653 284.003 0 0
1500 86.4964 10.6946 16.5647 0.663102 0.168455 284.352 0 0
1500 105.302 -19.5215 16.2044 1.03073 -0.423396 292.451 0 0
1500 91.5876 -5.2842 16.0882 0.697844 -0.0716991 292.998 0 0
1500 105.735 17.8916 15.3551 0.922732 0.352891 293.945 0 0
1500 105.107 -24.3432 15.8901 0.927828 -0.395316 294.788 0 0
1500 106.076 -1.86421 14.9261 0.858727 -0.0509533 295.099 0 0
1500 98.9354 0.0116076 15.8336 0.731001 -0.036056 295.117 0 0
1500 89.8998 -4.90795 16.6281 0.7204 -0.0783343 296.664 0 0
1500 86.5491 8.88166 16.8691 0.703203 0.128647 297.017 0 0
1500 97.762 -1.56195 15.268 0.663375 -0.0395921 298.873 0 0
1500 80.8701 13.7815 15.177 0.438342 0.198752 300.82 0 0
1500 124.1 11.9328 15.844 1.36238 0.235233 305.563 0 0
1500 115.847 -10.5568 15.5117 1.13886 -0.224442 306.737 0 0
1500 90.3264 -3.59275 15.558 0.595469 -0.00506172 306.859 0 0
1500 78.3249 -3.70347 14.5795 0.330388 -0.125558 308.258 0 0
1500 87.0548 -21.2771 14.6509 0.397263 -0.311196 313.146 0 0
1500 101.332 -26.898 14.7052 0.562114 -0.374864 313.822 0 0
1500 103.809 -17.8654 14.821 0.650773 -0.207218 314.254 0 0
1500 109.796 -20.5191 15.2748 0.848319 -0.260324 314.645 0 0
1500 113.011 5.6161 14.8367 0.754608 0.0666311 314.663 0 0
1500 88.7351 11.4608 16.1584 0.586916 0.146672 315.94 0 0
1500 92.2743 29.105 16.0121 0.684139 0.467204 316.006 0 0
1500 99.4298 -16.0061 16.589 0.875313 -0.272139 316.977 0 0
1500 89.909 2.35491 14.9801 0.488815 -0.00562428 317.601 0 0
1500 77.4732 -19.0619 15.4594 0.36354 -0.272016 318.269 0 0
1500 131.322 -1.49504 14.877 1.0157 0.0161502 318.624 0 0
1500 80.3298 5.86806 15.6199 0.434947 0.101183 318.689 0 0
1500 98.0294 15.6572 15.3394 0.575851 0.260485 319.441 0 0
1500 81.1527 -1.43673 15.7311 0.387025 -0.0178791 320.089 0 0
1500 88.6901 -0.756942 16.8395 0.629475 0.0156297 320.843 0 0
1500 74.1303 14.1485 16.0705 0.303824 0.230051 322.198 0 0
1500 80.7348 -1.15672 16.7874 0.540672 -0.0310567 322.334 0 0
1500 36.1828 20.8197 15.2731 -0.317829 0.244163 323.048 0 0
1500 52.3117 125.485 14.9529 -0.0257781 1.64001 324.48 0 0
1500 99.3348 8.30385 16.0326 0.739743 0.131723 325.114 0 0
1500 84.2122 -3.14304 15.8621 0.484946 -0.0686817 325.204 0 0
1500 82.0138 10.1715 15.6437 0.446403 0.127373 325.634 0 0
1500 77.6447 11.2497 16.1592 0.385293 0.189191 326.102 0 0
1500 88.0631 -10.9036 16.7378 0.609921 -0.163075 327.94 0 0
1500 110.928 -27.3768 15.2627 0.737966 -0.369824 328.068 0 0
1500 135.278 6.64555 14.9 0.948662 0.0639494 328.901 0 0
1500 60.8414 -16.262 15.1641 0.0762733 -0.264552 329.112 0 0
1500 112.328 -4.91851 15.342 0.771238 -0.081673 330.892 0 0
1500 79.3993 -10.9199 15.4325 0.390823 -0.137356 331.214 0 0
1500 87.791 -4.9626 16.2036 0.57073 -0.0552703 331.585 0 0
1500 72.9852 -6.96271 16.1437 0.322199 -0.0945883 331.612 0 0
1500 92.0664 7.58953 16.2073 0.618834 0.0898215 331.778 0 0
1500 88.3739 -1.60877 15.4385 0.492491 -0.00904298 332.645 0 0
1500 64.5337 9.36344 15.5118 0.106625 0.158921 333.712 0 0
1500 103.264 -10.8413 15.1502 0.619805 -0.0907912 334.559 0 0
1500 86.1724 5.21157 15.6967 0.414325 0.122211 335.385 0 0
1500 64.126 -17.1088 15.1785 0.0268997 -0.234046 335.627 0 0
1500 123.3 -59.4654 15.2798 0.915075 -0.801841 336.892 0 0
1500 33.9376 -36.2989 15.1553 -0.298128 -0.517326 337.12 0 0
1500 120.872 44.2284 15.2573 0.810433 0.570995 337.262 0 0
1500 85.5851 5.60329 16.1967 0.51026 0.0431493 338.478 0 0
1500 75.6649 24.7943 15.6874 0.229429 0.335566 338.617 0 0
1500 84.0609 124.906 15.1902 0.327748 1.57409 338.924 0 0
1500 85.1867 23.1751 15.3425 0.418352 0.31796 339.682 0 0
1500 -59.913 -76.3302 15.3369 -1.6024 -1.03546 339.72 0 0
1500 94.0758 4.93535 16.9835 0.659088 0.100521 340.071 0 0
1500 2.03218 -58.8239 15.2363 -0.67015 -0.767778 340.422 0 0
1500 96.9105 -64.6441 15.3648 0.513237 -0.895758 340.576 0 0
1500 70.4011 -80.1807 15.2459 0.15182 -1.02065 340.755 0 0
1500 94.9103 41.4698 15.577 0.526387 0.556894 340.85 0 0
1500 74.616 -19.9827 16.131 0.27829 -0.290896 340.852 0 0
1500 84.7188 34.0939 15.5145 0.420119 0.452019 340.967 0 0
1500 90.6321 -34.278 15.5274 0.416208 -0.482536 341.086 0 0
1500 141.796 -1.25901 15.5543 1.24549 -0.0389399 341.159 0 0
1500 114.557 5.53 15.2609 0.73896 0.126528 341.564 0 0
1500 82.2789 25.5152 15.7949 0.390949 0.369339 342.405 0 0
1500 59.4172 16.9331 15.7502 0.0540128 0.26436 342.506 0 0
1500 64.6151 -37.8255 15.5327 0.091988 -0.5707 342.673 0 0
1500 66.2975 1.06968 15.6468 0.176233 0.072829 342.743 0 0
1500 85.6631 -78.6279 15.2277 0.326555 -0.977621 342.839 0 0
1500 66.671 10.8709 15.6478 0.180712 0.195258 342.829 0 0
1500 85.6415 14.865 17.1626 0.571042 0.215188 343.198 0 0
1500 110.028 -61.2838 15.2165 0.692993 -0.748997 343.297 0 0
1500 50.2943 74.5072 15.2224 -0.0688812 0.972845 343.399 0 0
1500 39.446 28.2206 15.2746 -0.195882 0.412081 343.565 0 0
1500 89.4115 20.8482 15.2704 0.441615 0.316831 343.809 0 0
1500 78.2902 75.4628 15.2124 0.273606 0.976862 344.043 0 0
1500 108.044 0.665779 15.2538 0.674834 0.059199 344.306 0 0
1500 33.4739 47.0823 15.2514 -0.26934 0.646285 344.408 0 0
1500 125.739 28.2813 15.6766 1.08233 0.453809 344.811 0 0
1500 83.7648 0.294286 15.3558 0.335974 0.0415933 344.851 0 0
1500 14.2001 72.3045 15.1873 -0.499964 0.921272 345.555 0 0
1500 129.52 2.27154 17.3977 1.58604 0.0517747 346.289 0 0
1500 128.636 39.5844 15.1997 0.886402 0.461489 346.363 0 0
1500 65.7458 74.1202 15.2335 0.135387 0.963351 346.457 0 0
1500 50.9612 70.0723 15.3134 -0.0623997 0.93666 346.676 0 0
1500 5.41645 30.0754 15.2265 -0.655811 0.447139 346.73 0 0
1500 119.053 -23.5694 15.2314 0.832638 -0.283532 346.936 0 0
1500 130.488 36.9088 15.2257 0.877912 0.487497 347.144 0 0
1500 134.911 27.5039 15.2258 0.929755 0.376733 347.163 0 0
1500 32.6263 77.4396 15.2265 -0.273649 0.964052 347.182 0 0
1500 64.4666 51.8119 15.2628 0.138547 0.694028 347.233 0 0
1500 53.3778 -10.3806 15.5913 -0.132017 -0.162274 347.317 0 0
1500 86.1579 -2.94321 17.4391 0.630645 -0.0597556 347.573 0 0
1500 81.3858 21.7716 15.5358 0.299957 0.290494 347.575 0 0
1500 110.072 -29.5928 15.572 0.739638 -0.470961 347.604 0 0
1500 65.2606 -6.33901 15.2836 0.0832605 -0.125296 347.728 0 0
1500 52.5979 76.0855 15.2556 -0.0383188 0.938334 348.069 0 0
1500 5.87877 -19.4111 15.2804 -0.674226 -0.311238 348.208 0 0
1500 97.9053 -2.53486 15.5588 0.523508 -0.0380865 348.266 0 0
1500 79.9446 12.4061 16.5751 0.471257 0.184591 348.424 0 0
1500 90.2106 14.3951 16.8707 0.582891 0.213927 348.636 0 0
1500 58.8948 71.5214 15.2755 0.0347498 0.879185 348.656 0 0
1500 104.616 18.5016 16.5473 0.859053 0.327301 349.015 0 0
1500 56.5004 65.9024 15.2941 0.0070198 0.809082 349.205 0 0
1500 92.1028 -14.3871 15.8071 0.473327 -0.238777 349.43 0 0
1500 121.952 1.98136 16.422 1.23926 0.027704 349.53 0 0
1500 71.0825 31.8862 15.9425 0.232948 0.453592 349.546 0 0
1500 85.3733 8.84049 17.3118 0.578794 0.150197 349.665 0 0
1500 88.406 -11.2986 16.2889 0.552385 -0.126759 349.826 0 0
1500 53.9394 22.9746 15.4689 -0.0533329 0.359756 349.83 0 0
1500 70.282 50.9389 15.3262 0.163706 0.630753 350.089 0 0
1500 65.7834 -10.7249 15.5125 0.173404 -0.181286 350.09 0 0
1500 91.0681 2.42813 15.9471 0.536755 -0.012775 350.159 0 0
1500 77.058 -5.79999 16.7226 0.394851 -0.0913447 350.181 0 0
1500 144.882 -22.4466 15.4874 1.19409 -0.330348 350.702 0 0
1500 44.7343 -0.82339 15.7338 -0.242652 -0.0020614 350.811 0 0
1500 83.92 -14.8595 15.4444 0.415244 -0.200284 350.826 0 0
1500 94.339 -10.3098 16.7533 0.643769 -0.193983 350.979 0 0
1500 69.8213 6.73051 15.3949 0.156335 0.126195 351.286 0 0
1500 72.7187 -2.81429 15.4967 0.228772 -0.0291678 351.492 0 0
1500 30.7201 44.851 15.7404 -0.372928 0.635899 351.731 0 0
1500 53.7264 -13.4167 15.8248 -0.0611559 -0.196969 351.932 0 0
1500 114.386 -19.6497 15.5982 0.783926 -0.289738 352.024 0 0
1500 69.0808 -3.2546 16.434 0.213158 -0.07727 352.075 0 0
1500 80.8484 64.1932 15.5721 0.286695 0.867447 352.2 0 0
1500 115.653 15.7123 17.1956 1.23197 0.372777 352.302 0 0
1500 121.957 26.0324 15.5756 0.890791 0.413317 352.545 0 0
1500 76.55 32.7645 15.6218 0.278791 0.484777 352.619 0 0
1500 93.6646 -174.348 15.4908 0.520539 -2.29906 352.786 0 0
1500 9.42432 -14.3494 15.6039 -0.678026 -0.238385 352.791 0 0
1500 124.024 -24.2776 15.6689 0.893942 -0.343703 353.076 0 0
1500 79.6047 46.8976 15.5513 0.282925 0.579833 353.15 0 0
1500 106.069 18.7989 15.5535 0.584189 0.259702 353.175 0 0
1500 98.4054 -4.10809 17.0379 0.703712 -0.0854323 353.273 0 0
1500 79.034 -22.7539 17.0196 0.427243 -0.369833 354.139 0 0
1500 32.1457 -15.5345 15.7871 -0.346282 -0.267069 354.391 0 0
1500 115.906 0.535822 15.9591 0.831621 0.0271123 354.55 0 0
1500 37.5921 26.4862 15.7818 -0.239496 0.408255 354.654 0 0
1500 62.7073 -22.051 15.8891 0.0399843 -0.28338 354.72 0 0
1500 38.203 78.7545 15.6043 -0.218641 1.01438 354.886 0 0
1500 49.7072 -52.5282 15.7102 -0.111003 -0.73981 354.919 0 0
1500 80.8056 -8.24832 16.737 0.443791 -0.156281 354.989 0 0
1500 95.0342 70.1594 15.789 0.557286 0.951381 355.071 0 0
1500 70.2019 0.922595 16.4949 0.279013 0.00366266 355.231 0 0
1500 33.2415 -14.1622 15.7005 -0.378501 -0.219703 355.411 0 0
1500 90.9198 -6.78796 16.3069 0.543901 -0.138154 355.488 0 0
1500 85.0871 43.3094 15.8334 0.372513 0.619569 355.518 0 0
1500 87.5747 -27.6752 16.2242 0.493894 -0.383572 355.796 0 0
1500 108.834 -21.9446 15.8607 0.730443 -0.258716 355.806 0 0
1500 78.5802 -43.5787 15.8706 0.333848 -0.601636 355.867 0 0
1500 35.9771 -38.7748 15.7348 -0.340112 -0.53766 355.994 0 0
1500 75.7661 62.5171 15.8961 0.249662 0.854824 356.537 0 0
1500 51.7878 37.8494 16.1745 -0.0764659 0.558912 356.863 0 0
1500 110.429 -9.20943 16.2265 0.752428 -0.145773 357.028 0 0
1500 -3.46256 20.0827 15.8196 -0.805969 0.316307 357.228 0 0
1500 114.795 30.071 17.3376 1.12325 0.509894 357.234 0 0
1500 116.779 10.8816 15.9175 0.811165 0.0953039 357.314 0 0
1500 -3.55198 25.7696 15.8177 -0.838548 0.295272 357.362 0 0
1500 44.8207 66.1211 15.9741 -0.176039 0.999569 357.629 0 0
1500 43.5337 -16.3843 16.4774 -0.227942 -0.305439 357.648 0 0
1500 3.27799 43.9056 15.8604 -0.713837 0.615599 357.884 0 0
1500 103.608 31.7893 16.2378 0.673702 0.437569 357.955 0 0
1500 63.6782 65.0612 15.9936 0.0760862 0.959574 357.996 0 0
1500 54.8722 55.3029 15.9774 0.0169923 0.75469 358.348 0 0
1500 80.5628 25.2493 16.8795 0.454968 0.479348 358.516 0 0
1500 119.999 47.234 15.974 0.806549 0.68698 358.639 0 0
1500 83.0412 -13.5011 16.3188 0.379086 -0.167491 358.84 0 0
1500 -3.18896 -47.5738 15.9294 -0.815603 -0.626483 359.121 0 0
1500 92.3114 -8.57514 16.1929 0.457312 -0.135604 360.218 0 0
1500 87.3079 66.4295 16.0257 0.360591 0.878232 360.449 0 0
1500 71.6769 24.7291 16.6373 0.30586 0.401124 360.623 0 0
1500 38.7686 20.9846 16.3334 -0.274934 0.265851 360.844 0 0
1500 67.3903 6.57735 16.7927 0.203129 0.14419 361.207 0 0
1500 127.787 -29.9841 16.3482 1.06781 -0.484544 361.61 0 0
1500 79.4103 -19.5139 16.2185 0.348903 -0.287135 361.703 0 0
1500 42.0433 34.6956 16.1777 -0.264779 0.423131 362.101 0 0
1500 48.9098 -13.3917 16.1641 -0.150382 -0.118319 362.217 0 0
1500 73.6563 -2.53319 17.7214 0.379282 -0.0608952 362.491 0 0
1500 100.672 16.8066 16.5691 0.642626 0.251643 362.503 0 0
1500 120.011 -31.0878 16.7212 1.03952 -0.510854 362.456 0 0
1500 85.5917 -27.7448 16.6798 0.454588 -0.526061 362.54 0 0
1500 46.3871 124.904 16.3267 -0.117698 1.85299 362.549 0 0
1500 159.37 -82.8218 16.2138 1.37565 -1.11222 362.624 0 0
1500 110.732 -60.5775 16.3429 0.767838 -0.852355 362.672 0 0
1500 96.4087 -72.488 16.3729 0.617688 -1.03592 362.937 0 0
1500 93.4261 2.1569 16.8643 0.593155 0.0271668 363.06 0 0
1500 114.057 -52.9264 16.4426 0.825324 -0.858046 363.043 0 0
1500 95.1852 -7.86631 16.8694 0.614346 -0.0976434 363.156 0 0
1500 130.108 17.178 16.6331 1.15735 0.290672 363.425 0 0
1500 133.985 -10.7857 18.4747 1.76241 -0.261504 363.501 0 0
1500 75.7017 7.01711 16.3956 0.313805 0.115157 363.549 0 0
1500 97.0817 39.8033 16.2357 0.478237 0.574984 363.611 0 0
1500 67.4908 -3.36073 16.3483 0.20106 -0.0309983 363.892 0 0
1500 46.6864 67.2129 16.245 -0.173776 0.942599 363.996 0 0
1500 65.5964 -5.49794 16.3752 0.0999707 -0.138975 364.379 0 0
1500 64.8124 0.539884 16.5056 0.125108 -0.0582393 364.404 0 0
1500 67.3319 49.4568 16.3088 0.0904115 0.633088 364.473 0 0
1500 21.1887 51.0321 16.2899 -0.497473 0.73278 364.745 0 0
1500 80.8542 4.58305 16.6142 0.368664 0.000177009 364.791 0 0
1500 45.1443 -19.5083 16.4382 -0.135867 -0.321855 364.919 0 0
1500 110.191 33.5831 16.4331 0.745156 0.447047 365.4 0 0
1500 82.72 35.1198 16.4781 0.330865 0.52616 365.526 0 0
1500 66.1741 20.1652 16.5313 0.0931935 0.32227 365.51 0 0
1500 121.079 49.4363 16.7683 0.995175 0.748116 365.518 0 0
1500 46.9612 64.7222 16.416 -0.150672 0.95996 365.72 0 0
1500 85.2044 8.01804 16.8904 0.443897 0.160404 365.828 0 0
1500 27.9534 -25.7078 16.4315 -0.440608 -0.293851 365.884 0 0
1500 121.885 -28.6231 16.4712 0.887224 -0.348806 366.115 0 0
1500 38.3579 -57.4978 16.4481 -0.242005 -0.867678 366.23 0 0
1500 84.7281 -4.53383 16.5473 0.348355 -0.12252 366.408 0 0
1500 94.0591 -61.0274 16.4137 0.454172 -0.838713 366.879 0 0
1500 109.15 -39.1238 16.537 0.694385 -0.566627 366.979 0 0
1500 42.0629 -18.0556 16.7391 -0.307319 -0.271473 367.33 0 0
1500 52.8164 3.9086 17.0701 -0.0365628 0.0918586 367.372 0 0
1500 110.113 -6.05316 17.359 0.880143 -0.0650301 367.542 0 0
1500 99.1067 10.1795 17.4244 0.740253 0.216944 367.709 0 0
1500 98.7082 27.2068 16.6605 0.599828 0.408968 367.897 0 0
1500 7.7189 60.9472 16.4783 -0.681447 0.796407 367.954 0 0
1500 62.0229 94.0511 16.5297 0.0972291 1.291 367.915 0 0
1500 70.5575 -13.233 17.6348 0.255358 -0.196927 368.156 0 0
1500 18.9262 -35.5283 16.7153 -0.594784 -0.48454 368.192 0 0
1500 78.3898 -26.7024 16.9917 0.304327 -0.408234 368.298 0 0
1500 64.3557 20.6518 16.8318 0.171569 0.321154 368.311 0 0
1500 134.01 -4.44272 16.5519 1.03202 -0.0610213 368.416 0 0
1500 8.47774 61.9011 16.5086 -0.667619 0.803115 368.474 0 0
1500 99.4938 6.70257 16.5205 0.589132 0.135366 368.54 0 0
1500 -10.0015 76.4289 16.6161 -0.937683 1.10817 368.756 0 0
1500 41.5399 32.6507 16.8835 -0.226986 0.470036 368.942 0 0
1500 54.133 39.3697 16.589 -0.107471 0.565613 369.022 0 0
1500 9.05326 -43.1032 16.6726 -0.689803 -0.664057 368.994 0 0
1500 -119.264 0.238724 16.5998 -2.51282 0.0192859 369.146 0 0
1500 57.807 20.3406 17.0457 0.0420599 0.330333 369.183 0 0
1500 104.903 14.7191 16.8768 0.69947 0.239023 369.391 0 0
1500 95.27 -60.1469 16.7786 0.537425 -0.880472 369.486 0 0
1500 15.5584 -60.235 16.5608 -0.619746 -0.774449 369.668 0 0
1500 87.4745 44.7671 16.6974 0.411561 0.676008 369.716 0 0
1500 51.874 -15.3519 17.288 -0.0327176 -0.246425 369.794 0 0
1500 72.6442 12.2637 17.9522 0.382607 0.248088 369.943 0 0
1500 93.0054 -3.23202 17.1174 0.510296 -0.0488586 370.007 0 0
1500 106.258 5.13977 16.9976 0.743361 0.0533674 370.004 0 0
1500 55.8428 -22.4894 16.9063 -0.0571502 -0.309798 370.015 0 0
1500 73.7328 -59.4726 16.653 0.185777 -0.888255 370.055 0 0
1500 93.687 -57.7154 16.6774 0.508227 -0.808273 370.152 0 0
1500 70.4565 64.2816 16.6851 0.148484 0.904662 370.285 0 0
1500 123.452 9.96189 16.8299 1.04494 0.112305 370.423 0 0
1500 -120.953 -193.022 16.6262 -2.45943 -2.57453 370.493 0 0
1500 75.9304 7.34848 18.3629 0.432226 0.146198 370.596 0 0
1500 50.5219 -46.3734 16.8116 -0.125413 -0.699832 370.716 0 0
1500 -1.33873 16.8229 16.6869 -0.761994 0.234586 371.387 0 0
1500 79.8631 22.3846 16.8111 0.341739 0.364759 371.461 0 0
1500 80.9762 27.0878 17.2092 0.330636 0.407643 371.558 0 0
1500 48.3555 34.1455 16.8138 -0.0860083 0.523911 371.537 0 0
1500 127.587 25.1863 16.8765 1.10557 0.431996 371.758 0 0
1500 17.2733 66.9744 16.7161 -0.512742 0.912346 371.837 0 0
1500 -14.1954 15.8349 16.7134 -0.990487 0.239103 371.881 0 0
1500 83.0704 -70.5611 16.7359 0.289612 -0.968171 372.005 0 0
1500 126.693 1.23947 16.7372 0.956027 0.0606526 372.084 0 0
1500 71.7541 -5.10218 17.8663 0.334037 -0.0482014 372.183 0 0
1500 9.58983 27.3369 17.0272 -0.769603 0.402527 372.271 0 0
1500 82.4567 -16.9316 16.7412 0.404875 -0.246204 372.385 0 0
1500 -3.75011 19.5433 16.7132 -0.803395 0.274089 372.394 0 0
1500 97.2811 34.855 16.8463 0.57082 0.527224 372.42 0 0
1500 106.524 -5.82728 16.7592 0.728806 -0.0825481 372.4 0 0
1500 57.242 53.6687 16.8469 0.0341191 0.779256 372.434 0 0
1500 52.7097 -20.1176 16.7714 -0.066148 -0.296753 372.784 0 0
1500 92.3819 -13.3893 17.6736 0.619654 -0.185623 372.921 0 0
1500 146.285 22.7601 17.25 1.50106 0.368215 372.93 0 0
1500 50.8505 -6.32322 17.404 -0.129333 -0.145956 372.972 0 0
1500 88.1438 -9.59914 16.9455 0.424192 -0.0912393 373.02 0 0
1500 113.406 54.8905 16.7401 0.685836 0.752892 373.039 0 0
1500 96.6334 -19.7179 16.9614 0.607238 -0.236144 373.38 0 0
1500 -3.47806 -22.4241 16.8191 -0.878005 -0.31554 373.447 0 0
1500 103.285 -5.22556 17.2898 0.706612 -0.114105 373.478 0 0
1500 91.7631 31.8856 16.9736 0.548191 0.431671 373.455 0 0
1500 -51.0174 -21.3593 16.8625 -1.61883 -0.258895 373.605 0 0
1500 70.8252 -7.30158 16.9652 0.265812 -0.110925 373.759 0 0
1500 81.6042 89.3284 16.795 0.30068 1.19429 373.987 0 0
1500 91.5287 -15.9821 17.0377 0.524093 -0.274373 373.939 0 0
1500 99.0024 64.2891 16.8242 0.57132 0.846336 374.044 0 0
1500 57.7777 69.7852 16.8122 -0.0351208 0.917372 374.22 0 0
1500 81.7838 -24.0272 16.9783 0.415461 -0.341196 374.218 0 0
1500 15.4869 24.2224 16.8307 -0.623966 0.284527 374.236 0 0
1500 97.7771 49.8848 16.9709 0.607511 0.693608 374.308 0 0
1500 72.4298 1.72195 18.0365 0.314781 0.0692963 374.291 0 0
1500 86.3372 22.7591 16.9806 0.477835 0.304585 374.295 0 0
1500 0.214983 35.1056 16.8248 -0.745797 0.486592 374.447 0 0
1500 97.3693 2.85856 16.9861 0.628415 0.0299789 374.481 0 0
1500 82.6738 -38.0084 17.0203 0.351145 -0.663302 374.515 0 0
1500 51.2426 15.4571 16.8407 -0.0409061 0.231925 374.565 0 0
1500 130.401 -8.86281 16.8226 1.00445 -0.0692728 374.574 0 0
1500 100.35 28.8047 16.8264 0.565398 0.37701 374.597 0 0
1500 86.8831 -25.0747 18.3287 0.556878 -0.429171 374.63 0 0
1500 51.2858 3.56181 17.7082 -0.0428324 0.0769157 374.878 0 0
1500 65.2443 15.0894 17.9299 0.146057 0.236786 374.864 0 0
1500 63.7761 -33.8342 17.021 0.12021 -0.534199 374.944 0 0
1500 76.4358 64.1951 16.9075 0.307421 0.901816 374.983 0 0
1500 78.3071 25.2173 16.9922 0.362764 0.374506 375.014 0 0
1500 74.9076 7.54916 16.9827 0.267755 0.173525 375.031 0 0
1500 72.7467 -41.9252 16.8639 0.269124 -0.607167 375.173 0 0
1500 105.098 58.4342 16.8893 0.644484 0.780099 375.313 0 0
1500 59.1688 33.1368 17.1849 0.027896 0.516253 375.26 0 0
1500 13.2367 -79.981 16.875 -0.683333 -1.08337 375.418 0 0
1500 105.278 -13.6421 17.096 0.755492 -0.268319 375.457 0 0
1500 74.3253 -19.0255 18.1243 0.361092 -0.30138 375.531 0 0
1500 92.697 39.2652 16.8742 0.544596 0.522295 375.528 0 0
1500 -42.5918 -43.9215 17.0187 -1.53322 -0.742169 375.567 0 0
1500 84.0332 35.2935 17.2622 0.4289 0.539967 375.909 0 0
1500 120.136 23.2136 17.0959 0.90442 0.364343 376.057 0 0
1500 64.9743 -33.5873 17.0167 0.0626854 -0.520914 376.091 0 0
1500 79.6025 -8.89595 17.6111 0.325143 -0.163304 376.139 0 0
1500 55.3427 -62.5069 16.8953 0.0260776 -0.881306 376.217 0 0
1500 138.934 19.1484 17.0878 1.31724 0.28485 376.252 0 0
1500 103.343 12.0527 17.5925 0.856444 0.169429 376.273 0 0
1500 -52.311 -24.7389 16.9025 -1.57912 -0.342172 376.293 0 0
1500 101.429 -52.9032 17.14 0.640398 -0.809004 376.575 0 0
1500 117.327 27.6563 16.9102 0.872381 0.355545 376.68 0 0
1500 70.485 -13.1493 18.056 0.288623 -0.232127 376.824 0 0
1500 78.8121 52.8162 16.9498 0.25451 0.798586 376.967 0 0
1500 58.9507 -29.0448 16.9865 -0.0140027 -0.47476 376.988 0 0
1500 93.4874 1.31601 17.6213 0.623095 -0.0115605 377.013 0 0
1500 92.3577 6.00367 18.0977 0.614295 0.140354 377.06 0 0
1500 85.4521 -1.21818 18.1939 0.542365 -0.0714318 377.056 0 0
1500 89.5172 -16.6454 17.0287 0.485582 -0.29505 377.073 0 0
1500 27.7396 -34.4444 17.0667 -0.47744 -0.560856 377.08 0 0
1500 105.266 53.2515 17.115 0.715545 0.812753 377.159 0 0
1500 58.4242 50.0302 17.2962 0.0802867 0.826043 377.31 0 0
1500 86.9018 -31.3222 17.0365 0.446895 -0.498957 377.386 0 0
1500 76.1714 18.0982 17.0206 0.271357 0.252768 377.607 0 0
1500 83.6327 -7.96893 18.2535 0.544273 -0.130869 377.578 0 0
1500 64.4847 4.76832 17.3105 0.153964 0.0981249 377.767 0 0
1500 145.286 -20.1575 17.5582 1.55313 -0.382908 377.758 0 0
1500 53.6359 -13.721 17.3991 -0.0191351 -0.258014 377.826 0 0
1500 71.3395 52.9094 17.1129 0.171224 0.858835 377.826 0 0
1500 87.8043 -66.9492 16.9506 0.461806 -0.921616 377.855 0 0
1500 73.2416 -21.342 17.4505 0.238285 -0.308733 377.951 0 0
1500 124.172 -33.5163 17.0004 0.912421 -0.473638 377.99 0 0
1500 85.9225 -2.50002 17.4848 0.44039 -0.0446192 378.142 0 0
1500 120.064 41.4206 16.9594 0.892451 0.533178 378.1 0 0
1500 9.74348 -33.4752 17.0245 -0.695474 -0.526388 378.47 0 0
1500 145.506 -17.41 17.2096 1.33329 -0.247469 378.512 0 0
1500 141.02 -10.6517 17.1242 1.28184 -0.120283 378.637 0 0
1500 56.0518 15.1944 17.5998 0.0371551 0.275902 378.8 0 0
1500 42.1528 -1.05271 17.1436 -0.228502 -0.083585 378.828 0 0
1500 138.884 -11.0077 17.1308 1.24888 -0.121459 378.925 0 0
1500 93.4474 3.34363 17.0187 0.517529 0.0197002 379.047 0 0
1500 81.9421 6.2322 17.2405 0.36166 0.104221 379.062 0 0
1500 124.427 -54.8721 17.2788 1.04487 -0.927623 379.067 0 0
1500 104.636 -1.54326 17.1579 0.713538 -0.014755 379.222 0 0
1500 81.3293 103.511 17.3423 0.379921 1.74257 379.242 0 0
1500 96.599 49.7609 17.9439 0.687072 0.894505 379.364 0 0
1500 129.286 -9.31528 17.1652 1.09785 -0.131699 379.553 0 0
1500 45.2001 4.2342 17.6359 -0.157335 0.0945406 379.605 0 0
1500 104.288 9.76723 17.4291 0.752027 0.124575 379.654 0 0
1500 118.732 -40.815 17.0238 0.855514 -0.556076 379.766 0 0
1500 70.4568 2.91687 17.3248 0.225917 0.0678456 379.996 0 0
1500 84.6251 14.6947 17.2028 0.363905 0.233115 380.061 0 0
1500 54.1783 -6.33113 17.1818 -0.0858639 -0.0347526 380.094 0 0
1500 41.8549 1.44292 17.4958 -0.201245 5.9747e-05 380.183 0 0
1500 77.0388 34.0784 18.1596 0.384125 0.606737 380.209 0 0
1500 83.0873 13.7923 17.3519 0.351756 0.245562 380.374 0 0
1500 86.9227 -23.9083 17.385 0.495222 -0.375557 380.5 0 0
1500 72.4785 -0.439637 18.4808 0.352668 0.0383317 380.722 0 0
1500 117.688 16.6638 17.7894 1.08437 0.285598 380.895 0 0
1500 83.0927 27.8335 17.7599 0.445062 0.550019 380.907 0 0
1500 117.419 12.0547 17.2117 0.924856 0.236849 381.207 0 0
1500 53.7504 72.0803 17.0919 -0.113624 0.975529 381.498 0 0
1500 86.9231 5.57361 17.6425 0.496426 0.139629 381.385 0 0
1500 101.525 27.6337 17.2572 0.647039 0.461511 381.507 0 0
1500 107.517 -13.5821 17.2759 0.759389 -0.236693 381.621 0 0
1500 -74.7232 31.0137 17.3698 -2.17543 0.574219 381.889 0 0
1500 206.295 -118.149 17.1233 2.07326 -1.7441 382.189 0 0
1500 23.6815 -19.8804 17.1643 -0.516601 -0.345868 382.488 0 0
1500 91.5663 -20.437 17.1538 0.480933 -0.278278 382.718 0 0
1500 39.4855 21.2569 17.3923 -0.346411 0.360073 382.797 0 0
1500 18.939 -13.7409 17.2776 -0.602502 -0.171242 382.874 0 0
1500 38.9832 -64.6963 17.1784 -0.27323 -0.902371 382.996 0 0
1500 102.584 33.4322 17.3064 0.704027 0.562127 383.031 0 0
1500 107.18 50.1343 17.1733 0.741742 0.697293 383.146 0 0
1500 105.004 81.9094 17.4147 0.722566 1.30022 383.114 0 0
1500 65.2447 -14.0739 18.1401 0.205206 -0.219038 383.288 0 0
1500 118.576 -26.3255 17.3822 0.935605 -0.383862 383.303 0 0
1500 85.7 3.6376 17.9959 0.477835 0.0313899 383.353 0 0
1500 85.2974 -63.7792 17.1843 0.354537 -0.939419 383.357 0 0
1500 95.0919 -11.1781 17.9163 0.694536 -0.218876 383.495 0 0
1500 83.9975 -6.65859 18.2 0.534904 -0.0526845 383.841 0 0
1500 93.959 -22.6692 18.0873 0.647219 -0.431779 384.457 0 0
1500 59.0557 -43.3706 17.2321 0.0829822 -0.634538 384.805 0 0
1500 86.7477 -7.23739 18.0176 0.563909 -0.16045 384.825 0 0
1500 95.6963 61.9807 17.3302 0.562653 0.884194 384.988 0 0
1500 52.5164 -53.2039 17.3494 -0.121066 -0.776083 385.175 0 0
1500 146.297 -33.1555 17.565 1.46528 -0.59153 385.16 0 0
1500 111.172 -27.9654 18.6516 1.14614 -0.563899 385.172 0 0
1500 65.6124 -28.5622 17.2742 0.07183 -0.418938 385.255 0 0
1500 79.1361 -70.4018 17.2508 0.269597 -1.0084 385.389 0 0
1500 60.1369 14.6432 17.6674 0.0701336 0.271682 385.265 0 0
1500 13.0708 55.0067 17.6777 -0.775648 0.913633 385.352 0 0
1500 124.837 -25.2852 17.239 0.978981 -0.34144 385.713 0 0
1500 108.992 -42.8648 17.3806 0.823231 -0.634722 385.597 0 0
1500 85.8088 -12.9929 17.2792 0.464841 -0.225469 385.71 0 0
1500 85.8814 21.6514 17.6768 0.425814 0.366724 385.775 0 0
1500 34.2717 -13.8805 17.3854 -0.334955 -0.26582 385.814 0 0
1500 99.3256 -90.5832 17.2369 0.600822 -1.31778 386.144 0 0
1500 65.1377 -20.0662 17.3351 0.11806 -0.347609 386.161 0 0
1500 58.3333 69.4371 17.2809 -0.00112074 0.980959 386.244 0 0
1500 88.2664 -20.8622 17.3097 0.395071 -0.355505 386.222 0 0
1500 68.4509 -23.3384 17.9224 0.221686 -0.341667 386.363 0 0
1500 100.264 16.4864 17.5001 0.659724 0.306236 386.405 0 0
1500 131.704 -43.9258 17.3449 1.14877 -0.654205 386.493 0 0
1500 85.5413 -23.9276 17.5188 0.39783 -0.405397 386.677 0 0
1500 32.8666 56.5906 17.3026 -0.3435 0.892191 386.706 0 0
1500 88.8592 -4.57941 18.5381 0.567329 -0.0560448 386.828 0 0
1500 83.1739 -9.658 18.0913 0.477222 -0.202583 386.823 0 0
1500 127.113 9.53319 17.2891 1.01103 0.10982 387.205 0 0
1500 98.3469 18.6315 18.774 0.767454 0.330343 387.277 0 0
1500 65.4821 -30.1678 17.6649 0.0888418 -0.452989 387.652 0 0
1500 87.9376 -17.7446 18.3107 0.586422 -0.250481 387.76 0 0
1500 69.1866 14.573 17.4364 0.207045 0.27056 387.988 0 0
1500 76.8256 -4.57399 18.3538 0.404089 -0.046353 388.004 0 0
1500 76.7329 9.92003 18.3197 0.400258 0.114193 388.112 0 0
1500 95.8763 24.5049 18.0391 0.654375 0.376917 387.994 0 0
1500 76.3067 15.9509 17.7657 0.338587 0.286787 388.134 0 0
1500 134.631 -31.341 17.5942 1.27306 -0.537412 388.114 0 0
1500 108.964 -25.7849 18.0369 0.907412 -0.482187 388.389 0 0
1500 86.4571 -35.3919 18.1609 0.567312 -0.698961 388.371 0 0
1500 67.2561 -4.45302 17.6514 0.200417 -0.0952743 388.451 0 0
1500 62.6565 13.992 18.059 0.0866623 0.26412 388.427 0 0
1500 25.4664 7.97244 17.4315 -0.50142 0.16418 388.671 0 0
1500 25.9202 26.4792 17.437 -0.49259 0.425233 389.011 0 0
1500 40.2919 38.4791 17.4376 -0.289111 0.594725 389.045 0 0
1500 66.1538 -21.9425 17.5736 0.130648 -0.380702 389.268 0 0
1500 45.1658 49.1472 17.4452 -0.218865 0.741113 389.473 0 0
1500 71.9708 17.289 17.6522 0.289115 0.288264 389.53 0 0
1500 30.735 -8.95528 17.7686 -0.430123 -0.179148 389.574 0 0
1500 99.5678 2.06887 18.2804 0.736751 0.0547632 389.656 0 0
1500 116.153 2.88096 18.3891 1.1735 0.0892885 389.886 0 0
1500 92.3894 6.93603 17.563 0.525928 0.0461581 389.938 0 0
1500 95.708 10.5313 18.2764 0.669402 0.190955 389.944 0 0
1500 42.9397 6.85547 17.7396 -0.233248 0.0798811 389.936 0 0
1500 -6.45602 34.654 17.4506 -1.0446 0.490727 389.963 0 0
1500 116.837 -50.0775 17.4155 0.825087 -0.753596 390.001 0 0
1500 53.7245 59.4557 17.4568 -0.0977412 0.878681 390.066 0 0
1500 107.679 -21.0376 17.9064 0.849279 -0.407729 390.129 0 0
1500 68.8935 -0.0556755 17.605 0.135193 -0.0541293 390.343 0 0
1500 130.588 -15.2827 17.3974 1.03363 -0.16581 390.471 0 0
1500 37.4292 5.86773 17.7248 -0.311891 0.108603 390.56 0 0
1500 71.6308 -28.8099 17.4159 0.133462 -0.453714 390.623 0 0
1500 61.0967 -95.0377 17.6273 0.0512768 -1.48376 390.98 0 0
1500 107.023 -58.9462 17.6278 0.783697 -0.950529 391.056 0 0
1500 73.862 7.85754 17.5482 0.29512 0.0638021 391.151 0 0
1500 77.8605 23.5966 17.7755 0.26697 0.369757 391.475 0 0
1500 72.6572 64.1723 17.5236 0.235812 1.04319 391.381 0 0
1500 89.8665 8.53901 17.5537 0.520348 0.0731107 391.539 0 0
1500 24.6408 -16.7114 17.4268 -0.529126 -0.286077 391.594 0 0
1500 59.0654 -36.7471 17.5556 0.0836229 -0.56782 391.659 0 0
1500 71.5267 -52.8964 17.7355 0.176632 -0.827849 391.746 0 0
1500 94.7792 -64.1805 17.7197 0.607499 -1.01348 391.838 0 0
1500 115.15 11.7453 18.0404 1.00306 0.250687 392.115 0 0
1500 90.81 -35.0106 17.5654 0.5283 -0.538645 392.263 0 0
1500 87.4812 -19.4943 17.4395 0.462109 -0.335843 392.461 0 0
1500 111.98 5.6607 17.6385 0.821798 0.130428 392.477 0 0
1500 81.2176 -21.6101 17.7832 0.436748 -0.319897 392.551 0 0
1500 36.9665 -30.3016 17.6072 -0.34686 -0.445867 392.641 0 0
1500 75.9191 11.7165 17.6555 0.327776 0.207093 392.887 0 0
1500 36.1648 -69.8988 17.7074 -0.320929 -1.18837 392.94 0 0
1500 104.301 -18.9087 18.5541 0.984416 -0.352656 393.12 0 0
1500 88.4338 -60.1484 17.6649 0.548599 -1.0271 393.185 0 0
1500 56.3899 44.3197 17.5444 -0.0521187 0.72219 393.21 0 0
1500 46.9802 1.87786 17.5962 -0.151935 0.0983859 393.561 0 0
1500 79.3406 -45.2586 17.7882 0.383309 -0.770431 393.614 0 0
1500 43.304 38.0438 17.7652 -0.271594 0.604341 393.818 0 0
1500 61.8057 23.6693 18.8376 0.146378 0.491025 394.204 0 0
1500 119.797 -12.2375 17.6121 0.919495 -0.218587 394.302 0 0
1500 53.2513 80.9011 17.568 -0.145957 1.21831 394.239 0 0
1500 89.7278 -4.59834 18.8789 0.621391 -0.121686 394.384 0 0
1500 50.0283 26.4835 17.8136 -0.133374 0.408656 394.439 0 0
1500 83.3232 -62.5184 17.54 0.337861 -0.978754 394.583 0 0
1500 109.638 -16.8237 17.7631 0.840769 -0.299837 394.667 0 0
1500 79.8616 31.7904 18.2723 0.364673 0.541945 394.681 0 0
1500 50.1497 -5.09897 17.5201 -0.121068 -0.146487 394.73 0 0
1500 79.1601 -29.4195 17.5834 0.25315 -0.4353 394.811 0 0
1500 92.3143 -39.0133 17.7116 0.507974 -0.615081 394.818 0 0
1500 103.986 -6.36213 17.6986 0.697769 -0.0422416 394.839 0 0
1500 113.276 -39.2432 17.7792 0.863851 -0.646316 395.26 0 0
1500 111.104 -28.0208 17.6568 0.838089 -0.414935 395.495 0 0
1500 58.564 39.6042 17.5723 0.0774806 0.602346 395.531 0 0
1500 28.9864 23.1132 17.7714 -0.501352 0.423325 395.566 0 0
1500 87.9997 29.4928 17.7022 0.43436 0.533468 395.582 0 0
1500 128.041 -5.74793 17.8572 1.14963 -0.0800853 395.718 0 0
1500 54.8195 12.2461 18.1875 -0.0257586 0.153455 395.805 0 0
1500 53.785 -10.9737 17.7767 -0.081981 -0.168907 395.985 0 0
1500 77.7673 34.3815 17.6481 0.296142 0.497184 395.865 0 0
1500 -56.3618 24.9782 17.5805 -1.68902 0.420942 395.982 0 0
1500 65.2499 24.4585 17.9611 0.16122 0.364913 396.059 0 0
1500 91.8952 -40.7441 17.5692 0.432398 -0.592803 396.057 0 0
1500 98.3442 56.1658 17.6251 0.576808 0.838582 396.087 0 0
1500 45.9643 6.04766 17.8677 -0.169851 0.145081 396.069 0 0
1500 106.843 13.2095 17.899 0.757664 0.244245 396.209 0 0
1500 62.6548 22.4874 17.8695 0.0677254 0.378234 396.262 0 0
1500 33.21 20.7853 17.7148 -0.337736 0.37082 396.73 0 0
1500 27.0408 12.0781 18.0755 -0.483544 0.215342 396.739 0 0
1500 54.7915 -34.1889 17.9239 -0.0725897 -0.636507 396.862 0 0
1500 71.9859 -27.1815 18.2693 0.268208 -0.441133 396.946 0 0
1500 55.181 -34.8439 17.9428 -0.0311554 -0.548683 396.956 0 0
1500 -1.87332 -74.6067 17.5289 -0.876472 -1.02464 397.087 0 0
1500 100.704 -8.57595 17.9756 0.68928 -0.176351 397.078 0 0
1500 80.002 -1.05758 17.8826 0.423765 0.000621225 397.15 0 0
1500 80.5043 51.5679 17.6758 0.3195 0.865107 397.081 0 0
1500 43.7979 29.8312 17.8508 -0.179701 0.54108 397.319 0 0
1500 81.5379 -67.6366 18.118 0.410548 -1.1828 397.331 0 0
1500 93.6486 0.252938 18.283 0.641105 0.0390229 397.566 0 0
1500 81.3666 43.2256 17.7234 0.350645 0.685401 397.555 0 0
1500 127.775 -12.0134 17.6877 1.06779 -0.128164 397.59 0 0
1500 -4.61143 7.00963 17.601 -0.940873 0.0640966 397.809 0 0
1500 76.553 -6.81137 18.8801 0.430948 -0.0659831 398.149 0 0
1500 104.882 34.8021 17.7308 0.679332 0.561122 398.127 0 0
1500 88.5769 -2.62469 18.6199 0.593196 0.0323125 398.162 0 0
1500 64.1753 -17.6244 18.4249 0.13845 -0.266373 398.327 0 0
1500 53.4521 40.9598 17.802 -0.0780189 0.69289 398.37 0 0
1500 47.8103 12.9892 17.9227 -0.240098 0.217465 398.327 0 0
1500 8.51916 -45.8704 17.6125 -0.748726 -0.674253 398.492 0 0
1500 -17.6094 94.5164 17.5978 -1.16073 1.44133 398.428 0 0
1500 88.7025 -60.1319 17.8286 0.456062 -0.961782 398.512 0 0
1500 83.3736 0.42119 17.9625 0.491428 -0.0162491 398.45 0 0
1500 92.8364 53.3193 17.7394 0.505356 0.81546 398.711 0 0
1500 53.0658 1.23894 17.6379 -0.136891 0.00422718 398.545 0 0
1500 111.396 45.995 17.5932 0.808925 0.61436 398.894 0 0
1500 88.8139 15.9096 18.8101 0.647231 0.393422 398.872 0 0
1500 108.283 -12.0085 17.9264 0.797158 -0.219387 399.003 0 0
1500 52.9718 -29.1224 18.0838 -0.0367564 -0.479474 398.994 0 0
1500 84.2998 -10.3046 17.7363 0.469122 -0.133435 399.043 0 0
1500 58.3475 24.8393 17.8499 0.0225268 0.432555 399.105 0 0
1500 95.4147 4.6851 18.2658 0.632657 0.12911 399.192 0 0
1500 15.274 44.5742 17.5863 -0.620149 0.706763 399.167 0 0
1500 95.8213 3.03617 18.2421 0.62498 0.110392 399.34 0 0
1500 88.9506 18.8983 17.9792 0.557052 0.28901 399.409 0 0
1500 87.7091 18.3917 17.9789 0.539742 0.281993 399.356 0 0
1500 73.5155 -2.94817 17.6422 0.300646 -0.027589 399.658 0 0
1500 125.733 22.8473 17.9152 1.18533 0.4319 399.593 0 0
1500 11.3285 -21.9157 17.7246 -0.684515 -0.367972 399.786 0 0
1500 79.6547 25.1318 17.7738 0.404953 0.376712 399.821 0 0
1500 90.4102 -5.76632 17.7739 0.561477 -0.0736689 399.853 0 0
1500 54.9661 13.7088 18.3417 -0.00455491 0.206286 400.152 0 0
1500 77.2644 -16.7738 17.7888 0.335029 -0.309613 400.107 0 0
1500 33.3981 63.8008 17.6021 -0.356192 0.966202 400.241 0 0
1500 84.8258 28.8838 17.9603 0.434457 0.485537 400.158 0 0
1500 59.4996 57.503 17.7598 -0.0147084 0.883714 400.207 0 0
1500 99.5858 -7.63775 17.7761 0.691253 -0.100368 400.242 0 0
1500 104.695 45.3116 17.8521 0.723654 0.754845 400.359 0 0
1500 93.0612 37.8509 17.8711 0.587264 0.651993 400.171 0 0
1500 97.8014 -16.1111 18.1756 0.748667 -0.234619 400.227 0 0
1500 61.7013 23.0348 18.0794 0.059617 0.383083 400.517 0 0
1500 104.324 -10.9904 17.7779 0.75684 -0.148343 400.521 0 0
1500 113.568 2.30645 17.9805 0.906097 -0.0092378 400.707 0 0
1500 41.3829 -80.8901 17.783 -0.249627 -1.3015 400.573 0 0
1500 140.392 -20.1598 17.7846 1.36287 -0.297544 400.531 0 0
1500 36.8584 37.8686 18.1087 -0.324726 0.688461 400.673 0 0
1500 96.4705 60.0918 17.613 0.525258 0.906179 400.863 0 0
1500 89.1818 29.7515 17.6402 0.515297 0.395542 400.858 0 0
1500 -35.3069 288.955 17.6593 -1.46995 4.32232 400.831 0 0
1500 102.929 36.7818 17.6589 0.719695 0.534318 401.026 0 0
1500 81.1348 -24.5082 17.9652 0.387841 -0.460837 401.055 0 0
1500 60.4195 34.162 17.7249 -0.00639 0.557141 401.213 0 0
1500 48.2554 -3.91357 17.7969 -0.15128 -0.0996102 401.382 0 0
1500 76.4313 8.73798 18.0834 0.311503 0.197794 401.427 0 0
1500 159.67 3.72192 17.7134 1.56587 0.123476 401.323 0 0
1500 80.45 2.60187 17.9679 0.443631 -0.0106199 401.419 0 0
1500 32.6832 -60.8236 17.7752 -0.373626 -0.922411 401.67 0 0
1500 68.8283 15.4422 18.2816 0.277074 0.277835 401.802 0 0
1500 101.618 30.2835 17.8395 0.74289 0.540305 401.891 0 0
1500 66.4212 1.43961 18.1376 0.19059 0.0926698 401.928 0 0
1500 9.59172 -5.37636 17.8402 -0.746426 -0.0517986 402.021 0 0
1500 80.4461 17.2279 18.6514 0.42157 0.262212 402.14 0 0
1500 96.2942 -11.7832 18.1691 0.680547 -0.133061 402.149 0 0
1500 63.9655 -18.1881 17.7887 0.0294638 -0.248279 402.264 0 0
1500 100.339 -52.6147 17.661 0.671918 -0.734914 402.294 0 0
1500 0.809747 38.2273 17.7042 -0.825838 0.561948 402.393 0 0
1500 45.5678 -23.8005 17.7888 -0.242551 -0.33049 402.466 0 0
1500 71.0552 40.0249 17.7502 0.1484 0.578768 402.549 0 0
1500 54.1082 -25.9628 18.0406 -0.0166995 -0.391626 402.672 0 0
1500 110.077 -44.9795 17.6652 0.806965 -0.623059 402.626 0 0
1500 77.673 29.6541 18.1394 0.349967 0.495954 402.587 0 0
1500 -12.249 -6.32649 17.6982 -1.03712 -0.069041 402.887 0 0
1500 89.6931 -16.1238 17.8667 0.451502 -0.300604 402.912 0 0
1500 126.305 -11.0619 17.8074 1.03603 -0.14409 403.063 0 0
1500 34.7212 37.4785 17.8574 -0.365231 0.600197 403.044 0 0
1500 93.1967 -18.7295 17.867 0.501698 -0.338016 403.068 0 0
1500 64.1196 19.1355 17.771 0.0579025 0.305165 403.158 0 0
1500 44.3684 18.1044 17.7267 -0.244882 0.230147 403.258 0 0
1500 90.8362 -23.0418 17.8147 0.529583 -0.402023 403.235 0 0
1500 49.9617 -11.8237 17.8464 -0.12508 -0.204611 403.468 0 0
1500 64.8188 5.15114 18.0971 0.09843 0.12877 403.32 0 0
1500 101.991 69.9839 17.7296 0.737465 1.10066 403.449 0 0
1500 110.266 5.7318 17.8169 0.807512 0.0189902 403.783 0 0
1500 101.232 -53.0979 17.6846 0.657357 -0.740325 403.821 0 0
1500 11.4201 28.1861 17.7934 -0.732701 0.429357 403.812 0 0
1500 43.032 -23.6943 18.0073 -0.245745 -0.378882 403.806 0 0
1500 86.2645 28.2083 17.8755 0.405718 0.479511 403.885 0 0
1500 105.844 5.87409 18.2639 0.814231 0.106128 404.041 0 0
1500 121.598 17.7514 17.8077 0.942053 0.25686 404.278 0 0
1500 37.5073 42.8323 17.6945 -0.282328 0.635321 404.31 0 0
1500 70.0588 -69.4564 17.6743 0.191658 -1.04925 404.261 0 0
1500 66.0933 -62.7034 17.6797 0.163847 -0.93901 404.083 0 0
1500 94.3048 15.6792 18.0172 0.634257 0.25001 404.123 0 0
1500 84.1397 12.7768 18.0321 0.470388 0.240368 404.195 0 0
1500 84.683 34.2773 17.7303 0.34068 0.555692 404.199 0 0
1500 81.6404 -11.8531 17.7793 0.368947 -0.249064 404.179 0 0
1500 72.6491 -18.3676 17.7793 0.235764 -0.345908 404.134 0 0
1500 83.6074 17.1757 17.7246 0.454006 0.250054 404.229 0 0
1500 56.7997 44.9793 17.746 0.00729451 0.730047 404.351 0 0
1500 56.4885 -6.44554 18.5056 0.0531361 -0.1316 404.458 0 0
1500 55.9986 -35.0042 17.8213 -0.0509294 -0.518775 404.413 0 0
1500 101.186 10.9184 18.0182 0.731077 0.180463 404.38 0 0
1500 21.1746 -31.2007 17.7326 -0.576909 -0.518585 404.472 0 0
1500 67.5672 -0.788774 18.611 0.175844 -0.0586334 404.376 0 0
1500 59.1926 -7.66537 18.1608 0.100403 -0.148111 404.616 0 0
1500 115.368 -11.5949 17.8638 0.88352 -0.231972 404.646 0 0
1500 94.1639 -4.22709 18.7614 0.758182 -0.0919163 404.616 0 0
1500 123.39 -18.5429 17.7046 0.963859 -0.239809 404.972 0 0
1500 104.989 19.1107 18.1655 0.804888 0.313511 404.88 0 0
1500 60.6036 34.6214 17.9908 0.00556525 0.534698 405.028 0 0
1500 33.4615 -8.54961 17.9907 -0.392413 -0.0963873 404.778 0 0
1500 27.2825 8.57061 17.946 -0.492635 0.145699 405.012 0 0
1500 48.6222 -23.0342 17.8353 -0.197136 -0.360238 404.731 0 0
1500 111.082 25.4335 18.0358 0.902589 0.491502 405.037 0 0
1500 122.239 -24.0594 18.1759 1.18239 -0.523797 404.756 0 0
1500 81.8783 12.425 17.7189 0.303975 0.22876 405.131 0 0
1500 121.185 -21.372 17.7097 0.930408 -0.277734 405.219 0 0
1500 -9.24107 3.03126 17.8047 -1.01209 0.0635476 405.178 0 0
1500 90.5536 -54.4557 17.8778 0.533534 -0.826513 405.166 0 0
1500 79.0372 -42.2469 17.7617 0.350157 -0.682371 405.222 0 0
1500 61.154 -27.0671 17.7795 0.0210828 -0.470561 405.301 0 0
1500 47.8662 72.3019 17.8675 -0.0959422 1.16454 405.428 0 0
1500 91.0934 -35.0909 18.8292 0.675998 -0.657836 405.442 0 0
1500 101.82 -27.1426 17.9436 0.659253 -0.437295 405.51 0 0
1500 4.9205 44.7337 17.8097 -0.805849 0.652139 405.614 0 0
1500 108.376 -44.3452 17.8316 0.760294 -0.690226 405.573 0 0
1500 65.7222 18.4043 18.0871 0.110793 0.293659 405.706 0 0
1500 5.21792 -14.4489 17.7244 -0.81498 -0.150254 405.709 0 0
1500 15.0329 -12.9346 17.8481 -0.642702 -0.258056 405.643 0 0
1500 71.4978 11.5164 17.8645 0.290227 0.176185 405.651 0 0
1500 51.0219 6.46137 17.8307 -0.109563 0.169821 405.836 0 0
1500 51.9146 67.4104 17.802 -0.0603978 1.02519 405.935 0 0
1500 78.3858 42.7216 17.9302 0.378274 0.666507 405.987 0 0
1500 13.6022 -24.1599 17.8489 -0.660361 -0.420625 405.987 0 0
1500 57.0482 38.5612 17.8769 -0.0614206 0.603575 406.046 0 0
1500 41.1314 -58.6855 17.7663 -0.202933 -0.911145 406.14 0 0
1500 106.609 -57.188 18.1688 0.8728 -1.08227 406.088 0 0
1500 67.3088 -16.7234 18.0846 0.149039 -0.277791 406.444 0 0
1500 105.487 2.00607 17.7562 0.702137 0.0308236 406.405 0 0
1500 33.4543 -37.7462 17.964 -0.364248 -0.62383 406.488 0 0
1500 72.6159 55.3428 17.8482 0.224525 0.974822 406.58 0 0
1500 73.8549 -5.19411 18.1242 0.308489 -0.0494871 406.937 0 0
1500 66.1505 10.1004 18.1263 0.209023 0.147473 407.005 0 0
1500 105.446 51.301 17.8118 0.691223 0.787977 406.716 0 0
1500 -8.31428 -23.5125 17.7507 -0.999461 -0.300295 406.737 0 0
1500 33.4949 64.3369 17.7349 -0.423969 0.909508 407.078 0 0
1500 87.5173 17.1233 17.8459 0.416435 0.320236 406.727 0 0
1500 100.828 17.1468 18.2994 0.892051 0.330727 406.966 0 0
1500 70.4671 -65.1048 17.7747 0.142457 -0.993184 407.142 0 0
1500 52.4881 -53.9513 17.9154 -0.0657375 -0.854216 407.101 0 0
1500 91.5007 16.3776 18.5551 0.649067 0.242051 407.169 0 0
1500 36.498 51.2861 17.7911 -0.278751 0.816133 407.283 0 0
1500 70.8501 -14.487 17.8943 0.23606 -0.226982 407.412 0 0
1500 120.493 -31.8351 17.7988 0.902052 -0.520539 407.399 0 0
1500 54.6872 7.61618 18.3004 -0.0247178 0.166018 407.479 0 0
1500 87.6292 10.6065 17.9021 0.516303 0.113875 407.521 0 0
1500 75.6929 -20.5383 17.7696 0.297736 -0.257804 407.631 0 0
1500 79.2601 65.334 17.8271 0.319455 0.971386 407.703 0 0
1500 101.71 -39.4874 17.79 0.712795 -0.580112 407.685 0 0
1500 105.359 -51.3745 17.8031 0.684521 -0.793247 407.743 0 0
1500 36.2967 -51.9259 17.7858 -0.278113 -0.847388 407.937 0 0
1500 45.2414 -35.3093 17.9795 -0.259822 -0.639971 408.204 0 0
1500 67.1032 -67.824 17.7941 0.104909 -1.03088 408.306 0 0
1500 39.1614 13.6772 17.8592 -0.340002 0.186734 408.327 0 0
1500 111.605 -5.39838 19.1125 1.2287 -0.115704 408.29 0 0
1500 13.0144 13.1738 17.7795 -0.672283 0.175851 408.555 0 0
1500 121.557 -26.4446 17.8312 0.943363 -0.413708 408.672 0 0
1500 -0.744043 -38.121 17.7892 -0.86262 -0.595014 408.452 0 0
1500 76.5428 63.8132 17.8 0.300506 0.978716 408.723 0 0
1500 59.1288 -48.7616 17.8159 -0.00953343 -0.780176 408.352 0 0
1500 40.0869 -48.302 17.8166 -0.287505 -0.77081 408.586 0 0
1500 -2.46544 29.258 17.7548 -0.938937 0.373098 408.609 0 0
1500 103.892 2.41821 17.8565 0.76159 0.0346169 408.669 0 0
1500 100.444 10.8561 17.8565 0.712005 0.159482 408.543 0 0
1500 16.5141 -19.45 17.7894 -0.656887 -0.34975 408.436 0 0
1500 17.6061 -6.52527 17.8355 -0.636263 -0.15844 408.393 0 0
1500 81.2748 6.39346 17.7737 0.406667 0.0448675 408.471 0 0
1500 128.071 -6.13439 18.2468 1.28662 -0.13853 408.433 0 0
1500 83.9339 -31.5043 18.2567 0.445663 -0.526369 408.785 0 0
1500 71.5976 36.2632 18.1904 0.215406 0.590271 408.888 0 0
1500 136.387 -10.1236 18.0701 1.37074 -0.146405 408.836 0 0
1500 41.7046 -38.2909 17.8571 -0.302117 -0.60061 408.944 0 0
1500 99.4444 -36.9428 18.3421 0.785239 -0.630327 408.958 0 0
1500 49.1099 -4.90275 17.7872 -0.199909 -0.121914 409.058 0 0
1500 29.4437 -5.921 17.7968 -0.447373 -0.0801334 409.226 0 0
1500 61.617 -17.7728 18.2609 0.0842099 -0.326699 409.226 0 0
1500 61.4271 -14.0377 18.0269 0.0328184 -0.267117 409.192 0 0
1500 76.8101 -3.23339 18.5583 0.406271 -0.117737 409.289 0 0
1500 23.4674 -48.3275 18.2776 -0.640975 -0.864104 409.296 0 0
1500 75.0577 -5.99824 18.0777 0.249458 -0.142673 409.458 0 0
1500 87.07 -53.2705 17.8661 0.42722 -0.845565 409.469 0 0
1500 34.6394 19.2979 17.7845 -0.41925 0.247306 409.402 0 0
1500 77.1573 -5.27547 18.4088 0.355738 -0.0158223 409.708 0 0
1500 77.1714 1.47643 18.7839 0.416955 0.0900172 409.61 0 0
1500 75.2276 23.9874 18.5267 0.317818 0.416466 409.554 0 0
1500 95.3104 -3.8537 17.9535 0.618448 0.00511436 409.735 0 0
1500 60.2904 -55.1689 17.8837 0.112679 -0.893929 409.697 0 0
1500 103.049 42.7921 17.8592 0.736481 0.619997 409.834 0 0
1500 90.9001 -50.8811 17.8214 0.530568 -0.798654 409.934 0 0
1500 84.6945 38.0306 17.9894 0.480683 0.601643 409.952 0 0
1500 86.2298 -1.23127 18.2402 0.548089 -0.106505 409.854 0 0
1500 40.2109 -61.005 17.7933 -0.298346 -0.945327 409.957 0 0
1500 59.8303 27.9497 17.9678 0.000123201 0.41881 410.056 0 0
1500 71.1134 2.64805 18.3217 0.290504 0.0485938 410.124 0 0
1500 74.7091 -58.4748 17.9462 0.261814 -0.91848 410.2 0 0
1500 65.8672 8.95669 18.1927 0.217312 0.189865 410.216 0 0
1500 34.3634 -30.478 18.2072 -0.380679 -0.547905 410.155 0 0
1500 48.3056 3.9501 17.8298 -0.204994 0.00773899 410.292 0 0
1500 52.3522 15.7021 18.3365 -0.113742 0.232566 410.302 0 0
1500 35.8812 17.0189 17.8939 -0.290887 0.291927 410.348 0 0
1500 60.7536 21.8154 17.8536 0.0210665 0.353184 410.34 0 0
1500 102.37 -46.1045 17.8235 0.693267 -0.724204 410.387 0 0
1500 105.796 27.2991 17.8667 0.809788 0.402981 410.472 0 0
1500 5.01832 32.8077 17.9069 -0.829257 0.48891 410.834 0 0
1500 77.1032 -2.01054 18.2304 0.344615 0.026905 410.761 0 0
1500 30.4144 31.4461 17.8228 -0.428255 0.452601 410.582 0 0
1500 113.479 37.0822 17.8639 0.877952 0.531135 410.612 0 0
1500 81.5266 19.6656 18.546 0.490949 0.327917 410.735 0 0
1500 92.0233 -57.5633 17.827 0.539135 -0.883309 410.927 0 0
1500 79.148 32.3438 18.2398 0.339193 0.541246 410.64 0 0
1500 97.7964 -36.3661 17.8759 0.611437 -0.61127 410.982 0 0
1500 78.683 -27.7234 18.1268 0.421422 -0.43253 410.896 0 0
1500 4.76792 12.3744 17.7788 -0.857556 0.139158 410.677 0 0
1500 57.4531 -27.2481 18.0107 -0.0326755 -0.467033 410.603 0 0
1500 82.6694 -17.0859 17.9177 0.352271 -0.327191 410.848 0 0
1500 43.5394 -12.3183 18.1588 -0.240033 -0.28651 410.744 0 0
1500 67.4772 18.7039 18.4555 0.218988 0.300181 411.022 0 0
1500 118.084 35.1305 18.2312 1.10871 0.652408 411.025 0 0
1500 30.3183 -6.40181 17.8348 -0.426834 -0.0548723 411.056 0 0
1500 86.9279 17.0891 17.8392 0.475356 0.331754 411.137 0 0
1500 91.9289 -7.58413 17.8398 0.552408 -0.0459415 411.077 0 0
1500 134.961 -53.1937 17.8397 1.22479 -0.88381 411.049 0 0
1500 81.279 -10.8862 18.3496 0.407639 -0.233687 411.311 0 0
1500 -0.998104 19.0922 17.7784 -0.934458 0.237178 411.339 0 0
1500 71.3301 -0.52284 17.8589 0.191953 -0.083417 411.323 0 0
1500 73.1047 -34.2073 17.8737 0.218693 -0.523878 411.477 0 0
1500 106.711 28.679 17.909 0.807031 0.410385 411.475 0 0
1500 35.3322 23.0555 17.8172 -0.342221 0.365674 411.987 0 0
1500 59.0063 61.706 17.7856 -0.0163324 0.915776 412.064 0 0
1500 81.51 -63.0553 17.7793 0.283982 -0.97066 411.857 0 0
1500 80.7039 17.4126 18.3152 0.444953 0.318517 412.007 0 0
1500 83.4183 5.29874 18.2125 0.493547 0.119634 411.843 0 0
1500 114.283 -44.9353 17.8289 0.907293 -0.699108 411.996 0 0
1500 52.9986 3.49328 18.343 -0.0253479 0.124117 411.857 0 0
1500 60.0912 43.1271 17.8902 0.0453665 0.727734 411.536 0 0
1500 5.88669 -17.634 17.8165 -0.836359 -0.316504 412.066 0 0
1500 31.9144 43.7248 17.8332 -0.362303 0.730596 411.929 0 0
1500 19.3281 9.96855 17.9243 -0.622086 0.0923553 411.672 0 0
1500 18.1204 -17.8919 17.9221 -0.637779 -0.329884 411.948 0 0
1500 81.0696 -29.8726 18.1499 0.373321 -0.538511 411.947 0 0
1500 90.7171 27.8061 18.0396 0.632071 0.435388 412.035 0 0
1500 119.567 -7.69482 17.8297 0.951402 -0.0464449 412.753 0 0
1500 58.0741 6.68573 18.2517 0.0855835 0.141336 413.048 0 0
1500 45.8941 7.27669 18.1 -0.188135 0.121492 412.744 0 0
1500 58.2612 29.5808 17.8197 -0.0344917 0.452627 412.087 0 0
1500 44.7504 23.8321 17.8981 -0.181927 0.383509 412.536 0 0
1500 68.698 -26.6613 17.874 0.119901 -0.417743 412.828 0 0
1500 -1.60494 35.1351 17.7814 -0.928818 0.467163 412.402 0 0
1500 123.26 5.45343 17.9109 1.03134 0.0655139 412.819 0 0
1500 120.16 4.13727 17.8729 0.998261 0.0740186 413.133 0 0
1500 84.8141 -47.7023 17.8262 0.456807 -0.769714 412.195 0 0
1500 98.4294 28.9189 18.0402 0.701935 0.45789 412.716 0 0
1500 46.9396 -4.2617 18.3111 -0.17659 -0.0578827 412.441 0 0
1500 66.617 43.8384 17.9896 0.084814 0.695608 412.3 0 0
1500 83.2026 -21.0416 18.0652 0.486741 -0.338201 412.841 0 0
1500 118.917 35.0448 17.9836 1.04742 0.562771 412.682 0 0
1500 51.1903 -49.1007 17.9914 -0.0914383 -0.865548 412.473 0 0
1500 128.933 -39.2925 18.1102 1.25785 -0.661104 412.324 0 0
1500 64.2556 -10.4683 17.8689 0.15202 -0.230454 412.393 0 0
1500 -25.0828 -67.59 18.0164 -1.38153 -1.18159 412.346 0 0
1500 -41.2114 -57.6776 17.7968 -1.48646 -0.926621 413.2 0 0
1500 121.587 21.1917 17.8447 0.971359 0.279576 413.867 0 0
1500 89.2385 -59.2506 17.8871 0.468784 -0.905586 413.746 0 0
1500 114.737 19.8376 18.037 0.931111 0.317757 413.719 0 0
1500 54.4076 -21.188 17.956 -0.0923398 -0.315457 413.612 0 0
1500 125.849 -11.4226 17.7911 1.03596 -0.127388 413.539 0 0
1500 74.0189 12.6438 18.476 0.304765 0.260097 413.617 0 0
1500 64.6381 -39.0692 18.2139 0.165426 -0.657943 413.625 0 0
1500 83.3995 3.07989 18.0512 0.420107 0.123559 413.518 0 0
1500 128.901 -10.3038 17.8935 1.17456 -0.126924 413.671 0 0
1500 140.55 -102.369 17.9087 1.38186 -1.62807 413.425 0 0
1500 113.063 5.36117 17.9083 0.831558 0.0723706 413.998 0 0
1500 81.2363 -1.59262 18.9036 0.53837 0.0258393 414.137 0 0
1500 119.081 0.750608 17.8017 0.98576 0.00858745 414.048 0 0
1500 106.888 -17.4532 18.1476 0.850002 -0.269967 413.909 0 0
1500 76.5398 56.9608 17.8279 0.231921 0.91404 413.929 0 0
1500 6.94332 34.9199 17.8264 -0.808158 0.578778 414.397 0 0
1500 57.0627 58.682 17.8323 0.0480543 0.927697 413.948 0 0
1500 80.6671 -10.9618 18.0488 0.441377 -0.131681 414.033 0 0
1500 23.3422 10.6015 17.9023 -0.552586 0.229073 414.415 0 0
1500 58.4578 -9.78543 18.1113 -0.00702329 -0.208086 414.061 0 0
1500 111.425 -52.4388 17.9376 0.910778 -0.804063 414.187 0 0
1500 92.0784 -6.68727 17.9438 0.561564 -0.175759 414.176 0 0
1500 116.184 4.93804 17.8559 0.932393 0.143627 414.298 0 0
1500 -12.8219 26.4853 17.9397 -1.17299 0.513004 414.395 0 0
1500 78.5924 -63.9247 17.9249 0.337727 -0.992376 414.435 0 0
1500 81.042 46.233 17.8077 0.288482 0.75396 414.448 0 0
1500 126.713 -84.8703 17.8979 1.11895 -1.32678 414.827 0 0
1500 103.52 25.5793 17.8685 0.708178 0.351765 414.805 0 0
1500 114.276 -35.232 17.9272 0.902383 -0.532016 414.785 0 0
1500 78.0959 -5.47519 18.3422 0.359505 -0.153522 415.045 0 0
1500 -27.3039 35.1376 17.8057 -1.30696 0.583735 414.501 0 0
1500 93.0507 38.7319 18.0388 0.556735 0.655982 414.812 0 0
1500 93.6704 23.4697 17.9003 0.515877 0.423337 414.662 0 0
1500 37.6405 14.4919 18.0841 -0.325157 0.283285 414.486 0 0
1500 57.7092 54.2444 18.1933 0.0485806 0.965417 414.616 0 0
1500 86.3019 0.355642 18.7473 0.572072 0.0947488 414.48 0 0
1500 -2.23713 -25.1886 17.8659 -0.921309 -0.380538 415.481 0 0
1500 89.903 58.1711 17.893 0.469114 0.903069 415.357 0 0
1500 65.1859 14.8121 17.9413 0.172592 0.19748 415.567 0 0
1500 21.1396 44.7519 17.826 -0.589793 0.651046 415.311 0 0
1500 65.053 -53.1089 17.9332 0.143925 -0.873811 415.298 0 0
1500 38.8599 46.4603 18.0721 -0.301431 0.760376 415.578 0 0
1500 25.8893 33.2482 17.9602 -0.548932 0.495372 415.302 0 0
1500 60.3829 15.8168 17.9004 -0.0162591 0.296596 415.178 0 0
1500 46.5333 18.4852 17.9947 -0.262765 0.289703 415.397 0 0
1500 112.171 40.0159 17.8475 0.86689 0.58761 415.952 0 0
1500 96.3346 -43.7565 17.8324 0.570097 -0.737989 415.863 0 0
1500 91.2623 15.1705 17.9241 0.504697 0.309084 415.899 0 0
1500 81.8264 -6.37566 17.8667 0.387102 -0.176337 415.642 0 0
1500 115.125 -16.4118 18.1555 0.955685 -0.251024 416.089 0 0
1500 90.1861 -22.4651 18.376 0.523153 -0.396908 417.195 0 0
1500 57.5535 -13.0013 18.3669 0.0162129 -0.223015 416.16 0 0
1500 76.4663 -5.2209 18.5438 0.36475 -0.0201949 417.198 0 0
1500 79.4742 -0.441852 18.3031 0.393346 0.0264828 416.848 0 0
1500 72.6357 2.46224 18.1994 0.298692 0.0151593 417.155 0 0
1500 97.8258 47.7797 17.8425 0.596782 0.744871 416.105 0 0
1500 95.9152 51.3248 17.812 0.61155 0.731529 417.091 0 0
1500 74.5793 66.4874 17.8281 0.196152 1.02424 416.07 0 0
1500 72.6745 64.0443 17.8361 0.270711 0.964455 416.976 0 0
1500 123.409 2.08373 17.8972 1.04387 0.0311434 415.993 0 0
1500 62.7335 99.0214 17.8385 0.0552799 1.5322 416.348 0 0
1500 13.8189 35.6033 17.8932 -0.676681 0.59138 416.439 0 0
1500 110.786 40.4034 17.8236 0.822561 0.647293 416.989 0 0
1500 115.156 29.7829 17.8333 0.890619 0.50859 416.491 0 0
1500 91.0176 -2.37049 18.3617 0.639675 -0.0265536 416.393 0 0
1500 97.0833 2.641 18.3586 0.727559 0.0483769 416.673 0 0
1500 -3.74737 2.6371 17.9497 -0.98086 0.0273305 416.682 0 0
1500 75.8753 18.0871 18.2365 0.320168 0.349646 416.189 0 0
1500 97.0738 6.05831 18.1337 0.690215 0.142541 417.166 0 0
1500 67.2017 -19.928 18.1763 0.218709 -0.37426 416.797 0 0
1500 31.7041 -28.4367 17.86 -0.391739 -0.516543 416.126 0 0
1500 67.3951 -19.567 18.1908 0.125042 -0.339622 416.781 0 0
1500 29.9609 -16.8879 17.9295 -0.435444 -0.33773 416.234 0 0
1500 94.3772 -31.3183 17.9208 0.555543 -0.554965 416.949 0 0
1500 62.8493 -5.95772 18.1685 0.0681267 -0.0330311 416.712 0 0
1500 68.8646 22.4725 18.1635 0.159972 0.40284 417.038 0 0
1500 69.3793 31.5401 18.0267 0.177744 0.558443 417.034 0 0
1500 75.9176 -8.09979 17.9133 0.293825 -0.203862 416.812 0 0
1500 124.14 69.167 17.8892 1.08156 1.14159 416.877 0 0
1500 190.34 -16.5845 17.9667 2.18479 -0.246592 416.073 0 0
1500 47.1476 -2.45673 18.4974 -0.161401 -0.0727943 416.309 0 0
1500 79.875 -4.52197 18.0819 0.45395 -0.044187 416.413 0 0
1500 114.854 -21.9193 17.8134 0.880548 -0.315344 417.239 0 0
1500 24.8428 -56.6165 17.8274 -0.502693 -0.913625 417.253 0 0
1500 112.044 -65.6614 17.8413 0.837699 -1.04206 417.232 0 0
1500 83.7003 -39.9283 17.96 0.385305 -0.682501 417.27 0 0
1500 83.259 -7.65729 18.7626 0.554577 -0.0703034 417.855 0 0
1500 -30.2331 -27.6812 17.7912 -1.34643 -0.480662 417.815 0 0
1500 86.5052 -42.379 18.1765 0.48636 -0.709788 417.864 0 0
1500 95.3309 -4.77849 17.9969 0.655295 0.00172337 417.804 0 0
1500 109.502 -41.8042 17.9291 0.782236 -0.674694 418.086 0 0
1500 75.3296 0.53036 18.2497 0.320882 0.0576662 418.032 0 0
1500 78.1342 9.91977 18.2474 0.358855 0.183204 417.914 0 0
1500 75.4766 -4.44854 18.1208 0.270223 -0.129755 418.198 0 0
1500 83.0716 -4.82603 17.8339 0.412409 -0.0508536 418.705 0 0
1500 4.95572 9.22704 17.8456 -0.792398 0.184818 418.239 0 0
1500 96.2493 -31.9659 18.355 0.681624 -0.534168 418.714 0 0
1500 93.4327 -55.2564 17.8411 0.540996 -0.893926 418.858 0 0
1500 14.4306 -48.2951 17.8425 -0.637844 -0.797336 418.284 0 0
1500 93.9223 -52.2718 17.9095 0.536072 -0.855799 418.473 0 0
1500 83.1168 54.7845 17.8398 0.445677 0.859655 418.869 0 0
1500 73.8687 40.8048 18.1422 0.246042 0.685848 418.619 0 0
1500 99.7561 -2.29685 18.138 0.748838 -0.0305129 418.935 0 0
1500 -9.1971 18.1195 17.8939 -1.05803 0.343369 418.926 0 0
1500 57.7255 47.913 18.3813 0.0547036 0.857283 417.973 0 0
1500 82.5529 -10.8603 18.6177 0.472408 -0.17078 419.057 0 0
1500 97.2679 40.7405 18.0571 0.691169 0.632122 419.066 0 0
1500 76.2061 62.1589 17.8167 0.295223 0.973491 419.722 0 0
1500 121.275 -0.379961 17.8375 1.00836 0.0297471 419.604 0 0
1500 78.3537 61.1453 17.8371 0.372652 0.945488 419.573 0 0
1500 96.3366 -9.64079 17.942 0.628069 -0.221466 419.175 0 0
1500 74.9304 59.9989 17.9448 0.268105 0.932983 420.071 0 0
1500 89.8644 19.1313 17.9927 0.462426 0.320246 420.469 0 0
1500 76.3422 -6.51294 18.4575 0.374376 -0.116141 420.601 0 0
1500 81.4795 -12.5164 18.3042 0.385013 -0.235496 419.881 0 0
1500 65.5087 -25.134 18.3046 0.169069 -0.405941 419.903 0 0
1500 65.8311 47.1395 17.9103 0.122006 0.73271 419.793 0 0
1500 57.7985 -61.0845 17.8164 -0.0602373 -0.925952 420.419 0 0
1500 13.3445 46.6574 17.803 -0.72309 0.666101 420.388 0 0
1500 103.543 -10.6187 18.6025 0.822548 -0.209586 420.472 0 0
1500 131.807 -69.6112 17.8017 1.14838 -1.00063 420.817 0 0
1500 46.7017 65.0612 17.8656 -0.180737 1.03249 420.229 0 0
1500 -10.6615 -38.0202 17.8437 -1.0902 -0.571346 419.972 0 0
1500 18.9172 -53.0353 17.8749 -0.589188 -0.860434 419.95 0 0
1500 114.658 -11.128 17.9305 0.894122 -0.240068 420.336 0 0
1500 94.5948 6.69609 17.9594 0.646118 0.121368 420.188 0 0
1500 -1.92509 -0.483366 17.8028 -0.983274 -0.0236429 420.563 0 0
1500 95.3974 24.062 17.9406 0.638065 0.425028 419.89 0 0
1500 52.6817 33.027 18.1712 -0.0991113 0.547992 420.219 0 0
1500 39.8253 1.11996 18.1772 -0.297175 0.0614873 419.805 0 0
1500 61.5328 -39.5497 18.2894 0.118296 -0.671519 421.03 0 0
1500 57.8737 -32.4083 18.1862 0.0116935 -0.56281 420.67 0 0
1500 38.2842 -35.4575 17.8662 -0.331693 -0.625508 420.487 0 0
1500 29.4149 -7.67154 17.8313 -0.48942 -0.185294 420.868 0 0
1500 49.4068 -5.92206 17.8374 -0.178979 -0.159027 420.466 0 0
1500 75.4819 -2.25049 17.8372 0.229917 -0.10143 420.476 0 0
1500 137.454 20.4066 18.1542 1.35642 0.379425 420.657 0 0
1500 5.7159 80.4605 17.9005 -0.922079 1.34634 420.009 0 0
1500 115.568 61.3188 18.334 1.04013 1.10254 420.142 0 0
1500 57.1392 34.6481 18.1368 -0.0705994 0.616664 420.141 0 0
1500 73.3164 -55.7234 18.3357 0.321609 -1.04122 420.908 0 0
1500 48.1076 5.19348 18.1763 -0.226797 0.134066 420.604 0 0
1500 79.311 -4.67826 18.7076 0.398687 -0.127305 422.632 0 0
1500 102.977 -13.9122 17.9478 0.714632 -0.216913 421.185 0 0
1500 31.1935 -34.3614 17.8594 -0.364662 -0.555019 422.323 0 0
1500 74.3132 -49.973 17.8529 0.246621 -0.782463 421.697 0 0
1500 66.3711 -52.5653 17.919 0.117623 -0.816763 422.027 0 0
1500 122.633 -9.26749 17.9719 1.03565 -0.157016 421.742 0 0
1500 121.8 13.0564 17.9848 1.02064 0.209899 422.082 0 0
1500 120.991 -10.6727 17.9244 1.023 -0.155778 422.114 0 0
1500 55.8373 60.6016 17.9418 -0.0518814 0.976575 421.593 0 0
1500 130.586 -156.179 17.821 1.08047 -2.41003 422.197 0 0
1500 97.88 -17.0943 18.154 0.651094 -0.334702 421.358 0 0
1500 62.1301 -21.3787 18.5539 0.14176 -0.393836 422.506 0 0
1500 99.7301 -46.207 17.8436 0.704001 -0.673434 422.274 0 0
1500 7.50435 17.6247 17.8542 -0.813033 0.206226 421.551 0 0
1500 49.4006 -50.5215 17.8535 -0.171371 -0.836201 421.625 0 0
1500 58.2232 -56.4794 17.8501 -0.0362189 -0.921606 422.03 0 0
1500 98.8119 -27.0936 17.8228 0.585966 -0.482923 421.54 0 0
1500 74.4007 37.2841 17.9738 0.318023 0.631204 422.215 0 0
1500 83.9453 7.37801 18.092 0.50601 0.132678 422.36 0 0
1500 86.8811 -27.0528 17.8428 0.458074 -0.495313 422.603 0 0
1500 82.0079 100.159 17.8524 0.399478 1.67439 422.129 0 0
1500 122.706 17.862 17.8754 1.06883 0.361303 422.076 0 0
1500 103.2 42.0077 18.0645 0.831547 0.705714 421.79 0 0
1500 64.1978 -16.7316 18.176 0.0390121 -0.300563 421.227 0 0
1500 97.7547 35.2185 18.6355 0.779505 0.690582 422.175 0 0
1500 83.066 -7.27478 18.8031 0.491012 -0.146681 423.331 0 0
1500 69.8771 22.139 18.2409 0.208342 0.373461 422.829 0 0
1500 42.425 -30.5028 17.8306 -0.215955 -0.492808 422.794 0 0
1500 76.9358 40.77 17.8524 0.332766 0.61218 422.857 0 0
1500 108.195 13.1507 17.9528 0.796827 0.181677 423.059 0 0
1500 55.2417 -50.5092 17.8995 -0.0257735 -0.787245 423.119 0 0
1500 16.3625 -47.3939 17.8449 -0.663156 -0.772657 422.955 0 0
1500 0.424878 -1.45073 17.9066 -0.908868 0.0385884 422.976 0 0
1500 33.715 -7.40184 18.2599 -0.376866 -0.15652 423.304 0 0
1500 88.4478 -22.9866 17.8514 0.481598 -0.432994 422.844 0 0
1500 21.3586 6.26918 17.8835 -0.580754 0.172259 422.948 0 0
1500 97.778 -73.3645 17.9523 0.682689 -1.2568 423.231 0 0
1500 83.0539 15.9936 18.0743 0.442595 0.241666 424.401 0 0
1500 87.4208 26.2551 18.0384 0.452947 0.434378 424.008 0 0
1500 49.1866 31.9433 17.8189 -0.172465 0.504261 423.524 0 0
1500 68.6796 32.2829 18.0006 0.217106 0.500416 424.383 0 0
1500 8.70245 -41.7508 17.8127 -0.790117 -0.598176 423.496 0 0
1500 90.856 -45.3034 17.8368 0.498266 -0.714833 424.71 0 0
1500 101.983 16.1945 18.5249 0.79386 0.288341 423.772 0 0
1500 56.8332 -67.194 17.8575 0.0406987 -1.04632 423.985 0 0
1500 124.977 -0.376354 17.8579 1.04011 -0.0562238 424.621 0 0
1500 -9.30472 2.28118 17.8084 -1.04388 -0.0288338 423.878 0 0
1500 96.8068 -56.812 17.8082 0.532364 -0.902816 424.302 0 0
1500 65.5247 -35.582 18.4307 0.163317 -0.602796 423.453 0 0
1500 105.306 -42.8615 17.8212 0.757553 -0.697054 423.957 0 0
1500 71.5883 -48.5761 18.1317 0.202547 -0.795362 423.428 0 0
1500 56.6876 -66.5098 17.7927 -0.0821551 -1.03863 424.214 0 0
1500 26.9045 -51.4991 17.8367 -0.460501 -0.853936 424.409 0 0
1500 51.9596 -51.1524 17.8423 -0.0825144 -0.858225 423.674 0 0
1500 84.963 -46.4323 17.8409 0.421186 -0.784169 423.83 0 0
1500 37.3712 50.4386 17.871 -0.326804 0.841087 424.122 0 0
1500 121.891 -44.1851 17.8253 0.958363 -0.743766 424.584 0 0
1500 65.955 -54.905 17.8953 0.0603817 -0.868267 424.37 0 0
1500 66.5508 -1.67789 18.2698 0.111716 -0.0333685 423.992 0 0
1500 108.02 -23.9963 17.9368 0.814423 -0.425017 424.99 0 0
1500 52.6411 4.0846 18.0716 -0.118791 0.10386 423.535 0 0
1500 70.7332 68.0362 17.9104 0.192233 1.13464 423.457 0 0
1500 101.826 34.1989 17.9274 0.766049 0.560597 423.455 0 0
1500 27.1015 46.6552 17.8351 -0.547054 0.693739 424.522 0 0
1500 29.3931 35.7717 17.9227 -0.497845 0.577723 424.702 0 0
1500 23.8693 -13.3894 17.9046 -0.565142 -0.144256 424.07 0 0
1500 96.4859 -20.0396 17.9519 0.585205 -0.381646 425.033 0 0
1500 61.6704 -1.72324 18.0873 0.091587 0.050659 424.753 0 0
1500 58.2665 -22.8294 18.0329 -0.0481345 -0.351163 424.897 0 0
1500 65.8812 8.026 17.9294 0.17638 0.190301 424.598 0 0
1500 73.1111 23.0341 18.1283 0.30734 0.435416 424.456 0 0
1500 45.8536 -61.1114 18.0295 -0.293139 -1.05231 424.849 0 0
1500 61.3487 -11.0341 17.9986 0.098326 -0.191826 427.232 0 0
1500 39.2711 7.69544 18.0975 -0.288966 0.0732269 426.088 0 0
1500 59.3236 20.2725 18.1851 0.0767543 0.345407 427.404 0 0
1500 82.0786 -19.9357 17.9472 0.418827 -0.276085 426.327 0 0
1500 66.6873 7.23069 17.945 0.190002 0.11251 429.362 0 0
1500 71.8546 30.2696 17.8283 0.209167 0.494761 426.933 0 0
1500 90.9562 44.1968 17.85 0.540226 0.654573 426.098 0 0
1500 117.933 14.2417 17.8442 0.936111 0.229324 425.307 0 0
1500 32.0577 -29.2799 17.8632 -0.402448 -0.471338 427.175 0 0
1500 38.8547 -51.6357 17.8534 -0.310774 -0.797118 426.229 0 0
1500 69.7754 -63.6486 17.8602 0.227685 -0.973768 425.375 0 0
1500 75.6073 7.6694 18.2119 0.290849 0.173831 429.369 0 0
1500 42.1835 -33.7462 17.829 -0.262956 -0.535693 427.571 0 0
1500 16.6575 5.50736 17.8115 -0.644374 0.0340078 427.857 0 0
1500 12.8427 -20.619 17.8523 -0.710191 -0.285494 427.812 0 0
1500 94.633 -3.40305 18.2469 0.624698 -0.0392376 429.997 0 0
1500 60.9611 0.332705 18.7668 0.113057 -0.0458997 425.176 0 0
1500 90.4159 14.7893 18.0185 0.543507 0.199312 429.676 0 0
1500 157.457 -2.43184 17.8258 1.54514 -0.032645 425.984 0 0
1500 107.089 -41.4832 17.9023 0.785963 -0.63609 427.374 0 0
1500 96.1813 53.4532 17.8363 0.648148 0.800451 425.395 0 0
1500 93.0346 53.1236 17.8636 0.580958 0.846883 425.638 0 0
1500 120.076 17.5524 17.8648 0.957363 0.306626 427.566 0 0
1500 91.1391 -15.6954 18.6167 0.667465 -0.231312 426.659 0 0
1500 121.098 13.2044 17.979 1.01968 0.221868 426.819 0 0
1500 43.1862 -26.3969 18.2349 -0.208461 -0.469151 425.203 0 0
1500 87.7325 -49.0852 17.8044 0.518868 -0.777375 425.302 0 0
1500 103.751 -17.7662 17.8125 0.713361 -0.281302 429.843 0 0
1500 115.411 31.4284 17.8522 0.929597 0.476661 427.207 0 0
1500 85.3484 19.1723 17.8747 0.457285 0.278851 431.039 0 0
1500 32.7041 -14.6614 18.277 -0.4016 -0.234309 425.628 0 0
1500 41.4553 -61.3662 17.9366 -0.252446 -0.986661 426.997 0 0
1500 28.8329 -46.1105 17.9433 -0.448111 -0.772051 425.88 0 0
1500 72.9973 -64.5063 17.9351 0.215714 -1.02335 427.661 0 0
1500 115.501 -25.2021 17.949 0.91109 -0.440914 427.161 0 0
1500 48.887 -23.8852 17.9731 -0.0772834 -0.39312 431.96 0 0
1500 74.3236 -34.2931 18.2747 0.319839 -0.596469 425.945 0 0
1500 66.9968 -61.1198 18.0064 0.176617 -0.983441 427.509 0 0
1500 98.0827 4.7201 18.0308 0.697343 0.0230686 425.839 0 0
1500 89.962 -37.5071 18.013 0.564711 -0.603441 427.54 0 0
1500 111.768 8.74128 18.006 0.855016 0.127276 431.363 0 0
1500 121.216 -12.5513 17.9976 1.00984 -0.178337 429.907 0 0
1500 105.97 18.4401 18.0057 0.824933 0.282667 426.907 0 0
1500 102.807 10.3957 18.0534 0.71319 0.185566 432.173 0 0
1500 115.487 32.4188 17.8196 0.914334 0.505983 428.816 0 0
1500 96.8132 22.8039 17.8336 0.668391 0.380957 425.855 0 0
1500 37.4218 -28.7458 17.8992 -0.388185 -0.436624 425.533 0 0
1500 116.39 26.1976 17.8221 0.916052 0.409725 429.713 0 0
1500 99.724 47.331 17.8035 0.672423 0.701492 430.01 0 0
1500 45.7174 45.5744 17.8369 -0.15529 0.770297 426.219 0 0
1500 44.207 17.8888 17.8498 -0.181327 0.349767 425.215 0 0
1500 38.8572 32.091 17.8451 -0.238778 0.515274 432.222 0 0
1500 69.0005 63.8848 17.8239 0.196718 1.0199 428.264 0 0
1500 57.9821 46.6525 17.8394 0.0307879 0.72542 431.726 0 0
1500 85.8942 38.7517 17.8358 0.462096 0.66431 426.319 0 0
1500 114.581 27.1553 17.828 0.849911 0.457726 430.366 0 0
1500 70.044 64.8316 17.8239 0.20898 1.01794 429.323 0 0
1500 67.5251 52.0767 17.944 0.191254 0.859447 427.151 0 0
1500 81.3665 30.5954 17.9529 0.406575 0.540326 426.305 0 0
1500 80.1555 56.3827 17.9384 0.378289 0.913505 427.966 0 0
1500 70.0672 16.1665 17.9612 0.235028 0.321465 425.697 0 0
1500 87.7219 53.7364 17.9399 0.47113 0.83721 430.883 0 0
1500 46.8504 59.6957 17.8149 -0.161624 0.934315 430.595 0 0
1500 67.7237 -0.915769 18.0502 0.241322 -0.0584729 425.981 0 0
1500 100.317 9.74165 18.5281 0.781728 0.1488 430.134 0 0
1500 70.6725 4.84278 18.0224 0.164887 0.129738 426.054 0 0
1500 73.2994 5.54309 18.0219 0.205552 0.140537 426.086 0 0
1500 100.134 31.3199 17.9738 0.731227 0.470567 427.893 0 0
1500 63.0547 53.5304 17.8613 0.0964968 0.889882 427.434 0 0
1500 132.84 3.97827 17.8446 1.14237 0.0949937 431.236 0 0
1500 119.963 22.3891 17.846 0.968685 0.291632 430.667 0 0
1500 94.6384 -50.6094 17.9115 0.63436 -0.771661 428.758 0 0
1500 97.766 -6.80572 17.9253 0.698751 -0.11798 427.086 0 0
1500 66.1462 -17.7592 17.9357 0.215101 -0.289799 426.323 0 0
1500 31.6397 53.8713 18.0012 -0.418675 0.866803 429.083 0 0
1500 69.0209 -18.1644 17.843 0.215949 -0.347965 426.414 0 0
1500 43.7941 26.9182 17.834 -0.163411 0.470446 426.038 0 0
1500 91.3316 42.3582 17.9914 0.590927 0.677323 428.625 0 0
1500 79.8524 55.0354 17.8684 0.27698 0.911216 425.521 0 0
1500 97.9529 10.9449 17.8506 0.637567 0.244333 427.564 0 0
1500 43.2557 -61.5144 17.7966 -0.162462 -0.969853 429.104 0 0
1500 95.2742 -25.7853 17.8355 0.650286 -0.385054 428.029 0 0
1500 99.1677 -38.8865 17.8283 0.702086 -0.580216 428.788 0 0
1500 101.994 -46.1246 17.8056 0.739816 -0.679642 428.892 0 0
1500 71.6584 -46.8456 18.0474 0.282865 -0.769628 429.492 0 0
1500 58.0106 45.0465 18.0862 -0.00353964 0.750805 429.498 0 0
1500 81.7446 -13.6002 18.1356 0.455595 -0.255657 429.882 0 0
1500 114.543 27.1368 18.2256 0.954749 0.508528 426.982 0 0
1500 68.4205 52.2395 17.8727 0.0908366 0.820152 429.332 0 0
1500 44.7189 60.5954 17.8653 -0.268186 0.934656 430.271 0 0
1500 36.7645 20.5924 17.9153 -0.371113 0.377354 428.661 0 0
1500 6.65835 40.0842 17.8932 -0.803982 0.652061 431.382 0 0
1500 132.806 -61.6402 17.8788 1.17815 -0.997215 430.402 0 0
1500 88.3211 -19.4239 18.0877 0.538309 -0.360719 430.208 0 0
1500 84.1984 20.0914 18.2839 0.402527 0.357038 431.313 0 0
1500 84.5074 -6.2956 18.0424 0.480211 -0.159306 429.789 0 0
1500 70.5611 56.7253 17.8727 0.255702 0.905932 430.99 0 0
1500 118.02 15.9832 17.8182 0.970133 0.272436 431.621 0 0
1500 156.933 26.1499 18.1504 1.70088 0.467452 427.017 0 0
1500 105.709 -30.6628 18.3348 0.829863 -0.535391 430.789 0 0
1500 31.2924 -17.1759 17.8976 -0.427638 -0.341208 429.828 0 0
1500 68.9183 -22.3448 17.9003 0.156426 -0.422614 429.64 0 0
1500 7.27659 3.57108 17.8496 -0.842779 0.0200716 430.706 0 0
1500 70.3853 -42.2589 18.0484 0.242945 -0.715028 431.151 0 0
1500 88.0467 -2.00174 18.2952 0.576571 0.0150689 432.18 0 0
1500 111.321 -16.8859 17.852 0.857294 -0.193284 431.682 0 0
1500 59.7555 -30.413 18.0041 -0.0274389 -0.483343 431.129 0 0
1500 90.6622 23.4076 17.849 0.571552 0.402386 431.359 0 0
1500 79.6812 -17.6785 17.8936 0.41799 -0.29516 431.213 0 0
1500 67.4861 41.0502 17.9163 0.185687 0.701896 431.91 0 0
1500 -20.7429 15.8611 18.0106 -1.35984 0.272275 427.871 0 0
1500 43.2414 47.3593 18.1395 -0.196549 0.858945 427.774 0 0
1500 36.8683 53.2052 18.203 -0.338098 0.976373 427.072 0 0
1500 -4.9165 33.5153 17.8681 -1.03914 0.478931 432.047 0 0
1500 93.701 50.013 18.0077 0.650574 0.803255 431.967 0 0
1500 132.157 -7.68969 18.1586 1.28213 -0.0862359 431.421 0 0
1500 64.7734 31.1434 18.1766 0.0746054 0.610121 425.792 0 0
1500 125.114 8.6668 18.2572 1.20498 0.0901876 429.857 0 0
1500 108.014 -31.8573 17.9114 0.807121 -0.590969 431.2 0 0
1500 107.301 25.7861 17.9321 0.818884 0.516821 428.731 0 0
1500 -7.30636 84.2025 17.8734 -1.09277 1.45012 430.769 0 0
1500 128.028 22.0133 18.0204 1.21026 0.427657 432.194 0 0
1500 -56.4821 85.7445 18.1571 -2.06961 1.59278 428.578 0 0
1500 40.495 12.7688 18.1715 -0.247508 0.226906 432.76 0 0
1500 73.089 -3.84443 17.8525 0.241448 0.00909657 432.777 0 0
1500 67.9368 9.81835 17.8522 0.169496 0.200085 432.756 0 0
1500 -5.94193 15.6424 17.8621 -0.999355 0.247861 432.49 0 0
1500 26.2452 57.4232 17.8637 -0.525991 0.852691 432.919 0 0
1500 102.475 -2.59224 18.1127 0.736094 0.0125947 432.921 0 0
1500 51.6973 66.6751 17.893 -0.13162 1.02951 432.566 0 0
1500 41.9575 62.0043 17.8683 -0.240884 0.999969 432.454 0 0
1500 90.7407 -51.8751 18.0365 0.54034 -0.84191 432.675 0 0
1500 58.053 24.5708 17.9606 0.0766188 0.4177 432.688 0 0
1500 54.364 55.3514 17.9747 -0.10335 0.87344 432.644 0 0
1500 64.8038 -25.1231 18.3769 0.21109 -0.445866 432.826 0 0
1500 5.98784 34.076 17.8453 -0.850045 0.472257 432.419 0 0
1500 75.3184 5.30635 18.2807 0.377874 0.133288 432.705 0 0
1500 73.1737 22.9131 18.0353 0.240287 0.427807 432.842 0 0
1500 93.9825 24.7305 17.9279 0.529444 0.458808 432.949 0 0
1500 87.3428 30.3309 17.83 0.469595 0.471992 433.833 0 0
1500 43.1049 46.0359 17.9005 -0.235416 0.714646 434.197 0 0
1500 0.202915 -2.06983 17.8695 -0.891763 -0.0106005 433.861 0 0
1500 82.5955 36.5435 18.1129 0.445884 0.579435 433.133 0 0
1500 13.5149 -43.8025 17.8194 -0.679715 -0.698374 433.189 0 0
1500 28.7589 57.3676 17.8953 -0.462496 0.884891 433.227 0 0
1500 92.5054 -54.7295 17.8786 0.486883 -0.861844 434.455 0 0
1500 115.283 32.4565 17.877 0.917538 0.486264 434.52 0 0
1500 75.4396 -64.2525 17.8724 0.247425 -1.01669 434.448 0 0
1500 165.577 23.8261 17.8555 1.66798 0.349099 434.196 0 0
1500 110.405 27.0053 18.1238 0.888889 0.421131 434.072 0 0
1500 67.1985 54.3575 18.0193 0.144957 0.892685 434.283 0 0
1500 77.0979 49.8153 17.8607 0.359741 0.800552 434.083 0 0
1500 69.1374 -1.94476 18.0439 0.217525 0.0450816 433.52 0 0
1500 103.455 26.1492 17.8194 0.769919 0.389697 434.551 0 0
1500 60.4383 -24.5113 17.8289 -0.042949 -0.380225 433.826 0 0
1500 169.504 50.4679 17.8349 1.82632 0.766582 434.131 0 0
1500 51.497 55.6446 17.9893 -0.146664 0.93487 433.851 0 0
1500 86.6586 53.6596 17.8539 0.534569 0.853535 434.42 0 0
1500 43.8614 39.2247 17.8807 -0.262419 0.571362 434.995 0 0
1500 61.1042 7.01555 17.9225 0.00561531 0.149697 436.054 0 0
1500 43.3389 -33.3549 17.8636 -0.273498 -0.479245 435.353 0 0
1500 64.3763 -0.104299 17.9888 0.168176 -0.0301465 436.89 0 0
1500 96.8327 -7.98639 17.887 0.60735 -0.0690184 436.022 0 0
1500 36.715 -44.817 17.8894 -0.314042 -0.703856 435.882 0 0
1500 52.9121 -7.83043 17.9049 -0.0828843 -0.176233 437.152 0 0
1500 98.5138 2.7508 18.3897 0.692718 0.0501036 438.712 0 0
1500 102.562 2.75802 17.8932 0.706048 0.0498296 436.969 0 0
1500 122.13 -2.31785 17.8787 1.01002 -0.0224992 435.043 0 0
1500 79.872 0.372417 18.0208 0.329216 0.0743495 438.683 0 0
1500 57.8722 -34.035 17.9057 -0.0231853 -0.521738 441.106 0 0
1500 78.5273 -4.23368 18.0312 0.357653 -0.106223 438.93 0 0
1500 68.9811 45.1132 17.9396 0.179753 0.678957 440.614 0 0
1500 129.378 -4.11169 17.7975 1.10985 -0.0672529 436.292 0 0
1500 63.369 -41.8452 17.8788 0.0613316 -0.658344 438.694 0 0
1500 84.8334 11.2367 18.2031 0.423883 0.22301 440.697 0 0
1500 101.912 10.787 17.8681 0.684772 0.190266 439.206 0 0
1500 109.474 41.1621 17.8516 0.82437 0.645597 436.412 0 0
1500 114.044 -7.32481 17.8612 0.865238 -0.0666924 438.488 0 0
1500 98.4723 14.986 18.1515 0.671781 0.217733 440.359 0 0
1500 83.2456 42.3834 17.8532 0.429829 0.614548 439.076 0 0
1500 107.629 -39.1735 17.843 0.789895 -0.552606 437.821 0 0
1500 107.13 31.1473 17.9057 0.826924 0.456306 435.335 0 0
1500 97.9703 -40.477 17.909 0.650125 -0.591271 439.239 0 0
1500 110.512 -22.9647 17.9054 0.877566 -0.361301 435.37 0 0
1500 88.4008 -48.5001 17.8164 0.536529 -0.7493 434.903 0 0
1500 58.9071 54.4829 18.0431 0.0611549 0.894016 435.609 0 0
1500 0.371647 33.6615 17.8502 -0.863905 0.575422 436.412 0 0
1500 101.206 50.2548 17.8501 0.63766 0.821849 436.475 0 0
1500 100.634 -7.61846 18.0055 0.74933 -0.122684 434.869 0 0
1500 112.597 -30.9105 17.9926 0.907361 -0.465537 436.64 0 0
1500 3.07698 -36.5389 17.8231 -0.865491 -0.585145 437.362 0 0
1500 96.5655 29.5734 18.0895 0.673707 0.50041 435.441 0 0
1500 64.2245 1.84761 17.9939 0.105612 -0.0436424 441.689 0 0
1500 34.9259 -54.3803 17.9691 -0.32614 -0.893421 435.972 0 0
1500 113.043 16.8974 17.8648 0.912246 0.270093 435.835 0 0
1500 121.569 -11.5406 17.8615 1.0006 -0.154072 438.522 0 0
1500 95.5969 26.1318 17.8758 0.605906 0.383127 440.445 0 0
1500 35.442 26.374 17.8248 -0.390772 0.374542 440.914 0 0
1500 83.4324 -25.0817 17.9522 0.374522 -0.457012 434.896 0 0
1500 120.436 -8.6718 17.9073 0.974596 -0.1616 439.421 0 0
1500 85.0362 -37.5395 17.9199 0.452843 -0.565599 441.012 0 0
1500 120.478 -2.78654 17.9059 1.00964 -0.0792915 437.06 0 0
1500 109.875 -23.3177 17.8828 0.863402 -0.323017 436.256 0 0
1500 82.5762 -62.4241 17.8462 0.429614 -0.953586 438.438 0 0
1500 106.402 -47.8695 17.8224 0.699819 -0.778666 438.299 0 0
1500 113.22 34.448 17.9074 0.861772 0.556377 439.421 0 0
1500 99.7125 35.303 17.9281 0.666929 0.607958 436.754 0 0
1500 122.337 5.74849 17.9988 1.04276 0.0824625 438.826 0 0
1500 26.7511 -26.8763 17.935 -0.501192 -0.48248 436.078 0 0
1500 99.1777 3.15797 17.8263 0.701303 0.0088005 435.949 0 0
1500 92.6681 -17.484 18.3668 0.62022 -0.331057 438.033 0 0
1500 1.77161 11.94 17.8028 -0.881669 0.154453 440.928 0 0
1500 16.1433 13.9315 17.812 -0.665923 0.180591 441.886 0 0
1500 49.9384 53.14 17.8063 -0.202469 0.798459 436.414 0 0
1500 90.7867 -21.9204 17.8366 0.584011 -0.331207 436.407 0 0
1500 48.7944 19.722 17.9031 -0.0906509 0.369749 436.404 0 0
1500 50.6314 -21.677 18.5445 -0.0698721 -0.378242 438.611 0 0
1500 14.7754 40.4859 17.8471 -0.637026 0.695518 436.99 0 0
1500 46.425 17.1872 18.3168 -0.171082 0.310193 437.989 0 0
1500 76.6647 -11.904 17.903 0.358119 -0.140435 437.985 0 0
1500 70.744 26.14 17.9995 0.269686 0.460112 437.206 0 0
1500 52.8307 14.2379 18.096 -0.0254134 0.263629 444.846 0 0
1500 -6.67675 15.9473 17.8271 -1.00739 0.286008 440.292 0 0
1500 15.558 46.7126 17.8305 -0.667831 0.727425 441.458 0 0
1500 41.3942 44.8794 17.8397 -0.310395 0.742253 437.611 0 0
1500 49.0306 -52.5901 17.9832 -0.130611 -0.881727 437.997 0 0
1500 80.384 -19.2875 17.8683 0.414151 -0.344992 437.184 0 0
1500 100.865 -2.94748 17.9976 0.690661 -0.0303131 444.075 0 0
1500 112.652 -5.94834 17.9899 0.865785 -0.073259 443.281 0 0
1500 94.8848 43.325 17.9868 0.651127 0.664667 439.215 0 0
1500 109.277 3.81861 17.9896 0.872519 0.0697773 438.869 0 0
1500 49.782 -9.9039 18.0442 -0.160682 -0.104015 437.361 0 0
1500 114.196 19.054 17.8127 0.878673 0.283697 442.317 0 0
1500 74.4005 39.9856 17.8225 0.327979 0.628415 437.544 0 0
1500 84.9501 23.5855 18.041 0.421975 0.45603 434.648 0 0
1500 121.006 8.75113 17.9374 1.01425 0.0861017 440.055 0 0
1500 109 -41.1757 17.9357 0.823237 -0.648925 441.032 0 0
1500 69.0038 -57.195 17.9417 0.241691 -0.908026 439.26 0 0
1500 87.2437 -58.6868 17.8901 0.419773 -0.924053 441.906 0 0
1500 29.4352 -7.35889 17.9122 -0.449022 -0.190573 437.477 0 0
1500 110.881 13.0226 18.035 0.843416 0.19948 443.714 0 0
1500 118.494 -28.8497 17.8032 0.962338 -0.410362 441.075 0 0
1500 87.1158 -29.0149 17.9557 0.53737 -0.462652 438.609 0 0
1500 62.1848 -8.19474 18.1588 0.0682892 -0.175939 446.363 0 0
1500 47.7038 -27.2979 18.1526 -0.145547 -0.488179 438.956 0 0
1500 55.738 51.4375 18.1337 -0.0109339 0.847752 440.027 0 0
1500 73.1971 45.7636 17.946 0.227918 0.716862 444.449 0 0
1500 75.9347 56.9131 17.9354 0.283759 0.930665 440.161 0 0
1500 59.7277 63.0902 17.7987 0.0125125 1.02173 440.253 0 0
1500 135.622 -38.1658 18.0339 1.34157 -0.612727 436.356 0 0
1500 120.441 -3.95803 17.8646 0.985803 -0.122422 440.3 0 0
1500 41.1282 5.43899 17.8301 -0.294575 0.0316517 444.526 0 0
1500 25.8575 31.0476 17.819 -0.54953 0.424065 439.536 0 0
1500 78.4866 -29.6635 17.8855 0.369366 -0.497738 440.672 0 0
1500 12.892 -40.1176 17.8891 -0.671829 -0.681452 440.366 0 0
1500 56.0351 24.7429 18.0182 -0.0242132 0.410932 446.139 0 0
1500 93.1362 23.3881 18.0096 0.541447 0.432166 439.468 0 0
1500 66.9715 -32.9075 18.1481 0.144213 -0.513702 447.836 0 0
1500 -4.5984 -9.96534 17.9539 -0.992408 -0.136607 441.146 0 0
1500 129.046 4.43644 17.9443 1.19472 0.132672 437.128 0 0
1500 68.6378 -56.186 18.0188 0.207663 -0.915863 441.145 0 0
1500 16.8173 -31.5343 17.8178 -0.706277 -0.458136 440.049 0 0
1500 81.1241 -18.4171 18.1582 0.4238 -0.276068 447.214 0 0
1500 105.809 -4.38405 18.1485 0.774251 -0.0830409 446.357 0 0
1500 81.1845 25.8868 17.9542 0.332582 0.465593 439.738 0 0
1500 47.7317 42.1725 17.9507 -0.167628 0.652975 446.099 0 0
1500 46.2003 51.0474 17.9452 -0.190571 0.78357 445.574 0 0
1500 103.423 27.7896 18.0169 0.779523 0.427577 441.83 0 0
1500 70.1704 -38.3996 18.0942 0.152783 -0.622602 440.642 0 0
1500 116.986 19.6024 17.819 0.90745 0.23992 444.726 0 0
1500 99.4175 -42.2176 17.8199 0.652861 -0.650517 444.854 0 0
1500 37.6255 100.313 17.8978 -0.292616 1.60389 441.104 0 0
1500 70.9596 26.3063 18.3078 0.213038 0.455383 442.08 0 0
1500 83.7123 -20.6216 18.016 0.362565 -0.354912 447.275 0 0
1500 52.6823 -16.4233 17.8737 -0.0710179 -0.299328 447.149 0 0
1500 103.081 -47.4299 17.8464 0.676197 -0.782354 442.594 0 0
1500 105.538 -46.036 17.846 0.711083 -0.759648 442.762 0 0
1500 70.4449 -5.614 17.8999 0.23984 -0.112304 447.516 0 0
1500 76.8075 27.5354 17.8378 0.319205 0.500361 440.276 0 0
1500 112.528 14.4047 18.2788 0.936578 0.228176 443.697 0 0
1500 102.192 -18.5553 18.1303 0.770366 -0.372911 438.444 0 0
1500 62.4694 84.9788 17.8366 0.0306212 1.33521 443.319 0 0
1500 66.1106 5.42029 17.8468 0.175577 0.145941 440.329 0 0
1500 54.592 67.0481 17.8176 -0.00469769 1.04575 444.373 0 0
1500 122.102 -14.052 17.8619 0.998137 -0.296308 441.121 0 0
1500 37.3559 -41.394 17.9125 -0.385234 -0.648203 441.808 0 0
1500 51.0095 -13.4728 18.047 -0.203634 -0.21553 434.927 0 0
1500 74.617 -27.8298 18.2871 0.369036 -0.47038 443.295 0 0
1500 112.286 -27.8457 18.0327 0.868775 -0.481996 444.437 0 0
1500 61.7296 22.0692 17.8963 0.0551354 0.420918 441.585 0 0
1500 86.2656 -52.0702 17.8333 0.447575 -0.808799 446.928 0 0
1500 65.0438 -13.8001 17.8549 0.138154 -0.250761 448.959 0 0
1500 101.826 -6.56064 18.4297 0.785458 -0.147336 444.789 0 0
1500 -41.0777 -118.367 17.8134 -1.47634 -1.83833 444.62 0 0
1500 118.149 19.7724 17.8154 0.974738 0.24131 441.614 0 0
1500 103.491 -5.72291 18.3868 0.831865 -0.0561979 443.683 0 0
1500 55.4211 59.9418 17.8722 0.00403222 0.970372 443.998 0 0
1500 109.771 19.5359 17.8755 0.830293 0.363216 443.517 0 0
1500 101.74 45.3316 17.8713 0.674015 0.718893 446.854 0 0
1500 57.4031 -21.2295 17.9275 -0.00137441 -0.365775 449.444 0 0
1500 121.374 0.28709 18.054 1.14566 0.0237121 438.215 0 0
1500 -5.07543 22.2479 17.8814 -0.986854 0.314443 446.294 0 0
1500 6.37121 -31.4644 17.8849 -0.845045 -0.485319 444.229 0 0
1500 27.8091 37.5762 17.8946 -0.531316 0.565238 443.058 0 0
1500 30.9791 48.8795 17.8899 -0.479203 0.733343 443.53 0 0
1500 101.609 19.5677 17.837 0.689182 0.268708 448.341 0 0
1500 45.8178 45.0149 17.9433 -0.142677 0.801123 438.806 0 0
1500 61.7792 10.6138 18.0784 0.0304514 0.214079 442.687 0 0
1500 36.1386 -53.3536 17.9259 -0.379968 -0.849525 444.312 0 0
1500 86.2607 8.67381 17.9404 0.528572 0.175722 441.119 0 0
1500 13.0048 -10.4495 17.8361 -0.754296 -0.206735 443.361 0 0
1500 9.62693 -41.0669 17.8255 -0.760999 -0.639835 447.227 0 0
1500 32.6882 -52.4033 17.8305 -0.421161 -0.795278 448.025 0 0
1500 73.4366 -16.8682 18.2633 0.224083 -0.292258 444.325 0 0
1500 42.2319 -1.62855 18.004 -0.265381 -0.0907552 443.31 0 0
1500 109.382 -16.4278 17.9328 0.808074 -0.262499 449.561 0 0
1500 -42.8431 13.7129 17.804 -1.56075 0.139207 445.393 0 0
1500 17.2429 49.8941 17.85 -0.61314 0.793252 448.11 0 0
1500 -14.1481 4.76396 17.8999 -1.21251 0.109307 442.292 0 0
1500 69.94 -41.7058 18.7099 0.274185 -0.788255 438.328 0 0
1500 70.1522 -43.8815 17.9612 0.158654 -0.734274 444.865 0 0
1500 105.319 -10.0086 17.8869 0.828546 -0.119067 441.921 0 0
1500 122.036 -13.5152 17.8295 0.979484 -0.253284 448.262 0 0
1500 88.0767 11.6921 17.8503 0.517863 0.121709 443.875 0 0
1500 100.147 -7.1271 17.8437 0.700126 -0.169808 444.387 0 0
1500 41.6454 129.513 17.802 -0.280804 2.05157 445.088 0 0
1500 153.31 58.7092 17.8248 1.46315 0.903375 447.742 0 0
1500 104.519 -11.6575 18.0341 0.748112 -0.152185 450.876 0 0
1500 13.517 34.99 17.8036 -0.652287 0.584557 448.227 0 0
1500 24.3795 38.9897 17.8054 -0.510082 0.664629 446.003 0 0
1500 87.2085 -54.9383 17.9474 0.445244 -0.871011 448.701 0 0
1500 91.1997 -14.4939 18.3907 0.646047 -0.207724 446.757 0 0
1500 65.2762 -37.3301 17.8813 0.190674 -0.595573 445.296 0 0
1500 124.892 62.7349 17.8902 1.16329 1.01796 441.824 0 0
1500 56.4679 50.6525 17.944 -0.101178 0.827078 441.513 0 0
1500 101.772 -6.55781 17.9367 0.753968 -0.118582 445.825 0 0
1500 31.6209 55.2033 17.8446 -0.494907 0.854706 443.69 0 0
1500 78.5661 -32.914 18.1964 0.339025 -0.572165 446.305 0 0
1500 89.6528 -45.765 17.8461 0.441913 -0.761591 445.971 0 0
1500 111.521 -23.4212 17.9456 0.928254 -0.454377 441.29 0 0
1500 54.9183 -66.298 17.8655 -0.0187602 -1.044 448.632 0 0
1500 45.9948 -60.9477 17.8703 -0.147066 -0.947739 449.903 0 0
1500 84.2585 2.26921 18.2172 0.422046 0.105288 438.865 0 0
1500 51.0208 36.0103 18.0779 -0.0771425 0.627279 446.072 0 0
1500 80.0164 50.2578 18.0248 0.325818 0.845672 445.341 0 0
1500 34.0869 61.9963 17.8566 -0.394656 0.96765 449.047 0 0
1500 51.1445 -66.0555 17.8766 -0.122748 -1.00429 451.364 0 0
1500 89.028 49.4169 18.043 0.557544 0.811818 446.412 0 0
1500 66.0123 47.0009 17.9132 0.204051 0.749244 446.574 0 0
1500 90.0288 39.8276 17.9215 0.477407 0.634265 452.189 0 0
1500 82.5718 2.22487 17.9351 0.365686 0.0996166 453.351 0 0
1500 75.306 13.979 17.9342 0.294589 0.293659 445.993 0 0
1500 109.67 41.4579 17.9086 0.788731 0.685997 449.246 0 0
1500 76.4763 10.8038 17.9355 0.280549 0.219145 453.385 0 0
1500 73.765 58.4529 17.9142 0.250031 0.909765 451.298 0 0
1500 115.232 22.677 17.9124 0.885633 0.41505 448.129 0 0
1500 55.4303 66.3762 17.9085 -0.0134833 1.04689 449.743 0 0
1500 89.7294 -54.1554 17.8467 0.462616 -0.887682 448.16 0 0
1500 117.063 -22.4447 17.9339 0.931122 -0.400942 448.703 0 0
1500 28.481 -34.6291 17.9309 -0.470325 -0.600833 446.978 0 0
1500 59.3692 -33.9431 17.8159 0.0671732 -0.587901 446.014 0 0
1500 99.4988 20.3035 18.2092 0.67737 0.381184 448.473 0 0
1500 138.501 32.4537 17.8999 1.40966 0.535402 443.034 0 0
1500 129.728 1.78647 18.3192 1.37581 0.0691304 439.336 0 0
1500 52.2037 -44.026 17.8359 -0.0281551 -0.72604 447.618 0 0
1500 190.26 -76.2176 17.8011 1.96866 -1.17786 451.27 0 0
1500 79.7552 -33.1164 18.1386 0.455895 -0.571308 444.915 0 0
1500 97.8007 -30.1546 18.088 0.709939 -0.463535 449.412 0 0
1500 97.4035 -13.1247 17.8686 0.595413 -0.278284 447.847 0 0
1500 31.8702 -131.693 17.9862 -0.478668 -2.23904 443.843 0 0
1500 43.677 -44.5188 18.3329 -0.214664 -0.824656 443.397 0 0
1500 -3.10098 4.32228 17.9636 -0.972937 0.0740787 450.347 0 0
1500 23.1817 -7.95131 17.9818 -0.538968 -0.102498 455.255 0 0
1500 17.9219 14.5704 17.9783 -0.614899 0.213037 454.971 0 0
1500 64.3099 18.5273 17.9844 0.0492316 0.300007 455.72 0 0
1500 81.6851 -13.433 18.0708 0.46926 -0.224934 448.813 0 0
1500 121.115 -10.4296 18.0482 1.02855 -0.171013 451.767 0 0
1500 0.890795 -29.7597 17.8591 -0.917159 -0.407145 450.361 0 0
1500 26.8815 28.1272 17.8728 -0.540429 0.474519 448.671 0 0
1500 -8.22827 6.86428 17.8565 -1.03827 0.140891 451.379 0 0
1500 39.4957 -12.6491 17.884 -0.31365 -0.139612 455.361 0 0
1500 -8.51933 1.96741 17.8566 -1.04426 0.0685453 451.27 0 0
1500 21.2352 -45.5133 18.0259 -0.577259 -0.766711 448.895 0 0
1500 48.8976 -16.5429 18.173 -0.161911 -0.292631 449.065 0 0
1500 28.9373 -25.4456 18.1652 -0.464344 -0.425643 449.625 0 0
1500 92.2888 -30.3247 17.9981 0.616843 -0.48596 449.645 0 0
1500 76.977 27.9452 18.0003 0.281933 0.546649 443.327 0 0
1500 73.8616 -14.623 18.3768 0.370502 -0.330368 440.397 0 0
1500 86.1509 42.5334 18.0714 0.468619 0.785675 444.786 0 0
1500 101.788 84.4052 18.0325 0.781259 1.40588 446.956 0 0
1500 59.7692 60.9612 17.862 -0.0451113 0.94759 449.724 0 0
1500 52.0889 9.97728 18.3708 -0.0943099 0.270611 439.911 0 0
1500 33.0989 61.4288 17.8585 -0.341312 0.967072 453.24 0 0
1500 93.0842 10.6998 17.8773 0.566732 0.24085 449.271 0 0
1500 83.8979 59.9892 17.8574 0.406737 0.962289 452.085 0 0
1500 107.234 41.8737 17.8599 0.73651 0.678191 453.6 0 0
1500 66.1118 42.2399 17.8726 0.148117 0.725022 449.655 0 0
1500 81.9639 -61.6699 17.8597 0.405602 -0.958278 453.095 0 0
1500 -52.3819 -14.0668 17.8528 -1.83511 -0.26438 447.601 0 0
1500 40.6504 -27.05 17.8294 -0.242934 -0.450876 456.124 0 0
1500 34.9502 -57.8553 17.8083 -0.345747 -0.946194 451.476 0 0
1500 76.2867 -26.2511 18.2864 0.328956 -0.531339 443.76 0 0
1500 44.2719 -28.6708 17.8801 -0.279767 -0.421544 450.556 0 0
1500 84.6472 -52.375 17.8836 0.439055 -0.801896 455.552 0 0
1500 101.099 -46.6439 17.828 0.670348 -0.770394 453.131 0 0
1500 35.2943 5.11026 17.8828 -0.383324 0.0672871 458.068 0 0
1500 56.9213 49.1616 18.054 -0.000567949 0.819667 452.728 0 0
1500 117.123 -13.3304 18.3706 1.05508 -0.291364 448.421 0 0
1500 70.2534 -5.39761 17.9929 0.254165 -0.0937621 459.045 0 0
1500 46.5539 23.9769 18.0382 -0.215032 0.412036 451.9 0 0
1500 54.1953 -0.892115 18.0439 -0.0977264 0.0286079 451.528 0 0
1500 150.541 44.134 17.9148 1.55507 0.786452 448.477 0 0
1500 215.21 -21.2349 17.8486 2.5051 -0.404999 450.759 0 0
1500 66.2826 30.1673 18.1815 0.199206 0.622784 442.405 0 0
1500 103.252 10.553 18.0609 0.729259 0.126756 458.71 0 0
1500 63.4984 -28.7089 18.0299 0.0308293 -0.4396 450.515 0 0
1500 48.0324 -5.24567 18.3126 -0.211492 -0.176805 442.666 0 0
1500 70.5567 -4.00719 17.9143 0.18834 -0.13892 452.813 0 0
1500 78.0391 -62.1257 17.8857 0.290604 -0.996395 456.021 0 0
1500 76.64 -61.6462 17.8863 0.270636 -0.992325 455.814 0 0
1500 67.3684 6.21091 17.8895 0.144851 0.175015 452.994 0 0
1500 29.2647 59.7519 17.8608 -0.422378 0.948044 457.324 0 0
1500 89.41 39.0827 17.8718 0.479229 0.674552 454.367 0 0
1500 57.7737 63.5183 17.8616 -0.00495496 1.02424 455.922 0 0
1500 32.3907 40.4543 17.8756 -0.36425 0.643606 459.639 0 0
1500 70.6617 49.8528 18.0627 0.169496 0.809028 455.308 0 0
1500 55.2937 29.0708 18.1862 -0.0215594 0.515437 454.763 0 0
1500 109.736 40.4341 17.9016 0.807422 0.65059 457.768 0 0
1500 70.1718 -2.26301 17.9303 0.218615 0.025639 461.179 0 0
1500 93.362 42.8583 17.9105 0.554714 0.669666 459.437 0 0
1500 96.8462 9.29796 18.1486 0.622215 0.216829 455.45 0 0
1500 97.6617 50.1489 17.8781 0.574548 0.797061 458.991 0 0
1500 88.5295 62.9674 17.9431 0.588457 1.06725 449.945 0 0
1500 51.1451 -75.9283 18.0593 -0.0530267 -1.32765 450.288 0 0
1500 -79.6224 -44.2838 17.8032 -2.14232 -0.610428 455.565 0 0
1500 -5.13725 7.62108 17.8977 -1.00888 0.120239 456.871 0 0
1500 95.3643 -46.9787 17.8942 0.582651 -0.735917 459.985 0 0
1500 109.399 -26.2734 17.8938 0.82557 -0.461612 456.5 0 0
1500 77.1631 5.32678 17.8709 0.321442 0.158861 455.067 0 0
1500 101.852 9.77197 17.8514 0.691229 0.218558 457.266 0 0
1500 100.405 -34.8108 17.8142 0.665921 -0.535356 460.944 0 0
1500 31.3786 106.889 17.836 -0.427632 1.639 458.972 0 0
1500 -0.853732 29.9589 17.8295 -0.926919 0.481497 459.121 0 0
1500 59.9492 60.642 17.8342 -0.032895 0.960102 457.212 0 0
1500 42.5793 13.0749 17.8566 -0.273504 0.221538 462.631 0 0
1500 12.3866 -24.4007 18.2484 -0.774162 -0.443246 452.286 0 0
1500 79.4377 -7.9612 17.8495 0.354953 -0.199839 455.346 0 0
1500 38.8911 -61.418 17.8246 -0.266853 -0.991896 458.12 0 0
1500 46.1569 -41.1804 17.8393 -0.162968 -0.710249 456.112 0 0
1500 78.2665 -62.6707 17.8234 0.318832 -0.998614 458.925 0 0
1500 56.0207 -9.52666 17.8531 -0.00969161 -0.200556 462.923 0 0
1500 105.161 -61.8747 17.8506 0.82668 -1.02856 453.841 0 0
1500 66.9576 56.1537 17.8946 0.188566 0.991103 452.801 0 0
1500 55.1067 17.4562 18.2424 -0.124153 0.301685 448.289 0 0
1500 99.7322 58.7675 17.9838 0.749443 0.94483 455.546 0 0
1500 112.362 1.38498 18.0444 0.91211 0.0574459 458.506 0 0
1500 26.0784 71.6239 17.8404 -0.541028 1.15927 457.099 0 0
1500 3.69016 -25.1272 17.8364 -0.83406 -0.410338 461.734 0 0
1500 66.2201 -36.4469 17.8517 0.0646155 -0.560617 463.304 0 0
1500 55.4914 -67.0519 17.8305 -0.0900102 -1.03272 460.465 0 0
1500 4.17105 25.9972 17.836 -0.872555 0.343492 458.118 0 0
1500 -5.72151 -17.9482 17.8305 -0.987166 -0.312573 460.494 0 0
1500 135.16 -33.398 17.8052 1.21487 -0.478761 459.697 0 0
1500 33.6243 33.9263 17.8502 -0.341263 0.549706 463.157 0 0
1500 22.8933 -0.0122379 18.0606 -0.570705 0.0459821 457.875 0 0
1500 45.1731 -8.69978 18.068 -0.230519 -0.0880469 457.369 0 0
1500 30.3826 14.1707 18.0634 -0.412214 0.238489 464.756 0 0
1500 103.655 16.4809 17.92 0.780936 0.275392 458.43 0 0
1500 108.106 -22.2105 17.9165 0.843892 -0.313379 458.817 0 0
1500 -1.58987 -6.97469 17.8083 -0.90603 -0.182268 459.029 0 0
1500 120.285 -9.97658 17.8058 0.945054 -0.226695 459.405 0 0
1500 33.9007 91.5627 17.8705 -0.393583 1.5419 456.039 0 0
1500 88.4387 -9.19799 18.0026 0.529754 -0.20788 458.547 0 0
1500 105.58 -44.8969 17.9811 0.757639 -0.72326 461.644 0 0
1500 71.8986 41.0424 18.0606 0.209006 0.770397 452.848 0 0
1500 77.435 33.1125 17.8396 0.313641 0.525409 464.684 0 0
1500 108.861 -7.17617 17.831 0.823455 -0.0468628 458.971 0 0
1500 115.424 27.9943 17.8226 0.874286 0.466313 462.689 0 0
1500 -11.2292 -33.009 17.8625 -1.09972 -0.547678 459.986 0 0
1500 101.32 -10.4471 17.8217 0.654803 -0.0926233 464.536 0 0
1500 120.278 28.3863 17.8166 0.978187 0.375048 461.695 0 0
1500 100.865 -9.77769 17.8906 0.667571 -0.095913 465.107 0 0
1500 75.6804 63.0157 17.8309 0.291087 0.990085 462.571 0 0
1500 135.682 72.8929 17.9533 1.28712 1.26816 455.809 0 0
1500 111.815 2.36456 18.0558 0.856472 0.053261 465.207 0 0
1500 118.768 -16.9236 18.0093 0.996026 -0.266107 462.154 0 0
1500 87.104 9.43785 18.03 0.548116 0.128928 459.599 0 0
1500 107.964 -51.4952 18.1992 0.911625 -0.886912 456.273 0 0
1500 62.0074 -0.401199 17.9522 0.0260538 -0.0660834 458.774 0 0
1500 24.1354 -57.2273 17.9218 -0.5341 -0.900875 462.452 0 0
1500 16.4933 -52.3336 17.9221 -0.641028 -0.821221 463.067 0 0
1500 -7.12343 -65.174 17.8029 -0.967365 -1.01182 463.944 0 0
1500 0.319443 -25.6977 17.8142 -0.940367 -0.361051 461.29 0 0
1500 -4.35834 -23.2224 17.8126 -0.984923 -0.315518 463.033 0 0
1500 50.4617 66.8753 17.8123 -0.184103 1.02319 461.874 0 0
1500 27.5163 59.8108 17.8119 -0.520614 0.907665 462.622 0 0
1500 64.137 -15.5442 17.8324 0.0176859 -0.263827 458.71 0 0
1500 49.8584 0.149906 18.1471 -0.127842 -0.0746485 456.547 0 0
1500 84.4017 -17.1571 18.1218 0.516487 -0.247174 460.636 0 0
1500 113.171 1.36498 17.8182 0.905547 -0.0178139 460.832 0 0
1500 58.7667 -29.0426 17.8355 0.0696776 -0.443362 466.491 0 0
1500 141.403 27.7879 17.9762 1.49059 0.475393 454.677 0 0
1500 120.408 24.4719 18.015 1.09299 0.487371 454.815 0 0
1500 120.954 18.1981 17.8191 0.978469 0.296634 464.273 0 0
1500 48.4728 31.3109 17.9912 -0.147934 0.556572 460.363 0 0
1500 148.289 -6.67042 17.8615 1.38267 -0.102362 464.647 0 0
1500 30.4529 -56.8379 17.8869 -0.400919 -0.907865 463.689 0 0
1500 36.7837 -57.0939 17.8878 -0.312567 -0.925264 462.686 0 0
1500 68.6142 -45.967 17.8968 0.16555 -0.776955 461.173 0 0
1500 90.5826 -17.8334 17.9038 0.505632 -0.351556 460.508 0 0
1500 69.3753 -7.62704 17.9743 0.211498 -0.136384 471.175 0 0
1500 88.9345 -18.98 18.3038 0.509537 -0.39986 451.916 0 0
1500 117.548 -6.99985 17.9778 0.980086 -0.0744051 463.296 0 0
1500 76.7422 10.6109 18.0005 0.342576 0.175705 468.461 0 0
1500 96.9438 1.55211 17.9914 0.687619 0.0549318 461.737 0 0
1500 72.7845 -19.0712 17.8776 0.173147 -0.345768 461.044 0 0
1500 -2.93318 -23.0535 17.8638 -0.953507 -0.345613 466.011 0 0
1500 116.866 7.59087 18.2772 1.16276 0.200821 451.571 0 0
1500 39.6658 49.2601 18.0149 -0.355399 0.780377 460.209 0 0
1500 103.711 -33.1684 17.9062 0.824973 -0.507787 458.318 0 0
1500 -49.4646 -16.3782 17.8273 -1.74383 -0.192689 461.526 0 0
1500 97.5805 16.9079 18.0759 0.701143 0.228489 464.956 0 0
1500 100.78 -15.5838 18.0758 0.699818 -0.245077 469.653 0 0
1500 113.929 -2.27263 18.0685 0.898736 -0.0581369 468.596 0 0
1500 129.893 47.7035 18.0967 1.26748 0.809445 460.36 0 0
1500 88.5335 24.9992 18.1707 0.550599 0.441475 464.807 0 0
1500 32.554 -49.9658 17.8619 -0.391452 -0.861844 462.875 0 0
1500 53.2057 -47.6003 17.8863 -0.0812133 -0.804252 464.488 0 0
1500 81.2592 -29.8389 17.9448 0.407164 -0.527728 464.225 0 0
1500 91.1933 -30.7232 17.8653 0.591383 -0.471999 465.142 0 0
1500 96.2579 15.6982 18.309 0.661735 0.352039 457.618 0 0
1500 120.385 2.60161 17.8774 1.00936 0.0707978 467.14 0 0
1500 86.2658 8.50487 18.026 0.52917 0.0973165 465.748 0 0
1500 120.786 20.2899 17.8738 1.00094 0.294141 469.048 0 0
1500 104.807 -29.9494 17.8489 0.748524 -0.52373 466.769 0 0
1500 94.4462 -9.66438 17.8608 0.601448 -0.21895 465.615 0 0
1500 -2.1669 78.6468 17.8135 -0.91944 1.25441 467.897 0 0
1500 54.6165 -20.4321 17.8324 -0.130939 -0.340519 465.635 0 0
1500 16.9152 53.6475 17.8057 -0.687355 0.780726 468.768 0 0
1500 19.8576 33.5854 17.8169 -0.662293 0.495478 466.861 0 0
1500 42.4798 -48.8764 18.0054 -0.24217 -0.811117 467.927 0 0
1500 131.642 -38.5764 17.8898 1.23067 -0.637573 465.857 0 0
1500 110.702 23.4486 17.9633 0.865259 0.404646 468.583 0 0
1500 118.114 -22.868 18.1177 1.14096 -0.445555 459.195 0 0
1500 -5.98477 18.8568 17.8664 -1.01366 0.26238 470.295 0 0
1500 144.467 0.175688 18.1031 1.50271 0.0264085 465.008 0 0
1500 71.5487 -51.1946 17.8322 0.211544 -0.774252 475.811 0 0
1500 100.045 6.5983 17.8577 0.641293 0.147174 474.815 0 0
1500 92.5786 -9.28194 17.8599 0.588714 -0.0847163 468.456 0 0
1500 103.019 44.7275 17.8421 0.702129 0.704582 472.916 0 0
1500 116.913 -7.92585 17.8566 0.914017 -0.0603096 473.695 0 0
1500 66.7573 -53.6871 17.9157 0.174128 -0.884388 471.728 0 0
1500 116.998 7.0785 17.9532 1.00301 0.0527436 468.848 0 0
1500 50.66 38.4352 17.9066 -0.157679 0.648567 470.919 0 0
1500 59.492 -9.07984 17.9188 -0.0217317 -0.0854597 470.07 0 0
1500 50.7365 -42.9893 17.8969 -0.0956554 -0.737227 471.527 0 0
1500 68.4997 -7.47965 18.0591 0.237025 -0.0843007 478.892 0 0
1500 4.69746 -26.838 17.8471 -0.833254 -0.370813 476.254 0 0
1500 50.9425 -12.0654 17.9437 -0.085784 -0.237358 479.192 0 0
1500 91.8143 36.2144 18.1319 0.529154 0.656344 468.666 0 0
1500 69.428 13.6738 17.8193 0.119892 0.251518 479.127 0 0
1500 63.2643 -64.4136 17.8788 0.126079 -0.99212 476.804 0 0
1500 88.0048 -32.5369 17.8931 0.472256 -0.516374 478.626 0 0
1500 78.2457 -62.358 17.8772 0.345351 -0.968187 476.386 0 0
1500 109.378 -13.6016 17.8853 0.835048 -0.268534 473.46 0 0
1500 100.833 -30.3695 17.888 0.658109 -0.489238 478.123 0 0
1500 63.9519 -36.241 17.8973 0.131865 -0.565772 478.991 0 0
1500 108.332 39.9397 17.8121 0.800956 0.599573 477.558 0 0
1500 58.0449 -6.44673 18.0013 0.0766453 -0.127408 481.49 0 0
1500 118.162 -60.1802 17.8058 0.928655 -0.910184 478.456 0 0
1500 29.3272 31.32 17.8273 -0.440582 0.550874 475.733 0 0
1500 77.4255 37.2034 17.8288 0.274231 0.607039 479.327 0 0
1500 15.5838 6.5337 17.8285 -0.650791 0.175261 475.563 0 0
1500 97.9365 25.8594 17.9006 0.600875 0.481836 472.9 0 0
1500 144.649 93.7331 17.8358 1.42857 1.52665 473.65 0 0
1500 75.0336 -24.1864 17.8322 0.318148 -0.432136 474.595 0 0
1500 82.376 3.18719 17.835 0.433823 -0.00576891 474.402 0 0
1500 86.9592 36.8095 17.8072 0.449561 0.580553 481.389 0 0
1500 39.3201 53.7377 17.7989 -0.244256 0.881427 476.579 0 0
1500 92.3564 -50.4352 18.1158 0.618384 -0.953563 469.563 0 0
1500 87.2558 33.181 17.836 0.527189 0.498198 477.901 0 0
1500 30.4065 49.2107 17.7998 -0.398324 0.822229 478.916 0 0
1500 57.0771 65.8694 17.793 0.00828145 1.03665 481.429 0 0
1500 40.7139 -31.4966 17.8503 -0.247574 -0.513743 484.41 0 0
1500 44.927 -63.3392 17.9019 -0.182467 -1.01687 481.112 0 0
1500 80.1321 -68.4924 17.8387 0.324431 -1.096 481.458 0 0
1500 107.281 27.3765 17.965 0.801186 0.530856 475.917 0 0
1500 90.6251 2.24317 17.9902 0.532801 -0.00514034 486.777 0 0
1500 85.7868 26.2454 17.9172 0.496242 0.455535 484.683 0 0
1500 52.6999 41.4715 18.1323 -0.147187 0.690974 493.082 0 0
