Total number of secondary electrons: 1493
1500 132.715 1.20377 17.7886 1.91913 0.0398648 247.013 0 0
1500 94.5488 1.24522 16.917 0.818989 -0.0200943 274.914 0 0
1500 90.1399 -0.249727 16.2885 0.711468 0.0360119 279.17 0 0
1500 93.7748 5.43246 16.9381 0.822963 0.0790431 282.066 0 0
1500 93.3743 10.7538 16.3789 0.742684 0.168819 284.815 0 0
1500 92.863 9.32689 16.2215 0.703394 0.103338 285.601 0 0
1500 89.1384 0.561356 16.0298 0.633831 0.0411496 288.133 0 0
1500 102.783 -19.6728 16.5171 0.979961 -0.323895 288.597 0 0
1500 100.152 28.9673 15.045 0.789516 0.450155 288.604 0 0
1500 105.776 -5.21544 14.5551 0.7266 -0.0682719 289.563 0 0
1500 93.7598 -11.1778 15.9667 0.685914 -0.130729 289.989 0 0
1500 85.7998 47.3736 14.5569 0.422751 0.687827 291.753 0 0
1500 99.1241 3.18041 15.7086 0.757004 0.0539886 291.89 0 0
1500 107.789 -2.41961 16.3203 0.973579 0.012202 292.415 0 0
1500 98.8173 -2.38618 16.0327 0.78379 -0.0446511 292.7 0 0
1500 98.4749 0.75374 16.3253 0.808422 -0.0102651 292.808 0 0
1500 100.214 4.32659 16.1203 0.782381 0.0669725 296.438 0 0
1500 86.872 35.4479 14.5536 0.412156 0.465727 299.704 0 0
1500 -23.0917 164.275 14.0902 -1.02175 1.92862 299.943 0 0
1500 80.3739 -0.166157 15.787 0.471473 0.0303139 300.703 0 0
1500 95.652 4.13346 16.256 0.724307 0.0367504 303.322 0 0
1500 78.1719 9.70296 14.5485 0.34008 0.0966698 303.788 0 0
1500 95.2227 -19.9783 14.5796 0.533165 -0.24501 304.492 0 0
1500 77.9391 13.4995 15.8858 0.406994 0.196553 306.213 0 0
1500 300.643 -56.9933 15.3365 4.04177 -0.950478 307.193 0 0
1500 87.7141 -10.4941 15.2204 0.493621 -0.102633 309.322 0 0
1500 81.5602 1.20844 16.294 0.533451 -0.0206013 309.514 0 0
1500 104.531 23.5318 15.7645 0.888556 0.400163 310.666 0 0
1500 82.3244 -11.1495 15.4488 0.418566 -0.120143 310.759 0 0
1500 87.5925 -2.14343 16.5501 0.613006 -0.07485 311.797 0 0
1500 84.5381 -6.75941 16.0813 0.542468 -0.0771081 313.096 0 0
1500 81.7202 3.77941 16.1892 0.490559 0.0902974 313.926 0 0
1500 14.0033 -30.6375 14.4043 -0.530018 -0.427321 316.95 0 0
1500 89.1411 8.10064 15.9456 0.586173 0.0683109 317.274 0 0
1500 83.1044 -18.7014 15.9459 0.506096 -0.295637 317.428 0 0
1500 83.8515 -52.253 14.3849 0.274065 -0.701815 317.634 0 0
1500 91.8379 -55.8469 14.3726 0.400067 -0.722296 317.83 0 0
1500 108.581 17.8594 15.7527 0.953724 0.26998 318.009 0 0
1500 119.07 -35.9865 14.3615 0.720595 -0.484412 318.174 0 0
1500 67.3395 -73.6545 14.3617 0.107849 -0.92338 318.782 0 0
1500 61.7514 15.9505 14.7267 0.0767302 0.248393 318.813 0 0
1500 78.0892 -5.13866 16.3363 0.467427 -0.104134 319.38 0 0
1500 88.8198 -31.7394 14.4114 0.449384 -0.4239 321.59 0 0
1500 84.7905 14.2893 15.7392 0.469525 0.208681 321.715 0 0
1500 61.2158 27.186 14.6152 0.104237 0.420864 322.12 0 0
1500 72.4526 2.15432 14.4302 0.25426 0.0156253 322.399 0 0
1500 83.7884 12.2893 16.0649 0.503341 0.186502 323.23 0 0
1500 69.3122 10.5742 14.8478 0.150537 0.162084 323.346 0 0
1500 -14.656 -6.01451 14.3412 -0.944337 -0.12157 323.339 0 0
1500 95.3784 -2.17402 15.3213 0.607463 0.00177999 324.208 0 0
1500 66.9758 -24.3723 14.6725 0.0810696 -0.309014 324.938 0 0
1500 71.3412 37.0114 14.7485 0.240007 0.515265 327.032 0 0
1500 66.0227 -20.9722 15.1229 0.172124 -0.319651 327.225 0 0
1500 80.2304 -12.5102 14.8015 0.314954 -0.212849 328.05 0 0
1500 87.979 4.56701 15.809 0.52798 0.108136 328.324 0 0
1500 124.12 -15.6861 15.5763 1.19601 -0.225324 329.129 0 0
1500 88.7974 19.9391 15.3339 0.520283 0.263456 329.932 0 0
1500 96.2855 -11.6369 15.216 0.551433 -0.203959 329.927 0 0
1500 93.9388 9.98302 15.3385 0.582973 0.141119 329.993 0 0
1500 101.288 2.85605 15.6331 0.701567 0.0145175 330.696 0 0
1500 97.249 -24.4345 15.057 0.503553 -0.345276 331.13 0 0
1500 80.5488 -31.7215 14.9503 0.306061 -0.37504 331.94 0 0
1500 95.0868 21.0945 15.2871 0.603858 0.314692 332.17 0 0
1500 93.1946 0.319456 14.9901 0.517591 -0.00525181 332.916 0 0
1500 87.5939 28.8666 15.0025 0.444778 0.360052 333.09 0 0
1500 87.9814 -25.6368 15.3493 0.429905 -0.403521 333.614 0 0
1500 30.6645 12.5885 15.3496 -0.369285 0.226492 333.95 0 0
1500 47.78 -21.2332 15.4453 -0.151026 -0.320286 335.202 0 0
1500 116.82 41.9028 15.1675 0.795872 0.512139 335.336 0 0
1500 81.7631 -6.42559 16.2515 0.4058 -0.134586 335.966 0 0
1500 92.5444 7.80344 16.8131 0.731752 0.119452 336.072 0 0
1500 134.385 -7.35374 15.2336 1.00345 -0.0994561 336.21 0 0
1500 79.5776 1.19358 16.4233 0.460708 0.0513507 336.336 0 0
1500 65.6316 62.455 15.4833 0.109991 0.8426 336.411 0 0
1500 -13.5337 -2.84492 15.3455 -0.932286 -0.0315392 336.461 0 0
1500 80.4801 67.7051 15.3833 0.297686 0.896955 336.773 0 0
1500 126.799 -42.903 15.3113 0.898941 -0.530294 337.219 0 0
1500 138.219 -9.69054 15.316 1.03699 -0.126544 337.279 0 0
1500 121.388 5.16236 15.8809 0.967389 0.0573104 337.697 0 0
1500 76.468 -14.2273 15.6637 0.3329 -0.191925 337.985 0 0
1500 128.003 -43.0199 15.395 0.901866 -0.5249 338.288 0 0
1500 72.0214 -11.2828 15.9669 0.264219 -0.147502 338.834 0 0
1500 58.6879 6.21518 15.556 -0.0313811 0.120433 339.252 0 0
1500 85.2175 -0.0503125 16.9337 0.487328 -0.0172117 339.8 0 0
1500 104.314 -2.34478 16.4144 0.73278 -0.034052 339.792 0 0
1500 68.3571 33.5887 15.8678 0.157155 0.522015 339.773 0 0
1500 79.8698 -28.696 16.9303 0.455008 -0.473325 339.925 0 0
1500 66.8768 -51.1392 15.6856 0.0655966 -0.685824 340.264 0 0
1500 93.8605 3.94734 16.1664 0.568798 0.144556 340.371 0 0
1500 92.3122 -11.1777 15.8155 0.445606 -0.171406 340.887 0 0
1500 85.9688 7.30267 16.6886 0.499273 0.142008 341.067 0 0
1500 72.15 50.376 15.7725 0.207228 0.694396 341.094 0 0
1500 51.7927 -46.9629 15.8816 -0.103581 -0.651292 341.134 0 0
1500 102.367 -4.41587 16.9946 0.738091 -0.0900978 341.254 0 0
1500 55.9629 58.9849 15.6561 0.00405298 0.801019 341.396 0 0
1500 109.609 40.2067 15.6913 0.675924 0.56055 341.923 0 0
1500 88.2202 62.2675 15.7194 0.405921 0.832517 342.338 0 0
1500 75.8243 42.4669 15.9414 0.26925 0.594651 342.316 0 0
1500 81.7635 19.3364 16.9646 0.452574 0.28587 342.389 0 0
1500 114.758 17.6069 16.133 0.81433 0.292842 342.464 0 0
1500 55.9977 -20.3046 16.0039 0.00496989 -0.320103 342.558 0 0
1500 54.3618 -50.7541 16.1847 -0.0934472 -0.782161 342.608 0 0
1500 73.7902 3.2816 15.9358 0.255251 0.0503158 342.726 0 0
1500 -4.3764 42.2742 15.719 -0.773366 0.535526 342.87 0 0
1500 86.9043 1.20779 15.7889 0.386468 0.0054315 343.096 0 0
1500 54.8513 14.7385 16.3251 -0.0307951 0.177676 343.582 0 0
1500 98.0438 2.70652 16.4221 0.567591 0.0482662 343.945 0 0
1500 78.7055 10.7978 16.7817 0.329833 0.174095 344.054 0 0
1500 41.1764 -2.36342 16.4782 -0.247443 -0.00461956 344.078 0 0
1500 113.613 22.3466 16.3913 0.917701 0.344214 344.522 0 0
1500 75.8787 11.0479 17.2762 0.397769 0.140328 344.736 0 0
1500 73.479 -11.3634 15.8827 0.202619 -0.206125 344.85 0 0
1500 91.462 10.1755 16.9558 0.57429 0.16963 344.986 0 0
1500 77.6751 33.5431 15.9767 0.238242 0.484154 344.959 0 0
1500 87.7993 18.6598 16.1731 0.472644 0.23901 345.168 0 0
1500 91.2561 1.22198 16.9914 0.56615 0.0673246 345.458 0 0
1500 107.652 -20.4109 16.0471 0.699201 -0.257618 345.866 0 0
1500 103.838 35.9742 16.0357 0.562772 0.508828 345.907 0 0
1500 54.0907 -35.6697 16.1173 -0.0504039 -0.457862 345.97 0 0
1500 102.319 -28.9942 16.222 0.648638 -0.356472 345.969 0 0
1500 95.0751 56.9292 16.0034 0.471131 0.77117 346.039 0 0
1500 74.0705 -21.4755 16.0576 0.14952 -0.294985 346.64 0 0
1500 88.2367 19.3776 17.4797 0.539941 0.298943 346.686 0 0
1500 113.179 -16.0597 16.0809 0.773888 -0.200996 347.196 0 0
1500 64.6167 -43.8758 16.3262 0.0605084 -0.676768 347.381 0 0
1500 92.9373 -15.7411 16.6786 0.553624 -0.21338 347.49 0 0
1500 64.5169 -9.79637 16.7943 0.178422 -0.181809 347.568 0 0
1500 70.5704 -8.69431 16.798 0.252624 -0.168129 347.633 0 0
1500 127.032 -4.14518 17.1142 1.24495 -0.0683324 348.165 0 0
1500 135.045 6.34454 16.2007 1.01296 0.0763416 348.263 0 0
1500 96.0251 -12.5257 16.7262 0.590388 -0.191802 348.742 0 0
1500 39.6879 -14.1533 16.2483 -0.287637 -0.191334 348.759 0 0
1500 81.0962 5.02738 16.8526 0.426351 0.0289751 348.893 0 0
1500 77.2597 25.3649 16.7309 0.352773 0.358856 348.921 0 0
1500 88.9896 39.6869 16.2262 0.382416 0.507275 349.283 0 0
1500 113.259 15.7743 16.8541 0.887519 0.249622 349.33 0 0
1500 3.05304 -49.3599 16.2332 -0.732649 -0.628746 349.528 0 0
1500 88.9146 -12.6287 16.5271 0.437085 -0.138757 349.722 0 0
1500 128.964 33.1767 16.7046 1.0787 0.557471 350.013 0 0
1500 79.2129 -4.67047 16.7727 0.303535 -0.105531 350.107 0 0
1500 83.579 12.8062 16.8263 0.401787 0.151978 350.258 0 0
1500 79.1163 0.195418 16.8395 0.35206 0.0132747 350.426 0 0
1500 106.181 64.1222 16.285 0.643585 0.808162 350.8 0 0
1500 15.9489 -70.8825 16.3313 -0.562866 -0.878007 351.048 0 0
1500 29.185 -14.754 16.4246 -0.403309 -0.144383 351.141 0 0
1500 83.201 15.6793 16.6643 0.318302 0.24293 351.228 0 0
1500 83.5697 17.4027 17.0571 0.392901 0.236908 351.277 0 0
1500 87.3144 19.4928 17.1799 0.443013 0.292615 351.636 0 0
1500 92.6919 11.4519 17.2746 0.589673 0.168449 351.698 0 0
1500 97.8821 7.41455 17.129 0.633569 0.12496 352.013 0 0
1500 83.7274 -8.96774 16.815 0.392022 -0.111778 352.037 0 0
1500 27.1254 -65.6213 16.3661 -0.405743 -0.807768 352.214 0 0
1500 47.7982 24.3238 17.1151 -0.120778 0.423807 352.544 0 0
1500 1.29936 24.7933 16.5061 -0.746756 0.356183 352.637 0 0
1500 57.6982 -29.17 16.5804 -0.0241881 -0.426559 352.677 0 0
1500 83.9622 -17.7697 17.4043 0.448852 -0.329533 352.747 0 0
1500 -2.09307 27.5465 16.525 -0.786134 0.389194 352.974 0 0
1500 136.305 6.56844 16.5543 1.12511 0.138856 353.045 0 0
1500 73.1274 3.37674 17.6641 0.322438 0.0978999 353.476 0 0
1500 80.3531 24.284 16.5709 0.336511 0.369588 353.673 0 0
1500 75.8723 -8.29093 17.0723 0.358163 -0.126934 353.77 0 0
1500 71.674 -8.93381 17.6943 0.280565 -0.165186 353.8 0 0
1500 82.2995 13.688 17.025 0.377068 0.234525 354.074 0 0
1500 93.498 -5.49394 17.0198 0.515286 -0.131569 354.381 0 0
1500 50.3023 28.6789 16.6524 -0.120503 0.356919 354.43 0 0
1500 -26.4085 -41.4601 16.5231 -1.07534 -0.488124 354.425 0 0
1500 74.3328 23.8868 17.04 0.283558 0.341373 354.506 0 0
1500 -40.9988 -44.4468 16.5281 -1.31061 -0.581155 354.591 0 0
1500 74.474 55.7873 16.7783 0.281118 0.887287 354.585 0 0
1500 -83.2304 -101.867 17.1342 -2.3309 -1.77255 355.003 0 0
1500 90.016 19.5775 17.6026 0.58341 0.308002 355.33 0 0
1500 70.3631 20.6041 16.9958 0.216024 0.329237 355.76 0 0
1500 21.006 -39.4842 16.6654 -0.575954 -0.534656 355.83 0 0
1500 145.356 20.9359 16.7742 1.22907 0.354571 355.876 0 0
1500 118.768 -10.2388 17.1604 1.07972 -0.157297 356.335 0 0
1500 139.874 56.2169 16.9418 1.32618 0.87495 356.351 0 0
1500 94.8705 24.4078 17.0265 0.527 0.374967 356.432 0 0
1500 70.3859 -28.7973 17.1197 0.170054 -0.40823 356.37 0 0
1500 82.3868 -64.7927 16.7933 0.407391 -0.953809 356.388 0 0
1500 101.004 -25.1171 16.8939 0.646727 -0.323497 356.593 0 0
1500 58.9067 46.0685 16.874 -0.0399685 0.639382 356.765 0 0
1500 122.729 -54.2483 16.736 0.88108 -0.728101 356.791 0 0
1500 137.524 28.1704 16.7346 1.09705 0.330576 356.884 0 0
1500 24.1773 19.2083 16.7518 -0.487807 0.297108 357.109 0 0
1500 80.6568 -14.685 16.7509 0.370918 -0.190047 357.105 0 0
1500 70.7708 -10.1113 16.8173 0.12986 -0.174464 357.164 0 0
1500 70.4146 5.42137 16.9468 0.248643 0.105542 357.312 0 0
1500 83.2951 30.8351 17.339 0.43288 0.442279 357.7 0 0
1500 86.8698 5.76746 16.9616 0.462275 0.109572 357.666 0 0
1500 71.9316 0.991872 16.9135 0.261311 -0.0230501 357.686 0 0
1500 88.1405 -19.3283 17.0665 0.493031 -0.269365 358.099 0 0
1500 98.8439 39.3404 17.4347 0.680993 0.641357 358.094 0 0
1500 61.5753 126.726 16.781 0.0543422 1.70485 358.188 0 0
1500 85.8374 2.94123 17.6139 0.472265 -0.0245718 358.278 0 0
1500 57.9968 61.7449 16.8045 -0.0422313 0.843625 358.287 0 0
1500 110.663 8.23495 16.8913 0.763959 0.106448 358.34 0 0
1500 94.7994 9.93005 17.5133 0.606018 0.130499 358.465 0 0
1500 78.0907 0.0454248 17.1361 0.308339 0.0385416 358.49 0 0
1500 72.6975 5.17241 18.0042 0.352801 0.0623341 358.553 0 0
1500 79.9885 -24.4367 17.2227 0.38274 -0.441884 358.704 0 0
1500 84.3641 5.4154 17.1162 0.440943 0.103412 358.979 0 0
1500 29.1985 64.6489 16.8491 -0.410274 0.870562 359.235 0 0
1500 91.4114 17.789 17.7371 0.66958 0.364022 359.37 0 0
1500 53.6021 25.3807 16.9274 -0.0984341 0.386629 359.72 0 0
1500 34.0819 -22.4393 16.8644 -0.367382 -0.348373 359.685 0 0
1500 80.1796 12.3279 18.3057 0.4592 0.202074 359.873 0 0
1500 83.7833 -11.2919 17.1977 0.445508 -0.134986 359.906 0 0
1500 46.1148 6.38838 17.2168 -0.167422 0.055733 359.829 0 0
1500 56.3765 -27.8829 17.0829 -0.0163522 -0.429801 359.918 0 0
1500 69.797 -44.0204 16.8798 0.110791 -0.634255 360.087 0 0
1500 109.325 -33.9615 17.145 0.767271 -0.557865 360.07 0 0
1500 31.3106 14.1765 17.1064 -0.366863 0.238944 360.374 0 0
1500 120.779 -43.0715 16.9205 0.841008 -0.550544 360.456 0 0
1500 84.7287 -52.0313 17.1001 0.465385 -0.804626 360.729 0 0
1500 77.0448 -6.45541 17.4336 0.379467 -0.0990357 360.863 0 0
1500 61.8786 10.144 17.1801 0.0932933 0.210603 360.887 0 0
1500 103.21 -20.4964 17.3518 0.689307 -0.29844 361.082 0 0
1500 32.0602 30.8001 17.1588 -0.427517 0.415458 361.479 0 0
1500 14.2063 35.3816 16.9943 -0.581006 0.524872 361.611 0 0
1500 89.1205 26.7518 16.9447 0.419675 0.312998 361.647 0 0
1500 68.3533 -35.0672 17.5882 0.151358 -0.532111 361.745 0 0
1500 79.6727 -14.048 17.5179 0.377833 -0.243505 362.157 0 0
1500 -28.1766 -31.1121 17.1535 -1.28683 -0.463853 362.158 0 0
1500 17.9299 -83.1616 17.0452 -0.558488 -1.17319 362.361 0 0
1500 65.4265 53.5741 17.3363 0.165452 0.881865 362.727 0 0
1500 58.6694 82.1659 17.1123 0.0123301 1.1435 363.001 0 0
1500 93.9321 -9.55364 17.585 0.559952 -0.179459 363.272 0 0
1500 86.3706 -2.41339 17.3561 0.407745 -0.0976234 363.296 0 0
1500 73.278 -27.9728 17.7453 0.270022 -0.510952 363.428 0 0
1500 81.8651 -4.5564 17.6882 0.46039 -0.0731228 363.542 0 0
1500 49.0034 -36.9688 17.0427 -0.0763305 -0.554079 363.553 0 0
1500 101.546 35.8606 17.0468 0.635029 0.526223 363.57 0 0
1500 98.1756 -19.8864 17.326 0.612713 -0.337431 363.912 0 0
1500 54.2585 -9.03027 17.6436 -0.00423006 -0.178266 364.103 0 0
1500 -5.95122 8.91929 17.3255 -1.05463 0.165461 364.072 0 0
1500 149.575 37.0927 17.0516 1.29045 0.501502 364.115 0 0
1500 30.2466 31.9327 17.2457 -0.42719 0.49629 364.178 0 0
1500 46.849 -1.97779 17.9241 -0.151092 0.0113347 364.184 0 0
1500 81.3179 -26.57 17.443 0.402175 -0.405081 364.203 0 0
1500 66.9451 -60.9904 17.1736 0.12714 -0.87545 364.257 0 0
1500 92.2983 6.40266 18.1274 0.620758 0.0479718 365.18 0 0
1500 79.2451 -7.8415 17.7632 0.417665 -0.0697761 365.451 0 0
1500 115.186 22.8116 17.1987 0.839463 0.313187 365.379 0 0
1500 91.6015 32.8183 17.1408 0.520702 0.478718 365.465 0 0
1500 118.265 -42.1528 17.5316 0.937806 -0.669605 365.427 0 0
1500 77.8311 20.7911 18.3606 0.423583 0.416226 365.595 0 0
1500 86.4466 -10.2704 17.9334 0.466531 -0.115687 365.602 0 0
1500 16.9833 -13.6703 17.4651 -0.609708 -0.230065 366.082 0 0
1500 120.103 -37.2663 17.1752 0.888826 -0.600821 366.106 0 0
1500 116.744 39.4977 17.2346 0.848844 0.528617 366.385 0 0
1500 67.9272 -44.8011 17.4986 0.161146 -0.665082 366.464 0 0
1500 72.9898 -2.66436 17.8298 0.292327 -0.00156048 366.822 0 0
1500 78.5015 10.0152 17.5245 0.272856 0.182273 366.883 0 0
1500 72.3856 21.6835 17.527 0.189451 0.340483 366.979 0 0
1500 79.2994 -4.78371 17.3931 0.318787 -0.0882244 367.124 0 0
1500 78.5877 -2.81025 17.3944 0.310362 -0.0650668 367.146 0 0
1500 37.2564 44.5173 17.2633 -0.261064 0.600238 367.212 0 0
1500 25.3686 -10.2408 17.4452 -0.479799 -0.152062 367.199 0 0
1500 118.723 45.1365 17.1938 0.824443 0.619784 367.291 0 0
1500 42.8446 -31.9438 17.5409 -0.269389 -0.448291 367.333 0 0
1500 73.676 -1.33157 17.4493 0.257333 0.0493319 367.446 0 0
1500 74.4345 -34.6267 18.307 0.339467 -0.654978 367.417 0 0
1500 121.644 -5.87535 17.2039 0.841457 -0.0469314 367.836 0 0
1500 100.675 41.2359 17.2201 0.57952 0.534325 368.154 0 0
1500 110.184 57.4922 17.2252 0.764641 0.755944 368.157 0 0
1500 -8.32494 -158.52 17.2847 -0.910804 -2.35281 368.085 0 0
1500 105.834 -15.5385 17.3664 0.733747 -0.213348 368.188 0 0
1500 63.9186 7.08965 17.6659 0.0978955 0.137219 368.225 0 0
1500 56.0733 14.7622 17.3246 -0.031758 0.235124 368.329 0 0
1500 82.1137 -41.3225 17.7238 0.443237 -0.669474 368.33 0 0
1500 -42.766 -38.856 17.4233 -1.57635 -0.588973 368.55 0 0
1500 69.3303 29.5229 17.4881 0.20585 0.468068 368.595 0 0
1500 59.076 -60.963 17.2976 -0.0305484 -0.87109 368.866 0 0
1500 130.237 16.1503 17.2608 1.03869 0.18044 369.003 0 0
1500 64.2936 0.288468 17.4334 0.117037 -0.0644299 369.011 0 0
1500 72.4471 -158.373 17.3209 0.264649 -2.32539 369.07 0 0
1500 123.384 1.00099 17.722 1.16697 0.0157921 369.056 0 0
1500 66.9196 -10.4058 18.5823 0.262042 -0.208372 369.083 0 0
1500 47.1159 8.86583 17.4621 -0.192156 0.148548 369.397 0 0
1500 102.688 -17.2651 18.5444 0.944281 -0.369863 369.348 0 0
1500 96.5563 -34.6777 17.3303 0.593791 -0.444652 369.617 0 0
1500 4.02458 12.6296 17.5059 -0.78856 0.236634 369.711 0 0
1500 85.3789 5.23815 17.5935 0.398805 0.138551 369.764 0 0
1500 65.5826 4.71119 17.5326 0.156257 0.129954 369.855 0 0
1500 45.2056 0.0145961 17.5238 -0.223904 0.0401051 369.842 0 0
1500 108.873 37.4953 17.3874 0.733229 0.563653 369.989 0 0
1500 37.9058 -24.2711 17.6226 -0.299195 -0.343722 369.995 0 0
1500 78.3618 46.7564 17.3248 0.297775 0.618428 370.081 0 0
1500 41.0778 -14.8719 17.5489 -0.32766 -0.293537 370.106 0 0
1500 104.473 47.1186 17.4946 0.653893 0.693024 370.351 0 0
1500 35.5362 11.9862 17.6955 -0.320813 0.14157 370.307 0 0
1500 87.2576 -38.7354 17.4629 0.427522 -0.594264 370.22 0 0
1500 77.6023 -7.54075 17.4831 0.358178 -0.0887654 370.314 0 0
1500 61.4053 -1.21497 17.5188 0.0628376 0.0451613 370.482 0 0
1500 131.132 12.3219 17.3104 1.03011 0.107022 370.475 0 0
1500 94.6878 65.7956 17.3191 0.463065 0.931535 370.553 0 0
1500 96.2353 -22.1497 17.6155 0.586403 -0.359589 370.561 0 0
1500 53.9309 35.4397 17.3586 -0.00379405 0.474812 370.749 0 0
1500 43.8782 16.8364 17.396 -0.227595 0.293385 370.723 0 0
1500 78.9803 10.0581 18.374 0.364719 0.169881 370.829 0 0
1500 89.1 3.08207 17.3633 0.426334 0.0785304 370.842 0 0
1500 113.948 31.3785 17.5278 0.821792 0.461958 371.114 0 0
1500 59.7063 9.33691 17.418 0.0859227 0.117063 371.232 0 0
1500 85.707 18.4689 18.6467 0.524282 0.312794 371.286 0 0
1500 131.979 -33.2997 17.5144 1.15071 -0.550478 371.554 0 0
1500 122.304 -59.9964 17.4342 0.964477 -0.946823 371.668 0 0
1500 91.4577 5.08033 18.0146 0.674391 0.119936 371.677 0 0
1500 82.2132 -8.4033 18.531 0.507645 -0.157022 371.96 0 0
1500 120.737 -33.5772 17.5906 0.963947 -0.590384 371.93 0 0
1500 81.4949 45.752 17.88 0.400893 0.78616 371.951 0 0
1500 100.312 14.1184 17.4278 0.586523 0.268032 372.049 0 0
1500 133.729 -26.8469 17.9074 1.30993 -0.49276 372.306 0 0
1500 63.368 -16.6573 17.8019 0.091276 -0.255469 372.448 0 0
1500 53.0236 21.7015 17.5106 -0.0830477 0.315696 372.457 0 0
1500 98.0592 12.353 17.6872 0.644589 0.196005 372.456 0 0
1500 72.3482 -5.62813 17.6088 0.279652 -0.0346545 372.563 0 0
1500 74.1581 61.327 17.4427 0.189004 0.889195 372.638 0 0
1500 138.273 -18.4666 17.6965 1.29243 -0.237863 372.602 0 0
1500 121.443 25.2828 17.401 0.91147 0.301131 372.788 0 0
1500 70.3875 29.8328 18.0732 0.209718 0.572804 372.891 0 0
1500 93.9401 2.20257 17.7204 0.58913 0.0668713 372.974 0 0
1500 132.966 29.8252 18.3294 1.38153 0.525573 372.95 0 0
1500 91.3103 10.6684 17.6193 0.539465 0.19068 373.101 0 0
1500 92.4376 25.9377 17.4219 0.477668 0.432366 373.087 0 0
1500 88.9926 3.74811 18.1619 0.503422 0.0247456 373.146 0 0
1500 79.8938 10.2095 18.7687 0.452887 0.108163 373.269 0 0
1500 110.092 19.5907 17.7069 0.799386 0.29117 373.254 0 0
1500 32.8036 -6.16675 17.5837 -0.368146 -0.147407 373.412 0 0
1500 76.5935 69.1557 17.4704 0.21914 0.982395 373.612 0 0
1500 61.292 10.7477 17.7573 0.0995955 0.217228 373.585 0 0
1500 69.5792 -51.8815 17.585 0.207951 -0.771833 373.736 0 0
1500 100.096 35.109 17.4353 0.579592 0.555652 373.718 0 0
1500 88.9831 -9.79111 17.9945 0.457489 -0.172292 373.874 0 0
1500 29.7914 49.1413 17.5717 -0.42915 0.706727 373.94 0 0
1500 -10.901 7.64455 17.4727 -0.984673 0.0678395 374.023 0 0
1500 76.751 12.9288 17.9752 0.357962 0.234978 374.043 0 0
1500 22.7266 48.9088 17.4465 -0.489011 0.741821 374.206 0 0
1500 75.0157 32.5578 17.7689 0.287415 0.515209 374.214 0 0
1500 94.376 59.9483 17.4691 0.517647 0.86746 374.233 0 0
1500 77.1924 -61.2102 17.7681 0.343178 -0.943838 374.234 0 0
1500 74.7468 -9.61755 18.801 0.366066 -0.158381 374.301 0 0
1500 82.5606 24.4287 17.9822 0.434896 0.389529 374.397 0 0
1500 70.992 -60.4896 17.6008 0.225264 -0.881753 374.394 0 0
1500 68.9083 42.0287 17.5458 0.165325 0.655826 374.395 0 0
1500 123.59 -38.8921 17.4635 0.866278 -0.582807 374.613 0 0
1500 84.3668 39.887 17.779 0.41313 0.611754 374.716 0 0
1500 31.9874 24.9469 17.5383 -0.377228 0.320569 374.738 0 0
1500 97.344 -21.0439 18.0482 0.704621 -0.295758 374.901 0 0
1500 94.0879 11.7644 18.7751 0.778683 0.177896 374.847 0 0
1500 112.988 3.14641 17.4966 0.8303 -0.000904246 374.952 0 0
1500 76.5452 1.18135 17.8876 0.318339 0.0298469 375.152 0 0
1500 95.5264 0.982856 18.5819 0.822018 0.0405875 375.268 0 0
1500 61.0435 102.915 17.5379 0.0743576 1.51119 375.41 0 0
1500 64.5168 -24.7314 17.9674 0.06341 -0.445176 375.487 0 0
1500 103.854 15.411 18.0361 0.743652 0.24168 375.53 0 0
1500 128.35 23.1107 17.4805 0.947184 0.379853 375.536 0 0
1500 99.5811 8.5194 18.3872 0.727514 0.112186 375.678 0 0
1500 100.351 0.597009 18.3874 0.737543 0.00833528 375.684 0 0
1500 92.3916 23.0944 17.7195 0.56182 0.360408 375.643 0 0
1500 97.6453 -47.0256 17.7374 0.570123 -0.71974 375.826 0 0
1500 16.9017 -36.9318 17.5832 -0.629399 -0.507195 375.759 0 0
1500 144.742 -54.5384 17.5888 1.26163 -0.773301 375.89 0 0
1500 107.578 21.9622 17.7221 0.777155 0.300087 375.888 0 0
1500 59.3291 12.7997 17.7231 0.0511396 0.249844 375.907 0 0
1500 54.8752 0.578153 17.5542 -0.035802 0.0792868 375.876 0 0
1500 102.996 11.0235 17.9074 0.734133 0.152027 376.081 0 0
1500 84.8506 -43.4602 17.739 0.434658 -0.716032 376.01 0 0
1500 -127.762 -7.14366 17.6507 -2.82146 -0.0926682 376.221 0 0
1500 44.6154 48.4346 17.6826 -0.16805 0.740231 376.232 0 0
1500 112.462 -0.727943 17.7329 0.83212 0.0296847 376.344 0 0
1500 66.4723 50.9984 17.5263 0.050231 0.733417 376.375 0 0
1500 85.3439 19.7975 17.7278 0.369316 0.304618 376.428 0 0
1500 107.963 5.93294 17.5298 0.737301 0.142222 376.454 0 0
1500 70.7862 72.6577 17.5106 0.166916 1.0349 376.575 0 0
1500 89.474 16.0485 18.2112 0.581219 0.226701 376.536 0 0
1500 109.161 24.9879 17.7375 0.784319 0.381755 376.572 0 0
1500 -42.2562 -48.8877 17.5677 -1.47719 -0.764688 376.632 0 0
1500 -3.10609 21.8767 17.6021 -0.895862 0.30484 376.652 0 0
1500 85.5722 25.049 17.9518 0.389196 0.411086 376.703 0 0
1500 54.7787 -0.876095 17.6472 -0.0981206 0.0184366 376.857 0 0
1500 57.8327 -53.1761 17.9714 0.0156802 -0.872227 376.85 0 0
1500 83.1501 38.234 17.5708 0.361756 0.606808 376.964 0 0
1500 -1.24355 -3.09036 17.5415 -0.889823 -0.0250782 377.167 0 0
1500 90.8343 -28.1419 17.7186 0.543976 -0.373136 377.213 0 0
1500 51.941 -55.5283 17.5595 -0.0327155 -0.822142 377.277 0 0
1500 31.923 13.7284 17.7757 -0.406869 0.19999 377.262 0 0
1500 127.238 -8.02809 17.5443 0.951508 -0.0584507 377.432 0 0
1500 -7.01864 27.7403 17.6203 -0.939561 0.381164 377.422 0 0
1500 75.3925 -51.0648 17.6566 0.216234 -0.767954 377.541 0 0
1500 34.5126 -31.7749 17.7626 -0.396623 -0.532782 377.616 0 0
1500 0.0884681 -26.7691 17.5844 -0.849758 -0.409102 377.65 0 0
1500 74.4542 2.21345 18.206 0.289637 -0.0365477 377.671 0 0
1500 86.8943 -11.7302 17.7316 0.38355 -0.205923 377.7 0 0
1500 33.0116 -54.453 17.5807 -0.322952 -0.756716 377.876 0 0
1500 77.5367 55.0683 17.746 0.336557 0.809425 377.886 0 0
1500 100.683 2.07576 17.8044 0.679459 0.0701731 377.913 0 0
1500 73.8145 -3.79651 17.7451 0.221226 -0.107561 377.999 0 0
1500 72.8965 13.4083 17.7682 0.246726 0.209087 378.025 0 0
1500 75.2821 12.6759 18.7679 0.376178 0.192795 378.155 0 0
1500 76.2324 -5.71385 18.771 0.386923 -0.0210185 378.223 0 0
1500 56.4611 5.55901 17.7774 0.0444185 0.112241 378.227 0 0
1500 74.3751 11.561 18.2866 0.250948 0.267527 378.215 0 0
1500 141.949 -1.48114 17.8401 1.40564 -0.0241519 378.285 0 0
1500 47.8909 -10.7306 18.4941 -0.126048 -0.255132 378.32 0 0
1500 71.9611 0.449821 18.2418 0.289767 0.0366518 378.382 0 0
1500 63.4678 -4.60358 18.4443 0.152465 -0.120021 378.357 0 0
1500 77.8721 -59.3677 17.569 0.343706 -0.817638 378.39 0 0
1500 82.7573 -5.18538 17.8965 0.45086 -0.0993667 378.357 0 0
1500 77.2023 8.37582 18.2969 0.422485 0.101351 378.499 0 0
1500 71.1753 64.0896 17.6005 0.189555 0.949509 378.489 0 0
1500 69.023 -22.5058 18.6615 0.289034 -0.493246 378.466 0 0
1500 112.268 10.7347 17.8177 0.831678 0.188478 378.667 0 0
1500 31.8971 60.8169 17.6152 -0.440567 0.852744 378.69 0 0
1500 139.336 25.3478 17.6984 1.25736 0.344214 378.635 0 0
1500 57.0608 49.4434 17.7394 -0.0229113 0.813946 378.66 0 0
1500 125.721 4.84124 17.7356 1.00359 0.051139 378.763 0 0
1500 119.137 14.1277 18.0066 1.08505 0.203674 378.809 0 0
1500 101.627 -40.9987 17.6549 0.631841 -0.63434 379.083 0 0
1500 76.8232 2.97456 18.3844 0.426449 0.0381229 379.219 0 0
1500 13.9343 2.86852 17.6137 -0.645028 -0.027856 379.324 0 0
1500 -8.50445 30.3406 17.6004 -0.957955 0.424307 379.62 0 0
1500 75.3635 54.3746 17.6133 0.31502 0.775889 379.661 0 0
1500 64.0739 29.7927 17.6906 0.105953 0.494948 379.671 0 0
1500 0.39401 75.625 17.6724 -0.900578 1.17721 379.626 0 0
1500 21.9647 41.3097 17.6197 -0.464148 0.592152 379.74 0 0
1500 79.106 146.367 17.9093 0.351885 2.38614 379.885 0 0
1500 79.271 19.9794 18.4191 0.351547 0.324309 379.975 0 0
1500 26.4736 -67.477 17.6494 -0.477648 -1.00011 380.022 0 0
1500 87.2488 -34.0558 17.6152 0.473909 -0.519909 380.016 0 0
1500 92.7271 -16.5916 18.0117 0.56749 -0.288533 380.071 0 0
1500 17.1262 8.57228 17.6796 -0.559515 0.14863 380.167 0 0
1500 35.9647 26.5279 17.7637 -0.283335 0.391016 380.313 0 0
1500 83.7524 -32.682 17.7982 0.368453 -0.466439 380.389 0 0
1500 75.3672 1.74637 17.9537 0.303908 0.0469175 380.312 0 0
1500 47.7731 72.5646 17.6461 -0.128854 1.03945 380.349 0 0
1500 55.1188 -14.4917 18.0793 -0.0346884 -0.249545 380.374 0 0
1500 64.9123 -43.4699 17.819 0.0725185 -0.661974 380.335 0 0
1500 70.1839 -31.323 17.6417 0.174147 -0.521914 380.417 0 0
1500 88.3119 1.69411 18.5745 0.545954 0.0878872 380.588 0 0
1500 79.9281 -18.9746 17.8149 0.318822 -0.292913 380.799 0 0
1500 85.3608 -3.99978 18.8818 0.561658 -0.105261 380.835 0 0
1500 93.027 -62.8891 17.6556 0.54241 -0.879597 380.897 0 0
1500 62.2047 10.2058 18.3654 0.0848777 0.156544 381.098 0 0
1500 75.9982 -11.3372 18.3963 0.331619 -0.222402 381.286 0 0
1500 100.054 -9.88605 17.8002 0.678161 -0.11313 381.273 0 0
1500 89.7444 -25.2431 18.3374 0.560178 -0.397629 381.327 0 0
1500 10.4692 -21.4665 17.7483 -0.709933 -0.353061 381.448 0 0
1500 86.7317 -5.00289 18.4759 0.547228 -0.112111 381.631 0 0
1500 100.724 70.4568 17.7093 0.693553 1.0651 381.779 0 0
1500 -0.255903 -26.7434 17.6694 -0.822446 -0.331603 381.87 0 0
1500 61.3256 -1.3805 18.1211 0.081216 -0.0856079 381.858 0 0
1500 84.5551 1.05093 18.1633 0.441429 -0.00125143 382.116 0 0
1500 68.9358 -11.997 17.9221 0.14962 -0.210117 382.039 0 0
1500 57.6743 34.446 18.0372 0.000605915 0.542335 382.055 0 0
1500 39.1464 -27.2332 17.6964 -0.255978 -0.465032 381.96 0 0
1500 -0.94183 -24.7235 17.7351 -0.849453 -0.362456 382.134 0 0
1500 78.9093 6.10588 18.2186 0.405134 0.140275 382.14 0 0
1500 63.2263 -1.93475 18.0029 0.0497118 0.0022696 382.278 0 0
1500 117.689 -1.21243 17.765 0.914179 -0.0294024 382.341 0 0
1500 70.7791 -43.6432 17.9233 0.202879 -0.683447 382.342 0 0
1500 122.074 -44.1995 18.0774 1.17906 -0.770712 382.465 0 0
1500 61.7902 0.701016 18.2408 0.138341 0.0614885 382.611 0 0
1500 124.498 -26.8859 17.7002 0.948534 -0.380674 382.617 0 0
1500 117.311 17.774 17.8192 0.905061 0.273139 382.628 0 0
1500 116.521 19.5272 17.8189 0.894369 0.297584 382.604 0 0
1500 108.515 -8.52384 17.7646 0.782072 -0.0759238 382.555 0 0
1500 100.446 -4.52782 18.0067 0.706869 -0.0566437 382.646 0 0
1500 88.1266 9.88092 17.8587 0.491567 0.0894183 382.804 0 0
1500 104.327 -1.63005 17.6971 0.699748 0.0413192 382.833 0 0
1500 102.349 -44.6975 17.7546 0.659159 -0.725923 382.804 0 0
1500 -30.5074 76.1865 17.7441 -1.30125 1.12687 382.983 0 0
1500 106.53 -21.3005 17.7197 0.67372 -0.318559 383.143 0 0
1500 119.581 37.2058 17.6695 0.82934 0.582925 383.141 0 0
1500 27.2359 7.44076 17.9249 -0.479547 0.140461 383.128 0 0
1500 65.8692 24.2782 17.802 0.0519937 0.371686 383.288 0 0
1500 115.829 -17.6164 17.7103 0.838359 -0.319039 383.383 0 0
1500 90.3664 17.0484 18.0021 0.558137 0.2795 383.378 0 0
1500 57.2076 -3.10669 17.8234 -0.0729798 -0.0651139 383.374 0 0
1500 87.3931 66.4023 17.7106 0.46047 0.940659 383.478 0 0
1500 106.875 24.1537 17.7022 0.730409 0.410882 383.42 0 0
1500 -3.79148 -6.43998 17.7525 -0.928161 -0.122153 383.517 0 0
1500 30.9897 43.7534 17.6918 -0.419309 0.597205 383.543 0 0
1500 81.9955 18.7231 18.3038 0.456968 0.314092 383.551 0 0
1500 118.081 9.15531 18.221 1.05031 0.0984174 383.623 0 0
1500 97.4281 -15.1913 17.9948 0.608338 -0.286195 383.702 0 0
1500 100.105 -22.4491 17.8012 0.678215 -0.285822 383.732 0 0
1500 47.2132 -22.7043 17.9761 -0.16442 -0.389623 383.728 0 0
1500 12.6625 -37.1419 17.868 -0.681547 -0.593919 383.754 0 0
1500 76.7592 -20.1735 18.476 0.409632 -0.324422 383.892 0 0
1500 85.3989 59.8085 17.9451 0.511022 0.984965 383.903 0 0
1500 74.818 -25.1129 17.8577 0.256571 -0.480005 383.918 0 0
1500 126.637 22.4836 17.721 0.98966 0.339369 383.937 0 0
1500 52.7179 -27.6787 18.2382 -0.0509393 -0.44691 384.016 0 0
1500 123.179 -12.8385 17.8771 1.00321 -0.183417 384.15 0 0
1500 60.887 23.2217 18.1772 0.0362492 0.365411 384.127 0 0
1500 97.3435 8.59405 18.017 0.663591 0.0915884 384.202 0 0
1500 184.222 -6.30423 17.7272 1.87264 -0.138664 384.162 0 0
1500 50.5185 23.8114 17.778 -0.0873176 0.366095 384.395 0 0
1500 61.971 -66.6834 17.7237 0.0723868 -1.00211 384.357 0 0
1500 18.373 31.6342 17.8065 -0.636123 0.472077 384.413 0 0
1500 40.6019 -69.8061 17.7096 -0.237216 -1.01618 384.437 0 0
1500 52.7925 42.5025 17.8173 -0.139349 0.628318 384.419 0 0
1500 126.946 34.7008 17.8979 1.14365 0.522077 384.417 0 0
1500 62.2432 -27.107 17.8553 0.0304572 -0.396262 384.551 0 0
1500 51.4891 39.5396 18.0388 -0.0569215 0.633963 384.579 0 0
1500 88.8315 -60.6694 17.727 0.447389 -0.915177 384.565 0 0
1500 126.256 -17.5918 17.7025 1.00975 -0.209544 384.568 0 0
1500 95.0388 -20.8015 18.4416 0.645838 -0.338801 384.687 0 0
1500 38.9806 -67.9585 17.735 -0.24734 -1.01031 385.039 0 0
1500 54.11 -22.5763 18.2012 -0.0357121 -0.384144 384.694 0 0
1500 60.9736 38.1629 17.7878 0.0902942 0.627147 385.036 0 0
1500 46.2271 -9.6488 17.9036 -0.23344 -0.138506 384.901 0 0
1500 55.3132 19.9058 17.9034 -0.0976485 0.302716 384.952 0 0
1500 55.4985 -23.4217 17.8583 -0.0426138 -0.423124 385.022 0 0
1500 45.8161 -48.3056 18.0752 -0.266233 -0.910816 384.856 0 0
1500 86.8527 -20.4411 17.872 0.50424 -0.264527 385.14 0 0
1500 -19.9588 -4.28607 17.7573 -1.14055 -0.0289962 385.238 0 0
1500 61.1062 56.6775 17.8714 0.037482 0.881712 385.273 0 0
1500 69.5331 8.99918 18.0142 0.130049 0.148291 385.181 0 0
1500 49.7594 -66.7659 17.7828 -0.111656 -1.0088 385.394 0 0
1500 65.6448 0.286022 18.4976 0.158303 -0.0482452 385.398 0 0
1500 34.2311 -26.5529 17.9023 -0.409657 -0.388189 385.385 0 0
1500 17.4575 59.4868 17.7289 -0.536863 0.891917 385.442 0 0
1500 81.1107 -17.3481 18.4279 0.462336 -0.353617 385.602 0 0
1500 15.5265 -59.2414 17.7495 -0.566777 -0.879965 385.807 0 0
1500 108.472 -1.22317 17.8164 0.817739 5.51286e-05 385.742 0 0
1500 70.0608 24.1191 17.7631 0.240853 0.407805 385.743 0 0
1500 91.1525 -21.7651 18.3045 0.589961 -0.359242 385.905 0 0
1500 69.7807 -15.684 18.6015 0.228633 -0.271984 385.949 0 0
1500 80.5095 -15.3676 18.3331 0.431175 -0.2827 385.942 0 0
1500 71.3644 49.2978 17.96 0.190883 0.859765 386.012 0 0
1500 -9.0795 -11.777 17.8224 -1.00801 -0.152255 386.15 0 0
1500 233.64 87.5267 17.7446 2.55864 1.26393 386.219 0 0
1500 -0.00508217 -34.0899 17.8402 -0.880479 -0.501323 386.375 0 0
1500 126.405 -4.55411 17.8373 1.05138 -0.079381 386.21 0 0
1500 10.0685 -24.9308 17.9024 -0.757176 -0.359013 386.347 0 0
1500 49.396 -41.1431 18.0338 -0.121731 -0.671396 386.384 0 0
1500 135.072 0.311973 17.9242 1.23327 0.0187862 386.279 0 0
1500 79.6436 -2.34199 17.8518 0.381651 -0.0945653 386.287 0 0
1500 121.29 -48.4073 18.0206 1.06766 -0.792454 386.165 0 0
1500 116.962 -40.3889 17.764 0.818253 -0.615265 386.498 0 0
1500 82.2736 -14.1044 18.3484 0.461658 -0.264439 386.49 0 0
1500 30.2513 -48.328 17.8578 -0.410958 -0.778289 386.494 0 0
1500 67.7153 18.9377 18.1592 0.202178 0.379023 386.474 0 0
1500 90.0593 44.4401 17.7946 0.476337 0.614582 386.633 0 0
1500 84.2918 -33.8733 17.8665 0.375287 -0.493437 386.635 0 0
1500 74.7354 -30.1589 18.1443 0.350155 -0.518387 386.663 0 0
1500 80.0726 -0.416473 17.8494 0.334037 0.0367012 386.751 0 0
1500 54.3451 57.889 17.76 0.00288975 0.898757 387.231 0 0
1500 51.8421 -66.6491 17.7819 -0.0667952 -0.962393 387.266 0 0
1500 121.625 -32.2033 17.7617 0.951283 -0.414125 387.382 0 0
1500 115.558 -10.205 17.8587 0.907648 -0.19505 387.273 0 0
1500 114.757 -45.4322 17.8333 0.914275 -0.678974 387.276 0 0
1500 42.3845 -4.51222 18.0417 -0.296726 0.00310107 387.47 0 0
1500 120.107 11.1773 19.2221 1.39139 0.218251 387.566 0 0
1500 108.101 -29.1352 17.7835 0.80538 -0.461637 387.75 0 0
1500 8.49741 4.59705 17.8156 -0.793652 0.120108 387.71 0 0
1500 118.076 -59.3367 17.8146 0.94989 -0.92853 387.929 0 0
1500 87.6298 4.21643 17.9944 0.454373 0.0227695 388.026 0 0
1500 88.3859 -26.3244 17.8986 0.50765 -0.431657 388.014 0 0
1500 97.848 -54.7079 17.7909 0.619981 -0.838806 388.399 0 0
1500 41.474 45.3771 17.8391 -0.228591 0.763181 388.364 0 0
1500 26.8757 -58.2343 17.85 -0.469245 -0.971999 388.562 0 0
1500 27.5337 59.0862 17.9119 -0.452122 1.00147 388.603 0 0
1500 89.5476 -41.5676 17.8175 0.432877 -0.613592 388.62 0 0
1500 40.0936 -56.0172 17.7894 -0.327317 -0.876663 388.652 0 0
1500 67.7713 0.369731 18.2447 0.171872 0.0671579 388.683 0 0
1500 126.853 1.87308 17.8393 1.04198 0.0435893 388.718 0 0
1500 84.3387 -19.2142 17.8299 0.4178 -0.370526 388.773 0 0
1500 104.273 44.083 18.1163 0.771051 0.813257 388.675 0 0
1500 125.926 -10.5685 17.8431 1.02485 -0.130829 389.003 0 0
1500 86.1973 -25.723 18.0733 0.52728 -0.4092 389.015 0 0
1500 61.0572 68.5908 17.8178 0.0861537 1.01595 389.24 0 0
1500 84.0022 -29.3919 17.8355 0.356629 -0.44893 389.242 0 0
1500 26.9554 42.0437 17.8146 -0.564864 0.641466 389.211 0 0
1500 40.7219 20.8549 18.053 -0.35209 0.425826 389.353 0 0
1500 116.113 20.6934 17.8395 0.931456 0.326089 389.495 0 0
1500 96.1162 41.1581 18.4693 0.796341 0.736267 389.473 0 0
1500 104.924 48.2421 18.2195 0.837796 0.91366 389.798 0 0
1500 59.0426 17.9984 18.3139 0.0338717 0.275767 389.91 0 0
1500 80.0158 -54.6897 18.2192 0.400462 -0.93356 389.831 0 0
1500 62.7771 71.7144 17.9192 0.035782 1.18148 390.002 0 0
1500 74.5792 12.444 17.8387 0.243715 0.221649 390.099 0 0
1500 100.92 40.2003 17.8419 0.634171 0.598897 390.168 0 0
1500 115.569 18.2014 18.4899 1.13038 0.293669 390.167 0 0
1500 69.235 -36.2813 17.9286 0.167072 -0.542987 390.384 0 0
1500 22.6952 6.69619 17.9474 -0.570615 0.0413171 390.307 0 0
1500 76.5796 -19.4575 18.0093 0.3817 -0.316536 390.491 0 0
1500 34.1197 -12.0364 17.8994 -0.435629 -0.172091 390.256 0 0
1500 57.5027 -20.0505 17.8563 -0.0293259 -0.331148 390.849 0 0
1500 87.2236 58.158 17.7863 0.376533 0.918711 390.857 0 0
1500 63.5132 15.82 18.0229 0.147741 0.309948 390.985 0 0
1500 41.2455 -35.1585 18.1841 -0.2332 -0.598154 391.194 0 0
1500 107.584 14.1552 17.852 0.717514 0.247649 391.187 0 0
1500 32.4658 3.23593 17.9223 -0.393901 0.0557348 391.132 0 0
1500 67.3303 20.4472 17.9033 0.210946 0.367746 391.195 0 0
1500 95.2068 -40.6865 18.073 0.603824 -0.738513 391.269 0 0
1500 97.5726 -40.1105 17.8723 0.561022 -0.668214 391.425 0 0
1500 73.8033 -25.3253 17.8722 0.242765 -0.469176 391.419 0 0
1500 96.9516 26.31 18.0526 0.689745 0.408205 391.486 0 0
1500 93.5868 30.3251 17.8126 0.552119 0.540858 391.466 0 0
1500 86.196 -16.5734 17.9596 0.516592 -0.307081 391.529 0 0
1500 72.8762 37.4307 18.1225 0.218515 0.625944 391.566 0 0
1500 83.6638 -21.8924 17.8803 0.398449 -0.415426 391.654 0 0
1500 44.7243 -67.3541 17.8961 -0.142352 -1.11327 391.649 0 0
1500 76.1537 -6.3599 18.3554 0.350206 -0.103157 391.679 0 0
1500 98.5955 -23.0772 17.8182 0.693369 -0.328959 391.791 0 0
1500 114.018 4.20093 18.7786 1.15525 0.188912 391.907 0 0
1500 99.6003 27.0486 18.1255 0.726545 0.438445 392.036 0 0
1500 103.337 20.3395 18.1254 0.782086 0.338255 392.054 0 0
1500 40.4318 -43.8238 17.9404 -0.249096 -0.763581 392.07 0 0
1500 61.9343 -46.0959 17.8636 0.0583565 -0.781482 392.18 0 0
1500 56.8231 16.9014 18.4579 0.0512165 0.277438 392.347 0 0
1500 67.606 -24.7399 17.9405 0.202113 -0.351687 392.447 0 0
1500 49.5074 -46.769 17.8724 -0.127847 -0.790883 392.382 0 0
1500 70.6097 3.26561 18.19 0.314108 0.0669777 392.563 0 0
1500 50.142 29.8616 17.8552 -0.0763651 0.533007 392.641 0 0
1500 73.6719 -30.3469 17.9053 0.333552 -0.507601 392.628 0 0
1500 117.129 -102.499 17.8868 0.899375 -1.72346 392.509 0 0
1500 227.041 100.612 17.9716 2.89844 1.64611 392.591 0 0
1500 44.7323 3.64981 17.9408 -0.208922 0.133474 392.816 0 0
1500 90.0138 -4.48316 18.1379 0.603364 -0.0668921 392.906 0 0
1500 108.206 44.7603 17.8882 0.747782 0.715991 393.046 0 0
1500 105.76 20.1966 17.8945 0.80421 0.274762 393.039 0 0
1500 16.2573 -8.36746 17.8691 -0.676204 -0.060458 393.004 0 0
1500 65.0107 6.11352 17.8947 0.189729 0.119749 392.963 0 0
1500 90.4924 55.5564 18.1096 0.522168 0.958674 393.112 0 0
1500 93.2799 -56.5888 17.9276 0.622208 -0.974711 393.083 0 0
1500 57.1205 -19.7355 18.3774 0.0464673 -0.319217 393.149 0 0
1500 84.1612 -59.8744 17.8258 0.388687 -0.931384 393.197 0 0
1500 78.0318 -3.806 18.2459 0.368976 -0.0245161 393.414 0 0
1500 43.5255 0.756723 18.1029 -0.22844 0.0231617 393.299 0 0
1500 96.7564 41.8926 17.9814 0.585098 0.703191 393.483 0 0
1500 80.6902 48.8356 17.9493 0.415766 0.787959 393.346 0 0
1500 98.8812 -15.205 18.0866 0.650142 -0.306242 393.444 0 0
1500 58.2646 7.81235 18.1537 -0.0181511 0.163952 393.351 0 0
1500 19.9659 14.527 17.9304 -0.588175 0.299567 393.551 0 0
1500 70.6554 -50.8837 18.0035 0.244494 -0.838114 393.768 0 0
1500 81.3286 20.5833 17.853 0.448394 0.334462 393.722 0 0
1500 45.8118 38.1111 17.8527 -0.170255 0.593582 393.793 0 0
1500 49.629 -61.3121 17.8313 -0.10668 -0.943502 393.827 0 0
1500 64.4098 -22.9492 17.911 0.13547 -0.364557 393.887 0 0
1500 91.8487 6.39306 17.9613 0.608318 0.129171 393.855 0 0
1500 97.2349 -26.8137 17.8789 0.680896 -0.387825 394.145 0 0
1500 67.4175 47.7846 17.8787 0.223149 0.756921 394.168 0 0
1500 72.9328 33.0271 17.9141 0.268587 0.51833 394.31 0 0
1500 85.5241 -46.9974 17.9787 0.422498 -0.785611 394.254 0 0
1500 92.1284 35.3107 18.3001 0.56559 0.645293 394.352 0 0
1500 214.573 -6.30051 17.9546 2.61357 -0.178576 394.296 0 0
1500 72.1341 38.2197 17.9414 0.255406 0.659937 394.447 0 0
1500 81.6137 21.3609 17.9167 0.389835 0.352526 394.542 0 0
1500 87.4292 -11.4031 18.3947 0.505125 -0.246029 394.582 0 0
1500 83.1853 64.9838 17.9361 0.461694 1.08461 394.535 0 0
1500 88.0688 23.0747 18.4576 0.59542 0.388171 394.615 0 0
1500 32.8547 4.5411 17.8341 -0.40924 0.149475 394.692 0 0
1500 100.894 42.7812 18.0253 0.730642 0.672249 394.889 0 0
1500 105.434 38.7129 17.8082 0.790325 0.580325 394.969 0 0
1500 73.5498 57.5888 17.9164 0.232049 0.941048 395.071 0 0
1500 99.1404 -26.1373 18.043 0.736597 -0.425095 395.076 0 0
1500 66.8031 43.7426 17.8943 0.172907 0.661045 395.126 0 0
1500 51.8227 50.0642 17.9087 -0.0633504 0.768693 395.192 0 0
1500 67.3705 35.2165 18.147 0.234747 0.593239 395.208 0 0
1500 96.2858 -14.2959 18.467 0.714935 -0.185208 395.304 0 0
1500 65.9473 43.5182 18.1742 0.166925 0.738853 395.333 0 0
1500 89.2809 -10.9041 18.0636 0.509632 -0.24414 395.301 0 0
1500 109.304 26.0776 18.007 0.868411 0.379287 395.46 0 0
1500 31.447 57.5762 17.8997 -0.501685 0.952096 395.508 0 0
1500 105.567 1.11399 17.8232 0.728951 0.0943485 395.611 0 0
1500 109.888 -21.7341 17.877 0.854023 -0.374293 395.887 0 0
1500 81.6439 -25.2618 18.1147 0.403712 -0.462755 396.022 0 0
1500 91.2661 37.1022 17.8195 0.505355 0.646722 395.958 0 0
1500 43.4114 -9.04825 18.509 -0.250851 -0.166695 395.938 0 0
1500 51.4429 -18.5267 18.3578 -0.0889181 -0.273439 396.268 0 0
1500 62.6871 -41.5767 17.9669 0.0633191 -0.641343 396.268 0 0
1500 109.967 -41.1691 17.8661 0.850608 -0.590319 396.115 0 0
1500 92.9203 38.3027 18.1368 0.614901 0.631005 396.17 0 0
1500 9.96888 22.945 17.8627 -0.834751 0.363599 396.274 0 0
1500 196.922 50.8902 18.0573 2.43613 0.841443 396.338 0 0
1500 76.7302 11.1559 17.9829 0.337434 0.176089 396.412 0 0
1500 -7.22811 -9.57088 17.8922 -1.02559 -0.129947 396.475 0 0
1500 120.511 18.5543 17.8655 1.0025 0.297932 396.463 0 0
1500 123.236 11.1671 17.8045 1.03474 0.159865 396.556 0 0
1500 115.877 33.4076 17.8044 0.926393 0.48854 396.531 0 0
1500 96.5533 41.8735 17.8146 0.581624 0.713937 396.513 0 0
1500 19.9803 32.4457 17.9031 -0.59559 0.46804 396.574 0 0
1500 93.6431 -0.0211022 18.067 0.624258 -0.0598876 396.609 0 0
1500 89.6959 42.4875 17.9302 0.53919 0.689262 396.938 0 0
1500 64.8982 35.4133 18.0106 0.187792 0.593265 396.915 0 0
1500 42.0307 -23.3361 17.9252 -0.31419 -0.371059 396.787 0 0
1500 49.6548 -24.6718 17.9264 -0.196143 -0.392298 396.703 0 0
1500 28.7445 13.8987 17.837 -0.488522 0.286938 396.814 0 0
1500 95.1286 57.0118 17.8052 0.615503 0.831475 397.006 0 0
1500 69.3513 25.9339 18.2049 0.16619 0.413352 397.168 0 0
1500 54.1558 19.3728 18.0905 0.000793177 0.328391 397.363 0 0
1500 35.9099 74.6467 17.8045 -0.373278 1.12944 397.205 0 0
1500 96.9108 -14.7275 18.8009 0.74297 -0.268425 397.242 0 0
1500 70.399 -52.5647 17.9713 0.150472 -0.848768 397.36 0 0
1500 140.186 8.01361 18.1127 1.42385 0.153909 397.102 0 0
1500 25.3035 54.0708 17.8093 -0.496789 0.887366 397.428 0 0
1500 102.198 12.9971 18.0039 0.754153 0.246703 397.49 0 0
1500 37.8607 40.2506 17.8293 -0.343398 0.690171 397.436 0 0
1500 39.8559 41.8932 17.8289 -0.312476 0.715058 397.474 0 0
1500 82.2533 -27.2278 18.0813 0.479002 -0.426418 397.529 0 0
1500 -2.44745 -3.18489 17.8545 -0.934878 -0.023613 397.595 0 0
1500 95.9648 28.8439 18.3667 0.693906 0.474656 397.633 0 0
1500 81.8573 -5.71676 18.1779 0.412438 -0.126921 397.768 0 0
1500 16.3628 29.6003 17.8257 -0.670899 0.523208 397.793 0 0
1500 116.777 32.7499 17.8081 0.872055 0.56356 397.84 0 0
1500 112.202 -4.74286 18.0072 0.910708 -0.0429123 397.85 0 0
1500 112.134 43.6061 17.9301 0.931951 0.802939 397.961 0 0
1500 89.9142 22.7483 18.0831 0.564576 0.408232 398.052 0 0
1500 90.1441 -29.3954 18.4645 0.579919 -0.53683 398.068 0 0
1500 78.5676 -6.91107 18.1559 0.378057 -0.0624979 398.185 0 0
1500 115.663 10.2395 17.812 0.898919 0.142367 398.362 0 0
1500 57.4749 65.8234 17.8075 -0.0132642 1.04813 398.431 0 0
1500 113.502 41.3629 17.9753 0.933181 0.649186 398.513 0 0
1500 126.779 21.7958 17.9543 1.20007 0.31586 398.6 0 0
1500 91.1379 -44.034 17.8157 0.542607 -0.634372 398.807 0 0
1500 0.695753 36.1253 17.8078 -0.849043 0.60533 398.795 0 0
1500 117.197 0.227711 17.9488 0.991505 0.0159303 398.908 0 0
1500 98.5619 -6.84341 18.3152 0.683184 -0.0875297 399.037 0 0
1500 49.9333 -0.77325 18.1739 -0.116993 -0.0615211 399.094 0 0
1500 56.9667 45.7329 18.0687 0.0289695 0.769658 399.068 0 0
1500 55.0183 -3.96302 17.9239 -0.0681863 0.00967264 399.009 0 0
1500 129.951 -15.3278 18.0442 1.19329 -0.315033 399.029 0 0
1500 -3.60713 -0.231833 18.1464 -1.04639 -0.00779319 399.051 0 0
1500 62.5934 -48.461 17.985 0.0703133 -0.752353 399.121 0 0
1500 88.3372 -79.5914 17.9028 0.426462 -1.28853 399.13 0 0
1500 21.2431 15.6854 17.8714 -0.546378 0.28374 399.258 0 0
1500 104.695 47.7949 17.8163 0.666897 0.783639 399.321 0 0
1500 44.6642 -8.06265 17.9131 -0.247735 -0.113991 399.394 0 0
1500 67.4473 72.6451 17.9647 0.207537 1.221 399.436 0 0
1500 119.478 20.6549 17.9999 0.99376 0.331185 399.629 0 0
1500 92.1917 57.7133 17.8155 0.47719 0.927255 399.672 0 0
1500 -3.86232 23.411 17.8156 -0.954147 0.416743 399.615 0 0
1500 -0.554817 -11.6004 17.9228 -0.944971 -0.171327 399.502 0 0
1500 108.533 -15.974 18.0157 0.862179 -0.250874 399.695 0 0
1500 67.9452 4.25512 18.2026 0.233696 0.134512 399.546 0 0
1500 61.5081 24.448 18.0567 0.130476 0.437193 399.832 0 0
1500 104.589 11.6272 18.3568 0.831219 0.273472 399.5 0 0
1500 47.6707 -18.8399 18.1009 -0.114983 -0.329152 399.896 0 0
1500 43.928 33.2708 17.9335 -0.199206 0.535327 399.983 0 0
1500 65.5886 13.9055 18.1855 0.16845 0.254966 400.227 0 0
1500 116.983 -9.76021 17.926 0.928617 -0.154071 400.217 0 0
1500 115.41 80.7444 17.8329 0.848678 1.2437 400.387 0 0
1500 -8.47111 -8.05327 17.9012 -1.03877 -0.126709 400.451 0 0
1500 60.0895 66.3114 17.8155 -0.000896897 1.04261 400.49 0 0
1500 100.837 4.23227 18.1816 0.725626 0.132801 400.45 0 0
1500 96.2024 -37.0762 17.9675 0.565644 -0.631993 400.299 0 0
1500 97.2369 -13.051 17.9234 0.680761 -0.239195 400.111 0 0
1500 114.796 44.443 18.3245 1.0254 0.80328 400.144 0 0
1500 4.24912 38.8241 17.8157 -0.821303 0.637221 400.591 0 0
1500 62.2206 -9.68187 17.8952 0.130222 -0.113347 400.768 0 0
1500 85.0181 -25.4044 18.7416 0.488118 -0.441209 400.913 0 0
1500 116.676 -21.6733 18.0179 0.968865 -0.329851 400.888 0 0
1500 66.103 -38.9916 18.1242 0.199983 -0.659009 400.685 0 0
1500 92.2539 25.7118 17.9444 0.506269 0.479594 400.71 0 0
1500 120.812 -0.281609 18.0176 1.02872 -0.0127237 400.984 0 0
1500 -36.3261 2.67869 17.8398 -1.49348 0.0141265 401.094 0 0
1500 40.4073 -42.2194 17.8436 -0.340971 -0.618759 401.125 0 0
1500 32.5531 -3.44258 17.9325 -0.447098 -0.00880228 401.196 0 0
1500 79.6926 -1.17921 19.2301 0.523845 -0.0360976 401.334 0 0
1500 61.0572 23.3457 18.8001 0.139686 0.524856 401.356 0 0
1500 130.455 2.66803 17.8704 1.10469 0.0768921 401.49 0 0
1500 59.9321 29.2595 18.2141 0.0727361 0.518164 401.443 0 0
1500 81.6173 -56.1944 17.9111 0.43115 -0.88253 401.558 0 0
1500 123.079 1.2533 18.0078 1.04469 0.00881477 402.043 0 0
1500 24.8833 56.7186 17.8515 -0.497662 0.916646 402.153 0 0
1500 31.9529 40.5406 18.0355 -0.441686 0.640856 402.076 0 0
1500 114.575 7.55844 17.9939 1.00953 0.124597 402.165 0 0
1500 84.9823 6.14398 18.3341 0.470921 0.0434994 402.19 0 0
1500 18.2118 -34.28 17.8404 -0.598631 -0.600827 402.196 0 0
1500 36.4929 -4.23367 18.1515 -0.367245 -0.0411592 402.422 0 0
1500 36.7442 47.8695 18.0218 -0.388683 0.816474 402.429 0 0
1500 290.456 123.073 17.8902 3.79811 2.10493 402.461 0 0
1500 5.00074 12.2722 18.0476 -0.912859 0.26505 402.466 0 0
1500 93.8564 -35.1506 18.1057 0.602568 -0.680037 402.414 0 0
1500 139.802 -49.2692 17.9177 1.35333 -0.761933 402.734 0 0
1500 111.124 -27.59 17.9489 0.966382 -0.431704 402.949 0 0
1500 78.8404 -44.9723 18.1175 0.306085 -0.790258 402.981 0 0
1500 85.3689 -9.98 18.6682 0.532097 -0.110166 403.212 0 0
1500 82.5944 -35.5427 18.0449 0.403032 -0.618057 403.196 0 0
1500 46.2715 -35.8291 17.8908 -0.246343 -0.523981 403.124 0 0
1500 140.945 -14.6835 18.2096 1.53975 -0.276873 403.214 0 0
1500 19.7259 -56.6528 17.8041 -0.531595 -0.903362 403.431 0 0
1500 6.17286 58.7859 17.8905 -0.832719 0.931986 403.458 0 0
1500 96.0741 38.5035 17.8047 0.606517 0.659261 403.424 0 0
1500 35.813 33.7475 17.887 -0.406594 0.551853 403.416 0 0
1500 -41.8463 66.2519 17.8115 -1.55501 1.06046 403.551 0 0
1500 76.8616 24.4792 17.9945 0.359496 0.437274 403.553 0 0
1500 89.3529 -49.5878 17.9544 0.549324 -0.789657 403.617 0 0
1500 86.2564 39.2258 17.9492 0.416864 0.669617 403.594 0 0
1500 67.2235 1.46441 18.029 0.213377 0.0465278 403.782 0 0
1500 86.199 32.4987 18.0192 0.462074 0.509856 403.729 0 0
1500 65.467 55.8869 17.8028 0.13834 0.921544 403.661 0 0
1500 13.7484 -14.5026 17.8837 -0.743703 -0.191726 403.706 0 0
1500 57.2563 16.1591 17.8436 -0.0404926 0.289715 404 0 0
1500 84.1386 48.863 17.9275 0.411205 0.761759 403.923 0 0
1500 -7.75043 1.00037 17.9085 -1.02868 0.0577058 403.967 0 0
1500 90.2237 -54.2391 17.8345 0.532526 -0.870402 404.141 0 0
1500 109.421 28.7296 17.9205 0.807611 0.506173 404.008 0 0
1500 70.7029 34.2767 18.1401 0.190289 0.58523 404.15 0 0
1500 78.8487 24.2395 18.1376 0.434671 0.375338 404.045 0 0
1500 84.1314 -56.879 17.9247 0.421326 -0.922048 404.204 0 0
1500 68.0932 -67.9923 17.8506 0.182333 -1.12558 404.235 0 0
1500 27.6854 58.9844 17.9077 -0.498607 0.916323 404.306 0 0
1500 10.5042 35.8457 17.9414 -0.730475 0.609412 404.513 0 0
1500 81.1389 -12.3261 18.3254 0.480431 -0.225207 404.313 0 0
1500 3.98415 10.7389 17.8772 -0.88447 0.193966 404.384 0 0
1500 48.0373 -67.749 17.7985 -0.0847106 -1.06098 404.263 0 0
1500 50.2492 -34.3619 18.1687 -0.136104 -0.70819 404.333 0 0
1500 123.436 29.3817 17.9059 1.11801 0.556806 404.616 0 0
1500 85.5523 -59.0444 17.9203 0.459639 -0.913242 404.894 0 0
1500 17.906 -7.66317 17.9036 -0.681853 -0.143175 404.896 0 0
1500 79.2381 -0.708683 18.373 0.412274 0.0254109 405.489 0 0
1500 78.0388 -47.9104 17.9533 0.381111 -0.77394 405.223 0 0
1500 83.3999 24.3532 17.8221 0.469379 0.372202 405.447 0 0
1500 72.4913 13.8044 18.0436 0.293387 0.183274 405.597 0 0
1500 20.3724 -53.0127 17.8595 -0.551756 -0.866583 405.614 0 0
1500 52.234 -21.8071 18.1986 -0.120638 -0.453078 405.518 0 0
1500 79.5365 3.8861 18.372 0.427472 0.161 405.523 0 0
1500 87.312 32.9445 17.8692 0.408777 0.535403 405.663 0 0
1500 71.6608 -63.172 17.9254 0.203945 -1.0122 405.661 0 0
1500 116.555 4.74113 17.8975 0.966737 0.0624969 405.687 0 0
1500 43.0882 1.60651 18.2283 -0.226121 -0.0342826 405.69 0 0
1500 103.837 16.3416 18.1437 0.737745 0.268366 405.748 0 0
1500 104.359 40.9146 17.8427 0.753617 0.666504 405.762 0 0
1500 75.6614 -15.1831 18.0252 0.297681 -0.311838 405.935 0 0
1500 69.4204 38.1811 17.9134 0.141123 0.601167 406.147 0 0
1500 103.559 -35.6353 17.9265 0.709466 -0.56375 406.038 0 0
1500 107.741 32.2067 17.9496 0.77703 0.511849 406.17 0 0
1500 -4.5793 -25.0305 17.8696 -0.988905 -0.340917 406.096 0 0
1500 118.978 -19.0399 17.9116 0.97975 -0.381947 406.152 0 0
1500 108.915 25.8226 17.8612 0.790861 0.412109 406.436 0 0
1500 60.9168 53.7692 18.0325 0.0497973 0.99482 406.435 0 0
1500 95.3318 4.34616 18.0525 0.589768 0.115277 406.651 0 0
1500 92.3099 41.2274 17.954 0.55187 0.635882 406.724 0 0
1500 119.035 -3.6717 17.9638 0.982921 -0.0561206 406.526 0 0
1500 93.5039 41.5108 17.9244 0.540865 0.690112 406.491 0 0
1500 33.8237 -62.1639 17.9248 -0.352709 -0.981303 406.752 0 0
1500 122.343 7.38587 17.8934 1.03722 0.100734 406.759 0 0
1500 60.7375 -11.8664 18.7134 0.0539373 -0.179657 406.883 0 0
1500 32.8231 56.759 17.8019 -0.340557 0.887642 407.152 0 0
1500 102.156 -16.2504 18.2331 0.790102 -0.235464 407.125 0 0
1500 138.001 -23.4228 17.9147 1.33001 -0.346328 407.039 0 0
1500 88.9646 54.6491 17.8916 0.479189 0.875205 407.207 0 0
1500 122.551 3.02062 17.93 1.03445 0.0241577 407.335 0 0
1500 12.2113 60.9105 17.9882 -0.758788 1.03969 407.174 0 0
1500 94.1715 -50.6796 18.1753 0.690123 -0.986791 407.432 0 0
1500 91.1168 33.8546 17.9341 0.571846 0.590736 407.73 0 0
1500 42.6822 59.5694 17.8831 -0.245406 0.915896 407.815 0 0
1500 54.0593 58.8776 17.8959 -0.0495049 0.915355 407.804 0 0
1500 85.7812 -13.7139 18.7172 0.502457 -0.272275 407.827 0 0
1500 85.478 41.1148 17.8691 0.463904 0.695056 407.839 0 0
1500 31.037 38.0168 17.9275 -0.476934 0.568438 407.874 0 0
1500 73.1611 26.9308 18.0227 0.330819 0.438559 407.865 0 0
1500 17.159 46.7219 17.8746 -0.648458 0.702276 408.008 0 0
1500 69.0037 61.7993 17.8185 0.174269 0.97529 408.012 0 0
1500 108.327 -33.4371 17.854 0.831879 -0.470339 407.968 0 0
1500 -5.61668 -19.8724 17.8869 -0.992978 -0.315002 408.245 0 0
1500 90.1818 -20.9986 18.7136 0.565067 -0.378336 408.121 0 0
1500 46.6286 -63.1292 17.8017 -0.235889 -0.990975 408.27 0 0
1500 52.3468 16.1829 17.9873 -0.047781 0.325833 408.301 0 0
1500 80.6429 1.66409 18.4875 0.341706 0.0310623 408.299 0 0
1500 95.6328 -17.7218 17.9418 0.557947 -0.317206 408.423 0 0
1500 11.9905 -33.7828 17.8853 -0.720864 -0.495207 408.578 0 0
1500 58.7964 58.18 17.8635 0.0550665 0.946311 408.52 0 0
1500 103.251 24.2626 17.9311 0.771514 0.398172 408.602 0 0
1500 58.3865 -49.6568 17.9078 -0.0206367 -0.825824 408.409 0 0
1500 44.2675 22.388 17.9296 -0.175479 0.422353 408.593 0 0
1500 118.342 5.98255 17.9332 0.94667 0.0615694 408.703 0 0
1500 41.5091 -50.8739 17.905 -0.277195 -0.840489 408.715 0 0
1500 59.3798 36.1607 17.9792 0.0608357 0.630285 408.876 0 0
1500 74.0463 -9.01221 17.9505 0.252245 -0.192993 409.102 0 0
1500 85.7785 -14.7294 18.6738 0.595776 -0.216728 408.915 0 0
1500 72.4112 49.7118 17.8236 0.191108 0.832718 408.988 0 0
1500 62.3817 6.40349 18.6744 0.0909449 0.115571 409.153 0 0
1500 174.008 13.9057 17.8874 1.93924 0.237375 409.258 0 0
1500 58.9317 -10.2071 18.3738 0.0522501 -0.202351 409.632 0 0
1500 38.0716 -45.4175 17.8952 -0.294342 -0.712037 409.38 0 0
1500 6.561 8.76497 17.8192 -0.833461 0.197368 409.323 0 0
1500 14.6162 -17.1612 17.926 -0.716497 -0.21935 409.432 0 0
1500 42.6085 42.7593 17.9257 -0.286988 0.699548 409.458 0 0
1500 120.101 35.8142 17.9168 1.04721 0.521888 409.388 0 0
1500 118.329 28.7003 17.9166 1.04722 0.422034 409.555 0 0
1500 122.683 -11.2703 17.7997 1.0333 -0.1605 409.759 0 0
1500 92.9444 -53.5816 17.8989 0.497889 -0.869289 409.651 0 0
1500 126.419 102.861 17.8212 1.10283 1.55531 409.674 0 0
1500 92.7589 3.87887 17.9454 0.513422 0.0191199 410.085 0 0
1500 5.29741 -18.7459 17.8964 -0.811029 -0.290592 410.103 0 0
1500 93.5407 46.846 17.8243 0.600412 0.702992 410.13 0 0
1500 43.7158 -1.17671 18.0979 -0.235236 -0.0255393 410.261 0 0
1500 87.0485 -10.5785 17.9092 0.460976 -0.181682 410.925 0 0
1500 73.3004 -15.4279 18.1023 0.25131 -0.281806 410.489 0 0
1500 58.7299 -27.1889 17.9062 -0.00149571 -0.447682 410.32 0 0
1500 45.6425 4.03677 17.9543 -0.17355 0.124069 411.302 0 0
1500 94.7462 -32.8612 17.821 0.552723 -0.5311 410.997 0 0
1500 -3.11709 3.56165 17.7999 -0.908824 0.119027 410.843 0 0
1500 82.5299 57.9928 17.8533 0.421287 0.872039 411.12 0 0
1500 113.717 31.6655 18.0011 0.916047 0.490477 410.643 0 0
1500 109.249 34.023 17.9629 0.805317 0.58102 410.709 0 0
1500 0.345319 22.1277 17.812 -0.914287 0.395854 410.351 0 0
1500 126.7 0.523033 18.0002 1.11494 0.0492335 411.261 0 0
1500 26.7662 -21.3841 17.9235 -0.535041 -0.297454 410.216 0 0
1500 10.411 37.2876 17.8088 -0.775184 0.615766 411.23 0 0
1500 104.97 49.5166 17.8468 0.793675 0.734995 411.072 0 0
1500 29.5954 -31.6311 17.9024 -0.500935 -0.512979 410.731 0 0
1500 31.0687 -24.8252 17.8903 -0.473748 -0.339133 410.312 0 0
1500 49.6835 -20.8016 18.0705 -0.0787681 -0.395458 410.735 0 0
1500 73.6172 -24.0784 18.0672 0.289288 -0.444427 410.962 0 0
1500 60.8474 -6.38692 18.0739 0.0937056 -0.173769 410.513 0 0
1500 76.3546 2.57721 17.8415 0.286939 0.118663 410.158 0 0
1500 82.1421 117.858 17.9168 0.367537 1.98557 410.605 0 0
1500 130.26 -40.7773 18.0802 1.30533 -0.689005 410.797 0 0
1500 68.5585 5.65155 18.5457 0.262731 0.133359 411.381 0 0
1500 49.3105 20.4367 17.9076 -0.196599 0.282279 411.331 0 0
1500 29.5575 33.0933 18.1013 -0.447359 0.560656 411.506 0 0
1500 64.5548 -46.5384 18.0575 0.148214 -0.780013 411.759 0 0
1500 78.4327 -11.1394 18.371 0.335925 -0.219782 412.15 0 0
1500 93.7877 7.47304 17.8227 0.5724 0.0995598 412.02 0 0
1500 109.267 -37.3352 17.8178 0.782494 -0.602872 412.034 0 0
1500 98.1361 -26.3721 18.1943 0.722276 -0.419731 412.358 0 0
1500 94.3231 20.2355 18.107 0.648395 0.353431 412.335 0 0
1500 90.7891 -29.2954 17.9875 0.597379 -0.437508 412.368 0 0
1500 83.752 24.3721 18.4172 0.426697 0.431103 412.656 0 0
1500 13.1445 45.0763 17.8119 -0.695497 0.715498 412.805 0 0
1500 110.102 10.521 18.088 0.891091 0.168673 412.724 0 0
1500 70.8365 -54.6389 17.8894 0.135777 -0.867634 412.846 0 0
1500 114.83 7.41432 18.0825 0.989433 0.199662 412.922 0 0
1500 30.3157 59.649 17.8439 -0.387191 0.940861 413.425 0 0
1500 92.8927 -29.874 18.4863 0.625476 -0.510248 413.273 0 0
1500 71.0878 65.5144 17.9056 0.175159 1.0335 413.341 0 0
1500 86.8588 -18.8091 18.0423 0.501869 -0.351914 413.097 0 0
1500 112.814 3.15003 17.8431 0.907038 0.0757177 413.148 0 0
1500 71.102 -1.0248 18.1965 0.266251 -0.0903207 413.017 0 0
1500 32.7154 -30.3175 17.884 -0.37457 -0.544953 413.168 0 0
1500 43.8126 -19.5748 18.0299 -0.175693 -0.382116 413.092 0 0
1500 97.2926 -0.313363 17.8787 0.592907 0.0562382 413.546 0 0
1500 106.583 -19.3398 17.8159 0.813011 -0.267369 413.6 0 0
1500 42.2539 27.3391 17.8528 -0.296896 0.489547 413.535 0 0
1500 -74.0844 14.7617 17.8745 -2.2221 0.269453 413.607 0 0
1500 40.5037 -15.6516 18.1583 -0.265769 -0.244504 413.997 0 0
1500 69.3499 39.7808 18.173 0.2072 0.678078 413.951 0 0
1500 89.726 26.7158 17.8611 0.506479 0.48836 413.858 0 0
1500 72.0226 -3.44545 18.0747 0.307391 -0.101677 413.9 0 0
1500 75.7656 6.83977 18.3516 0.334514 0.153435 414.091 0 0
1500 114.098 30.4397 17.8471 0.885882 0.466621 414.083 0 0
1500 76.8407 -9.39253 18.0725 0.38096 -0.193095 414.042 0 0
1500 70.0943 -58.6963 17.8788 0.121368 -0.99696 414.251 0 0
1500 55.9456 18.9735 17.835 -0.0668685 0.325772 414.802 0 0
1500 39.9326 34.0051 17.8292 -0.296954 0.538293 414.872 0 0
1500 -0.832371 31.5385 17.9081 -0.918899 0.474259 414.783 0 0
1500 75.4358 46.5982 18.1678 0.297262 0.775717 414.435 0 0
1500 -4.84115 -8.06528 17.8887 -0.982669 -0.178991 414.694 0 0
1500 95.8724 50.0895 17.8079 0.63728 0.782335 414.787 0 0
1500 36.2102 -57.5024 17.8688 -0.312258 -0.939913 414.892 0 0
1500 71.6546 -50.454 18.0543 0.17354 -0.847205 414.765 0 0
1500 104.406 -31.3504 17.8732 0.704304 -0.573961 414.478 0 0
1500 25.1331 33.364 17.927 -0.510799 0.511286 415.095 0 0
1500 89.6724 18.3506 17.9809 0.470204 0.347648 415.244 0 0
1500 63.2926 -34.4984 17.947 0.0428401 -0.588876 415.16 0 0
1500 76.5394 -43.9746 17.854 0.36422 -0.670229 415.326 0 0
1500 26.0202 -22.3526 17.8398 -0.522413 -0.428487 415.491 0 0
1500 70.2644 4.95625 18.0179 0.249903 0.145042 415.621 0 0
1500 55.2572 -22.9487 17.8937 -0.0039316 -0.428047 415.625 0 0
1500 75.8237 18.4733 18.1872 0.292304 0.308881 415.907 0 0
1500 64.1043 5.79062 17.9894 0.120344 0.14699 415.992 0 0
1500 81.9554 31.797 17.9791 0.382344 0.509896 415.89 0 0
1500 63.1864 -61.8352 17.8096 0.135637 -0.926568 415.783 0 0
1500 115.529 -30.9901 17.9967 0.914715 -0.51097 415.789 0 0
1500 25.9338 -23.6376 18.0204 -0.544002 -0.363832 415.945 0 0
1500 57.3179 -23.2721 18.1272 0.0424053 -0.432749 416.073 0 0
1500 78.4175 13.3334 17.8252 0.352142 0.277532 416.028 0 0
1500 49.2426 -8.83389 17.846 -0.187464 -0.0774363 415.906 0 0
1500 71.2071 17.3688 17.8433 0.156578 0.332609 416.074 0 0
1500 44.7488 17.4869 17.9236 -0.245182 0.237217 416.201 0 0
1500 43.5122 43.7412 17.9219 -0.221455 0.682458 416.339 0 0
1500 56.5813 47.7257 17.9018 -0.00397231 0.794497 416.279 0 0
1500 24.919 -3.67343 17.8852 -0.517054 -0.134202 416.168 0 0
1500 73.2413 3.8363 17.9881 0.256886 0.117122 416.449 0 0
1500 90.2914 -6.2037 18.3217 0.536609 -0.16766 416.361 0 0
1500 81.6294 27.5891 17.8376 0.317617 0.489418 416.472 0 0
1500 65.4317 37.8337 18.2987 0.112483 0.698209 416.348 0 0
1500 31.617 -35.3257 17.8848 -0.362536 -0.61104 416.743 0 0
1500 114.665 17.2698 17.9785 0.899603 0.256668 416.941 0 0
1500 99.1873 -51.4987 17.8666 0.616466 -0.824154 416.941 0 0
1500 51.1829 -56.2106 17.8749 -0.0656567 -0.92186 417.307 0 0
1500 65.9101 -51.8033 17.8775 0.158572 -0.859045 416.995 0 0
1500 100.523 4.97879 17.8407 0.72819 0.104803 417.361 0 0
1500 117.759 -11.2955 17.974 0.987444 -0.247684 417.166 0 0
1500 14.446 -28.103 17.8817 -0.680891 -0.520735 417.392 0 0
1500 22.7637 53.9841 17.8865 -0.565306 0.817098 417.446 0 0
1500 41.9204 53.3426 17.8972 -0.220761 0.862627 417.552 0 0
1500 12.4949 26.2535 17.8256 -0.744624 0.460973 417.544 0 0
1500 72.4029 1.52794 17.8886 0.305642 0.0437749 417.48 0 0
1500 61.2563 36.0161 17.8845 0.0862167 0.566921 417.859 0 0
1500 102.949 26.5036 17.8984 0.717019 0.369823 417.842 0 0
1500 94.5984 44.8146 17.8141 0.589869 0.670833 417.968 0 0
1500 87.8704 39.0297 17.8203 0.488455 0.582047 418.65 0 0
1500 56.2687 60.0529 17.9201 0.00119063 0.930828 418.193 0 0
1500 49.0641 -60.8739 17.8707 -0.113778 -0.948608 417.837 0 0
1500 79.125 -56.8772 17.8713 0.319018 -0.889941 417.921 0 0
1500 24.789 -7.51542 17.8882 -0.504658 -0.186114 417.705 0 0
1500 115.772 18.5045 17.9933 0.921864 0.342609 417.973 0 0
1500 91.6482 21.4741 18.3047 0.564923 0.398479 417.686 0 0
1500 87.7162 55.3159 17.8627 0.52519 0.84758 418.15 0 0
1500 119.236 -68.5416 17.8235 0.994857 -1.05249 418.295 0 0
1500 110.14 33.4549 17.8911 0.865103 0.508863 418.671 0 0
1500 2.43319 -16.8992 17.8236 -0.895058 -0.198058 417.793 0 0
1500 52.4919 57.6494 17.8221 -0.132193 0.934672 417.987 0 0
1500 87.8733 -13.5779 17.8983 0.446271 -0.284356 418.529 0 0
1500 -41.6309 36.4548 17.8286 -1.65071 0.614278 417.98 0 0
1500 86.5488 -70.1703 18.1022 0.506915 -1.2277 418.373 0 0
1500 91.5951 15.344 18.1594 0.668043 0.251523 417.752 0 0
1500 85.8719 0.640593 18.2224 0.531186 0.0997998 418.041 0 0
1500 51.6932 8.88286 17.8448 -0.0335648 0.162491 419.154 0 0
1500 75.5474 -48.6992 17.878 0.264319 -0.762979 418.764 0 0
1500 133.552 -18.7577 17.8202 1.1438 -0.337714 419.033 0 0
1500 7.72221 -44.9606 17.8699 -0.748149 -0.74107 418.725 0 0
1500 107.55 39.9738 17.8901 0.823217 0.604376 418.917 0 0
1500 63.5368 66.3784 17.8165 0.0347955 1.04482 419.4 0 0
1500 58.4758 6.02327 18.6705 0.0438333 0.101743 419.258 0 0
1500 -5.34777 -64.8095 17.8299 -0.957433 -1.07685 419.141 0 0
1500 74.1352 1.27912 18.1657 0.346107 0.0740597 419.456 0 0
1500 98.6026 -18.1507 17.9926 0.715578 -0.242647 419.472 0 0
1500 50.2955 22.8531 17.8483 -0.192606 0.386383 419.012 0 0
1500 78.8488 11.0694 18.2563 0.375476 0.252618 418.855 0 0
1500 37.2661 -48.192 17.8136 -0.384585 -0.778976 420.062 0 0
1500 121.164 11.6653 17.9661 1.02641 0.163792 420.314 0 0
1500 94.0987 4.4767 18.492 0.656301 0.134732 420.251 0 0
1500 6.69893 -15.8061 17.8318 -0.854525 -0.212515 420.415 0 0
1500 90.5539 2.66638 17.9676 0.560777 -0.0239792 420.263 0 0
1500 132.032 -1.78848 18.065 1.26931 0.0259505 420.286 0 0
1500 -24.3226 -106.988 17.9236 -1.38861 -1.86124 420.392 0 0
1500 36.1149 -29.4696 18.0222 -0.440329 -0.460896 420.158 0 0
1500 57.6166 51.6983 18.5682 -0.0509457 1.08061 420.291 0 0
1500 0.29962 -53.9421 17.8136 -0.939719 -0.776375 420.49 0 0
1500 69.4841 -17.4358 17.8371 0.236241 -0.324535 420.605 0 0
1500 39.7619 36.3066 17.8418 -0.225012 0.574941 420.908 0 0
1500 116.445 -17.6829 17.8745 0.875581 -0.31932 421 0 0
1500 147.375 -76.8946 17.8151 1.41054 -1.13577 420.719 0 0
1500 117.883 31.1722 18.122 1.00031 0.509601 420.771 0 0
1500 87.1933 -45.8917 17.8791 0.403343 -0.759448 421.095 0 0
1500 92.849 -24.8103 17.8943 0.603918 -0.428883 421.063 0 0
1500 75.0037 15.1994 17.9166 0.335474 0.28345 420.655 0 0
1500 55.4219 -8.36028 17.924 -0.0822548 -0.188842 420.752 0 0
1500 45.4545 11.3653 17.9232 -0.237656 0.118968 420.802 0 0
1500 66.7379 -46.1774 18.1159 0.100776 -0.765174 421.12 0 0
1500 117.49 -71.7267 17.91 1.02195 -1.17429 421.151 0 0
1500 62.3577 11.5243 18.4427 0.0291165 0.242553 421.205 0 0
1500 74.7327 -57.8785 17.8688 0.23748 -0.903552 421.328 0 0
1500 45.2521 -53.9286 17.8766 -0.235772 -0.878272 421.382 0 0
1500 33.0705 -40.7222 17.8257 -0.328604 -0.679373 421.475 0 0
1500 31.1831 52.6512 17.8085 -0.354864 0.820066 421.636 0 0
1500 -0.815637 8.17565 17.824 -0.891386 0.173524 421.708 0 0
1500 -3.36694 -19.946 17.8045 -0.981901 -0.33802 421.709 0 0
1500 105.398 -4.88625 18.3323 0.851744 -0.0807784 421.845 0 0
1500 119.069 12.3352 17.8212 0.936515 0.261135 421.643 0 0
1500 23.7432 -37.2016 17.8281 -0.536312 -0.646383 421.71 0 0
1500 57.2174 56.5877 17.826 -0.0569927 0.866309 421.958 0 0
1500 82.3042 -65.3233 17.804 0.294429 -1.0054 422.391 0 0
1500 42.6174 61.9801 17.8182 -0.218166 1.00239 422.3 0 0
1500 120.841 19.2911 17.8184 0.954881 0.363176 422.228 0 0
1500 26.5187 58.3254 17.7976 -0.428934 0.933248 422.394 0 0
1500 115.287 -61.303 17.9034 1.01479 -0.977553 422.341 0 0
1500 84.3415 10.0473 17.9922 0.390478 0.178559 422.444 0 0
1500 70.3803 -38.8889 18.0145 0.281763 -0.659664 422.431 0 0
1500 9.65522 -48.9607 17.8227 -0.783675 -0.696216 422.56 0 0
1500 85.8547 44.4751 17.9119 0.501261 0.713463 422.564 0 0
1500 40.4663 32.781 18.1049 -0.308204 0.513042 422.55 0 0
1500 18.6165 -26.0966 17.8326 -0.633657 -0.33994 422.736 0 0
1500 78.6662 30.2369 17.9285 0.270849 0.514008 422.877 0 0
1500 166.479 47.3737 17.8088 1.64763 0.690631 422.906 0 0
1500 82.1405 71.4809 17.8612 0.340881 1.14616 423.082 0 0
1500 51.5478 -66.6246 17.869 -0.135919 -1.03925 423.405 0 0
1500 -24.2362 8.58627 17.8014 -1.2878 0.0858612 423.139 0 0
1500 26.4003 20.6653 18.125 -0.518687 0.331616 423.422 0 0
1500 46.4418 70.1173 17.8408 -0.180205 1.19547 423.27 0 0
1500 83.7985 3.32189 17.9138 0.438318 0.0531671 423.509 0 0
1500 119.031 8.98935 17.8434 0.947171 0.0952272 423.572 0 0
1500 103.971 -44.6558 17.8724 0.738536 -0.679075 424.075 0 0
1500 75.3715 63.0588 17.8179 0.266418 0.995506 423.845 0 0
1500 121.354 12.4843 17.9595 1.0268 0.167593 423.761 0 0
1500 92.7577 -57.7455 17.8556 0.490223 -0.92421 423.642 0 0
1500 18.8137 51.3891 17.8195 -0.662313 0.78079 423.698 0 0
1500 103.739 24.4902 18.1934 0.768066 0.432335 424.081 0 0
1500 72.2701 -18.5378 17.8955 0.27044 -0.354074 423.777 0 0
1500 95.1202 39.7863 17.9118 0.599602 0.606827 424.148 0 0
1500 124.519 1.23374 17.8795 1.03827 -0.0270601 424.358 0 0
1500 100.934 -45.2515 17.9562 0.717497 -0.720051 424.328 0 0
1500 57.805 15.0733 18.3157 0.0501862 0.27382 424.547 0 0
1500 87.5663 20.281 17.9225 0.475976 0.332299 424.506 0 0
1500 86.062 -55.945 17.8746 0.475752 -0.837738 424.498 0 0
1500 98.202 49.6664 17.8201 0.595789 0.792792 424.413 0 0
1500 58.9286 60.6006 17.8226 0.0252588 0.94563 424.847 0 0
1500 111.043 26.4239 18.1259 0.879515 0.444498 425.006 0 0
1500 93.2222 54.1625 17.8282 0.574696 0.864321 425.155 0 0
1500 40.4485 -39.7544 17.8219 -0.310694 -0.601102 425.354 0 0
1500 49.6288 -77.118 17.8017 -0.191238 -1.15131 425.223 0 0
1500 123.034 -9.22655 17.9039 1.02292 -0.102618 425.273 0 0
1500 15.7482 -52.7299 17.8233 -0.696756 -0.780817 425.238 0 0
1500 112.443 -30.3815 17.9271 0.889913 -0.491882 425.27 0 0
1500 3.29437 13.6708 17.8365 -0.855167 0.28145 425.387 0 0
1500 84.3628 7.70677 17.8324 0.442354 0.190917 425.413 0 0
1500 75.4952 6.24124 17.846 0.286675 0.174729 425.464 0 0
1500 -6.06186 16.8352 17.8703 -1.00989 0.277641 425.786 0 0
1500 201.479 -17.5139 17.8214 2.2024 -0.272998 425.732 0 0
1500 110.278 36.9211 17.828 0.857456 0.563112 425.82 0 0
1500 13.7439 -47.2318 17.8218 -0.714253 -0.674782 425.945 0 0
1500 -5.51918 -3.20378 17.8262 -0.995569 -0.0497382 426.247 0 0
1500 65.65 66.2334 17.9504 0.107166 1.04275 425.968 0 0
1500 48.2866 60.3546 17.8314 -0.167271 0.981576 426.161 0 0
1500 85.785 36.6997 17.8217 0.458483 0.634938 426.26 0 0
1500 130.849 27.3174 17.8602 1.15473 0.509085 426.173 0 0
1500 47.7835 -42.6445 17.8868 -0.183278 -0.656555 426.417 0 0
1500 57.5211 -158.691 17.8148 -0.0218515 -2.42966 426.592 0 0
1500 72.0357 -28.7408 18.3431 0.221498 -0.482973 426.572 0 0
1500 100.255 30.4836 17.8179 0.677404 0.536099 426.637 0 0
1500 92.8032 19.6941 17.8456 0.54906 0.282493 426.801 0 0
1500 90.1387 12.7321 17.9018 0.512811 0.135323 427.332 0 0
1500 75.2612 -39.0693 17.8355 0.233949 -0.622713 427.189 0 0
1500 104.965 9.25197 17.9175 0.737939 0.161721 427.303 0 0
1500 87.2435 -23.2668 17.8317 0.463732 -0.375118 427.525 0 0
1500 13.6537 -33.7312 17.8286 -0.705616 -0.472349 426.917 0 0
1500 89.6823 -47.3041 17.8836 0.478261 -0.745396 427.384 0 0
1500 -2.73188 27.9411 17.8286 -0.923754 0.486736 427.041 0 0
1500 20.5087 -51.7638 17.8825 -0.586393 -0.839562 427.412 0 0
1500 33.1767 55.3407 17.8125 -0.34585 0.906621 427.364 0 0
1500 108.289 102.081 17.8134 0.831006 1.59443 427.017 0 0
1500 110.203 8.38785 17.8295 0.813086 0.204117 426.78 0 0
1500 76.079 53.0673 17.8016 0.348856 0.806454 426.967 0 0
1500 107.499 25.338 17.8136 0.803951 0.32891 427.356 0 0
1500 67.8046 73.0688 17.94 0.230142 1.1912 426.9 0 0
1500 77.7943 -20.3701 19.3273 0.506922 -0.401603 427.182 0 0
1500 25.3473 -20.2313 17.9706 -0.534299 -0.422719 427.566 0 0
1500 74.2315 -3.07924 17.9868 0.309753 -0.0587952 428.142 0 0
1500 87.2249 -35.9422 17.8908 0.438267 -0.576547 428.158 0 0
1500 104.336 42.0749 17.8313 0.742067 0.618293 428.195 0 0
1500 13.0664 -49.2854 17.8812 -0.686519 -0.789858 428.488 0 0
1500 120.096 -23.6642 17.7909 0.967628 -0.402737 428.064 0 0
1500 44.0994 61.3729 17.8104 -0.179343 0.991895 427.768 0 0
1500 26.4279 56.8529 17.8096 -0.44392 0.920953 427.978 0 0
1500 43.9105 23.3447 18.3846 -0.203824 0.394221 427.635 0 0
1500 71.0453 -20.9193 18.0977 0.231141 -0.395967 427.791 0 0
1500 32.9964 62.3596 17.8081 -0.341102 0.991182 428.811 0 0
1500 139.915 -22.2196 17.8432 1.35721 -0.320025 429.087 0 0
1500 122.52 -47.221 18.0818 1.13793 -0.804449 429.024 0 0
1500 57.4793 -5.67536 18.0174 0.052384 -0.118541 429.195 0 0
1500 95.3919 18.7208 18.1398 0.607296 0.309802 429.434 0 0
1500 19.6535 13.5036 17.8896 -0.599332 0.217429 429.182 0 0
1500 123.792 7.23182 17.7925 1.04234 0.101274 429.277 0 0
1500 73.9988 50.9311 17.844 0.312431 0.81559 429.317 0 0
1500 66.0334 28.9933 17.9762 0.188232 0.516485 429.548 0 0
1500 66.6303 12.1989 18.2123 0.195189 0.227855 430.113 0 0
1500 34.611 14.3525 17.9786 -0.381487 0.180732 429.764 0 0
1500 96.5242 23.6533 17.8197 0.571961 0.418387 430.176 0 0
1500 100.898 52.9972 17.8123 0.700028 0.855081 430.491 0 0
1500 40.1573 -4.62959 17.8683 -0.324803 -0.145504 430.137 0 0
1500 108.353 31.3916 17.826 0.729215 0.542151 430.994 0 0
1500 91.5004 -24.8629 18.5846 0.616694 -0.437524 431.183 0 0
1500 155.982 6.94567 18.3867 1.85407 0.0781137 431.381 0 0
1500 65.8557 52.1589 17.972 0.136767 0.808914 431.435 0 0
1500 51.8842 61.5502 17.8147 -0.114768 0.998872 431.435 0 0
1500 82.116 17.1811 18.3429 0.500973 0.289029 431.87 0 0
1500 73.9212 3.49715 18.3233 0.272992 0.12146 431.969 0 0
1500 44.3272 34.4274 17.8297 -0.164775 0.549198 432.26 0 0
1500 77.3958 15.7336 18.3202 0.324901 0.306856 432.172 0 0
1500 69.7783 -33.5471 17.8987 0.155673 -0.588512 432.156 0 0
1500 3.59845 -4.76059 17.8734 -0.922843 -0.0733886 432.142 0 0
1500 44.7279 29.9794 18.0159 -0.16718 0.522257 432.504 0 0
1500 58.3069 -40.496 17.8956 -0.021739 -0.69341 432.4 0 0
1500 64.2588 10.5011 18.562 0.167229 0.208757 432.631 0 0
1500 77.2687 15.809 17.8341 0.298196 0.285332 432.603 0 0
1500 62.933 14.3744 17.8367 0.0968111 0.26452 432.788 0 0
1500 126.065 -10.441 17.8197 1.04421 -0.0910721 432.716 0 0
1500 96.5905 -50.405 18.3239 0.737937 -0.889746 432.796 0 0
1500 57.3801 2.10321 17.9904 0.0163865 0.097939 432.988 0 0
1500 70.4092 -2.8688 17.8216 0.239658 -0.0454999 433.076 0 0
1500 95.8414 35.065 17.8235 0.56893 0.564063 432.992 0 0
1500 56.8747 -49.0572 17.9751 0.0445723 -0.810334 432.966 0 0
1500 70.3864 1.75241 17.848 0.184573 0.0932859 433.134 0 0
1500 62.8677 -50.4356 17.8493 0.0574705 -0.793315 433.218 0 0
1500 81.517 48.9136 18.0144 0.332232 0.822479 433.668 0 0
1500 133.804 23.9251 17.9852 1.30795 0.35692 433.199 0 0
1500 63.0691 20.6437 17.9405 0.040578 0.343751 433.818 0 0
1500 77.5501 -25.5873 18.4217 0.407241 -0.450146 433.929 0 0
1500 55.7682 25.3695 18.0405 -0.0552086 0.402299 435.131 0 0
1500 53.0734 30.1505 17.9003 -0.0247096 0.481237 434.734 0 0
1500 78.6181 23.9729 18.1448 0.34744 0.40493 435.135 0 0
1500 79.9027 32.4826 18.0253 0.349431 0.520904 435.935 0 0
1500 40.0661 59.1496 17.8168 -0.281407 0.925619 434.098 0 0
1500 81.9821 51.6928 17.8217 0.322058 0.809495 434.797 0 0
1500 44.5852 20.4145 17.8383 -0.209306 0.353638 436.306 0 0
1500 83.2615 8.12746 18.0191 0.389518 0.186788 435.751 0 0
1500 100.55 -29.3262 18.0236 0.708628 -0.464845 435.074 0 0
1500 92.6316 -12.0817 18.4192 0.631762 -0.246643 434.129 0 0
1500 71.3693 -65.659 17.8783 0.171762 -1.03403 435.365 0 0
1500 5.22853 -41.0906 17.8783 -0.804055 -0.672581 435.293 0 0
1500 81.959 -61.4978 17.8804 0.323094 -0.958547 436.366 0 0
1500 14.2482 -50.264 17.8785 -0.667703 -0.80403 435.624 0 0
1500 123.153 -8.22835 17.85 1.01467 -0.186793 435.046 0 0
1500 117.611 11.6306 17.9467 0.976102 0.205076 435.271 0 0
1500 121.337 18.9767 17.8139 1.00978 0.249176 435.807 0 0
1500 57.9598 -54.7701 18.066 0.0175442 -0.89827 435.452 0 0
1500 59.3429 -6.0117 18.1315 0.0518868 -0.166312 436.254 0 0
1500 79.3635 -22.892 17.986 0.425941 -0.351264 436.048 0 0
1500 95.2033 3.58935 17.8318 0.63414 0.00461857 435.697 0 0
1500 68.7659 14.6175 18.0532 0.225193 0.302944 436.333 0 0
1500 133.844 -6.44751 17.9469 1.2917 -0.0569575 436.346 0 0
1500 135.734 -24.8283 18.3722 1.43975 -0.46004 435.472 0 0
1500 77.6318 -33.4792 18.0326 0.364281 -0.510924 437.015 0 0
1500 108.804 -17.1517 17.972 0.862956 -0.257574 437.339 0 0
1500 -30.2114 82.557 17.8483 -1.38428 1.3241 437.335 0 0
1500 76.1312 13.1325 18.688 0.367582 0.229418 437.819 0 0
1500 24.344 -20.1984 17.8806 -0.50266 -0.356394 437.707 0 0
1500 134.665 55.4363 18.1945 1.36226 0.95538 437.772 0 0
1500 113.026 -24.1217 17.9675 0.917617 -0.359404 438.001 0 0
1500 170.644 71.353 17.8297 1.83804 1.07764 437.997 0 0
1500 93.9067 14.0467 18.3402 0.619146 0.220404 438.271 0 0
1500 78.8595 2.49136 18.0076 0.397573 -0.0178712 438.032 0 0
1500 8.01544 25.1402 17.9347 -0.831025 0.490103 438.354 0 0
1500 95.8061 -0.588157 18.3087 0.637274 -0.0440104 438.549 0 0
1500 85.1467 51.9571 18.4026 0.554047 1.00161 438.587 0 0
1500 64.2925 -31.9132 17.9858 0.144382 -0.503157 438.967 0 0
1500 72.4085 -34.7385 17.8996 0.178292 -0.551076 438.708 0 0
1500 97.7526 -46.9577 17.8489 0.654697 -0.758407 438.771 0 0
1500 86.2564 23.3428 17.9159 0.431534 0.436527 439.165 0 0
1500 97.5305 -28.5609 17.9749 0.7123 -0.428028 438.757 0 0
1500 66.8728 -14.3436 17.9068 0.0997622 -0.262555 439.252 0 0
1500 84.18 9.70251 17.9681 0.443619 0.164295 440.123 0 0
1500 122.312 -15.5157 17.8463 1.00887 -0.281439 439.767 0 0
1500 23.8673 8.44655 17.9524 -0.576985 0.171553 439.404 0 0
1500 121.287 35.1182 18.0432 1.10901 0.632857 439.948 0 0
1500 58.4243 -21.2605 18.1696 -0.0546314 -0.357506 439.267 0 0
1500 64.0566 -2.72611 18.4169 0.174744 -0.0901871 441.679 0 0
1500 92.5088 -11.2324 17.8541 0.494097 -0.227902 440.769 0 0
1500 83.2092 -16.0306 18.9497 0.524931 -0.250063 445.526 0 0
1500 62.5485 -19.5574 18.1342 0.151268 -0.313014 443.189 0 0
1500 87.8638 11.2606 18.1684 0.503306 0.203168 444.217 0 0
1500 55.1894 18.9147 18.1703 0.0186821 0.326639 445.218 0 0
1500 102.73 -43.092 17.8254 0.692488 -0.653994 443.485 0 0
1500 48.4647 64.824 17.896 -0.146227 1.03331 441.936 0 0
1500 70.1145 57.675 17.9032 0.168692 0.895979 444.3 0 0
1500 60.9949 66.2332 17.8961 0.0390091 1.0422 442.712 0 0
1500 35.7884 50.6852 17.906 -0.321157 0.791923 444.651 0 0
1500 94.969 -36.9825 17.8697 0.596561 -0.5526 444.822 0 0
1500 100.077 6.87815 18.9583 0.806913 0.147722 444.01 0 0
1500 85.4061 -56.1451 17.8199 0.485198 -0.866881 441.599 0 0
1500 97.7448 -20.2305 18.2755 0.720537 -0.33908 442.568 0 0
1500 96.1722 -29.302 18.2735 0.694839 -0.473618 442.772 0 0
1500 119.315 4.78005 18.0643 1.01288 0.0816262 443.62 0 0
1500 110.211 22.354 17.8078 0.81769 0.318625 446.783 0 0
1500 115.526 -29.9077 17.7994 0.931976 -0.449572 443.94 0 0
1500 109 -27.165 17.8044 0.847938 -0.4152 442.869 0 0
1500 77.0052 17.9332 17.8234 0.371529 0.277835 441.104 0 0
1500 111.042 -40.5511 17.799 0.850491 -0.598635 445.073 0 0
1500 75.941 39.8742 17.8153 0.351592 0.614783 441.707 0 0
1500 74.7198 60.5074 17.803 0.325718 0.914506 443.091 0 0
1500 122.585 10.0789 17.7988 1.03336 0.147958 444.212 0 0
1500 11.6285 -35.0007 17.9346 -0.729936 -0.634883 440.529 0 0
1500 46.5543 32.872 17.9924 -0.23342 0.508189 442.515 0 0
1500 95.3341 -29.2941 18.179 0.645914 -0.505783 444.129 0 0
1500 70.0673 -19.489 18.1991 0.229279 -0.335279 450.719 0 0
1500 50.7352 65.9493 17.946 -0.111533 1.04176 446.328 0 0
1500 96.36 48.4119 17.9159 0.593784 0.762052 448 0 0
1500 93.2744 55.031 17.9123 0.555998 0.867669 447.172 0 0
1500 83.6116 -10.4296 18.2853 0.520441 -0.135101 444.498 0 0
1500 78.9114 21.7617 18.2859 0.406743 0.319895 451.369 0 0
1500 93.8794 1.73449 17.8452 0.581047 -0.0471004 443.48 0 0
1500 86.1542 13.4471 18.4008 0.516999 0.292541 443.187 0 0
1500 22.2867 36.1668 18.0238 -0.550816 0.671402 441.309 0 0
1500 72.6302 45.9691 17.9084 0.159982 0.786874 440.668 0 0
1500 66.6018 31.9124 18.1619 0.180364 0.56262 446.317 0 0
1500 87.4329 -24.3141 18.2192 0.509643 -0.442785 446.897 0 0
1500 16.6177 -9.40817 17.8287 -0.657943 -0.138111 451.624 0 0
1500 4.71595 -32.9957 17.8147 -0.845985 -0.483157 449.989 0 0
1500 44.2703 -63.1016 17.8134 -0.283922 -0.956665 447.299 0 0
1500 3.29329 -37.7391 17.8106 -0.883367 -0.562567 448.679 0 0
1500 92.2647 -16.7423 18.2269 0.5971 -0.260238 452.154 0 0
1500 92.9592 4.68696 17.973 0.636218 0.015588 442.563 0 0
1500 22.5811 5.68653 17.9172 -0.608458 0.11739 446.646 0 0
1500 24.6461 20.94 17.9998 -0.562867 0.346346 447.122 0 0
1500 15.9041 -31.5555 17.9385 -0.709726 -0.596931 443.072 0 0
1500 56.1644 -14.891 18.0527 0.00206886 -0.272832 455.156 0 0
1500 88.7247 -23.6988 18.3745 0.501187 -0.423884 448.96 0 0
1500 106.637 -39.7052 17.9968 0.817882 -0.606461 450.016 0 0
1500 92.4354 14.4607 17.819 0.584835 0.172007 448.233 0 0
1500 68.5746 29.6336 18.3016 0.243997 0.574214 443.755 0 0
1500 52.5135 -35.5574 17.8991 -0.0204268 -0.602698 448.431 0 0
1500 124.47 -2.08284 17.8793 1.03261 -0.0799558 452.222 0 0
1500 89.5236 -43.9554 17.8866 0.542491 -0.719599 449.605 0 0
1500 102.566 -38.6416 17.8855 0.699197 -0.603007 453.513 0 0
1500 111.285 24.9769 18.1955 0.915565 0.46999 447.502 0 0
1500 83.259 59.4827 17.8881 0.363871 0.959158 451.421 0 0
1500 72.9095 64.7239 17.8869 0.207319 1.02697 452.1 0 0
1500 51.6209 65.4548 17.887 -0.107434 1.04007 451.951 0 0
1500 38.0317 47.3474 17.8971 -0.317919 0.795155 449.981 0 0
1500 54.6623 59.0581 17.8915 -0.0635768 0.963167 450.702 0 0
1500 61.7804 65.8819 17.8878 0.0423805 1.03146 452.929 0 0
1500 80.9764 -28.0426 18.484 0.425004 -0.493267 451.532 0 0
1500 72.5937 0.30132 17.9777 0.29582 0.0719743 444.989 0 0
1500 51.2828 23.9533 17.9741 -0.157674 0.339294 449.937 0 0
1500 65.9096 -6.35047 18.0013 0.128825 -0.157302 457.698 0 0
1500 86.924 -40.5285 17.9859 0.427577 -0.642261 456.431 0 0
1500 8.974 -46.9424 17.7995 -0.689332 -0.752646 454.357 0 0
1500 45.6462 -60.8298 17.8008 -0.158042 -0.986115 452.247 0 0
1500 33.0381 -57.4607 17.803 -0.333946 -0.896881 455.085 0 0
1500 84.1845 0.724588 17.8232 0.438632 -0.0595794 449.937 0 0
1500 15.103 31.7818 18.022 -0.668387 0.542332 452.525 0 0
1500 122.51 -88.2455 17.949 1.1071 -1.42263 449.761 0 0
1500 58.1649 -19.12 17.9707 0.0738603 -0.351922 451.142 0 0
1500 102.135 -10.7784 17.9601 0.686256 -0.201735 457.741 0 0
1500 89.9126 -35.2741 17.9559 0.556711 -0.592016 452.309 0 0
1500 106.069 -26.8972 17.9535 0.748893 -0.432927 457.056 0 0
1500 87.4557 -55.9289 17.9453 0.507134 -0.88586 453.875 0 0
1500 58.5893 16.3652 18.2656 0.0416785 0.290611 459.747 0 0
1500 113.952 2.57796 18.2571 0.948426 0.0761733 454.563 0 0
1500 52.9255 -30.9912 17.9686 -0.139192 -0.480043 451.701 0 0
1500 43.3077 -29.4997 17.9674 -0.287626 -0.456393 451.783 0 0
1500 29.3661 -80.7917 17.9033 -0.417039 -1.35463 450.081 0 0
1500 -22.6605 -29.1834 17.8773 -1.27895 -0.473128 453.483 0 0
1500 68.8404 -64.1544 17.8593 0.170655 -1.00759 456.027 0 0
1500 29.3694 -57.1934 17.8595 -0.415691 -0.930712 454.215 0 0
1500 106.026 -25.8107 17.8668 0.74543 -0.469262 453.015 0 0
1500 89.3553 53.4911 17.8411 0.463891 0.880233 454.196 0 0
1500 26.6908 23.2727 17.8566 -0.493137 0.436832 452.415 0 0
1500 39.0625 56.1399 17.8425 -0.294706 0.923673 453.942 0 0
1500 130.156 -209.553 17.8133 1.06946 -3.31222 452.665 0 0
1500 48.5429 -91.0402 17.8275 -0.105643 -1.46025 453.583 0 0
1500 78.3556 -10.0801 18.076 0.378046 -0.121965 460.447 0 0
1500 84.5893 21.8926 18.0715 0.46706 0.323719 460.07 0 0
1500 98.5085 28.6295 18.0607 0.712962 0.450354 454.886 0 0
1500 13.7843 67.439 17.8935 -0.68154 1.1178 453.394 0 0
1500 97.7225 37.7919 18.1698 0.715476 0.70329 449.247 0 0
1500 38.6189 -64.5043 17.8594 -0.3429 -0.983541 457.02 0 0
1500 98.3099 31.9357 18.0471 0.706695 0.512258 455.103 0 0
1500 104.833 5.44119 17.8767 0.710151 0.133404 459.701 0 0
1500 60.2591 -25.2687 18.1284 0.0558895 -0.417554 461.794 0 0
1500 106.188 -16.2735 17.87 0.7544 -0.309576 456.712 0 0
1500 108.829 -0.831168 18.0517 0.921621 0.0313018 450.965 0 0
1500 17.4561 -21.4077 17.9949 -0.658911 -0.423049 452.314 0 0
1500 4.74454 -33.9495 18.0125 -0.903012 -0.532027 453.731 0 0
1500 72.8344 27.6206 18.0068 0.230639 0.454529 462.355 0 0
1500 52.319 48.4996 17.9955 -0.0603506 0.813705 456.344 0 0
1500 95.9988 48.1468 17.9867 0.593532 0.794189 457.515 0 0
1500 13.9933 46.6528 17.8387 -0.656428 0.801793 454.321 0 0
1500 51.6343 -27.5652 17.9295 -0.123363 -0.439093 462.597 0 0
1500 113.703 -10.9351 17.9831 0.964018 -0.15602 455.265 0 0
1500 75.0297 8.07604 18.575 0.366066 0.160265 465.1 0 0
1500 103.017 -61.7917 18.2515 0.826463 -1.08382 452.468 0 0
1500 128.099 -6.15994 18.3903 1.29163 -0.100395 452.654 0 0
1500 71.7665 -61.671 17.9759 0.229911 -0.991778 459.049 0 0
1500 64.6978 -24.0781 17.9266 0.102634 -0.452499 456.089 0 0
1500 70.0722 19.0144 18.8789 0.299648 0.416929 449.462 0 0
1500 61.7675 14.7889 18.3437 0.111238 0.359533 446.504 0 0
1500 83.0175 4.80526 18.1576 0.392394 0.136526 464.529 0 0
1500 58.3218 -41.2847 17.8161 0.0642763 -0.615141 463.719 0 0
1500 90.8556 -7.5554 17.8187 0.522517 -0.13808 463.925 0 0
1500 97.174 49.9759 17.8001 0.657096 0.722677 459.005 0 0
1500 42.4275 -14.0889 17.8497 -0.250305 -0.259499 464.618 0 0
1500 74.423 -46.9989 17.8345 0.21677 -0.789693 458.347 0 0
1500 2.86763 11.3565 17.8314 -0.877241 0.105602 458.678 0 0
1500 3.37594 -24.7822 17.8295 -0.819033 -0.420473 462.71 0 0
1500 28.9629 -2.91211 17.9704 -0.47511 0.0196537 458.435 0 0
1500 117.049 32.8675 17.8164 0.94263 0.456035 461.298 0 0
1500 72.2584 -65.1732 17.818 0.273301 -0.983184 462.399 0 0
1500 99.9359 22.0361 17.8302 0.714364 0.306303 458.868 0 0
1500 120.007 3.60403 17.8213 0.961001 0.0210977 463.087 0 0
1500 115.979 -25.7657 17.8177 0.935693 -0.418296 460.654 0 0
1500 82.2551 5.94383 18.2942 0.454998 0.161695 459.822 0 0
1500 82.5264 9.57112 17.9903 0.475494 0.155361 459.092 0 0
1500 103.404 18.1667 17.9805 0.729007 0.263232 465.225 0 0
1500 -18.7598 88.6525 17.7966 -1.16508 1.4042 461.3 0 0
1500 75.4598 18.8805 18.1906 0.341241 0.342511 462.913 0 0
1500 55.8812 77.4861 17.882 -0.0506254 1.20106 463.475 0 0
1500 121.736 17.1046 18.0985 1.13486 0.233031 456.155 0 0
1500 64.5603 -50.7169 17.8813 0.12728 -0.785641 465.732 0 0
1500 109.026 34.0555 17.881 0.799513 0.534506 464.9 0 0
1500 64.4491 -25.5462 18.0215 0.109181 -0.470054 460.407 0 0
1500 81.5864 -14.9981 18.0227 0.336513 -0.276754 467.556 0 0
1500 43.8663 -80.6862 18.0031 -0.279986 -1.34273 457.949 0 0
1500 127.91 -33.3523 18.2164 1.23582 -0.59489 457.54 0 0
1500 79.0832 -18.6551 18.0529 0.340908 -0.324695 469.394 0 0
1500 70.6439 -4.98897 18.5662 0.324164 -0.139773 464.278 0 0
1500 29.8291 -20.4307 17.8724 -0.435817 -0.394379 462.343 0 0
1500 57.3338 -62.8595 17.9652 0.0211527 -1.01074 465.207 0 0
1500 99.679 -39.8958 17.9689 0.659099 -0.675061 464.539 0 0
1500 41.9436 50.443 17.9558 -0.329602 0.802853 461.205 0 0
1500 63.0837 -4.57636 17.9539 0.0241563 -0.107736 463.432 0 0
1500 87.8261 37.2484 18.2463 0.609666 0.646443 459.948 0 0
1500 51.8941 -74.7589 17.8314 -0.10457 -1.15689 468.3 0 0
1500 134.399 34.9596 17.8893 1.27355 0.596573 462.883 0 0
1500 93.9978 45.6483 17.8751 0.562814 0.768062 465.381 0 0
1500 92.1102 14.1371 18.1001 0.689567 0.269009 456.252 0 0
1500 50.0061 -32.4015 17.8933 -0.0624461 -0.548449 465.775 0 0
1500 115.565 5.73993 17.972 0.938641 0.158913 464.752 0 0
1500 89.7484 12.0661 17.8424 0.582283 0.194128 463.194 0 0
1500 97.0165 5.78313 17.8851 0.685059 0.0886266 465.838 0 0
1500 101.414 -2.72809 17.8652 0.720247 -0.103351 466.133 0 0
1500 102.827 4.95676 17.9346 0.741088 0.0115215 466.861 0 0
1500 118.761 1.98758 18.0121 1.00383 0.03067 468.717 0 0
1500 122.479 2.25462 17.9402 1.03535 -0.00500021 469.268 0 0
1500 75.8282 -18.9796 18.8899 0.402831 -0.374966 465.972 0 0
1500 14.8395 -21.8856 17.8329 -0.67612 -0.345772 472.547 0 0
1500 41.3713 4.93386 17.9134 -0.289994 0.0918182 474.098 0 0
1500 20.7293 16.4664 17.9047 -0.583307 0.255019 473.419 0 0
1500 58.5396 5.13998 17.9156 -0.0567606 0.106153 466.354 0 0
1500 1.30714 34.993 17.8858 -0.89088 0.536378 470.691 0 0
1500 34.5291 17.5242 17.9108 -0.432993 0.273137 466.93 0 0
1500 66.0342 -63.581 17.8622 0.132098 -0.994925 471.85 0 0
1500 90.2728 -38.8357 17.8706 0.509823 -0.669531 468.365 0 0
1500 52.6346 -27.0372 17.8847 -0.0602428 -0.447927 474.374 0 0
1500 63.3871 -57.5093 17.8651 0.0976547 -0.945386 469.037 0 0
1500 50.119 24.9673 18.0198 -0.168725 0.417232 467.824 0 0
1500 78.244 -51.6065 17.8771 0.333066 -0.856777 469.689 0 0
1500 57.9149 -65.5012 17.8703 0.0239067 -1.04361 471.21 0 0
1500 38.6988 -59.9205 17.8724 -0.26411 -0.971425 470.473 0 0
1500 85.9034 -56.8893 17.9235 0.459135 -0.959641 468.254 0 0
1500 41.0671 -62.0431 17.7927 -0.301281 -0.957016 473.785 0 0
1500 80.5191 -50.8829 17.7991 0.287402 -0.834167 470.511 0 0
1500 49.6172 -29.9663 17.8139 -0.170663 -0.472877 476.201 0 0
1500 17.9776 0.974379 17.808 -0.678523 -0.0410682 469.666 0 0
1500 59.0827 -50.0995 17.8018 -0.040842 -0.825804 470.224 0 0
1500 72.3013 -5.01043 17.8197 0.165866 -0.135587 468.845 0 0
1500 21.3521 81.3071 17.8481 -0.525032 1.27894 472.906 0 0
1500 24.019 -14.0735 17.8591 -0.51001 -0.2945 470.165 0 0
1500 91.8406 -40.9266 17.8471 0.533704 -0.699545 471.247 0 0
1500 77.3481 -60.9055 17.8391 0.305973 -0.983606 472.64 0 0
1500 44.5547 -45.9433 17.8507 -0.189206 -0.780649 470.868 0 0
1500 99.863 -15.8409 17.8561 0.607597 -0.293177 476.484 0 0
1500 103.669 -10.017 17.8528 0.720538 -0.229713 470.677 0 0
1500 48.0274 -10.9234 17.8665 -0.138465 -0.247566 469.655 0 0
1500 72.5905 3.61728 17.8674 0.21935 -0.0179124 477.371 0 0
1500 82.7828 -62.052 17.8433 0.333566 -0.973047 474.274 0 0
1500 47.1637 -55.1686 17.8516 -0.183101 -0.854189 475.737 0 0
1500 43.3207 -52.4274 17.8501 -0.253385 -0.867311 471.519 0 0
1500 17.3977 -1.39178 17.9765 -0.62249 -0.0204628 477.611 0 0
1500 25.2471 19.7452 17.9614 -0.479435 0.337071 477.864 0 0
1500 27.3426 -49.4827 18.1871 -0.4869 -0.868775 468.998 0 0
1500 92.5093 -27.9576 18.4799 0.653541 -0.462082 474.876 0 0
1500 37.8504 -59.1474 17.828 -0.351594 -0.946095 473.968 0 0
1500 91.1346 48.6079 17.7972 0.536692 0.802687 473.663 0 0
1500 54.801 66.1632 17.7926 -0.0140807 1.04728 475.027 0 0
1500 118.408 65.7614 17.8744 0.905193 1.08851 472.381 0 0
1500 89.5679 12.0248 18.5063 0.584347 0.161498 481.979 0 0
1500 90.5996 8.2536 18.398 0.548241 0.172187 482.316 0 0
1500 121.079 10.6948 17.8073 0.985553 0.138659 478.039 0 0
1500 116.718 -13.0969 17.8104 0.914942 -0.205699 478.579 0 0
1500 72.9338 30.983 17.8264 0.305633 0.46438 473.493 0 0
1500 96.4039 39.7849 17.8131 0.658898 0.590513 474.681 0 0
1500 95.3332 -41.4172 17.8117 0.64088 -0.649251 474.85 0 0
1500 119.645 -8.71723 17.8086 0.96125 -0.143112 478.285 0 0
1500 92.8389 -40.0171 17.9699 0.545608 -0.682678 475.584 0 0
1500 157.599 11.0545 17.8112 1.50602 0.234781 477.321 0 0
1500 27.5852 -82.829 17.8601 -0.492365 -1.36227 475.735 0 0
1500 2.1616 -31.4869 17.7948 -0.84441 -0.549702 478.339 0 0
1500 73.4927 50.5105 17.9087 0.218608 0.892245 473.864 0 0
1500 49.646 -54.1879 17.84 -0.134731 -0.921479 477.076 0 0
1500 57.957 27.8697 18.1263 -0.0185908 0.430521 485.244 0 0
1500 109.971 23.8575 18.1122 0.886762 0.363639 480.877 0 0
1500 -13.2367 17.1215 17.9237 -1.16062 0.287151 479.83 0 0
1500 69.0468 73.2116 17.8 0.174598 1.15173 483.15 0 0
1500 71.5594 12.8277 17.8833 0.259277 0.265147 479.688 0 0
1500 7.10346 -39.7641 17.8285 -0.822944 -0.631348 484.451 0 0
1500 93.5694 52.9422 17.8278 0.610422 0.78378 483.931 0 0
1500 102.864 -31.8192 17.8424 0.788567 -0.496908 482.47 0 0
1500 92.6008 -5.07563 18.2401 0.553191 -0.133387 492.606 0 0
1500 96.4572 -9.80117 18.2356 0.664267 -0.217523 486.288 0 0
1500 38.6556 25.9466 18.0876 -0.336514 0.422542 485.819 0 0
1500 69.1441 -54.346 17.9347 0.171693 -0.89763 487.312 0 0
1500 13.6793 -19.2323 18.0784 -0.716129 -0.295194 488.288 0 0
1500 106.567 12.77 18.0537 0.838928 0.190183 488.994 0 0
1500 39.817 -38.4515 17.9605 -0.254009 -0.666101 488.17 0 0
1500 84.7697 -12.9985 17.9685 0.3961 -0.250643 494.67 0 0
1500 59.6636 3.40858 17.9387 0.102989 0.0445303 495.062 0 0
1500 128.401 -86.0677 17.9424 1.15146 -1.42292 487.819 0 0
1500 49.4984 -22.7854 18.2599 -0.175273 -0.502617 479.059 0 0
1500 45.7957 -56.5366 17.9458 -0.159361 -0.927668 491.771 0 0
1500 79.6023 -50.5723 18.2364 0.341219 -1.01198 481.621 0 0
1500 -36.646 109.549 17.8363 -1.47649 1.77007 493.563 0 0
1500 32.3966 -48.2001 17.8185 -0.467257 -0.714874 495.833 0 0
1500 57.2575 28.5029 17.8326 -0.0878789 0.46901 494.652 0 0
1500 5.45848 34.9227 17.8116 -0.833948 0.529618 499.441 0 0
1500 8.25135 117.146 17.7947 -0.690887 1.76763 500.76 0 0
1500 119.359 -42.9937 17.9697 1.0885 -0.696588 494.556 0 0
1500 37.371 11.2752 17.8761 -0.312241 0.253643 497.815 0 0
1500 13.4719 -50.0057 17.825 -0.735335 -0.719496 503.66 0 0
1500 -2.354 17.0426 17.8258 -0.975274 0.284777 503.447 0 0
1500 21.3651 -38.21 17.8348 -0.632049 -0.556025 502.092 0 0
1500 87.8233 27.056 17.9506 0.420236 0.448761 508.42 0 0
1500 88.5182 -41.5101 17.9681 0.45434 -0.725159 500.984 0 0
1500 35.6458 -59.0949 17.8316 -0.411974 -0.896714 504.626 0 0
1500 4.44092 -10.1407 17.8359 -0.891512 -0.159562 503.982 0 0
