Total number of secondary electrons: 1638
1500 143.186 5.56023 17.3541 2.02442 0.127604 238.59 0 0
1500 135.09 20.9724 17.2072 1.92202 0.458406 239.648 0 0
1500 102.698 -1.69783 15.5546 0.847576 -0.00817031 257.909 0 0
1500 97.5478 1.79179 15.587 0.773007 -0.0130451 265.182 0 0
1500 103.84 -5.67751 16.2355 0.881709 -0.0454663 280.576 0 0
1500 61.1151 -23.3167 14.9136 0.104578 -0.315166 291.015 0 0
1500 123.241 -34.4284 14.4644 0.79276 -0.430002 293.456 0 0
1500 85.6685 -13.3586 14.7666 0.349178 -0.207076 295.166 0 0
1500 94.0341 4.86688 16.6764 0.725458 0.0663961 296.451 0 0
1500 63.6071 -20.373 14.846 0.0960116 -0.286021 297.635 0 0
1500 90.0674 -12.7736 14.813 0.414439 -0.202836 298.886 0 0
1500 74.5434 15.4892 15.0984 0.288796 0.176625 301.591 0 0
1500 95.4382 -6.96333 15.9987 0.6466 -0.120955 301.686 0 0
1500 99.45 -10.8393 14.4612 0.545537 -0.179928 302.649 0 0
1500 102.615 3.32312 16.2975 0.806861 0.0485582 303.05 0 0
1500 141.823 19.3796 14.2749 0.968726 0.243427 304.64 0 0
1500 94.3578 4.77095 16.9289 0.761024 0.0687687 304.74 0 0
1500 42.3956 47.9727 14.4392 -0.14813 0.624909 306.555 0 0
1500 99.0214 -56.0511 14.5566 0.521873 -0.763195 306.855 0 0
1500 92.9888 7.98631 16.1982 0.657592 0.0796594 307.567 0 0
1500 176.129 -607.588 14.422 1.50844 -7.54666 308.907 0 0
1500 66.525 9.86679 16.0647 0.245504 0.171165 309.642 0 0
1500 -87.1562 22.9573 14.4776 -1.68634 0.222581 311.217 0 0
1500 74.3447 26.7497 14.9722 0.260535 0.373671 311.761 0 0
1500 77.5141 2.09688 15.3367 0.380018 -0.00399421 312.53 0 0
1500 131.016 -15.9364 15.9923 1.4059 -0.307423 312.835 0 0
1500 70.1871 -7.10634 14.6013 0.186892 -0.136917 313.284 0 0
1500 88.3078 -2.50264 16.7324 0.663061 -0.0833273 313.724 0 0
1500 108.241 -2.60576 14.5891 0.641947 -0.0809593 314.403 0 0
1500 23.1136 -29.1959 14.5908 -0.414288 -0.41303 314.907 0 0
1500 118.822 3.80089 14.587 0.763579 -0.00389573 315.013 0 0
1500 102.662 -120.819 14.5626 0.551594 -1.48146 315.03 0 0
1500 84.7514 -55.132 14.5858 0.356156 -0.705911 315.185 0 0
1500 64.2814 -35.2995 14.6023 0.0787744 -0.49084 316.288 0 0
1500 82.4447 12.4671 15.8923 0.488109 0.17246 317.17 0 0
1500 70.5284 -67.0651 14.6378 0.118025 -0.840905 317.389 0 0
1500 50.4099 24.7276 14.8853 -0.16284 0.348281 317.464 0 0
1500 86.7809 -80.9379 14.6522 0.366991 -0.97422 318.28 0 0
1500 91.2825 -12.0409 16.1077 0.595499 -0.183836 319.308 0 0
1500 113.082 -16.0359 16.4574 1.13537 -0.345705 319.472 0 0
1500 67.0783 -13.0818 14.8779 0.178023 -0.204649 319.524 0 0
1500 78.0498 20.2892 15.6622 0.380696 0.286767 319.602 0 0
1500 4.86643 17.8194 14.7437 -0.729126 0.259732 320.252 0 0
1500 94.1546 -69.0222 14.7658 0.426978 -0.873287 320.581 0 0
1500 77.5904 -3.06607 15.5574 0.379912 0.0105526 320.676 0 0
1500 86.5618 -43.5605 14.9165 0.41029 -0.569143 320.814 0 0
1500 63.7073 -0.0318837 15.3141 0.1265 -0.0511341 321.127 0 0
1500 86.5285 4.61251 16.4981 0.55905 0.111808 321.622 0 0
1500 80.6959 40.5174 15.1067 0.350065 0.539479 322.399 0 0
1500 79.8609 -0.592787 15.6113 0.427211 0.00710499 323.802 0 0
1500 103.476 -2.15009 16.8625 0.872695 0.0108593 323.979 0 0
1500 84.6393 -5.01189 15.1126 0.386346 -0.00180783 324.308 0 0
1500 54.7623 0.112875 15.0945 -0.0285021 -0.054311 325.308 0 0
1500 122.416 16.1295 15.8292 1.12142 0.252456 325.791 0 0
1500 95.8044 17.5401 14.9371 0.530385 0.254075 326.577 0 0
1500 115.798 -32.8488 14.7969 0.743363 -0.385899 326.698 0 0
1500 139.783 29.3227 14.7473 0.968922 0.375648 326.746 0 0
1500 101.866 1.25829 15.7675 0.76905 -0.0294192 327.259 0 0
1500 87.9075 -2.95411 17.4536 0.686082 -0.0182624 327.384 0 0
1500 83.6748 46.4637 14.8478 0.378296 0.619573 327.481 0 0
1500 -4.65485 0.229839 14.7889 -0.805074 0.0293017 327.583 0 0
1500 28.6358 -47.7759 15.0264 -0.411581 -0.637491 328.084 0 0
1500 84.9959 1.5418 15.4178 0.443382 0.0469451 328.483 0 0
1500 134.693 34.4389 14.8327 0.932549 0.468689 328.519 0 0
1500 26.6273 51.1997 14.8393 -0.452671 0.620106 328.893 0 0
1500 89.6929 19.1354 15.8835 0.53321 0.275845 328.934 0 0
1500 85.7057 0.483971 16.3712 0.505373 0.0503318 328.977 0 0
1500 86.567 4.01284 15.9639 0.522205 0.0867706 329.617 0 0
1500 17.3566 60.049 14.9267 -0.506569 0.795278 329.913 0 0
1500 52.8631 -22.4791 15.0318 -0.105438 -0.310509 330.301 0 0
1500 81.4674 -13.5732 16.0336 0.393129 -0.175508 330.61 0 0
1500 98.8375 14.3315 15.8493 0.65879 0.195886 330.656 0 0
1500 78.9414 -8.91464 16.0392 0.367498 -0.128835 330.719 0 0
1500 114.261 -34.0106 15.1451 0.784743 -0.527974 330.97 0 0
1500 108.142 -17.4957 15.7425 0.874129 -0.328173 331.133 0 0
1500 88.5777 -2.65003 15.674 0.508833 -0.0765952 331.71 0 0
1500 104.281 -2.88566 16.2145 0.787528 -0.0188065 332.695 0 0
1500 83.6123 16.2121 15.0883 0.339368 0.261822 332.951 0 0
1500 87.5032 5.78111 15.6299 0.428437 0.0690885 333.083 0 0
1500 40.2563 -31.8043 15.3057 -0.241963 -0.422649 333.651 0 0
1500 83.817 9.70433 16.3362 0.49698 0.16235 333.841 0 0
1500 66.7568 -35.2763 15.1164 0.177061 -0.458055 333.967 0 0
1500 100.407 6.88436 15.5245 0.605981 0.134361 334.008 0 0
1500 97.1485 15.5941 15.1401 0.567628 0.199049 334.313 0 0
1500 65.0825 18.9343 15.639 0.105497 0.249054 334.54 0 0
1500 80.2303 -4.24769 17.2466 0.558088 -0.11422 334.603 0 0
1500 91.708 -3.71534 15.6919 0.527699 -0.0917849 334.742 0 0
1500 84.4074 4.79572 16.578 0.460117 0.0649851 335.787 0 0
1500 55.6022 69.4402 15.3421 0.0199464 0.96475 336.316 0 0
1500 77.1383 -20.2894 16.0405 0.30364 -0.414157 336.764 0 0
1500 70.9379 -11.3772 16.4339 0.295651 -0.148979 336.82 0 0
1500 97.1161 -5.71357 15.4132 0.488659 -0.0297605 336.938 0 0
1500 83.0098 28.4961 15.4148 0.330766 0.352921 336.955 0 0
1500 78.433 3.44456 16.2731 0.384108 0.100519 337.198 0 0
1500 96.0868 -7.55917 16.2008 0.628723 -0.0959586 337.228 0 0
1500 121.283 -46.039 15.3668 0.843836 -0.571201 337.495 0 0
1500 104.297 25.0031 15.6121 0.661833 0.35443 337.61 0 0
1500 90.9455 -7.54205 16.7535 0.600299 -0.126609 337.902 0 0
1500 84.9589 13.4041 16.464 0.459865 0.237678 337.952 0 0
1500 87.4177 -13.4747 16.2534 0.503114 -0.214171 338.21 0 0
1500 73.419 27.9491 15.5383 0.25931 0.400746 338.577 0 0
1500 28.5565 -64.8291 15.5026 -0.371865 -0.875437 338.828 0 0
1500 11.0121 31.2129 15.6364 -0.646033 0.389579 339.241 0 0
1500 26.2809 32.2614 15.5909 -0.502893 0.474394 339.49 0 0
1500 124.982 -6.37594 15.5652 0.910032 -0.0888268 339.518 0 0
1500 76.1536 54.5193 15.586 0.290181 0.733497 339.791 0 0
1500 67.7983 -32.8405 15.9512 0.206565 -0.47154 339.82 0 0
1500 91.5874 -14.9027 15.9544 0.505928 -0.2447 339.96 0 0
1500 65.3682 -14.2356 15.5491 0.114703 -0.251715 340.242 0 0
1500 114.073 58.6413 15.5223 0.729494 0.699591 340.282 0 0
1500 34.0458 -11.1994 15.5504 -0.299542 -0.211113 340.383 0 0
1500 94.4575 12.2541 16.7561 0.614136 0.199741 340.492 0 0
1500 111.382 -11.7829 16.7077 0.936172 -0.17352 340.491 0 0
1500 127.604 10.9178 15.9313 1.14228 0.204134 340.529 0 0
1500 73.2565 1.1305 17.2943 0.385914 -0.0198569 340.605 0 0
1500 108.478 8.42576 15.5696 0.719088 0.104253 340.66 0 0
1500 86.3475 1.34427 16.673 0.522815 -0.032796 340.918 0 0
1500 76.3402 18.893 16.4023 0.317471 0.249119 340.987 0 0
1500 99.9329 -26.4328 15.7399 0.61732 -0.364816 341.003 0 0
1500 86.3721 5.82554 16.348 0.447976 0.0504868 341.014 0 0
1500 29.0769 15.8097 15.8015 -0.405537 0.220477 341.179 0 0
1500 109.753 -12.0738 15.7423 0.740581 -0.180961 341.228 0 0
1500 28.77 -20.1262 15.7309 -0.399727 -0.313283 341.454 0 0
1500 131.37 26.7392 15.6239 0.96322 0.367155 342.343 0 0
1500 118.415 -11.8287 15.6468 0.845631 -0.135801 342.761 0 0
1500 33.0794 18.3229 15.6351 -0.316629 0.2528 343.027 0 0
1500 51.3926 -15.0334 16.3131 -0.0467723 -0.212547 343.099 0 0
1500 75.9045 -17.9994 16.3247 0.285962 -0.278704 343.586 0 0
1500 84.5147 -62.3669 16.0462 0.449919 -0.963013 343.599 0 0
1500 37.0804 23.5525 15.6079 -0.269919 0.317601 343.688 0 0
1500 132.43 -43.7998 15.727 1.12608 -0.630717 343.882 0 0
1500 26.6945 -17.0052 15.8847 -0.407898 -0.280046 344.477 0 0
1500 48.1213 133.172 15.8376 -0.179184 1.96415 344.644 0 0
1500 55.5385 -76.4102 15.7448 -0.039592 -1.02204 345.306 0 0
1500 90.3609 -20.349 17.0038 0.645868 -0.424903 345.724 0 0
1500 84.711 -3.24422 17.275 0.563276 -0.00780371 346.068 0 0
1500 0.550308 0.112639 15.8879 -0.794108 -0.00620891 346.257 0 0
1500 62.6795 19.1933 16.1847 0.140286 0.312561 346.599 0 0
1500 48.6366 31.752 15.9862 -0.138946 0.482748 347.933 0 0
1500 114.176 -21.4821 16.98 1.02276 -0.31204 347.865 0 0
1500 105.634 -42.7374 16.5857 0.844965 -0.662852 347.963 0 0
1500 146.847 -30.6909 16.0724 1.31945 -0.420367 348.089 0 0
1500 6.42149 24.9731 16.048 -0.70484 0.3954 348.295 0 0
1500 97.2333 -16.7534 16.0903 0.593865 -0.18615 348.666 0 0
1500 103.477 -14.5324 16.5735 0.722362 -0.188525 348.858 0 0
1500 94.0932 -9.39087 16.193 0.488243 -0.132437 349.748 0 0
1500 47.933 28.4391 16.4858 -0.205346 0.422637 349.763 0 0
1500 31.1407 -1.05346 16.1301 -0.371259 -0.0723498 349.846 0 0
1500 76.2865 -4.15164 16.2428 0.319049 -0.10155 349.927 0 0
1500 92.911 -17.7198 18.0336 0.691557 -0.278678 350.073 0 0
1500 72.2182 -58.3594 16.5725 0.297614 -0.921115 350.063 0 0
1500 90.1603 -35.3424 16.0159 0.450176 -0.527811 350.385 0 0
1500 76.5728 -18.0513 16.0549 0.301928 -0.202039 350.448 0 0
1500 102.681 -29.2675 16.0312 0.613408 -0.445725 350.678 0 0
1500 115.084 -9.10533 16.0414 0.774855 -0.179602 350.872 0 0
1500 17.7193 -33.6334 16.104 -0.570437 -0.488438 350.988 0 0
1500 51.9065 -42.6367 16.0608 -0.143668 -0.592622 351.021 0 0
1500 75.0287 -72.1693 16.165 0.230876 -0.982714 351.046 0 0
1500 -2.53633 -24.3494 16.1249 -0.832638 -0.277537 351.244 0 0
1500 83.6914 7.90925 18.1429 0.556243 0.139163 351.374 0 0
1500 62.0596 -69.2605 16.121 0.000164768 -0.930301 351.633 0 0
1500 107.472 -1.74422 16.2134 0.717957 -0.0574671 351.636 0 0
1500 73.4452 -64.9576 16.0926 0.224806 -0.902401 351.821 0 0
1500 215.999 -13.7444 16.6324 2.65578 -0.19738 352.077 0 0
1500 72.5116 20.5369 16.9625 0.253374 0.281115 352.191 0 0
1500 84.0012 -29.2715 16.235 0.363513 -0.451791 352.253 0 0
1500 97.6769 -14.4046 16.1473 0.541274 -0.255846 352.256 0 0
1500 13.5022 -2.30149 16.2724 -0.691526 0.0169836 352.304 0 0
1500 90.4202 -4.65452 17.3715 0.602275 -0.0132719 352.484 0 0
1500 30.1613 -36.3441 16.2662 -0.41439 -0.499956 352.563 0 0
1500 102.227 -62.7779 16.1836 0.58614 -0.856178 353.434 0 0
1500 128.081 35.6803 16.8982 1.25127 0.568936 353.43 0 0
1500 128.608 44.8914 16.221 0.994833 0.565498 353.512 0 0
1500 29.5261 -25.3561 16.4733 -0.463276 -0.363747 353.798 0 0
1500 139.24 2.26086 16.2206 1.04899 -0.0347115 354.068 0 0
1500 86.0962 1.23592 17.4359 0.487864 -0.0123309 354.122 0 0
1500 89.3453 17.3705 16.5163 0.507288 0.206923 354.139 0 0
1500 137.117 -14.6222 16.2274 1.02006 -0.2416 354.182 0 0
1500 114.647 53.2437 16.2717 0.76057 0.690628 354.228 0 0
1500 -18.3863 8.82267 16.2379 -1.03175 0.0866519 354.304 0 0
1500 147.94 10.0131 16.3598 1.25079 0.102554 354.551 0 0
1500 81.1365 -15.3492 16.3751 0.330081 -0.269557 354.648 0 0
1500 81.3689 -1.0419 16.3251 0.38234 -0.0292809 354.655 0 0
1500 83.34 13.5156 17.6258 0.457739 0.188251 354.796 0 0
1500 -15.6828 27.9798 16.3095 -0.974441 0.370857 354.802 0 0
1500 113.619 -32.0302 16.3364 0.794194 -0.411149 354.885 0 0
1500 105.919 -17.5295 16.3423 0.7031 -0.241674 355.009 0 0
1500 53.6189 21.5416 16.5029 -0.102981 0.28959 355.249 0 0
1500 63.9677 2.38157 16.5201 0.0671251 -0.0247171 355.404 0 0
1500 30.3792 -9.65767 16.5122 -0.412049 -0.126541 355.461 0 0
1500 55.3507 -48.8475 16.4918 -0.0676712 -0.721051 355.519 0 0
1500 101.845 2.35629 16.6097 0.687522 0.0959942 355.575 0 0
1500 30.0287 -25.9374 16.4612 -0.412134 -0.383371 355.61 0 0
1500 86.8924 -14.0001 17.0819 0.498618 -0.231322 355.804 0 0
1500 128.95 8.47081 16.3851 0.9818 0.114633 355.82 0 0
1500 61.2549 -18.4873 16.7203 0.0994976 -0.308836 355.846 0 0
1500 35.6693 -36.9789 16.4032 -0.323734 -0.552393 355.879 0 0
1500 89.3935 71.9668 16.4035 0.445492 0.948493 355.92 0 0
1500 43.0224 -4.18891 16.9319 -0.178702 -0.0832023 356.038 0 0
1500 50.5879 -73.5549 16.3523 -0.0680142 -0.959195 356.223 0 0
1500 57.276 21.147 16.7284 0.00706607 0.374819 356.53 0 0
1500 68.5085 -46.18 16.5166 0.138004 -0.608372 356.646 0 0
1500 51.4724 -70.4728 16.3802 -0.0568455 -0.916381 356.664 0 0
1500 167.051 63.251 16.4308 1.5375 0.850322 356.7 0 0
1500 89.2465 39.6193 16.6379 0.502708 0.535181 356.856 0 0
1500 104.873 -3.23345 17.1714 0.744673 -0.0713334 356.914 0 0
1500 130.576 -26.4161 16.4455 0.988529 -0.329286 356.935 0 0
1500 123.369 5.31328 16.6106 0.945311 0.117985 356.956 0 0
1500 119.599 47.4977 16.4661 0.813867 0.632807 356.985 0 0
1500 -5.18538 -10.4297 16.4578 -0.855139 -0.19527 357.056 0 0
1500 106.626 34.63 16.5001 0.646041 0.523522 357.952 0 0
1500 62.6634 24.924 16.4979 0.00238182 0.367784 358.13 0 0
1500 75.9299 16.6237 16.9533 0.312909 0.21721 358.328 0 0
1500 70.0318 -69.9177 16.4894 0.214709 -0.911093 358.532 0 0
1500 77.3856 -0.722207 16.8769 0.359256 0.0212857 359.125 0 0
1500 87.4005 -30.2548 16.5362 0.456968 -0.420973 359.251 0 0
1500 27.2758 5.60686 16.8105 -0.483739 0.0961352 359.255 0 0
1500 60.0061 -77.8867 16.5815 0.00077959 -1.04714 359.516 0 0
1500 74.584 -38.1057 16.5647 0.245899 -0.572888 359.538 0 0
1500 20.6868 23.7953 16.6145 -0.494598 0.384553 359.586 0 0
1500 4.55288 -39.9691 16.5869 -0.761533 -0.531635 359.703 0 0
1500 73.6014 -7.06561 16.8187 0.251217 -0.123992 359.708 0 0
1500 138.589 -26.8678 16.6158 1.06645 -0.376138 359.754 0 0
1500 90.8764 26.7694 17.8207 0.672968 0.592179 359.812 0 0
1500 81.7752 -44.2776 16.5857 0.266581 -0.625981 359.876 0 0
1500 89.2662 37.4527 16.6265 0.419725 0.564798 359.873 0 0
1500 129.946 14.7998 16.5911 0.984461 0.149501 359.947 0 0
1500 134.632 32.3989 17.031 1.18691 0.514893 360.064 0 0
1500 3.01639 -32.0544 16.677 -0.764991 -0.453524 360.227 0 0
1500 90.597 30.706 16.6766 0.500936 0.440917 360.375 0 0
1500 65.7164 15.0762 16.7142 0.156433 0.256392 360.443 0 0
1500 71.442 -15.6519 17.0427 0.260975 -0.197736 360.474 0 0
1500 120.089 41.258 16.5952 0.825809 0.494362 360.548 0 0
1500 81.7789 43.649 16.6856 0.382459 0.611457 360.59 0 0
1500 79.8632 2.18497 17.8714 0.44008 0.0893975 360.655 0 0
1500 25.4709 -70.1777 16.6438 -0.432129 -0.935363 360.67 0 0
1500 89.5031 -30.4266 17.0229 0.501506 -0.45004 360.679 0 0
1500 90.4482 14.6177 17.8256 0.608673 0.219495 360.711 0 0
1500 104.518 36.3301 16.9513 0.702094 0.500112 360.879 0 0
1500 15.2982 48.9937 16.6744 -0.556321 0.708056 360.965 0 0
1500 110.5 -23.5172 16.6898 0.697412 -0.277953 361.073 0 0
1500 66.4597 64.495 16.6803 0.114425 0.909778 361.097 0 0
1500 51.6139 41.5219 16.7408 -0.0329328 0.606592 361.113 0 0
1500 109.53 1.28766 18.4375 1.02978 0.0380982 361.082 0 0
1500 95.7517 5.64378 17.1368 0.614328 0.0468769 361.365 0 0
1500 61.08 -19.1237 16.7691 0.0543783 -0.283563 361.411 0 0
1500 -36.7356 3.87063 16.7718 -1.37599 0.0610852 361.898 0 0
1500 61.8115 71.9875 16.7203 0.0529749 0.996624 361.958 0 0
1500 105.053 -10.0188 16.68 0.679324 -0.172719 362.099 0 0
1500 82.6871 -10.2715 16.7685 0.357067 -0.116658 362.308 0 0
1500 47.2806 18.992 16.9023 -0.142649 0.315594 362.333 0 0
1500 65.1349 74.0676 16.7401 0.095484 1.01807 362.374 0 0
1500 62.4033 14.5839 17.1604 0.142199 0.252906 362.378 0 0
1500 102.65 -47.1518 16.7251 0.649112 -0.640743 362.626 0 0
1500 52.1942 76.0807 16.7629 -0.0707187 1.03775 362.842 0 0
1500 107.183 48.4585 16.7339 0.70678 0.612831 362.825 0 0
1500 105.951 39.1575 16.8703 0.707577 0.52852 362.951 0 0
1500 103.897 5.91091 16.8586 0.688087 0.0653792 362.994 0 0
1500 93.3293 59.1927 16.8276 0.509374 0.820051 363.132 0 0
1500 59.4774 31.9899 16.7634 0.0479871 0.491251 363.184 0 0
1500 51.3237 43.9303 16.7665 -0.148116 0.620028 363.397 0 0
1500 132.359 15.9704 16.8193 1.01438 0.234926 363.521 0 0
1500 90.2132 5.5472 16.8014 0.444996 0.0332834 363.595 0 0
1500 73.6258 -67.8369 16.7494 0.254434 -0.924446 363.711 0 0
1500 80.858 28.55 16.8516 0.371018 0.408764 363.745 0 0
1500 80.8034 -16.1575 17.3944 0.327232 -0.249361 363.903 0 0
1500 72.1467 18.7028 16.8344 0.166661 0.281808 364.011 0 0
1500 118.786 20.4629 16.9084 0.871521 0.254084 364.184 0 0
1500 111.263 28.8896 16.9171 0.781554 0.379528 364.403 0 0
1500 50.177 -76.7206 16.7893 -0.141255 -1.01181 364.486 0 0
1500 103.739 -2.93115 17.5589 0.73548 -0.0694385 364.548 0 0
1500 42.6723 -10.5968 17.2812 -0.192516 -0.185301 364.703 0 0
1500 147.736 17.8459 16.95 1.29869 0.222497 364.915 0 0
1500 122.045 41.8243 16.8966 0.865649 0.55439 365.053 0 0
1500 110.673 -49.0723 16.9474 0.757068 -0.645069 365.064 0 0
1500 107.716 -32.5727 16.9449 0.736709 -0.487618 365.131 0 0
1500 -19.1784 -10.6765 16.8319 -1.03665 -0.111021 365.234 0 0
1500 134.429 16.0487 16.8568 1.02868 0.182286 365.413 0 0
1500 104.696 -9.97878 16.8916 0.612876 -0.160328 365.495 0 0
1500 109.635 57.4876 16.9405 0.699612 0.774243 365.489 0 0
1500 19.7413 67.9858 16.8454 -0.542153 0.881834 365.498 0 0
1500 120.97 -39.0708 16.9685 0.884534 -0.513108 365.525 0 0
1500 33.4609 25.8928 16.9928 -0.376331 0.361961 365.508 0 0
1500 77.4826 67.2461 16.8742 0.2542 0.891753 365.59 0 0
1500 105.277 8.11935 17.5845 0.80172 0.0628376 365.583 0 0
1500 81.7355 8.10009 16.9188 0.287653 0.15692 365.736 0 0
1500 117.39 48.7828 16.9588 0.793678 0.661607 365.849 0 0
1500 36.7901 12.9127 17.6389 -0.302053 0.223628 365.876 0 0
1500 122.653 -2.9065 17.8958 1.29481 -0.0389361 365.876 0 0
1500 97.4834 5.2236 17.8004 0.659865 0.113728 366.237 0 0
1500 77.033 61.757 16.9484 0.236548 0.817597 366.36 0 0
1500 147.334 4.98793 16.8763 1.22912 0.0852561 366.383 0 0
1500 99.4985 42.0755 16.8855 0.589284 0.606465 366.413 0 0
1500 148.481 -25.9091 16.8941 1.21448 -0.335542 366.534 0 0
1500 14.6302 -39.4391 16.9194 -0.591307 -0.475483 366.744 0 0
1500 59.1994 -12.697 17.4261 -0.000368924 -0.205506 366.766 0 0
1500 76.289 7.31431 18.3158 0.415862 0.0946079 366.899 0 0
1500 100.999 -59.8166 16.934 0.59408 -0.764093 366.904 0 0
1500 125.999 -0.304044 16.9971 0.928647 0.0254058 367.028 0 0
1500 37.6631 -1.50909 17.1736 -0.309077 -0.026153 367.14 0 0
1500 61.216 -5.75739 17.4942 0.0687985 -0.123266 367.275 0 0
1500 67.9796 12.475 17.9003 0.217917 0.197803 367.42 0 0
1500 89.3409 2.44029 17.4412 0.532641 0.0576716 367.464 0 0
1500 129.388 23.5609 16.9365 0.936272 0.256818 367.526 0 0
1500 140.679 34.2136 17.2497 1.24948 0.527868 367.564 0 0
1500 84.1393 -4.07809 18.0953 0.501589 0.0115645 367.609 0 0
1500 76.6391 5.84054 17.8044 0.365544 0.0834976 367.904 0 0
1500 41.7645 -21.0964 16.994 -0.256168 -0.247765 368.023 0 0
1500 96.9937 62.92 16.9577 0.543883 0.862787 368.118 0 0
1500 97.8443 2.8096 17.7517 0.648662 0.0862226 368.164 0 0
1500 81.9328 37.5696 17.5016 0.448708 0.6404 368.128 0 0
1500 113.499 -53.5461 16.9983 0.740422 -0.723089 368.401 0 0
1500 116.475 4.94624 17.1471 0.83225 0.0178249 368.412 0 0
1500 62.4779 0.889701 17.4846 0.0807423 0.067483 368.403 0 0
1500 121.286 -25.1476 17.0433 0.859139 -0.328859 368.502 0 0
1500 85.4832 -7.92244 17.6751 0.517355 -0.0669848 368.649 0 0
1500 51.0026 12.3215 17.1324 -0.0688076 0.233694 368.793 0 0
1500 -1.31989 -43.9782 17.0178 -0.834651 -0.5654 368.99 0 0
1500 126.841 31.6109 17.0439 0.910941 0.43582 369.103 0 0
1500 90.3364 13.7535 17.9605 0.533689 0.197895 369.36 0 0
1500 24.4939 -5.62531 17.2955 -0.556341 -0.0620884 369.268 0 0
1500 53.7571 27.2104 17.1695 -0.00391831 0.373166 369.692 0 0
1500 75.698 -82.7714 17.1006 0.278305 -1.1106 369.74 0 0
1500 58.5174 -26.3428 17.3057 -0.00734386 -0.404419 369.727 0 0
1500 93.0232 -56.2699 17.0632 0.471132 -0.808376 370.11 0 0
1500 96.9297 0.742539 18.0616 0.681369 0.0174904 370.211 0 0
1500 114.691 22.0434 17.2649 0.914746 0.360337 370.336 0 0
1500 83.7516 -22.034 17.1626 0.418691 -0.272427 370.451 0 0
1500 106.324 35.2898 17.199 0.717754 0.476882 370.72 0 0
1500 20.8097 -35.3715 17.3951 -0.558533 -0.630975 370.785 0 0
1500 64.8036 20.3017 17.2753 0.158164 0.325601 370.821 0 0
1500 78.2832 50.2485 17.225 0.251973 0.747544 370.85 0 0
1500 92.5125 -3.24858 17.4252 0.5654 -0.0474381 370.914 0 0
1500 43.7373 11.3939 17.4017 -0.178995 0.217669 370.913 0 0
1500 112.782 -64.2053 17.2449 0.775095 -0.99872 370.945 0 0
1500 115.84 46.0702 17.1705 0.819839 0.608069 370.99 0 0
1500 62.7324 -5.10004 17.1993 0.0337749 -0.129717 370.998 0 0
1500 117.481 3.75289 17.1482 0.77458 0.0851847 371.091 0 0
1500 139.286 -0.647236 17.2506 1.18805 0.0389054 371.18 0 0
1500 61.7172 -59.6919 17.2744 0.00969167 -0.880616 371.141 0 0
1500 9.05667 111.973 17.2227 -0.730515 1.58307 371.751 0 0
1500 29.4035 -5.95496 17.1755 -0.396811 -0.0424251 371.779 0 0
1500 98.8703 -28.5424 19.1542 0.955165 -0.592345 371.965 0 0
1500 56.6325 -2.78019 18.1786 0.0508301 -0.0314273 372.134 0 0
1500 130.662 26.2163 18.4683 1.41625 0.435499 372.342 0 0
1500 130.702 2.12648 17.2584 1.01962 0.0364751 372.296 0 0
1500 126.503 -26.0684 17.2582 0.965175 -0.329682 372.29 0 0
1500 87.1559 -38.9585 17.2669 0.471567 -0.53014 372.332 0 0
1500 97.8824 -8.40319 17.6061 0.616725 -0.168612 372.452 0 0
1500 39.5835 24.674 17.289 -0.301491 0.302007 372.394 0 0
1500 47.241 -5.09811 17.6195 -0.157676 -0.0591697 372.587 0 0
1500 29.1134 -68.9085 17.2501 -0.418202 -0.937517 372.722 0 0
1500 82.344 -44.9749 17.5783 0.432413 -0.807003 372.736 0 0
1500 52.8255 21.8662 17.4183 -0.0149733 0.362811 372.834 0 0
1500 42.8418 -40.905 17.3035 -0.254369 -0.600899 372.969 0 0
1500 106.334 42.0702 18.4376 0.964016 0.790027 372.963 0 0
1500 10.4178 5.42752 17.3211 -0.694266 0.0342333 373.098 0 0
1500 93.9049 3.83979 18.2377 0.649135 0.0692195 373.331 0 0
1500 40.8002 45.4934 17.4566 -0.25184 0.662607 373.385 0 0
1500 134.968 -3.02294 17.2209 1.04551 -0.0134287 373.433 0 0
1500 142.791 -6.31893 17.4243 1.36159 -0.0963584 373.437 0 0
1500 60.0496 -0.014221 17.6817 0.0600523 -0.0635346 373.588 0 0
1500 53.1823 -42.3178 17.4489 -0.135735 -0.637991 373.662 0 0
1500 52.0389 -55.564 17.6696 -0.111398 -0.919945 373.658 0 0
1500 70.4179 17.1961 17.5262 0.200533 0.305495 373.682 0 0
1500 74.554 -4.44165 17.5549 0.311818 -0.0125506 373.731 0 0
1500 64.9666 -16.3157 17.6859 0.126751 -0.284998 373.77 0 0
1500 104.223 -11.1846 17.775 0.729861 -0.186029 373.87 0 0
1500 29.8842 4.94236 17.2876 -0.455378 0.0324731 374.051 0 0
1500 92.0201 -57.9764 17.3192 0.528919 -0.793154 374.192 0 0
1500 37.1667 -10.679 17.3492 -0.375569 -0.152462 374.196 0 0
1500 86.3859 7.72576 18.1783 0.471772 0.132007 374.242 0 0
1500 76.7749 14.2043 17.7714 0.385388 0.207784 374.277 0 0
1500 50.8934 -19.8193 18.0149 -0.0771932 -0.304536 374.245 0 0
1500 65.935 21.5492 17.4274 0.0593465 0.345857 374.361 0 0
1500 5.76026 40.5401 17.31 -0.751022 0.575291 374.504 0 0
1500 88.626 -11.9057 17.6085 0.451163 -0.230896 374.51 0 0
1500 75.2296 -18.5485 17.8595 0.364516 -0.284945 374.568 0 0
1500 67.2323 -15.5382 17.313 0.170018 -0.19198 374.911 0 0
1500 48.9007 -41.3328 17.6195 -0.137393 -0.605885 374.968 0 0
1500 96.7484 3.42527 18.114 0.676423 0.0439686 374.998 0 0
1500 90.1672 -69.1321 17.2551 0.471292 -0.93636 374.963 0 0
1500 74.6876 -42.9277 17.6217 0.257921 -0.651362 375.083 0 0
1500 62.0476 -64.7502 17.4138 0.0554601 -0.98587 375.086 0 0
1500 63.9918 8.25892 17.3438 0.043501 0.175386 375.404 0 0
1500 119.653 -7.7196 17.6895 0.979035 -0.0993157 375.543 0 0
1500 75.3112 1.26133 18.2459 0.332868 0.0652549 375.65 0 0
1500 78.6163 -35.2619 17.9073 0.325275 -0.595862 376.012 0 0
1500 79.9894 3.7003 17.807 0.397774 0.110438 376.049 0 0
1500 84.0206 56.6239 17.3204 0.355191 0.756273 376.155 0 0
1500 80.2441 2.9934 17.8407 0.40896 -0.0158866 376.173 0 0
1500 57.5432 -55.239 17.4462 0.0254909 -0.82776 376.123 0 0
1500 54.2284 -13.8023 17.7791 -0.0178998 -0.255903 376.124 0 0
1500 109.946 54.3533 17.3301 0.730568 0.725665 376.217 0 0
1500 64.4823 5.67413 17.738 0.176436 0.0831075 376.339 0 0
1500 41.8694 29.2784 17.6144 -0.217868 0.451181 376.496 0 0
1500 93.2281 31.9634 17.7769 0.568237 0.492025 376.612 0 0
1500 69.5665 48.7458 17.3661 0.120956 0.740328 376.627 0 0
1500 103.209 23.6113 17.3745 0.612571 0.314674 376.727 0 0
1500 77.9407 -1.38383 17.4201 0.333351 -0.0758717 376.794 0 0
1500 88.7929 6.74942 18.6979 0.613121 0.140939 376.998 0 0
1500 28.3804 15.1671 17.4474 -0.465029 0.167748 376.988 0 0
1500 60.4319 -53.9158 17.435 0.0907876 -0.800669 377.149 0 0
1500 93.7459 18.7057 17.8211 0.597097 0.302413 377.184 0 0
1500 89.9546 12.1118 17.9465 0.572562 0.21264 377.53 0 0
1500 43.4707 -18.1031 17.689 -0.252911 -0.275071 377.534 0 0
1500 116.556 16.2913 17.7652 0.95802 0.245935 377.57 0 0
1500 65.1229 -16.3223 17.7696 0.192104 -0.282968 377.59 0 0
1500 108.617 44.5811 17.43 0.799121 0.701071 377.736 0 0
1500 78.9532 11.375 17.5171 0.32394 0.145902 377.929 0 0
1500 102.059 15.3891 17.7335 0.718911 0.216248 377.896 0 0
1500 88.021 3.53639 18.3378 0.57041 0.00993429 378.24 0 0
1500 86.8739 -10.6679 18.128 0.515574 -0.206515 378.271 0 0
1500 39.7225 -32.3179 17.4402 -0.307113 -0.508439 378.256 0 0
1500 87.3664 17.7347 17.521 0.416675 0.325129 378.257 0 0
1500 115.42 42.6897 17.5403 0.938876 0.624477 378.231 0 0
1500 71.2584 -6.20486 17.886 0.311313 -0.118187 378.334 0 0
1500 90.8464 -57.8576 17.4635 0.505763 -0.840923 378.401 0 0
1500 41.0709 -73.1357 17.4074 -0.280279 -1.00398 378.505 0 0
1500 59.7259 10.2893 17.748 0.071066 0.21554 378.665 0 0
1500 48.909 -11.559 17.6583 -0.0914617 -0.198596 378.731 0 0
1500 92.4706 -31.1984 17.5293 0.568675 -0.439026 378.783 0 0
1500 51.893 19.4353 17.7499 -0.0393653 0.343914 378.801 0 0
1500 101.306 -11.6244 17.8158 0.717049 -0.159867 378.847 0 0
1500 97.4086 -7.15282 17.7824 0.648041 -0.0556848 379.147 0 0
1500 81.7871 -38.4214 17.5037 0.383567 -0.601125 379.139 0 0
1500 29.2793 -45.6928 17.7007 -0.418561 -0.740953 379.159 0 0
1500 82.0729 7.19744 19.5858 0.562172 0.113048 379.2 0 0
1500 70.157 -10.7017 17.5435 0.139979 -0.218332 379.263 0 0
1500 92.5795 21.7692 17.7597 0.528615 0.373296 379.463 0 0
1500 64.6148 2.04512 18.4139 0.136045 0.0165772 379.564 0 0
1500 94.9782 -27.9317 18.3703 0.768454 -0.499062 379.759 0 0
1500 92.0962 5.61183 18.2134 0.610934 0.0286378 380.039 0 0
1500 75.4206 21.3668 18.3228 0.344872 0.368415 379.906 0 0
1500 76.1441 -36.672 17.6707 0.272673 -0.609659 379.98 0 0
1500 77.7192 30.314 17.8853 0.383552 0.484495 380.768 0 0
1500 67.0448 2.62048 17.6787 0.137995 -0.0300644 380.837 0 0
1500 42.0156 8.28942 17.973 -0.22442 0.0894225 380.869 0 0
1500 96.4741 33.4691 17.5599 0.6222 0.465455 380.805 0 0
1500 66.1761 -46.4084 17.5749 0.17637 -0.738846 380.835 0 0
1500 134.551 8.50899 17.596 1.17684 0.182726 380.973 0 0
1500 102.429 34.6914 17.6247 0.624085 0.553252 381.09 0 0
1500 70.5668 -38.0536 17.778 0.229942 -0.60464 381.145 0 0
1500 60.1536 67.5405 17.5342 0.011267 0.99626 381.389 0 0
1500 11.4958 -0.700454 17.5225 -0.678613 -0.0706775 381.311 0 0
1500 80.8795 -15.4692 17.59 0.283635 -0.267938 381.287 0 0
1500 66.5494 59.0288 17.6315 0.121853 0.888795 381.467 0 0
1500 32.5274 -61.4344 17.7041 -0.451853 -1.00321 381.418 0 0
1500 42.6063 4.10592 17.7821 -0.194672 0.104902 381.555 0 0
1500 5.04754 95.4116 17.4986 -0.717129 1.35592 381.62 0 0
1500 1.18411 -40.8846 17.5111 -0.815662 -0.601771 381.561 0 0
1500 80.4492 14.8717 17.5754 0.393267 0.180154 381.592 0 0
1500 -4.30318 33.6457 17.5419 -0.8737 0.526183 381.735 0 0
1500 78.9341 -6.81071 18.5729 0.443916 -0.115621 381.79 0 0
1500 74.4609 -3.87827 17.897 0.327828 -0.000764574 381.879 0 0
1500 82.612 61.9557 17.6456 0.341822 0.920331 382.184 0 0
1500 100.543 -68.4859 17.5845 0.704742 -1.04409 382.257 0 0
1500 121.579 -24.6871 17.5533 0.885356 -0.378191 382.385 0 0
1500 80.251 8.91364 18.4347 0.416728 0.08171 382.441 0 0
1500 88.34 9.8576 17.6474 0.519049 0.13013 382.409 0 0
1500 117.067 27.0322 18.3236 1.13274 0.536739 382.419 0 0
1500 22.0725 -17.5516 17.599 -0.576628 -0.258422 382.551 0 0
1500 98.1113 10.2592 18.5708 0.705408 0.190667 382.649 0 0
1500 79.2254 -3.34517 18.043 0.328144 -0.0997049 382.756 0 0
1500 119.971 -6.31799 17.5813 0.977615 -0.14876 382.745 0 0
1500 47.0604 -5.91118 17.7799 -0.159828 -0.0362884 382.8 0 0
1500 91.9428 14.5562 18.1992 0.712159 0.284346 382.953 0 0
1500 89.7186 -12.5019 18.412 0.538612 -0.246119 383 0 0
1500 63.2864 18.6021 17.9361 0.117227 0.333371 383.227 0 0
1500 65.5052 14.447 18.0349 0.182432 0.225523 383.4 0 0
1500 71.0569 -70.1021 17.5543 0.181416 -1.02701 383.406 0 0
1500 46.4837 -105.221 17.6701 -0.19201 -1.60505 383.503 0 0
1500 116.441 -44.6302 17.5601 0.799396 -0.676442 383.649 0 0
1500 106.672 -37.2185 17.6173 0.759045 -0.526338 383.604 0 0
1500 73.2252 -26.2694 17.8786 0.316687 -0.411244 383.589 0 0
1500 50.6823 -52.2622 17.6104 -0.0984896 -0.813005 383.764 0 0
1500 76.5588 19.475 18.3342 0.327348 0.291776 383.813 0 0
1500 87.2296 5.08593 17.6384 0.444571 0.00231075 383.851 0 0
1500 83.107 38.1598 17.7005 0.389146 0.656677 383.859 0 0
1500 44.9322 27.2554 17.8529 -0.220759 0.380645 383.968 0 0
1500 18.442 31.3115 17.5782 -0.634977 0.423902 384.136 0 0
1500 126.423 -21.6257 17.6501 1.00029 -0.311176 384.27 0 0
1500 118.334 13.259 17.6241 0.918498 0.164107 384.243 0 0
1500 85.6375 -35.8909 17.6766 0.477714 -0.531007 384.254 0 0
1500 73.1095 -58.2444 17.619 0.218116 -0.890521 384.351 0 0
1500 81.805 -40.9121 17.6775 0.422384 -0.602167 384.334 0 0
1500 73.3043 -51.9516 18.0234 0.287937 -0.897274 384.364 0 0
1500 110.344 -23.0032 17.6968 0.816265 -0.291051 384.59 0 0
1500 98.719 -36.603 18.1937 0.731751 -0.601216 384.566 0 0
1500 132.71 -33.8093 17.644 1.17325 -0.489195 384.69 0 0
1500 37.4752 -62.0213 17.5708 -0.24263 -0.925638 384.83 0 0
1500 45.7959 69.7321 17.5947 -0.182093 0.981327 384.915 0 0
1500 71.6088 8.67707 17.986 0.29513 0.175683 384.872 0 0
1500 60.2807 -22.7878 17.747 0.0971806 -0.324189 385.106 0 0
1500 95.636 -12.4853 18.5609 0.730571 -0.157974 385.054 0 0
1500 37.5129 -59.7401 17.5916 -0.355975 -0.870557 385.155 0 0
1500 59.3426 44.7074 17.6505 0.0661038 0.715126 385.248 0 0
1500 110.602 -24.7332 18.3101 0.911345 -0.450287 385.379 0 0
1500 89.9501 -59.6988 17.5817 0.492644 -0.884925 385.469 0 0
1500 102.907 -50.8101 17.6165 0.5981 -0.739852 385.713 0 0
1500 69.32 -25.2824 17.6437 0.102041 -0.369576 385.702 0 0
1500 33.7018 -63.3241 17.6136 -0.319754 -0.906926 385.615 0 0
1500 89.5079 -1.09609 18.4045 0.606473 -0.0196598 385.526 0 0
1500 59.0244 -52.2604 17.689 0.0802217 -0.795787 385.662 0 0
1500 136.612 -29.6681 17.8128 1.27439 -0.540983 385.719 0 0
1500 73.4485 -38.4166 17.9193 0.204229 -0.709321 385.62 0 0
1500 155.997 27.5854 18.4765 1.96255 0.499689 385.602 0 0
1500 83.8782 86.2357 17.7843 0.400369 1.34611 385.886 0 0
1500 112.492 -28.6755 17.6988 0.844582 -0.520648 385.913 0 0
1500 67.0982 9.84286 18.0724 0.107139 0.191822 385.892 0 0
1500 80.8071 -4.14138 18.0641 0.419954 0.00575354 385.985 0 0
1500 82.5695 1.37632 18.6528 0.479722 0.0941666 386.137 0 0
1500 60.7261 -179.393 17.9928 0.00682071 -3.17046 386.14 0 0
1500 98.7457 19.4602 18.1299 0.706698 0.270713 386.559 0 0
1500 95.8999 -45.0254 17.6446 0.499283 -0.655392 386.608 0 0
1500 55.6992 -25.1303 18.0026 -0.0266268 -0.363885 386.749 0 0
1500 43.231 -15.7009 18.2764 -0.257429 -0.333215 386.846 0 0
1500 109.911 39.5525 17.8108 0.770202 0.650755 386.9 0 0
1500 84.5805 9.06056 17.9636 0.377297 0.177329 387.01 0 0
1500 55.0582 59.6445 17.675 0.00610896 0.897282 386.957 0 0
1500 119.983 5.68666 18.2873 1.18824 0.0735335 387.001 0 0
1500 41.6611 -16.7405 17.7507 -0.218236 -0.27401 387.049 0 0
1500 35.7143 5.22919 17.8444 -0.347515 0.131868 387.086 0 0
1500 57.1965 20.0266 17.9697 0.0315876 0.315085 387.175 0 0
1500 41.0226 1.13449 18.0403 -0.294989 0.0583451 387.185 0 0
1500 -13.5004 0.444749 17.6291 -1.04717 -0.0184246 387.221 0 0
1500 82.2581 29.6821 17.8897 0.45455 0.443672 387.247 0 0
1500 96.4363 -7.0592 17.684 0.63245 -0.134734 387.366 0 0
1500 91.4239 -21.6847 18.5706 0.5944 -0.36211 387.401 0 0
1500 36.9187 22.0873 17.8888 -0.282999 0.393233 387.396 0 0
1500 25.8331 13.7059 17.8456 -0.48946 0.254463 387.427 0 0
1500 59.1548 -61.2757 17.739 0.0157018 -0.941822 387.594 0 0
1500 34.8775 -105.459 17.7242 -0.358722 -1.72284 387.678 0 0
1500 113.802 -45.5122 17.695 0.785242 -0.692917 387.842 0 0
1500 -11.5552 16.3329 17.6422 -1.01223 0.198393 387.811 0 0
1500 118.917 -28.5252 17.6477 0.926815 -0.369759 387.843 0 0
1500 107.175 17.6482 17.8888 0.796113 0.283674 387.8 0 0
1500 89.0501 2.43473 17.7155 0.50289 -0.026355 387.816 0 0
1500 61.0109 -73.1994 17.8558 0.101347 -1.19476 387.808 0 0
1500 56.2177 9.13371 18.299 -0.0115153 0.122551 388.01 0 0
1500 88.9097 16.122 17.6962 0.484257 0.305905 387.987 0 0
1500 133.353 -41.4612 17.8362 1.26398 -0.676437 387.929 0 0
1500 143.994 20.5524 17.8381 1.42994 0.335988 388.207 0 0
1500 131.685 -79.9121 17.7719 1.12874 -1.27436 388.398 0 0
1500 3.26003 34.137 17.8109 -0.928892 0.635548 388.401 0 0
1500 77.0922 21.1071 18.181 0.27468 0.408393 388.271 0 0
1500 46.032 7.13787 18.0199 -0.188577 0.0627676 388.548 0 0
1500 80.1344 -23.3535 17.7259 0.399833 -0.387849 388.746 0 0
1500 60.2588 -44.292 17.7732 -0.0139346 -0.740892 388.721 0 0
1500 -10.5352 100.831 17.7001 -1.12283 1.5772 388.806 0 0
1500 31.3275 17.5794 17.8516 -0.415788 0.312147 388.864 0 0
1500 74.222 32.6618 17.9298 0.255826 0.478349 389.283 0 0
1500 128.433 3.8641 17.6658 1.04424 0.0885752 389.035 0 0
1500 16.0707 -45.1439 17.6731 -0.606594 -0.736616 389.136 0 0
1500 86.9347 35.0446 18.6748 0.646587 0.635019 388.973 0 0
1500 64.4601 -42.2834 17.7798 0.0727949 -0.609653 389.479 0 0
1500 110.335 0.460953 18.05 0.860367 -0.00424353 389.415 0 0
1500 123.81 -29.5895 17.676 0.971977 -0.375484 389.603 0 0
1500 66.2156 25.8238 17.7949 0.116564 0.452765 389.626 0 0
1500 33.082 8.59535 17.7948 -0.372833 0.19876 389.546 0 0
1500 83.8321 17.7926 17.795 0.376141 0.333902 389.697 0 0
1500 29.6697 56.767 17.708 -0.377245 0.880866 389.749 0 0
1500 65.0052 -10.1418 18.306 0.157392 -0.212723 389.871 0 0
1500 100.451 13.1912 17.9632 0.715807 0.21277 389.828 0 0
1500 64.2117 -9.98229 17.8531 0.0377585 -0.142077 389.809 0 0
1500 111.153 -8.297 17.9081 0.851551 -0.0808287 389.893 0 0
1500 15.4598 34.2914 17.8566 -0.637694 0.547844 389.96 0 0
1500 63.4914 7.39193 18.139 0.101133 0.169619 390.132 0 0
1500 9.94857 -22.8861 17.799 -0.749126 -0.301297 390.197 0 0
1500 75.5869 -20.1042 18.013 0.290799 -0.310651 390.456 0 0
1500 35.156 58.8693 17.7031 -0.318903 0.916148 390.457 0 0
1500 101.279 31.3648 17.764 0.632361 0.528673 390.568 0 0
1500 49.3472 13.125 17.9824 -0.136839 0.250794 390.536 0 0
1500 135.845 24.3949 17.9369 1.26438 0.383223 390.314 0 0
1500 130.164 12.6431 18.5785 1.37198 0.292878 390.462 0 0
1500 16.5272 9.52397 17.8538 -0.660282 0.145138 390.71 0 0
1500 54.652 -37.0158 17.6912 0.00195776 -0.601579 390.76 0 0
1500 89.2261 47.4794 17.7539 0.429939 0.794405 390.831 0 0
1500 77.8514 24.788 17.8161 0.289973 0.465902 390.828 0 0
1500 95.6689 -10.5748 18.9436 0.739123 -0.153603 390.995 0 0
1500 100.309 16.1754 17.92 0.708894 0.214455 390.936 0 0
1500 11.0448 -1.60965 17.8545 -0.738119 -0.0176713 390.929 0 0
1500 36.2352 35.7477 17.8788 -0.297146 0.596226 390.919 0 0
1500 65.0306 12.4966 17.9663 0.149958 0.255953 390.902 0 0
1500 73.8362 5.57237 18.2932 0.354585 0.131946 391.12 0 0
1500 80.9514 18.4384 18.1162 0.329677 0.297303 391.253 0 0
1500 85.6666 13.5679 17.7743 0.384915 0.263399 391.262 0 0
1500 70.1574 31.1438 17.9478 0.266677 0.50201 391.226 0 0
1500 69.6652 0.352035 17.9897 0.259875 -0.0471905 391.191 0 0
1500 114.129 -1.68531 18.6103 1.06092 -0.0868825 391.325 0 0
1500 24.9333 50.7764 17.8028 -0.480063 0.80003 391.402 0 0
1500 78.9619 -14.2122 17.7473 0.391239 -0.223679 391.442 0 0
1500 96.3485 -61.4062 17.8406 0.666247 -1.06704 391.427 0 0
1500 126.692 -5.62363 17.7375 1.01166 -0.10701 391.657 0 0
1500 49.4185 -8.6881 18.001 -0.155388 -0.0906019 391.633 0 0
1500 88.3954 -25.263 17.9044 0.504521 -0.474002 391.639 0 0
1500 77.9819 -22.4875 18.3433 0.337275 -0.385899 391.776 0 0
1500 75.9105 2.97501 17.9965 0.336644 0.108775 391.925 0 0
1500 42.6297 14.685 18.0804 -0.290644 0.250951 391.973 0 0
1500 73.8226 67.9874 17.7242 0.230419 1.02235 392.137 0 0
1500 101.434 10.6674 18.0414 0.736682 0.12402 392.162 0 0
1500 73.099 -13.3424 17.9898 0.205604 -0.251428 392.107 0 0
1500 50.0891 -36.7102 17.8239 -0.180656 -0.559731 392.138 0 0
1500 95.4107 -0.0389671 18.6728 0.71069 -0.0201749 392.179 0 0
1500 48.9924 -27.587 17.9836 -0.186844 -0.489047 392.188 0 0
1500 80.1958 19.7799 18.361 0.371838 0.308902 392.377 0 0
1500 74.9482 -42.8455 17.9895 0.332681 -0.675138 392.27 0 0
1500 101.133 18.7531 17.7459 0.715559 0.26887 392.306 0 0
1500 139.695 -13.3265 17.9395 1.38096 -0.203532 392.282 0 0
1500 0.0611722 11.5925 17.7456 -0.875778 0.236301 392.504 0 0
1500 33.7442 -39.0388 17.8233 -0.422011 -0.590783 392.558 0 0
1500 78.9572 7.37183 18.3672 0.355385 0.152306 392.568 0 0
1500 46.5189 -54.8181 17.7633 -0.171066 -0.800788 392.646 0 0
1500 9.86832 43.1333 17.6974 -0.74121 0.679445 392.622 0 0
1500 102.743 -9.25813 18.294 0.802987 -0.137832 392.632 0 0
1500 142.515 -13.4137 17.8682 1.39647 -0.230413 392.706 0 0
1500 72.5726 -39.8945 18.2887 0.348887 -0.7644 392.709 0 0
1500 114.223 -7.49532 18.0885 0.916626 -0.116825 392.792 0 0
1500 6.97394 -15.9993 17.7557 -0.726656 -0.249207 392.921 0 0
1500 61.1114 51.9578 18.0029 0.0486919 0.913281 392.944 0 0
1500 30.5476 4.59925 17.8257 -0.446842 0.00526259 393.007 0 0
1500 67.1155 -25.7432 18.0565 0.102309 -0.394102 393.311 0 0
1500 71.6219 -26.7425 18.0041 0.206891 -0.412843 393.24 0 0
1500 59.3194 70.8105 17.7403 -0.0597376 1.08573 393.273 0 0
1500 95.5921 3.54031 18.1381 0.710102 0.0209369 393.266 0 0
1500 64.6591 25.1933 18.2594 0.0946407 0.391661 393.834 0 0
1500 75.2749 2.22186 18.7134 0.379269 0.0532159 393.873 0 0
1500 51.5579 -27.2324 17.8585 -0.0853346 -0.422396 393.415 0 0
1500 65.0727 7.91149 17.77 0.150456 0.136704 393.423 0 0
1500 54.4558 0.375217 17.7724 0.0107808 0.0375254 393.506 0 0
1500 102.593 -51.7857 17.7073 0.686691 -0.786979 393.737 0 0
1500 16.358 -58.4015 17.7053 -0.546611 -0.88387 393.547 0 0
1500 125.638 -9.1831 17.7744 1.02548 -0.0805903 393.811 0 0
1500 0.183637 22.5082 17.8326 -0.886156 0.369998 393.64 0 0
1500 61.1848 -10.0117 18.3189 0.0492543 -0.135991 393.688 0 0
1500 80.3455 35.3613 17.8568 0.406 0.575183 393.605 0 0
1500 57.8662 14.4843 18.0086 0.00049772 0.286321 393.394 0 0
1500 69.2289 45.7318 17.7863 0.115147 0.733958 393.588 0 0
1500 78.5149 8.11317 17.8244 0.376762 0.0732231 393.363 0 0
1500 68.2943 -53.9187 17.8866 0.112581 -0.866224 393.866 0 0
1500 79.5287 1.74387 18.5311 0.371375 0.0825885 393.791 0 0
1500 70.919 -3.79217 18.0276 0.263309 -0.0465248 393.939 0 0
1500 103.012 53.3468 17.7549 0.617958 0.830277 393.901 0 0
1500 70.1791 -46.6531 17.9837 0.227588 -0.822107 394.077 0 0
1500 -8.23318 -1.35053 17.887 -1.12936 -0.0579288 394.14 0 0
1500 84.4259 -18.2397 18.7846 0.537317 -0.316985 394.423 0 0
1500 105.969 48.9357 17.7812 0.736005 0.74595 394.499 0 0
1500 75.6082 66.9545 17.7809 0.304763 1.00239 394.469 0 0
1500 4.76763 46.6234 17.7198 -0.82022 0.720278 394.173 0 0
1500 84.3277 18.8929 19.7447 0.725221 0.443212 394.444 0 0
1500 73.5909 -38.822 18.1888 0.261041 -0.671499 394.53 0 0
1500 95.0095 68.5931 17.8029 0.665732 1.08436 394.536 0 0
1500 115.76 47.7234 18.2118 1.06104 0.802835 394.562 0 0
1500 60.8298 -9.14523 18.2155 0.0540393 -0.172098 394.901 0 0
1500 53.395 -54.5846 17.8185 -0.00491658 -0.86123 394.773 0 0
1500 90.7225 3.54732 18.261 0.619915 0.0503902 395.006 0 0
1500 75.0121 -65.6218 17.8249 0.216788 -1.01259 395.981 0 0
1500 82.8564 -5.90691 18.7719 0.476098 -0.112187 395.331 0 0
1500 -4.6025 14.8153 17.738 -0.910719 0.259927 395.604 0 0
1500 -4.32827 10.2826 17.7413 -0.904777 0.196794 395.776 0 0
1500 52.9326 68.4205 17.7733 -0.0863258 1.04099 395.486 0 0
1500 106.71 -31.6197 18.0563 0.784121 -0.522838 395.797 0 0
1500 85.8425 -13.2359 18.0924 0.416124 -0.259671 395.825 0 0
1500 17.9358 38.4642 17.7861 -0.660635 0.62014 395.829 0 0
1500 63.6297 23.3639 17.9245 0.157134 0.409921 395.817 0 0
1500 104.116 62.4099 17.8897 0.834905 1.01369 395.732 0 0
1500 80.753 -57.6053 17.9597 0.453361 -0.993255 396.11 0 0
1500 52.1767 -11.8309 18.2612 -0.152075 -0.214823 395.315 0 0
1500 103.514 26.8312 17.8031 0.69337 0.359058 397.895 0 0
1500 70.4919 -18.5195 18.1281 0.243673 -0.292324 397.528 0 0
1500 39.3861 -5.95697 17.9129 -0.293166 -0.0506767 396.975 0 0
1500 24.4177 13.1692 17.7771 -0.496915 0.23131 397.436 0 0
1500 83.1907 -60.8936 17.8207 0.428879 -0.934295 396.27 0 0
1500 51.1666 59.5492 17.9238 -0.109029 0.944146 396.962 0 0
1500 85.0709 -16.1729 18.3196 0.484272 -0.31137 396.816 0 0
1500 73.6778 -20.9501 18.3208 0.316922 -0.382861 396.643 0 0
1500 90.1506 -17.4621 18.3184 0.557668 -0.329466 397.008 0 0
1500 111.205 -12.7719 17.8593 0.857468 -0.241023 396.425 0 0
1500 52.2427 -50.4147 17.8313 -0.117583 -0.821243 396.532 0 0
1500 92.722 -26.7609 18.2114 0.586336 -0.467305 397.706 0 0
1500 88.0602 31.374 18.0454 0.449018 0.534898 396.926 0 0
1500 59.8473 -39.9545 18.0968 0.0164932 -0.649865 396.982 0 0
1500 47.2347 16.3543 18.0659 -0.199138 0.228416 396.469 0 0
1500 47.7381 50.0482 17.8145 -0.0953105 0.806012 396.961 0 0
1500 118.366 6.33529 17.8117 0.955593 0.144868 397.927 0 0
1500 48.1497 -51.4177 17.8669 -0.209583 -0.794181 397.602 0 0
1500 57.1364 -40.845 17.871 -0.0751216 -0.641361 396.956 0 0
1500 39.8763 -5.49711 17.9104 -0.339219 -0.0797923 397.026 0 0
1500 74.6037 33.1238 18.1511 0.242112 0.555479 397.238 0 0
1500 264.912 14.2275 17.813 3.28755 0.195138 396.815 0 0
1500 67.4839 13.9057 17.9724 0.0935689 0.230442 397.963 0 0
1500 72.7116 -9.32578 17.7983 0.301874 -0.161258 397.568 0 0
1500 51.8723 34.8322 18.1073 -0.112451 0.624394 396.789 0 0
1500 63.6139 -22.7846 18.016 0.0372911 -0.390128 397.644 0 0
1500 29.7774 59.4668 17.8626 -0.424662 1.02658 397.762 0 0
1500 82.2268 -48.419 18.1341 0.40782 -0.859139 397.334 0 0
1500 133.958 -4.26588 18.1915 1.33652 -0.115107 397.581 0 0
1500 42.3931 28.7436 18.0546 -0.326059 0.450173 397.612 0 0
1500 48.7149 -23.835 18.6589 -0.208284 -0.464226 397.36 0 0
1500 72.2789 -57.84 17.857 0.259294 -0.924363 398.04 0 0
1500 66.2047 26.0162 17.8873 0.200371 0.441971 397.982 0 0
1500 111.388 23.1647 18.0172 0.847938 0.408447 398.444 0 0
1500 74.0533 54.9989 17.9274 0.280289 0.887498 398.523 0 0
1500 77.7188 4.85191 18.3709 0.43682 0.0388925 398.46 0 0
1500 17.8073 -34.4922 17.8998 -0.664041 -0.513862 398.355 0 0
1500 67.557 -21.5441 17.7861 0.218744 -0.34181 398.359 0 0
1500 70.7801 -28.0184 17.8302 0.277965 -0.439457 398.497 0 0
1500 41.275 -12.2631 18.335 -0.318345 -0.173186 398.277 0 0
1500 73.9524 16.0986 18.0463 0.290753 0.253686 398.635 0 0
1500 71.2727 63.8195 17.812 0.253347 0.989572 398.574 0 0
1500 26.8029 22.4391 17.903 -0.464546 0.34318 398.818 0 0
1500 44.9924 -82.6733 17.8134 -0.134872 -1.33015 398.767 0 0
1500 78.9015 9.95862 18.947 0.447511 0.160048 398.955 0 0
1500 57.7394 -11.4803 18.163 0.054234 -0.249007 398.931 0 0
1500 67.9599 -35.4694 18.0505 0.164845 -0.541498 399.192 0 0
1500 -1.30199 11.4606 17.897 -0.940642 0.174642 399.099 0 0
1500 140.567 1.70579 18.2431 1.47659 -0.0101242 399.26 0 0
1500 94.9835 -18.145 18.0847 0.663645 -0.296744 399.669 0 0
1500 76.8399 -11.9017 18.0968 0.399758 -0.190616 399.635 0 0
1500 45.6141 -2.92998 17.9248 -0.247323 -0.0698979 399.509 0 0
1500 76.0669 -23.3925 17.8005 0.247139 -0.430839 399.723 0 0
1500 127.522 12.4429 18.4109 1.29587 0.162334 399.51 0 0
1500 74.3219 3.26224 18.0828 0.280323 0.101207 399.804 0 0
1500 79.0114 64.4164 17.8168 0.360666 0.980462 399.814 0 0
1500 36.3741 14.2436 18.3298 -0.375716 0.281658 399.845 0 0
1500 19.1472 44.2885 17.764 -0.606864 0.735903 399.936 0 0
1500 26.3029 -28.7971 17.9259 -0.534059 -0.462552 399.89 0 0
1500 41.7288 -29.4264 17.9198 -0.30474 -0.473327 399.991 0 0
1500 128.319 -19.219 17.848 1.16312 -0.263076 400.033 0 0
1500 72.6807 -19.5507 18.2423 0.231556 -0.322879 400.302 0 0
1500 80.8329 52.6613 17.9535 0.419682 0.829061 400.115 0 0
1500 50.1962 -18.3825 18.012 -0.0814492 -0.378915 400.101 0 0
1500 47.3441 -37.6671 17.8884 -0.159922 -0.580897 400.716 0 0
1500 119.753 -7.82663 17.9855 0.996844 -0.0772517 400.772 0 0
1500 123.483 -1.15279 17.7838 1.03633 -0.0333873 400.685 0 0
1500 62.2333 -22.9591 18.1444 0.0337063 -0.352209 400.495 0 0
1500 122.946 39.7545 17.8767 1.04095 0.703679 400.52 0 0
1500 55.1164 -33.8054 17.934 -0.115423 -0.515865 400.631 0 0
1500 71.0503 -15.4317 18.0778 0.18533 -0.270825 400.935 0 0
1500 108 -44.2339 17.7843 0.805054 -0.665818 400.945 0 0
1500 72.8915 20.0093 17.8999 0.174774 0.347204 400.946 0 0
1500 86.6293 70.9371 17.8673 0.483954 1.11576 401.085 0 0
1500 20.6619 -38.109 17.7911 -0.593593 -0.644544 401.005 0 0
1500 57.1556 -53.7895 17.7909 -0.0429564 -0.880711 401.037 0 0
1500 106.438 38.1444 17.8292 0.741857 0.588601 401.237 0 0
1500 74.2349 23.8304 17.9585 0.196123 0.386474 401.17 0 0
1500 30.886 14.1994 17.8972 -0.467803 0.257042 401.206 0 0
1500 65.3441 -38.6755 18.4101 0.151363 -0.695656 401.229 0 0
1500 116.856 12.6732 17.8321 0.886313 0.227051 401.483 0 0
1500 106.956 -36.654 17.9544 0.807635 -0.576659 401.493 0 0
1500 109.149 -57.8808 17.7882 0.722129 -0.924624 401.438 0 0
1500 82.4011 -50.8723 17.8335 0.432949 -0.804776 401.498 0 0
1500 79.2857 -65.3764 17.8782 0.385418 -1.12564 401.543 0 0
1500 57.0988 -11.0709 18.0017 0.0208556 -0.216121 401.878 0 0
1500 71.7652 -24.8741 17.9985 0.28683 -0.43116 401.774 0 0
1500 60.9459 -32.7027 17.9976 0.12269 -0.548915 401.878 0 0
1500 123.865 49.1263 18.0056 1.13257 0.765104 401.819 0 0
1500 8.66969 17.7345 17.7983 -0.819173 0.279121 401.945 0 0
1500 79.8274 12.7706 18.2233 0.377876 0.226882 402.057 0 0
1500 65.0221 53.1041 17.856 0.139042 0.803179 402.072 0 0
1500 48.0565 -36.0284 18.1013 -0.218366 -0.603572 402.061 0 0
1500 21.0143 28.2234 17.8989 -0.536752 0.450949 402.515 0 0
1500 84.386 -28.8012 18.3241 0.442599 -0.499261 402.533 0 0
1500 69.6399 11.6112 17.8975 0.236504 0.240246 402.422 0 0
1500 69.0188 13.2109 17.8249 0.192448 0.235752 402.56 0 0
1500 73.9158 -2.30912 19.2925 0.428594 -0.0204319 402.69 0 0
1500 103.762 -15.1513 17.79 0.652241 -0.279801 402.785 0 0
1500 -5.98227 18.3992 17.8333 -1.00562 0.246684 402.639 0 0
1500 27.3974 -55.6407 17.7958 -0.530291 -0.817824 402.744 0 0
1500 44.7907 7.38263 17.8505 -0.186455 0.189745 402.759 0 0
1500 94.8374 -3.86113 18.153 0.598847 -0.0172217 402.974 0 0
1500 81.0329 -19.405 18.1497 0.381561 -0.325804 403.058 0 0
1500 80.4812 -59.7763 17.7974 0.389286 -0.86793 402.992 0 0
1500 94.1988 -13.1742 18.342 0.603159 -0.266139 402.973 0 0
1500 107.417 68.495 17.8883 0.82971 1.06426 403.046 0 0
1500 23.5081 14.1662 17.8363 -0.587396 0.17267 403.154 0 0
1500 36.0771 55.7762 17.8794 -0.305231 0.858758 403.187 0 0
1500 92.6824 -1.95376 18.4664 0.698696 0.0138492 403.193 0 0
1500 40.8725 -28.8391 17.799 -0.22486 -0.467406 403.348 0 0
1500 110.141 2.26099 18.5469 1.06449 0.0707382 403.334 0 0
1500 80.363 -6.73257 18.4785 0.477637 -0.145572 403.367 0 0
1500 126.068 34.3042 18.0011 1.12979 0.606718 403.406 0 0
1500 70.5807 25.6576 18.0165 0.292519 0.429622 403.615 0 0
1500 107.932 -35.9085 17.8299 0.794414 -0.589557 403.824 0 0
1500 85.9123 9.72378 18.5742 0.525132 0.120434 403.914 0 0
1500 18.1213 15.4478 17.8886 -0.614244 0.203553 404.069 0 0
1500 80.9067 -44.8123 17.8112 0.388976 -0.644073 404.142 0 0
1500 69.7442 -59.3752 17.8903 0.162186 -0.908833 404.107 0 0
1500 74.8644 63.3009 17.8571 0.221363 0.998309 403.973 0 0
1500 105.287 -12.1544 18.229 0.802225 -0.235393 404.074 0 0
1500 -4.17708 -60.4342 17.8659 -0.954904 -0.962215 403.957 0 0
1500 99.3888 -25.1377 17.8781 0.708166 -0.38955 404.072 0 0
1500 88.245 15.3867 17.8101 0.478346 0.31096 404.13 0 0
1500 48.9664 2.70371 17.8217 -0.174096 -0.0281817 404.049 0 0
1500 112.297 -76.8371 17.9318 0.94298 -1.25112 403.993 0 0
1500 117.251 -24.734 17.8297 0.927695 -0.421132 404.203 0 0
1500 16.8873 -42.2023 17.8423 -0.597933 -0.705633 404.242 0 0
1500 97.1597 3.26661 17.8795 0.64094 0.0240961 404.452 0 0
1500 56.8437 22.5133 18.3292 0.0151112 0.393132 404.365 0 0
1500 51.6889 -21.4502 17.8186 -0.131417 -0.40035 404.316 0 0
1500 134.205 27.5241 17.9227 1.3051 0.455676 404.49 0 0
1500 86.5563 -19.32 18.486 0.488542 -0.319255 404.678 0 0
1500 91.3148 -8.16125 19.1175 0.7376 -0.0998117 404.782 0 0
1500 71.5905 8.83411 18.3131 0.265774 0.206396 404.9 0 0
1500 60.5884 50.4532 17.9143 0.0951662 0.820715 404.751 0 0
1500 68.5921 -0.218904 18.2554 0.167942 0.0535098 404.704 0 0
1500 92.9013 -4.04458 17.9176 0.576359 0.0076382 404.93 0 0
1500 93.4976 47.9314 17.9442 0.534161 0.785061 404.961 0 0
1500 97.8821 -6.99037 18.393 0.669858 -0.124806 405.174 0 0
1500 87.9922 -0.695003 18.7406 0.542864 -0.0623434 405.222 0 0
1500 77.6238 4.04669 18.8641 0.418876 0.0656963 404.986 0 0
1500 93.0161 -2.74247 18.0329 0.569261 -0.00825523 405.114 0 0
1500 93.8645 56.617 17.7749 0.579626 0.849787 405.208 0 0
1500 126.638 -9.5767 17.7811 1.02727 -0.208284 405.128 0 0
1500 57.1693 58.2855 17.9142 0.0488066 0.926395 405.151 0 0
1500 53.7102 10.1469 18.2634 -0.0180692 0.227222 404.993 0 0
1500 86.1504 -5.91054 18.4002 0.508037 -0.109522 405.633 0 0
1500 88.1429 3.43226 18.3996 0.535084 0.016068 405.596 0 0
1500 58.7135 -1.33805 17.9228 0.0767011 0.0206659 405.603 0 0
1500 26.2241 -51.5267 17.8503 -0.511973 -0.752239 405.298 0 0
1500 85.265 11.1926 18.4591 0.555789 0.140733 405.627 0 0
1500 77.8758 29.4554 18.308 0.356322 0.50949 405.511 0 0
1500 94.8638 82.7162 17.7915 0.503254 1.29618 405.344 0 0
1500 92.5765 -12.7847 18.2232 0.635031 -0.226114 405.7 0 0
1500 80.9004 4.58597 18.176 0.442489 0.124683 405.262 0 0
1500 9.79391 30.026 17.8149 -0.780027 0.399557 405.249 0 0
1500 35.4304 -20.4225 17.846 -0.421511 -0.301039 405.498 0 0
1500 44.615 -8.17453 17.9091 -0.271919 -0.107005 405.704 0 0
1500 -27.3043 106.505 17.8478 -1.36454 1.74665 405.546 0 0
1500 95.0495 -10.4075 18.1115 0.608614 -0.16552 405.809 0 0
1500 -8.53195 10.2713 17.7939 -1.02814 0.113888 406.026 0 0
1500 100.776 -1.55405 18.2211 0.754122 -0.0583805 405.984 0 0
1500 12.7721 -32.0961 17.8068 -0.713977 -0.551108 405.885 0 0
1500 100.093 34.9989 18.6234 0.779603 0.67346 405.957 0 0
1500 74.1569 -24.255 18.0274 0.284083 -0.3895 406.581 0 0
1500 38.8958 52.6849 17.7931 -0.230387 0.799144 406.969 0 0
1500 53.6974 -65.0877 17.7981 -0.0643562 -1.00766 406.209 0 0
1500 63.0392 -66.6335 17.8457 0.0898341 -1.03345 406.698 0 0
1500 81.4584 34.5539 18.3567 0.439426 0.580529 406.537 0 0
1500 3.50406 -33.6604 17.8046 -0.840761 -0.566104 406.888 0 0
1500 54.1925 -63.1946 17.8046 -0.0893756 -1.00493 406.823 0 0
1500 70.37 23.0675 18.299 0.303989 0.396082 406.914 0 0
1500 79.4799 -6.60992 17.9096 0.372473 -0.172756 406.542 0 0
1500 34.8078 18.2453 17.8732 -0.408049 0.335578 406.643 0 0
1500 62.3642 35.0866 17.8115 -0.00101357 0.584081 406.584 0 0
1500 67.4804 22.0773 17.8436 0.0954359 0.400421 406.566 0 0
1500 106.569 -20.1528 17.8787 0.818798 -0.260602 406.307 0 0
1500 139.416 -15.7616 18.1117 1.40177 -0.259418 406.577 0 0
1500 94.4677 46.533 18.0206 0.575928 0.822034 406.355 0 0
1500 131.391 10.9225 18.2075 1.28347 0.231665 406.557 0 0
1500 79.1215 24.3662 18.1882 0.340525 0.399394 407.401 0 0
1500 24.6697 -4.52931 17.8983 -0.516755 -0.0898225 407.079 0 0
1500 -9.8255 2.46331 17.8133 -1.04569 -0.0152979 407.149 0 0
1500 36.4152 63.7927 17.8011 -0.301694 1.00374 407.356 0 0
1500 0.325756 -29.5377 17.8568 -0.88721 -0.497248 407.008 0 0
1500 13.7721 -44.8977 17.9004 -0.664626 -0.735845 407.005 0 0
1500 82.0184 59.1819 17.8395 0.435545 0.890691 407.181 0 0
1500 89.5554 6.21355 18.2965 0.589522 0.142833 407.158 0 0
1500 49.3106 -56.9434 17.9425 -0.17525 -0.895072 407.315 0 0
1500 105.511 -29.6349 17.8746 0.798132 -0.427406 407.158 0 0
1500 11.601 -12.0141 17.8658 -0.757868 -0.129869 407.346 0 0
1500 69.0387 47.9924 17.805 0.101155 0.775968 407.216 0 0
1500 12.3401 4.98447 17.8053 -0.766979 0.117745 407.189 0 0
1500 69.9182 -11.175 18.6187 0.308939 -0.183788 407.483 0 0
1500 65.9614 -55.7904 17.851 0.16182 -0.838913 407.522 0 0
1500 63.1275 46.3021 17.9323 0.0765858 0.777379 407.476 0 0
1500 51.0645 -46.4433 17.8992 -0.0655181 -0.776593 407.501 0 0
1500 74.304 -11.7464 17.9087 0.317166 -0.23629 407.489 0 0
1500 67.8772 15.7438 17.9086 0.112897 0.26839 407.6 0 0
1500 62.1737 -68.4464 17.8147 0.00888057 -1.04769 407.558 0 0
1500 7.40411 47.1264 17.8029 -0.721354 0.755628 407.767 0 0
1500 -10.9009 -3.14255 17.8057 -1.04126 -0.11226 407.734 0 0
1500 47.2698 28.0013 18.1563 -0.190401 0.454043 407.626 0 0
1500 94.9352 -19.0101 17.8128 0.639866 -0.329669 407.78 0 0
1500 133.147 -0.496069 18.2741 1.35159 -0.0452067 407.683 0 0
1500 89.993 -14.7582 18.5311 0.64052 -0.356461 407.668 0 0
1500 64.2203 -23.8319 18.1563 0.0912864 -0.384149 407.955 0 0
1500 84.3895 6.73578 18.0863 0.458571 0.104017 407.891 0 0
1500 -0.170305 -27.1944 17.9399 -0.904264 -0.444189 408.166 0 0
1500 110.763 -25.8979 17.9133 0.824807 -0.370704 409.184 0 0
1500 87.0669 -4.45109 18.1541 0.47893 -0.112819 408.084 0 0
1500 51.2945 -64.8253 17.8132 -0.128095 -0.995806 409.078 0 0
1500 -0.867058 -30.8665 17.8118 -0.879259 -0.509443 408.906 0 0
1500 105.765 -51.0817 17.8078 0.661957 -0.8081 408.247 0 0
1500 96.4448 20.5568 18.2608 0.69603 0.341343 408.562 0 0
1500 39.5157 18.3663 18.2331 -0.2808 0.320086 408.735 0 0
1500 116.89 -3.3492 17.8935 0.924941 -0.119107 408.323 0 0
1500 111.686 0.0269786 17.9693 0.89206 -0.0375924 408.764 0 0
1500 73.5687 -37.0546 18.1162 0.325347 -0.615823 408.5 0 0
1500 100.981 10.5208 18.1129 0.703585 0.23267 408.841 0 0
1500 42.516 -4.54881 18.138 -0.273775 -0.0804233 408.203 0 0
1500 20.6617 26.6237 17.9112 -0.627485 0.444436 408.714 0 0
1500 60.8328 -39.4437 17.867 0.118797 -0.638213 408.253 0 0
1500 108.212 -7.31183 17.859 0.840213 -0.140471 409.027 0 0
1500 76.3206 47.4848 17.8263 0.328851 0.782761 409.026 0 0
1500 40.0805 33.5009 18.1448 -0.282446 0.584616 409.135 0 0
1500 155.739 58.9698 18.0132 1.61319 0.996411 408.704 0 0
1500 127.755 8.34208 18.2342 1.25199 0.147599 408.92 0 0
1500 91.4685 -63.1542 18.3521 0.646901 -1.11544 408.596 0 0
1500 0.492056 1.29258 17.9738 -0.916551 0.0419526 409.233 0 0
1500 93.2401 -1.73724 18.3824 0.59991 -0.0601226 409.349 0 0
1500 16.711 -20.8765 17.8565 -0.631315 -0.331596 409.37 0 0
1500 39.99 -72.4072 17.8451 -0.225513 -1.14596 409.287 0 0
1500 60.5869 -10.5666 18.1638 0.126167 -0.225849 409.339 0 0
1500 103.272 20.4407 18.0834 0.785955 0.280609 409.542 0 0
1500 169.478 47.6068 17.851 1.77295 0.735263 409.558 0 0
1500 73.1967 0.817899 18.285 0.281726 -0.0631965 409.43 0 0
1500 84.1842 42.7672 17.824 0.347368 0.711653 409.687 0 0
1500 74.0422 10.5271 18.1329 0.31367 0.248548 409.477 0 0
1500 -10.2629 0.434826 17.84 -1.03865 -0.0481694 409.933 0 0
1500 120.644 -0.880004 18.0968 1.02557 -0.0195451 409.878 0 0
1500 76.9957 9.02223 18.6828 0.368547 0.183878 409.967 0 0
1500 75.2247 -6.91554 18.229 0.317148 -0.0374402 410.004 0 0
1500 69.6967 11.3012 18.229 0.242353 0.209047 410.004 0 0
1500 108.432 -20.663 17.9908 0.853835 -0.32851 409.837 0 0
1500 52.3245 61.6228 17.8199 -0.0369365 0.983373 410.041 0 0
1500 52.9586 -31.8822 18.1102 -0.00820173 -0.557381 409.838 0 0
1500 64.7253 40.7001 18.5617 0.157766 0.760572 409.715 0 0
1500 5.88816 -6.41174 17.8375 -0.781619 -0.139257 410.11 0 0
1500 -8.48959 -5.92701 17.9042 -1.04003 -0.101186 410.27 0 0
1500 118.299 -24.6293 17.8055 0.934019 -0.438073 410.114 0 0
1500 69.3219 62.0094 17.8187 0.217529 0.984293 410.372 0 0
1500 78.6202 -31.9362 18.2755 0.360535 -0.556609 410.136 0 0
1500 102.375 -28.04 18.0453 0.771357 -0.438146 410.414 0 0
1500 89.4237 10.6799 17.9154 0.552116 0.111796 410.481 0 0
1500 127.696 0.06657 17.9501 1.15296 -0.0612346 410.22 0 0
1500 121.327 -22.2681 17.9093 1.1095 -0.35174 410.498 0 0
1500 56.7126 -19.2867 18.1317 -0.0251031 -0.359802 410.763 0 0
1500 -35.0327 -66.8657 17.8134 -1.51468 -1.05248 410.685 0 0
1500 29.2996 -42.0279 18.2453 -0.55639 -0.744151 410.755 0 0
1500 100.109 -15.9317 18.272 0.758872 -0.229697 410.855 0 0
1500 113.663 -34.0592 17.9847 0.909635 -0.517098 411.512 0 0
1500 55.9333 -12.3928 18.7039 0.0311679 -0.211929 411.451 0 0
1500 87.0368 58.3617 17.8178 0.475771 0.916669 411.324 0 0
1500 106.281 -1.75479 18.3121 0.855072 -0.0421491 411.151 0 0
1500 73.368 -17.9603 18.1124 0.348296 -0.286834 410.944 0 0
1500 102.243 12.9765 17.9082 0.743946 0.146048 411.061 0 0
1500 47.7246 18.8727 17.8557 -0.181027 0.369729 411.224 0 0
1500 39.869 -29.0048 17.9946 -0.348695 -0.477249 410.935 0 0
1500 100.296 38.4138 18.9461 0.849084 0.754944 411.484 0 0
1500 116.175 -2.80274 18.0717 1.1062 -0.0228284 411.07 0 0
1500 81.3234 59.809 17.8199 0.386755 0.926651 412.155 0 0
1500 79.0858 -62.8184 17.8204 0.363286 -0.968067 412.159 0 0
1500 37.7944 63.6813 17.8127 -0.359016 0.980371 412.078 0 0
1500 114.764 -23.3018 17.8515 0.931517 -0.371755 412.147 0 0
1500 72.0896 -56.1241 17.8995 0.277031 -0.901022 412.034 0 0
1500 109.066 -20.094 17.9011 0.838914 -0.35735 411.818 0 0
1500 60.434 43.9519 17.8721 -0.0323115 0.675841 411.983 0 0
1500 125.222 -61.4473 17.8547 1.04678 -1.00624 411.865 0 0
1500 115.523 -8.28865 17.852 0.919301 -0.187808 412.028 0 0
1500 -18.5963 56.5203 17.8047 -1.20033 0.930098 412.121 0 0
1500 57.9456 -47.7352 17.9546 0.0423247 -0.799961 412.136 0 0
1500 31.6275 37.8264 17.8433 -0.425964 0.655817 412.185 0 0
1500 69.2658 11.0676 17.9524 0.264516 0.191485 411.957 0 0
1500 62.0615 -14.108 17.8374 0.130242 -0.258936 412.048 0 0
1500 62.9062 -0.299898 18.5791 0.0524614 -0.0619203 412.046 0 0
1500 50.3425 -18.9054 17.9431 -0.114297 -0.325848 412.21 0 0
1500 109.552 -11.9769 17.8216 0.770889 -0.221246 412.256 0 0
1500 121.261 -30.6995 17.8823 0.980526 -0.495443 412.509 0 0
1500 11.9801 46.668 17.8133 -0.735991 0.726713 412.369 0 0
1500 123.502 10.8176 17.8744 1.02498 0.215091 412.906 0 0
1500 77.131 -56.924 17.8977 0.351815 -0.909367 412.307 0 0
1500 67.6285 -47.0644 18.0635 0.127547 -0.772515 412.914 0 0
1500 93.8471 28.5436 17.9716 0.639162 0.4556 412.653 0 0
1500 57.8922 47.1852 17.8425 -0.0219223 0.798894 412.257 0 0
1500 79.5217 -8.18861 17.9314 0.4173 -0.15704 412.224 0 0
1500 27.2709 56.375 17.8239 -0.551881 0.8476 412.763 0 0
1500 88.4795 -9.14596 17.8358 0.544197 -0.110929 412.998 0 0
1500 43.3838 94.6685 17.8579 -0.196146 1.56067 412.65 0 0
1500 122.572 -102.218 18.034 1.14527 -1.8009 412.536 0 0
1500 80.9024 4.76005 17.9916 0.397301 0.0879925 413.295 0 0
1500 75.2996 -44.1391 17.9102 0.284618 -0.682509 413.29 0 0
1500 99.5441 16.7227 18.1088 0.727245 0.297564 413.294 0 0
1500 87.2589 4.42118 18.1281 0.463406 0.102438 413.389 0 0
1500 24.6328 4.7684 17.8251 -0.528892 0.104578 413.345 0 0
1500 31.3211 20.9487 17.8515 -0.419739 0.34496 413.651 0 0
1500 109.877 -41.6389 17.8994 0.842385 -0.613122 413.4 0 0
1500 92.6369 -55.4995 17.8649 0.564758 -0.859144 413.708 0 0
1500 35.4181 -55.3348 17.9219 -0.336563 -0.907699 413.401 0 0
1500 103.967 -42.9504 17.7986 0.687274 -0.723524 413.569 0 0
1500 97.5076 -33.6714 17.8186 0.669747 -0.552345 413.569 0 0
1500 101.397 -26.2827 17.8194 0.730205 -0.439811 413.486 0 0
1500 84.4243 1.13441 18.1189 0.517909 0.0291571 413.688 0 0
1500 46.0907 36.2634 17.9659 -0.160774 0.634466 413.584 0 0
1500 79.4044 36.4231 17.8301 0.400178 0.594109 413.445 0 0
1500 62.9139 91.8192 18.0314 0.0848665 1.52583 413.336 0 0
1500 78.3634 -36.5972 18.0799 0.440708 -0.629246 413.591 0 0
1500 52.7649 -66.8018 17.8459 -0.031947 -1.0478 413.77 0 0
1500 88.9384 37.1469 18.0618 0.48303 0.623408 413.859 0 0
1500 48.4483 -7.1527 18.3736 -0.149469 -0.0978446 413.763 0 0
1500 65.6695 -31.7526 17.9169 0.190378 -0.538111 413.867 0 0
1500 7.67582 13.0758 17.9137 -0.764116 0.219462 414.016 0 0
1500 70.8913 1.87217 17.8465 0.192127 0.0938902 413.973 0 0
1500 48.001 20.0393 17.8451 -0.088563 0.325677 413.961 0 0
1500 36.2021 49.7184 17.8236 -0.371151 0.751838 414.148 0 0
1500 3.3772 -46.3415 17.8659 -0.851907 -0.780633 414.176 0 0
1500 61.4692 17.6024 17.9438 0.0840456 0.349563 414.206 0 0
1500 91.014 35.6953 18.1152 0.587356 0.675215 414.18 0 0
1500 -1.32434 0.646284 17.7991 -0.931504 0.0819594 414.375 0 0
1500 44.9626 4.12314 18.4449 -0.170102 0.0664131 414.632 0 0
1500 91.5465 57.998 17.8297 0.478042 0.931613 414.592 0 0
1500 59.1327 -59.112 17.8291 0.0862053 -0.930065 414.422 0 0
1500 115.768 -8.99653 17.8278 0.944172 -0.16791 414.616 0 0
1500 10.3419 -21.8762 18.0063 -0.774062 -0.346049 414.653 0 0
1500 21.4238 -40.1604 17.9475 -0.605611 -0.646044 414.83 0 0
1500 93.7273 -18.1893 18.0052 0.630309 -0.231432 414.526 0 0
1500 23.5928 -6.36469 17.8433 -0.555497 -0.0238354 414.397 0 0
1500 101.537 -41.484 17.8194 0.734291 -0.596763 414.518 0 0
1500 122.962 -21.3806 17.9129 1.14948 -0.338403 414.622 0 0
1500 92.5788 18.3867 17.935 0.562304 0.358233 414.839 0 0
1500 86.9078 10.6243 18.6073 0.545534 0.15054 415.232 0 0
1500 60.8736 6.94194 17.8824 0.107592 0.0701862 415.377 0 0
1500 115.049 -8.02987 17.9069 0.897139 -0.118329 414.997 0 0
1500 96.2423 -49.6805 17.8973 0.613345 -0.767405 415.152 0 0
1500 118.269 31.3957 17.8089 0.956177 0.429486 415.711 0 0
1500 95.5716 -53.9703 17.8091 0.622358 -0.839099 415.433 0 0
1500 98.4081 -49.3608 17.8242 0.673585 -0.770957 415.353 0 0
1500 119.556 -8.71628 17.8251 0.994112 -0.162445 415.11 0 0
1500 85.4224 15.7261 18.3033 0.49632 0.311035 415.618 0 0
1500 108.128 -25.7218 17.8897 0.828665 -0.433646 415.789 0 0
1500 96.285 0.666192 17.8888 0.625636 -0.0621066 415.065 0 0
1500 80.2123 -29.5552 18.0534 0.353619 -0.527713 415.805 0 0
1500 122.332 23.7355 18.0167 1.09098 0.408246 415.595 0 0
1500 107.06 -48.3806 17.8916 0.850742 -0.755413 415.796 0 0
1500 82.4227 -38.1823 18.0104 0.440164 -0.675931 415.778 0 0
1500 -23.937 -41.3138 18.0289 -1.45572 -0.780496 415.569 0 0
1500 97.0409 -9.31828 18.5748 0.842757 -0.173773 415.144 0 0
1500 94.1117 33.0916 17.8885 0.565751 0.522006 415.83 0 0
1500 78.1889 63.3148 17.8141 0.367879 0.973945 415.822 0 0
1500 103.567 -28.9648 17.9043 0.709024 -0.461676 416.138 0 0
1500 68.0429 65.0122 17.793 0.1217 1.03835 415.856 0 0
1500 113.149 35.704 17.8137 0.885147 0.559874 416.117 0 0
1500 66.9795 -10.3585 18.4217 0.238146 -0.168035 417.039 0 0
1500 44.3447 -17.6416 18.2182 -0.20676 -0.266078 417.12 0 0
1500 107.124 -12.8951 17.9068 0.756777 -0.231985 416.407 0 0
1500 110.411 -30.2733 17.8036 0.747835 -0.50734 416.82 0 0
1500 -50.0518 -37.7732 17.7923 -1.66319 -0.53562 416.43 0 0
1500 95.8653 27.6659 18.4542 0.684374 0.470817 416.256 0 0
1500 92.5151 -5.90418 18.5978 0.667952 -0.0378876 416.327 0 0
1500 44.2396 -64.0308 17.8392 -0.24321 -1.01443 417.062 0 0
1500 73.2781 60.6463 17.9188 0.257252 0.979227 416.815 0 0
1500 58.4378 41.0149 18.1012 0.00434513 0.691007 416.322 0 0
1500 111.281 0.816889 17.9021 0.892795 -0.00669451 416.629 0 0
1500 75.9949 -27.7865 18.2537 0.319132 -0.496729 417.046 0 0
1500 36.369 -26.9328 18.1545 -0.332619 -0.472951 416.695 0 0
1500 34.6998 -30.6144 17.87 -0.423727 -0.511257 416.5 0 0
1500 25.1846 -35.6571 17.8638 -0.566062 -0.584292 417.045 0 0
1500 72.1931 -1.32709 17.921 0.286306 -0.0754931 416.322 0 0
1500 71.341 -40.9556 17.8994 0.142161 -0.66753 416.274 0 0
1500 32.396 -26.0518 17.9153 -0.378959 -0.479622 417.116 0 0
1500 101.08 -1.89313 17.9148 0.730057 0.0333064 416.397 0 0
1500 77.6115 -3.78021 17.8319 0.376285 -0.0283646 416.775 0 0
1500 134.718 5.02313 17.9636 1.33004 0.0258008 416.753 0 0
1500 52.9542 -18.7946 18.1683 -0.0369865 -0.327164 417.784 0 0
1500 80.5047 -18.508 17.9177 0.37411 -0.307409 417.368 0 0
1500 97.6374 21.0062 18.0292 0.613131 0.35627 417.657 0 0
1500 76.1361 -46.3644 17.9918 0.272974 -0.724441 417.287 0 0
1500 108.11 -26.5572 17.9149 0.791991 -0.406721 417.857 0 0
1500 89.3913 6.93109 18.5719 0.551343 0.172468 417.623 0 0
1500 122.35 -7.70617 17.8161 1.00242 -0.0828301 417.414 0 0
1500 114.917 33.1854 17.8776 0.924917 0.484329 417.833 0 0
1500 120.467 11.3903 17.8786 1.01386 0.162159 417.392 0 0
1500 0.952842 21.2227 17.8562 -0.924227 0.283646 417.986 0 0
1500 112.86 -11.048 17.8115 0.860932 -0.240742 417.357 0 0
1500 87.3275 -3.7875 18.1599 0.541037 -0.000248233 417.608 0 0
1500 92.1305 -23.9011 17.9503 0.613108 -0.346494 417.373 0 0
1500 52.2962 -52.1413 17.8628 -0.156689 -0.820505 417.968 0 0
1500 85.5551 23.4926 18.0288 0.518146 0.390493 417.931 0 0
1500 81.8139 43.9285 17.8167 0.433823 0.70484 417.987 0 0
1500 78.2446 43.3335 17.8182 0.379882 0.697307 417.837 0 0
1500 78.3297 -32.4363 17.8255 0.384804 -0.47344 417.227 0 0
1500 68.4213 -4.15117 17.9138 0.249156 -0.0673403 417.496 0 0
1500 118.16 0.341192 17.9907 1.00969 0.0804685 417.42 0 0
1500 103.052 -3.41486 17.9368 0.769998 0.0204181 417.556 0 0
1500 76.0064 40.8117 18.1087 0.279618 0.748839 417.956 0 0
1500 114.387 -25.4624 17.8196 0.878216 -0.33822 418.059 0 0
1500 102.087 -12.7165 18.1209 0.755705 -0.248528 418.307 0 0
1500 68.4491 -52.4874 17.9036 0.175322 -0.873493 418.206 0 0
1500 13.3937 13.1959 17.8903 -0.753539 0.208312 418.474 0 0
1500 48.1705 -50.3694 18.1114 -0.173055 -0.864207 418.242 0 0
1500 109.679 24.7685 17.9097 0.865887 0.47716 418.088 0 0
1500 149.843 -141.133 18.0013 1.53987 -2.38062 418.158 0 0
1500 81.626 13.8147 17.9828 0.413231 0.210685 418.895 0 0
1500 90.7758 -25.4675 17.8277 0.523714 -0.394397 418.933 0 0
1500 80.4205 37.9472 17.8314 0.380993 0.565848 419.37 0 0
1500 74.0864 62.8489 17.8234 0.21531 0.985772 418.769 0 0
1500 92.5187 -13.5271 18.6964 0.655436 -0.264631 418.745 0 0
1500 111.063 34.6702 17.8575 0.862224 0.555855 418.995 0 0
1500 79.6323 -50.9527 18.1041 0.395089 -0.830063 419.011 0 0
1500 116.936 -22.0597 17.8985 0.901904 -0.406305 418.966 0 0
1500 110.839 -35.6568 17.8973 0.807185 -0.608277 419.222 0 0
1500 112.008 20.5325 17.8105 0.887392 0.341642 418.73 0 0
1500 71.4818 -6.31148 18.4252 0.261419 -0.167765 419.362 0 0
1500 44.8197 5.23259 17.9335 -0.223412 0.00922036 418.609 0 0
1500 86.1902 0.687833 17.9721 0.499998 -0.0509016 419.353 0 0
1500 100.287 -38.1125 18.0733 0.725523 -0.703654 419.265 0 0
1500 116.459 -30.3281 18.5606 1.1912 -0.626902 418.934 0 0
1500 123.57 -9.06195 17.9454 1.02873 -0.18195 419.397 0 0
1500 116.247 -27.1131 17.807 0.942201 -0.377973 419.398 0 0
1500 94.3102 30.9906 17.91 0.584689 0.548354 419.418 0 0
1500 91.9332 -27.3647 17.921 0.504389 -0.492339 419.503 0 0
1500 56.3918 -39.5637 17.9219 -0.0423771 -0.680754 419.43 0 0
1500 70.055 -4.78319 18.2049 0.224182 0.0011567 420.408 0 0
1500 76.9411 21.2589 18.2739 0.295505 0.358349 420.555 0 0
1500 67.9153 -32.835 17.8457 0.203328 -0.491193 419.714 0 0
1500 116.265 3.0591 17.8847 0.913348 0.0362894 420.163 0 0
1500 20.8239 -54.9928 17.8523 -0.604402 -0.841051 420.123 0 0
1500 -7.47472 16.6201 17.8519 -1.02184 0.208032 419.913 0 0
1500 79.1362 63.7327 17.8051 0.379804 0.975847 420.198 0 0
1500 64.6691 68.0506 17.8052 0.163918 1.03363 420.611 0 0
1500 118.09 -30.9846 17.8051 0.956048 -0.429938 420.362 0 0
1500 88.4439 12.294 18.3983 0.579431 0.243014 420.267 0 0
1500 21.7811 -40.6839 17.9473 -0.610411 -0.622965 419.693 0 0
1500 44.5053 55.5208 17.9038 -0.175566 0.913838 420.126 0 0
1500 76.7144 13.9931 18.3616 0.35382 0.287588 420.259 0 0
1500 49.0827 -20.3174 18.217 -0.154242 -0.345885 420.427 0 0
1500 61.0354 -26.2055 17.9574 0.0344995 -0.478316 419.62 0 0
1500 12.6476 -24.1494 17.9447 -0.703567 -0.439282 420.676 0 0
1500 42.1615 -33.6163 17.9523 -0.256381 -0.589682 419.996 0 0
1500 65.239 -29.9071 18.1656 0.103964 -0.514644 420.506 0 0
1500 38.2344 -22.0845 18.1663 -0.308935 -0.395386 420.459 0 0
1500 111.408 2.32557 17.808 0.859191 0.0980415 420.411 0 0
1500 110.223 -3.16376 17.8091 0.842505 0.0139711 420.297 0 0
1500 53.6695 42.5747 17.8911 -0.132868 0.681252 419.999 0 0
1500 25.0243 -5.36153 17.8952 -0.57734 -0.058121 419.683 0 0
1500 70.8201 -44.4298 17.8681 0.215435 -0.757624 420.669 0 0
1500 136.037 -0.90904 17.9081 1.28619 0.0119466 420.49 0 0
1500 60.1019 -4.99341 18.0966 0.0451001 -0.151614 420.641 0 0
1500 83.5704 11.7471 17.8522 0.414323 0.259465 420.527 0 0
1500 118.604 26.1323 18.0248 1.03252 0.492703 419.821 0 0
1500 102.49 -23.0306 17.96 0.6863 -0.440918 420.252 0 0
1500 90.1601 58.9877 18.5485 0.664453 1.07914 420.097 0 0
1500 47.4495 -8.78046 18.0247 -0.192909 -0.134615 420.934 0 0
1500 114.773 -27.6209 17.8031 0.891011 -0.42212 420.787 0 0
1500 72.0676 -0.683567 18.6307 0.353617 -0.0745968 420.775 0 0
1500 86.1175 22.9499 18.2424 0.550312 0.374079 420.982 0 0
1500 39.4906 -0.116563 18.0723 -0.327527 -0.0294919 421.08 0 0
1500 46.5363 10.833 17.8809 -0.143388 0.240746 420.879 0 0
1500 118.38 -4.6043 17.8055 0.937906 -0.0873264 421.19 0 0
1500 92.6849 -54.7479 17.9059 0.50095 -0.886998 421.45 0 0
1500 16.9024 -38.6711 17.8084 -0.621712 -0.665717 421.437 0 0
1500 49.0938 -21.6747 18.1114 -0.10673 -0.409935 421.324 0 0
1500 70.524 -20.932 18.0177 0.285136 -0.359089 421.214 0 0
1500 128.329 25.6882 18.0794 1.22554 0.486559 421.226 0 0
1500 91.5966 42.132 18.1453 0.518368 0.745803 421.364 0 0
1500 94.7289 -53.3286 18.1329 0.721674 -0.970004 421.33 0 0
1500 77.7075 14.9903 17.9725 0.311349 0.274812 421.565 0 0
1500 86.074 -55.8036 17.9506 0.48049 -0.89175 421.736 0 0
1500 61.9321 -9.53541 17.9054 0.0285175 -0.215967 421.701 0 0
1500 -27.1968 108.236 17.8484 -1.43747 1.69346 421.695 0 0
1500 59.3736 5.31276 17.9077 0.0949592 0.0665992 422.254 0 0
1500 108.337 -34.3113 17.8124 0.788369 -0.465549 422.346 0 0
1500 101.765 49.3689 17.875 0.714051 0.767308 422.365 0 0
1500 109.502 12.5585 18.2316 0.889446 0.213353 422.07 0 0
1500 90.5006 -38.7566 18.224 0.571185 -0.64707 421.775 0 0
1500 122.361 18.8505 17.7982 0.991235 0.338975 422.765 0 0
1500 46.0499 -44.1495 18.1004 -0.151528 -0.745647 422.184 0 0
1500 89.5452 -1.93442 18.252 0.591041 -0.079016 422.247 0 0
1500 86.6692 10.904 18.1863 0.471712 0.241736 421.986 0 0
1500 86.1964 36.7496 18.1774 0.459341 0.6291 422.721 0 0
1500 37.8615 43.811 17.9146 -0.288885 0.744987 422.004 0 0
1500 110.368 3.62637 17.8411 0.825917 0.128843 421.924 0 0
1500 88.8841 -49.5713 17.833 0.49182 -0.823032 422.713 0 0
1500 112.916 10.9403 18.2392 0.960085 0.204098 422.097 0 0
1500 83.1744 43.0492 17.8633 0.420227 0.728532 422.27 0 0
1500 90.377 29.8927 17.9091 0.482968 0.532701 422.201 0 0
1500 74.6183 6.6381 18.0513 0.346581 0.0566534 421.904 0 0
1500 43.4115 58.8186 17.9917 -0.184729 0.982009 422.033 0 0
1500 32.3676 -25.5477 17.8593 -0.426061 -0.466729 421.921 0 0
1500 21.9043 3.64166 17.897 -0.591571 -0.00999713 422.276 0 0
1500 52.1711 2.1968 17.9497 -0.13262 -0.0210221 421.888 0 0
1500 70.4749 67.4785 17.9361 0.141033 1.09981 422.189 0 0
1500 25.855 3.3948 17.8303 -0.574352 0.0811915 422.734 0 0
1500 50.2208 3.02335 18.2959 -0.199123 0.0492103 422.26 0 0
1500 52.8254 14.0015 17.8802 -0.00786673 0.230764 422.977 0 0
1500 90.2023 -6.27647 17.8225 0.517949 -0.108722 422.941 0 0
1500 57.9153 61.7976 17.8552 0.0331877 0.998081 423.403 0 0
1500 86.2599 37.6857 18.0501 0.431083 0.643968 423.145 0 0
1500 74.7689 -37.8115 17.8606 0.33479 -0.609007 423.365 0 0
1500 52.7257 8.26179 17.8278 -0.0405191 0.193185 423.384 0 0
1500 112.2 19.2242 18.2433 0.92717 0.388706 423.253 0 0
1500 109.688 39.4771 17.8 0.794282 0.636303 423.58 0 0
1500 114.189 33.5652 17.818 0.899265 0.479745 423.519 0 0
1500 -57.5122 9.46116 17.8204 -1.77232 0.184571 423.506 0 0
1500 103.942 -10.6678 18.1035 0.784498 -0.208415 423.576 0 0
1500 62.596 -9.85424 18.0057 0.0981756 -0.230405 423.62 0 0
1500 62.7455 -14.7992 18.0045 0.100382 -0.306825 423.693 0 0
1500 41.5957 6.63577 18.6549 -0.247759 0.165947 423.549 0 0
1500 38.9471 -3.44026 18.0068 -0.286483 -0.103474 424.458 0 0
1500 103.37 -44.7367 17.9511 0.715289 -0.703841 423.911 0 0
1500 109.61 32.0507 17.8775 0.82029 0.463565 424.241 0 0
1500 122.941 -1.96608 17.802 0.981515 0.0306002 424.026 0 0
1500 118.16 -28.9917 17.8562 0.894812 -0.494335 424.126 0 0
1500 76.7396 61.7138 17.903 0.29429 0.983186 424.349 0 0
1500 37.9168 59.7083 17.8948 -0.315064 0.964114 424.035 0 0
1500 81.413 61.2813 17.8935 0.33357 0.981611 424.446 0 0
1500 78.8118 12.3338 18.7407 0.407926 0.260029 424.334 0 0
1500 36.6049 33.4583 17.8171 -0.289 0.579937 424.19 0 0
1500 46.1761 45.5284 17.8947 -0.134291 0.770506 424.344 0 0
1500 69.0721 1.12175 17.9325 0.115538 0.0554235 424.52 0 0
1500 59.7741 -36.081 18.2572 0.022298 -0.681233 424.574 0 0
1500 23.8812 -5.48101 17.8862 -0.628766 -0.0774258 424.622 0 0
1500 59.6899 -48.4817 17.8977 -0.0165209 -0.738045 424.846 0 0
1500 111.272 6.80438 17.8862 0.825284 0.135135 424.742 0 0
1500 78.9287 -51.0802 17.9581 0.313445 -0.796769 424.927 0 0
1500 27.5507 51.5314 17.8066 -0.399053 0.798951 424.734 0 0
1500 7.30534 -43.1064 17.8397 -0.776294 -0.70424 425.085 0 0
1500 78.982 -12.3203 17.9341 0.385512 -0.135071 424.758 0 0
1500 73.4302 28.1633 18.2316 0.350475 0.469444 424.903 0 0
1500 65.7525 -21.8951 18.121 0.181758 -0.408723 424.849 0 0
1500 102.336 21.0938 17.8087 0.668904 0.401506 424.857 0 0
1500 76.353 -28.5051 17.85 0.345581 -0.491477 425.038 0 0
1500 -5.56566 58.7202 18.0408 -1.07417 0.96575 424.773 0 0
1500 -1.3853 -77.2482 17.8512 -1.03337 -1.24385 424.934 0 0
1500 63.9427 40.2274 18.4728 0.145256 0.746165 425.087 0 0
1500 135.022 42.3788 18.0086 1.36217 0.744421 424.914 0 0
1500 119.263 -54.8301 17.8308 0.952107 -0.855583 425.167 0 0
1500 15.172 52.4788 17.7911 -0.599474 0.844407 425.188 0 0
1500 40.2076 43.4131 17.8436 -0.350366 0.671365 425.275 0 0
1500 75.6934 -35.0581 17.8472 0.334203 -0.591125 425.259 0 0
1500 103.601 -3.32776 17.919 0.740825 -0.135046 425.309 0 0
1500 70.9625 19.0929 18.6052 0.232869 0.315534 425.51 0 0
1500 71.6293 40.7725 17.8768 0.225605 0.604938 425.727 0 0
1500 26.9233 -14.9369 17.9047 -0.476015 -0.261237 425.45 0 0
1500 72.1149 46.2578 17.813 0.238847 0.715965 425.435 0 0
1500 42.775 -51.3985 17.8663 -0.199673 -0.802296 425.728 0 0
1500 97.1278 24.3756 18.2229 0.702451 0.407274 425.652 0 0
1500 19.7584 49.5607 17.8106 -0.582879 0.821176 425.786 0 0
1500 93.3266 -45.869 17.9383 0.613169 -0.727548 425.773 0 0
1500 91.1008 4.23325 18.0613 0.5798 0.00593122 425.744 0 0
1500 -9.3156 32.8088 17.8234 -1.03881 0.571348 425.674 0 0
1500 -1.59149 -6.80482 17.8018 -0.9226 -0.0282417 425.602 0 0
1500 66.3399 10.2144 17.9018 0.060681 0.143229 425.826 0 0
1500 66.4102 18.6598 18.2661 0.0991361 0.358077 425.815 0 0
1500 74.0464 -21.2905 18.3812 0.251492 -0.350308 426.183 0 0
1500 90.9207 5.16051 17.9413 0.5304 0.0328946 425.889 0 0
1500 75.9573 -62.4636 17.8424 0.233779 -0.974103 426.199 0 0
1500 32.6056 -61.2145 17.8765 -0.402916 -0.959654 425.953 0 0
1500 102.462 -12.6632 18.0606 0.768286 -0.233461 426.093 0 0
1500 102.043 24.448 17.8949 0.672543 0.450176 425.896 0 0
1500 47.2977 -49.8636 17.8837 -0.22462 -0.797438 426.092 0 0
1500 35.2289 3.24523 17.8869 -0.358649 0.128121 425.966 0 0
1500 85.5066 -6.80166 18.1157 0.438566 -0.158742 426.597 0 0
1500 52.7485 27.8472 17.8993 -0.13343 0.412062 426.628 0 0
1500 113.187 -11.6253 17.9693 0.867096 -0.196564 426.378 0 0
1500 2.01505 34.4123 17.8093 -0.893375 0.532744 426.46 0 0
1500 88.3934 -58.5165 17.9201 0.495299 -0.922988 426.817 0 0
1500 112.401 41.3058 17.7949 0.792674 0.685922 427.426 0 0
1500 2.81577 25.4314 17.9062 -0.885342 0.419075 426.949 0 0
1500 105.161 -38.0235 17.8327 0.769674 -0.620709 426.953 0 0
1500 56.6147 -61.7854 17.8332 0.0382515 -0.980012 426.867 0 0
1500 39.5214 -48.9854 17.9522 -0.323386 -0.793299 426.828 0 0
1500 29.4739 -50.7767 17.948 -0.472369 -0.814042 427.352 0 0
1500 47.6571 -5.96782 18.2112 -0.131769 -0.165054 426.843 0 0
1500 63.5221 -9.51373 18.2107 0.11167 -0.21938 426.87 0 0
1500 42.5504 -13.1845 18.0409 -0.215469 -0.281166 427.159 0 0
1500 87.0243 24.1807 18.2418 0.496419 0.46671 426.8 0 0
1500 121.059 -4.39496 17.9959 1.11495 -0.113817 427.426 0 0
1500 82.1108 6.26241 18.2633 0.454157 0.18471 427.34 0 0
1500 79.1575 49.9437 17.8686 0.318704 0.836065 427.529 0 0
1500 55.6048 -2.14266 18.0284 -0.0401736 0.0395143 427.605 0 0
1500 96.4075 3.83815 17.8588 0.613225 0.0448387 427.898 0 0
1500 31.9054 60.9232 17.843 -0.436732 0.952809 427.698 0 0
1500 52.1859 -27.6482 17.9741 -0.121065 -0.487729 427.782 0 0
1500 74.8986 25.136 17.8891 0.212421 0.468619 427.803 0 0
1500 100.744 -22.1622 18.0384 0.682865 -0.35353 428.301 0 0
1500 102.339 22.6984 17.8693 0.715391 0.296973 428.252 0 0
1500 58.9978 0.303812 18.6466 0.0798357 0.0661982 427.919 0 0
1500 23.065 0.750491 17.972 -0.570091 -0.0484393 427.932 0 0
1500 231.232 27.545 17.9576 2.9506 0.392498 428.312 0 0
1500 30.2066 -12.6279 18.0693 -0.423085 -0.200098 428.399 0 0
1500 72.5109 56.5151 17.8054 0.249575 0.879682 428.339 0 0
1500 26.8851 65.6306 18.0134 -0.493922 1.20312 428.34 0 0
1500 74.069 -56.1957 17.8291 0.213006 -0.922158 428.686 0 0
1500 89.1397 5.78445 18.0732 0.556159 0.14896 428.706 0 0
1500 83.9664 20.0616 18.0063 0.493034 0.279328 428.641 0 0
1500 23.0991 -19.9702 17.9394 -0.527604 -0.330179 428.99 0 0
1500 47.0784 56.1074 17.8168 -0.163689 0.877299 428.998 0 0
1500 115.797 -1.302 17.8425 0.900597 -0.00210934 429.451 0 0
1500 144.958 -5.7789 17.8671 1.33502 -0.0825788 429.444 0 0
1500 124.233 6.77841 17.8304 1.0285 0.0528705 428.795 0 0
1500 40.6061 64.0281 17.8932 -0.297415 0.982864 429.384 0 0
1500 60.8459 -64.5919 17.821 0.0929038 -1.02246 428.902 0 0
1500 101.984 14.456 18.2007 0.765902 0.268221 428.975 0 0
1500 73.167 14.2466 18.4369 0.344711 0.281013 429.616 0 0
1500 69.0177 48.8791 17.8354 0.213339 0.811674 429.037 0 0
1500 49.852 55.818 17.8316 -0.0798868 0.911998 429.468 0 0
1500 36.5187 11.5109 17.9317 -0.393254 0.147949 428.843 0 0
1500 59.6586 -26.3182 18.0142 0.0130576 -0.475012 429.235 0 0
1500 106.256 99.4388 17.9216 0.755422 1.62673 428.845 0 0
1500 70.4499 -73.0994 17.9424 0.271273 -1.18351 429.033 0 0
1500 84.9186 -34.2664 17.8109 0.450344 -0.596276 429.697 0 0
1500 68.6173 -35.4194 18.2919 0.152899 -0.586538 429.12 0 0
1500 32.8708 -35.1916 17.8928 -0.401511 -0.618795 430.009 0 0
1500 54.8237 -51.6965 17.9739 -0.118185 -0.844437 429.43 0 0
1500 118.7 47.7931 18.2302 1.14997 0.876935 429.621 0 0
1500 52.9649 -18.6822 17.8572 -0.00944806 -0.285832 430.268 0 0
1500 85.0253 33.7191 17.8135 0.36926 0.547515 430.617 0 0
1500 61.08 -42.7391 17.9222 0.0814221 -0.666515 431.136 0 0
1500 9.61321 -21.1119 17.8842 -0.745716 -0.333511 430.903 0 0
1500 84.0988 57.9179 17.8639 0.374423 0.910046 430.952 0 0
1500 111.195 -39.4586 17.9546 0.824281 -0.64741 430.639 0 0
1500 93.8918 -36.8007 18.1938 0.600049 -0.62492 430.436 0 0
1500 103.474 -23.1684 18.1944 0.744273 -0.421058 430.376 0 0
1500 103.54 39.7901 17.8164 0.756472 0.567672 430.54 0 0
1500 45.1509 51.8887 17.8841 -0.141391 0.851023 430.271 0 0
1500 39.4807 50.8862 17.8711 -0.286023 0.849993 430.507 0 0
1500 120.819 -2.50375 17.7991 0.983244 -0.103425 431.119 0 0
1500 76.0371 29.7499 17.8963 0.362829 0.472955 430.502 0 0
1500 51.1363 5.62595 17.9528 -0.0748209 0.163425 431.016 0 0
1500 126.627 0.360794 17.8728 1.09847 -0.073791 430.322 0 0
1500 64.1507 26.4438 18.2575 0.0853146 0.472555 430.418 0 0
1500 136.187 -61.575 17.9768 1.38187 -1.03535 430.335 0 0
1500 85.5093 -29.8732 17.9675 0.42934 -0.449561 432.323 0 0
1500 72.0416 2.14131 18.4982 0.329275 0.0617923 433.097 0 0
1500 55.6663 13.1794 18.0665 -0.0197271 0.245559 433.539 0 0
1500 90.9415 -22.4415 17.8489 0.520557 -0.361708 431.398 0 0
1500 99.1422 10.0873 17.9792 0.645899 0.189847 432.481 0 0
1500 44.6604 41.3832 17.9142 -0.204818 0.648818 433.704 0 0
1500 82.6916 -27.6306 17.8456 0.318957 -0.453257 433.831 0 0
1500 95.6829 -30.258 17.819 0.594298 -0.467153 433.254 0 0
1500 83.4829 71.0727 17.8276 0.412595 1.08674 432.483 0 0
1500 78.8969 62.5743 17.8749 0.357926 0.971999 433.105 0 0
1500 124.438 18.3 17.797 1.00564 0.204424 433.244 0 0
1500 10.4531 -32.5349 17.9156 -0.738957 -0.561409 432.697 0 0
1500 17.4975 37.2521 17.8176 -0.615617 0.645213 432.332 0 0
1500 52.0852 47.3243 17.8215 -0.08788 0.804259 431.909 0 0
1500 146.71 -34.357 17.8068 1.41892 -0.555611 432.561 0 0
1500 93.1609 -25.0391 18.1122 0.644698 -0.395109 433.276 0 0
1500 8.89171 -16.1179 17.8219 -0.807047 -0.190447 432.562 0 0
1500 51.8868 -46.2621 17.8664 -0.149911 -0.7592 432.502 0 0
1500 96.3051 -16.9235 17.8272 0.666156 -0.258494 432.307 0 0
1500 63.0298 -39.2556 17.8868 0.11046 -0.678029 432.657 0 0
1500 63.3427 -87.8453 17.9506 0.128945 -1.41853 433.631 0 0
1500 74.3708 0.87596 17.8578 0.330109 0.0413154 433.032 0 0
1500 -34.8934 63.0859 17.8315 -1.5394 0.972186 433.799 0 0
1500 40.2155 -43.6443 17.9798 -0.318026 -0.817026 431.932 0 0
1500 89.5829 -16.6744 18.5998 0.666916 -0.368913 433.575 0 0
1500 78.8328 29.2953 17.9925 0.290409 0.476484 434.527 0 0
1500 76.106 16.3816 18.0244 0.248671 0.292451 435.258 0 0
1500 51.6104 -20.1814 17.9425 -0.0374867 -0.336578 435.371 0 0
1500 110.788 -2.8743 17.9958 0.832955 -0.0679432 434.345 0 0
1500 83.3829 20.6678 18.1951 0.442554 0.334707 436.137 0 0
1500 83.1597 -43.4597 17.9113 0.426925 -0.651648 434.569 0 0
1500 74.6488 -33.9369 17.8911 0.305711 -0.501716 435.157 0 0
1500 85.358 -30.82 17.889 0.457399 -0.459028 434.981 0 0
1500 38.5346 -4.05122 17.9335 -0.325214 -0.0841261 436.122 0 0
1500 80.3525 -7.10566 17.8371 0.373268 -0.133503 436.012 0 0
1500 53.5637 -66.2041 17.8529 -0.120239 -1.03225 434.611 0 0
1500 113.782 4.44033 17.8571 0.909957 0.0181798 434.245 0 0
1500 93.8944 69.507 17.8109 0.556352 1.13502 434.28 0 0
1500 87.8462 -38.8517 17.9349 0.545001 -0.588115 434.302 0 0
1500 10.715 24.9054 17.8839 -0.775329 0.42312 434.494 0 0
1500 111.766 7.27172 17.8551 0.896727 0.0969207 434.711 0 0
1500 120.707 -9.59702 17.911 1.01059 -0.102227 436.077 0 0
1500 110.558 7.107 17.8586 0.869035 0.0657008 435.537 0 0
1500 -0.209498 -69.3829 17.8825 -0.923028 -1.12204 435.64 0 0
1500 90.6718 4.8573 17.8555 0.585058 0.0927238 434.563 0 0
1500 36.258 -3.18135 17.93 -0.358911 -0.12054 435.758 0 0
1500 18.7513 0.203363 17.8863 -0.643315 -0.0613553 436.238 0 0
1500 46.5054 -19.3711 17.893 -0.215874 -0.366656 435.76 0 0
1500 36.3938 -21.5611 17.8897 -0.372033 -0.399352 435.987 0 0
1500 177.207 104.953 17.926 1.98492 1.70216 435.666 0 0
1500 126.68 -32.0352 17.9736 1.19308 -0.513344 435.5 0 0
1500 101.026 37.7886 17.9569 0.699379 0.695102 435.194 0 0
1500 79.9716 -2.95698 17.9234 0.396907 -0.125769 435.81 0 0
1500 54.5148 -11.5723 18.1808 -0.0482474 -0.214271 436.75 0 0
1500 103.013 26.2732 17.8227 0.643849 0.4452 437.084 0 0
1500 105.784 33.3268 17.8181 0.688258 0.549605 436.579 0 0
1500 122.725 13.2048 17.8476 1.02504 0.18047 437.182 0 0
1500 111.879 39.1135 17.8321 0.863144 0.568061 437.365 0 0
1500 -2.54522 -10.4948 17.9551 -0.964265 -0.137352 436.248 0 0
1500 25.9733 -30.2775 17.988 -0.479857 -0.539425 436.737 0 0
1500 26.2245 -41.8392 17.8767 -0.52058 -0.701552 437.134 0 0
1500 32.7158 49.3959 17.818 -0.406112 0.825985 437.402 0 0
1500 26.1372 -3.95711 17.8872 -0.53474 -0.123946 436.279 0 0
1500 110.648 -31.4177 17.8589 0.797025 -0.556583 437.456 0 0
1500 82.5203 0.70223 17.8207 0.422683 -0.0542613 437.018 0 0
1500 58.2629 -7.31441 17.8686 -0.0114547 -0.194684 437.4 0 0
1500 86.7518 -24.4396 18.0949 0.478082 -0.392041 437.543 0 0
1500 95.1337 -8.20282 17.9734 0.606281 -0.108891 437.484 0 0
1500 65.836 -3.46104 17.8395 0.112227 0.0213482 438.455 0 0
1500 8.64456 -0.531644 17.8253 -0.750758 0.0451983 437.776 0 0
1500 48.7336 -38.9867 17.8671 -0.102785 -0.618065 438.086 0 0
1500 84.6822 -17.7406 18.1898 0.468784 -0.283393 439.819 0 0
1500 86.0188 -49.8872 17.8356 0.389977 -0.785318 438.076 0 0
1500 72.0906 -1.04896 17.856 0.185665 -0.0835283 439.873 0 0
1500 116.547 -12.7982 17.928 0.926115 -0.179593 438.321 0 0
1500 107.357 17.3688 17.9338 0.785071 0.251232 439.112 0 0
1500 98.3748 -10.4019 17.9404 0.651308 -0.142181 439.77 0 0
1500 94.2431 -10.4825 17.8519 0.582187 -0.152333 440.025 0 0
1500 -11.3489 -81.7807 17.8285 -1.04078 -1.26561 437.73 0 0
1500 115.944 -14.9131 17.8492 0.906174 -0.232954 438.947 0 0
1500 89.4827 2.24371 18.9733 0.642411 -0.0311513 438.608 0 0
1500 81.2536 -19.0905 18.9739 0.52319 -0.341485 438.558 0 0
1500 12.1505 -42.0369 17.8699 -0.723987 -0.693849 438.147 0 0
1500 71.0401 61.1031 17.8132 0.175478 0.992354 438.192 0 0
1500 8.82289 34.1441 17.8155 -0.765831 0.590465 437.76 0 0
1500 -10.1086 2.24246 17.8113 -1.03595 0.105529 438.821 0 0
1500 74.1694 -43.8051 18.0458 0.283684 -0.740803 437.878 0 0
1500 65.3369 -58.2075 17.9706 0.171453 -0.937766 439.026 0 0
1500 80.1575 -37.9275 17.9683 0.417473 -0.621661 438.455 0 0
1500 56.8874 56.919 17.9056 -0.0526153 0.922482 439.03 0 0
1500 89.9524 5.28886 17.9693 0.56662 0.0290209 438.012 0 0
1500 119.179 -13.5931 17.9495 0.983143 -0.253493 440.291 0 0
1500 51.818 86.2262 17.8365 -0.0469928 1.39682 437.807 0 0
1500 64.071 44.4771 18.0841 0.161869 0.748506 439.016 0 0
1500 16.1478 20.4427 17.9699 -0.688365 0.273313 439.114 0 0
1500 27.4797 -0.876309 17.9776 -0.519696 -0.0535443 438.51 0 0
1500 -1.05812 -12.9888 17.9594 -0.93451 -0.234151 440.32 0 0
1500 64.2294 16.5597 17.8553 0.0899792 0.336705 437.8 0 0
1500 14.6347 45.1799 17.8305 -0.65979 0.754801 440.293 0 0
1500 104.488 33.8981 17.8999 0.78305 0.537406 440.065 0 0
1500 78.5347 16.6611 18.069 0.363836 0.331202 439.061 0 0
1500 135.977 0.339776 17.8085 1.2716 -0.0285712 438.764 0 0
1500 66.632 -2.00721 17.9551 0.150941 0.0466181 438.625 0 0
1500 55.7739 96.488 17.8552 0.00720946 1.58911 437.843 0 0
1500 196.415 -54.5298 17.8888 2.20518 -0.856975 439.696 0 0
1500 83.6592 25.7564 17.8163 0.461069 0.359031 439.467 0 0
1500 51.7607 -46.5996 17.8096 -0.0350804 -0.760643 440.009 0 0
1500 79.5572 -52.1683 17.9135 0.418483 -0.873022 437.977 0 0
1500 38.974 83.4432 17.8678 -0.348179 1.37991 439.362 0 0
1500 132.076 2.08134 17.9433 1.25746 0.0852752 438.659 0 0
1500 58.807 13.7741 17.8646 -0.0675307 0.232014 438.945 0 0
1500 90.6182 -73.7057 18.2088 0.599353 -1.29623 438.656 0 0
1500 85.5777 -2.41054 18.1202 0.519825 -0.107158 439.867 0 0
1500 -5.88937 -47.3092 17.8975 -1.02501 -0.852681 439.771 0 0
1500 114.063 -21.0192 18.4528 1.05185 -0.44702 438.191 0 0
1500 87.1439 9.38969 18.7853 0.68938 0.160775 439.701 0 0
1500 79.6809 0.549259 18.3254 0.390634 -0.0505573 440.88 0 0
1500 62.0102 5.46513 17.8773 0.127395 0.0635598 440.758 0 0
1500 118.982 22.9637 17.9957 0.979753 0.358649 440.793 0 0
1500 112.646 18.9276 18.0844 0.912261 0.27484 441.315 0 0
1500 120.224 -12.9538 17.9316 0.982512 -0.256467 440.615 0 0
1500 118.505 -21.4294 17.8957 0.982313 -0.294752 440.909 0 0
1500 95.776 -43.8999 17.8006 0.634219 -0.707834 441.03 0 0
1500 39.9135 -15.305 17.9428 -0.329523 -0.189936 440.663 0 0
1500 61.6972 9.7536 17.9793 0.126165 0.210216 440.649 0 0
1500 54.0664 18.3171 17.9777 0.00749115 0.342837 440.751 0 0
1500 -3.01882 138.911 17.8871 -1.06607 2.24008 441.063 0 0
1500 148.802 -37.718 18.036 1.51608 -0.706109 441.141 0 0
1500 59.8028 5.40973 18.0253 0.0937206 0.0951662 441.365 0 0
1500 8.6954 -17.5647 17.8803 -0.734177 -0.308852 441.929 0 0
1500 4.70221 35.1063 17.8541 -0.792583 0.575931 441.455 0 0
1500 17.9787 37.1733 17.9098 -0.603018 0.585515 443.298 0 0
1500 120.485 10.085 17.8974 0.981585 0.170144 442.975 0 0
1500 48.4031 -65.6702 17.806 -0.216363 -1.00867 441.649 0 0
1500 14.0667 -48.6732 17.8134 -0.719371 -0.759358 443.103 0 0
1500 103.158 -14.9495 17.9956 0.780846 -0.250384 441.821 0 0
1500 59.6617 54.4992 17.959 0.0921135 0.883038 442.323 0 0
1500 -13.2375 66.3714 17.8086 -1.05095 1.06218 443.674 0 0
1500 105.092 23.6795 18.1101 0.819509 0.356348 443.162 0 0
1500 103.19 27.7741 17.9721 0.727487 0.491333 442.71 0 0
1500 73.0083 55.0428 17.9565 0.201403 0.894594 443.44 0 0
1500 39.7794 0.0838972 17.8344 -0.365631 0.000457059 441.756 0 0
1500 59.7139 -30.6378 17.8316 -0.0534976 -0.47896 441.94 0 0
1500 21.2529 -17.5757 17.8242 -0.648083 -0.272765 442.494 0 0
1500 106.966 20.7713 17.8658 0.823907 0.336814 443.709 0 0
1500 78.7897 -6.70431 17.9874 0.418338 -0.106396 443.421 0 0
1500 87.2673 18.1741 17.9821 0.546421 0.277218 443.798 0 0
1500 105.991 -64.7907 17.8929 0.846171 -1.07837 443.229 0 0
1500 97.3329 -37.26 17.8996 0.615369 -0.584425 444.935 0 0
1500 10.1704 -3.20091 17.82 -0.74909 -0.0699248 445.176 0 0
1500 91.6149 13.7015 18.0835 0.580745 0.212478 445.078 0 0
1500 40.7097 56.9513 17.8269 -0.210148 0.883697 445.059 0 0
1500 105.591 44.6996 17.8618 0.769599 0.707793 445.025 0 0
1500 46.157 -67.5456 17.8078 -0.253427 -1.00863 444.881 0 0
1500 105.004 30.916 17.8398 0.762802 0.529474 444.147 0 0
1500 37.6518 30.1993 18.1278 -0.348852 0.457607 444.142 0 0
1500 48.0649 44.809 17.8711 -0.179471 0.746945 444.692 0 0
1500 53.8802 -17.9854 18.2304 -0.06364 -0.330803 444.477 0 0
1500 78.4728 12.1155 18.0712 0.326751 0.235257 446.249 0 0
1500 64.8951 -25.1244 18.1447 0.134178 -0.415971 447.685 0 0
1500 8.35193 4.74021 17.8275 -0.769866 0.0330561 446.114 0 0
1500 101.917 32.9039 17.8294 0.671177 0.533044 445.44 0 0
1500 33.7426 37.0878 17.9338 -0.385428 0.565762 447.343 0 0
1500 39.3547 35.6959 17.936 -0.305575 0.5447 447.533 0 0
1500 58.0908 18.5544 17.9781 0.0626325 0.310176 448.299 0 0
1500 105.803 21.5514 17.9621 0.739941 0.35873 446.914 0 0
1500 75.4912 -7.93597 18.1285 0.344563 -0.108826 449.041 0 0
1500 29.9726 7.19026 17.8317 -0.46618 0.100287 449.01 0 0
1500 -7.75743 -0.318077 17.8074 -1.04605 -0.00549984 445.637 0 0
1500 13.1624 33.845 17.865 -0.694161 0.568837 446.069 0 0
1500 115.701 29.513 17.841 0.937658 0.439358 446.65 0 0
1500 81.6801 -35.8618 18.2781 0.395935 -0.612354 446.077 0 0
1500 74.6787 28.8592 18.2477 0.337663 0.507181 445.651 0 0
1500 89.9777 -21.7198 17.8407 0.543301 -0.292685 447.692 0 0
1500 89.0314 17.8947 17.841 0.532285 0.294687 447.314 0 0
1500 91.2412 -1.61178 18.1191 0.594202 -0.0245686 449.496 0 0
1500 103.44 12.4687 18.2879 0.786984 0.256586 446.508 0 0
1500 58.4963 48.0203 17.9791 0.0685337 0.792796 446.917 0 0
1500 35.8774 2.33943 18.0062 -0.373882 0.0928633 445.858 0 0
1500 90.9647 32.4694 17.8594 0.584439 0.479028 446.372 0 0
1500 116.371 7.78499 17.8494 0.958547 0.0973218 447.523 0 0
1500 100.742 22.4227 17.9639 0.6594 0.419248 446.996 0 0
1500 92.571 -50.0955 17.8303 0.595436 -0.777347 447.977 0 0
1500 101.387 3.30477 17.8417 0.743653 0.0300635 446.64 0 0
1500 63.3698 60.3878 17.8886 0.128769 0.972943 448.944 0 0
1500 31.2207 55.2327 17.9183 -0.379826 0.938537 446.354 0 0
1500 9.99717 -53.5838 17.9508 -0.752817 -0.905467 447.169 0 0
1500 79.3683 43.5453 17.9787 0.342033 0.739216 448.457 0 0
1500 96.8747 22.6493 17.9438 0.639934 0.417049 448.273 0 0
1500 99.549 26.8212 18.097 0.667911 0.480862 449.301 0 0
1500 65.8712 35.3214 18.1045 0.160466 0.615573 448.632 0 0
1500 83.7174 -24.6048 18.1535 0.441244 -0.450545 449.424 0 0
1500 46.3142 -30.1033 17.8782 -0.254519 -0.459809 448.308 0 0
1500 31.8231 38.7808 17.8694 -0.474543 0.604083 449.01 0 0
1500 60.0546 40.9721 17.8849 0.0571808 0.706048 449.111 0 0
1500 154.572 38.2351 17.8578 1.53261 0.649277 449.551 0 0
1500 121.185 1.02929 18.2929 1.1571 0.0475641 447.382 0 0
1500 73.1497 33.3105 18.1515 0.278418 0.524387 453.017 0 0
1500 98.6762 -9.1895 17.8631 0.64505 -0.148847 452.223 0 0
1500 119.368 4.55511 17.8496 0.95793 0.0462489 450.694 0 0
1500 70.2958 8.11207 17.8735 0.241511 0.0944031 453.031 0 0
1500 81.1171 -2.8777 17.8528 0.391703 -0.0593068 453.162 0 0
1500 56.5659 2.61038 17.8752 0.0516376 0.0273266 453.87 0 0
1500 70.6314 -2.19864 17.9141 0.220248 0.0285036 454.322 0 0
1500 60.6694 12.195 17.9907 0.117433 0.197254 454.884 0 0
1500 1.45105 107.448 17.7992 -0.87199 1.61544 451.958 0 0
1500 19.4334 -41.4133 17.863 -0.658137 -0.622224 449.688 0 0
1500 13.1816 40.6942 17.8595 -0.747512 0.622176 450.193 0 0
1500 12.0076 46.826 17.856 -0.755851 0.705987 451.016 0 0
1500 107.058 24.1939 17.8767 0.736347 0.408752 454.346 0 0
1500 103.564 -29.3343 17.8676 0.698748 -0.481491 453.965 0 0
1500 6.13051 33.4867 17.8175 -0.854221 0.526307 450.773 0 0
1500 39.4686 18.0778 17.8406 -0.328137 0.27417 455.641 0 0
1500 5.18677 -30.937 17.8188 -0.871886 -0.4456 450.51 0 0
1500 57.8134 68.8298 17.815 -0.0748985 1.04402 451.697 0 0
1500 63.9822 67.0545 17.8161 0.0168672 1.0265 451.116 0 0
1500 57.1651 60.2502 17.8848 0.0179549 0.979192 451.178 0 0
1500 88.8178 47.2926 17.8538 0.511775 0.696292 454.899 0 0
1500 92.619 -28.5518 17.8618 0.559636 -0.383596 455.709 0 0
1500 98.1389 11.2255 17.8235 0.624059 0.251299 449.928 0 0
1500 107.768 44.8192 17.8061 0.732145 0.730809 453.554 0 0
1500 111.138 14.0626 17.8091 0.870068 0.258684 451.322 0 0
1500 69.5073 25.7778 17.8263 0.216277 0.402831 456.952 0 0
1500 100.802 -12.3654 17.817 0.721305 -0.146379 450.51 0 0
1500 63.3194 -37.2492 17.8636 0.125215 -0.637155 451.279 0 0
1500 42.8212 -36.3384 17.8473 -0.284 -0.511834 457.248 0 0
1500 36.3477 21.7317 17.8504 -0.37394 0.305377 457.49 0 0
1500 70.2904 -27.2631 17.8386 0.200905 -0.442101 458.118 0 0
1500 86.6145 -32.524 17.9881 0.484851 -0.483984 458.114 0 0
1500 88.3056 -39.3253 17.8375 0.428219 -0.671466 452.06 0 0
1500 111.476 -7.93546 17.8635 0.877555 -0.169276 452.814 0 0
1500 98.4206 26.1137 18.003 0.702484 0.434979 453.018 0 0
1500 112.251 40.3972 17.8562 0.805608 0.668354 455.284 0 0
1500 89.6981 49.8126 17.861 0.486327 0.828759 453.499 0 0
1500 95.4365 43.6486 17.8651 0.542347 0.69609 457.249 0 0
1500 96.3396 45.9481 18.0203 0.656185 0.733338 454.352 0 0
1500 106.392 -36.5351 17.8506 0.741061 -0.585532 457.656 0 0
1500 104.418 6.26146 17.825 0.745595 0.025092 452.975 0 0
1500 109.462 -19.3612 18.1432 0.873209 -0.32879 455.542 0 0
1500 130.805 24.8331 17.8689 1.23779 0.364681 451.087 0 0
1500 45.337 -57.9612 17.876 -0.247097 -0.891613 456.903 0 0
1500 8.34789 10.5771 17.8811 -0.811215 0.126307 455.562 0 0
1500 68.235 -50.3287 17.882 0.0941948 -0.795881 455.432 0 0
1500 20.4896 -16.3179 17.8882 -0.59026 -0.263517 459.756 0 0
1500 21.6395 -57.8755 17.8208 -0.510234 -0.948045 454.488 0 0
1500 100.151 -17.9438 17.899 0.665938 -0.286466 460.482 0 0
1500 149.749 11.7465 17.8754 1.46169 0.265968 452.749 0 0
1500 108.615 -41.9268 17.8737 0.796514 -0.680759 457.809 0 0
1500 97.6824 -49.603 17.8749 0.641268 -0.802181 457.138 0 0
1500 92.6181 -55.8676 17.8742 0.554652 -0.878287 458.467 0 0
1500 75.3854 -16.1035 18.1959 0.389553 -0.249538 455.634 0 0
1500 116.24 -8.19359 18.1749 0.981405 -0.124506 457.806 0 0
1500 102.889 -48.7498 17.8612 0.679876 -0.795668 458.135 0 0
1500 73.5541 -7.28195 18.5285 0.294626 -0.196717 450.228 0 0
1500 71.6529 -13.9463 17.9369 0.287099 -0.279911 452.794 0 0
1500 153.185 10.7331 17.8688 1.52869 0.24366 454.522 0 0
1500 122.115 -31.1519 17.9628 1.08651 -0.446804 455.117 0 0
1500 1.14769 30.2944 17.8239 -0.847945 0.503713 460.779 0 0
1500 218.028 12.7132 17.8078 2.49793 0.131196 456.772 0 0
1500 124.224 10.1945 17.834 1.05924 0.225763 456.913 0 0
1500 101.878 -34.7445 17.8093 0.696275 -0.510576 462.226 0 0
1500 82.2983 -14.9686 17.8241 0.407713 -0.222817 463.591 0 0
1500 117.63 -1.22507 17.8482 0.932398 -0.0167469 462.052 0 0
1500 103.626 1.97454 17.8554 0.780733 0.031296 457.614 0 0
1500 39.9307 -33.0103 17.9846 -0.328746 -0.539169 457.766 0 0
1500 100.995 34.1804 17.9193 0.675079 0.535702 464.091 0 0
1500 95.233 32.7074 18.0281 0.583567 0.588348 457.8 0 0
1500 95.8994 30.0651 17.8131 0.528235 0.497698 464.922 0 0
1500 79.6141 21.3768 17.8202 0.326032 0.410972 458.64 0 0
1500 95.1701 -10.1435 17.8387 0.553667 -0.206692 465.437 0 0
1500 86.1751 2.66674 17.9408 0.459393 0.118199 462.491 0 0
1500 100.673 -11.126 17.951 0.744256 -0.179992 464.001 0 0
1500 25.4765 -44.127 17.8912 -0.501108 -0.684195 469.149 0 0
1500 22.2225 -35.7825 17.8914 -0.586744 -0.605826 464.452 0 0
1500 -4.66957 -4.45071 17.8839 -0.982067 -0.12535 465.478 0 0
1500 37.2543 -63.0329 17.8806 -0.345642 -0.989016 466.636 0 0
1500 19.6476 14.3719 17.8993 -0.633005 0.161927 463.735 0 0
1500 114.501 29.3513 17.9412 0.927511 0.450907 466.387 0 0
1500 84.4847 54.1804 17.8531 0.376706 0.850869 468.801 0 0
1500 101.167 37.1314 17.8567 0.612577 0.60163 469.265 0 0
1500 57.586 -48.8737 17.8545 -0.0522978 -0.745212 470.34 0 0
1500 78.0667 62.9955 18.1004 0.383197 1.1117 461.22 0 0
1500 99.511 -35.5174 17.9246 0.667519 -0.533788 471.95 0 0
1500 36.7042 48.0943 17.9241 -0.343754 0.800374 467.684 0 0
1500 51.4992 49.3812 17.926 -0.119108 0.822499 467.48 0 0
1500 57.2601 28.0186 17.9381 -0.0317087 0.504386 466.466 0 0
1500 35.4435 59.6969 17.918 -0.344577 0.927446 471.186 0 0
1500 79.8361 -15.2523 18.5805 0.485474 -0.270162 469.626 0 0
1500 76.5029 25.1736 17.9429 0.233551 0.41123 474.109 0 0
1500 96.7979 -61.8943 18.1008 0.740995 -1.1026 462.109 0 0
1500 96.5367 -51.2982 17.8601 0.626608 -0.780686 472.492 0 0
1500 91.5651 54.3992 17.8208 0.45461 0.87664 470.11 0 0
1500 -0.86495 -28.7072 17.8195 -0.93711 -0.376549 470.374 0 0
1500 95.7416 -21.1392 17.9533 0.650927 -0.277351 470.098 0 0
1500 4.63338 -23.8142 17.8086 -0.841024 -0.32956 474.088 0 0
1500 -0.0564361 8.06816 17.8053 -0.957526 0.135868 470.525 0 0
1500 109.939 -34.3365 18.0449 0.830144 -0.567433 472.993 0 0
1500 124.766 -97.2974 17.8698 1.04122 -1.54542 471.772 0 0
1500 83.4406 -6.59425 18.023 0.492964 -0.110668 471.055 0 0
1500 122.66 -7.43104 17.9998 1.038 -0.11685 474.784 0 0
1500 -5.02382 -2.98759 17.7946 -0.997851 0.0173396 473.247 0 0
1500 75.831 15.4177 18.3094 0.355003 0.252701 480.595 0 0
1500 87.303 68.8016 17.8988 0.549462 1.16817 469.01 0 0
1500 83.0316 -30.3978 18.1648 0.428437 -0.524985 479.492 0 0
1500 82.4635 -13.0951 18.1704 0.424641 -0.270861 478.756 0 0
1500 18.4608 48.8899 17.8108 -0.670479 0.711111 482.285 0 0
1500 52.6019 24.8764 17.8333 -0.159142 0.359558 480.123 0 0
1500 91.669 -54.3752 17.9553 0.531143 -0.852002 489.984 0 0
1500 113.055 -18.5982 17.9586 0.876326 -0.349631 487.121 0 0
1500 70.6325 -10.7705 17.9808 0.218552 -0.213592 492.739 0 0
1500 83.0626 41.0011 18.2291 0.435119 0.690218 489.545 0 0
1500 14.0514 36.3844 17.9836 -0.733544 0.642642 487.375 0 0
1500 119.162 -2.09292 17.8951 0.99878 -0.0464808 491.899 0 0
1500 62.9284 -52.8377 17.931 0.132388 -0.864798 494.115 0 0
1500 122.376 -1.60315 17.9234 1.01662 -0.0845422 495.36 0 0
1500 60.5602 -7.04407 17.9513 0.0988543 -0.173137 492.479 0 0
1500 98.9393 -50.4164 17.9231 0.650024 -0.791876 497.116 0 0
1500 114.283 -21.1526 17.8954 0.906679 -0.411338 494.568 0 0
1500 70.8421 28.929 17.9765 0.279521 0.490316 498.826 0 0
1500 114.781 31.9607 17.9548 0.913582 0.512473 501.939 0 0
1500 101.407 44.333 17.8016 0.66627 0.702168 505.268 0 0
1500 72.9538 51.7447 17.8082 0.250812 0.799255 506.157 0 0
1500 80.2531 19.0457 17.9466 0.342954 0.333026 509.046 0 0
1500 130.231 28.3948 18.0625 1.20655 0.493421 509.687 0 0
1500 167.33 -45.4231 17.8109 1.64259 -0.66775 519.073 0 0
