Total number of secondary electrons: 1585
1500 114.591 -20.9188 16.3417 1.33001 -0.419759 267.076 0 0
1500 98.7568 -1.66726 15.3026 0.794614 -0.013999 269.216 0 0
1500 94.5345 8.11952 15.6162 0.756515 0.0721033 278.439 0 0
1500 88.134 6.02446 15.5895 0.67973 0.0854728 282.055 0 0
1500 90.3235 -1.77421 15.674 0.675635 0.0156428 284.299 0 0
1500 98.6192 -5.91043 15.2662 0.750981 -0.0738171 284.477 0 0
1500 99.7868 0.130236 15.2614 0.762212 -0.0136074 284.53 0 0
1500 375.559 -108.87 14.1394 5.3137 -1.80694 288.239 0 0
1500 73.2322 -25.2544 13.4738 0.247051 -0.322646 289.67 0 0
1500 116.549 16.1539 13.4473 0.875291 0.265706 290.205 0 0
1500 92.2353 8.49703 13.656 0.503257 0.129372 290.249 0 0
1500 90.499 -2.99016 15.1149 0.638621 -0.065459 292.6 0 0
1500 86.3944 -2.6661 15.1674 0.583456 -0.0240545 293.497 0 0
1500 53.7304 27.1094 13.2367 -0.0956903 0.279928 301.087 0 0
1500 81.9702 -39.2934 13.2755 0.22769 -0.480887 301.761 0 0
1500 73.121 -57.4101 13.3216 0.125478 -0.681849 302.534 0 0
1500 13.2838 -41.2704 13.3395 -0.550299 -0.497364 302.837 0 0
1500 84.2446 -10.1598 15.2836 0.54075 -0.123504 303.244 0 0
1500 64.7943 -20.8509 14.016 0.116711 -0.259547 303.522 0 0
1500 101.272 9.77573 15.8111 0.905532 0.16268 304.782 0 0
1500 -15.7275 -47.9663 13.5968 -0.84772 -0.553345 305.974 0 0
1500 -34.2987 3.08232 13.6557 -1.0396 0.00307935 306.905 0 0
1500 127.332 -27.3666 14.1015 0.968235 -0.397961 306.96 0 0
1500 -34.616 -10.902 13.6926 -1.03668 -0.146925 307.472 0 0
1500 31.6037 -90.3466 13.7078 -0.325584 -0.996335 307.721 0 0
1500 75.7004 -0.416957 14.5711 0.298539 0.00558717 308.224 0 0
1500 100.819 0.299345 14.5489 0.629317 0.0302189 311.125 0 0
1500 140.847 39.8555 13.8955 0.992466 0.480876 312.608 0 0
1500 93.984 30.4514 13.9235 0.465091 0.388117 312.894 0 0
1500 98.9702 -14.4775 14.7791 0.573008 -0.20938 313.918 0 0
1500 -52.1836 161.897 14.3156 -1.49602 2.30834 315.011 0 0
1500 28.2262 21.9815 14.022 -0.360708 0.313974 316.087 0 0
1500 79.5065 0.414268 14.8172 0.359609 0.0568448 316.232 0 0
1500 106.938 -17.9203 15.9324 0.879168 -0.267381 317.095 0 0
1500 85.0502 -6.61065 16.352 0.598619 -0.0635917 317.403 0 0
1500 96.988 -10.9931 15.1009 0.598779 -0.136651 318.166 0 0
1500 93.6785 -8.59795 16.4235 0.680484 -0.0951979 318.49 0 0
1500 90.8868 26.2857 14.7454 0.476289 0.32385 320.494 0 0
1500 79.9695 10.8695 15.1971 0.38263 0.152649 324.698 0 0
1500 86.5619 -17.5849 16.0587 0.527328 -0.278794 325.02 0 0
1500 87.7643 -5.65017 15.3218 0.500661 -0.0483131 325.425 0 0
1500 85.4544 17.6814 15.5763 0.513114 0.312883 325.831 0 0
1500 73.9293 -18.7689 15.0689 0.202039 -0.269543 327.773 0 0
1500 79.932 -17.4433 15.6909 0.361344 -0.245104 327.83 0 0
1500 77.751 1.26664 16.2047 0.418322 -0.0352167 328.887 0 0
1500 94.6157 1.02591 16.8973 0.726138 -0.0323714 329.08 0 0
1500 90.7247 -12.6114 15.1668 0.471014 -0.144092 332.439 0 0
1500 91.3863 25.6243 15.5005 0.506011 0.317091 332.72 0 0
1500 146.902 4.441 15.8087 1.3994 0.0997521 332.879 0 0
1500 99.911 19.056 15.5062 0.602334 0.241133 332.935 0 0
1500 50.4293 3.84203 15.4068 -0.091457 0.0281525 333.383 0 0
1500 73.1411 29.8578 15.4757 0.216286 0.400342 333.702 0 0
1500 68.5069 -17.7939 16.0019 0.220559 -0.254581 334.496 0 0
1500 50.3825 30.7093 15.4373 -0.0817773 0.436648 335.102 0 0
1500 -32.1307 163.643 15.144 -1.14977 2.06733 335.364 0 0
1500 84.605 62.6263 15.1863 0.28 0.776685 336.216 0 0
1500 93.0644 -5.52399 16.5737 0.620343 -0.0554983 336.856 0 0
1500 81.5312 9.59057 16.3671 0.475587 0.112477 337.427 0 0
1500 27.5333 -14.4331 15.3325 -0.373859 -0.227539 339.06 0 0
1500 32.402 4.00062 15.2278 -0.327638 -0.00870465 339.096 0 0
1500 70.808 40.6103 15.5878 0.213978 0.639735 340.025 0 0
1500 61.6684 15.5216 15.8924 0.121105 0.232575 340.163 0 0
1500 62.5662 -23.3269 15.7205 0.121027 -0.33193 340.529 0 0
1500 106.476 -50.8177 16.1221 0.856089 -0.796229 340.534 0 0
1500 86.1257 14.4345 15.6711 0.460256 0.16984 340.545 0 0
1500 93.6418 11.9405 15.5627 0.517681 0.186905 340.84 0 0
1500 80.3295 3.58285 16.1847 0.393026 0.096497 341.058 0 0
1500 130.535 -48.9847 15.1312 0.877888 -0.572384 341.817 0 0
1500 65.17 5.00333 16.2211 0.194004 0.097773 342.093 0 0
1500 98.0617 2.33952 15.2689 0.547005 -0.0261244 342.243 0 0
1500 111.038 -16.9111 15.2782 0.714583 -0.181324 342.419 0 0
1500 76.6297 -8.16406 16.5269 0.357656 -0.0633158 342.444 0 0
1500 84.513 -23.4708 15.4031 0.391905 -0.335067 342.841 0 0
1500 80.8414 -4.05476 15.6683 0.390605 -0.0941253 343.128 0 0
1500 116.288 -43.5538 15.5848 0.824574 -0.629704 343.181 0 0
1500 66.6699 9.73337 15.4001 0.166789 0.172502 343.388 0 0
1500 92.5336 15.292 15.4096 0.453241 0.239642 343.461 0 0
1500 128.384 -21.6454 15.304 0.91003 -0.238425 343.525 0 0
1500 76.943 6.35773 15.7531 0.302071 0.0852474 343.749 0 0
1500 80.8632 1.7979 16.2016 0.450998 0.0158067 343.736 0 0
1500 139.823 -12.4271 15.6066 1.17903 -0.141733 343.801 0 0
1500 86.4799 14.9193 15.8487 0.467349 0.214787 344.136 0 0
1500 75.5861 -0.0463159 16.4774 0.357042 0.0554473 344.4 0 0
1500 82.3518 -32.2485 15.9574 0.338712 -0.519837 344.995 0 0
1500 66.449 -7.75541 16.2605 0.123515 -0.197301 345.081 0 0
1500 58.1551 3.48825 15.4298 -0.0122145 -0.00867621 345.29 0 0
1500 95.4473 2.98643 15.6099 0.563054 0.0383515 345.419 0 0
1500 78.6641 -3.65351 16.2895 0.406541 0.00098727 345.667 0 0
1500 67.451 -5.80234 16.1447 0.1948 -0.118313 345.909 0 0
1500 70.4246 -5.09422 15.8248 0.178046 -0.101999 345.991 0 0
1500 223.746 35.2655 16.2391 2.87607 0.567518 346.557 0 0
1500 85.6193 -13.9612 17.1103 0.56537 -0.191022 346.811 0 0
1500 40.5547 8.54541 16.3088 -0.275005 0.138443 347.22 0 0
1500 79.2691 -3.75233 17.1087 0.497552 -0.0835057 347.856 0 0
1500 106.767 2.84615 16.4527 0.918215 0.024121 347.855 0 0
1500 56.988 31.3854 15.7807 0.0461596 0.445191 347.887 0 0
1500 85.1766 13.2993 16.8008 0.461956 0.20079 348.775 0 0
1500 73.2492 13.6619 16.2918 0.260743 0.184963 349.01 0 0
1500 98.2491 -11.8086 16.1321 0.671424 -0.2082 349.735 0 0
1500 96.4386 -9.12978 16.1694 0.560943 -0.166451 350.078 0 0
1500 204.448 -78.3922 15.928 2.13834 -1.13695 350.37 0 0
1500 82.9032 -2.17973 16.2317 0.424039 0.0237248 351.354 0 0
1500 45.4113 -3.17316 16.0482 -0.157526 -0.0328854 352.35 0 0
1500 119.303 -50.4173 15.914 0.922829 -0.713091 352.396 0 0
1500 98.2305 -7.42403 16.2113 0.611016 -0.0873621 352.657 0 0
1500 85.1945 13.6353 16.3771 0.385438 0.184659 353.055 0 0
1500 99.535 -28.7282 16.8211 0.72128 -0.437194 353.716 0 0
1500 65.1154 11.2174 16.7737 0.207613 0.194923 354.257 0 0
1500 81.2896 16.2006 17.4178 0.447212 0.239463 354.395 0 0
1500 131.777 41.9846 15.9513 0.913665 0.555325 354.472 0 0
1500 67.6773 -7.6742 16.6068 0.176501 -0.146852 354.62 0 0
1500 60.9802 -2.71524 16.1467 0.0843128 0.0157853 354.725 0 0
1500 99.1495 -31.0769 16.1054 0.543862 -0.452559 354.846 0 0
1500 78.72 2.23033 17.437 0.410978 -0.00400622 354.916 0 0
1500 104.228 -12.1155 16.1353 0.614836 -0.223355 355.32 0 0
1500 86.8967 -53.2844 16.1435 0.387057 -0.725775 355.459 0 0
1500 55.2619 -61.8957 16.1474 -0.00706033 -0.832402 355.522 0 0
1500 53.7157 -10.7796 16.4951 -0.0235587 -0.186891 355.631 0 0
1500 89.5392 -22.414 16.3622 0.501632 -0.374435 355.646 0 0
1500 77.5296 10.8452 16.9689 0.335299 0.178009 355.844 0 0
1500 67.8394 -20.4869 16.6832 0.141663 -0.271121 356.76 0 0
1500 76.1683 45.4071 16.3628 0.241859 0.715857 357.08 0 0
1500 44.0552 -22.119 16.5656 -0.164738 -0.319476 357.436 0 0
1500 79.2188 0.0579149 18.2421 0.530633 -0.0457672 357.775 0 0
1500 121.047 -42.1589 16.3724 0.94816 -0.652521 357.966 0 0
1500 81.307 47.8432 16.4588 0.332788 0.730039 358.102 0 0
1500 113.134 27.0225 16.3264 0.763671 0.388581 358.261 0 0
1500 44.001 -24.6645 16.3905 -0.244949 -0.347236 358.485 0 0
1500 -5.7805 17.1228 16.506 -0.941985 0.29808 358.826 0 0
1500 117.411 33.7961 17.428 1.06513 0.606583 359.355 0 0
1500 78.2741 -5.4662 16.8071 0.380207 -0.098567 359.384 0 0
1500 95.442 24.902 16.6361 0.570038 0.346669 359.536 0 0
1500 114.9 -59.1237 16.2916 0.743655 -0.735726 359.565 0 0
1500 59.2744 3.70538 16.7511 0.0395741 -0.0061269 359.971 0 0
1500 38.2212 15.6634 16.5062 -0.238138 0.268991 360.233 0 0
1500 75.5662 15.6122 17.0524 0.365339 0.226106 360.318 0 0
1500 82.5655 12.9973 18.2344 0.531107 0.202306 361.05 0 0
1500 94.872 -17.8131 16.9387 0.63234 -0.248729 361.164 0 0
1500 63.054 31.2262 17.2213 0.104906 0.59005 361.4 0 0
1500 81.7891 -10.3065 16.898 0.370923 -0.139041 361.465 0 0
1500 84.5274 -21.6129 18.9607 0.711018 -0.506934 362.044 0 0
1500 110.221 -30.0881 17.4867 0.963184 -0.534824 362.165 0 0
1500 87.1069 -7.83065 16.7051 0.405958 -0.101391 362.18 0 0
1500 185.146 61.796 16.5404 1.82172 0.952452 362.445 0 0
1500 25.8055 65.6131 16.4917 -0.377177 0.89421 363.229 0 0
1500 94.2631 2.58876 17.1291 0.626889 0.106498 363.281 0 0
1500 86.3826 -49.0227 16.4932 0.423605 -0.615564 363.445 0 0
1500 88.1673 -4.58731 18.104 0.606994 -0.0262319 363.455 0 0
1500 98.1346 -12.6279 16.6817 0.631258 -0.235388 363.739 0 0
1500 58.1251 -25.0923 16.7274 0.0258845 -0.338913 363.897 0 0
1500 88.1155 11.389 17.5173 0.635595 0.170446 363.979 0 0
1500 97.9311 -17.6613 16.7484 0.608106 -0.273542 364.152 0 0
1500 77.625 2.36968 17.562 0.401143 -0.0324215 364.223 0 0
1500 101.781 19.6097 17.0338 0.676906 0.301109 364.51 0 0
1500 70.4164 31.9902 17.1181 0.221479 0.505314 364.677 0 0
1500 81.6341 45.4798 16.6056 0.337571 0.678185 364.828 0 0
1500 40.4399 -104.146 16.6793 -0.286085 -1.46884 364.792 0 0
1500 83.7843 -35.4081 16.8923 0.391701 -0.633011 365.126 0 0
1500 133.22 6.94544 17.394 1.3176 0.0709319 365.317 0 0
1500 56.7422 -51.3629 16.8894 -0.035192 -0.8153 365.525 0 0
1500 84.7517 13.4465 17.216 0.408169 0.191354 365.628 0 0
1500 84.2469 -55.2936 16.6731 0.380838 -0.798371 365.732 0 0
1500 78.7149 40.9769 16.777 0.375161 0.586398 365.695 0 0
1500 96.283 68.7345 16.6314 0.51103 0.904526 365.792 0 0
1500 42.2739 16.8706 16.8714 -0.256169 0.243017 365.786 0 0
1500 62.016 26.1841 16.834 0.00614955 0.364048 365.924 0 0
1500 119.484 11.7513 17.3995 1.08387 0.225538 366.221 0 0
1500 95.928 27.4735 16.8326 0.58632 0.409455 366.317 0 0
1500 107.97 8.18292 16.7538 0.753315 0.110979 366.522 0 0
1500 131.938 6.87883 17.1041 1.19991 0.0712452 366.628 0 0
1500 77.0801 9.51885 18.4923 0.436725 0.167347 366.821 0 0
1500 24.0228 40.0331 16.8705 -0.508076 0.546171 366.997 0 0
1500 86.0947 11.6945 17.6474 0.541293 0.167079 367.117 0 0
1500 66.2728 50.6416 16.742 0.070899 0.747443 367.134 0 0
1500 89.5879 4.86265 16.8419 0.486631 0.00983127 367.133 0 0
1500 56.4096 10.5125 16.8719 0.012052 0.212706 367.242 0 0
1500 85.0931 -16.9848 18.9533 0.641045 -0.282692 367.978 0 0
1500 78.3583 -30.6147 17.1148 0.371091 -0.459761 367.929 0 0
1500 62.1116 22.943 17.625 0.0874233 0.399859 367.937 0 0
1500 90.3512 15.4211 17.1618 0.470911 0.305872 368.233 0 0
1500 47.6408 -12.4855 16.9184 -0.160936 -0.238655 368.739 0 0
1500 113.382 -48.6149 16.8421 0.802151 -0.640953 368.788 0 0
1500 63.6365 26.9193 16.7989 0.123355 0.335682 368.784 0 0
1500 111.676 -9.9883 16.8055 0.7567 -0.203889 368.779 0 0
1500 66.9563 -5.56372 18.2713 0.276009 -0.108581 368.835 0 0
1500 68.8284 1.60523 17.463 0.206565 -0.0348631 369.085 0 0
1500 83.6606 -7.81525 17.1861 0.411467 -0.173897 369.235 0 0
1500 58.6425 -42.3608 17.1241 0.035377 -0.643963 369.333 0 0
1500 19.9652 45.9894 16.8597 -0.572277 0.662828 369.304 0 0
1500 80.6741 15.8975 17.1312 0.417997 0.207815 369.405 0 0
1500 46.7192 2.76423 17.505 -0.131608 0.0448874 369.665 0 0
1500 -9.95524 -23.3975 16.8292 -0.973704 -0.318613 369.786 0 0
1500 132.56 2.86689 16.8858 1.10239 -0.0181395 369.796 0 0
1500 124.34 -14.6269 17.1531 1.00056 -0.227727 369.88 0 0
1500 32.4635 -22.3688 16.9136 -0.421717 -0.306886 369.863 0 0
1500 103.269 -2.78439 17.0848 0.673233 -0.0928795 369.917 0 0
1500 98.4558 -8.02645 18.1942 0.731374 -0.128031 369.973 0 0
1500 92.9754 59.0522 16.8591 0.541333 0.789792 370.007 0 0
1500 94.5358 -6.70779 18.1698 0.77874 -0.0950965 369.993 0 0
1500 11.4364 -3.71619 17.0829 -0.678714 -0.043206 370.157 0 0
1500 77.1898 -5.71726 17.1115 0.358358 -0.0462501 370.245 0 0
1500 23.3557 2.96949 16.9735 -0.519425 0.00714673 370.34 0 0
1500 126.625 -27.2896 16.8553 0.957242 -0.408055 370.445 0 0
1500 89.2191 15.553 17.7412 0.527318 0.269719 370.536 0 0
1500 121.184 6.27129 17.6987 1.23666 0.135714 370.579 0 0
1500 114.41 4.923 17.0279 0.854564 0.0638562 370.796 0 0
1500 56.1701 34.1666 16.9643 -0.0308416 0.547263 370.799 0 0
1500 69.2254 -5.63755 17.4763 0.220489 -0.109604 371.068 0 0
1500 23.2168 -30.737 17.0474 -0.534269 -0.428004 371.288 0 0
1500 46.2284 -73.2743 16.9037 -0.139312 -1.03637 371.512 0 0
1500 70.6007 -31.5528 17.2177 0.281211 -0.510913 371.506 0 0
1500 101.661 8.73736 17.1978 0.665658 0.0727021 371.537 0 0
1500 64.0242 -115.274 17.1194 0.0940798 -1.81919 371.64 0 0
1500 98.623 51.5686 17.1105 0.595538 0.816934 371.766 0 0
1500 98.43 -49.9387 17.0667 0.595709 -0.780484 371.817 0 0
1500 16.4706 20.8445 17.2194 -0.641879 0.375862 371.791 0 0
1500 178.128 -63.2479 16.9978 1.79955 -0.917997 372.045 0 0
1500 57.2692 8.63495 17.4414 -0.00126087 0.16017 372.318 0 0
1500 144.178 -73.5805 16.9991 1.28991 -1.14532 372.312 0 0
1500 55.5408 -18.172 17.1169 -0.0387193 -0.316526 372.425 0 0
1500 69.1929 32.2818 16.9442 0.201008 0.507815 372.419 0 0
1500 37.0232 22.7533 17.0565 -0.282424 0.38973 372.659 0 0
1500 103.688 -10.2556 16.9554 0.683245 -0.0915189 372.859 0 0
1500 31.9194 -14.502 17.2596 -0.390687 -0.224861 372.9 0 0
1500 87.8182 10.0803 17.5553 0.468642 0.120688 372.985 0 0
1500 81.9651 68.2762 17.0292 0.399216 0.964538 373.3 0 0
1500 111.151 12.8524 17.4845 0.843721 0.170218 373.762 0 0
1500 103.653 7.3929 17.575 0.751645 0.122 374.072 0 0
1500 104.93 -34.8332 17.2164 0.678397 -0.553164 374.194 0 0
1500 72.6385 -22.9317 17.1539 0.155175 -0.377516 374.507 0 0
1500 124.75 -22.0191 17.0085 0.95377 -0.249929 374.705 0 0
1500 83.5961 -12.9685 18.6991 0.585821 -0.215936 374.788 0 0
1500 121.085 26.933 17.0119 0.902375 0.418263 374.812 0 0
1500 70.7916 -15.9859 17.6917 0.183016 -0.21564 374.867 0 0
1500 98.4275 -12.1072 17.2966 0.597931 -0.236499 375.075 0 0
1500 108.348 4.49507 17.1104 0.765799 0.0278382 375.629 0 0
1500 137.746 1.61239 17.3536 1.22118 0.0524608 375.912 0 0
1500 46.0679 10.8174 17.123 -0.23042 0.186553 376.183 0 0
1500 72.0261 6.95758 17.9687 0.283593 0.158057 376.398 0 0
1500 39.4521 -8.5856 18.0158 -0.293254 -0.132649 376.438 0 0
1500 87.2768 -13.5015 17.6404 0.434507 -0.219914 376.525 0 0
1500 64.4187 17.4039 17.1427 0.14201 0.207379 376.559 0 0
1500 70.3935 4.59485 17.6632 0.229486 -0.00147616 376.97 0 0
1500 27.0439 -34.1185 17.1429 -0.498702 -0.439265 377.041 0 0
1500 104.084 -13.3649 17.6489 0.799094 -0.176253 377.113 0 0
1500 -0.662725 -2.64057 17.2079 -0.866629 -0.0334961 377.273 0 0
1500 62.2802 63.0736 17.1699 0.121441 0.904546 377.301 0 0
1500 91.0141 34.9371 17.5998 0.618688 0.582913 377.316 0 0
1500 31.2828 -10.2729 17.2256 -0.435103 -0.128161 377.472 0 0
1500 105.698 74.8043 17.1469 0.683271 1.00124 377.674 0 0
1500 79.0293 20.6761 17.9625 0.411712 0.341716 377.708 0 0
1500 86.9852 2.42839 17.5085 0.448911 -0.00178907 377.854 0 0
1500 22.603 26.8282 17.1589 -0.531354 0.436798 377.856 0 0
1500 13.6884 36.2905 17.1631 -0.673011 0.534619 377.872 0 0
1500 107.094 -11.0684 17.9344 0.908466 -0.220661 377.905 0 0
1500 49.7627 19.1662 17.1904 -0.069226 0.325976 378.286 0 0
1500 61.2255 -12.2419 17.974 0.125377 -0.204788 378.671 0 0
1500 81.9127 -70.2346 17.1608 0.388781 -0.956822 378.664 0 0
1500 22.1327 42.6496 17.2539 -0.554369 0.60637 378.694 0 0
1500 62.6819 1.1435 17.9781 0.142548 -0.0456744 378.751 0 0
1500 -6.42724 -23.5334 17.1905 -0.938482 -0.289103 378.86 0 0
1500 80.2996 73.9376 17.3557 0.397029 1.18151 378.852 0 0
1500 78.5307 -19.4381 17.6787 0.3514 -0.280059 379.001 0 0
1500 26.997 66.6191 17.1846 -0.446568 0.896884 379.129 0 0
1500 -13.3374 -16.0612 17.2627 -1.01512 -0.212849 379.136 0 0
1500 55.7958 21.8128 17.6325 -0.0305715 0.340938 379.167 0 0
1500 64.4236 -21.0101 17.8359 0.122999 -0.334385 379.188 0 0
1500 88.3389 -1.20482 18.6258 0.639776 0.000364885 379.409 0 0
1500 64.3714 58.2155 17.2899 0.0926455 0.809133 379.578 0 0
1500 107.164 9.12123 17.2669 0.725754 0.187921 380.068 0 0
1500 48.1432 65.9224 17.2929 -0.146942 0.964401 380.344 0 0
1500 100.705 11.4904 18.3192 0.758513 0.180255 380.51 0 0
1500 74.0306 60.2392 17.3033 0.167845 0.900572 380.541 0 0
1500 107.853 -40.7868 17.3245 0.76976 -0.551909 380.691 0 0
1500 122.027 -16.21 17.2809 0.89135 -0.242938 380.866 0 0
1500 106.161 -13.3533 17.6184 0.762731 -0.212418 380.96 0 0
1500 57.1187 -52.1518 17.3882 -0.0016015 -0.792288 381.158 0 0
1500 84.9216 -1.72345 17.7622 0.541784 -0.0628312 381.284 0 0
1500 80.5179 39.2584 17.421 0.333739 0.621382 381.296 0 0
1500 36.2202 -12.2306 17.7448 -0.36887 -0.161886 381.297 0 0
1500 10.2129 -23.2375 17.4112 -0.727949 -0.33763 381.355 0 0
1500 117.102 32.2402 17.3053 0.846325 0.500061 381.611 0 0
1500 117.871 25.0454 17.6702 0.935611 0.439277 381.679 0 0
1500 104.778 -34.8667 17.5033 0.733658 -0.499544 381.707 0 0
1500 56.5244 69.4044 17.3128 0.0179767 1.00444 381.885 0 0
1500 100.383 -11.2155 17.4697 0.68278 -0.154181 381.904 0 0
1500 79.3916 19.19 17.5343 0.40656 0.32002 381.846 0 0
1500 95.7191 28.5639 17.4724 0.616724 0.398778 382.037 0 0
1500 104.25 20.8238 17.4775 0.732857 0.290294 382.272 0 0
1500 126.212 24.3463 17.3292 0.959813 0.387655 382.455 0 0
1500 62.0118 33.3079 17.4171 0.116366 0.525405 382.382 0 0
1500 106.054 -25.9461 17.4827 0.755355 -0.356216 382.51 0 0
1500 100.862 -41.9195 17.4478 0.628522 -0.64257 382.778 0 0
1500 48.1865 9.35277 17.9592 -0.12846 0.125234 382.715 0 0
1500 74.6563 -11.2252 17.4166 0.312628 -0.192803 382.768 0 0
1500 88.2467 3.11213 19.077 0.665024 0.0727409 382.877 0 0
1500 95.2854 -9.89051 18.3726 0.684129 -0.166964 382.93 0 0
1500 79.6959 -62.3999 17.4599 0.329289 -0.916563 383.05 0 0
1500 101.734 -9.80235 18.38 0.765741 -0.165083 383.261 0 0
1500 38.4319 11.4256 17.4379 -0.316407 0.108518 383.372 0 0
1500 112.863 -17.6294 17.5303 0.840013 -0.278875 383.553 0 0
1500 113.702 42.0536 17.6021 0.889744 0.670577 383.564 0 0
1500 57.9857 -2.30647 17.4878 0.0174505 0.0387822 383.622 0 0
1500 51.9684 52.7874 17.4913 -0.113707 0.897079 383.893 0 0
1500 99.5123 -32.8328 17.568 0.681279 -0.456866 383.925 0 0
1500 70.8667 21.9084 18.0639 0.227992 0.353681 383.946 0 0
1500 83.9522 3.9246 18.6709 0.517396 0.0275959 384.087 0 0
1500 87.8864 20.6756 17.6476 0.536086 0.277941 384.095 0 0
1500 77.9048 23.429 17.4944 0.302211 0.406574 384.138 0 0
1500 53.2745 -45.7413 17.4509 -0.101735 -0.70416 384.269 0 0
1500 49.96 -3.77722 18.2884 -0.0706389 -0.0428806 384.287 0 0
1500 100.699 -5.8429 17.7282 0.689435 -0.130918 384.542 0 0
1500 111.449 -23.7671 17.4473 0.818599 -0.363143 384.541 0 0
1500 69.2442 31.4578 17.793 0.224976 0.508332 384.707 0 0
1500 29.2962 -14.3402 17.5935 -0.4537 -0.243326 384.774 0 0
1500 10.8949 -47.107 17.3938 -0.717433 -0.627816 384.789 0 0
1500 138.876 -3.41005 17.5442 1.26322 -0.00813847 384.798 0 0
1500 116.106 -20.315 17.4532 0.880105 -0.31369 384.827 0 0
1500 43.6031 -32.9838 17.7296 -0.203321 -0.516928 384.818 0 0
1500 136.775 -116.66 17.4809 1.22329 -1.74526 385.131 0 0
1500 81.5141 0.0762376 17.8397 0.404405 0.00652211 385.233 0 0
1500 63.0194 36.5193 17.4944 0.0484511 0.51944 385.326 0 0
1500 70.9161 25.668 18.2 0.301792 0.430645 385.418 0 0
1500 76.0211 -12.4372 17.4175 0.327642 -0.210018 385.436 0 0
1500 63.4745 -21.2487 17.4172 0.145412 -0.338205 385.404 0 0
1500 80.4213 17.2562 17.7044 0.366892 0.315627 385.485 0 0
1500 120.302 30.5516 17.6354 0.977987 0.54333 385.561 0 0
1500 62.4202 20.8169 18.0571 0.134319 0.315411 385.662 0 0
1500 73.0725 19.8504 18.0731 0.284933 0.34291 385.737 0 0
1500 81.3141 -24.9101 17.8833 0.365733 -0.370433 385.822 0 0
1500 73.6071 12.9919 17.9092 0.31008 0.199517 385.813 0 0
1500 124.371 24.3295 17.406 1.02161 0.337672 385.815 0 0
1500 88.8023 34.2505 17.5978 0.416568 0.542118 386.026 0 0
1500 79.7011 -34.5033 17.4245 0.377863 -0.526108 386.028 0 0
1500 105.132 32.7711 17.4551 0.642979 0.477837 386.123 0 0
1500 16.3115 -1.15678 17.4067 -0.6414 0.0457427 386.137 0 0
1500 -85.0016 -44.3058 17.5277 -2.26088 -0.618311 386.154 0 0
1500 139.653 20.1072 18.5334 1.56935 0.379209 386.212 0 0
1500 88.1567 15.4243 18.1831 0.496009 0.274747 386.313 0 0
1500 81.4991 -13.5254 17.8725 0.458315 -0.206272 386.371 0 0
1500 136.414 -5.98209 17.4961 1.21614 -0.14134 386.417 0 0
1500 124.584 -19.3665 17.3969 0.972041 -0.315911 386.579 0 0
1500 110.351 15.5481 17.5953 0.775848 0.287656 386.573 0 0
1500 129.913 6.76718 17.4963 1.04572 0.0613819 386.641 0 0
1500 54.1506 15.3648 17.7489 -0.0415916 0.245919 386.775 0 0
1500 38.3742 -11.7542 17.5805 -0.301005 -0.233121 386.788 0 0
1500 43.2822 7.06756 17.5568 -0.193742 0.174791 386.946 0 0
1500 90.8626 63.4008 17.4707 0.456867 0.909076 386.99 0 0
1500 129.603 20.5901 17.4062 1.02128 0.233737 386.992 0 0
1500 107.796 14.8771 17.4344 0.751482 0.185286 387.027 0 0
1500 101.172 40.2586 17.4193 0.575873 0.635222 387.038 0 0
1500 73.1544 -28.7347 17.702 0.232913 -0.421257 387.122 0 0
1500 17.509 57.4474 17.4926 -0.644002 0.80777 387.192 0 0
1500 78.5101 -26.5284 17.9324 0.411817 -0.408133 387.277 0 0
1500 85.1705 -56.9858 17.4698 0.455719 -0.813241 387.324 0 0
1500 40.6131 32.0538 17.7692 -0.32011 0.51222 387.315 0 0
1500 41.639 -14.3826 17.5794 -0.297136 -0.24975 387.418 0 0
1500 101.939 7.65668 18.1125 0.81022 0.0692733 387.453 0 0
1500 50.3926 22.916 17.5119 -0.0608758 0.344713 387.521 0 0
1500 95.1128 -23.0325 17.6964 0.594596 -0.386651 387.509 0 0
1500 45.8288 -28.051 17.5693 -0.231844 -0.376652 387.523 0 0
1500 -2.01411 20.7744 17.4307 -0.88567 0.354183 387.719 0 0
1500 128.863 15.2957 17.4499 1.01098 0.253547 387.788 0 0
1500 98.8287 -36.0602 17.4604 0.642193 -0.551953 387.81 0 0
1500 60.2803 -19.5904 18.0902 0.0674695 -0.326865 387.922 0 0
1500 121.372 -18.5872 17.4562 0.951025 -0.288586 388.01 0 0
1500 50.1969 33.4518 17.5231 -0.178747 0.49883 388.015 0 0
1500 99.6664 7.81968 17.5023 0.615649 0.193059 388.164 0 0
1500 82.6323 -8.52044 17.9062 0.414371 -0.191062 388.281 0 0
1500 88.5969 2.71463 18.3059 0.590131 0.131981 388.271 0 0
1500 72.2682 -58.3812 17.4505 0.23002 -0.892003 388.319 0 0
1500 96.7796 28.1432 17.5152 0.621683 0.364844 388.293 0 0
1500 88.2812 28.4563 17.5033 0.484212 0.466991 388.391 0 0
1500 106.821 -3.7783 18.1425 0.820732 -0.027689 388.453 0 0
1500 126.916 0.783607 17.5542 1.031 0.0198725 388.459 0 0
1500 98.6622 25.5226 17.8434 0.665264 0.370509 388.654 0 0
1500 101.934 3.69232 18.5303 0.789916 0.0355788 388.795 0 0
1500 45.487 -23.785 17.6018 -0.158999 -0.416759 388.802 0 0
1500 74.4601 1.74616 18.404 0.403398 0.06353 389.081 0 0
1500 61.3368 4.19613 18.2667 0.131062 0.111518 389.122 0 0
1500 82.0582 -25.8122 17.6496 0.340317 -0.387415 389.049 0 0
1500 69.5088 -51.4413 17.7722 0.211759 -0.792456 389.058 0 0
1500 75.7058 26.1209 17.7557 0.278393 0.445569 389.33 0 0
1500 66.4817 45.3537 17.5547 0.128076 0.647677 389.439 0 0
1500 98.3651 -44.0257 17.6709 0.613844 -0.683868 389.498 0 0
1500 83.0775 0.209841 19.0593 0.528984 -0.0205311 389.751 0 0
1500 94.0567 -0.317268 18.2557 0.657096 -0.0373688 389.745 0 0
1500 75.9361 -24.7559 18.2195 0.338067 -0.416372 389.768 0 0
1500 76.4024 18.8762 18.4967 0.39254 0.325889 390.045 0 0
1500 85.1488 -59.9853 17.6046 0.345673 -0.953358 390.045 0 0
1500 86.2391 -2.91626 18.7881 0.544061 -0.0337262 390.163 0 0
1500 131.903 10.381 17.687 1.15053 0.109752 390.189 0 0
1500 86.498 -1.23371 18.7204 0.531315 0.016977 390.212 0 0
1500 82.5644 -5.32269 18.6038 0.470939 -0.0973609 390.283 0 0
1500 78.6611 -23.2114 17.5246 0.335797 -0.324684 390.211 0 0
1500 107.479 -51.4246 17.5347 0.739446 -0.705529 390.272 0 0
1500 101.925 -60.5628 17.5031 0.689901 -0.841115 390.26 0 0
1500 87.0076 -21.6821 17.8451 0.493757 -0.368571 390.292 0 0
1500 51.0819 15.4533 17.5886 -0.0696939 0.259188 390.322 0 0
1500 115.632 -16.0653 17.6195 0.838942 -0.298071 390.368 0 0
1500 49.7299 67.175 17.5317 -0.0701351 0.997483 390.354 0 0
1500 78.7436 -49.7963 17.6627 0.400128 -0.774628 390.385 0 0
1500 68.7627 -41.4958 17.8474 0.23329 -0.648488 390.522 0 0
1500 126.998 14.48 17.5161 0.993883 0.168463 390.591 0 0
1500 8.88209 16.3208 17.542 -0.726584 0.303306 390.591 0 0
1500 121.664 -22.0125 17.5532 0.923003 -0.304691 390.947 0 0
1500 55.3261 -22.916 17.7805 0.0102063 -0.400906 391.18 0 0
1500 79.6463 -11.617 18.0155 0.378031 -0.176074 391.536 0 0
1500 112.36 -30.6358 17.6836 0.825017 -0.48532 391.521 0 0
1500 21.1403 76.2144 17.6005 -0.613531 1.14746 391.432 0 0
1500 89.1905 10.3742 17.6427 0.430787 0.215684 391.649 0 0
1500 114.938 -2.62465 17.5861 0.820646 -0.0440238 392.051 0 0
1500 106.827 -46.9533 17.6026 0.757192 -0.675094 392.204 0 0
1500 66.2814 9.7509 17.9439 0.158197 0.211468 392.207 0 0
1500 66.1447 4.5028 17.9436 0.156345 0.136071 392.157 0 0
1500 75.3795 -23.4719 17.912 0.319293 -0.403208 392.259 0 0
1500 100.907 1.59875 18.4696 0.88267 0.0805697 392.258 0 0
1500 56.1297 -32.139 17.7266 -0.0581449 -0.517821 392.332 0 0
1500 81.9149 39.8995 17.6532 0.296825 0.646732 392.544 0 0
1500 39.7975 -20.7043 17.7914 -0.369337 -0.330711 392.488 0 0
1500 57.6393 -22.8986 18.2602 0.0587842 -0.38744 392.826 0 0
1500 69.8793 -42.7289 17.9167 0.23857 -0.673454 392.832 0 0
1500 39.8203 -30.0679 17.9024 -0.340374 -0.478243 392.816 0 0
1500 132.761 48.1634 18.112 1.34406 0.823456 392.619 0 0
1500 69.5345 7.88296 18.6613 0.292705 0.176425 392.937 0 0
1500 95.5132 -15.0023 17.923 0.650209 -0.216995 392.967 0 0
1500 36.228 11.3769 17.9067 -0.377828 0.224909 392.951 0 0
1500 100.756 9.43742 17.9246 0.722988 0.13045 393.145 0 0
1500 86.6463 -9.97621 18.3662 0.498374 -0.156232 393.309 0 0
1500 71.752 18.8504 18.0327 0.278699 0.336887 393.195 0 0
1500 30.7807 22.5312 17.7618 -0.465068 0.358703 393.39 0 0
1500 80.1971 10.5563 18.5205 0.391399 0.206713 393.228 0 0
1500 164.722 -9.14447 17.5818 1.62664 -0.144627 393.552 0 0
1500 55.3265 -15.5818 17.6149 0.0240502 -0.228138 393.754 0 0
1500 32.6557 -6.19833 17.59 -0.365626 -0.0243625 393.696 0 0
1500 80.407 15.9984 17.6087 0.36001 0.170915 393.613 0 0
1500 90.5054 5.15409 18.3834 0.605442 0.0227023 393.591 0 0
1500 102.389 -1.17164 18.1696 0.764717 -0.0289846 394.003 0 0
1500 114.708 -0.215847 17.9343 0.909453 -0.00648544 394.041 0 0
1500 86.6653 56.1097 17.6536 0.383314 0.861595 394.05 0 0
1500 45.3712 -35.4007 17.6736 -0.138244 -0.578689 394.07 0 0
1500 81.7573 -22.1058 18.4467 0.415711 -0.423387 394.113 0 0
1500 51.6395 -42.4818 17.5919 -0.0779435 -0.634173 394.341 0 0
1500 56.7153 30.2978 17.753 -0.0259938 0.452148 394.496 0 0
1500 51.338 12.912 18.5432 -0.0894561 0.192415 394.586 0 0
1500 108.862 46.9593 17.5781 0.731185 0.728211 394.73 0 0
1500 43.89 13.3384 17.6252 -0.279307 0.171514 394.74 0 0
1500 73.6329 10.4826 17.7629 0.192301 0.194889 394.786 0 0
1500 111.821 -25.8646 17.687 0.837581 -0.405754 394.797 0 0
1500 -9.75842 -0.110471 17.6744 -1.0102 0.0259674 394.93 0 0
1500 51.1441 -17.5171 18.2588 -0.0621535 -0.302391 394.924 0 0
1500 80.3682 -5.47518 18.5012 0.441542 -0.0625736 395.055 0 0
1500 61.0668 69.7448 17.5848 0.0584991 1.04299 395.123 0 0
1500 95.8725 49.7097 17.7524 0.60202 0.839765 395.031 0 0
1500 83.6893 -0.890742 17.9545 0.407114 -0.0610236 395.218 0 0
1500 65.8433 -2.74207 17.6693 0.15434 0.0244683 395.196 0 0
1500 69.7249 7.17312 18.3528 0.294225 0.163994 395.371 0 0
1500 72.7188 24.3145 17.9934 0.315547 0.394836 395.327 0 0
1500 -36.3411 67.3424 17.7305 -1.50459 1.06265 395.323 0 0
1500 103.65 6.61367 18.6107 0.814603 0.109252 395.561 0 0
1500 84.5668 9.92489 18.2401 0.454431 0.166705 395.968 0 0
1500 72.013 12.691 18.0911 0.304894 0.238571 395.9 0 0
1500 83.8878 -54.0587 17.616 0.441515 -0.769324 395.926 0 0
1500 97.5193 -3.85985 17.672 0.616456 0.00784329 395.922 0 0
1500 98.5047 34.3752 18.1225 0.708446 0.644777 395.937 0 0
1500 75.1601 -65.9635 17.9322 0.320815 -1.0699 396.117 0 0
1500 99.1672 13.3162 17.9639 0.681939 0.147817 396.236 0 0
1500 80.8516 -3.40606 18.0848 0.3496 -0.10654 396.262 0 0
1500 59.354 7.43908 18.5252 0.0758277 0.143623 396.25 0 0
1500 102.011 14.9523 17.6326 0.647548 0.148801 396.5 0 0
1500 128.383 3.56897 17.7127 1.0473 0.0133639 396.559 0 0
1500 79.6847 -43.59 17.8641 0.399175 -0.664682 396.459 0 0
1500 86.9219 4.82354 18.81 0.571751 0.177275 396.558 0 0
1500 16.134 -42.3185 17.6494 -0.652973 -0.656268 396.672 0 0
1500 32.8484 17.9091 17.7059 -0.43765 0.22878 396.609 0 0
1500 121.064 -104.206 17.734 1.01943 -1.5805 396.831 0 0
1500 78.854 -25.8407 18.5105 0.426336 -0.425895 396.885 0 0
1500 121.485 3.94665 17.9831 1.06595 0.00442086 397.029 0 0
1500 87.2214 -22.1725 18.5103 0.572527 -0.35154 397.341 0 0
1500 54.4709 9.69824 17.9913 -0.0708536 0.100915 397.603 0 0
1500 96.4461 -0.435043 17.749 0.593715 0.0639793 397.584 0 0
1500 69.6708 37.8434 17.69 0.119463 0.607089 397.549 0 0
1500 82.6292 33.517 17.6901 0.309969 0.543302 397.568 0 0
1500 42.2272 -17.5761 17.9347 -0.255581 -0.319281 397.667 0 0
1500 61.1257 -21.3282 17.9916 0.0262467 -0.351107 397.807 0 0
1500 62.5782 -17.4865 18.0111 0.13169 -0.278541 397.936 0 0
1500 29.2325 72.2455 17.685 -0.372986 1.07148 397.991 0 0
1500 128.026 -5.35407 17.6445 1.04574 -0.0656134 398.03 0 0
1500 101.321 2.2562 18.296 0.73627 0.0908966 397.962 0 0
1500 55.7252 -25.3601 17.9918 -0.0523116 -0.409267 397.898 0 0
1500 49.7201 -9.79949 17.7037 -0.131639 -0.226021 398.018 0 0
1500 45.9118 3.53328 18.0109 -0.162176 0.091585 398.295 0 0
1500 91.8219 -65.1285 17.6472 0.538287 -0.899502 398.187 0 0
1500 82.4497 8.36426 18.097 0.460551 0.0717122 398.192 0 0
1500 37.5135 38.9328 17.7268 -0.35033 0.616499 398.158 0 0
1500 55.6341 30.6976 17.9038 -0.0423012 0.451996 398.381 0 0
1500 78.0955 17.2093 18.754 0.427607 0.301104 398.48 0 0
1500 45.9588 -69.9024 17.6747 -0.219207 -1.02474 398.529 0 0
1500 7.10226 51.6798 17.6629 -0.779686 0.699305 398.49 0 0
1500 86.5214 81.601 17.6944 0.414091 1.18961 398.664 0 0
1500 113.009 19.339 17.6652 0.779441 0.351928 398.656 0 0
1500 126.13 18.3158 17.7018 0.992864 0.318867 398.844 0 0
1500 33.4705 67.2415 17.7063 -0.30684 1.00174 399.131 0 0
1500 48.5785 -60.7269 17.6961 -0.106008 -0.939278 398.882 0 0
1500 92.8204 22.4084 17.9195 0.601581 0.351433 399.105 0 0
1500 83.4065 -31.238 17.8796 0.410702 -0.525407 398.946 0 0
1500 74.0817 24.6024 17.8354 0.184274 0.396902 399.108 0 0
1500 111.955 -9.12493 17.7707 0.85116 -0.170385 399.317 0 0
1500 57.8272 -48.0999 17.8811 0.0382495 -0.766711 399.312 0 0
1500 57.2185 -26.8494 18.0015 -0.0230348 -0.446199 399.325 0 0
1500 51.7075 27.9307 17.7914 -0.103776 0.423914 399.356 0 0
1500 2.79036 6.62223 17.8639 -0.843658 0.110054 399.466 0 0
1500 7.39525 20.0309 17.7179 -0.790317 0.23472 399.607 0 0
1500 98.7448 -33.8256 17.8829 0.627538 -0.557399 399.645 0 0
1500 86.6584 29.9589 17.685 0.487594 0.413777 399.64 0 0
1500 74.7214 46.1519 17.8491 0.301591 0.816271 399.663 0 0
1500 66.5846 -70.1758 17.8365 0.161523 -1.0889 399.713 0 0
1500 23.6898 -30.8534 17.8608 -0.595668 -0.512298 399.714 0 0
1500 56.3621 -56.0035 17.9468 -0.000300864 -0.999933 399.722 0 0
1500 91.8567 -6.63559 18.1527 0.525523 -0.138219 399.94 0 0
1500 84.318 3.95252 18.7442 0.558308 0.0886733 399.871 0 0
1500 71.2221 24.4121 17.9354 0.210677 0.429758 399.917 0 0
1500 72.1322 22.5118 17.7965 0.15044 0.33841 400.475 0 0
1500 79.2636 18.3073 18.086 0.381975 0.238505 400.663 0 0
1500 121.72 5.98682 17.6866 0.930501 0.0903471 400.11 0 0
1500 104.482 -43.3299 17.8908 0.700185 -0.684539 400.637 0 0
1500 3.15638 14.0655 17.753 -0.85159 0.163924 400.482 0 0
1500 59.8311 33.2276 17.9357 0.0437367 0.557436 400.092 0 0
1500 59.453 51.0103 17.8415 -0.0207677 0.785478 400.675 0 0
1500 37.0316 43.6744 17.8411 -0.347176 0.679777 400.581 0 0
1500 86.079 7.13394 18.0219 0.486593 0.166193 400.654 0 0
1500 52.0677 33.4924 18.0113 -0.173453 0.546623 400.67 0 0
1500 73.043 6.46612 17.8191 0.26192 0.0505396 400.971 0 0
1500 100.43 -4.86944 17.7953 0.603765 -0.121015 401.021 0 0
1500 115.499 44.0927 17.6897 0.789416 0.689158 400.942 0 0
1500 93.6418 5.0576 18.4077 0.657069 0.104942 401.016 0 0
1500 7.79572 24.212 17.6974 -0.719608 0.424946 400.787 0 0
1500 79.5463 20.0894 17.8208 0.340782 0.395934 401.023 0 0
1500 4.08059 22.4431 17.7204 -0.791322 0.279159 401.258 0 0
1500 -0.963424 37.7941 17.7268 -0.872619 0.575488 401.197 0 0
1500 45.7989 -37.7315 17.8298 -0.164251 -0.628538 401.261 0 0
1500 110.478 -1.98788 17.9454 0.839499 0.0181175 401.335 0 0
1500 35.3642 -43.5909 17.707 -0.369845 -0.706368 401.434 0 0
1500 -1.90694 12.6256 17.8463 -0.902074 0.224841 401.488 0 0
1500 73.5678 38.3854 17.7295 0.270077 0.518872 401.772 0 0
1500 27.5082 -40.9874 17.7424 -0.457024 -0.594562 401.667 0 0
1500 94.3946 41.1996 17.9467 0.605904 0.638054 401.559 0 0
1500 122.95 -6.36274 17.7023 0.953892 -0.0219974 401.559 0 0
1500 32.7101 58.2357 17.7038 -0.350273 0.909776 401.749 0 0
1500 107.123 40.8771 17.7148 0.764032 0.5444 401.581 0 0
1500 31.8346 11.8639 18.1747 -0.444655 0.222072 401.624 0 0
1500 139.242 3.20854 17.8439 1.3402 0.092385 401.787 0 0
1500 122.937 12.8976 18.1832 1.16475 0.174907 401.807 0 0
1500 66.2164 13.1701 18.0098 0.0992895 0.224599 402.47 0 0
1500 95.5003 6.8967 18.8483 0.729048 0.099785 402.018 0 0
1500 77.288 22.2162 18.1395 0.385664 0.371994 402.011 0 0
1500 -0.285486 -74.4559 17.8072 -0.892501 -1.13526 401.969 0 0
1500 47.1958 -34.5115 17.8246 -0.0994772 -0.564995 402.306 0 0
1500 88.2678 -20.5947 17.8246 0.508629 -0.357946 402.433 0 0
1500 52.0005 -41.1078 17.9354 -0.141277 -0.726474 402.615 0 0
1500 53.9584 -9.35947 17.9474 -0.0697523 -0.234437 402.378 0 0
1500 32.3255 -107.36 18.1438 -0.415629 -1.90483 402.241 0 0
1500 1.29228 -46.9687 17.7298 -0.834045 -0.746322 402.806 0 0
1500 24.3055 19.1313 17.8422 -0.54926 0.241064 402.762 0 0
1500 102.519 -21.9134 18.1305 0.822985 -0.470518 402.763 0 0
1500 113.013 14.2235 17.9338 0.888061 0.198758 403.014 0 0
1500 110.092 11.593 17.8945 0.846937 0.171648 402.957 0 0
1500 101.396 18.1408 18.0773 0.711716 0.320265 403.082 0 0
1500 101.465 11.3927 18.8828 0.80859 0.21898 403.166 0 0
1500 107.07 9.05119 18.0778 0.79188 0.188651 403.233 0 0
1500 108.018 -11.9573 17.7907 0.810169 -0.187487 403.209 0 0
1500 98.8151 20.2441 17.8676 0.685529 0.31134 403.285 0 0
1500 -26.5711 68.7973 17.8622 -1.37849 1.17503 403.286 0 0
1500 69.5254 22.4718 18.2253 0.241958 0.340558 403.748 0 0
1500 98.7741 21.2467 17.8358 0.613147 0.310578 403.631 0 0
1500 23.3965 61.5459 17.7235 -0.472795 0.934185 403.481 0 0
1500 42.0814 -66.1131 17.7226 -0.262866 -1.00592 403.566 0 0
1500 113.416 -1.34937 17.7917 0.885449 -0.0317624 403.509 0 0
1500 77.8229 -16.6943 18.1615 0.410329 -0.269296 403.562 0 0
1500 64.2689 16.4108 17.7981 0.125281 0.316799 403.497 0 0
1500 45.0225 10.6495 17.7984 -0.164825 0.230238 403.431 0 0
1500 58.0006 -54.9753 18.1817 0.0353571 -0.937672 403.599 0 0
1500 106.956 -27.8566 18.0665 0.881143 -0.556841 403.481 0 0
1500 108.531 8.50097 18.0591 0.828879 0.191081 403.895 0 0
1500 52.6515 31.4958 17.7968 -0.0494669 0.541153 403.853 0 0
1500 123.181 -2.77791 18.0638 1.14441 -0.0997236 403.89 0 0
1500 80.1413 7.52665 18.7583 0.425685 0.14891 404.059 0 0
1500 90.0575 -54.0626 17.8307 0.521084 -0.830933 404.253 0 0
1500 115.177 -14.42 17.8941 0.917877 -0.215035 404.025 0 0
1500 116.904 1.9906 17.7977 0.925357 0.0649029 404.329 0 0
1500 18.5346 30.0132 17.8215 -0.639285 0.402627 404.356 0 0
1500 41.4746 23.3964 18.0144 -0.287731 0.359054 404.467 0 0
1500 42.137 -5.27053 18.0154 -0.278931 -0.066455 404.219 0 0
1500 74.9254 29.7517 17.7543 0.198209 0.499697 403.999 0 0
1500 18.4555 31.9425 17.7932 -0.598925 0.559564 404.178 0 0
1500 102.641 -47.66 17.8337 0.698429 -0.734429 404.652 0 0
1500 121.912 -18.9091 17.8352 0.972225 -0.321621 404.823 0 0
1500 85.6829 -72.9057 17.8114 0.456867 -1.09614 404.861 0 0
1500 38.8661 46.4363 17.7991 -0.328357 0.74065 404.498 0 0
1500 73.7205 -27.2132 17.9164 0.321305 -0.432868 404.591 0 0
1500 90.8429 5.68103 17.8672 0.569983 0.116434 404.809 0 0
1500 66.8431 -16.3836 17.9453 0.13358 -0.318684 404.719 0 0
1500 61.8611 9.04129 17.8872 0.127568 0.186021 404.617 0 0
1500 97.8509 42.619 17.9485 0.617579 0.726837 404.668 0 0
1500 173.704 -0.495398 17.8413 1.89769 0.030357 404.671 0 0
1500 41.6885 11.2777 17.8106 -0.263288 0.195013 404.99 0 0
1500 33.9152 12.3216 17.8407 -0.365528 0.206123 405.16 0 0
1500 50.4231 20.7239 17.778 -0.119873 0.340117 405.115 0 0
1500 99.62 5.12128 18.5641 0.760241 0.0744961 404.979 0 0
1500 99.5441 -6.75199 18.2817 0.733809 -0.113756 405.098 0 0
1500 115.312 5.95326 17.9497 0.923211 0.0763966 405.049 0 0
1500 41.4063 46.5638 17.7542 -0.299356 0.740952 404.938 0 0
1500 70.3645 -19.8127 17.9007 0.174456 -0.370002 405.05 0 0
1500 98.6487 16.4343 18.6877 0.89681 0.393484 405.208 0 0
1500 83.266 -12.9649 17.9482 0.468561 -0.212211 405.245 0 0
1500 122.778 -51.2752 17.8546 1.08579 -0.852363 405.362 0 0
1500 34.2195 30.5062 18.1858 -0.41683 0.499202 405.348 0 0
1500 111.166 9.43954 18.0411 0.874598 0.124781 405.502 0 0
1500 120.017 4.66412 17.7975 0.936267 0.135661 405.542 0 0
1500 101.438 -29.1577 17.8038 0.688705 -0.492594 405.577 0 0
1500 56.0656 34.3115 17.912 -0.0228375 0.589254 405.52 0 0
1500 25.2521 46.3116 17.8111 -0.478982 0.773274 405.42 0 0
1500 19.8102 -23.9374 18.0165 -0.625518 -0.470804 405.659 0 0
1500 108.398 42.7033 17.8905 0.806593 0.625164 406.312 0 0
1500 52.637 -20.0577 18.0822 -0.0277461 -0.326768 405.739 0 0
1500 82.7673 -2.03354 17.9929 0.363287 -0.0908698 406.155 0 0
1500 13.8194 -49.8146 17.8288 -0.689397 -0.756631 406.282 0 0
1500 1.04909 16.7756 17.7575 -0.882573 0.29699 405.901 0 0
1500 109.798 -33.789 17.8433 0.83443 -0.490876 406.104 0 0
1500 114.482 -28.5378 17.827 0.89289 -0.381928 406.133 0 0
1500 123.081 -35.9995 17.8378 1.06078 -0.516148 406.13 0 0
1500 67.5609 8.79985 17.8868 0.142014 0.209667 405.814 0 0
1500 82.5472 7.89106 17.8865 0.458472 0.128136 406.147 0 0
1500 121.188 23.6545 17.9424 1.03818 0.419058 405.929 0 0
1500 54.7475 25.6306 17.8412 -0.120729 0.413958 406.29 0 0
1500 90.0645 6.47908 18.3095 0.577915 0.206966 405.95 0 0
1500 91.9529 -32.6698 18.1602 0.608979 -0.51029 406.881 0 0
1500 68.4835 7.67005 18.7511 0.293334 0.134178 406.877 0 0
1500 75.1924 -8.61564 18.8764 0.396913 -0.136534 407.308 0 0
1500 70.7668 11.7377 18.0918 0.218301 0.216811 407.089 0 0
1500 47.4524 -51.2011 17.811 -0.171488 -0.755686 406.847 0 0
1500 -13.0765 -1.09415 17.7968 -1.06732 -0.0144356 406.825 0 0
1500 3.63748 39.917 17.8082 -0.82466 0.626485 406.439 0 0
1500 -4.9311 29.0439 17.8142 -0.938925 0.466175 407.083 0 0
1500 -2.89036 -31.8067 17.8337 -0.921864 -0.49343 406.875 0 0
1500 77.0114 -8.45886 18.6226 0.339282 -0.179063 406.521 0 0
1500 99.7058 -18.0094 18.2014 0.733547 -0.263039 406.729 0 0
1500 121.729 -14.0248 17.7803 0.98611 -0.248507 407.268 0 0
1500 61.1103 54.8306 17.909 0.0519586 0.882056 406.656 0 0
1500 93.1943 -5.04432 18.2314 0.628441 -0.0215187 406.833 0 0
1500 66.7861 -8.36176 18.0831 0.236166 -0.150992 407.072 0 0
1500 41.1349 -42.5911 17.9144 -0.210819 -0.705455 406.841 0 0
1500 18.6636 28.2606 17.8786 -0.594606 0.498229 406.966 0 0
1500 38.8634 -84.3861 17.8166 -0.33867 -1.34673 407.357 0 0
1500 95.0012 57.3829 18.0172 0.599789 0.956584 406.946 0 0
1500 120.384 -21.3044 17.9547 0.991031 -0.403364 407.242 0 0
1500 47.9353 -16.4734 17.9383 -0.109335 -0.328857 406.774 0 0
1500 50.7523 45.3146 18.1918 -0.112051 0.837346 407.359 0 0
1500 80.8869 50.0598 18.1012 0.391296 0.814641 407.561 0 0
1500 67.5813 -7.70607 18.0092 0.213405 -0.0961542 407.444 0 0
1500 98.5332 54.9483 17.8175 0.600631 0.840236 408.01 0 0
1500 -0.963212 -33.1788 17.7699 -0.891879 -0.420687 407.44 0 0
1500 2.86823 -40.0598 17.7686 -0.828136 -0.641807 407.769 0 0
1500 83.8635 -62.0707 17.7823 0.430912 -0.944045 407.678 0 0
1500 54.2771 -46.0105 17.9784 -0.0115491 -0.738207 408.228 0 0
1500 117.268 -4.31805 17.8783 0.958589 -0.0559128 408.063 0 0
1500 55.1719 66.7303 17.7912 -0.0599484 1.06902 407.418 0 0
1500 76.3998 11.0872 18.2853 0.293504 0.226613 407.933 0 0
1500 72.4049 -14.6757 18.141 0.283419 -0.293345 407.643 0 0
1500 69.2136 -35.3372 18.1128 0.251106 -0.592215 408.268 0 0
1500 27.1599 54.6651 17.8629 -0.46497 0.908013 407.694 0 0
1500 105.354 -43.1658 18.1139 0.794667 -0.741571 407.465 0 0
1500 25.3541 -0.430469 18.0291 -0.530994 0.0591936 407.608 0 0
1500 40.7681 46.0421 17.8743 -0.3613 0.735835 408.248 0 0
1500 116.242 29.4941 18.2777 1.10374 0.492685 407.997 0 0
1500 81.0747 -30.4746 17.8344 0.321661 -0.477345 408.739 0 0
1500 31.1642 57.4568 17.8388 -0.415083 0.848237 408.896 0 0
1500 115.849 -35.5767 17.8585 0.900952 -0.535321 408.586 0 0
1500 108.721 -8.91432 18.0083 0.847019 -0.0955017 408.64 0 0
1500 85.6305 50.0922 17.9238 0.44327 0.818979 408.981 0 0
1500 59.9547 40.9778 17.9588 0.0935972 0.682794 408.937 0 0
1500 50.4568 38.6919 17.9841 -0.162195 0.621954 408.953 0 0
1500 111.815 -63.7419 17.9405 0.935906 -1.00168 408.501 0 0
1500 118.662 35.6891 18.3111 1.06991 0.637368 408.982 0 0
1500 61.3388 34.7535 18.2176 -0.00444633 0.609935 408.784 0 0
1500 1.19616 7.95899 17.7934 -0.840519 0.161015 409.163 0 0
1500 8.2699 -0.33984 17.9727 -0.84754 -0.0117011 409.107 0 0
1500 99.2426 8.35538 18.9528 0.786297 0.143597 409.255 0 0
1500 121.571 -17.0615 17.8307 0.933742 -0.296321 409.437 0 0
1500 101.023 17.9705 17.8997 0.661587 0.246071 410.782 0 0
1500 77.2325 19.5657 18.3577 0.297323 0.31929 410.225 0 0
1500 76.976 -17.833 18.16 0.326355 -0.269255 410.983 0 0
1500 66.8972 -29.9147 17.94 0.152631 -0.464528 409.431 0 0
1500 60.3792 -23.0096 17.9047 -0.0184594 -0.3467 411.178 0 0
1500 95.2562 3.86556 17.8214 0.570242 0.0499667 410.512 0 0
1500 69.6663 35.4706 17.8655 0.186025 0.543807 410.836 0 0
1500 97.2822 -62.9654 17.7813 0.636128 -0.900914 409.815 0 0
1500 95.6767 -12.5452 18.6472 0.723012 -0.206188 410.568 0 0
1500 85.3395 -1.5649 18.3507 0.543697 0.010809 409.27 0 0
1500 93.7587 -3.63612 18.3087 0.665992 -0.0800559 409.648 0 0
1500 103.587 27.6115 17.9526 0.74701 0.473679 409.776 0 0
1500 78.6441 24.3306 18.2306 0.32755 0.432975 409.477 0 0
1500 52.0547 -45.1371 18.0341 -0.0846766 -0.752815 409.706 0 0
1500 87.1605 -29.516 17.9229 0.515805 -0.499199 409.881 0 0
1500 70.4066 -29.7347 17.8861 0.137074 -0.506665 409.511 0 0
1500 14.8795 -3.89498 17.88 -0.714268 -0.10685 410.048 0 0
1500 77.8611 -40.9814 17.8721 0.240851 -0.66227 409.966 0 0
1500 47.3147 12.6424 17.8856 -0.219424 0.231697 410.863 0 0
1500 52.8584 37.2187 18.1198 -0.0840051 0.626942 410.944 0 0
1500 69.7579 2.20743 17.8702 0.255908 0.0700215 410.171 0 0
1500 90.4696 25.4028 17.8583 0.571479 0.426393 411.058 0 0
1500 96.3885 4.29001 17.8386 0.654084 0.0181546 410.826 0 0
1500 130.826 -8.96476 18.0259 1.22755 -0.0932465 410.003 0 0
1500 28.931 -2.38485 17.8945 -0.506417 0.0303723 410.351 0 0
1500 79.4135 -13.287 18.6103 0.368181 -0.251424 410.443 0 0
1500 36.2433 22.7801 18.2352 -0.384397 0.37001 410.616 0 0
1500 102.257 -23.3881 18.2904 0.854418 -0.355808 409.673 0 0
1500 47.5858 18.2399 18.048 -0.241208 0.281892 409.528 0 0
1500 32.5246 -9.12238 17.949 -0.501437 -0.130396 410.989 0 0
1500 119.674 -25.0114 17.9981 1.0439 -0.507717 410.851 0 0
1500 72.099 19.2679 18.019 0.209943 0.406288 410.774 0 0
1500 29.1055 29.8648 18.1092 -0.53524 0.622366 410.517 0 0
1500 86.0593 -27.7504 17.9999 0.466445 -0.395232 411.538 0 0
1500 -3.10421 -10.2156 17.8481 -0.929724 -0.124806 411.713 0 0
1500 92.7594 -1.9091 17.8682 0.514048 -0.0813699 411.615 0 0
1500 86.3152 -19.5617 17.9079 0.455617 -0.291605 412.084 0 0
1500 -3.14712 13.7945 17.9036 -0.975172 0.209456 411.657 0 0
1500 54.0037 -64.0433 17.869 -0.112219 -1.00115 411.788 0 0
1500 30.2447 -53.3675 17.817 -0.446862 -0.87329 411.782 0 0
1500 108.755 -6.5039 17.8527 0.845906 -0.0645799 411.615 0 0
1500 109.453 -5.76573 17.8957 0.866286 -0.103657 412.232 0 0
1500 43.0328 2.74875 17.9752 -0.28429 0.0170526 411.87 0 0
1500 111.271 -20.918 18.1853 0.912589 -0.378985 412.169 0 0
1500 17.0362 58.7826 17.9454 -0.686663 0.951248 411.605 0 0
1500 74.8978 -37.9517 18.2059 0.270205 -0.657798 411.863 0 0
1500 47.5331 66.056 17.834 -0.133871 1.11736 411.385 0 0
1500 -8.53646 114.674 17.9653 -1.15426 1.94646 412.146 0 0
1500 83.2505 -13.0385 18.1696 0.440623 -0.166767 412.517 0 0
1500 47.2222 -18.5419 18.0978 -0.139435 -0.310646 412.527 0 0
1500 54.7573 -6.86855 17.8484 0.00809905 -0.133968 412.433 0 0
1500 78.9613 20.0174 17.9703 0.289765 0.338709 412.625 0 0
1500 102.027 14.4634 17.9155 0.686349 0.207425 412.698 0 0
1500 122.681 -3.48869 17.9408 1.0141 -0.0554199 412.892 0 0
1500 27.1799 54.2847 17.8026 -0.432085 0.885582 412.448 0 0
1500 73.793 -23.1457 18.2432 0.241955 -0.403695 412.957 0 0
1500 71.0905 51.744 17.9169 0.208464 0.862131 413.132 0 0
1500 84.3842 -15.6179 18.0297 0.493838 -0.195422 412.909 0 0
1500 96.8826 14.2096 17.8776 0.621075 0.294857 413.058 0 0
1500 93.236 100.371 17.8259 0.484073 1.62006 412.552 0 0
1500 107.646 -29.9144 18.2324 0.867049 -0.537191 412.907 0 0
1500 115.946 1.1884 18.1825 1.05527 0.0456036 412.54 0 0
1500 53.9987 34.4524 17.9244 -0.145118 0.590967 412.422 0 0
1500 120.987 16.8966 17.8981 1.09271 0.224338 412.891 0 0
1500 75.4827 -23.8563 18.3896 0.31458 -0.377817 413.3 0 0
1500 85.5502 0.299977 18.2226 0.471496 -0.0261529 413.259 0 0
1500 71.707 -2.45682 17.9928 0.250737 -0.081884 413.402 0 0
1500 10.2899 19.1512 17.9321 -0.748431 0.305024 413.249 0 0
1500 29.6659 16.2308 18.071 -0.469008 0.290285 413.369 0 0
1500 58.2528 -31.5904 18.0012 -0.0520632 -0.492432 413.313 0 0
1500 82.9791 -10.7845 18.2213 0.43995 -0.24499 413.213 0 0
1500 109.883 -40.641 17.9684 0.84005 -0.619216 414.142 0 0
1500 118.607 -20.6556 18.0048 0.992628 -0.300558 414.358 0 0
1500 85.4224 8.22936 18.0432 0.448634 0.0658206 414.776 0 0
1500 80.1922 16.0062 17.8927 0.339218 0.285662 415.325 0 0
1500 29.9382 17.7283 17.946 -0.448436 0.275746 415.381 0 0
1500 9.92595 -35.9206 17.8781 -0.736476 -0.556674 414.805 0 0
1500 33.8932 34.4806 17.8793 -0.40667 0.541266 413.542 0 0
1500 111.645 38.5732 17.8433 0.856716 0.600565 414.162 0 0
1500 122.711 4.97819 17.8882 1.02065 0.0572487 415.287 0 0
1500 124.548 12.2786 17.8159 1.0271 0.128562 414.875 0 0
1500 124.767 5.12451 17.8848 1.06219 0.064034 414.853 0 0
1500 95.9808 -17.9887 17.8737 0.645669 -0.279831 414.528 0 0
1500 119.253 -20.168 17.7989 0.973513 -0.346348 414.464 0 0
1500 124.437 11.822 17.798 1.03999 0.131019 415.178 0 0
1500 98.8984 44.8939 17.8834 0.625319 0.75168 414.028 0 0
1500 56.0389 65.2283 17.8798 -0.0200951 1.0423 415.03 0 0
1500 -13.198 -81.8943 17.8012 -1.135 -1.28613 414.149 0 0
1500 109.507 25.0764 18.0122 0.857956 0.420112 414.633 0 0
1500 104.803 16.6809 18.0979 0.816378 0.24431 414.662 0 0
1500 61.4014 -47.0758 18.1674 0.0888993 -0.785446 414.662 0 0
1500 101.295 -29.6332 18.2033 0.724187 -0.512705 415.521 0 0
1500 16.7465 -39.9196 17.8523 -0.707689 -0.62418 413.754 0 0
1500 93.5697 31.6976 17.8619 0.554271 0.563441 413.993 0 0
1500 80.799 21.9798 18.2171 0.448773 0.389789 414.73 0 0
1500 78.3805 -43.0165 17.9801 0.341256 -0.73073 414.751 0 0
1500 98.9724 -38.6078 17.995 0.690505 -0.635398 415.715 0 0
1500 59.4484 -11.1304 18.0177 0.0987689 -0.228847 413.712 0 0
1500 95.6366 -0.102664 18.1338 0.673916 -0.0462923 415.125 0 0
1500 28.4221 34.9852 18.0169 -0.457619 0.603386 415.133 0 0
1500 78.3987 37.6139 17.9983 0.283303 0.633765 414.883 0 0
1500 61.2471 33.7874 18.0024 0.0206066 0.577981 414.562 0 0
1500 -135.566 -11.1442 17.8179 -3.0269 -0.231774 414.712 0 0
1500 4.90041 -17.6871 17.8038 -0.848973 -0.337374 415.361 0 0
1500 62.8328 45.0592 17.8591 0.124574 0.753925 415.34 0 0
1500 64.5574 11.0805 18.1459 0.0644215 0.165509 415.309 0 0
1500 133.297 -23.2094 18.134 1.30984 -0.34284 413.969 0 0
1500 43.9871 -8.59637 18.2736 -0.238696 -0.128362 415.737 0 0
1500 111.15 -106.466 17.8559 0.868645 -1.75691 414.604 0 0
1500 85.1075 -61.7422 17.9879 0.389017 -1.03177 415.054 0 0
1500 65.553 -55.4324 18.069 0.186713 -0.963531 414.054 0 0
1500 44.3748 -21.3979 18.5182 -0.230899 -0.384763 414.778 0 0
1500 106.617 -53.395 18.388 0.932298 -0.979811 413.907 0 0
1500 35.0042 -5.70696 18.1838 -0.426604 -0.0531727 415.363 0 0
1500 39.6911 -9.39014 18.241 -0.342508 -0.211391 415.634 0 0
1500 154.352 -14.7489 18.032 1.67407 -0.171638 415.682 0 0
1500 78.0668 25.4571 18.3438 0.326867 0.412724 416.618 0 0
1500 74.2151 10.0108 18.1741 0.30556 0.121155 416.717 0 0
1500 76.2825 12.9822 18.6674 0.339086 0.239603 416.284 0 0
1500 88.9894 12.9441 18.3726 0.543133 0.206207 416.06 0 0
1500 89.3678 6.75181 18.2808 0.544098 0.11832 416.065 0 0
1500 41.1285 -2.57778 18.0025 -0.257211 0.0188066 417.13 0 0
1500 76.2483 -7.37383 18.3731 0.369713 -0.0656899 419.063 0 0
1500 44.6905 -29.6086 17.9519 -0.179283 -0.482342 417.538 0 0
1500 53.9757 -14.3222 17.9574 -0.0495216 -0.267684 417.935 0 0
1500 82.4105 25.6676 17.8664 0.407812 0.392446 417.348 0 0
1500 91.0775 -13.7671 17.9083 0.540734 -0.207864 417.796 0 0
1500 85.341 -3.6124 18.0286 0.471906 -0.0459595 418.572 0 0
1500 65.8701 3.70979 18.0337 0.200128 0.0555712 418.942 0 0
1500 56.3216 58.6025 17.9053 -0.0137277 0.910413 416.989 0 0
1500 85.9985 -39.2218 17.9578 0.470444 -0.609668 417.013 0 0
1500 46.9506 49.8504 17.9214 -0.14767 0.777345 417.875 0 0
1500 87.7188 22.984 17.8775 0.506248 0.32001 416.7 0 0
1500 31.1731 21.257 17.9318 -0.429912 0.324156 418.934 0 0
1500 95.7849 54.8802 17.8798 0.563046 0.878166 415.839 0 0
1500 98.2879 -22.6539 17.8726 0.644853 -0.315788 418.396 0 0
1500 116.984 27.884 18.007 0.946222 0.450849 416.316 0 0
1500 55.7339 -66.96 17.8081 -0.0933822 -1.0255 417.004 0 0
1500 100.486 -53.1703 17.7926 0.596189 -0.851417 417.2 0 0
1500 116.036 -30.0282 17.9895 0.915522 -0.489338 418.019 0 0
1500 -5.07426 -4.28818 17.9588 -0.999612 -0.0649945 416.521 0 0
1500 19.5469 123.813 17.8075 -0.619483 1.90294 416.937 0 0
1500 79.0972 -33.2428 18.2186 0.372436 -0.57778 416.392 0 0
1500 108.132 34.0841 17.8481 0.804805 0.573147 416.691 0 0
1500 98.1898 31.4657 17.8549 0.664323 0.541314 415.756 0 0
1500 101.092 -18.3739 18.22 0.767433 -0.3049 417.414 0 0
1500 113.794 11.0973 17.8375 0.923275 0.15599 416.651 0 0
1500 94.615 33.6514 18.0844 0.603034 0.582252 417.542 0 0
1500 103.753 21.1536 17.9198 0.692452 0.397745 416.747 0 0
1500 4.52386 25.3269 17.9274 -0.860689 0.414751 417.744 0 0
1500 37.4796 28.0113 17.9958 -0.339057 0.49428 416.579 0 0
1500 109.567 20.1945 17.8522 0.808298 0.391764 416.074 0 0
1500 96.3249 -12.1651 18.3118 0.71399 -0.178422 418.498 0 0
1500 47.0791 58.7722 17.8769 -0.19632 0.974107 417.077 0 0
1500 128.976 61.5256 17.92 1.11885 0.992107 418.6 0 0
1500 91.4056 -15.7205 17.9869 0.609064 -0.230891 417.478 0 0
1500 42.6819 -35.2292 18.0908 -0.258459 -0.58949 418.097 0 0
1500 85.0978 55.192 17.8441 0.360266 0.890392 418.833 0 0
1500 72.3837 57.5412 17.845 0.168179 0.927918 418.693 0 0
1500 69.4438 19.0215 17.8659 0.127243 0.353805 416.798 0 0
1500 55.6416 -6.27932 17.8696 -0.0886334 -0.0414778 416.564 0 0
1500 33.3112 24.7615 17.9228 -0.366242 0.460079 418.001 0 0
1500 54.4648 -46.5025 17.9241 -0.110652 -0.748294 418.586 0 0
1500 76.1474 46.6107 17.8182 0.346409 0.747624 418.542 0 0
1500 72.1591 11.2526 17.8337 0.290595 0.208427 417.321 0 0
1500 17.7838 -13.1864 17.9639 -0.636598 -0.288257 416.575 0 0
1500 61.283 -46.2777 17.9326 0.127124 -0.75125 419.007 0 0
1500 95.264 1.57311 18.189 0.686038 -0.0270044 417.864 0 0
1500 80.3519 12.3164 17.992 0.456771 0.202512 416.128 0 0
1500 55.5086 55.2541 17.8552 0.00978666 0.950069 416.896 0 0
1500 57.1257 19.2852 17.8591 -0.0376883 0.380159 418.461 0 0
1500 99.0577 39.5123 17.9028 0.631566 0.705819 417.828 0 0
1500 150.06 40.7709 18.0529 1.58066 0.662217 417.519 0 0
1500 44.9473 -5.97116 17.8411 -0.188363 -0.169934 419.071 0 0
1500 87.9358 -63.4208 17.9782 0.533926 -1.1366 415.876 0 0
1500 116.685 29.4866 18.0448 1.01262 0.528289 418.722 0 0
1500 103.154 -37.6905 17.97 0.73978 -0.695601 418.406 0 0
1500 56.9235 20.4331 18.1741 -0.0787726 0.35229 416.65 0 0
1500 78.944 -45.7315 18.0134 0.3413 -0.866938 416.2 0 0
1500 81.0541 -23.4404 18.7585 0.4047 -0.411228 417.866 0 0
1500 81.6338 3.73951 18.1258 0.506043 0.0451155 417.966 0 0
1500 92.6257 64.9193 18.6771 0.734903 1.30289 416.275 0 0
1500 76.2653 24.9095 18.1424 0.272077 0.411591 419.863 0 0
1500 83.9658 -11.5494 18.0317 0.439882 -0.119825 419.923 0 0
1500 82.1323 6.96961 18.3201 0.467765 0.0979445 419.808 0 0
1500 42.3001 28.6575 18.0236 -0.230156 0.462279 420.016 0 0
1500 122.853 8.42002 17.8471 0.990353 0.179729 419.126 0 0
1500 72.5183 -5.29267 18.6477 0.303516 -0.150731 419.626 0 0
1500 -8.05612 -8.1278 17.8398 -1.03436 -0.067036 419.815 0 0
1500 110.182 -11.2799 18.1607 0.8979 -0.177583 420.067 0 0
1500 119.801 -9.85201 17.7952 1.00077 -0.156782 419.777 0 0
1500 94.7933 46.9794 17.8109 0.623969 0.74276 419.465 0 0
1500 87.4986 50.6506 17.8894 0.445539 0.840657 419.883 0 0
1500 115.398 -13.3648 17.8268 0.929881 -0.154706 420.057 0 0
1500 77.0222 -10.7715 18.1537 0.407548 -0.184194 420.263 0 0
1500 90.7097 -22.8636 17.9006 0.57673 -0.394195 420.14 0 0
1500 76.7258 -15.4243 17.8374 0.308646 -0.316935 419.31 0 0
1500 59.2532 -34.7691 17.8323 0.0355599 -0.615506 419.68 0 0
1500 89.1202 -7.52136 17.8348 0.500815 -0.192969 419.49 0 0
1500 71.4814 2.86836 18.1292 0.325861 0.0496456 419.299 0 0
1500 95.8419 53.9675 18.0428 0.6998 0.912544 419.998 0 0
1500 76.2212 45.5913 18.2133 0.302596 0.829914 419.113 0 0
1500 96.6002 45.313 18.158 0.72376 0.876763 419.766 0 0
1500 98.219 -2.11565 18.2452 0.721025 -0.125087 419.927 0 0
1500 68.1557 -41.3567 17.8152 0.107568 -0.648111 420.45 0 0
1500 72.3961 51.2928 17.8563 0.251748 0.787388 420.495 0 0
1500 88.8942 -10.2444 18.4042 0.611015 -0.17627 420.651 0 0
1500 0.923214 83.8899 17.9863 -0.973343 1.42091 420.52 0 0
1500 50.3595 20.3742 18.0559 -0.0921597 0.320467 422.125 0 0
1500 68.9446 -28.1679 18.0126 0.220919 -0.442719 421.058 0 0
1500 79.5623 8.18831 17.8474 0.352832 0.0669663 421.425 0 0
1500 78.8027 35.1715 17.8637 0.339649 0.552004 421.203 0 0
1500 43.481 7.44773 17.9355 -0.208857 0.171131 423.223 0 0
1500 38.7846 63.3509 17.8399 -0.329732 0.981128 421.039 0 0
1500 91.6926 46.071 17.9108 0.495222 0.72877 423.4 0 0
1500 7.3537 63.0417 17.8222 -0.728444 0.984814 422.45 0 0
1500 12.7271 -21.3194 17.9236 -0.692793 -0.334182 424.036 0 0
1500 95.1782 -3.14948 18.2587 0.67607 -0.0563037 421.666 0 0
1500 68.4881 61.1926 17.8887 0.150877 0.953669 423.096 0 0
1500 141.658 69.6459 17.8084 1.25776 1.11337 421.016 0 0
1500 101.221 11.2358 18.3977 0.789204 0.144888 421.228 0 0
1500 77.4394 23.637 18.1161 0.395457 0.364867 422.366 0 0
1500 115.438 21.4713 17.9466 0.949018 0.307641 421.229 0 0
1500 106.379 43.2815 17.9232 0.794316 0.675795 422.286 0 0
1500 90.2581 -53.0691 17.8861 0.554692 -0.836791 421.905 0 0
1500 86.3173 -58.8569 17.8854 0.480296 -0.895101 424.027 0 0
1500 22.2432 -51.419 17.815 -0.523501 -0.848702 421.603 0 0
1500 33.9994 -54.0067 17.8172 -0.348223 -0.892793 421.226 0 0
1500 80.8873 -61.878 17.8123 0.352577 -0.983669 423.135 0 0
1500 11.1099 -43.419 17.8147 -0.690647 -0.727322 421.672 0 0
1500 72.3599 57.3735 17.8043 0.184938 0.940441 421.19 0 0
1500 109.973 -14.2493 17.8542 0.862838 -0.251075 421.232 0 0
1500 76.5816 22.2929 18.383 0.297188 0.387288 421.782 0 0
1500 81.6916 -54.4613 17.9743 0.391355 -0.890084 422.5 0 0
1500 62.1436 -17.7489 18.1549 0.0994397 -0.349172 421.235 0 0
1500 99.1152 -7.50047 18.2157 0.687353 -0.187447 422.39 0 0
1500 74.1708 -45.381 18.2113 0.308393 -0.755462 422.794 0 0
1500 48.1682 35.8232 18.1298 -0.187306 0.555692 421.945 0 0
1500 59.8075 39.447 18.0841 -0.0128519 0.62468 422.141 0 0
1500 77.2688 25.7001 18.549 0.326652 0.433423 423.742 0 0
1500 87.7136 51.9338 17.9371 0.489256 0.849228 423.436 0 0
1500 77.4807 28.6856 17.9532 0.344605 0.513563 421.698 0 0
1500 108.497 35.8542 17.8765 0.836326 0.509702 423.296 0 0
1500 123.683 -15.3259 17.7939 0.963937 -0.303106 423.431 0 0
1500 7.08164 5.73944 17.8042 -0.809232 0.0144012 422.002 0 0
1500 56.6524 -43.1008 17.8076 0.0440494 -0.70183 421.662 0 0
1500 92.7546 -18.3241 17.8084 0.603757 -0.318453 421.596 0 0
1500 12.7303 -50.2272 17.7967 -0.74433 -0.710978 424.048 0 0
1500 37.9637 -37.0352 17.8145 -0.379181 -0.531515 421.758 0 0
1500 10.4342 -46.9754 17.7971 -0.779913 -0.663244 423.948 0 0
1500 31.951 57.6402 17.7974 -0.457692 0.908379 423.842 0 0
1500 74.3472 30.4421 18.2586 0.356902 0.514901 423.423 0 0
1500 117.071 -3.88417 17.9864 0.957956 -0.113778 424.081 0 0
1500 68.4503 56.1832 17.8245 0.210138 0.909625 423.242 0 0
1500 35.5111 -36.7972 18.1524 -0.336163 -0.624511 423.418 0 0
1500 65.4041 2.23331 18.1658 0.119196 -0.0327303 422.449 0 0
1500 34.388 -40.0094 17.8921 -0.321833 -0.683792 422.623 0 0
1500 61.6308 -30.8086 17.8995 0.0976118 -0.547368 422.035 0 0
1500 73.8665 -28.3046 18.1467 0.300305 -0.506416 423.522 0 0
1500 26.1347 42.3452 17.8348 -0.514891 0.717465 423.583 0 0
1500 90.696 31.6482 17.8416 0.4759 0.559817 422.915 0 0
1500 63.5985 35.4693 18.017 0.11798 0.620787 423.478 0 0
1500 12.2048 -13.4059 17.8236 -0.781373 -0.218256 423.426 0 0
1500 65.9996 6.49604 18.1413 0.197278 0.168936 423.39 0 0
1500 83.5931 -23.3046 17.8203 0.470279 -0.380242 422.879 0 0
1500 64.769 26.3961 17.9421 0.191891 0.439602 422.498 0 0
1500 65.2198 74.0164 17.9555 0.178416 1.24463 421.319 0 0
1500 31.0001 25.6462 17.886 -0.386544 0.470129 423.649 0 0
1500 74.8607 25.6043 17.8637 0.191326 0.424647 423.34 0 0
1500 81.1709 -26.015 17.8284 0.419007 -0.451864 423.727 0 0
1500 138.761 31.5163 18.0405 1.41976 0.563738 421.068 0 0
1500 79.2771 27.7306 17.9096 0.417288 0.467731 423.703 0 0
1500 55.2084 -32.9069 18.2117 -0.0902326 -0.579722 421.287 0 0
1500 44.6344 -35.2763 18.3338 -0.243639 -0.591252 422.718 0 0
1500 41.179 1.7548 17.8411 -0.349873 0.00444917 424.102 0 0
1500 69.1987 36.5527 18.178 0.179622 0.690226 423.009 0 0
1500 25.6185 -38.4781 18.0721 -0.538565 -0.731239 423.592 0 0
1500 36.3294 33.9341 18.1758 -0.33678 0.671625 423.758 0 0
1500 70.1341 25.5428 18.0765 0.220028 0.419611 424.377 0 0
1500 57.65 -23.6925 18.0883 0.0327436 -0.396576 424.66 0 0
1500 28.54 -7.12069 17.934 -0.454258 -0.144934 424.174 0 0
1500 45.919 43.7545 17.9185 -0.156257 0.687689 424.216 0 0
1500 80.9734 23.4105 17.8295 0.385391 0.358566 424.479 0 0
1500 104.406 -30.3974 17.9746 0.731923 -0.477893 424.666 0 0
1500 91.4835 -16.5883 18.4138 0.59175 -0.255695 427.562 0 0
1500 108.896 -7.60313 17.9357 0.795982 -0.0741083 425.307 0 0
1500 117.186 -11.4305 17.8895 0.918469 -0.203405 424.815 0 0
1500 110.048 6.82216 17.896 0.806624 0.0582331 425.615 0 0
1500 100.413 -42.9525 17.8568 0.641311 -0.684736 425.605 0 0
1500 116.477 13.5551 17.8794 0.911414 0.165495 426.585 0 0
1500 93.5519 -56.1642 17.8726 0.599254 -0.859809 424.612 0 0
1500 121.812 4.60022 17.794 0.988661 0.0346279 425.873 0 0
1500 32.4114 60.7731 17.8262 -0.438254 0.920175 425.796 0 0
1500 34.8535 61.5649 17.7959 -0.410543 0.959166 424.411 0 0
1500 47.2473 64.6144 17.7965 -0.226721 1.00867 424.142 0 0
1500 81.2154 -29.9046 18.099 0.417776 -0.445624 429.199 0 0
1500 122.339 -0.424183 17.8797 1.00465 -0.0737755 424.23 0 0
1500 65.7896 72.3805 17.8167 0.173093 1.09992 426.06 0 0
1500 44.9182 40.7703 17.8439 -0.211225 0.642278 428.797 0 0
1500 89.1468 59.6099 17.8267 0.429407 0.941686 426.325 0 0
1500 13.3057 43.3736 17.8305 -0.673195 0.694374 427.242 0 0
1500 62.1236 52.8632 17.8378 0.0324178 0.820157 428.209 0 0
1500 12.3634 33.4692 17.8354 -0.680018 0.545664 427.934 0 0
1500 109.113 -5.24862 18.2729 0.890738 -0.0980572 425.325 0 0
1500 85.2092 24.5493 18.3354 0.550154 0.382 424.659 0 0
1500 86.3148 20.4195 18.336 0.567251 0.320125 424.604 0 0
1500 43.7111 -67.262 17.8112 -0.286438 -1.00834 425.856 0 0
1500 88.3118 10.5828 17.9613 0.50652 0.134638 430.22 0 0
1500 76.7117 -7.83239 17.9652 0.342947 -0.122242 430.52 0 0
1500 106.183 -30.1887 17.8829 0.757129 -0.496106 427.313 0 0
1500 93.9923 -48.4225 17.9106 0.560014 -0.759107 428.599 0 0
1500 94.7543 -53.4841 17.9051 0.589555 -0.858882 426.402 0 0
1500 75.7901 -52.1711 17.9148 0.296273 -0.806449 429.159 0 0
1500 73.4709 55.234 17.8713 0.265073 0.907686 425.114 0 0
1500 72.5957 -6.81678 17.9662 0.286153 -0.101595 431.058 0 0
1500 30.4999 -21.6155 17.829 -0.45236 -0.33674 430.162 0 0
1500 102.163 -28.3892 17.9739 0.702509 -0.424006 431.236 0 0
1500 88.5383 -8.75679 17.9697 0.554949 -0.0960151 424.959 0 0
1500 104.654 25.3422 18.2745 0.78165 0.445306 427.52 0 0
1500 95.0154 0.556995 17.8934 0.589139 -0.0682705 424.923 0 0
1500 80.2862 -19.5608 17.897 0.326457 -0.343477 431.759 0 0
1500 103.025 31.6052 17.9013 0.68817 0.510772 430.571 0 0
1500 -8.05427 -9.54308 17.8059 -1.02722 -0.194197 428.266 0 0
1500 33.6364 -52.9419 17.8135 -0.402159 -0.813534 429.99 0 0
1500 75.6965 -50.8338 17.8185 0.201041 -0.776648 430.578 0 0
1500 46.1779 -7.88951 17.8346 -0.215795 -0.161124 431.921 0 0
1500 65.6869 -13.569 17.9561 0.149569 -0.287201 424.828 0 0
1500 103.029 3.7029 17.9648 0.719877 0.0447163 431.742 0 0
1500 95.8075 22.4146 17.9636 0.671749 0.334978 426.078 0 0
1500 95.698 -2.65978 17.9666 0.672716 -0.048982 425.822 0 0
1500 106.997 35.8436 17.9525 0.82613 0.529689 427.413 0 0
1500 69.4127 2.61721 17.9438 0.203068 0.0975041 432.876 0 0
1500 76.2784 39.2887 17.9322 0.302398 0.615269 431.957 0 0
1500 91.0007 -63.3092 17.8098 0.540489 -0.940434 430.511 0 0
1500 86.1349 -15.4284 18.3003 0.511055 -0.218955 434.057 0 0
1500 100.028 -49.0294 17.8637 0.683725 -0.735452 430.399 0 0
1500 82.2722 2.52093 17.8861 0.456648 0.0139582 425.765 0 0
1500 108.033 -23.0371 17.8712 0.786832 -0.35219 431.548 0 0
1500 60.5323 25.8633 17.8676 0.0946094 0.403072 433.207 0 0
1500 98.938 35.0794 17.9771 0.706788 0.56264 427.961 0 0
1500 114.194 -2.02012 18.2383 1.02928 -0.0441315 424.143 0 0
1500 74.2105 -25.1064 18.3081 0.280907 -0.451068 428.05 0 0
1500 74.0466 -30.1451 17.9302 0.211868 -0.523833 427.163 0 0
1500 90.9666 28.3831 17.9365 0.514461 0.512314 427.253 0 0
1500 80.8521 3.72196 17.9478 0.325876 0.121335 433.913 0 0
1500 83.8295 -23.229 17.8961 0.438868 -0.323039 433.431 0 0
1500 117.046 -30.0216 17.8737 0.951539 -0.439857 429.95 0 0
1500 91.1702 25.6213 17.8924 0.544227 0.364127 433.125 0 0
1500 97.9196 33.1404 17.8796 0.643498 0.466665 432.825 0 0
1500 107.972 -60.3541 17.9052 0.760411 -1.02853 425.416 0 0
1500 79.7821 -9.99999 18.0593 0.347918 -0.229505 427.545 0 0
1500 106.458 44.4902 17.7954 0.757757 0.708153 430.904 0 0
1500 103.396 -17.6781 18.2126 0.746603 -0.339269 429.807 0 0
1500 43.4355 -26.6176 17.8348 -0.252286 -0.427429 434.467 0 0
1500 14.3137 -27.1039 17.8879 -0.728784 -0.378639 428.81 0 0
1500 48.1466 38.0432 17.8946 -0.213043 0.623861 428.215 0 0
1500 113.439 38.3596 17.8038 0.888298 0.552863 431.211 0 0
1500 107.248 7.99192 17.8177 0.76874 0.100939 433.694 0 0
1500 105.645 -39.9306 17.8086 0.758031 -0.590831 432.571 0 0
1500 37.9043 -1.44006 18.1 -0.314401 -0.00539966 435.883 0 0
1500 72.8481 45.9424 18.1667 0.242866 0.763695 429.915 0 0
1500 60.6731 5.05671 18.2308 0.0987979 0.135776 436.667 0 0
1500 80.3012 55.995 17.9292 0.373085 0.911383 430.245 0 0
1500 44.7127 -3.4253 18.1276 -0.232145 -0.0939676 428.559 0 0
1500 71.8454 -12.5967 18.1269 0.185952 -0.235165 428.607 0 0
1500 64.4873 -38.9353 17.984 0.116105 -0.674035 428.98 0 0
1500 36.7124 61.2795 17.8697 -0.294207 0.961694 432.765 0 0
1500 100.411 0.41565 18.2048 0.753435 -0.0336694 430.169 0 0
1500 101.866 -25.2193 18.1994 0.769009 -0.417057 430.719 0 0
1500 105.136 -1.39984 18.2018 0.821155 -0.060801 430.458 0 0
1500 10.5424 -47.7499 17.8286 -0.695224 -0.774992 431.974 0 0
1500 66.7234 -28.9456 17.8507 0.137834 -0.527993 428.2 0 0
1500 42.1332 -55.9974 17.8361 -0.225869 -0.875919 433.547 0 0
1500 28.4524 -42.4533 17.8386 -0.450134 -0.72629 429.245 0 0
1500 32.5016 -15.5658 17.8518 -0.394949 -0.320265 428.122 0 0
1500 49.4782 21.2601 17.9529 -0.097144 0.404635 428.397 0 0
1500 29.0848 -45.609 17.819 -0.463584 -0.769648 429.585 0 0
1500 86.5288 42.38 18.2099 0.520975 0.695013 430.897 0 0
1500 21.8676 13.1693 17.8348 -0.556711 0.239582 435.177 0 0
1500 101.286 -33.961 17.8067 0.712699 -0.576564 429.577 0 0
1500 37.9322 38.7788 18.0122 -0.362398 0.644245 428.239 0 0
1500 74.0776 -0.382429 18.0297 0.317964 -0.06931 429.071 0 0
1500 102.22 26.3237 18.1053 0.720631 0.469727 430.919 0 0
1500 88.0674 5.37631 18.1177 0.515893 0.156723 429.829 0 0
1500 121.822 37.537 17.9537 1.10266 0.686701 425.23 0 0
1500 72.709 -63.274 17.8058 0.298776 -0.967288 429.781 0 0
1500 120.008 -19.8702 17.8156 0.967603 -0.259904 433.701 0 0
1500 71.0161 65.5576 17.8146 0.2556 0.986737 433.456 0 0
1500 124.264 0.7131 17.813 1.04751 0.0403106 432.522 0 0
1500 71.3775 -32.5619 18.025 0.19825 -0.570062 430.375 0 0
1500 70.1245 29.8365 18.2154 0.219277 0.480186 437.847 0 0
1500 65.6265 15.1207 18.2196 0.174466 0.307588 430.687 0 0
1500 94.6219 2.79963 17.8144 0.562111 0.117298 431.515 0 0
1500 93.9226 -37.0869 17.9594 0.616741 -0.553252 433.655 0 0
1500 67.5446 -7.18746 17.9487 0.188008 -0.0457721 437.464 0 0
1500 37.0991 30.8393 17.865 -0.270053 0.499313 436.831 0 0
1500 75.069 54.0171 18.077 0.275813 0.883942 432.368 0 0
1500 68.5027 7.60515 18.0991 0.163103 0.172808 438.187 0 0
1500 75.2739 -10.9514 17.9978 0.312131 -0.108631 437.782 0 0
1500 17.0462 -89.8669 17.8959 -0.615945 -1.5193 427.742 0 0
1500 8.66147 -6.59703 17.9174 -0.807676 -0.0597741 431.33 0 0
1500 47.4743 11.8562 17.9329 -0.218362 0.226515 430.121 0 0
1500 99.9766 -35.3997 17.9312 0.701971 -0.594225 431.737 0 0
1500 78.5923 -40.065 18.0921 0.315735 -0.723151 427.187 0 0
1500 92.0205 -42.2391 17.8604 0.551371 -0.636741 436.162 0 0
1500 81.4158 -60.4627 17.8523 0.406982 -0.912266 434.971 0 0
1500 123.488 13.3906 17.8498 1.02919 0.161512 434.198 0 0
1500 116.503 32.6848 18.1091 1.00625 0.528393 431.29 0 0
1500 60.2279 2.20984 17.9321 0.0742224 0.107147 430.312 0 0
1500 60.3151 65.7764 17.9021 0.0716549 1.04246 433.824 0 0
1500 108.108 24.6115 17.9093 0.79804 0.44371 432.217 0 0
1500 61.1382 56.6626 17.9084 0.0857147 0.927873 432.345 0 0
1500 83.198 35.0758 18.3854 0.438702 0.668591 425.353 0 0
1500 59.1989 -53.2583 17.8791 0.0287963 -0.886945 432.132 0 0
1500 114.111 -26.7187 17.9502 1.0221 -0.454969 426.214 0 0
1500 148.265 9.91946 18.1857 1.59377 0.160633 427.834 0 0
1500 10.5591 13.9693 17.9308 -0.831317 0.235387 429.409 0 0
1500 46.8904 15.5952 18.2407 -0.183797 0.201628 432.289 0 0
1500 111.7 -26.5966 17.9862 0.880536 -0.447029 433.858 0 0
1500 77.1158 -15.0551 18.0083 0.337778 -0.255133 438.912 0 0
1500 85.0906 -33.0381 17.998 0.493103 -0.555217 432.431 0 0
1500 -102.901 19.1188 17.8186 -2.52307 0.363982 431.779 0 0
1500 16.8389 -18.296 17.8473 -0.637571 -0.359277 431.922 0 0
1500 46.2095 -57.1534 17.8391 -0.171792 -0.892676 436.716 0 0
1500 19.7836 -32.1301 17.8462 -0.545173 -0.527254 437.507 0 0
1500 11.5998 -10.5375 17.8463 -0.7174 -0.239264 432.011 0 0
1500 21.2292 -20.2687 17.8489 -0.57103 -0.390517 431.787 0 0
1500 34.435 -61.9183 17.8316 -0.349936 -0.986537 434.922 0 0
1500 99.8627 -32.5957 17.8444 0.593652 -0.535227 437.328 0 0
1500 98.3016 18.6888 17.816 0.649815 0.359598 431.856 0 0
1500 99.483 -33.6429 18.131 0.667943 -0.579921 433.765 0 0
1500 116.816 41.0171 18.1091 1.05658 0.770526 426.04 0 0
1500 75.6178 -72.765 17.8084 0.192168 -1.13016 432.762 0 0
1500 56.2787 -59.1491 17.998 0.0109192 -1.00258 431.054 0 0
1500 -0.51083 -22.7286 17.852 -0.953173 -0.367662 433.397 0 0
1500 120.531 -7.69051 17.8574 0.978738 -0.133034 436.362 0 0
1500 70.4251 63.1086 17.9225 0.17344 1.01045 434.501 0 0
1500 53.1194 35.7623 17.9408 -0.0873261 0.624253 432.223 0 0
1500 112.099 -48.0266 17.9275 0.933694 -0.81536 430.085 0 0
1500 67.6666 -92.2884 18.1265 0.111484 -1.67762 424.569 0 0
1500 44.072 19.5333 18.1555 -0.216448 0.361866 432.877 0 0
1500 124.068 -35.1079 18.5006 1.28275 -0.665149 424.889 0 0
1500 117.829 -29.2307 17.9417 1.00848 -0.551225 429.334 0 0
1500 93.6911 -11.5408 18.2884 0.579358 -0.219862 440.596 0 0
1500 30.1371 4.62501 18.225 -0.446158 0.0949461 433.584 0 0
1500 78.4995 62.7818 17.8555 0.373862 0.970797 435.285 0 0
1500 122.582 -11.7319 17.9462 1.02598 -0.207702 436.391 0 0
1500 -6.35862 18.0518 17.9093 -1.01068 0.277261 435.962 0 0
1500 78.3557 -17.4955 18.1945 0.328693 -0.37482 426.334 0 0
1500 112.249 27.0815 17.9299 0.855842 0.421777 437.787 0 0
1500 95.6636 -10.9316 17.8746 0.652297 -0.20855 433.001 0 0
1500 131.403 9.48881 18.0468 1.30902 0.158406 428.917 0 0
1500 91.384 5.23241 17.9697 0.585947 0.0217346 432.542 0 0
1500 147.314 -15.4986 18.1423 1.57934 -0.256757 429.177 0 0
1500 67.1728 -0.511189 17.8579 0.180524 -0.0747671 433.871 0 0
1500 86.9468 4.51821 18.3385 0.558555 0.142897 431.415 0 0
1500 70.6312 33.5243 17.8996 0.209562 0.595193 433.539 0 0
1500 112.69 39.2821 17.88 0.820214 0.652794 436.65 0 0
1500 92.1771 37.517 17.8909 0.536192 0.64915 434.312 0 0
1500 54.8838 3.45571 17.9102 -0.0342303 0.131902 432.812 0 0
1500 49.144 -12.6382 18.1065 -0.23138 -0.223099 426.665 0 0
1500 79.1865 15.9738 17.9761 0.328945 0.334031 431.035 0 0
1500 111.186 -33.2744 17.901 0.85087 -0.556321 435.833 0 0
1500 84.2648 -20.0455 17.9193 0.444723 -0.263473 440.401 0 0
1500 110.086 12.8181 18.2596 0.993141 0.206028 428.894 0 0
1500 77.3608 -20.1544 17.9501 0.276971 -0.380424 433.732 0 0
1500 88.0753 -51.4345 17.9313 0.431234 -0.842215 435.502 0 0
1500 43.6682 -36.203 17.9459 -0.222036 -0.569486 440.497 0 0
1500 9.54287 -25.1135 17.8407 -0.739987 -0.470662 432.516 0 0
1500 73.2823 1.96208 17.9114 0.298328 0.0889739 433.744 0 0
1500 115.41 9.02803 17.889 0.926442 0.193147 435.746 0 0
1500 10.3924 -41.7345 17.8753 -0.780747 -0.639716 436.358 0 0
1500 23.0253 29.337 17.8882 -0.606503 0.436657 434.692 0 0
1500 68.6449 -1.31192 17.9035 0.0965662 -0.0351832 433.582 0 0
1500 19.7768 41.1475 17.8816 -0.649688 0.611881 435.369 0 0
1500 36.8919 -48.8547 17.8834 -0.390495 -0.760116 435.159 0 0
1500 33.535 -5.93583 17.8978 -0.450054 -0.106898 433.949 0 0
1500 102.042 -27.3417 18.1587 0.739862 -0.475844 436.422 0 0
1500 137.215 5.94152 18.0767 1.32711 0.0761762 434.702 0 0
1500 30.5039 26.5239 18.173 -0.504455 0.413642 430.103 0 0
1500 28.8013 8.62183 18.175 -0.456793 0.184823 435.286 0 0
1500 92.6607 53.8622 17.9268 0.534138 0.876284 437.179 0 0
1500 82.3484 -52.1196 18.2653 0.453085 -0.969342 429.045 0 0
1500 15.8179 51.9724 17.9082 -0.667786 0.806414 438.237 0 0
1500 32.478 28.2006 17.9289 -0.404404 0.437085 441.391 0 0
1500 122.245 -12.4527 17.889 1.0377 -0.270552 433.791 0 0
1500 90.3818 5.02055 17.8331 0.520671 0.153888 434.391 0 0
1500 78.1289 49.6954 17.8189 0.323474 0.83311 435.66 0 0
1500 6.64307 39.2607 17.8129 -0.757141 0.664116 436.612 0 0
1500 92.5654 48.5359 17.8149 0.539227 0.80836 436.231 0 0
1500 98.8722 18.9769 17.8258 0.647103 0.367931 434.965 0 0
1500 90.512 -16.1145 17.8689 0.529349 -0.323863 434.927 0 0
1500 47.3524 -65.4926 17.8911 -0.166392 -1.03346 438.477 0 0
1500 45.7186 -63.7531 17.893 -0.188171 -0.996103 439.283 0 0
1500 24.7783 -53.6275 17.9607 -0.496827 -0.940178 432.425 0 0
1500 58.9705 -48.0629 18.2749 0.03734 -0.889691 429.956 0 0
1500 99.2184 24.8238 17.9862 0.655579 0.393156 441.428 0 0
1500 100.223 -54.7477 17.8995 0.7581 -0.917885 432.323 0 0
1500 36.2708 12.5911 17.9557 -0.343458 0.219896 442.295 0 0
1500 92.1108 20.6702 18.367 0.601045 0.440624 428.004 0 0
1500 99.8038 17.0012 18.0411 0.739014 0.264182 436.52 0 0
1500 97.7517 -11.9278 18.0434 0.710009 -0.176208 436.316 0 0
1500 113.057 -25.6334 18.0307 0.921606 -0.376322 437.87 0 0
1500 4.68933 5.8055 17.9422 -0.89191 0.0739218 435.105 0 0
1500 83.4393 59.5388 18.005 0.407949 0.953106 438.669 0 0
1500 -0.865818 1.12402 17.9279 -0.93945 0.0573777 437.288 0 0
1500 89.4571 5.54724 17.9636 0.484792 0.140071 442.757 0 0
1500 78.9712 36.4487 17.9559 0.371367 0.6275 436.388 0 0
1500 72.1488 45.6025 17.9525 0.265492 0.764149 436.703 0 0
1500 52.7244 -62.1451 17.9227 -0.0769971 -1.00366 438.027 0 0
1500 116.497 -30.3506 17.8518 0.906787 -0.500763 439.512 0 0
1500 95.2073 -9.29571 17.8717 0.572263 -0.185108 442.233 0 0
1500 106.701 19.7139 17.8623 0.798139 0.242852 436.535 0 0
1500 89.6335 -22.6752 17.8689 0.54179 -0.409816 435.94 0 0
1500 86.4278 -21.0175 17.8708 0.493435 -0.38512 435.786 0 0
1500 94.0505 -31.0846 17.8635 0.605568 -0.53579 436.417 0 0
1500 117.972 0.771593 17.8586 0.909965 -0.0441856 440.894 0 0
1500 118.296 -26.9396 17.8511 0.943385 -0.45578 438.768 0 0
1500 89.3051 10.0696 18.1479 0.570673 0.100914 437.48 0 0
1500 91.1626 34.7189 18.0612 0.542838 0.648595 432.419 0 0
1500 80.1293 4.22825 18.1701 0.40573 0.137931 436.699 0 0
1500 51.6048 2.49007 18.0176 -0.110434 0.108605 435.842 0 0
1500 104.827 -42.9818 17.8904 0.698938 -0.718703 438.142 0 0
1500 49.5492 -14.677 18.1786 -0.0782088 -0.270419 444.295 0 0
1500 64.2931 -13.0426 18.3197 0.172796 -0.239443 444.886 0 0
1500 121.834 13.1668 17.9818 1.0167 0.221075 440.296 0 0
1500 43.663 -1.70109 18.54 -0.19654 -0.0112499 438.122 0 0
1500 76.8463 -33.8823 18.5662 0.381256 -0.702983 427.128 0 0
1500 38.4517 -1.76428 17.9141 -0.373399 -0.0312104 436.073 0 0
1500 29.0372 -59.6515 17.8696 -0.417516 -0.944714 440.399 0 0
1500 133.328 -13.86 18.4056 1.41809 -0.281188 430.215 0 0
1500 97.8038 -14.8726 18.3279 0.764046 -0.373838 424.994 0 0
1500 88.0903 63.7763 17.8505 0.486391 1.05056 437.42 0 0
1500 67.8082 -37.2319 18.0682 0.169318 -0.588564 444.102 0 0
1500 114.43 -23.8626 17.8444 0.885147 -0.367284 441.751 0 0
1500 95.4769 14.1041 18.0249 0.660803 0.171195 437.969 0 0
1500 -72.3726 -114.091 17.8845 -2.07952 -1.91414 434.862 0 0
1500 95.948 -68.5776 17.9269 0.709553 -1.12837 433.168 0 0
1500 58.7509 -18.5274 18.1353 0.0936188 -0.362856 434.758 0 0
1500 69.8206 27.0184 18.1724 0.217088 0.488537 438.384 0 0
1500 159.766 -48.9974 17.819 1.5838 -0.809108 438.772 0 0
1500 39.7062 -63.9758 17.9057 -0.287575 -1.00611 441.142 0 0
1500 45.3897 -28.9765 17.8205 -0.250346 -0.397622 444.176 0 0
1500 77.4082 -11.6319 18.3765 0.324404 -0.23991 438.957 0 0
1500 70.0018 -15.581 18.066 0.198755 -0.284583 445.747 0 0
1500 54.8739 -16.4027 18.003 -0.0776648 -0.272373 445.761 0 0
1500 -7.15658 1.49303 17.7963 -0.991281 0.0828673 442.413 0 0
1500 53.1693 43.0297 17.8087 -0.12064 0.729923 438.39 0 0
1500 34.4356 17.1514 17.8161 -0.413873 0.332999 437.808 0 0
1500 122.821 -10.6594 17.8709 1.03015 -0.160256 441.867 0 0
1500 109.697 -41.2267 17.8716 0.833823 -0.605838 442.179 0 0
1500 107.437 18.8724 17.8664 0.751644 0.293536 445.572 0 0
1500 54.8513 -56.7588 17.8449 -0.0841974 -0.949442 438.21 0 0
1500 31.4227 18.599 18.0234 -0.419065 0.355303 438.762 0 0
1500 76.7994 19.5977 18.0269 0.252196 0.334422 445.804 0 0
1500 43.8966 18.9037 18.0789 -0.203908 0.320166 446.165 0 0
1500 59.9978 42.2177 17.9943 0.0929235 0.71066 439.351 0 0
1500 86.1812 -58.8841 17.8586 0.498849 -0.908911 440.698 0 0
1500 27.0785 54.1511 17.8863 -0.491345 0.877736 440.874 0 0
1500 13.3298 -52.186 17.7928 -0.613894 -0.822526 442.475 0 0
1500 7.26591 15.734 17.9385 -0.820655 0.195444 439.943 0 0
1500 31.9101 -124.103 17.8378 -0.372865 -1.99782 438.687 0 0
1500 94.9085 55.9466 17.8308 0.625746 0.826778 441.391 0 0
1500 114.377 -33.7333 17.8313 0.898023 -0.501101 442.749 0 0
1500 99.5806 -46.9419 17.8351 0.673488 -0.685952 443.577 0 0
1500 109.976 34.0001 17.8332 0.858839 0.504204 440.744 0 0
1500 45.4956 61.8784 17.8382 -0.183255 1.00254 441.116 0 0
1500 94.3555 53.6168 17.8375 0.547238 0.875539 441.356 0 0
1500 23.0152 46.0064 17.8454 -0.497192 0.730697 444.211 0 0
1500 14.5296 -15.3337 17.938 -0.725749 -0.212411 439.765 0 0
1500 34.0678 19.4381 17.9473 -0.388783 0.292148 446.074 0 0
1500 -2.28732 11.7988 17.9269 -0.963638 0.199244 441.106 0 0
1500 36.529 -0.362925 17.9504 -0.353247 0.0154367 446.307 0 0
1500 43.8555 25.9911 17.9481 -0.251833 0.383409 446.13 0 0
1500 16.269 -10.6587 17.8588 -0.705667 -0.12196 439.356 0 0
1500 33.4052 -7.04954 17.8686 -0.400453 -0.0601426 445.962 0 0
1500 0.180735 24.868 17.8962 -0.925982 0.337495 441.074 0 0
1500 70.9891 -22.5791 17.8758 0.281087 -0.368823 439.132 0 0
1500 111.792 -2.29132 17.8554 0.897528 -0.0213431 440.411 0 0
1500 113.512 25.4081 18.1749 0.955865 0.468293 438.278 0 0
1500 64.2505 37.0668 17.9942 0.0375188 0.634149 436.192 0 0
1500 103.825 14.0106 17.9998 0.736289 0.1955 445.849 0 0
1500 89.6064 -46.9772 17.9904 0.487903 -0.782985 441.303 0 0
1500 37.2081 63.503 17.7973 -0.393304 0.944521 440.827 0 0
1500 47.9797 54.5856 18.0262 -0.184865 0.870198 441.517 0 0
1500 45.7469 27.8698 18.0419 -0.201236 0.429894 447.223 0 0
1500 70.9088 27.1734 18.0414 0.164594 0.465872 440.171 0 0
1500 57.0085 26.6559 18.0423 -0.0496273 0.458328 440.11 0 0
1500 63.783 -16.5078 18.111 0.172316 -0.260815 447.778 0 0
1500 115.397 -2.80053 17.8504 0.932377 0.00621821 441.252 0 0
1500 80.2286 10.1662 18.0732 0.380999 0.193339 447.593 0 0
1500 67.3612 11.1167 18.0754 0.225848 0.230122 440.19 0 0
1500 48.5216 -56.0099 17.8887 -0.171337 -0.856847 445.537 0 0
1500 114.757 -26.6755 17.8526 0.888349 -0.503271 438.372 0 0
1500 119.884 -15.1438 17.9449 0.985168 -0.281804 443.068 0 0
1500 93.8412 -19.444 17.9623 0.563915 -0.326282 447.087 0 0
1500 24.679 -37.1997 17.822 -0.57451 -0.615804 441.226 0 0
1500 55.8378 -60.601 17.8182 -0.0907441 -0.914878 445.488 0 0
1500 -7.01187 9.08349 17.8117 -1.03288 0.0915227 442.97 0 0
1500 129.493 5.35222 17.8521 1.08975 0.118719 445.65 0 0
1500 -64.2393 102.755 17.8423 -1.9383 1.62832 441.207 0 0
1500 116.125 -31.0917 17.8667 0.89142 -0.53388 443.407 0 0
1500 91.8069 -55.6996 17.8676 0.518864 -0.88164 444.804 0 0
1500 44.7714 -46.0507 17.8817 -0.161887 -0.719944 446.813 0 0
1500 47.3441 -17.8869 17.8928 -0.138146 -0.353636 440.327 0 0
1500 86.3432 -47.7892 17.8759 0.430419 -0.750969 446.21 0 0
1500 75.9708 -47.7581 18.0988 0.300536 -0.795498 442.606 0 0
1500 79.897 -29.4143 18.1094 0.331406 -0.477937 448.278 0 0
1500 55.333 17.6835 17.9702 -0.00923169 0.314098 448.257 0 0
1500 113.504 -11.1291 17.8951 0.906842 -0.117761 442.272 0 0
1500 82.9072 5.84441 17.9121 0.453174 0.143101 440.737 0 0
1500 121.768 17.6762 17.8878 1.00049 0.309467 444.364 0 0
1500 120.314 12.4777 17.9303 0.962088 0.232487 445.728 0 0
1500 120.142 -19.3814 17.8569 0.962865 -0.358097 443.359 0 0
1500 93.0475 -4.20569 17.8783 0.524402 -0.123411 447.641 0 0
1500 119.75 -25.5198 17.8557 0.948017 -0.445601 443.994 0 0
1500 88.7404 -22.7651 17.94 0.55626 -0.382823 441.446 0 0
1500 121.256 -12.0338 17.8555 0.99343 -0.157296 445.521 0 0
1500 108.816 10.7923 17.8625 0.853531 0.183138 442.227 0 0
1500 69.2236 41.6884 17.9482 0.194683 0.652883 448.067 0 0
1500 53.6378 25.2357 18.2706 -0.0423483 0.405381 449.956 0 0
1500 210.276 -22.6408 17.8219 2.35306 -0.388732 443.48 0 0
1500 46.4696 24.5226 18.1428 -0.210654 0.433369 440.486 0 0
1500 28.7554 7.47763 18.144 -0.528327 0.18399 436.843 0 0
1500 42.8941 -61.1987 17.8427 -0.297222 -0.945361 443.7 0 0
1500 23.5035 -3.56488 17.8598 -0.606504 -0.0790514 441.832 0 0
1500 37.6222 -22.0938 18.185 -0.31265 -0.397279 442.826 0 0
1500 54.4001 -47.6641 18.2073 -0.0298533 -0.922319 434.543 0 0
1500 116.036 -29.4379 17.8496 0.981152 -0.432769 441.476 0 0
1500 2.73857 15.6097 17.8715 -0.856381 0.235727 447.494 0 0
1500 64.3188 -37.3784 17.9697 0.0852268 -0.64594 442.649 0 0
1500 79.626 11.5619 17.8454 0.367798 0.188244 449.072 0 0
1500 102.691 48.7381 17.8194 0.731066 0.750436 445.184 0 0
1500 111.514 -34.6537 17.9454 0.886639 -0.512972 444.992 0 0
1500 50.7795 -72.7708 17.8118 -0.0406577 -1.14281 442.952 0 0
1500 33.5738 -56.1663 17.9318 -0.354581 -0.918079 444.707 0 0
1500 40.1055 -18.0505 17.9532 -0.265089 -0.357493 442.558 0 0
1500 55.5251 -25.5761 17.9525 -0.0259094 -0.473835 442.61 0 0
1500 73.5346 -64.4838 17.9283 0.239369 -1.01801 446.338 0 0
1500 14.7702 -67.37 17.8414 -0.648128 -1.0839 445.053 0 0
1500 19.2091 -50.4347 17.8041 -0.664341 -0.761057 444.724 0 0
1500 28.4285 3.0659 18.0122 -0.480039 -0.0146596 443.275 0 0
1500 74.835 -30.7808 18.0091 0.235706 -0.535437 443.498 0 0
1500 18.5855 -14.7367 18.0054 -0.627046 -0.287266 443.789 0 0
1500 46.8568 -44.4658 18.0024 -0.193175 -0.739722 444.051 0 0
1500 66.2279 -15.771 17.8461 0.176323 -0.308262 442.439 0 0
1500 54.0643 -59.8604 17.826 -0.0128307 -0.917788 448.023 0 0
1500 77.3511 17.6355 17.9554 0.359594 0.331454 443.664 0 0
1500 117.529 -10.5112 17.857 0.939656 -0.0914341 444.673 0 0
1500 51.9848 -0.668623 18.0743 -0.133827 -0.0409079 443.724 0 0
1500 6.0511 14.0994 17.8659 -0.80668 0.189469 449.353 0 0
1500 103.931 -38.0651 17.8116 0.644228 -0.617384 448.839 0 0
1500 88.8556 -14.2889 18.0413 0.493245 -0.301923 442.783 0 0
1500 112.914 50.4816 17.9463 0.877155 0.852469 444.326 0 0
1500 102.08 -40.9695 18.1106 0.812487 -0.672879 442.053 0 0
1500 54.4597 -22.7232 18.1021 0.0159408 -0.417748 444.491 0 0
1500 77.3913 21.3083 17.9554 0.343371 0.347181 450.474 0 0
1500 59.4038 -33.9305 18.5988 0.0523092 -0.610716 440.94 0 0
1500 73.4453 -17.9713 17.9955 0.286916 -0.350163 444.678 0 0
1500 101.053 -12.5184 17.9855 0.705447 -0.262644 445.458 0 0
1500 52.601 -15.3156 17.9991 -0.031851 -0.277223 452.107 0 0
1500 90.8654 -7.55471 17.9934 0.501976 -0.170552 451.684 0 0
1500 27.0684 9.5783 17.8323 -0.496351 0.172756 451.106 0 0
1500 99.3437 -24.4493 17.8477 0.690609 -0.429192 445.341 0 0
1500 11.3966 -10.0042 17.9866 -0.812036 -0.104309 441.198 0 0
1500 74.3962 7.68925 17.852 0.219292 0.176125 452.192 0 0
1500 27.4354 39.632 17.879 -0.447133 0.630803 450.885 0 0
1500 37.0153 24.5216 17.8867 -0.340134 0.455111 444.89 0 0
1500 107.407 -24.8167 17.8387 0.758094 -0.455137 445.98 0 0
1500 88.3787 -23.4749 17.8488 0.474489 -0.441058 445.029 0 0
1500 29.3973 -58.8505 17.8302 -0.422359 -0.951115 447.605 0 0
1500 72.4803 -54.0256 17.8393 0.210882 -0.844939 450.33 0 0
1500 92.0862 -4.37531 17.852 0.533898 -0.145717 444.79 0 0
1500 63.4498 -15.5066 18.0694 0.101166 -0.315637 445.28 0 0
1500 85.5266 -12.9187 18.0663 0.397271 -0.247677 452.596 0 0
1500 113.407 27.7677 18.0319 0.951913 0.407553 445.598 0 0
1500 59.692 -60.3999 17.8377 0.0640895 -0.930384 450.108 0 0
1500 97.974 1.47249 17.8497 0.661492 -0.042453 445.259 0 0
1500 80.6075 -48.1919 17.8399 0.387076 -0.799697 446.191 0 0
1500 73.2438 2.11138 17.8598 0.28177 -0.0329244 444.55 0 0
1500 21.9258 -50.2031 17.9521 -0.598092 -0.770579 447.282 0 0
1500 183.499 -43.7707 17.8229 1.98116 -0.643941 446.441 0 0
1500 57.9748 24.0816 17.9027 0.00510311 0.406473 452.294 0 0
1500 56.7375 41.1241 17.8955 -0.0122893 0.64988 451.722 0 0
1500 4.79538 -13.9495 17.9296 -0.885407 -0.30017 442.645 0 0
1500 110.254 6.97083 17.8808 0.819657 0.112498 451.072 0 0
1500 117.853 -14.9072 17.962 0.982133 -0.242971 447.899 0 0
1500 69.0842 12.5886 17.8281 0.221911 0.169727 452.323 0 0
1500 106.389 -46.3045 17.7998 0.782869 -0.68882 448.792 0 0
1500 36.4454 49.6969 17.8162 -0.306268 0.78202 450.854 0 0
1500 -10.2443 -11.3783 17.9923 -1.24586 -0.15597 439.494 0 0
1500 60.8774 7.02181 17.933 0.0996693 0.174168 445.151 0 0
1500 54.8117 21.1686 17.8558 0.0170572 0.330252 452.621 0 0
1500 108.595 -25.2547 17.8358 0.837991 -0.347654 446.782 0 0
1500 121.96 -19.6679 17.8281 1.01481 -0.255779 448.516 0 0
1500 69.9162 -13.0359 18.4441 0.259511 -0.272339 447.4 0 0
1500 110.967 -18.1673 17.8607 0.883852 -0.265696 447.019 0 0
1500 75.1742 7.68737 17.8806 0.349499 0.130488 445.265 0 0
1500 104.041 -38.4663 17.8586 0.775048 -0.571367 447.325 0 0
1500 107.069 22.2369 17.8647 0.774353 0.326783 451.295 0 0
1500 37.4194 -50.3534 17.9371 -0.318179 -0.836661 447.197 0 0
1500 111.103 -0.7085 17.8549 0.835074 0.0407711 449.634 0 0
1500 78.1205 34.575 17.8629 0.34343 0.545235 451.239 0 0
1500 74.7304 24.331 18.2363 0.334774 0.429353 448.776 0 0
1500 94.3823 9.24255 18.2327 0.622102 0.203127 449.33 0 0
1500 17.2165 25.5404 18.0453 -0.645469 0.46645 445.865 0 0
1500 50.4448 75.5327 17.891 -0.172413 1.19438 447.15 0 0
1500 73.2773 -7.06438 17.9837 0.298011 -0.0994228 453.714 0 0
1500 85.2963 50.894 17.8805 0.457714 0.765712 451.877 0 0
1500 123.733 4.57127 17.8721 1.04188 0.106352 449.586 0 0
1500 101.096 -27.438 17.9415 0.663212 -0.445326 452.924 0 0
1500 60.2447 49.7293 17.8794 -0.00243609 0.764134 452.833 0 0
1500 44.6514 65.2089 17.8651 -0.231897 1.02027 450.303 0 0
1500 79.4908 61.5212 17.8665 0.285241 0.982103 449.19 0 0
1500 53.952 46.0479 18.0569 -0.0867496 0.88043 440.194 0 0
1500 19.601 -18.0631 18.0153 -0.675634 -0.372334 442.334 0 0
1500 109.321 29.6717 17.8555 0.766109 0.492645 452.153 0 0
1500 54.2309 -67.0468 17.828 0.00035441 -1.02901 450.878 0 0
1500 85.7609 -18.1805 17.8478 0.490013 -0.333466 446.916 0 0
1500 121.326 24.495 17.8279 0.982198 0.310262 450.858 0 0
1500 85.5465 21.8765 17.8487 0.48716 0.288871 446.853 0 0
1500 101.335 -19.2825 17.8292 0.733052 -0.341335 447.179 0 0
1500 104.337 -48.5834 17.8879 0.684912 -0.791845 450.301 0 0
1500 21.0838 82.6522 17.8212 -0.614651 1.25611 450.187 0 0
1500 68.3318 10.0985 17.8235 0.105039 0.20136 454.303 0 0
1500 64.9665 65.9256 17.795 0.0607383 1.02992 451.019 0 0
1500 23.5654 18.086 17.8143 -0.526517 0.316205 453.609 0 0
1500 57.5659 5.91265 17.8243 -0.0455782 0.142672 454.36 0 0
1500 78.9752 40.3647 18.0396 0.410696 0.65512 448.641 0 0
1500 132.421 30.2425 17.9212 1.28096 0.466382 445.024 0 0
1500 65.0686 5.22964 18.0076 0.184467 0.0880461 455.171 0 0
1500 110.152 -18.2619 17.8388 0.808439 -0.227295 453.095 0 0
1500 42.9109 -57.6286 17.8886 -0.234113 -0.893977 452.816 0 0
1500 9.986 32.1943 17.8977 -0.779636 0.513285 449.885 0 0
1500 45.9748 32.6877 17.9123 -0.246021 0.534583 448.153 0 0
1500 72.5141 -29.1331 17.8353 0.198004 -0.526609 447.515 0 0
1500 -6.3218 8.58174 17.8432 -1.02967 0.111598 450.33 0 0
1500 129.095 11.196 17.8258 1.11309 0.174682 451.654 0 0
1500 103.204 -12.606 18.0271 0.789686 -0.169258 448.718 0 0
1500 10.9421 60.7446 17.8337 -0.745846 1.03802 446.735 0 0
1500 167.151 10.8995 17.8629 1.69687 0.160489 451.082 0 0
1500 64.6837 -40.2451 18.007 0.102056 -0.615179 457.199 0 0
1500 66.1883 17.4883 17.8471 0.180092 0.274816 454.804 0 0
1500 103.411 -39.0902 17.8269 0.731449 -0.542254 452.189 0 0
1500 13.5878 47.9227 17.8214 -0.711913 0.765733 451.137 0 0
1500 119.763 -14.9006 17.8622 0.968189 -0.288797 450.577 0 0
1500 123.473 -15.2476 17.8601 1.00754 -0.289321 451.655 0 0
1500 77.8045 -62.9851 17.8129 0.271101 -0.993538 452.226 0 0
1500 91.1983 -46.2889 17.8217 0.456906 -0.732432 453.772 0 0
1500 60.6363 5.36939 17.8426 0.0210949 0.00806001 447.623 0 0
1500 2.21985 -28.4463 17.8148 -0.860657 -0.502197 450.257 0 0
1500 60.6271 -39.5782 17.8316 0.0188441 -0.627655 454.738 0 0
1500 93.3238 -50.413 17.8181 0.490706 -0.796952 453.294 0 0
1500 65.8236 -65.2966 17.8119 0.0970154 -1.04215 451.259 0 0
1500 10.0877 -27.5256 17.8615 -0.797456 -0.392485 449.685 0 0
1500 -7.3915 -0.347889 17.8534 -1.03915 0.0211962 451.245 0 0
1500 -4.18455 8.98926 17.857 -0.962921 0.155587 453.232 0 0
1500 15.2425 31.9634 17.8645 -0.672143 0.48068 454.25 0 0
1500 78.4868 -79.3266 17.9046 0.381604 -1.35906 445.465 0 0
1500 30.517 -24.0828 17.8741 -0.397376 -0.445834 448.888 0 0
1500 85.6426 -49.4526 17.9252 0.443106 -0.821997 450.443 0 0
1500 75.1025 27.3768 17.9856 0.215035 0.438473 456.118 0 0
1500 74.735 20.2244 17.9868 0.233034 0.376051 449.002 0 0
1500 78.0474 65.4045 17.8963 0.34293 1.13058 446.554 0 0
1500 76.8003 36.6606 17.9121 0.35814 0.627907 448.444 0 0
1500 104.33 -30.5378 17.8442 0.801949 -0.461748 448.351 0 0
1500 13.5484 -23.872 17.9472 -0.691916 -0.434659 450.221 0 0
1500 14.5583 -10.7867 17.9514 -0.680476 -0.236444 449.839 0 0
1500 37.1369 12.5395 18.0266 -0.402498 0.155257 444.644 0 0
1500 44.9642 -52.3422 18.0225 -0.19364 -0.94305 445.629 0 0
1500 100.633 -32.3633 17.8086 0.659941 -0.510108 454.845 0 0
1500 74.5002 12.0095 17.8249 0.313617 0.136303 448.742 0 0
1500 89.1454 -37.0897 17.8093 0.532921 -0.621113 449.957 0 0
1500 92.9807 -35.1659 17.833 0.603825 -0.501699 449.981 0 0
1500 131.776 -47.4946 17.9496 1.30695 -0.820439 445.088 0 0
1500 111.089 -32.6371 17.8729 0.843929 -0.478399 454.374 0 0
1500 151.766 15.8426 17.9064 1.55754 0.249442 448.847 0 0
1500 86.0581 -16.2635 17.8532 0.401169 -0.298419 456.386 0 0
1500 6.58923 -27.4006 17.8366 -0.774752 -0.492762 450.912 0 0
1500 8.12729 9.10937 17.8741 -0.82185 0.0971256 450.557 0 0
1500 23.4675 -52.0129 17.8672 -0.553444 -0.790435 454.524 0 0
1500 25.1888 -13.3394 17.8825 -0.56708 -0.249286 449.822 0 0
1500 58.4677 -33.0221 17.8845 -0.052032 -0.555282 449.671 0 0
1500 96.7665 -38.6773 17.867 0.624974 -0.574729 455.351 0 0
1500 123.654 -0.509496 17.9212 1.04633 0.0115014 453.49 0 0
1500 17.458 -13.9197 17.8889 -0.621839 -0.257331 454.719 0 0
1500 73.9555 20.2671 18.0185 0.308688 0.380514 450.329 0 0
1500 84.3055 -45.1499 18.1227 0.435941 -0.754078 452.758 0 0
1500 132.242 -42.4467 17.9375 1.29748 -0.698455 447.539 0 0
1500 42.2879 34.529 18.1034 -0.299755 0.68198 443.759 0 0
1500 115.984 -22.1318 17.7986 0.856434 -0.388076 455.564 0 0
1500 26.6597 30.4869 18.0908 -0.484999 0.527579 452.29 0 0
1500 147.069 31.4671 17.8532 1.45214 0.440227 450.875 0 0
1500 89.0862 7.30546 18.0878 0.541889 0.181426 452.34 0 0
1500 113.949 43.6463 18.1325 1.02226 0.826604 445.09 0 0
1500 131.658 18.1242 18.0585 1.27492 0.355194 448.624 0 0
1500 35.5327 -25.8064 17.9742 -0.426165 -0.3798 448.99 0 0
1500 75.2766 30.3121 18.2177 0.269339 0.485766 460.028 0 0
1500 38.5895 63.189 17.8294 -0.287003 1.0027 455.801 0 0
1500 99.2666 -46.9175 17.9187 0.604111 -0.792655 452.292 0 0
1500 78.2458 -65.3435 17.7921 0.228376 -1.004 455.159 0 0
1500 86.416 37.4455 17.889 0.441058 0.591451 459.362 0 0
1500 83.4113 -26.4066 17.843 0.335381 -0.460692 453.282 0 0
1500 55.4493 46.8703 17.9641 -0.0147612 0.730411 460.177 0 0
1500 56.8336 -31.116 18.048 -0.0309693 -0.543681 454.386 0 0
1500 73.1325 -44.009 18.04 0.217464 -0.734555 455.038 0 0
1500 34.5368 -42.4541 18.2524 -0.375134 -0.832509 446.365 0 0
1500 79.5707 0.630517 17.9153 0.404589 -0.0465121 452.478 0 0
1500 72.5663 28.8631 17.9201 0.229267 0.523798 454.191 0 0
1500 44.1293 53.6845 17.9215 -0.261275 0.85728 455.656 0 0
1500 50.5285 -2.81198 17.8352 -0.156264 -0.114424 453.491 0 0
1500 73.1125 40.0561 17.8005 0.238295 0.642043 459.815 0 0
1500 53.9774 50.5074 17.7941 -0.0382352 0.832926 456.396 0 0
1500 38.7713 -8.5633 17.8522 -0.283853 -0.210312 454.352 0 0
1500 87.427 -15.1606 17.8315 0.438978 -0.28045 461.556 0 0
1500 112.31 -31.0967 17.8123 0.823872 -0.526925 458.695 0 0
1500 81.2648 -55.0705 17.8129 0.372323 -0.893362 457.675 0 0
1500 39.3432 28.9756 17.8304 -0.368784 0.436703 455.175 0 0
1500 65.2837 23.2342 17.841 0.0989281 0.395912 462.478 0 0
1500 102.058 26.8871 17.9907 0.761762 0.384435 457.122 0 0
1500 65.6531 -24.4746 18.2072 0.0895218 -0.371232 457.035 0 0
1500 74.9834 -17.6356 17.9011 0.349061 -0.279502 456.01 0 0
1500 6.38234 1.58014 17.9501 -0.879866 -0.0415775 453.257 0 0
1500 4.41266 -25.1452 17.8437 -0.857352 -0.438499 458.126 0 0
1500 48.0669 -29.4808 17.861 -0.202097 -0.517688 456.392 0 0
1500 -3.49091 4.10087 17.843 -0.975308 0.00403286 458.237 0 0
1500 27.3106 -10.3549 17.8606 -0.524392 -0.220382 456.422 0 0
1500 -3.84668 -38.5175 17.972 -0.993207 -0.702961 454.113 0 0
1500 55.6959 -5.93396 17.8291 -0.0798595 -0.136751 463.934 0 0
1500 26.9191 -12.7579 17.8217 -0.485885 -0.233945 463.386 0 0
1500 15.9851 -14.7119 17.8162 -0.644061 -0.263162 462.93 0 0
1500 111.503 -10.0041 17.8389 0.828012 -0.229059 457.793 0 0
1500 115.926 -21.4164 17.8082 0.946197 -0.355396 458.848 0 0
1500 150.288 -89.908 17.7965 1.39148 -1.37376 461.736 0 0
1500 59.6761 -16.6798 17.872 0.0232875 -0.33851 457.459 0 0
1500 14.1604 -49.7996 17.8447 -0.654072 -0.813937 460.764 0 0
1500 49.9116 -24.7866 17.8687 -0.174203 -0.377051 465.667 0 0
1500 52.2181 -59.8374 17.8482 -0.153501 -0.938908 460.271 0 0
1500 2.73111 -8.36762 17.8423 -0.877979 -0.19414 460.245 0 0
1500 69.098 -92.1307 17.8093 0.155864 -1.45741 461.382 0 0
1500 45.5655 5.15313 17.872 -0.223238 0.00890247 458.866 0 0
1500 0.694666 -14.9574 17.8484 -0.89662 -0.296317 460.934 0 0
1500 113.67 -29.752 17.8317 0.838457 -0.537973 459.009 0 0
1500 57.0068 50.9961 17.832 0.00859267 0.793633 465.51 0 0
1500 100.125 17.2322 18.3098 0.732942 0.345506 459.685 0 0
1500 61.8593 -56.8018 17.8481 -0.0137251 -0.878498 461.438 0 0
1500 -6.89152 1.39551 17.9577 -1.1319 0.0167028 457.465 0 0
1500 117.799 3.90787 18.2063 1.00414 0.0598532 464.057 0 0
1500 117.797 -1.96722 18.2063 1.00433 -0.0266613 464.041 0 0
1500 68.8584 2.11355 17.8636 0.238114 0.0742857 460.068 0 0
1500 95.5732 -7.23125 18.0383 0.66614 -0.0691893 461.636 0 0
1500 60.5107 -53.5327 18.003 0.103032 -0.874177 462.331 0 0
1500 49.752 46.1724 17.9121 -0.21151 0.75414 458.211 0 0
1500 104.786 -62.2636 18.0084 0.834784 -1.01418 459.505 0 0
1500 96.6213 -59.8615 17.83 0.607581 -0.964942 463.542 0 0
1500 122.646 1.44404 17.9284 1.02554 0.0259251 466.075 0 0
1500 100.34 -25.3703 17.9386 0.735662 -0.381664 462.863 0 0
1500 119.407 -23.2709 17.8922 0.980618 -0.355628 465.977 0 0
1500 67.1083 -14.7837 17.9201 0.203675 -0.219904 469.497 0 0
1500 35.5323 -10.1237 18.1655 -0.355186 -0.24966 458.183 0 0
1500 112.432 -99.9973 17.8094 0.899086 -1.51831 464.224 0 0
1500 24.811 13.4553 17.8469 -0.476717 0.258983 469.444 0 0
1500 102.775 45.241 17.8466 0.739492 0.710551 465.254 0 0
1500 75.2898 16.2642 17.8715 0.307217 0.259261 469.843 0 0
1500 43.8066 26.4149 17.846 -0.274661 0.46724 462.734 0 0
1500 13.6282 7.5031 17.8518 -0.724541 0.179801 463.369 0 0
1500 70.8759 -61.4427 18.1426 0.261925 -1.09058 460.402 0 0
1500 101.322 48.7477 17.8179 0.615663 0.799808 466.565 0 0
1500 2.23309 21.5213 17.8482 -0.83746 0.369766 470.902 0 0
1500 15.2169 50.2148 17.8415 -0.664561 0.798326 469.475 0 0
1500 1.14782 34.0194 17.841 -0.880325 0.566871 468.745 0 0
1500 10.0856 41.9666 17.9078 -0.732566 0.697523 468.186 0 0
1500 75.0886 17.811 17.9322 0.223541 0.313557 473.019 0 0
1500 28.1381 10.6759 17.9299 -0.432441 0.214561 472.841 0 0
1500 55.4113 38.4469 17.9261 -0.0512819 0.605471 472.538 0 0
1500 60.8384 10.7991 17.9347 0.0276828 0.24116 465.465 0 0
1500 36.3676 17.523 17.9296 -0.352008 0.344182 465.803 0 0
1500 55.4253 62.5809 17.9101 -0.0524052 0.968802 470.743 0 0
1500 81.4557 -16.5589 18.0212 0.428926 -0.318604 466.418 0 0
1500 75.183 -64.6425 17.83 0.33295 -1.06761 464.738 0 0
1500 126.476 -2.26345 18.1352 1.23458 -0.0616672 462.457 0 0
1500 114.849 5.93353 17.8199 0.864258 0.0353637 472.762 0 0
1500 48.9864 10.5514 17.8529 -0.17858 0.223216 469.475 0 0
1500 5.97716 30.2753 17.8847 -0.846888 0.423639 470.047 0 0
1500 31.0872 -51.6841 17.8876 -0.450494 -0.836534 471.872 0 0
1500 42.1988 -43.6198 18.061 -0.276389 -0.70138 473.113 0 0
1500 21.2218 -26.2659 18.0616 -0.596062 -0.437673 473.06 0 0
1500 78.693 16.4473 17.9663 0.279123 0.306658 472.81 0 0
1500 66.877 46.8718 17.8529 0.108332 0.717346 481.422 0 0
1500 92.1208 -53.5323 17.8199 0.5546 -0.86267 478.039 0 0
1500 66.3175 -40.2354 17.8377 0.15845 -0.625736 482.062 0 0
1500 -4.05986 -17.8484 17.8163 -0.992832 -0.302264 479.36 0 0
1500 63.163 -38.8655 17.837 0.0100032 -0.581727 483.305 0 0
1500 26.7541 -4.43268 18.0081 -0.478392 -0.0912227 485.21 0 0
1500 11.4819 -29.7025 17.9083 -0.709111 -0.539209 484.989 0 0
1500 112.876 -28.5956 17.89 0.897086 -0.419635 491.493 0 0
