Total number of secondary electrons: 1334
1500 90.3382 21.1594 18.6682 0.598766 0.384507 267.853 0 0
1500 88.8439 -3.51249 18.5791 0.686365 -0.107624 276.312 0 0
1500 68.3868 -38.3772 18.3051 0.186117 -0.64608 283.715 0 0
1500 104.267 1.35479 18.2489 0.899416 0.0930192 284.892 0 0
1500 83.2547 -0.313534 18.3333 0.522919 0.00798214 285.339 0 0
1500 93.5552 19.7885 18.3258 0.672688 0.309417 285.941 0 0
1500 103.225 -1.25295 17.3381 0.719077 0.0215405 298.715 0 0
1500 194.68 47.3139 17.1196 2.1911 0.806067 299.098 0 0
1500 73.9485 -25.9592 17.3642 0.293782 -0.415846 299.547 0 0
1500 100.557 4.40833 17.2944 0.783533 0.0282968 299.731 0 0
1500 89.0799 36.8401 17.0795 0.557636 0.551382 300.423 0 0
1500 95.2288 -9.45906 17.0851 0.647713 -0.105773 300.977 0 0
1500 116.41 -19.3914 17.1304 0.957326 -0.26021 301.171 0 0
1500 43.1226 9.53887 17.1732 -0.273388 0.184748 301.177 0 0
1500 58.8578 29.5171 17.1598 -0.0308137 0.490596 301.439 0 0
1500 34.8933 37.4258 17.1269 -0.394713 0.60603 302.077 0 0
1500 84.3979 -25.5149 16.976 0.470606 -0.438278 302.334 0 0
1500 62.6925 38.2023 17.022 -0.00157623 0.596286 302.892 0 0
1500 100.444 -52.5868 17.0061 0.697831 -0.77635 303.543 0 0
1500 115.277 19.2162 16.9784 0.923775 0.244046 303.871 0 0
1500 26.0931 56.6067 17.0356 -0.539236 0.851954 305.063 0 0
1500 82.4021 -27.7901 17.1846 0.352733 -0.494968 305.587 0 0
1500 95.6475 21.5197 17.1458 0.607075 0.326121 305.756 0 0
1500 89.2416 18.5129 17.0749 0.510562 0.247669 306.782 0 0
1500 94.2445 -39.1467 17.0297 0.541287 -0.695522 307.111 0 0
1500 80.845 -54.4083 17.1556 0.423017 -0.874539 307.943 0 0
1500 66.7015 -74.8672 17.0223 0.145509 -1.16586 309.513 0 0
1500 149.594 60.4407 17.0521 1.4347 0.870477 310.99 0 0
1500 111.719 21.2523 17.1444 0.881165 0.296708 312.737 0 0
1500 61.6217 27.5408 17.6136 0.077888 0.430612 313.388 0 0
1500 118.916 -11.7497 17.1502 0.968545 -0.137808 316.934 0 0
1500 91.3606 -10.5914 18.8328 0.698138 -0.212356 317.569 0 0
1500 79.4439 -17.7188 17.7178 0.339194 -0.3217 321.166 0 0
1500 11.2456 -6.46703 17.4342 -0.741728 -0.116175 322.376 0 0
1500 93.2258 -18.921 17.6693 0.695791 -0.360456 322.6 0 0
1500 60.3894 22.3523 17.4956 0.00959067 0.386572 324.388 0 0
1500 88.9934 -20.6624 17.7114 0.491661 -0.372813 324.461 0 0
1500 71.1331 -27.9747 17.9997 0.236005 -0.490037 325.437 0 0
1500 76.4119 -31.311 17.7633 0.360737 -0.528854 326.023 0 0
1500 107.239 -0.953485 17.8555 0.849813 0.0212915 326.447 0 0
1500 70.8869 -42.9564 17.5101 0.228135 -0.649936 326.711 0 0
1500 8.29029 -74.3141 17.5334 -0.78838 -1.25492 327.252 0 0
1500 102.036 1.9624 17.8833 0.766303 0.0719242 327.854 0 0
1500 118.578 8.75193 18.7403 1.19617 0.163272 328.101 0 0
1500 70.0428 -4.69321 17.3277 0.191234 -0.14703 328.68 0 0
1500 75.6562 18.1165 17.3521 0.247461 0.3474 328.989 0 0
1500 34.4041 -24.3185 17.5379 -0.360965 -0.347609 329.035 0 0
1500 66.9387 -29.6303 17.328 0.142922 -0.52323 329.148 0 0
1500 29.0899 37.0655 17.3545 -0.451947 0.625643 329.94 0 0
1500 77.9185 -10.8729 17.7142 0.371067 -0.230434 330.247 0 0
1500 125.178 7.81566 18.5171 1.46694 0.147546 330.379 0 0
1500 2.62726 29.3464 17.3627 -0.832156 0.501103 331.166 0 0
1500 98.401 16.1086 18.2947 0.768762 0.288769 331.16 0 0
1500 12.3375 -45.1895 17.3401 -0.661757 -0.734936 331.277 0 0
1500 91.8067 -23.2058 17.8317 0.587562 -0.492773 331.991 0 0
1500 106.213 -20.2479 17.8276 0.829209 -0.290709 332.046 0 0
1500 94.6527 5.30738 17.4979 0.603426 0.0162905 332.152 0 0
1500 97.2909 2.48731 18.6933 0.752202 0.112465 332.758 0 0
1500 91.2333 -12.7426 17.8616 0.525761 -0.23243 332.867 0 0
1500 91.5445 -7.08912 18.6876 0.704098 -0.0835411 334 0 0
1500 80.307 62.2456 17.4048 0.294884 0.942597 334.152 0 0
1500 77.9579 -26.065 18.4626 0.400101 -0.437064 334.557 0 0
1500 35.1175 33.1847 17.9706 -0.476305 0.546065 334.532 0 0
1500 62.6303 -4.73192 18.2033 0.162189 -0.140564 334.775 0 0
1500 94.8898 -3.87708 17.6788 0.651134 -0.0381164 334.705 0 0
1500 98.729 -17.3844 18.094 0.744944 -0.257018 334.893 0 0
1500 101.445 6.17568 18.094 0.783864 0.0805761 334.893 0 0
1500 44.772 -44.0997 17.4196 -0.174651 -0.673628 335.87 0 0
1500 91.1586 -2.53996 18.7911 0.674632 -0.0986901 336.087 0 0
1500 88.7681 0.167834 18.1829 0.555555 0.0226109 337.104 0 0
1500 62.8456 2.59187 18.3953 0.159559 0.0961373 337.261 0 0
1500 79.4042 -24.7528 18.2273 0.465027 -0.406258 337.3 0 0
1500 111.223 5.09671 17.92 0.897298 0.0798953 337.49 0 0
1500 99.6821 -3.69497 17.5452 0.672325 -0.11647 337.594 0 0
1500 77.733 0.779822 17.9319 0.383178 0.0119406 338.308 0 0
1500 93.4513 -7.73868 18.1379 0.604079 -0.183448 338.248 0 0
1500 47.105 17.0554 18.157 -0.178607 0.311241 338.519 0 0
1500 81.9209 1.07515 18.0692 0.431551 -0.0336455 338.988 0 0
1500 111.077 29.9542 18.1559 1.03841 0.537767 339.154 0 0
1500 124.083 -3.21283 17.7005 1.0379 -0.0323244 340.007 0 0
1500 30.72 -23.9256 17.5757 -0.395939 -0.430783 340.307 0 0
1500 83.0901 19.7563 18.21 0.412944 0.342344 340.577 0 0
1500 80.3321 35.4769 18.6105 0.522941 0.71197 340.612 0 0
1500 105.209 20.0663 17.7556 0.750284 0.375152 340.666 0 0
1500 59.1294 24.0569 17.5567 0.00918677 0.434048 340.84 0 0
1500 74.3439 1.9246 17.766 0.29636 0.100086 340.95 0 0
1500 50.3566 19.3358 17.766 -0.0596247 0.358174 341.015 0 0
1500 89.5154 -15.563 18.1855 0.580402 -0.313909 341.162 0 0
1500 110.187 -26.5022 18.4632 1.04838 -0.43763 341.162 0 0
1500 101.706 4.18894 18.3817 0.801246 0.00701397 341.468 0 0
1500 49.8785 -141.277 17.5309 -0.0750898 -2.17975 341.688 0 0
1500 85.932 -16.3367 18.0438 0.449591 -0.305108 341.709 0 0
1500 112.145 -4.76066 17.8601 0.896894 -0.0580008 341.86 0 0
1500 91.5574 14.1798 18.1818 0.686407 0.221863 341.983 0 0
1500 43.8331 33.1111 17.6559 -0.162867 0.558897 342.043 0 0
1500 104.733 24.6752 17.5608 0.675898 0.442969 342.004 0 0
1500 65.6434 5.35517 17.789 0.077189 0.0568872 342.228 0 0
1500 119.215 5.06698 17.7662 1.00119 0.0248333 342.284 0 0
1500 102.96 21.9999 18.4365 0.924964 0.475118 343.162 0 0
1500 44.2302 -42.3264 17.7902 -0.237642 -0.642548 343.182 0 0
1500 97.2054 0.833364 18.7019 0.758973 -0.0257702 343.247 0 0
1500 79.1479 2.80397 18.5531 0.499676 0.016802 343.813 0 0
1500 58.7928 69.005 17.5858 0.00392223 1.04823 344.608 0 0
1500 89.9634 -14.7478 18.0707 0.51026 -0.282954 344.683 0 0
1500 92.4792 58.8309 17.5354 0.463751 0.892114 345.946 0 0
1500 135.893 -25.6918 18 1.38268 -0.411739 345.922 0 0
1500 69.708 24.0014 18.3317 0.23252 0.406201 346.097 0 0
1500 133.501 2.65026 18.3145 1.36957 0.0817839 346.062 0 0
1500 74.0508 11.254 18.199 0.369801 0.208956 346.25 0 0
1500 71.1332 -15.3865 19.0981 0.340226 -0.255103 346.302 0 0
1500 65.5048 11.9906 18.6316 0.215325 0.216846 346.355 0 0
1500 45.4401 -57.665 17.6212 -0.201649 -0.906616 346.287 0 0
1500 34.63 7.06905 17.5716 -0.381924 0.174829 346.311 0 0
1500 88.1976 17.2039 18.2954 0.609815 0.272102 346.394 0 0
1500 46.3748 -65.2901 17.5507 -0.244281 -0.95016 346.539 0 0
1500 91.2523 -36.0157 17.6779 0.528606 -0.595251 346.45 0 0
1500 37.9708 27.1062 17.572 -0.330302 0.472554 346.635 0 0
1500 30.8005 24.5555 17.5723 -0.436477 0.433882 346.737 0 0
1500 98.8 -23.2368 17.6358 0.611353 -0.408841 346.812 0 0
1500 115.364 -12.8395 17.6816 0.873897 -0.253329 347.076 0 0
1500 2.43034 34.4361 18.5628 -1.10511 0.664484 347.398 0 0
1500 100.678 34.7183 17.7268 0.610731 0.573926 347.744 0 0
1500 50.8491 -26.3743 17.6886 -0.0443264 -0.445437 347.824 0 0
1500 87.1088 2.40574 18.2222 0.521216 0.0352143 348.1 0 0
1500 86.6628 34.4315 17.8568 0.43319 0.526638 348.107 0 0
1500 89.6576 -62.6733 17.6398 0.430292 -0.955022 348.045 0 0
1500 72.8936 -33.8627 17.8555 0.249813 -0.653922 348.056 0 0
1500 113.117 -38.2125 17.6929 0.826478 -0.610804 348.309 0 0
1500 107.265 2.54539 18.0495 0.820151 -0.00964654 348.28 0 0
1500 97.873 0.629179 17.6517 0.638655 -0.0504362 348.286 0 0
1500 97.7314 -87.9145 17.7153 0.568388 -1.41631 348.359 0 0
1500 92.102 -4.98019 17.9578 0.561245 -0.0681864 348.632 0 0
1500 84.3993 21.2075 17.8681 0.400385 0.347094 348.56 0 0
1500 77.6753 24.3765 17.87 0.310395 0.388961 348.636 0 0
1500 76.0756 19.9942 17.6666 0.235861 0.33462 348.534 0 0
1500 122.3 4.26563 17.9639 1.04186 0.0460158 348.534 0 0
1500 86.9906 -1.7771 18.1177 0.556408 -0.00651802 348.497 0 0
1500 89.4786 -24.8037 17.6911 0.523878 -0.412155 348.636 0 0
1500 85.4833 4.61658 18.2321 0.546157 0.0842097 348.889 0 0
1500 1.4772 37.3297 17.5909 -0.840159 0.600638 349.344 0 0
1500 78.2918 19.3548 18.2143 0.417562 0.333059 349.551 0 0
1500 11.6649 9.25578 17.7935 -0.719968 0.166881 349.31 0 0
1500 44.7239 54.793 17.7961 -0.235131 0.825533 349.857 0 0
1500 91.3242 19.9657 18.0058 0.53279 0.362138 349.903 0 0
1500 131.11 -36.8202 17.6972 1.1919 -0.540887 349.852 0 0
1500 83.1344 -10.6908 18.0873 0.454188 -0.22 350.016 0 0
1500 77.5812 18.4089 17.8419 0.388344 0.261672 350.085 0 0
1500 101.991 -4.96606 18.1817 0.770546 -0.0573107 350.405 0 0
1500 73.5635 -15.6403 18.0866 0.295547 -0.299585 350.432 0 0
1500 67.8843 5.08669 18.1435 0.14166 0.0989665 350.677 0 0
1500 99.7056 10.4222 18.0931 0.660568 0.177681 351.265 0 0
1500 111.059 -35.6845 17.7346 0.768125 -0.553834 350.956 0 0
1500 -2.00347 32.9103 17.6175 -0.867686 0.523863 351.141 0 0
1500 47.8835 -20.6898 18.1648 -0.144364 -0.330507 351.25 0 0
1500 67.4745 31.3608 17.6801 0.165265 0.535521 351.194 0 0
1500 -2.91625 -56.0921 18.028 -1.0397 -0.95609 350.955 0 0
1500 128.001 -9.36694 17.8705 1.23262 -0.157328 351.138 0 0
1500 71.927 -49.0151 18.6719 0.355865 -0.950796 350.925 0 0
1500 74.7958 15.3632 17.944 0.335826 0.275774 351.476 0 0
1500 96.2033 -50.6194 17.8312 0.677316 -0.83671 351.598 0 0
1500 105.028 39.4683 17.8192 0.765755 0.595286 352.146 0 0
1500 92.8355 8.68784 18.8951 0.643018 0.14903 352.516 0 0
1500 88.119 13.5569 17.7994 0.438773 0.244909 352.253 0 0
1500 102.333 -52.1007 17.6925 0.664353 -0.783136 352.384 0 0
1500 32.647 -24.2259 17.8203 -0.424652 -0.374499 352.71 0 0
1500 100.537 39.8098 18.2021 0.706975 0.69183 352.603 0 0
1500 103.443 118.251 17.811 0.717048 1.92305 352.51 0 0
1500 76.1052 42.4152 18.2354 0.272296 0.721012 352.241 0 0
1500 87.758 -8.30687 17.7812 0.435696 -0.172703 352.983 0 0
1500 86.1801 -2.72037 17.7856 0.5077 -0.0196102 353.042 0 0
1500 42.289 5.92486 17.8843 -0.212064 0.131505 353.23 0 0
1500 71.0684 -20.1735 17.7075 0.268938 -0.282436 353.135 0 0
1500 71.5852 17.0359 18.6176 0.294056 0.281865 353.332 0 0
1500 73.1059 -5.38825 18.228 0.283561 -0.00868759 353.34 0 0
1500 99.0907 -10.9228 17.9047 0.722758 -0.114905 353.344 0 0
1500 104.938 34.8288 17.9549 0.753715 0.543924 353.531 0 0
1500 54.7517 -14.7607 18.3863 -0.0185103 -0.241942 353.71 0 0
1500 14.7598 54.7281 17.6991 -0.591696 0.847134 353.955 0 0
1500 18.4334 40.7501 17.7608 -0.607974 0.647192 354.066 0 0
1500 93.4116 24.4289 17.7089 0.594536 0.376558 353.884 0 0
1500 93.3874 -21.1922 17.7074 0.59877 -0.277409 353.921 0 0
1500 101.644 -21.2487 17.7099 0.712904 -0.294024 354.142 0 0
1500 95.0197 47.4503 17.8658 0.602183 0.849306 354.163 0 0
1500 87.468 -10.4709 17.7771 0.456457 -0.187188 354.343 0 0
1500 104.39 -19.2447 17.7366 0.672656 -0.315232 354.559 0 0
1500 4.57529 31.9146 17.7643 -0.803116 0.515605 354.548 0 0
1500 121.316 -19.9169 17.9687 1.01882 -0.299968 354.51 0 0
1500 119.32 -23.0171 17.9259 1.07501 -0.371002 354.61 0 0
1500 76.7844 5.08292 18.4378 0.284153 0.131139 354.615 0 0
1500 22.7765 0.547895 17.8224 -0.578154 -0.0346891 354.923 0 0
1500 49.1841 67.001 17.7718 -0.159609 1.00901 355.328 0 0
1500 108.137 41.9179 17.8219 0.878579 0.644685 355.424 0 0
1500 51.2314 36.1916 18.3864 -0.102302 0.610995 355.779 0 0
1500 91.9421 -25.0543 18.0221 0.518629 -0.391907 356.058 0 0
1500 98.6847 -32.7006 17.815 0.616841 -0.583635 356.305 0 0
1500 85.8798 -58.8509 18.2899 0.558426 -1.02657 356.158 0 0
1500 58.5441 -27.7283 18.6907 0.0109814 -0.494701 356.04 0 0
1500 102.94 -23.5289 18.0348 0.739983 -0.377285 356.456 0 0
1500 43.1816 -65.7071 17.7451 -0.170836 -0.999107 356.372 0 0
1500 121.613 4.3609 17.7961 0.98978 0.075512 356.407 0 0
1500 72.4294 -1.86852 18.1209 0.294572 0.0380781 356.639 0 0
1500 104.575 -6.97347 17.7699 0.756169 -0.0755275 356.536 0 0
1500 38.6362 21.0684 18.0067 -0.316195 0.283589 356.628 0 0
1500 59.1364 -1.06369 17.7234 -0.0183416 0.0518918 356.415 0 0
1500 35.5845 7.54983 18.0535 -0.425756 0.143983 356.648 0 0
1500 36.4712 67.8936 17.7322 -0.331772 1.04994 356.841 0 0
1500 98.9306 3.80271 17.9162 0.691999 0.0370266 356.768 0 0
1500 51.3188 18.7053 17.8196 -0.0602302 0.3469 356.765 0 0
1500 26.6342 29.7292 17.8975 -0.55806 0.459014 356.963 0 0
1500 50.5494 17.9191 17.9975 -0.18269 0.291564 356.829 0 0
1500 65.9915 17.7434 18.2 0.0921731 0.390709 357.001 0 0
1500 112.211 23.4342 17.7532 0.761126 0.384191 357.142 0 0
1500 21.4763 58.5351 17.799 -0.538994 0.864863 357.255 0 0
1500 96.2077 1.21151 18.1213 0.635234 0.0822051 357.307 0 0
1500 90.0173 -0.730035 18.0874 0.557174 -0.0673402 357.448 0 0
1500 84.5767 3.77241 18.12 0.504697 0.00833863 357.837 0 0
1500 97.4247 -79.8523 17.8969 0.731415 -1.33179 357.715 0 0
1500 120.033 39.4106 18.1878 1.12864 0.767955 357.788 0 0
1500 7.83681 15.5261 17.724 -0.771716 0.294497 357.939 0 0
1500 44.7491 42.1318 17.9598 -0.238586 0.633286 358.596 0 0
1500 87.394 3.00972 17.9494 0.466489 0.00118522 358.5 0 0
1500 84.2926 32.5875 17.7755 0.376017 0.502303 358.098 0 0
1500 79.1828 -20.788 18.4711 0.353773 -0.353796 358.253 0 0
1500 62.8851 -26.6215 18.3081 0.117516 -0.450881 358.322 0 0
1500 88.4895 28.8109 18.0914 0.527349 0.476391 358.157 0 0
1500 37.3918 54.4811 17.7265 -0.334643 0.859703 358.508 0 0
1500 101.692 35.9281 17.7244 0.606362 0.593287 358.053 0 0
1500 97.9951 42.1232 17.7555 0.65691 0.611861 358.471 0 0
1500 91.8871 6.67479 17.9586 0.587978 0.135699 358.565 0 0
1500 68.3518 20.5119 17.9591 0.243314 0.341126 358.173 0 0
1500 84.8895 21.3503 17.9586 0.485165 0.351549 358.553 0 0
1500 37.9082 -19.5722 17.8063 -0.355532 -0.332975 358.024 0 0
1500 120.879 -12.4354 17.7675 0.9314 -0.154419 358.78 0 0
1500 57.4186 -20.1078 18.3056 0.0376644 -0.358876 358.767 0 0
1500 121.348 29.9947 17.9303 1.13049 0.513933 358.655 0 0
1500 81.8623 37.6618 17.9588 0.437935 0.587798 358.974 0 0
1500 101.359 59.4691 17.9917 0.773507 1.0281 358.976 0 0
1500 59.4438 65.9103 17.7328 -0.0131323 1.01309 359.4 0 0
1500 101.502 -36.8618 17.8507 0.702386 -0.577108 359.207 0 0
1500 108.65 12.6359 17.7926 0.771682 0.255708 359.184 0 0
1500 63.5952 65.62 18.0053 0.136814 1.13174 359.005 0 0
1500 31.8918 -39.7283 18.0991 -0.425724 -0.718141 359.123 0 0
1500 66.2223 -6.42096 18.4807 0.145839 -0.118358 359.45 0 0
1500 114.645 40.0713 17.733 0.779335 0.643391 359.405 0 0
1500 33.3457 -1.66579 18.3555 -0.448603 -0.104385 359.436 0 0
1500 53.9767 45.0901 17.8477 -0.0862093 0.657481 359.586 0 0
1500 127.966 -11.5505 17.7453 1.0379 -0.147651 359.628 0 0
1500 65.8695 -21.7571 18.4803 0.140384 -0.338325 359.635 0 0
1500 4.33502 28.9774 17.8086 -0.83587 0.381547 359.639 0 0
1500 88.142 2.33734 18.14 0.507458 -0.0368657 359.488 0 0
1500 106.414 -13.7417 17.87 0.773658 -0.147496 359.619 0 0
1500 45.1062 25.3538 17.827 -0.261136 0.394168 359.513 0 0
1500 11.2715 -1.31796 17.8632 -0.845201 -0.0240646 359.607 0 0
1500 71.7244 9.92229 18.1702 0.283412 0.162692 359.71 0 0
1500 103.479 32.9536 17.9612 0.744758 0.512694 359.813 0 0
1500 83.8504 -24.5968 18.1397 0.442987 -0.42926 359.748 0 0
1500 103 37.4536 17.7945 0.682512 0.615253 359.788 0 0
1500 80.4075 -27.9862 17.9944 0.371741 -0.484559 359.675 0 0
1500 -5.2491 2.92642 17.8108 -0.969583 0.00233182 360.05 0 0
1500 75.0088 36.9286 17.9261 0.285117 0.545374 360.175 0 0
1500 102.631 -0.825196 18.3022 0.779685 -0.00944218 360.301 0 0
1500 76.0983 -9.37579 18.1033 0.339057 -0.140085 360.516 0 0
1500 20.321 38.8358 17.8829 -0.587197 0.621474 360.486 0 0
1500 100.498 9.4811 17.9733 0.696743 0.195676 360.312 0 0
1500 78.5412 48.5742 17.8663 0.300635 0.841518 360.348 0 0
1500 115.603 -21.8082 18.1688 0.995289 -0.423298 360.374 0 0
1500 95.6645 -53.095 18.0925 0.626257 -0.988109 360.368 0 0
1500 117.175 13.1261 18.2358 1.00024 0.228374 360.875 0 0
1500 94.7284 2.47748 18.1096 0.591018 0.106663 361.036 0 0
1500 71.8604 7.13589 18.106 0.283036 0.0765911 360.619 0 0
1500 70.8015 24.0959 17.8164 0.23757 0.336939 360.892 0 0
1500 121.353 27.5254 17.7735 0.953291 0.376233 360.805 0 0
1500 124.599 -13.3047 17.7763 0.996183 -0.192932 360.978 0 0
1500 99.2668 -55.3648 17.7778 0.642811 -0.777343 361.067 0 0
1500 56.3091 5.21055 18.7177 0.0295175 0.0618145 360.772 0 0
1500 -8.3394 -15.8279 17.8179 -1.00096 -0.265499 360.971 0 0
1500 108.141 -1.36952 18.13 0.833136 -0.0392493 361.01 0 0
1500 86.8289 -2.53892 18.1094 0.478989 0.0341577 360.687 0 0
1500 64.9586 57.9756 17.8836 0.0655523 0.897967 360.752 0 0
1500 107.011 -31.1121 17.8135 0.785514 -0.416128 361.106 0 0
1500 48.5233 29.7181 17.8941 -0.081716 0.504715 360.758 0 0
1500 70.1241 6.99626 17.8553 0.240943 0.163884 360.936 0 0
1500 106.964 -23.8257 17.8849 0.805396 -0.34221 361.508 0 0
1500 12.822 -55.7455 18.0435 -0.756684 -0.981345 361.348 0 0
1500 83.3468 64.3453 17.7592 0.320833 0.96098 361.541 0 0
1500 100.13 -36.9344 17.885 0.70439 -0.534467 361.561 0 0
1500 65.8896 -7.01587 17.8956 0.077716 -0.16225 361.554 0 0
1500 70.8509 2.17452 18.5376 0.294897 0.105416 361.695 0 0
1500 6.61442 23.9005 17.8118 -0.789994 0.419404 361.727 0 0
1500 76.239 -19.2852 17.9501 0.238872 -0.343351 361.729 0 0
1500 1.51019 -19.9116 17.8312 -0.909259 -0.242221 361.634 0 0
1500 97.4299 -41.2141 18.372 0.791716 -0.709817 361.728 0 0
1500 71.0342 -52.4689 17.9141 0.159635 -0.829651 361.809 0 0
1500 110.439 48.1145 17.784 0.808475 0.661154 361.842 0 0
1500 -2.18761 23.6323 17.8297 -0.936743 0.355615 361.902 0 0
1500 57.6407 -21.8895 18.3925 0.0356733 -0.34158 363.448 0 0
1500 67.2649 -27.1553 18.168 0.168358 -0.429426 362.529 0 0
1500 74.7293 65.4617 17.8725 0.247915 1.00844 362.684 0 0
1500 98.7371 -42.1918 17.9469 0.638801 -0.682146 362.016 0 0
1500 124.217 -5.52535 17.8913 1.03429 -0.0715131 363.133 0 0
1500 126.171 10.9827 17.7765 1.04057 0.126961 363.568 0 0
1500 68.0763 -16.2513 18.205 0.253894 -0.295509 362.011 0 0
1500 106.942 -18.795 17.9614 0.788546 -0.335952 362.536 0 0
1500 77.0773 49.9531 17.8475 0.338825 0.799366 362.497 0 0
1500 74.9547 3.66233 18.13 0.328743 0.122796 362.206 0 0
1500 77.115 25.0929 18.3266 0.350269 0.450974 362.504 0 0
1500 37.3417 -38.8108 17.9887 -0.318906 -0.64704 362.727 0 0
1500 79.7279 53.0143 17.8512 0.278821 0.845133 363.143 0 0
1500 39.569 -53.9755 17.8842 -0.315677 -0.855565 363.466 0 0
1500 85.9508 -29.0614 17.8897 0.380525 -0.494199 362.253 0 0
1500 83.9619 1.02731 18.0813 0.452884 -0.0548153 362.667 0 0
1500 89.9198 -13.8192 17.9101 0.571419 -0.219824 362.57 0 0
1500 81.179 -21.274 17.9113 0.439896 -0.333586 362.422 0 0
1500 94.5031 -20.8301 18.0206 0.64948 -0.313564 363.365 0 0
1500 28.6963 4.16455 18.1041 -0.478188 0.0531853 363.04 0 0
1500 68.9602 50.7487 17.7906 0.113847 0.834735 362.378 0 0
1500 47.3863 -36.1587 17.9537 -0.148564 -0.623502 363.207 0 0
1500 -18.9025 -61.1049 17.799 -1.23835 -0.881943 362.153 0 0
1500 92.1873 19.5436 17.8496 0.599721 0.316137 363.284 0 0
1500 41.6403 -41.9683 18.1753 -0.286115 -0.679375 362.068 0 0
1500 77.4464 -18.6951 18.1851 0.297749 -0.356583 363.023 0 0
1500 42.3468 38.6997 18.0058 -0.318624 0.641155 362.226 0 0
1500 76.7193 -48.7144 18.3569 0.321361 -0.848296 363.523 0 0
1500 65.4172 -29.8375 18.1078 0.0556844 -0.491473 363.448 0 0
1500 50.9422 -65.4626 18.0081 -0.048323 -1.16683 363.405 0 0
1500 89.2158 29.6952 18.1521 0.599467 0.614998 362.634 0 0
1500 59.1067 23.5126 18.3214 0.00311451 0.534049 362.786 0 0
1500 117.495 7.29765 18.0295 0.967892 0.0938306 363.904 0 0
1500 36.836 57.3061 17.8332 -0.289165 0.857327 363.808 0 0
1500 100.592 26.6502 18.018 0.735559 0.395428 363.837 0 0
1500 2.94742 -33.4804 17.7816 -0.794773 -0.566956 363.916 0 0
1500 23.2463 10.8094 17.829 -0.563755 0.23706 363.952 0 0
1500 43.277 -4.63908 17.8759 -0.235834 0.00451775 363.661 0 0
1500 88.5512 38.36 17.8057 0.416906 0.651174 363.875 0 0
1500 28.6176 17.5129 17.9245 -0.556878 0.350768 363.891 0 0
1500 63.7881 -22.921 18.5916 0.118716 -0.360889 364.166 0 0
1500 74.3136 -4.48132 17.8513 0.28557 -0.0621903 364.704 0 0
1500 90.722 -27.1981 17.9259 0.5064 -0.405226 364.594 0 0
1500 50.4726 67.0019 17.8307 -0.135608 1.01065 364.794 0 0
1500 -0.392147 35.5113 17.8293 -0.856315 0.566386 364.669 0 0
1500 96.9064 38.6552 17.955 0.659296 0.619192 364.429 0 0
1500 95.5499 -7.40412 18.0146 0.666278 -0.131995 364.355 0 0
1500 81.5004 2.78437 18.0695 0.433529 0.104697 364.252 0 0
1500 96.2279 -2.75294 17.8291 0.64825 0.00428728 364.581 0 0
1500 87.6443 17.0146 17.8304 0.51729 0.308748 364.456 0 0
1500 46.5849 10.4011 17.9543 -0.154923 0.237376 364.352 0 0
1500 54.8001 21.1303 17.903 -0.0136142 0.398642 364.439 0 0
1500 62.1181 -23.0239 18.2788 0.0514515 -0.422602 364.413 0 0
1500 88.5718 13.0726 17.9488 0.489377 0.276664 364.803 0 0
1500 87.5989 33.8779 18.0612 0.519458 0.570491 365.127 0 0
1500 89.9705 32.9199 18.0608 0.55463 0.555635 365.182 0 0
1500 63.7287 -2.73811 18.2487 0.0878168 0.0112121 365.016 0 0
1500 77.9434 -32.602 18.0138 0.351231 -0.567008 365.093 0 0
1500 114.291 24.4607 17.914 0.881772 0.446851 365.443 0 0
1500 101.026 -23.6177 17.8325 0.693752 -0.425953 365.378 0 0
1500 34.6238 8.69855 18.0211 -0.409608 0.148216 365.374 0 0
1500 2.72785 -80.0749 17.8443 -0.86934 -1.31212 365.166 0 0
1500 35.5258 8.78467 17.8134 -0.379271 0.210909 365.413 0 0
1500 71.9415 -14.9137 17.8294 0.194847 -0.308054 365.434 0 0
1500 47.0327 -77.3219 17.818 -0.220813 -1.15697 365.48 0 0
1500 113.445 -12.0222 17.8203 0.897682 -0.135897 365.684 0 0
1500 71.392 51.2197 17.8117 0.277976 0.774737 365.6 0 0
1500 118.993 0.408902 18.1125 1.00138 -0.0101833 366.218 0 0
1500 21.9741 10.9956 17.8718 -0.519519 0.211016 367.386 0 0
1500 60.7055 -30.2166 18.075 0.0739731 -0.468553 366.756 0 0
1500 49.538 -25.0579 18.0952 -0.0991749 -0.397668 366.832 0 0
1500 68.1845 -1.29685 17.9938 0.209862 -0.0497096 366.086 0 0
1500 66.8529 -21.3285 18.2153 0.192182 -0.339136 367.299 0 0
1500 85.5467 0.604126 18.1555 0.462467 -0.0191184 367.441 0 0
1500 84.7533 -27.555 17.9602 0.411572 -0.429469 366.946 0 0
1500 75.8841 -13.0219 17.958 0.319471 -0.168098 367.705 0 0
1500 99.2296 -4.168 17.9447 0.639466 -0.0492462 367.067 0 0
1500 91.2232 26.0369 17.944 0.508531 0.407841 367.53 0 0
1500 108.084 5.90612 17.8317 0.749901 0.123351 367.538 0 0
1500 44.7739 -42.7495 17.8197 -0.161489 -0.669271 366.538 0 0
1500 119.617 51.1596 17.8034 0.954575 0.737218 366.604 0 0
1500 91.2595 10.0919 18.6773 0.665978 0.125069 366.558 0 0
1500 84.3999 7.04466 18.204 0.478753 0.0430807 366.625 0 0
1500 13.6299 70.302 17.8006 -0.654391 1.0926 367.268 0 0
1500 124.689 1.82601 17.8347 1.02299 0.0693044 367.747 0 0
1500 97.3599 45.3749 18.0549 0.653816 0.729507 366.379 0 0
1500 115.146 25.5123 17.949 0.913472 0.416933 366.845 0 0
1500 83.9645 12.2428 18.4292 0.538374 0.198317 366.105 0 0
1500 82.3012 62.178 17.8166 0.415949 0.96036 367.43 0 0
1500 12.698 49.4047 17.7948 -0.745632 0.733392 367.387 0 0
1500 59.1119 42.8313 18.0529 0.0869583 0.712601 366.018 0 0
1500 110.063 16.0405 18.0463 0.847781 0.303079 366.854 0 0
1500 14.5038 10.4921 17.8086 -0.711909 0.122012 367.564 0 0
1500 17.3738 -13.6102 18.014 -0.668091 -0.192397 365.988 0 0
1500 81.3738 -64.9753 17.7883 0.415662 -0.958369 367.826 0 0
1500 57.9461 -7.19973 18.5599 0.0209107 -0.102298 367.21 0 0
1500 59.969 -8.28849 18.56 0.0532024 -0.141957 367.246 0 0
1500 200.901 101.895 17.8159 2.22733 1.56961 366.599 0 0
1500 28.9142 -19.8097 18.0143 -0.497293 -0.307429 365.882 0 0
1500 77.2203 -0.932881 18.5237 0.395066 0.058965 367.464 0 0
1500 115.016 13.2145 17.7996 0.911399 0.253926 366.745 0 0
1500 107.52 27.817 17.8003 0.799483 0.47557 366.626 0 0
1500 51.1096 -23.7149 18.2664 -0.0862274 -0.424285 366.684 0 0
1500 69.2765 -38.1408 18.2602 0.187627 -0.63787 367.207 0 0
1500 90.1197 35.7572 17.9345 0.469169 0.610773 366.777 0 0
1500 102.552 -46.5081 17.8069 0.646979 -0.770663 367.961 0 0
1500 52.1415 61.3647 17.8632 -0.0362027 0.981394 368.073 0 0
1500 96.4634 34.5951 17.85 0.591144 0.60524 367.391 0 0
1500 135.058 -1.46687 18.0861 1.30622 -0.0365824 367.157 0 0
1500 65.9191 38.7265 17.92 0.0785045 0.651971 367.819 0 0
1500 44.6608 -6.17295 17.9302 -0.252103 -0.0408581 367.101 0 0
1500 74.2495 -6.75608 18.0686 0.335739 -0.0499931 368.004 0 0
1500 67.3069 -26.9342 18.0251 0.0918561 -0.429146 368.07 0 0
1500 76.4428 -19.2053 17.9156 0.374842 -0.303309 367.722 0 0
1500 135.412 -1.83339 18.1356 1.32533 0.0123503 367.655 0 0
1500 36.375 -1.17222 18.1006 -0.352594 0.0530981 367.403 0 0
1500 120.849 29.255 17.9342 1.08346 0.512885 367.423 0 0
1500 55.5341 -55.2172 18.2632 0.0344629 -1.00644 366.588 0 0
1500 111.621 25.8453 18.0852 1.00722 0.419002 367.348 0 0
1500 93.2393 12.9234 18.2553 0.712445 0.30766 366.605 0 0
1500 109.828 31.4651 18.0423 0.823239 0.537139 368.158 0 0
1500 98.949 30.8384 17.9678 0.649201 0.464206 369.544 0 0
1500 110.302 -29.1212 18.0566 0.880734 -0.444033 368.684 0 0
1500 51.9407 51.0265 18.0832 -0.0633897 0.844309 368.143 0 0
1500 80.4489 20.6316 17.9479 0.387249 0.273747 369.484 0 0
1500 74.1629 7.35555 18.9931 0.398786 0.0886289 368.458 0 0
1500 73.5336 11.3594 18.8346 0.349246 0.199228 369.856 0 0
1500 59.5231 -23.6537 17.9775 0.0855272 -0.363801 368.211 0 0
1500 72.1251 -19.5039 18.0219 0.251698 -0.317444 368.719 0 0
1500 62.7645 19.9574 18.0618 0.0742782 0.335795 369.291 0 0
1500 59.4696 -23.1293 17.9765 0.00596334 -0.375419 369.282 0 0
1500 83.3533 41.19 17.8906 0.400787 0.625513 368.214 0 0
1500 -0.269943 13.9462 17.8121 -0.90349 0.21063 368.79 0 0
1500 72.0251 65.186 17.8848 0.238645 1.02019 368.176 0 0
1500 55.6009 74.8043 17.8336 0.0175216 1.15086 368.265 0 0
1500 12.1527 49.6062 17.8756 -0.741537 0.737228 368.282 0 0
1500 -7.89761 -7.67941 17.8786 -1.02002 -0.104717 369.401 0 0
1500 76.6894 62.2389 17.8003 0.318261 0.954322 369.577 0 0
1500 60.9684 65.595 17.793 0.0162318 1.02709 369.747 0 0
1500 121.139 27.132 17.7914 0.914996 0.475956 368.237 0 0
1500 88.5654 -51.8056 18.0396 0.508384 -0.840536 368.564 0 0
1500 115.198 -6.72505 18.0577 0.956569 -0.11175 368.465 0 0
1500 115.426 30.101 17.8513 0.9329 0.437646 368.699 0 0
1500 122.444 15.5537 17.8512 1.02055 0.217312 369.811 0 0
1500 29.5066 57.8549 17.8409 -0.422307 0.938469 368.946 0 0
1500 -0.265484 -16.9345 17.8475 -0.944934 -0.284987 369.264 0 0
1500 81.9225 42.5361 18.2222 0.407125 0.713409 369.577 0 0
1500 81.855 -9.55201 18.3575 0.504243 -0.130877 369.522 0 0
1500 73.6113 -41.6198 18.1615 0.273313 -0.70492 369.565 0 0
1500 -37.0241 21.257 17.8197 -1.51921 0.322919 369.685 0 0
1500 56.2923 -33.5091 18.1512 0.00335172 -0.58666 369.346 0 0
1500 84.8337 17.2752 18.0115 0.487752 0.322419 368.949 0 0
1500 79.6373 20.119 18.0126 0.408324 0.366644 368.866 0 0
1500 55.1536 32.8017 18.0122 0.0311219 0.561759 368.897 0 0
1500 89.2015 15.2439 18.0101 0.554062 0.290697 369.054 0 0
1500 45.7702 -40.3361 17.851 -0.265145 -0.624847 368.787 0 0
1500 75.5351 25.3521 18.2867 0.362668 0.467353 368.607 0 0
1500 93.0027 41.1467 18.1509 0.566265 0.719834 368.769 0 0
1500 122.463 18.5892 17.9265 1.09301 0.274439 369.014 0 0
1500 66.2101 10.3424 17.8543 0.206955 0.167756 369.215 0 0
1500 120.535 58.648 18.1047 1.05328 1.01601 368.366 0 0
1500 128.42 9.50528 18.1364 1.21665 0.191103 369.719 0 0
1500 123.568 -61.5651 17.9103 1.06782 -1.07359 368.562 0 0
1500 114.22 -36.2677 17.8961 0.983537 -0.598619 368.982 0 0
1500 103.44 58.7255 17.8616 0.67419 1.00785 369.106 0 0
1500 92.8582 -48.0673 17.9947 0.587941 -0.874244 368.21 0 0
1500 51.6614 -19.3882 18.0921 -0.146981 -0.266715 368.545 0 0
1500 85.0734 115.792 17.9663 0.417933 1.96701 369.668 0 0
1500 25.2905 -19.2666 17.9854 -0.621661 -0.272129 369.128 0 0
1500 39.9867 21.344 18.0299 -0.348974 0.430458 369.712 0 0
1500 131.6 25.0295 18.1894 1.36959 0.519696 368.778 0 0
1500 80.4489 -1.23573 18.1227 0.36027 -0.0800294 370.003 0 0
1500 61.674 15.6649 17.8867 0.119763 0.235579 370.134 0 0
1500 102.265 40.0994 17.8161 0.700788 0.566112 370.111 0 0
1500 72.7414 47.9103 17.8849 0.217428 0.751587 370.689 0 0
1500 -8.3207 -13.5218 17.8075 -0.988192 -0.267556 369.932 0 0
1500 -3.98246 26.4132 17.8295 -0.971298 0.354726 370.007 0 0
1500 83.1937 14.8136 18.225 0.393253 0.284053 370.225 0 0
1500 68.0133 -16.2884 18.5933 0.192688 -0.289293 370.387 0 0
1500 3.15759 -32.8252 17.8003 -0.893876 -0.454542 370.135 0 0
1500 71.6692 -57.51 17.8543 0.270841 -0.916062 370.089 0 0
1500 58.0306 57.0397 17.8945 0.0621239 0.919013 370.469 0 0
1500 113.478 18.2602 17.8926 0.899113 0.329654 370.742 0 0
1500 100.487 23.4986 17.8992 0.711749 0.413866 369.924 0 0
1500 92.9177 59.6322 17.8833 0.619586 0.924927 369.927 0 0
1500 64.1804 37.6235 18.1115 0.113915 0.648052 370.529 0 0
1500 89.2962 7.01193 17.9719 0.576998 0.103542 370.354 0 0
1500 37.9867 30.0689 18.0912 -0.291522 0.54252 370.042 0 0
1500 87.3511 -0.236681 17.9086 0.536517 0.0229799 370.104 0 0
1500 113.204 -4.02428 17.8171 0.894751 0.000218317 370.775 0 0
1500 52.5221 -26.251 17.8658 -0.160528 -0.41749 370.52 0 0
1500 94.1508 41.2659 18.0513 0.596059 0.747465 370.025 0 0
1500 37.876 -145.445 18.0922 -0.294766 -2.55926 370.029 0 0
1500 95.4024 -1.04165 18.0927 0.686983 -0.100228 370.479 0 0
1500 16.7273 -52.035 17.8327 -0.581499 -0.82786 370.888 0 0
1500 33.7784 0.366983 17.8461 -0.350347 0.0726318 372.699 0 0
1500 94.6444 5.94186 17.9134 0.542522 0.147914 371.509 0 0
1500 108.053 -0.48352 18.069 0.800277 -0.0176437 372.643 0 0
1500 95.0199 -1.71309 18.2985 0.617551 0.0123182 371.871 0 0
1500 26.437 2.80574 18.0318 -0.482135 0.052031 372.554 0 0
1500 90.0296 -2.70642 18.6981 0.586944 0.00277507 374.932 0 0
1500 80.9448 -15.2796 18.4767 0.43805 -0.236446 371.025 0 0
1500 70.7985 8.38146 18.4909 0.299408 0.0921955 372.959 0 0
1500 58.2853 9.06558 18.4638 0.0825421 0.187561 372.421 0 0
1500 71.3242 16.8922 18.0807 0.278226 0.229587 371.77 0 0
1500 74.0127 10.5387 17.8531 0.277025 0.188392 371.562 0 0
1500 62.1969 24.5232 17.9181 0.0903258 0.404875 371.822 0 0
1500 44.1926 25.5037 17.9171 -0.159413 0.41882 371.762 0 0
1500 81.678 -16.6832 17.8575 0.364804 -0.292851 371.534 0 0
1500 60.109 16.9167 18.2432 0.0395541 0.265642 382.205 0 0
1500 56.784 14.5455 18.0778 0.0468544 0.257595 372.858 0 0
1500 79.6056 -21.8416 17.8796 0.367608 -0.297051 373.047 0 0
1500 104.38 28.0103 17.8108 0.706292 0.449464 370.891 0 0
1500 69.0468 9.54942 18.1105 0.229663 0.181781 373.788 0 0
1500 78.6921 -11.0474 19.1179 0.491239 -0.156696 377 0 0
1500 76.4629 -6.76547 17.837 0.237333 -0.16178 373.013 0 0
1500 107.17 18.8991 17.8645 0.772118 0.258123 371.983 0 0
1500 59.4664 -30.832 17.8553 -0.0420849 -0.461654 373.017 0 0
1500 92.4821 20.7395 17.8615 0.488275 0.362275 373.019 0 0
1500 65.2316 4.83648 17.9903 0.154748 0.125967 374.594 0 0
1500 64.683 36.0313 17.9233 0.0540456 0.55498 374.296 0 0
1500 60.5415 42.1901 17.858 0.034083 0.65531 375.039 0 0
1500 96.2815 13.3551 17.9806 0.598687 0.241348 374.633 0 0
1500 111.549 37.9952 17.9616 0.849458 0.613368 371.556 0 0
1500 74.0799 -12.6051 18.1738 0.255143 -0.242065 376.11 0 0
1500 110.428 -26.9073 17.847 0.763734 -0.456552 373.271 0 0
1500 7.18208 27.7849 17.8254 -0.799472 0.424287 373.218 0 0
1500 99.134 34.9815 18.0008 0.651841 0.547838 374.526 0 0
1500 81.352 21.8385 18.0132 0.393422 0.35577 375.683 0 0
1500 86.6623 56.1307 17.9921 0.498305 0.888884 371.243 0 0
1500 97.2916 52.5986 17.9905 0.647092 0.824692 372.197 0 0
1500 40.2744 9.1932 18.1116 -0.280174 0.140821 376.519 0 0
1500 104.683 -10.8278 18.1356 0.777986 -0.185623 373.777 0 0
1500 100.324 -34.6764 18.248 0.740023 -0.568795 371.477 0 0
1500 95.5237 28.913 17.9244 0.563984 0.475158 375.275 0 0
1500 84.8462 48.0627 17.919 0.416497 0.751724 374.705 0 0
1500 87.2291 12.5541 18.3126 0.580264 0.183431 370.851 0 0
1500 73.3374 39.7711 18.2108 0.317584 0.666958 371.056 0 0
1500 70.9378 15.1124 18.222 0.255922 0.268003 377.637 0 0
1500 53.6472 58.544 17.9746 -0.106995 0.930731 371.049 0 0
1500 16.4858 -7.56399 17.929 -0.628771 -0.129708 377.523 0 0
1500 63.5165 -0.499707 18.1289 0.109765 -0.0756689 377.929 0 0
1500 73.124 -48.688 17.9198 0.271331 -0.743569 375.851 0 0
1500 112.052 5.9935 17.8333 0.900065 0.096974 370.976 0 0
1500 91.3424 -23.0927 17.9699 0.553694 -0.328176 376.779 0 0
1500 107.502 -12.674 17.9632 0.787407 -0.183626 376.146 0 0
1500 99.2132 16.6591 17.9899 0.662976 0.314902 372.96 0 0
1500 119.77 -22.2562 17.8876 0.974867 -0.298741 374.362 0 0
1500 105.876 17.5531 17.8959 0.809932 0.293817 371.206 0 0
1500 76.1991 49.8532 17.9538 0.268264 0.829768 371.493 0 0
1500 95.3796 -10.2646 18.4224 0.708394 -0.172014 372.912 0 0
1500 75.0593 44.2612 17.8069 0.245148 0.757453 370.892 0 0
1500 -7.81523 -10.3518 17.796 -1.00794 -0.08174 372.389 0 0
1500 124.467 22.497 17.7939 0.965314 0.405166 373.633 0 0
1500 85.5818 -41.3023 17.8603 0.497363 -0.660444 371.318 0 0
1500 98.068 5.49969 18.0362 0.650948 0.0994027 377.581 0 0
1500 73.1183 -32.6735 17.8776 0.204923 -0.57576 370.858 0 0
1500 30.2394 8.23977 17.9675 -0.463038 0.0680902 370.901 0 0
1500 64.7713 35.0569 18.143 0.121119 0.607256 372.068 0 0
1500 50.6281 -55.3615 17.822 -0.0535443 -0.838955 376.476 0 0
1500 108.411 39.1136 17.8149 0.817053 0.541155 372.663 0 0
1500 102.553 -23.6631 17.8245 0.686197 -0.384352 376.738 0 0
1500 112.014 9.84193 17.8198 0.880748 0.0996084 371.971 0 0
1500 94.9626 -12.4754 17.8291 0.628706 -0.244711 371.086 0 0
1500 102.672 -43.3436 17.8132 0.726511 -0.70196 373.006 0 0
1500 73.5222 19.9609 18.0857 0.222283 0.366577 371.618 0 0
1500 105.895 59.263 17.8899 0.790334 0.967152 372.065 0 0
1500 112.349 -62.5946 18.0708 0.940566 -1.02178 370.914 0 0
1500 79.5665 -52.166 17.9205 0.322783 -0.86373 373.072 0 0
1500 87.1054 -41.2252 18.0073 0.464964 -0.701367 372.94 0 0
1500 64.9715 -22.0135 17.8504 0.0462821 -0.390538 371.086 0 0
1500 12.1756 -14.5535 18.0152 -0.725684 -0.277709 372.789 0 0
1500 88.6984 -57.7009 17.9517 0.520887 -0.905397 374.946 0 0
1500 86.7318 -20.2988 17.8144 0.497404 -0.370536 371.565 0 0
1500 92.3659 -41.3484 17.8054 0.538456 -0.642212 377.123 0 0
1500 107.728 36.5233 17.7999 0.805476 0.50123 373.023 0 0
1500 104.315 -47.025 17.7943 0.733607 -0.748107 374.816 0 0
1500 83.5094 8.42104 18.5573 0.515345 0.189612 374.219 0 0
1500 105.946 -3.69458 18.0808 0.831553 -0.0728367 373.446 0 0
1500 36.193 52.5003 17.9491 -0.363873 0.843299 373.833 0 0
1500 71.2298 51.2846 17.9526 0.164037 0.831176 373.34 0 0
1500 38.6742 43.47 17.9553 -0.330526 0.716112 373.038 0 0
1500 23.5637 33.3902 17.9574 -0.521257 0.523419 377.976 0 0
1500 23.7298 14.7482 17.9616 -0.562924 0.281635 372.451 0 0
1500 107.522 -38.3738 17.8194 0.784744 -0.627368 374.593 0 0
1500 78.3594 15.6765 18.0593 0.414275 0.268821 372.406 0 0
1500 102.873 13.446 18.0504 0.722254 0.213953 378.642 0 0
1500 100.663 44.3437 17.8527 0.608174 0.709534 377.099 0 0
1500 36.5682 62.1872 17.8473 -0.31944 0.98255 375.95 0 0
1500 15.4774 48.1304 17.8497 -0.62214 0.769572 376.598 0 0
1500 103.565 48.7767 17.8305 0.652082 0.783401 376.169 0 0
1500 71.8758 27.8876 17.8527 0.182626 0.460739 378.828 0 0
1500 5.87817 28.151 17.8344 -0.803914 0.50158 373.556 0 0
1500 12.383 18.3618 17.8417 -0.714404 0.357672 372.71 0 0
1500 100.404 7.77047 17.847 0.642685 0.196301 372.253 0 0
1500 32.6336 54.8219 17.834 -0.45508 0.852787 373.861 0 0
1500 117.908 17.841 17.949 0.950355 0.26603 377.328 0 0
1500 101.96 -13.4765 17.9327 0.70196 -0.200873 379.095 0 0
1500 67.2138 59.7097 17.8002 0.206325 0.93513 374.16 0 0
1500 55.3225 65.8586 17.7987 0.0246973 0.983973 377.139 0 0
1500 66.1985 61.9678 17.7987 0.190207 0.96582 374.405 0 0
1500 71.9882 54.5705 17.8056 0.262982 0.808478 378.123 0 0
1500 93.6 -56.9817 17.7966 0.600309 -0.827222 374.88 0 0
1500 98.4331 5.33563 17.8121 0.693797 0.111908 372.873 0 0
1500 81.3158 29.7113 17.8712 0.442019 0.454325 372.96 0 0
1500 117.192 -15.9203 17.8567 0.929513 -0.234932 377.679 0 0
1500 83.7529 35.8442 17.8677 0.477637 0.546852 373.246 0 0
1500 114.958 -32.0974 17.852 0.924414 -0.482472 375.645 0 0
1500 94.6985 -47.222 17.8567 0.63437 -0.719845 374.47 0 0
1500 107.924 6.69213 17.8623 0.843485 0.0967694 373.761 0 0
1500 160.472 -18.5476 17.8391 1.57751 -0.287304 376.684 0 0
1500 96.3981 -13.2593 18.0265 0.609758 -0.279559 373.841 0 0
1500 87.3647 25.2165 17.8456 0.493207 0.457544 373.185 0 0
1500 22.1988 57.9205 17.8276 -0.493845 0.923549 375.992 0 0
1500 74.7639 6.51255 18.0241 0.328934 0.0381954 373.178 0 0
1500 44.1404 64.8442 17.8808 -0.21785 1.02235 376.721 0 0
1500 76.2476 60.1841 17.885 0.249147 0.937026 377.948 0 0
1500 65.1728 36.7229 17.8996 0.0957196 0.640949 373.368 0 0
1500 48.0203 64.7356 17.8809 -0.162479 1.03093 376.049 0 0
1500 32.7322 44.9331 17.8908 -0.400356 0.758333 374.173 0 0
1500 40.5879 61.8791 17.8816 -0.274121 0.993683 375.701 0 0
1500 105.449 -22.7047 17.8802 0.803975 -0.360791 374.453 0 0
1500 112.617 35.3477 18.157 0.977131 0.55805 372.437 0 0
1500 101.026 -30.6713 17.9469 0.741306 -0.485053 374.859 0 0
1500 92.7234 -0.65911 18.3917 0.632602 -0.0746909 375.634 0 0
1500 105.181 28.6954 17.9987 0.731482 0.516456 374.077 0 0
1500 41.4575 19.3567 17.9604 -0.243104 0.328263 382.004 0 0
1500 103.966 -29.312 17.8635 0.668265 -0.488321 379.328 0 0
1500 121.001 14.0408 18.0005 1.00786 0.210325 378.257 0 0
1500 106.674 7.75927 18.01 0.837293 0.124815 375.201 0 0
1500 18.495 42.2618 17.8904 -0.584402 0.670502 379.26 0 0
1500 96.489 -31.8981 18.0213 0.684663 -0.48023 375.495 0 0
1500 74.8385 12.2725 17.9764 0.318623 0.156786 381.435 0 0
1500 192.295 15.6943 17.9067 2.21797 0.188912 371.687 0 0
1500 105.439 45.9447 17.8242 0.752789 0.730472 377.564 0 0
1500 111.274 54.8176 17.8941 0.932223 0.872897 372.524 0 0
1500 79.874 -22.7126 17.8784 0.422487 -0.399097 372.237 0 0
1500 64.388 24.9401 18.1293 0.0987942 0.449534 375.209 0 0
1500 -1.10777 29.0592 17.8285 -0.951756 0.407386 377.023 0 0
1500 18.8912 -52.8047 17.8293 -0.638596 -0.796748 378.55 0 0
1500 72.7861 -51.5801 17.8391 0.155609 -0.818003 375.273 0 0
1500 43.5741 -4.23674 18.1577 -0.250306 -0.0963192 375.097 0 0
1500 66.9493 -16.4298 17.823 0.158016 -0.290343 381.508 0 0
1500 56.7131 -30.4876 18.0498 0.0464547 -0.535482 375.184 0 0
1500 54.1428 -26.9002 18.0514 0.00693948 -0.481148 375.071 0 0
1500 98.9875 -21.7539 18.1651 0.737012 -0.335188 376.532 0 0
1500 32.4672 1.94256 17.9313 -0.433996 -0.0461464 371.821 0 0
1500 123.054 20.8227 17.8024 0.976725 0.380307 378.012 0 0
1500 108.962 22.3482 17.8661 0.791404 0.360049 380.475 0 0
1500 57.0741 -13.8715 17.8954 -0.0511988 -0.247844 382.235 0 0
1500 111.078 -32.8387 17.9669 0.879022 -0.513623 377.776 0 0
1500 99.2441 -25.7653 17.9792 0.666273 -0.387073 381.465 0 0
1500 37.5197 -58.7535 17.865 -0.261327 -0.944972 377.289 0 0
1500 24.8976 -61.6802 17.849 -0.492884 -1.03185 375.376 0 0
1500 -45.8082 52.5631 17.852 -1.71054 0.895392 373.812 0 0
1500 65.3799 12.7439 17.9343 0.148089 0.237475 383.015 0 0
1500 92.0317 54.972 17.9064 0.553417 0.879879 378.563 0 0
1500 42.6031 -26.7577 17.8685 -0.283393 -0.379734 382.54 0 0
1500 62.5154 -12.1167 17.8737 -0.00458388 -0.194671 375.108 0 0
1500 8.30007 11.1658 17.8573 -0.775144 0.15429 381.563 0 0
1500 -2.89439 24.9966 17.8443 -0.976666 0.366875 378.515 0 0
1500 4.75838 2.10116 17.8528 -0.885362 0.0272258 376.809 0 0
1500 -6.89397 11.5235 17.8441 -1.03348 0.166174 378.687 0 0
1500 88.574 -16.4357 18.5085 0.551462 -0.319604 378.371 0 0
1500 108.448 35.0049 18.0757 0.81687 0.584547 378.809 0 0
1500 74.0583 37.8049 18.0894 0.314652 0.642449 377.093 0 0
1500 76.8093 52.3002 18.0801 0.351362 0.850608 378.06 0 0
1500 75.0768 12.1545 17.9682 0.294204 0.263309 376.324 0 0
1500 81.0494 48.7828 17.9524 0.359337 0.770377 381.193 0 0
1500 63.8648 -77.1189 17.8062 0.107181 -1.16463 381.71 0 0
1500 114.791 15.5058 17.8077 0.912587 0.288975 377.434 0 0
1500 119.877 -19.5314 17.8173 0.997197 -0.288007 378.629 0 0
1500 76.6468 36.7386 17.8831 0.334317 0.540833 382.621 0 0
1500 100.856 -43.4965 18.184 0.819363 -0.720376 372.742 0 0
1500 72.8623 16.6742 18.4282 0.241797 0.296078 377.941 0 0
1500 107.719 -28.273 17.8172 0.817462 -0.47084 377.6 0 0
1500 123.421 8.14921 17.8118 1.03687 0.0809952 378.815 0 0
1500 22.9914 19.5137 17.8594 -0.589098 0.359716 376.528 0 0
1500 73.5822 63.1494 17.8455 0.18057 0.96969 380.813 0 0
1500 88.091 -23.0364 18.0741 0.505151 -0.458541 372.963 0 0
1500 44.8023 11.5641 17.9948 -0.182011 0.256991 376.377 0 0
1500 66.8591 9.76307 17.864 0.179374 0.220544 375.856 0 0
1500 67.7052 -40.1541 18.169 0.190303 -0.684473 378.053 0 0
1500 95.4455 -38.9202 18.161 0.603424 -0.657714 378.86 0 0
1500 16.9995 158.467 17.8792 -0.734953 2.63691 373.524 0 0
1500 41.7977 17.9925 18.4764 -0.294859 0.295352 371.243 0 0
1500 91.387 6.31693 17.9367 0.608385 0.0526579 374.315 0 0
1500 57.7227 78.9352 17.93 0.0169023 1.31061 376.298 0 0
1500 124.764 26.9051 17.9664 1.07466 0.408263 380.2 0 0
1500 67.7246 -0.892807 18.0223 0.104011 -0.0468623 376.697 0 0
1500 95.8296 -39.9738 17.8475 0.655796 -0.58181 376.545 0 0
1500 121.122 -45.7866 18.0715 1.11503 -0.825653 372.673 0 0
1500 70.7869 -4.46784 18.0812 0.20252 -0.141619 377.293 0 0
1500 104.761 18.1136 17.834 0.714495 0.308746 383.079 0 0
1500 83.5885 -9.76742 18.1378 0.507768 -0.144451 378.184 0 0
1500 114.838 2.76849 17.9272 0.946125 0.0458075 379.186 0 0
1500 34.5097 8.64347 17.9667 -0.400392 0.230688 372.061 0 0
1500 58.1812 -22.8416 17.8184 0.0427149 -0.421886 376.859 0 0
1500 72.3065 63.5679 17.9377 0.23337 0.994122 381.952 0 0
1500 80.1179 -28.5125 18.1643 0.341262 -0.499715 378.68 0 0
1500 19.8046 47.6123 17.8947 -0.584892 0.740876 382.656 0 0
1500 54.0714 13.0315 17.9178 -0.0895583 0.236353 384.872 0 0
1500 80.6821 21.6067 18.3114 0.364743 0.390335 379.277 0 0
1500 79.0913 46.1802 17.9078 0.288727 0.717683 384.425 0 0
1500 90.829 55.6803 17.9048 0.545933 0.8835 380.68 0 0
1500 89.0466 50.6506 17.9109 0.50151 0.78086 383.092 0 0
1500 12.9713 21.0797 17.9005 -0.749618 0.289578 378.668 0 0
1500 3.31634 5.93684 17.8963 -0.89122 0.0573553 379.123 0 0
1500 37.9408 -27.6861 17.9088 -0.371307 -0.461898 377.973 0 0
1500 27.4968 -55.1199 17.8905 -0.516549 -0.859181 380.021 0 0
1500 37.4532 -59.6957 17.8907 -0.367477 -0.928469 379.974 0 0
1500 39.2566 23.1925 17.9121 -0.352263 0.326606 377.732 0 0
1500 117.228 27.2327 18.0041 0.950921 0.441193 381.728 0 0
1500 107.806 -31.7669 17.8561 0.779525 -0.480318 383.56 0 0
1500 54.6278 52.3075 18.0549 -0.114333 0.862814 375.113 0 0
1500 103.984 11.4841 17.9928 0.761765 0.276984 372.647 0 0
1500 96.5458 -17.4803 17.8531 0.6677 -0.298729 378.379 0 0
1500 64.2601 -62.7777 17.8407 0.166021 -0.974978 379.862 0 0
1500 84.0227 -5.24576 18.271 0.455573 -0.155806 379.284 0 0
1500 31.8459 42.1987 18.0109 -0.388369 0.716025 379.355 0 0
1500 76.646 -12.4506 17.8514 0.352798 -0.146003 377.574 0 0
1500 52.2999 -49.9294 17.8954 -0.134801 -0.815551 379.007 0 0
1500 63.273 -67.6511 17.8838 0.0317867 -1.0478 381.422 0 0
1500 87.6936 57.6615 17.9431 0.488815 0.89446 382.593 0 0
1500 58.3309 13.8692 17.9703 0.0603847 0.248525 385.622 0 0
1500 44.4548 -41.3762 17.976 -0.266114 -0.630048 378.865 0 0
1500 18.0025 19.8062 17.9739 -0.670299 0.308245 379.045 0 0
1500 92.7079 11.524 18.2574 0.648028 0.207914 379.944 0 0
1500 45.0712 -71.9616 17.8654 -0.250866 -1.10879 381.048 0 0
1500 113.46 2.04114 17.8598 0.898359 -0.0346745 378.653 0 0
1500 87.7747 14.2428 18.1105 0.503844 0.293424 379.306 0 0
1500 -54.6029 107.507 17.8612 -1.75643 1.74043 378.564 0 0
1500 80.2244 48.4903 17.8644 0.381983 0.726063 384.228 0 0
1500 72.4547 -27.7104 18.0666 0.176582 -0.441324 378.21 0 0
1500 17.8628 51.9161 17.7961 -0.641781 0.821118 382.015 0 0
1500 10.2195 42.9242 17.8465 -0.795709 0.613117 378.967 0 0
1500 32.8074 -47.6058 17.8208 -0.363762 -0.751777 384.282 0 0
1500 131.183 10.7135 17.9373 1.24661 0.234969 375.913 0 0
1500 25.0459 -35.9584 17.8636 -0.47003 -0.625161 378.83 0 0
1500 123.042 11.7435 17.8715 1.05633 0.263512 377.359 0 0
1500 -6.28627 10.142 17.8135 -1.01492 0.154779 382.963 0 0
1500 54.2188 56.0546 17.8216 -0.135521 0.864015 379.999 0 0
1500 36.0513 -44.0171 17.9322 -0.396512 -0.692148 380.041 0 0
1500 4.24072 26.3605 17.9248 -0.871218 0.378691 380.911 0 0
1500 49.5794 52.3806 17.8038 -0.145542 0.817287 384.616 0 0
1500 76.1394 26.42 17.8147 0.255321 0.486192 378.844 0 0
1500 85.81 -12.3998 18.3766 0.541968 -0.24196 381.261 0 0
1500 114.989 -65.4625 17.8002 0.91359 -1.04105 381.029 0 0
1500 197.572 25.0906 17.7997 2.19329 0.401619 380.721 0 0
1500 -1.13218 -17.52 17.8704 -0.921267 -0.330547 381.367 0 0
1500 95.4555 -52.2132 17.8691 0.532651 -0.850143 381.632 0 0
1500 126.07 86.6738 17.976 1.19966 1.40922 376.528 0 0
1500 51.7039 19.2022 17.8921 -0.0908457 0.377269 379.438 0 0
1500 82.8772 -49.6596 18.1465 0.439149 -0.92654 374.308 0 0
1500 111.224 4.68367 17.9651 0.897519 0.0554212 381.516 0 0
1500 29.246 -46.8898 17.8174 -0.460873 -0.788067 381.048 0 0
1500 4.00436 -35.6039 17.8129 -0.8069 -0.587824 384.197 0 0
1500 99.0519 -26.0624 17.824 0.609723 -0.475707 380.343 0 0
1500 72.3857 -42.7312 17.8271 0.182888 -0.673784 386.004 0 0
1500 116.157 -30.3415 17.9047 0.921631 -0.498799 383.233 0 0
1500 30.7733 -25.8847 17.9789 -0.434139 -0.467139 380.741 0 0
1500 97.7538 -42.9495 18.1306 0.762447 -0.782754 374.435 0 0
1500 19.315 44.64 17.8912 -0.651967 0.683622 381.858 0 0
1500 62.5851 29.9804 17.9099 0.00257238 0.474455 380.107 0 0
1500 76.5528 0.892652 18.0177 0.329397 0.0969661 376.071 0 0
1500 89.9639 1.26831 18.3859 0.638484 -0.0581011 372.328 0 0
1500 115.897 28.111 17.8255 0.900761 0.453775 384.516 0 0
1500 76.1421 25.0579 17.847 0.310608 0.395014 387.003 0 0
1500 71.4144 -19.4182 18.0416 0.199577 -0.36915 380.657 0 0
1500 79.6698 59.7085 17.8219 0.398202 0.919621 382.38 0 0
1500 78.4133 64.9555 17.8194 0.371144 0.977204 383.837 0 0
1500 97.3459 -35.0797 17.8298 0.675843 -0.5165 381.254 0 0
1500 95.6149 42.6826 17.8258 0.644671 0.669848 381.725 0 0
1500 84.9161 45.156 17.894 0.398378 0.712542 386.488 0 0
1500 35.8844 60.6659 17.8847 -0.304372 0.950831 385.172 0 0
1500 35.4196 39.4615 17.8965 -0.329804 0.682318 381.258 0 0
1500 22.3561 51.2133 17.8851 -0.519189 0.844509 382.669 0 0
1500 83.644 28.0793 18.1257 0.476044 0.485454 382.061 0 0
1500 60.8553 15.1658 18.1362 0.11803 0.262829 388.698 0 0
1500 63.7283 107.14 18.1239 0.084734 1.98035 372.877 0 0
1500 91.8298 43.8844 18.0796 0.579847 0.721918 383.068 0 0
1500 23.3862 2.68971 17.9411 -0.604092 -0.000124909 379.655 0 0
1500 96.7218 40.3522 18.1749 0.774299 0.731508 373.665 0 0
1500 123.272 61.0882 18.1288 1.18968 1.10409 375.098 0 0
1500 68.0854 -38.6476 18.0328 0.137353 -0.732341 375.396 0 0
1500 69.8251 42.2191 18.1711 0.18042 0.701421 382.672 0 0
1500 15.8434 -9.30445 17.8205 -0.614165 -0.20069 387.357 0 0
1500 92.3401 23.4822 18.041 0.625677 0.339821 382.168 0 0
1500 65.3538 36.472 17.9938 0.159557 0.568606 388.387 0 0
1500 86.2702 -6.20907 17.9978 0.45004 -0.0281197 388.707 0 0
1500 76.6396 -17.4627 18.1151 0.276848 -0.309186 389.225 0 0
1500 61.4941 -38.5328 18.1096 0.0678771 -0.604078 388.793 0 0
1500 25.5505 -3.21025 18.1029 -0.526928 -0.090708 382.411 0 0
1500 83.0128 0.18265 17.8536 0.405349 0.0796234 381.321 0 0
1500 65.9844 -35.0814 18.0799 0.0830818 -0.568415 382.276 0 0
1500 119.763 42.1256 18.1174 1.04902 0.75405 379.63 0 0
1500 24.6292 59.3633 17.8202 -0.457595 0.963071 382.613 0 0
1500 97.3598 -49.026 17.9471 0.675477 -0.751839 384.495 0 0
1500 110.15 16.1401 17.998 0.882938 0.255939 384.01 0 0
1500 97.6992 32.9693 18.0006 0.698581 0.512109 383.692 0 0
1500 28.2584 35.4558 17.8126 -0.480353 0.54924 388.092 0 0
1500 89.9946 61.8775 17.8821 0.497981 1.00715 384.19 0 0
1500 51.8503 14.2045 18.1759 -0.0892285 0.284196 382.937 0 0
1500 63.1036 27.5725 18.2305 0.130306 0.496097 383.502 0 0
1500 14.8354 -4.77033 17.9028 -0.73428 -0.158816 378.607 0 0
1500 84.635 22.9795 17.8209 0.378583 0.393995 388.955 0 0
1500 63.9351 49.6196 17.8094 0.0946129 0.837855 383.157 0 0
1500 54.0956 41.3671 17.8148 -0.0568243 0.716825 382.648 0 0
1500 123.852 16.499 17.8004 0.964783 0.313581 386.487 0 0
1500 48.8752 46.0962 17.8141 -0.12639 0.72579 388.365 0 0
1500 50.1902 -57.321 18.0053 -0.0950747 -0.936821 384.557 0 0
1500 69.8082 -34.2409 18.0187 0.204007 -0.602209 383.195 0 0
1500 119.97 -18.6087 17.9505 1.00562 -0.280252 385.764 0 0
1500 109.596 10.1266 18.4699 0.96385 0.135467 381.992 0 0
1500 80.4554 27.8061 18.2589 0.341394 0.473518 384.131 0 0
1500 43.6401 -24.1152 17.8972 -0.263951 -0.435709 382.643 0 0
1500 32.4075 0.704091 17.899 -0.439248 -0.0503307 382.519 0 0
1500 54.4847 52.3245 17.8263 -0.0263804 0.81328 388.509 0 0
1500 28.0129 -19.069 17.8656 -0.519646 -0.238417 382.007 0 0
1500 67.2721 -49.0502 17.8727 0.181685 -0.750517 389.161 0 0
1500 94.6788 32.4801 17.8089 0.571224 0.57581 383.732 0 0
1500 235.43 87.6941 17.8935 2.91637 1.42781 381.283 0 0
1500 118.2 0.0778716 17.9057 0.933064 0.0409242 388.61 0 0
1500 90.5123 57.8715 17.8996 0.547235 0.888684 387.156 0 0
1500 80.3992 -45.2173 17.9657 0.374658 -0.696322 389.656 0 0
1500 105.262 -3.66378 17.8556 0.729952 -0.0929788 389.468 0 0
1500 121.529 2.74689 17.8418 1.01617 -0.00221127 385.608 0 0
1500 58.0906 3.27954 17.8706 0.0601476 0.00537055 390.662 0 0
1500 117.76 13.987 17.8438 0.9658 0.16744 385.183 0 0
1500 80.777 -57.6207 17.8451 0.389673 -0.87335 388.225 0 0
1500 114.279 -8.50755 17.9247 0.914512 -0.0912263 386.288 0 0
1500 106.187 8.2156 17.9294 0.80666 0.159587 385.259 0 0
1500 106.814 -27.641 17.9774 0.805127 -0.47311 385.393 0 0
1500 83.584 53.5825 17.928 0.469164 0.834512 385.396 0 0
1500 66.943 35.1074 17.9431 0.223614 0.569406 383.845 0 0
1500 111.294 18.3731 17.9289 0.888643 0.304561 385.255 0 0
1500 117.766 -34.4849 17.8042 0.962992 -0.493254 385.919 0 0
1500 75.4917 -90.8169 17.8576 0.247779 -1.39495 387.845 0 0
1500 57.9435 -22.1571 17.8941 0.0326839 -0.417999 383.439 0 0
1500 120.076 24.123 18.2653 1.0941 0.446877 381.952 0 0
1500 75.5333 16.9934 18.3715 0.363971 0.263576 392.655 0 0
1500 6.5195 29.0202 17.8617 -0.811511 0.505047 385.56 0 0
1500 90.8003 52.716 17.8605 0.462334 0.861085 385.75 0 0
1500 9.5506 -25.0978 17.8568 -0.787895 -0.326055 384.866 0 0
1500 128.935 -51.366 18.1184 1.25679 -0.887312 380.593 0 0
1500 89.204 13.8714 18.0952 0.584087 0.18816 384.96 0 0
1500 41.7196 -8.30635 17.9627 -0.252129 -0.205492 383.963 0 0
1500 112.425 15.5867 17.8671 0.850075 0.248888 389.571 0 0
1500 120.857 -0.175057 17.8601 1.01619 0.0243974 386.447 0 0
1500 118.69 -19.4097 17.9217 0.946082 -0.326529 388.853 0 0
1500 94.6124 13.7309 17.9376 0.636665 0.16276 384.634 0 0
1500 96.8056 -52.95 17.9522 0.640141 -0.829944 387.721 0 0
1500 55.2359 -1.93984 18.1169 -0.0119912 0.0418341 392.502 0 0
1500 -15.6542 34.4266 17.8343 -1.1403 0.550196 387.948 0 0
1500 61.8388 -3.57648 17.9781 0.0578657 -0.134627 382.764 0 0
1500 73.5791 62.1819 17.8483 0.263915 0.997584 386.924 0 0
1500 71.0168 56.2738 17.8528 0.228935 0.922577 385.965 0 0
1500 66.4847 34.0928 17.8692 0.148817 0.544617 391.052 0 0
1500 87.1901 41.2578 17.8464 0.410555 0.695156 385.73 0 0
1500 12.2124 33.4154 17.8427 -0.695056 0.54767 389.102 0 0
1500 116.541 8.35012 17.8013 0.866957 0.185205 389.681 0 0
1500 105.431 21.401 17.8057 0.702423 0.37006 390.171 0 0
1500 83.3844 60.3302 17.7935 0.399016 0.951711 388.228 0 0
1500 122.107 11.4025 17.8028 1.02769 0.17142 387.134 0 0
1500 61.5347 21.4106 17.8303 0.116946 0.301232 391.458 0 0
1500 104.946 1.42715 17.8536 0.743553 0.0967963 385.003 0 0
1500 44.7373 64.7787 17.893 -0.233497 0.996451 388.855 0 0
1500 31.8374 17.0575 17.9153 -0.405209 0.290364 391.576 0 0
1500 121.006 -13.5565 17.8141 1.01157 -0.223669 387.101 0 0
1500 112.435 -10.3504 17.8206 0.900818 -0.179211 385.816 0 0
1500 78.7309 7.11591 17.8405 0.35642 0.0798699 391.533 0 0
1500 109.237 -4.72113 17.8262 0.797508 -0.0874803 390.311 0 0
1500 121.703 -17.3073 17.8135 1.00919 -0.276199 387.95 0 0
1500 118.492 14.7814 17.8182 0.943086 0.193333 389.296 0 0
1500 207.395 -30.8123 18.1265 2.60278 -0.535039 379.956 0 0
1500 62.53 9.82986 17.8885 0.0331934 0.220818 383.838 0 0
1500 67.7835 45.7139 17.8592 0.175903 0.751878 387.325 0 0
1500 62.2609 31.5792 17.8682 0.0896099 0.518339 390.266 0 0
1500 7.22794 -22.4515 17.8792 -0.830911 -0.424732 383.87 0 0
1500 99.9463 -21.0882 17.8829 0.619845 -0.344578 393.167 0 0
1500 65.4715 4.92397 17.8636 0.137198 0.1532 384.365 0 0
1500 28.8256 60.1714 17.834 -0.413042 0.963104 388.048 0 0
1500 67.5166 -47.6225 18.0948 0.145402 -0.854121 381.672 0 0
1500 111.896 2.87027 17.9257 0.904718 0.0540084 386.566 0 0
1500 87.928 -10.3693 18.4029 0.499763 -0.226712 387.017 0 0
1500 108.349 28.9144 17.8261 0.832801 0.400773 386.177 0 0
1500 57.1242 -31.8104 18.4824 -0.0157377 -0.585877 380.172 0 0
1500 113.181 -29.9504 18.0754 0.921445 -0.556877 383.775 0 0
1500 79.7981 -9.49382 18.3769 0.38537 -0.191499 394.871 0 0
1500 87.0811 5.98927 18.3696 0.573818 0.129087 387.683 0 0
1500 124.386 -26.7686 18.2615 1.17251 -0.540097 380.216 0 0
1500 87.5056 2.86335 17.853 0.485064 -0.0232977 387.607 0 0
1500 128.467 -17.523 18.0551 1.24999 -0.249489 382.182 0 0
1500 98.5104 9.81566 17.9106 0.601431 0.20459 392.571 0 0
1500 71.7792 63.8883 17.8914 0.237308 1.01676 388.981 0 0
1500 33.3264 34.4736 17.9501 -0.365395 0.606074 386.645 0 0
1500 58.5461 49.5726 17.9447 0.0216708 0.831608 387.139 0 0
1500 83.9975 56.9167 17.9357 0.401562 0.925186 388.439 0 0
1500 62.688 61.4613 17.9384 0.0799059 0.954449 391.149 0 0
1500 77.1597 0.519369 17.9617 0.278561 0.0767238 393.443 0 0
1500 81.1569 62.2301 17.9335 0.351957 0.984558 389.801 0 0
1500 72.5937 5.46661 17.9612 0.283627 0.0209741 387.096 0 0
1500 55.6843 -45.9256 17.9481 0.0245272 -0.740507 389.184 0 0
1500 -35.5436 -46.936 17.9938 -1.59587 -0.795209 382.811 0 0
1500 121.187 -13.2048 17.8803 0.998377 -0.253354 388.721 0 0
1500 85.6402 -43.6845 18.0237 0.412055 -0.730805 387.632 0 0
1500 44.9861 -40.6662 18.1537 -0.186142 -0.686148 387.639 0 0
1500 47.4933 -11.8912 18.1657 -0.134227 -0.226194 394.453 0 0
1500 90.3413 24.7412 17.8166 0.46025 0.451603 386.19 0 0
1500 73.5333 -19.4933 17.9819 0.322384 -0.345558 386.482 0 0
1500 101.428 -37.6554 17.9628 0.733282 -0.609369 388.305 0 0
1500 158.12 -86.0733 18.4672 2.00862 -1.75474 373.141 0 0
1500 115.554 -26.2164 17.8268 0.899717 -0.460696 388.492 0 0
1500 103.221 -12.3776 17.8411 0.673719 -0.238334 392.507 0 0
1500 53.0735 -40.4111 17.8442 -0.0368918 -0.633254 392.775 0 0
1500 37.2447 5.33957 18.0986 -0.419954 0.0562934 380.659 0 0
1500 93.3655 -40.4559 17.8584 0.549395 -0.641758 391.767 0 0
1500 73.8298 -38.2249 17.9504 0.308183 -0.70658 382.478 0 0
1500 97.6655 -31.9941 18.069 0.615151 -0.557947 388.503 0 0
1500 59.8144 66.6513 17.7977 -0.0430135 1.00235 391.086 0 0
1500 115.904 -15.3556 18.0587 0.966622 -0.231334 389.774 0 0
1500 101.524 -46.8432 17.8131 0.693213 -0.762238 389.383 0 0
1500 94.8991 -45.6161 17.8194 0.571014 -0.715017 392.079 0 0
1500 77.807 12.1482 17.8389 0.353458 0.126198 386.503 0 0
1500 96.5361 48.3691 17.9025 0.626921 0.787895 389.418 0 0
1500 76.9826 -36.6611 17.8168 0.368346 -0.557358 386.936 0 0
1500 50.333 42.9051 18.0104 -0.0885967 0.73161 388.176 0 0
1500 116.62 -45.7367 18.004 1.04646 -0.734657 384.371 0 0
1500 23.8936 16.1292 17.8345 -0.546894 0.217706 394.709 0 0
1500 32.7883 35.1517 17.8295 -0.46 0.57623 387.672 0 0
1500 34.6322 20.2764 17.836 -0.434991 0.349372 387.157 0 0
1500 34.1545 48.2603 17.8228 -0.434432 0.77065 388.339 0 0
1500 36.9216 57.7164 17.8199 -0.370191 0.863894 392.221 0 0
1500 61.5978 45.6714 17.9461 0.0995738 0.704369 393.871 0 0
1500 99.0259 8.35285 17.9485 0.625157 0.177977 394.079 0 0
1500 106.505 -59.6023 18.0628 0.904006 -1.04718 382.168 0 0
1500 79.2293 56.6474 18.0648 0.358733 0.917426 390.189 0 0
1500 101.65 41.6246 18.065 0.69312 0.69409 390.148 0 0
1500 96.4649 14.0366 18.0783 0.630194 0.289503 388.619 0 0
1500 78.9459 22.8799 18.0829 0.364994 0.426711 388.261 0 0
1500 95.9216 -97.9294 17.8064 0.633018 -1.55842 388.279 0 0
1500 57.3369 36.0907 18.0181 0.0648889 0.633243 385.715 0 0
1500 123.033 -1.52559 17.8024 1.01609 -0.0458526 391.72 0 0
1500 45.5832 -61.9101 17.805 -0.119479 -0.962451 389.259 0 0
1500 122.011 6.69857 17.8033 0.997848 0.0740284 391.947 0 0
1500 -17.08 78.5135 17.8946 -1.27657 1.27297 385.866 0 0
1500 75.9515 96.8611 18.2543 0.351542 1.89394 377.126 0 0
1500 106.974 5.45466 17.8569 0.824705 0.110697 388.715 0 0
1500 114.395 -11.3019 17.8542 0.877623 -0.136505 393.234 0 0
1500 64.4043 43.2917 17.8619 0.173926 0.695168 388.25 0 0
1500 80.8547 62.4667 17.8459 0.412562 0.955909 390.628 0 0
1500 72.237 19.3276 17.9794 0.244555 0.332608 395.17 0 0
1500 59.9862 24.3009 17.9408 -0.0297382 0.403715 387.867 0 0
1500 9.76023 37.1341 17.9187 -0.784002 0.583654 390.013 0 0
1500 1.49468 30.7904 17.9162 -0.900781 0.484231 390.567 0 0
1500 13.8413 38.796 18.0047 -0.709336 0.614125 390.101 0 0
1500 36.6708 35.083 18.0163 -0.372785 0.568621 388.893 0 0
1500 26.8297 -57.4368 17.9005 -0.450935 -0.929169 390.867 0 0
1500 93.2986 14.1528 18.2366 0.603462 0.214869 395.996 0 0
1500 170.876 -95.7156 17.7999 1.74105 -1.39238 391.09 0 0
1500 99.4949 -12.5967 17.9158 0.643018 -0.270636 388.733 0 0
1500 53.8495 -32.7357 17.8501 -0.1028 -0.575562 388.165 0 0
1500 7.614 -42.7221 17.8295 -0.775515 -0.690244 391.935 0 0
1500 53.6126 -1.88173 17.973 -0.0922933 -0.077897 395.893 0 0
1500 87.7955 10.0105 18.1466 0.463532 0.224044 386.112 0 0
1500 23.1828 -16.3485 17.811 -0.535049 -0.289936 394.721 0 0
1500 0.861118 -7.19767 17.7997 -0.864083 -0.163205 393.605 0 0
1500 -5.98604 -13.7803 17.7926 -0.978874 -0.262125 392.432 0 0
1500 40.2471 -41.4868 17.8046 -0.320864 -0.704277 388.779 0 0
1500 20.0323 66.6763 17.8636 -0.664824 1.06972 387.964 0 0
1500 79.594 -36.2508 17.9581 0.372813 -0.553399 395.151 0 0
1500 60.6891 6.59715 17.9739 -0.000611944 0.0517201 388.056 0 0
1500 12.528 -28.4801 17.8663 -0.760312 -0.413715 389.991 0 0
1500 115.995 22.1384 17.8032 0.903852 0.403389 390.462 0 0
1500 52.4819 38.1157 17.8183 -0.057116 0.661837 388.753 0 0
1500 63.8487 -13.8455 17.9643 0.123537 -0.255903 396.219 0 0
1500 77.3735 5.82676 18.0187 0.356412 0.100065 396.407 0 0
1500 121.955 -4.57494 17.9926 1.03789 -0.0471701 392.06 0 0
1500 81.5538 -22.2817 18.0138 0.459714 -0.321808 389.313 0 0
1500 122.931 2.36562 17.9921 1.04624 0.0550409 392.453 0 0
1500 55.5826 64.6839 17.8272 0.00855756 0.998217 393.282 0 0
1500 48.1817 13.7397 17.8531 -0.0952227 0.247994 396.012 0 0
1500 109.205 5.32944 17.8352 0.830672 0.142975 389.736 0 0
1500 111.779 30.76 17.827 0.854818 0.523285 390.903 0 0
1500 73.5635 -5.55001 18.1461 0.284376 -0.162102 389.551 0 0
1500 100.457 -24.2104 18.1308 0.685123 -0.440813 390.767 0 0
1500 107.134 39.8746 18.4581 1.00977 0.810083 377.941 0 0
1500 47.5695 7.41756 17.9183 -0.225958 0.0873685 388.92 0 0
1500 90.5697 -42.417 17.9347 0.489399 -0.671839 395.268 0 0
1500 59.349 44.0848 17.8142 0.0818981 0.729949 389.037 0 0
1500 54.3618 35.4911 17.9023 -0.144265 0.590384 385.77 0 0
1500 38.9797 15.7762 18.1068 -0.275876 0.270835 397.366 0 0
1500 21.0143 -4.37815 17.9437 -0.565957 -0.0976211 396.384 0 0
1500 117.859 -14.4389 17.8859 0.979557 -0.227875 392.229 0 0
1500 60.6189 8.07965 17.9135 0.112623 0.101875 397.387 0 0
1500 63.3278 31.2418 17.9765 0.0991192 0.515074 396.021 0 0
1500 91.1523 -60.7856 17.799 0.574094 -0.908099 391.611 0 0
1500 74.5558 41.9743 17.8316 0.186097 0.646977 396.514 0 0
1500 -6.19897 -15.3871 17.8147 -1.01265 -0.17446 392.617 0 0
1500 19.6886 53.4539 17.8134 -0.617754 0.846919 393.388 0 0
1500 2.44243 -0.792495 17.8215 -0.899662 0.0449711 391.396 0 0
1500 35.8052 -30.2621 17.9176 -0.331131 -0.544318 390.688 0 0
1500 86.5268 22.8712 17.8617 0.49984 0.403749 391.226 0 0
1500 35.1086 49.1508 17.9189 -0.35015 0.820894 392.188 0 0
1500 83.0221 28.5734 17.9315 0.348632 0.4697 397.619 0 0
1500 99.9733 -43.6244 17.8208 0.680577 -0.716916 392.579 0 0
1500 85.9405 -27.9496 17.8371 0.438516 -0.449324 397.147 0 0
1500 78.8878 8.98207 17.844 0.375251 0.0799355 390.291 0 0
1500 108.132 -43.0055 17.8174 0.785872 -0.691852 394.084 0 0
1500 116.639 57.3668 17.9447 1.02384 0.950788 388.662 0 0
1500 65.0184 -9.38939 18.1272 0.170347 -0.185488 398.988 0 0
1500 98.5826 7.13038 18.1833 0.746717 0.0676228 390.002 0 0
1500 104.712 3.36075 18.0669 0.768684 0.121569 392.49 0 0
1500 103.53 3.26399 18.0677 0.751494 0.120223 392.423 0 0
1500 118.377 48.5356 17.8069 0.93409 0.695983 396.521 0 0
1500 103.233 -27.3529 17.8496 0.723871 -0.379453 396.326 0 0
1500 101.929 25.1231 17.8485 0.74234 0.395409 392.839 0 0
1500 42.8556 0.931768 17.819 -0.285764 0.00478838 398.325 0 0
1500 5.81216 -38.7308 17.791 -0.857992 -0.587305 393.889 0 0
1500 146.979 18.093 18.1242 1.56769 0.315046 388.162 0 0
1500 124.362 23.4531 17.9578 1.16502 0.468186 386.381 0 0
1500 88.7813 -39.6984 17.8115 0.503597 -0.584519 397.525 0 0
1500 120.673 17.2013 17.9052 0.991639 0.276236 395.945 0 0
1500 100.774 -11.6191 17.8554 0.677803 -0.1617 398.079 0 0
1500 84.4801 11.9336 17.8627 0.443474 0.170123 398.68 0 0
1500 76.7398 33.4041 17.8426 0.296552 0.53395 398.324 0 0
1500 116.147 25.759 18.007 1.06096 0.436952 387.341 0 0
1500 87.4653 7.64958 18.0047 0.499537 0.0990908 399.305 0 0
1500 40.8051 14.1278 17.8643 -0.297742 0.290435 391.843 0 0
1500 67.5976 62.074 17.8423 0.111781 0.972589 396.061 0 0
1500 31.2489 -3.39677 17.8636 -0.446063 0.0177586 391.895 0 0
1500 137.892 -7.60567 18.2139 1.39979 -0.144651 390.051 0 0
1500 64.0887 -64.1584 17.8292 0.0537677 -1.02503 394.523 0 0
1500 24.663 -53.8335 17.8294 -0.536917 -0.871158 394.469 0 0
1500 21.5917 -36.9982 17.8376 -0.594855 -0.631565 393.132 0 0
1500 88.1729 21.2064 17.8638 0.408551 0.366152 398.906 0 0
1500 82.086 31.3222 17.862 0.323619 0.509417 398.762 0 0
1500 3.48393 39.322 17.8415 -0.820383 0.651151 395.598 0 0
1500 47.2392 -13.3293 18.3475 -0.171885 -0.209284 393.576 0 0
1500 42.2272 -15.0889 18.3464 -0.247844 -0.235775 393.654 0 0
1500 146.667 -5.58633 17.9123 1.4789 -0.105272 391.454 0 0
1500 73.4583 11.8718 18.1127 0.315665 0.2472 392.973 0 0
1500 159.516 -60.0287 17.8428 1.59063 -0.968786 393.916 0 0
1500 88.9634 31.3573 17.8627 0.473358 0.559978 392.952 0 0
1500 92.8893 6.08129 17.8689 0.537881 0.171735 392.467 0 0
1500 47.8955 12.3405 17.9111 -0.217548 0.230212 392.221 0 0
1500 68.7189 14.9489 18.0121 0.263662 0.249157 392.778 0 0
1500 -6.38805 8.26388 17.8421 -1.02342 0.0826111 395.435 0 0
1500 90.938 15.1004 18.0655 0.604275 0.260973 394.009 0 0
1500 120.886 12.2414 17.9144 1.01284 0.214807 395.996 0 0
1500 98.0148 -35.25 17.9401 0.727009 -0.555085 391.312 0 0
1500 113.89 29.347 17.853 0.887036 0.454312 397.378 0 0
1500 73.5818 -11.815 17.8772 0.319507 -0.156184 392.981 0 0
1500 92.1123 -53.7691 17.8585 0.565485 -0.796791 398.234 0 0
1500 107.773 -25.6965 17.8374 0.775297 -0.466054 394.614 0 0
1500 107.328 -33.397 17.8544 0.804231 -0.554512 395.261 0 0
1500 113.508 -30.3056 17.9828 0.90912 -0.484396 396.567 0 0
1500 96.2636 -7.26187 18.2363 0.697058 -0.14664 395.454 0 0
1500 69.746 0.162551 17.9851 0.207784 0.0654785 401.312 0 0
1500 78.2535 -5.94104 17.8578 0.338476 -0.127583 400.751 0 0
1500 43.1933 -17.3798 18.0913 -0.20511 -0.302582 401.642 0 0
1500 -9.04213 -23.8595 17.9044 -1.17686 -0.404426 390.545 0 0
1500 24.3672 -54.2188 17.8249 -0.499634 -0.888268 396.032 0 0
1500 72.7164 -43.0805 18.3946 0.25216 -0.758965 391.3 0 0
1500 77.7022 23.397 18.0299 0.38755 0.408931 394.516 0 0
1500 84.8545 37.5682 18.0239 0.454385 0.572503 400.694 0 0
1500 95.0534 -9.539 18.1926 0.620018 -0.161261 401.841 0 0
1500 65.2604 24.9433 18.0042 0.199088 0.427345 394.437 0 0
1500 83.7904 -28.8401 17.8849 0.411379 -0.46174 400.851 0 0
1500 -48.6801 -7.61564 17.8957 -1.69496 -0.145939 395.249 0 0
1500 76.8372 -32.6812 17.9024 0.369102 -0.537076 395.01 0 0
1500 60.8889 -4.8231 17.9136 0.110735 -0.0963891 402.102 0 0
1500 76.714 13.7727 17.9104 0.332018 0.162915 401.873 0 0
1500 86.2058 -49.8007 17.8899 0.503954 -0.786113 396.27 0 0
1500 122.252 17.343 17.8841 1.01408 0.22294 398.602 0 0
1500 84.8917 -57.309 17.8857 0.478733 -0.889943 397.003 0 0
1500 116.618 -29.7273 17.8837 0.935263 -0.467445 398.338 0 0
1500 91.3793 -18.4336 18.2258 0.588063 -0.314447 399.582 0 0
1500 77.7307 60.443 17.9979 0.34916 0.962965 398.144 0 0
1500 102.414 28.5254 18.2026 0.785836 0.439978 397.846 0 0
1500 94.9402 -12.0523 18.2113 0.683227 -0.168009 396.967 0 0
1500 71.0116 -64.6067 17.8064 0.21043 -1.02227 399.061 0 0
1500 127.138 -3.17441 17.8064 1.03736 -0.117371 399.049 0 0
1500 46.2057 19.2223 18.1459 -0.140434 0.371933 396.323 0 0
1500 94.4549 26.2984 17.9321 0.549432 0.436912 402.189 0 0
1500 76.3702 15.67 17.9345 0.286215 0.320311 395.631 0 0
1500 86.8234 11.0143 17.8785 0.477305 0.167377 402.583 0 0
1500 67.0499 34.3177 17.876 0.220869 0.546305 395.805 0 0
1500 95.1217 -9.32156 17.8732 0.654012 -0.129929 396.015 0 0
1500 79.9568 -33.013 17.8739 0.419947 -0.496461 395.966 0 0
1500 89.2326 21.3701 17.8322 0.535969 0.387405 395.878 0 0
1500 62.9024 62.5633 17.9862 0.0747497 1.00437 398.458 0 0
1500 115.25 -37.1069 18.356 1.13315 -0.747465 385.712 0 0
1500 34.5566 -44.4473 17.8403 -0.324806 -0.766801 394.39 0 0
1500 42.2165 10.6899 17.8432 -0.315657 0.127828 395.487 0 0
1500 33.6081 50.5458 17.834 -0.332377 0.792762 401.541 0 0
1500 82.7445 15.8777 18.0022 0.457265 0.299409 396.53 0 0
1500 60.4913 15.3954 18.0078 0.114875 0.293684 396.152 0 0
1500 114.608 42.4756 17.9137 0.931752 0.675821 398.234 0 0
1500 72.5498 -58.6462 17.8968 0.183395 -0.945082 398.218 0 0
1500 50.2946 -60.3206 17.8959 -0.151989 -0.968045 398.375 0 0
1500 58.8855 31.9945 17.9878 0.0916758 0.532616 398.307 0 0
1500 96.9132 -22.1804 18.0781 0.678515 -0.388377 398.18 0 0
1500 95.2036 -44.3877 18.0695 0.642576 -0.714257 399.205 0 0
1500 21.5208 9.54035 17.8127 -0.58735 0.116431 403.337 0 0
1500 2.32111 23.6091 17.7983 -0.877316 0.322035 401.821 0 0
1500 13.8864 34.7294 17.7996 -0.751383 0.510375 398.041 0 0
1500 -1.04118 -17.6451 17.7943 -0.966449 -0.285377 398.91 0 0
1500 -7.31357 -36.7116 17.8031 -1.02373 -0.51139 401.162 0 0
1500 45.2883 61.4587 17.8184 -0.139376 0.94408 401.784 0 0
1500 83.1609 6.86814 18.0745 0.504574 0.114489 395.846 0 0
1500 82.1658 95.0426 17.8156 0.427255 1.45514 399.522 0 0
1500 83.1179 -64.1871 17.8391 0.446079 -1.01212 399.082 0 0
1500 54.7509 52.3553 17.9217 -0.0101579 0.921275 394.618 0 0
1500 92.6657 37.7298 17.8853 0.582343 0.635984 398.704 0 0
1500 84.7627 -41.5916 18.2033 0.494211 -0.779668 392.849 0 0
1500 63.7498 48.8483 17.9109 0.166776 0.781402 398.826 0 0
1500 66.0558 -65.3181 17.8279 0.110763 -0.989947 404.648 0 0
1500 114.765 -1.68551 18.1141 0.954999 -0.000438157 400.697 0 0
1500 92.6336 49.2902 17.8244 0.500681 0.818963 399.671 0 0
1500 102.194 48.2719 17.8229 0.618092 0.769342 402.603 0 0
1500 48.206 57.6826 17.8243 -0.172565 0.945944 399.685 0 0
1500 25.068 12.1485 17.8402 -0.536329 0.262498 398.062 0 0
1500 139.04 64.7087 17.8512 1.29175 1.07537 398.585 0 0
1500 86.9533 -39.9957 17.8465 0.471645 -0.684947 399.585 0 0
1500 98.7841 43.401 18.037 0.662784 0.718305 401.413 0 0
1500 65.4827 32.0231 18.0538 0.169938 0.563414 399.625 0 0
1500 118.699 -15.3438 17.8425 0.936661 -0.266995 403.743 0 0
1500 35.8723 134.007 17.8101 -0.361733 2.07325 401.484 0 0
1500 145.225 -55.5342 17.9941 1.41654 -0.975272 396.735 0 0
1500 98.029 -53.0712 17.9523 0.611057 -0.85059 402.915 0 0
1500 84.8159 -60.2154 17.953 0.414719 -0.949082 403.361 0 0
1500 95.1483 -53.9333 17.9441 0.597703 -0.859892 402.678 0 0
1500 49.142 -22.6119 17.9696 -0.0844401 -0.419033 399.325 0 0
1500 74.6869 -30.7391 18.1493 0.359881 -0.509782 400.475 0 0
1500 38.5268 -13.5345 18.0427 -0.309305 -0.277704 399.798 0 0
1500 47.9842 58.2612 17.8203 -0.0990612 0.938081 400.968 0 0
1500 124.303 8.97933 17.8146 1.02811 0.183777 403.022 0 0
1500 114.703 -6.15905 17.8216 0.916896 -0.0405458 400.786 0 0
1500 118.41 -0.131211 17.8322 0.930833 -0.0769279 400.951 0 0
1500 99.9297 -43.3535 17.83 0.646694 -0.729957 401.289 0 0
1500 102.798 18.3253 18.0591 0.729614 0.361324 399.674 0 0
1500 60.0502 11.4938 17.9717 0.0856447 0.214481 407.41 0 0
1500 121.144 -34.4537 17.8463 0.966789 -0.617618 398.779 0 0
1500 132.554 -22.4394 18.0802 1.29925 -0.329435 397.818 0 0
1500 30.4934 0.0358955 17.8867 -0.499231 -0.0096584 400.082 0 0
1500 64.7134 59.1322 17.8607 0.0798814 0.918281 405.483 0 0
1500 8.26633 50.3241 17.9035 -0.752437 0.845047 401.489 0 0
1500 93.3806 20.2469 17.9005 0.595229 0.376316 401.02 0 0
1500 87.879 -40.848 18.1807 0.484839 -0.688025 402.727 0 0
1500 58.4529 -58.1724 17.8015 0.0505439 -0.889454 405.862 0 0
1500 93.7262 20.9053 18.0248 0.570859 0.393354 402.195 0 0
1500 16.5014 -21.4136 18.0192 -0.662935 -0.328684 403.878 0 0
1500 123.86 -0.226724 17.8842 1.02044 -0.0519456 405.154 0 0
1500 110.302 -11.3921 17.8941 0.804712 -0.209682 406.723 0 0
1500 124.94 4.87513 17.8828 1.04658 0.0225422 404.471 0 0
1500 121.512 -47.2873 17.9343 0.995067 -0.770911 403.598 0 0
1500 8.34312 33.3067 17.9483 -0.805597 0.515106 403.031 0 0
1500 121.228 152.381 17.9118 1.05607 2.46565 400.16 0 0
1500 231.539 -31.5925 17.821 2.68186 -0.440555 403.215 0 0
1500 40.4758 -16.1226 18.1612 -0.338058 -0.298728 397.523 0 0
1500 67.5001 0.2559 17.9961 0.125045 -0.0666624 398.286 0 0
1500 105.232 2.01831 18.1762 0.770409 0.0155127 408.868 0 0
1500 109.053 -18.9145 17.9879 0.861511 -0.254689 403.607 0 0
1500 57.3131 -18.6714 18.0298 -0.0605485 -0.31033 402.062 0 0
1500 80.4207 6.16693 17.9825 0.421372 0.14911 402.115 0 0
1500 104.35 34.3908 18.1454 0.763168 0.579992 404.684 0 0
1500 122.923 9.36352 17.797 1.02942 0.174501 404.755 0 0
1500 110.38 -19.1521 17.8033 0.810117 -0.309218 407.416 0 0
1500 68.661 35.1139 17.9244 0.248414 0.568214 402.453 0 0
1500 28.4166 16.1963 17.9521 -0.480118 0.317434 402.822 0 0
1500 51.8622 49.1295 17.9424 -0.116513 0.815653 403.65 0 0
1500 125.126 -34.8738 18.224 1.1911 -0.611624 400.062 0 0
1500 1.93635 26.4951 17.8108 -0.89541 0.33912 404.15 0 0
1500 9.06046 11.8541 17.8183 -0.798117 0.118601 403.259 0 0
1500 70.4095 36.647 18.1348 0.295147 0.688113 396.506 0 0
1500 -7.28766 9.59403 17.8276 -1.03351 0.149747 407.239 0 0
1500 -7.73207 -2.33377 17.8274 -1.0474 -0.0259928 406.762 0 0
1500 18.3494 29.6688 17.839 -0.683836 0.463984 404.49 0 0
1500 16.5573 38.8632 17.8368 -0.664014 0.564775 409.135 0 0
1500 32.284 -54.0429 17.8765 -0.399315 -0.838402 409.07 0 0
1500 99.9693 -1.56588 17.8615 0.653254 -0.101565 404.102 0 0
1500 35.0445 17.2914 18.1521 -0.3868 0.385407 397.305 0 0
1500 55.6427 63.1639 17.8704 -0.0432364 1.01859 406.444 0 0
1500 50.4328 53.3389 17.8771 -0.123255 0.886428 405.324 0 0
1500 104.177 5.30679 18.1015 0.799731 0.118291 405.74 0 0
1500 86.271 7.77018 18.1388 0.558234 0.168554 401.424 0 0
1500 98.1165 -1.34305 18.2085 0.771413 0.0478334 396.788 0 0
1500 92.209 -41.2268 17.9787 0.600412 -0.665203 406.133 0 0
1500 106.233 -16.1572 17.9759 0.832596 -0.344156 400.737 0 0
1500 -9.05489 6.55857 17.8475 -1.0304 0.162052 407.585 0 0
1500 28.5722 28.6733 17.864 -0.489122 0.509541 405.107 0 0
1500 22.3741 4.98607 17.8696 -0.532618 0.13114 411.452 0 0
1500 55.9916 64.2484 17.9195 -0.0626998 1.0179 407.393 0 0
1500 -54.3324 4.82722 17.8874 -1.80232 0.13323 404.595 0 0
1500 120.33 -18.6776 17.8947 1.0397 -0.370697 403.113 0 0
1500 148.149 59.4523 17.8364 1.48264 0.980561 404.303 0 0
1500 60.4877 -28.9106 18.0739 0.0793091 -0.520308 406.002 0 0
1500 106.052 39.4836 17.8222 0.745518 0.623587 410.404 0 0
1500 156.467 2.16956 17.8338 1.49289 0.0206811 410.775 0 0
1500 69.2061 5.8205 17.9554 0.242458 0.151769 404.574 0 0
1500 81.0565 11.8418 18.1846 0.474482 0.176861 407.169 0 0
1500 104.245 10.0618 17.8534 0.72306 0.170539 412.442 0 0
1500 79.0211 40.2114 17.8527 0.396427 0.649239 406.9 0 0
1500 54.901 66.2552 17.8374 0.00644424 1.01943 410.556 0 0
1500 95.3341 27.7506 17.8516 0.579476 0.444969 412.534 0 0
1500 105.211 -18.7468 17.848 0.778844 -0.231885 407.159 0 0
1500 52.2599 4.53219 17.8672 -0.15466 0.0297805 406.115 0 0
1500 142.412 -51.8426 17.9011 1.45064 -0.909599 402.957 0 0
1500 28.4673 -56.3703 17.8549 -0.458942 -0.915072 409.182 0 0
1500 118.742 -31.5298 17.9454 1.05172 -0.487975 405.652 0 0
1500 85.8255 8.14506 18.1583 0.518975 0.180975 408.048 0 0
1500 103.482 -4.60351 18.1499 0.78035 -0.0136163 408.747 0 0
1500 0.00293687 -19.2549 17.9117 -0.914026 -0.343354 409.24 0 0
1500 28.4672 -59.0388 17.908 -0.478256 -0.927283 410.287 0 0
1500 80.9209 -19.3682 17.8361 0.366094 -0.378909 407.051 0 0
1500 68.621 -25.9599 17.8881 0.176554 -0.480839 407.338 0 0
1500 102.555 -12.2179 17.8998 0.706325 -0.157364 413.821 0 0
1500 69.4362 24.5511 17.9093 0.235567 0.358384 414.608 0 0
1500 100.336 -19.1431 18.5689 0.825547 -0.377694 404.404 0 0
1500 104.44 -17.7666 17.8616 0.777538 -0.258805 409.653 0 0
1500 91.1762 -45.1817 17.859 0.570793 -0.662394 410.51 0 0
1500 89.68 57.8733 17.863 0.51878 0.910642 410.971 0 0
1500 26.9778 20.596 17.8916 -0.516087 0.382359 407.86 0 0
1500 75.4352 28.1945 17.8961 0.211182 0.453209 414.512 0 0
1500 39.479 -66.0343 17.8728 -0.266426 -1.01927 413.009 0 0
1500 -5.00254 18.5032 17.8097 -0.995202 0.219405 410.258 0 0
1500 65.545 -62.2721 17.8417 0.179984 -0.977273 410.277 0 0
1500 103.855 -32.6498 17.845 0.763282 -0.535392 409.739 0 0
1500 109.12 -41.334 17.8386 0.821867 -0.650371 411.45 0 0
1500 99.3871 -27.8875 17.8495 0.701087 -0.466839 409.206 0 0
1500 82.2202 -48.6368 17.8469 0.43634 -0.781116 409.492 0 0
1500 90.329 0.00839432 17.8602 0.570473 -0.0402994 408.282 0 0
1500 71.1423 -59.052 17.8431 0.265275 -0.932188 410.034 0 0
1500 96.6416 17.6898 17.8578 0.607569 0.212944 414.741 0 0
1500 47.1878 -16.7232 17.9233 -0.184198 -0.333588 408.237 0 0
1500 8.16027 -20.1005 17.9066 -0.774942 -0.378036 409.616 0 0
1500 91.8036 -26.0232 17.914 0.504787 -0.473299 408.919 0 0
1500 81.3363 -62.8175 17.8967 0.328877 -0.995354 411.826 0 0
1500 61.1753 -57.296 17.9054 0.03073 -0.885642 413.996 0 0
1500 80.1494 73.4785 17.9147 0.426494 1.22139 406.396 0 0
1500 35.4757 42.5422 17.8936 -0.360421 0.654003 414.66 0 0
1500 132.485 59.5309 17.8885 1.19765 0.952852 409.911 0 0
1500 80.1846 -24.0279 18.0642 0.404675 -0.339764 416.015 0 0
1500 16.6313 -42.4272 17.8459 -0.66187 -0.706359 410.404 0 0
1500 2.26442 -87.2572 17.8796 -0.954456 -1.41322 408.279 0 0
1500 52.6897 65.2818 17.8193 -0.048444 1.04034 412.338 0 0
1500 90.71 -48.5484 17.8111 0.537935 -0.690885 415.123 0 0
1500 145.208 0.608242 17.9108 1.50337 0.00590747 406.826 0 0
1500 111.41 11.8351 18.0126 0.902182 0.159889 411.893 0 0
1500 101.389 -27.894 18.0147 0.754127 -0.440462 411.634 0 0
1500 62.4035 -28.1551 17.9609 0.0182646 -0.477422 410.211 0 0
1500 12.046 -48.6495 17.9367 -0.724751 -0.756292 413.502 0 0
1500 10.3394 -44.1443 17.9378 -0.75675 -0.696199 412.888 0 0
1500 129.642 2.32599 17.8268 1.09623 -0.015786 414.975 0 0
1500 28.5428 46.2082 17.836 -0.456786 0.779964 412.239 0 0
1500 9.91159 13.6601 17.935 -0.796415 0.203649 412.327 0 0
1500 10.2503 32.0145 17.9302 -0.78476 0.479746 412.869 0 0
1500 17.2486 -21.4338 17.9401 -0.632036 -0.306415 417.764 0 0
1500 121.814 -5.39238 17.8102 1.01826 -0.0386839 413.415 0 0
1500 47.6305 -57.7729 17.8318 -0.21498 -0.85549 416.796 0 0
1500 43.8904 69.7097 17.9409 -0.176081 1.22512 406.594 0 0
1500 95.3679 15.2931 18.2413 0.642042 0.302527 413.429 0 0
1500 77.0661 -28.8806 17.8172 0.286007 -0.474532 418.316 0 0
1500 77.028 -49.169 17.8068 0.289363 -0.770931 417.362 0 0
1500 56.3026 -57.8951 17.803 -0.00685556 -0.90136 416.917 0 0
1500 54.8695 -48.4251 17.807 -0.029365 -0.818072 412.42 0 0
1500 85.7918 6.88759 17.82 0.45342 0.0329625 411.371 0 0
1500 95.9109 71.0613 17.8229 0.60154 1.13167 414.369 0 0
1500 87.0003 65.7509 17.8032 0.412455 1.02036 417.039 0 0
1500 85.4369 -17.7093 18.0973 0.448129 -0.30899 419.289 0 0
1500 68.0691 -18.9714 18.0416 0.213238 -0.363456 412.494 0 0
1500 41.8434 -60.5044 17.9087 -0.197397 -0.974668 414.531 0 0
1500 112.42 -11.5614 17.9135 0.871173 -0.242978 413.797 0 0
1500 76.7688 -29.1683 17.9256 0.336162 -0.519189 412.644 0 0
1500 116.026 -30.6263 17.906 0.904202 -0.519762 415.377 0 0
1500 76.9671 63.9139 18.0015 0.335611 1.05593 413.063 0 0
1500 119.572 0.544763 17.8351 0.945844 -0.0363101 417.595 0 0
1500 89.359 -8.73909 18.0664 0.56958 -0.216607 409.438 0 0
1500 123.768 6.00165 17.7914 1.04521 0.0760355 415.763 0 0
1500 42.899 88.4547 17.8579 -0.247965 1.40825 414.644 0 0
1500 39.5998 61.1928 17.7983 -0.295732 0.989074 415.291 0 0
1500 68.1262 1.58789 17.8287 0.20351 -0.00383933 421.571 0 0
1500 49.478 -17.7785 17.8596 -0.175147 -0.292956 420.866 0 0
1500 2.84534 4.84949 17.8414 -0.874443 0.0280556 417.595 0 0
1500 82.67 -41.1662 17.8475 0.315579 -0.669553 415.988 0 0
1500 31.1535 3.30361 17.8566 -0.473263 0.00536103 415.003 0 0
1500 44.0975 19.6061 17.8589 -0.274684 0.257283 414.808 0 0
1500 110.83 34.4168 18.0149 0.897194 0.637708 411.594 0 0
1500 104.888 -40.2023 18.0042 0.754797 -0.665443 417.872 0 0
1500 109.847 -32.5722 17.8006 0.759472 -0.567917 416.359 0 0
1500 35.877 0.97321 17.952 -0.400484 0.0464065 415.236 0 0
1500 32.218 -25.9081 17.8316 -0.432231 -0.387052 422.544 0 0
1500 20.8725 9.20668 17.9251 -0.650763 0.223035 412.604 0 0
1500 65.6978 -34.5903 17.9175 0.161437 -0.539432 423.387 0 0
1500 6.86021 12.6299 18.0674 -0.849803 0.215389 415.99 0 0
1500 16.053 -12.0053 18.1701 -0.717956 -0.145973 413.785 0 0
1500 28.4384 78.7965 17.868 -0.540593 1.23675 416.493 0 0
1500 133.484 6.48465 18.243 1.32519 0.0810231 415.974 0 0
1500 73.9212 -18.9049 17.8637 0.334236 -0.303477 415.689 0 0
1500 86.4808 -33.069 17.9624 0.497102 -0.568323 419.443 0 0
1500 93.182 -2.25402 17.9679 0.603803 -0.0974584 418.993 0 0
1500 55.4139 62.6057 17.9328 -0.0217947 1.11146 415.156 0 0
1500 116.072 -54.268 17.8514 0.910129 -0.831431 423.279 0 0
1500 63.0024 -59.3553 17.8394 0.036251 -0.962031 421.24 0 0
1500 107.419 -43.1482 17.8901 0.79947 -0.630024 424.613 0 0
1500 44.7879 -20.7095 18.0873 -0.222631 -0.289446 428.676 0 0
1500 125 16.7451 18.0295 1.13352 0.337314 419.128 0 0
1500 -1.07065 -27.5657 17.7964 -0.93935 -0.458741 424.244 0 0
1500 66.4085 -65.0691 17.7992 0.0636088 -0.994126 425.788 0 0
1500 25.418 -51.4206 17.8016 -0.529428 -0.790466 426.228 0 0
1500 1.22039 38.0043 17.7964 -0.906237 0.517827 424.17 0 0
1500 5.01165 -25.5556 17.8007 -0.864377 -0.436683 423.034 0 0
1500 7.75777 2.25479 17.8075 -0.83364 -0.0153389 422.172 0 0
1500 54.0271 -45.9458 17.813 -0.113655 -0.698115 427.536 0 0
1500 -8.02653 13.3868 17.7962 -1.03736 0.150034 424.602 0 0
1500 27.9778 -58.3956 17.797 -0.499811 -0.904689 425.205 0 0
1500 64.7461 -33.1411 17.818 0.0421855 -0.56672 421.281 0 0
1500 68.4324 -57.1958 17.8057 0.0917313 -0.867029 426.782 0 0
1500 57.5661 44.2435 17.9259 -0.0370707 0.742935 422.526 0 0
1500 93.7846 50.5674 17.9079 0.64432 0.788274 421.981 0 0
1500 105.307 -35.8349 17.8616 0.740895 -0.558931 428.225 0 0
1500 98.4541 29.4218 17.831 0.643568 0.437265 429.079 0 0
1500 95.9983 -24.9445 17.8737 0.674032 -0.413225 423.196 0 0
1500 113.974 -30.9856 17.8824 0.892019 -0.517132 426.728 0 0
1500 52.4338 53.15 17.9084 -0.0674502 0.826739 430.481 0 0
1500 85.2639 43.648 17.8313 0.493835 0.658463 426.477 0 0
1500 71.7211 -52.9038 17.8852 0.218559 -0.79915 433.561 0 0
1500 69.5051 -61.4208 17.8058 0.15844 -0.998414 428.062 0 0
1500 56.8028 -30.9899 17.8257 -0.0338178 -0.559326 425.83 0 0
1500 120.335 19.8503 17.9363 1.00763 0.276974 429.447 0 0
1500 93.9948 -68.4784 17.885 0.614948 -1.17624 426.061 0 0
1500 -65.1514 58.4392 17.8278 -2.02349 0.926609 427.575 0 0
1500 37.0385 33.7441 17.9295 -0.404325 0.513006 427.42 0 0
1500 124.44 101.162 17.8372 1.08826 1.54907 431.134 0 0
1500 -1.63 -24.5038 17.7935 -0.947907 -0.366675 434.25 0 0
1500 41.0013 29.0447 17.8877 -0.209362 0.483222 437.771 0 0
1500 119.887 -19.0229 17.8277 0.998503 -0.278821 436.863 0 0
1500 92.3886 22.8363 17.8462 0.556647 0.327356 440.654 0 0
