Total number of secondary electrons: 1618
1500 128.584 7.37688 18.564 1.63698 0.150315 251.299 0 0
1500 91.0434 -4.09616 16.5676 0.765777 -0.0849064 268.072 0 0
1500 98.5988 13.9689 16.3267 0.723329 0.230016 283.767 0 0
1500 91.2453 -5.25537 17.5377 0.74322 -0.105841 286.745 0 0
1500 89.1452 26.3944 16.9614 0.58608 0.433144 289.756 0 0
1500 91.6918 15.9082 17.1528 0.628798 0.22882 291.538 0 0
1500 108.926 -26.0607 15.979 0.778681 -0.382468 293.015 0 0
1500 174.85 -4.36981 16.3457 1.91638 -0.0918201 293.399 0 0
1500 58.1729 -26.4409 15.9158 0.0343646 -0.430425 293.862 0 0
1500 99.8704 2.16464 15.9365 0.602796 -0.0376694 294.313 0 0
1500 76.5533 -20.7359 16.7033 0.322048 -0.329558 295.727 0 0
1500 65.8292 2.85754 16.9117 0.183217 0.087933 297.554 0 0
1500 93.1508 16.0883 17.5216 0.667224 0.258596 298.149 0 0
1500 68.3552 -19.0463 16.6788 0.200475 -0.289236 298.993 0 0
1500 75.2898 37.0135 16.562 0.24748 0.539352 299.967 0 0
1500 83.1231 -2.47139 17.3777 0.518172 0.020804 300.873 0 0
1500 90.6461 -31.6874 16.8727 0.528112 -0.474007 301.392 0 0
1500 76.8701 38.9867 16.7182 0.27618 0.564324 302.195 0 0
1500 104.137 -17.71 17.1477 0.76652 -0.370254 302.457 0 0
1500 100.562 -18.4535 17.3965 0.708968 -0.29138 302.742 0 0
1500 95.9244 0.239997 17.281 0.680005 0.0136814 302.902 0 0
1500 79.8622 -18.5546 17.2154 0.454947 -0.307861 303.308 0 0
1500 55.0893 -6.54112 16.4459 -0.00702467 -0.139094 303.433 0 0
1500 104.6 3.67678 17.518 0.793644 0.0441093 305.301 0 0
1500 100.563 -3.34158 16.4084 0.578584 0.0210828 305.554 0 0
1500 111.037 -0.372499 16.8824 0.80681 0.0181174 305.666 0 0
1500 72.8098 -17.9465 17.5547 0.276988 -0.325357 305.774 0 0
1500 98.0206 -4.98788 17.3259 0.686164 -0.104575 306.558 0 0
1500 38.6245 -16.3532 17.0651 -0.296013 -0.268468 307.32 0 0
1500 128.843 1.13752 16.4959 0.932367 0.0788164 307.407 0 0
1500 94.8341 0.736979 17.4466 0.608249 -0.0514018 307.42 0 0
1500 91.8798 -20.6687 16.8533 0.551599 -0.316502 307.556 0 0
1500 93.7879 -18.5534 17.2165 0.665928 -0.268522 307.849 0 0
1500 108.716 -10.315 16.8023 0.741058 -0.0891662 307.978 0 0
1500 130.195 15.5704 16.6129 0.962531 0.194792 308.015 0 0
1500 48.0821 33.7756 17.0353 -0.131674 0.543351 308.339 0 0
1500 77.7642 -13.5362 17.6674 0.426914 -0.228692 308.838 0 0
1500 73.6296 -16.4153 17.2248 0.202335 -0.288834 308.98 0 0
1500 103.441 -7.84799 17.2392 0.725101 -0.0940353 309.33 0 0
1500 75.9281 -2.28729 18.3846 0.425852 -0.0800159 309.353 0 0
1500 105.41 -44.3191 16.6905 0.676361 -0.547609 310.606 0 0
1500 93.4608 1.26351 17.7083 0.625123 0.0211352 310.694 0 0
1500 161.57 32.5586 17.4627 1.76779 0.558277 311.936 0 0
1500 92.0995 0.486218 17.8214 0.614146 0.0426171 312.147 0 0
1500 121.386 -15.4631 17.3905 1.06924 -0.253682 312.251 0 0
1500 102.775 7.72995 17.7978 0.733316 0.138065 312.536 0 0
1500 98.594 13.259 17.8381 0.691456 0.200299 312.538 0 0
1500 75.8468 36.3708 17.2363 0.233533 0.558159 312.534 0 0
1500 106.795 6.75587 17.3266 0.75402 0.0892416 312.621 0 0
1500 85.3472 -19.8828 17.2138 0.442824 -0.310549 313.026 0 0
1500 54.8481 -44.0261 16.8294 -0.105191 -0.591731 313.096 0 0
1500 128.646 5.51652 17.6131 1.24271 0.0825954 313.095 0 0
1500 74.1804 29.8791 17.401 0.250417 0.436224 313.229 0 0
1500 34.7522 40.3129 16.8346 -0.369728 0.520155 313.219 0 0
1500 96.4125 -8.89445 17.6592 0.625075 -0.164826 313.318 0 0
1500 112.868 -6.64912 17.0967 0.804368 -0.0892162 313.523 0 0
1500 63.4365 14.6588 17.6795 0.122815 0.286576 313.984 0 0
1500 72.335 14.2922 17.8049 0.302457 0.242731 314.685 0 0
1500 126.029 36.6246 16.9001 0.907603 0.480845 314.803 0 0
1500 -21.5463 0.978909 16.9057 -1.04036 0.062658 314.926 0 0
1500 229.345 -20.9202 16.8666 2.16098 -0.321085 314.963 0 0
1500 97.398 38.6669 16.9742 0.577399 0.538421 315.345 0 0
1500 80.414 19.2714 16.9479 0.323899 0.242971 315.599 0 0
1500 98.1012 -2.16472 18.0633 0.699138 -0.00888125 315.686 0 0
1500 75.6192 -7.09764 17.5697 0.348658 -0.140079 315.863 0 0
1500 14.3194 65.6119 16.9559 -0.580564 0.867662 315.903 0 0
1500 8.21203 37.6405 16.9862 -0.73319 0.477862 316.281 0 0
1500 91.2394 3.25369 17.9679 0.54587 0.0685225 316.552 0 0
1500 68.9078 -8.46083 17.0853 0.0935428 -0.139519 316.672 0 0
1500 80.391 68.2194 17.0333 0.348882 0.908536 316.707 0 0
1500 65.3006 18.9933 17.1789 0.16161 0.30284 317.119 0 0
1500 85.3801 0.614053 18.8083 0.56306 0.0358731 317.213 0 0
1500 84.9461 -8.15666 18.2281 0.503873 -0.104646 317.311 0 0
1500 47.1896 -41.2849 17.113 -0.196401 -0.574782 317.461 0 0
1500 50.2624 51.6277 17.3112 -0.125546 0.769241 317.603 0 0
1500 72.0851 -11.1141 17.8252 0.260612 -0.201911 317.819 0 0
1500 134.928 -15.5397 17.6827 1.2573 -0.244331 317.828 0 0
1500 115.39 51.6776 17.0923 0.785531 0.6849 317.98 0 0
1500 4.3785 6.86964 17.1349 -0.759979 0.0654 318.057 0 0
1500 100.76 -2.27698 17.6869 0.689755 -0.0297895 318.389 0 0
1500 124.923 40.2315 17.1163 0.900338 0.536896 318.476 0 0
1500 49.4845 -0.27019 17.9811 -0.154597 -0.0542958 318.492 0 0
1500 130.703 5.859 17.6323 1.25038 0.176136 318.506 0 0
1500 60.0346 32.0013 17.2015 0.0464196 0.500081 318.536 0 0
1500 74.3447 3.40591 17.5073 0.303738 -0.00969508 319.315 0 0
1500 21.6365 -28.4452 17.2115 -0.54666 -0.368902 319.448 0 0
1500 7.28605 -49.3991 17.1917 -0.708084 -0.664684 319.503 0 0
1500 81.8486 -0.899675 18.1738 0.441513 -0.0738174 319.638 0 0
1500 92.7829 43.0783 17.1242 0.434999 0.639642 319.618 0 0
1500 107.083 6.74809 17.9208 0.847031 0.15977 319.855 0 0
1500 101.476 -14.4451 17.4391 0.659161 -0.234636 319.918 0 0
1500 5.75412 -30.3872 17.2217 -0.725863 -0.456226 320.103 0 0
1500 109.176 -29.3102 17.5069 0.763934 -0.447012 320.133 0 0
1500 84.6648 -28.4703 17.5931 0.373819 -0.431601 320.253 0 0
1500 44.0866 60.3745 17.1476 -0.217586 0.864254 320.296 0 0
1500 106.467 -6.98302 17.5435 0.719611 -0.145476 320.419 0 0
1500 110.997 -20.9889 17.4557 0.794295 -0.275811 320.614 0 0
1500 72.4136 23.0531 17.2598 0.153677 0.366541 320.955 0 0
1500 158.801 -31.0031 17.4527 1.56394 -0.48013 320.962 0 0
1500 9.99307 -1.46625 17.2286 -0.630877 -0.0273505 321.039 0 0
1500 84.5429 -15.2827 17.2538 0.433766 -0.186341 321.043 0 0
1500 70.1595 -9.84604 18.1533 0.231391 -0.171232 321.581 0 0
1500 58.9251 -35.2538 17.5212 0.0371576 -0.551852 321.654 0 0
1500 73.4784 19.1383 17.7483 0.192292 0.287354 321.716 0 0
1500 46.0301 -45.1517 17.3514 -0.209123 -0.648953 321.899 0 0
1500 102.501 21.3094 17.2763 0.673737 0.314795 321.876 0 0
1500 163.351 36.0699 17.4971 1.63356 0.522851 321.891 0 0
1500 79.2742 -18.7696 17.6311 0.337956 -0.320495 322.02 0 0
1500 71.579 -4.07462 17.8032 0.2518 -0.0943363 322.186 0 0
1500 41.369 11.0209 17.4372 -0.258292 0.199108 322.254 0 0
1500 94.9699 -21.5239 18.124 0.671905 -0.408811 322.211 0 0
1500 102.797 -6.55312 18.2053 0.81731 -0.0472924 322.412 0 0
1500 54.8061 -15.9279 17.3183 -0.0136721 -0.287617 322.463 0 0
1500 152.524 -33.497 17.3405 1.39351 -0.51743 322.451 0 0
1500 96.5634 -27.6044 17.4885 0.611292 -0.397478 322.542 0 0
1500 78.8633 7.21491 18.2837 0.396566 0.163248 322.967 0 0
1500 103.233 30.9228 18.0698 0.871838 0.533618 323.094 0 0
1500 22.511 36.0633 17.4594 -0.52289 0.5169 323.148 0 0
1500 60.8761 5.51484 18.0387 0.070907 0.0739165 323.221 0 0
1500 0.860137 50.8868 17.262 -0.763507 0.710091 323.234 0 0
1500 17.0198 13.3345 17.5945 -0.62788 0.226053 323.324 0 0
1500 125.521 -11.1845 17.3223 0.967581 -0.125726 323.399 0 0
1500 111.378 22.7763 17.6222 0.834233 0.313567 323.511 0 0
1500 89.1152 7.3785 17.6057 0.516345 0.141871 323.563 0 0
1500 114.692 -44.1722 17.3302 0.820267 -0.56462 323.64 0 0
1500 93.5757 -27.8365 17.6006 0.500561 -0.420941 323.69 0 0
1500 63.0538 -6.60002 17.9062 0.0788346 -0.0983839 323.711 0 0
1500 88.9966 -18.1089 18.0506 0.48833 -0.305749 324.277 0 0
1500 86.1733 4.1596 17.871 0.511804 0.0335504 324.391 0 0
1500 24.914 64.5509 17.3143 -0.448297 0.871893 324.429 0 0
1500 87.549 15.6671 18.289 0.549741 0.251124 324.438 0 0
1500 19.7609 63.565 17.3672 -0.546974 0.882982 324.503 0 0
1500 68.302 5.04743 17.746 0.13484 0.107213 324.678 0 0
1500 52.527 28.5475 17.4906 -0.0189543 0.453482 324.707 0 0
1500 75.6915 16.1972 17.4875 0.270074 0.227507 324.769 0 0
1500 77.8198 -45.8539 17.3943 0.341615 -0.636927 324.855 0 0
1500 60.9428 39.0064 17.4981 0.0977489 0.596119 325.07 0 0
1500 72.0131 39.6327 17.5319 0.239885 0.640927 325.078 0 0
1500 63.7074 64.7329 17.3616 0.0409584 0.863043 325.452 0 0
1500 25.8522 4.42142 17.6232 -0.477574 0.0403866 325.665 0 0
1500 90.354 -17.2909 17.7484 0.554481 -0.252383 325.856 0 0
1500 -0.311732 -21.0451 17.3875 -0.867133 -0.278128 325.861 0 0
1500 107.095 -25.3479 18.27 0.911207 -0.40844 325.857 0 0
1500 112.855 -7.76152 17.5842 0.834362 -0.0731879 325.897 0 0
1500 116.299 -1.98887 17.5216 0.852614 0.0277014 326.097 0 0
1500 59.38 50.4196 17.4081 -0.0128261 0.676531 326.413 0 0
1500 42.7145 12.2044 17.732 -0.253381 0.22656 326.47 0 0
1500 56.6343 -27.4325 17.7384 -0.0493671 -0.422057 326.694 0 0
1500 78.849 -18.6503 17.8801 0.348266 -0.338044 326.926 0 0
1500 128.751 9.54696 17.4544 0.973676 0.139293 326.974 0 0
1500 69.9717 27.0845 17.7485 0.241195 0.430384 326.978 0 0
1500 91.8701 -15.6492 18.4255 0.601478 -0.261767 327.02 0 0
1500 140.789 -23.8072 17.4928 1.24793 -0.314058 327.033 0 0
1500 69.8042 4.66072 18.1581 0.21676 0.110983 327.078 0 0
1500 77.7431 12.9476 17.8889 0.342568 0.271625 327.111 0 0
1500 41.2812 1.19656 17.4518 -0.302212 0.0479626 327.326 0 0
1500 110.458 197.048 17.7614 0.889265 3.25559 327.309 0 0
1500 107.835 -27.5977 18.2632 0.911508 -0.476383 327.431 0 0
1500 65.0126 2.79651 18.37 0.166379 0.0834939 327.584 0 0
1500 80.4153 44.4904 17.8679 0.425621 0.700568 327.689 0 0
1500 84.8542 5.29418 18.0686 0.445197 0.0937334 327.777 0 0
1500 92.8946 -14.5664 17.6931 0.577967 -0.184394 328.127 0 0
1500 83.3125 -19.3446 17.5166 0.324249 -0.332899 328.174 0 0
1500 104.916 -35.8948 17.9279 0.831903 -0.696959 328.18 0 0
1500 98.2483 -2.72788 17.6957 0.650748 -0.0207045 328.263 0 0
1500 68.4982 -15.4041 18.1413 0.19063 -0.236735 328.366 0 0
1500 93.6913 1.4293 18.3695 0.643183 -0.0150298 328.348 0 0
1500 68.9111 18.5231 17.9604 0.200666 0.337759 328.509 0 0
1500 67.2818 23.3002 17.7047 0.169218 0.331554 328.551 0 0
1500 88.8377 -41.5541 17.8603 0.465931 -0.697328 328.649 0 0
1500 42.6551 -24.5589 17.9293 -0.283122 -0.448695 328.683 0 0
1500 98.8268 36.1824 17.754 0.592634 0.561222 328.872 0 0
1500 108.113 44.5369 17.4968 0.704956 0.568589 328.963 0 0
1500 110.3 -14.6472 17.7111 0.808746 -0.183285 329.005 0 0
1500 65.1416 -44.202 17.8491 0.141265 -0.672413 328.98 0 0
1500 100.553 -22.3097 17.9802 0.714425 -0.378451 329.121 0 0
1500 90.4037 -3.64436 18.1963 0.651148 -0.0455379 329.045 0 0
1500 87.3478 17.196 18.1356 0.500886 0.366777 329.068 0 0
1500 101.731 48.6466 17.5568 0.671931 0.66537 329.166 0 0
1500 60.7042 -31.2334 18.1612 0.0746311 -0.495783 329.2 0 0
1500 112.014 16.8419 17.7156 0.829825 0.246089 329.212 0 0
1500 69.212 -0.91856 18.6021 0.292745 -0.0472089 329.245 0 0
1500 98.1048 44.4581 17.8139 0.597983 0.724186 329.275 0 0
1500 86.8805 -16.1953 17.7114 0.496398 -0.2206 329.401 0 0
1500 84.319 10.7078 18.1837 0.524063 0.161224 329.521 0 0
1500 46.1365 15.1592 17.6204 -0.128774 0.279313 329.519 0 0
1500 78.5422 0.785909 17.5688 0.314027 0.03159 329.577 0 0
1500 100.01 9.76745 18.0971 0.708101 0.142733 329.738 0 0
1500 78.8287 -6.70705 18.1005 0.383259 -0.151423 329.851 0 0
1500 97.7311 -11.2765 18.4728 0.70111 -0.185656 329.996 0 0
1500 151.279 6.52545 17.6302 1.42714 0.172028 330.01 0 0
1500 97.4615 12.6004 18.3356 0.683329 0.2068 330.296 0 0
1500 105.947 28.2908 17.6202 0.658005 0.458847 330.294 0 0
1500 76.8787 -15.4536 18.463 0.329783 -0.269966 330.373 0 0
1500 53.5252 -13.9282 18.3768 -0.0128646 -0.215029 330.671 0 0
1500 58.3276 -1.58015 18.0533 0.0646431 -0.0783699 330.616 0 0
1500 80.6618 -17.6962 18.1192 0.366265 -0.307371 330.857 0 0
1500 21.0182 -9.53163 17.7208 -0.550125 -0.0856597 330.914 0 0
1500 49.4467 4.72366 18.386 -0.106826 0.160098 330.921 0 0
1500 71.2098 5.62023 17.7782 0.267383 0.124594 330.972 0 0
1500 77.8497 71.4456 17.5661 0.256155 1.01099 331 0 0
1500 60.2409 -24.3215 18.1066 0.0744819 -0.396288 331.156 0 0
1500 120.325 3.79907 17.715 0.99199 0.0317608 331.334 0 0
1500 74.9406 16.0685 18.0765 0.35208 0.26515 331.54 0 0
1500 88.1072 17.1785 18.0676 0.605518 0.275417 331.579 0 0
1500 85.2548 16.3632 18.1713 0.50943 0.253557 331.625 0 0
1500 38.1568 25.5341 17.7742 -0.386048 0.427795 331.615 0 0
1500 60.3559 11.453 17.7667 0.0482006 0.233769 331.724 0 0
1500 87.265 20.9612 17.6423 0.458463 0.358306 331.755 0 0
1500 115.531 43.3747 17.5525 0.797629 0.66607 331.792 0 0
1500 63.1184 -0.526203 17.9021 0.145236 0.0305974 332.038 0 0
1500 44.3701 -66.0308 17.5702 -0.252342 -0.900757 332.226 0 0
1500 92.0119 -15.9398 18.3441 0.655383 -0.225088 332.452 0 0
1500 67.6119 9.4619 18.3424 0.248727 0.194044 332.498 0 0
1500 84.3063 52.1256 17.6339 0.41313 0.782698 332.757 0 0
1500 86.535 -30.5948 17.9641 0.438212 -0.50726 332.763 0 0
1500 136.744 -13.7542 17.719 1.21117 -0.249936 332.845 0 0
1500 64.8571 -27.8938 17.7184 0.144417 -0.389066 332.892 0 0
1500 -7.38278 0.180796 17.59 -0.94084 -0.00830805 332.936 0 0
1500 48.9952 -41.1406 17.6206 -0.149964 -0.656236 332.91 0 0
1500 127.735 21.7625 17.6589 0.989218 0.339789 333.027 0 0
1500 46.5511 9.1447 17.6637 -0.121921 0.172982 333.151 0 0
1500 79.5252 -23.7474 17.8046 0.385453 -0.379643 333.291 0 0
1500 129.277 14.0024 17.6344 1.05635 0.135052 333.271 0 0
1500 136.55 1.75964 17.7622 1.20582 0.0819535 333.255 0 0
1500 98.604 60.1744 17.6077 0.531876 0.88524 333.386 0 0
1500 160.075 -31.2082 17.6395 1.48301 -0.403668 333.403 0 0
1500 69.2382 31.7929 17.9029 0.124145 0.493429 333.638 0 0
1500 81.3077 9.96 18.5975 0.437612 0.149701 333.904 0 0
1500 -0.753801 -24.0319 17.6178 -0.842008 -0.327521 333.856 0 0
1500 52.306 72.2586 17.6208 -0.0983604 1.04235 333.92 0 0
1500 58.2722 56.2701 17.9279 0.0205689 0.910335 334.093 0 0
1500 115.071 -15.1938 17.7321 0.946772 -0.188384 334.202 0 0
1500 111.064 40.1971 17.8349 0.937378 0.670369 334.16 0 0
1500 85.6857 3.85848 18.1659 0.522142 0.0471342 334.308 0 0
1500 127.83 -13.7211 17.6744 1.01979 -0.157966 334.462 0 0
1500 0.584639 -4.37169 17.6577 -0.846349 0.00390683 334.522 0 0
1500 70.0176 14.6299 17.7474 0.226936 0.274685 334.534 0 0
1500 34.076 63.2432 17.8093 -0.456702 0.977388 334.548 0 0
1500 14.6878 -50.9263 17.6495 -0.6231 -0.774994 334.808 0 0
1500 112.999 10.6368 17.6479 0.843763 0.111329 334.938 0 0
1500 68.0298 -4.80324 17.9711 0.201364 -0.139582 335.02 0 0
1500 14.3119 19.9463 17.7145 -0.699245 0.278659 335.067 0 0
1500 68.8343 -37.8345 17.8948 0.127101 -0.588873 335.124 0 0
1500 47.8486 14.2905 18.0514 -0.109857 0.276616 335.225 0 0
1500 6.70901 6.3643 17.6644 -0.730078 0.0720075 335.259 0 0
1500 126.548 -27.8028 17.7436 1.00897 -0.399387 335.307 0 0
1500 117.927 41.0257 17.7096 0.850885 0.612285 335.323 0 0
1500 78.7006 -33.1367 18.0277 0.412489 -0.535081 335.766 0 0
1500 52.2246 31.4506 17.8875 -0.0317359 0.526366 335.796 0 0
1500 96.4689 -9.63702 19.0007 0.731037 -0.149488 335.83 0 0
1500 84.0207 55.5199 17.8857 0.367964 0.886373 335.846 0 0
1500 55.6565 -18.086 17.8064 -0.093667 -0.243673 335.827 0 0
1500 84.5641 6.35697 17.9261 0.418013 0.094693 335.879 0 0
1500 106.433 -10.8801 18.3797 0.974598 -0.235367 335.887 0 0
1500 35.214 -21.0706 17.9102 -0.376423 -0.329946 335.927 0 0
1500 77.6485 -5.3721 17.9972 0.373362 -0.0242493 336.053 0 0
1500 40.8987 8.41843 18.252 -0.235165 0.154295 336.253 0 0
1500 84.918 -4.26842 18.1538 0.514014 -0.0745693 336.237 0 0
1500 67.2612 8.50638 17.8668 0.152596 0.165369 336.424 0 0
1500 84.4967 36.2343 17.8897 0.435686 0.590987 336.402 0 0
1500 58.5435 7.54196 17.8186 0.0429326 0.183618 336.318 0 0
1500 99.967 -16.3033 18.2392 0.805841 -0.232473 336.425 0 0
1500 75.9213 -3.2075 18.4355 0.415657 -0.0301662 336.492 0 0
1500 71.1009 -6.08348 17.7789 0.197416 -0.166068 336.476 0 0
1500 37.9991 -0.523359 17.7119 -0.319554 -0.0168918 336.557 0 0
1500 143.666 1.21423 18.1894 1.59839 -0.00783902 336.573 0 0
1500 72.5116 -16.3934 18.1447 0.266929 -0.250528 336.73 0 0
1500 102.761 5.47065 18.0769 0.750773 0.0897698 336.745 0 0
1500 71.4312 9.54888 18.411 0.255062 0.175573 336.873 0 0
1500 97.0921 7.27291 17.9162 0.630916 0.149985 336.99 0 0
1500 21.3435 23.8402 17.7665 -0.602361 0.402416 337.128 0 0
1500 43.407 -69.9281 17.6803 -0.24045 -1.0056 337.153 0 0
1500 87.5567 65.0615 17.7274 0.384458 0.968662 337.172 0 0
1500 82.5919 6.90747 17.9297 0.390525 0.101968 337.341 0 0
1500 50.036 -72.635 17.6838 -0.0575815 -1.0467 337.383 0 0
1500 108.516 15.5897 18.0024 0.807211 0.276023 337.476 0 0
1500 101.099 32.665 18.0031 0.70008 0.519441 337.581 0 0
1500 96.6693 1.38909 18.3835 0.674765 0.0730921 337.511 0 0
1500 60.3558 71.0689 17.7329 0.00586121 1.04767 337.488 0 0
1500 65.3952 -16.7871 18.3288 0.15022 -0.304165 337.51 0 0
1500 98.3641 22.9789 18.93 0.781264 0.407694 337.722 0 0
1500 65.9026 24.9053 17.9182 0.156583 0.362824 337.747 0 0
1500 86.6146 -3.53086 17.8717 0.509822 -0.0396822 337.785 0 0
1500 98.443 36.0023 17.763 0.552602 0.57389 337.813 0 0
1500 68.0075 22.2122 18.3673 0.194371 0.382151 337.849 0 0
1500 38.9132 2.86974 17.8524 -0.348267 0.0301569 337.841 0 0
1500 43.8531 53.5068 17.7976 -0.243829 0.832722 337.937 0 0
1500 84.5306 19.3551 17.872 0.478229 0.29544 337.93 0 0
1500 119.219 -26.338 17.9081 1.02852 -0.436732 337.988 0 0
1500 67.4462 -19.3386 18.3741 0.188018 -0.342373 338.071 0 0
1500 95.9557 58.714 17.7833 0.576535 0.874619 338.258 0 0
1500 24.3102 54.9892 17.815 -0.540372 0.813882 338.268 0 0
1500 71.7703 -11.7949 18.7633 0.304223 -0.229774 338.392 0 0
1500 123.654 29.82 17.7047 0.949211 0.368165 338.421 0 0
1500 101.359 -4.47735 17.874 0.717955 -0.0529647 338.561 0 0
1500 117.47 -47.9343 18.1464 1.02216 -0.801306 338.453 0 0
1500 110.294 46.9375 17.7907 0.771493 0.706147 338.706 0 0
1500 103.163 53.7731 17.7907 0.672792 0.800841 338.701 0 0
1500 37.3189 -35.5969 18.1881 -0.358524 -0.569702 338.706 0 0
1500 67.8903 -17.4204 18.4537 0.218046 -0.270835 338.746 0 0
1500 14.7619 56.5352 17.7136 -0.685545 0.790053 338.801 0 0
1500 70.5793 -11.0976 18.3903 0.241489 -0.194924 338.837 0 0
1500 96.9123 24.7372 18.608 0.720099 0.412831 338.894 0 0
1500 -12.7799 4.52794 17.7707 -1.04209 0.100798 338.972 0 0
1500 249.644 139.669 17.7119 2.81644 2.00024 338.95 0 0
1500 115.55 -111.128 17.769 0.874357 -1.71447 338.97 0 0
1500 108.568 -22.097 18.1005 0.958664 -0.399655 339.166 0 0
1500 16.8751 36.2094 17.8499 -0.665704 0.520515 339.226 0 0
1500 81.5763 -15.4306 18.147 0.45189 -0.28732 339.224 0 0
1500 132.357 6.19665 17.7875 1.18715 0.0477065 339.381 0 0
1500 77.9541 10.1567 18.2923 0.354027 0.165285 339.652 0 0
1500 92.444 -25.6774 18.2756 0.625937 -0.407478 339.796 0 0
1500 69.1773 -45.9949 18.241 0.166089 -0.771032 339.954 0 0
1500 96.9064 -2.11635 18.4268 0.714468 -0.0203218 340.025 0 0
1500 72.8576 -39.9948 17.9569 0.23544 -0.668958 340.032 0 0
1500 40.3549 41.1791 17.7733 -0.286967 0.691655 340.087 0 0
1500 107.713 20.9486 18.1709 0.818596 0.347986 340.321 0 0
1500 105.252 64.0757 17.9511 0.829266 1.0427 340.378 0 0
1500 115.633 -32.8394 18.3555 1.10776 -0.632248 340.34 0 0
1500 129.399 31.7385 18.0496 1.1858 0.508097 340.417 0 0
1500 79.9404 14.2709 18.1457 0.429565 0.262844 340.413 0 0
1500 94.4989 1.28198 18.303 0.673799 0.0182278 340.445 0 0
1500 29.5606 5.609 17.973 -0.478147 0.090982 340.529 0 0
1500 72.1343 4.74999 17.9628 0.234754 0.0086784 340.733 0 0
1500 101.323 38.515 17.7427 0.697401 0.524159 340.749 0 0
1500 98.5944 -11.1203 18.1166 0.715334 -0.181197 340.904 0 0
1500 70.7139 7.59644 17.9961 0.231541 0.189997 341.12 0 0
1500 42.6163 58.5424 17.9187 -0.294628 0.924897 341.124 0 0
1500 76.2778 10.6828 17.7749 0.234514 0.22832 341.358 0 0
1500 27.1164 -47.4324 17.8547 -0.503141 -0.697837 341.46 0 0
1500 71.9456 26.4327 18.2106 0.267332 0.466325 341.545 0 0
1500 40.2082 24.3066 18.129 -0.291688 0.387921 341.668 0 0
1500 31.9935 13.2827 17.7719 -0.445494 0.267082 341.67 0 0
1500 43.097 73.8317 17.8399 -0.187055 1.20526 341.649 0 0
1500 76.9892 15.0538 18.1752 0.282671 0.254312 341.773 0 0
1500 37.3282 -26.5321 18.4746 -0.39624 -0.513128 341.808 0 0
1500 91.8819 -9.63598 18.1707 0.636727 -0.209302 341.855 0 0
1500 97.2889 20.2333 18.0042 0.669727 0.267831 342.018 0 0
1500 78.8212 18.2371 17.965 0.316447 0.349193 341.981 0 0
1500 120.659 47.0704 18.0721 1.11929 0.774398 341.941 0 0
1500 84.9464 -8.18031 18.2133 0.528319 -0.100751 342.079 0 0
1500 45.5518 45.2917 17.9889 -0.147422 0.749242 342.179 0 0
1500 58.2676 32.7836 17.9633 0.00475969 0.568022 342.184 0 0
1500 82.432 6.41263 18.9364 0.560996 0.0658731 342.232 0 0
1500 64.3196 50.8878 17.8 0.166226 0.807844 342.243 0 0
1500 69.8821 44.0893 17.7672 0.134037 0.732211 342.306 0 0
1500 43.6392 -21.3303 18.4794 -0.232019 -0.428834 342.404 0 0
1500 92.0926 17.3975 18.3394 0.599407 0.323245 342.576 0 0
1500 101.943 53.9126 17.7777 0.614626 0.848778 342.784 0 0
1500 80.0627 54.4721 17.9772 0.390799 0.860803 342.816 0 0
1500 -34.8929 -122.41 18.1306 -1.72308 -2.14746 342.849 0 0
1500 79.1739 31.6101 18.2579 0.325863 0.523198 342.897 0 0
1500 77.7679 28.3001 18.096 0.297302 0.491474 343.108 0 0
1500 86.412 19.0231 17.8518 0.499024 0.240052 343.173 0 0
1500 70.7602 3.52178 18.203 0.272804 0.0568667 343.415 0 0
1500 194.256 68.9129 17.9029 2.25936 1.08767 343.536 0 0
1500 37.0358 5.85329 18.0268 -0.314321 0.0571731 343.647 0 0
1500 75.3236 5.64677 18.065 0.317864 0.0340274 343.64 0 0
1500 70.9518 12.6998 17.8525 0.212221 0.272192 343.724 0 0
1500 130.406 41.4337 17.8247 1.14494 0.601041 343.754 0 0
1500 30.515 2.44756 17.8651 -0.422032 0.00140579 343.875 0 0
1500 51.2343 -13.5125 18.087 -0.119464 -0.252638 344.051 0 0
1500 79.4744 47.5176 17.7848 0.376566 0.770921 344.024 0 0
1500 78.1705 -10.2252 18.1567 0.323456 -0.229482 344.045 0 0
1500 -9.0557 -12.4721 17.8274 -1.01783 -0.152491 344.126 0 0
1500 99.7429 42.9051 18.0408 0.649009 0.739638 344.149 0 0
1500 85.575 54.8438 17.8802 0.433876 0.882353 344.199 0 0
1500 46.4586 62.018 17.9559 -0.168538 0.97961 344.234 0 0
1500 36.3669 -35.1405 17.8929 -0.369211 -0.588615 344.287 0 0
1500 64.116 13.2078 18.8918 0.200228 0.286346 344.269 0 0
1500 99.8255 54.1927 17.8243 0.604184 0.8566 344.329 0 0
1500 38.4024 -15.6924 18.0853 -0.310808 -0.28431 344.292 0 0
1500 0.98474 31.7839 17.7635 -0.884382 0.528892 344.361 0 0
1500 67.4071 58.8395 17.8218 0.191964 0.934822 344.499 0 0
1500 47.8755 49.9886 17.8357 -0.221333 0.778574 344.631 0 0
1500 87.2519 -11.3521 18.3434 0.579357 -0.175401 344.801 0 0
1500 51.4912 52.5994 17.8707 -0.117183 0.78371 344.852 0 0
1500 107.698 10.1858 17.8426 0.764702 0.229447 344.864 0 0
1500 62.0886 28.6495 17.8827 0.0282478 0.501764 344.909 0 0
1500 28.7826 -15.4554 17.8825 -0.481564 -0.173478 344.927 0 0
1500 100.358 22.6453 17.8432 0.656042 0.430754 345.01 0 0
1500 60.5027 -15.2245 18.2492 0.116707 -0.253762 345.059 0 0
1500 97.8953 -6.21447 18.0892 0.628983 -0.109402 345.116 0 0
1500 89.9619 -35.8255 18.1268 0.491 -0.603137 345.223 0 0
1500 69.1708 -27.8547 18.3463 0.215027 -0.485772 345.223 0 0
1500 78.2811 -12.9009 18.3179 0.35562 -0.224968 345.427 0 0
1500 82.0174 52.3328 17.8053 0.315191 0.797199 345.278 0 0
1500 90.4211 5.47082 18.663 0.651531 0.104159 345.386 0 0
1500 55.1014 -9.05867 18.165 -0.0902716 -0.218162 345.383 0 0
1500 49.6184 35.8282 17.7907 -0.2025 0.570239 345.584 0 0
1500 80.7052 5.86804 18.868 0.460212 0.0472483 345.619 0 0
1500 37.5864 54.4514 17.8389 -0.292995 0.889007 345.636 0 0
1500 72.1382 17.9952 18.4301 0.347764 0.316772 345.821 0 0
1500 54.6476 33.9643 18.3332 -0.0673966 0.550088 346.005 0 0
1500 -5.81938 17.0452 17.8063 -1.00869 0.225358 346.032 0 0
1500 93.1107 -59.1186 17.9987 0.662504 -0.97175 346.053 0 0
1500 80.6502 5.34882 18.2462 0.47408 0.068671 346.269 0 0
1500 41.1752 -1.79819 17.8697 -0.26958 -0.0748446 346.348 0 0
1500 115.769 34.4488 17.8929 0.924266 0.493869 346.477 0 0
1500 102.011 -24.0089 17.8115 0.724462 -0.314191 346.497 0 0
1500 23.3329 -14.5962 17.9666 -0.558434 -0.276079 346.532 0 0
1500 119.886 26.987 17.838 0.922237 0.470004 346.794 0 0
1500 82.3128 23.8422 18.3203 0.43325 0.428919 346.728 0 0
1500 112.053 -6.25262 17.8817 0.887898 -0.124614 346.823 0 0
1500 42.9305 -40.8058 17.9641 -0.25998 -0.670654 346.829 0 0
1500 72.0864 -13.172 18.5743 0.227737 -0.209301 346.772 0 0
1500 10.0809 -47.3953 17.8093 -0.763526 -0.714319 346.993 0 0
1500 35.6847 51.8345 17.8092 -0.279939 0.83102 346.924 0 0
1500 114.743 -1.3071 17.8083 0.908992 0.0299266 347.122 0 0
1500 76.5318 -28.1653 17.935 0.253678 -0.491452 347.018 0 0
1500 77.0894 -7.69216 17.9081 0.282928 -0.191913 347.03 0 0
1500 -5.12942 -0.649474 17.8357 -1.00395 0.0623158 347.194 0 0
1500 88.7943 -6.30999 18.567 0.553607 -0.0667377 347.334 0 0
1500 107.952 -33.4931 17.8079 0.805724 -0.453084 347.223 0 0
1500 90.4194 -29.7878 17.9093 0.573923 -0.423382 347.308 0 0
1500 58.0705 34.4358 18.028 -0.0561609 0.563528 347.354 0 0
1500 1.80319 32.4388 17.8706 -0.862091 0.539329 347.386 0 0
1500 114.674 -25.3533 17.9645 0.899014 -0.432997 347.415 0 0
1500 131.051 -1.43724 17.9705 1.24073 -0.0366186 347.502 0 0
1500 122.956 45.4113 17.8007 0.934672 0.714016 347.515 0 0
1500 48.6214 66.6407 17.7894 -0.179417 1.02829 347.561 0 0
1500 28.6486 46.1212 17.7892 -0.455619 0.706673 347.562 0 0
1500 119.918 0.947183 17.9654 0.976467 0.0232216 347.721 0 0
1500 77.4793 -45.5071 17.929 0.265074 -0.747144 347.771 0 0
1500 100.057 4.58539 18.0734 0.734936 0.0310806 347.989 0 0
1500 59.2741 -8.13427 18.1746 -0.0400105 -0.174122 347.975 0 0
1500 10.1502 4.86828 17.7971 -0.710316 0.125695 348.102 0 0
1500 49.1588 66.3244 17.8427 -0.115699 1.02949 348.047 0 0
1500 68.7246 5.97848 18.2489 0.171595 0.149289 348.051 0 0
1500 6.41569 -21.3331 17.9265 -0.799952 -0.380278 348.237 0 0
1500 80.7649 81.4494 17.8196 0.356564 1.34001 348.264 0 0
1500 15.3121 49.1673 17.8415 -0.674598 0.723872 348.492 0 0
1500 75.7114 11.125 18.1939 0.281562 0.191839 348.768 0 0
1500 109.953 163.44 17.9823 0.94542 2.78485 348.825 0 0
1500 86.6069 -34.1428 17.9167 0.447167 -0.633516 348.876 0 0
1500 31.6371 -52.433 17.8944 -0.402657 -0.852952 349 0 0
1500 73.7123 -4.53984 18.0617 0.303315 -0.138652 349.075 0 0
1500 45.556 60.3337 17.8127 -0.148652 0.92284 349.102 0 0
1500 46.437 -2.67621 17.8157 -0.200915 0.0201118 349.189 0 0
1500 105.873 39.3915 17.8529 0.690926 0.629414 349.279 0 0
1500 55.1128 64.394 17.8329 0.0157844 1.0031 349.37 0 0
1500 39.7227 9.36581 18.2496 -0.295717 0.144028 349.397 0 0
1500 25.627 -42.8661 17.7992 -0.44035 -0.70403 349.412 0 0
1500 110.721 40.3656 17.8653 0.814718 0.6349 349.542 0 0
1500 29.7671 -35.4234 17.954 -0.402775 -0.613012 349.644 0 0
1500 37.3393 54.1641 17.8571 -0.279874 0.83456 349.653 0 0
1500 56.1003 -21.3724 17.8481 -0.0391856 -0.409187 349.721 0 0
1500 82.7332 -48.2687 17.7972 0.426375 -0.78237 349.736 0 0
1500 49.2849 -44.5771 17.9533 -0.106392 -0.750888 349.736 0 0
1500 74.4241 -28.7813 18.6363 0.281178 -0.502035 349.743 0 0
1500 101.11 -42.9858 18.0446 0.723139 -0.673976 349.802 0 0
1500 39.8643 -55.0466 17.7965 -0.222225 -0.883326 349.86 0 0
1500 68.057 -66.295 17.8363 0.179721 -1.03275 349.908 0 0
1500 65.846 19.9325 18.3053 0.116169 0.316688 350.055 0 0
1500 39.9264 49.7323 17.8621 -0.241973 0.767605 350.06 0 0
1500 51.0622 -29.3857 18.1422 -0.107442 -0.508017 350.075 0 0
1500 28.7949 6.84583 17.8454 -0.463988 0.128698 350.11 0 0
1500 48.1656 50.6707 17.863 -0.126246 0.780021 350.129 0 0
1500 70.335 64.4815 17.8159 0.230489 0.971671 350.337 0 0
1500 68.1605 29.3336 18.1986 0.214438 0.517554 350.366 0 0
1500 85.6986 11.6883 17.9742 0.464301 0.253633 350.279 0 0
1500 125.445 8.05628 18.5185 1.27699 0.100731 350.343 0 0
1500 60.4154 -53.1921 17.9236 -0.00365156 -0.827123 350.396 0 0
1500 62.1828 -54.6082 17.9486 0.0881882 -0.893762 350.412 0 0
1500 92.0001 18.7728 17.8319 0.599339 0.269728 350.507 0 0
1500 126.642 12.2735 17.7905 0.995522 0.24896 350.528 0 0
1500 97.7619 -32.7927 18.048 0.656566 -0.558379 350.529 0 0
1500 112.576 -25.2405 17.9467 0.839373 -0.450572 350.797 0 0
1500 117.089 -31.5014 17.8411 0.883026 -0.518858 350.795 0 0
1500 85.5486 32.6487 17.8322 0.467027 0.515561 350.771 0 0
1500 78.9394 19.0616 18.1587 0.4319 0.317069 350.716 0 0
1500 94.4739 33.6404 17.8457 0.62096 0.55476 350.638 0 0
1500 66.8305 -11.3291 18.0158 0.235014 -0.191405 350.736 0 0
1500 4.29616 4.9968 17.8118 -0.855524 0.143515 350.87 0 0
1500 31.3155 -61.2347 17.7933 -0.34584 -0.961358 350.926 0 0
1500 66.9689 36.7401 17.7991 0.205626 0.545335 351.071 0 0
1500 41.244 19.5645 18.1901 -0.281843 0.3168 351.036 0 0
1500 72.8995 8.23602 17.9774 0.282674 0.0842419 351.145 0 0
1500 106.3 30.7365 17.8162 0.78117 0.485462 351.222 0 0
1500 63.3402 39.8673 17.7988 0.150941 0.589979 351.302 0 0
1500 109.19 34.3932 17.8087 0.736544 0.586941 351.344 0 0
1500 58.1198 16.9966 18.6158 0.0219679 0.260204 351.331 0 0
1500 103.033 43.0943 17.8079 0.641849 0.716718 351.508 0 0
1500 71.6325 -30.9668 17.9302 0.297465 -0.497057 351.54 0 0
1500 85.1404 9.42006 18.679 0.569911 0.141004 351.56 0 0
1500 111.219 -14.3137 18.1909 0.905994 -0.224396 351.617 0 0
1500 100.23 -54.6556 17.7865 0.68957 -0.785774 351.643 0 0
1500 -1.53843 -22.2589 17.8075 -0.934055 -0.268582 351.595 0 0
1500 52.6199 -14.1686 18.0783 -0.0987213 -0.28011 351.619 0 0
1500 70.6423 33.788 18.465 0.21651 0.570123 351.671 0 0
1500 30.1914 16.3113 17.9348 -0.410645 0.329664 351.767 0 0
1500 77.9811 54.3765 18.4902 0.462214 1.08487 351.755 0 0
1500 85.3692 -16.4132 17.8367 0.445274 -0.209202 351.953 0 0
1500 60.74 36.0838 18.5861 0.066614 0.625654 351.985 0 0
1500 -6.062 -19.4179 17.8056 -0.993986 -0.223942 352.143 0 0
1500 118.281 -29.0183 17.7954 0.929628 -0.473148 352.218 0 0
1500 55.5097 -19.1301 17.8391 0.028363 -0.336447 352.185 0 0
1500 53.4916 -2.74301 17.8535 -0.142643 -0.0741845 352.22 0 0
1500 81.4537 25.7754 18.8373 0.492497 0.442372 352.286 0 0
1500 93.4924 19.9151 17.8402 0.546439 0.323299 352.382 0 0
1500 72.0038 44.7096 18.0388 0.199256 0.737114 352.466 0 0
1500 78.6839 19.3882 18.2736 0.343338 0.364706 352.628 0 0
1500 78.5509 -50.4918 17.8782 0.256584 -0.813774 352.444 0 0
1500 3.39783 8.52838 17.8763 -0.888038 0.0871444 352.66 0 0
1500 68.9533 -19.5695 17.8374 0.238411 -0.342732 352.296 0 0
1500 73.9773 -19.208 18.2718 0.320535 -0.382091 352.645 0 0
1500 5.4948 -38.5809 17.8798 -0.798465 -0.643168 352.706 0 0
1500 92.6838 -24.5228 17.9218 0.614418 -0.406742 352.715 0 0
1500 102.808 -29.3548 17.8159 0.759244 -0.442477 352.751 0 0
1500 94.7035 -2.94925 17.8308 0.636095 -0.0823763 352.773 0 0
1500 100.097 1.73568 17.9221 0.678319 0.101302 353.004 0 0
1500 58.55 -53.4101 18.0602 -0.00699663 -0.865907 353.122 0 0
1500 125.351 -16.2688 17.9744 1.11507 -0.285086 353.112 0 0
1500 59.1954 66.8035 17.8054 -0.0188209 1.04766 353.194 0 0
1500 76.0116 -49.4217 17.9163 0.355519 -0.78267 353.247 0 0
1500 26.8313 -16.8404 17.9672 -0.528413 -0.301015 353.206 0 0
1500 56.4819 -11.0569 18.1862 0.0373293 -0.217067 353.42 0 0
1500 57.6248 26.4001 17.9596 -0.0454041 0.405892 353.268 0 0
1500 122.06 10.4981 17.802 0.969297 0.101825 353.312 0 0
1500 84.6445 -3.01221 18.2787 0.478552 0.028772 353.404 0 0
1500 88.3747 13.586 18.0654 0.502553 0.221434 353.628 0 0
1500 11.5837 11.14 17.961 -0.757438 0.129179 353.716 0 0
1500 99.462 -48.7103 17.9942 0.684874 -0.773172 353.834 0 0
1500 90.7567 45.0548 17.8245 0.567809 0.662067 353.804 0 0
1500 67.4518 -34.6533 18.0043 0.135286 -0.602579 353.84 0 0
1500 118.379 1.42036 17.8809 0.922479 -0.0207594 354.016 0 0
1500 68.3412 -39.8773 17.9269 0.134217 -0.619489 354.024 0 0
1500 50.8196 -20.2431 17.9521 -0.136865 -0.329087 353.876 0 0
1500 144.6 -18.7547 17.8164 1.29858 -0.328357 353.867 0 0
1500 21.1811 -52.9167 17.869 -0.605468 -0.831635 353.953 0 0
1500 88.6861 21.8209 18.2727 0.536263 0.403522 353.863 0 0
1500 114.428 24.104 18.1574 0.967037 0.37991 354.018 0 0
1500 92.251 -0.541007 17.8255 0.607803 -0.0216748 353.992 0 0
1500 37.6021 2.27312 18.1374 -0.33845 0.0775122 354.102 0 0
1500 86.5453 5.3457 17.9998 0.528485 0.0443769 354.048 0 0
1500 40.42 62.1547 17.8091 -0.29075 0.965277 354.181 0 0
1500 90.6415 -44.6699 17.8105 0.511577 -0.681865 354.194 0 0
1500 10.1298 47.9457 17.7951 -0.669773 0.763323 354.237 0 0
1500 108.161 -33.962 17.9569 0.775802 -0.584876 354.43 0 0
1500 89.1418 -28.2396 18.1688 0.501639 -0.524887 354.347 0 0
1500 -5.99993 13.596 17.9364 -1.13727 0.178189 354.359 0 0
1500 94.2958 25.1666 18.6907 0.682635 0.428436 354.54 0 0
1500 90.6347 1.77868 18.0121 0.537361 0.0256415 354.537 0 0
1500 124.492 -8.20871 17.8689 1.027 -0.174867 354.555 0 0
1500 61.6488 10.0686 18.1796 0.0313929 0.122014 354.532 0 0
1500 87.7874 2.18174 17.9844 0.533546 0.0880607 354.554 0 0
1500 123.217 -25.1499 18.1534 1.20287 -0.457623 354.528 0 0
1500 86.447 -3.89507 18.0142 0.478928 -0.0523079 354.663 0 0
1500 98.6475 -20.1991 18.5478 0.71462 -0.377287 354.605 0 0
1500 115.934 27.9651 17.851 0.87759 0.494945 354.715 0 0
1500 31.9686 -8.34711 18.1366 -0.430786 -0.157188 354.672 0 0
1500 40.8083 0.475018 17.8308 -0.315718 -0.057703 354.769 0 0
1500 80.384 47.7473 18.0351 0.404602 0.876948 354.637 0 0
1500 -3.07619 -3.13241 17.8657 -0.987064 -0.0663573 355 0 0
1500 70.0429 22.8708 18.4637 0.272369 0.420708 354.977 0 0
1500 101.679 -23.8983 17.8043 0.72572 -0.316538 355.083 0 0
1500 45.5139 11.6045 18.1119 -0.215219 0.228941 355.077 0 0
1500 56.9532 -39.563 17.8232 0.0333279 -0.601008 355.183 0 0
1500 -0.358633 -31.4359 17.8685 -0.909106 -0.501181 355.269 0 0
1500 119.371 11.8458 17.8919 0.941782 0.21898 355.313 0 0
1500 76.4776 -62.7201 17.9316 0.28055 -0.980893 355.373 0 0
1500 55.7904 32.7546 18.1062 -0.0564873 0.551543 355.474 0 0
1500 69.2508 -25.852 17.8461 0.252128 -0.390271 355.454 0 0
1500 84.9708 45.8642 17.9101 0.522289 0.75538 355.377 0 0
1500 109.773 -17.7022 17.9841 0.867314 -0.304341 355.506 0 0
1500 88.0052 46.1073 17.8208 0.390933 0.717602 355.625 0 0
1500 29.7754 59.7349 17.85 -0.436363 0.953135 355.674 0 0
1500 119.9 -2.789 17.7992 1.00442 -0.0368422 355.699 0 0
1500 4.46575 -35.5628 17.8707 -0.830552 -0.556277 355.922 0 0
1500 9.76777 48.718 17.8235 -0.78402 0.693636 355.823 0 0
1500 90.5036 47.7267 17.9676 0.557339 0.774218 355.948 0 0
1500 38.2326 -38.3475 17.8596 -0.377494 -0.572337 355.969 0 0
1500 9.98796 12.3757 17.9563 -0.825686 0.277256 355.86 0 0
1500 117.488 11.1012 17.9807 0.97589 0.129202 356.038 0 0
1500 91.5744 -29.4006 17.8509 0.556107 -0.519913 356.091 0 0
1500 51.3445 -6.51468 18.0452 -0.139346 -0.0552554 356.1 0 0
1500 59.3652 -3.48572 18.0459 -0.0149791 -0.00829075 356.062 0 0
1500 91.5188 41.9481 17.9709 0.508173 0.659456 356.113 0 0
1500 122.91 6.81411 17.9077 1.02171 0.0705064 356.337 0 0
1500 53.0463 65.5811 17.8509 -0.0915006 1.02893 356.372 0 0
1500 74.7549 -64.3522 17.8994 0.302756 -0.999116 356.317 0 0
1500 104.516 -47.8399 17.8497 0.760838 -0.719054 356.227 0 0
1500 15.2517 -50.8848 17.8236 -0.697939 -0.779571 356.275 0 0
1500 108.801 -0.00538749 17.9153 0.84266 -0.0507632 356.225 0 0
1500 15.4036 -16.5895 17.8956 -0.694519 -0.314402 356.118 0 0
1500 23.4523 -40.333 17.8472 -0.490056 -0.684536 356.441 0 0
1500 99.0483 21.5584 17.8348 0.707116 0.344524 356.346 0 0
1500 73.6208 49.7195 18.0372 0.326404 0.852041 356.221 0 0
1500 58.0212 63.5794 18.1305 0.0648968 1.09381 356.424 0 0
1500 97.691 7.08201 18.2903 0.664591 0.0851426 356.565 0 0
1500 76.5407 -15.6383 18.0789 0.310991 -0.276742 356.556 0 0
1500 91.2709 -30.4349 17.9666 0.634559 -0.519906 356.618 0 0
1500 71.6848 12.0416 17.9138 0.189346 0.235507 356.646 0 0
1500 33.2225 9.26185 17.8361 -0.380507 0.191131 356.825 0 0
1500 106.958 -22.1711 18.8124 0.950342 -0.405413 356.774 0 0
1500 112.447 -7.21774 17.9183 0.95865 -0.171559 356.651 0 0
1500 79.2341 4.85852 18.8381 0.412772 0.127787 356.994 0 0
1500 113.06 16.8094 17.8151 0.860357 0.247542 356.983 0 0
1500 122.053 10.739 17.963 1.01553 0.214382 357.02 0 0
1500 65.1921 -56.2422 17.8427 0.14791 -0.920618 356.976 0 0
1500 77.6963 17.4584 17.9988 0.376697 0.326986 357.044 0 0
1500 14.3146 45.6162 17.8541 -0.650672 0.728592 357.149 0 0
1500 84.8988 16.048 18.067 0.523938 0.21715 357.193 0 0
1500 118.526 2.24956 17.912 0.945806 0.00405918 357.219 0 0
1500 96.9597 -28.6392 18.0099 0.616489 -0.453694 357.289 0 0
1500 36.0374 -42.2069 18.0391 -0.310175 -0.717884 357.341 0 0
1500 55.1129 -13.0974 17.889 0.0201679 -0.25455 357.374 0 0
1500 48.8091 -35.6833 17.9032 -0.0935877 -0.630244 357.294 0 0
1500 102.53 2.00536 17.9864 0.734032 0.0996705 357.396 0 0
1500 45.0618 -34.4516 17.8586 -0.138948 -0.583925 357.379 0 0
1500 1.5029 116.362 17.9308 -0.998937 1.9489 357.432 0 0
1500 77.6932 -17.216 18.8519 0.399582 -0.322477 357.498 0 0
1500 87.982 -52.8285 17.8395 0.490225 -0.862016 357.492 0 0
1500 55.8326 8.06981 17.9198 0.0284255 0.159057 357.811 0 0
1500 43.6122 -73.3838 17.808 -0.256265 -1.09239 357.865 0 0
1500 108.384 39.5326 17.8851 0.833118 0.602239 357.836 0 0
1500 86.5298 13.429 18.5198 0.590948 0.206156 357.867 0 0
1500 80.9855 -84.0999 17.9808 0.397639 -1.38261 357.912 0 0
1500 142.675 -24.6245 17.9133 1.46213 -0.404575 357.879 0 0
1500 28.9877 -0.748191 17.9807 -0.532316 -0.065647 357.831 0 0
1500 112.441 26.9179 17.8579 0.859117 0.399049 358.034 0 0
1500 79.8023 63.0449 17.8221 0.399115 0.954383 358.283 0 0
1500 54.234 13.431 18.2107 -0.0827823 0.186003 358.21 0 0
1500 96.1093 13.013 17.8783 0.65324 0.151788 358.133 0 0
1500 56.1631 6.7717 18.158 -0.0632037 0.111094 358.388 0 0
1500 81.1265 -18.6416 18.2285 0.403895 -0.262832 358.426 0 0
1500 36.8465 -9.95556 17.8945 -0.348023 -0.178312 358.503 0 0
1500 177.051 96.4846 17.8643 1.87286 1.61867 358.743 0 0
1500 81.2851 27.1667 17.8517 0.392052 0.413127 358.792 0 0
1500 107.107 -42.6557 18.2851 0.994006 -0.771048 358.786 0 0
1500 54.062 18.2763 18.1668 -0.00671489 0.309636 358.869 0 0
1500 107.266 -20.2408 17.8688 0.814117 -0.356886 359.045 0 0
1500 63.8438 -19.3077 17.8865 0.0483926 -0.378035 358.997 0 0
1500 94.5959 8.76411 18.6948 0.750531 0.247321 359.01 0 0
1500 100.658 -5.48997 17.9146 0.654256 -0.0913502 359.095 0 0
1500 56.0483 -12.6359 18.0802 -0.0409234 -0.229213 359.313 0 0
1500 111.165 37.5287 17.9575 0.827572 0.605791 359.233 0 0
1500 104.778 -1.18474 18.1654 0.79444 -0.078669 359.119 0 0
1500 73.4832 -53.0828 17.8305 0.23941 -0.884302 359.101 0 0
1500 78.1265 32.0624 17.888 0.367946 0.553321 359.095 0 0
1500 34.6105 -31.3237 18.1473 -0.34906 -0.580392 359.258 0 0
1500 94.1425 -45.0682 17.9631 0.615317 -0.834597 359.165 0 0
1500 69.2608 68.4712 17.9606 0.222623 1.23029 359.204 0 0
1500 99.6883 -49.9377 17.9058 0.67148 -0.775073 359.37 0 0
1500 121.661 -14.8122 17.9058 0.99134 -0.263941 359.363 0 0
1500 51.8486 -59.4963 17.8656 -0.0298851 -0.948952 359.455 0 0
1500 37.9478 9.96641 18.2066 -0.320407 0.197177 359.338 0 0
1500 96.5239 44.2488 17.7984 0.604118 0.685589 359.614 0 0
1500 124.362 -10.1008 17.8374 1.00776 -0.211613 359.517 0 0
1500 122.106 -1.95867 17.8406 1.03277 -0.0152104 359.536 0 0
1500 63.5194 32.6162 18.2023 0.0707286 0.541418 359.638 0 0
1500 123.815 -60.277 17.8238 0.994994 -1.01728 359.711 0 0
1500 123.739 -3.16536 17.798 0.993147 -0.122966 360.007 0 0
1500 66.3233 47.9488 18.0392 0.171088 0.801233 360.057 0 0
1500 92.3573 11.8064 17.8299 0.567569 0.252133 360.141 0 0
1500 46.5505 -0.824256 18.2014 -0.266472 -0.0287244 360.09 0 0
1500 45.3519 36.7096 17.9844 -0.19034 0.576805 360.332 0 0
1500 74.2424 44.2668 18.0053 0.271348 0.689562 360.241 0 0
1500 10.7222 -26.129 18.045 -0.748401 -0.455118 360.342 0 0
1500 52.3575 -51.591 17.8835 -0.0917843 -0.861982 360.438 0 0
1500 94.3167 26.7527 17.9632 0.643577 0.380188 360.527 0 0
1500 52.721 16.3322 17.9921 -0.0864537 0.289115 360.929 0 0
1500 12.8192 10.4755 17.9759 -0.742907 0.187508 360.725 0 0
1500 9.28865 -4.01474 17.9746 -0.795373 -0.0338371 360.847 0 0
1500 104.722 38.1882 17.9548 0.839695 0.608376 360.785 0 0
1500 92.226 -48.4954 17.9735 0.582548 -0.905019 360.761 0 0
1500 48.4589 9.06234 17.9931 -0.14549 0.188005 360.997 0 0
1500 92.4146 -21.6751 18.1178 0.580042 -0.323467 360.949 0 0
1500 88.7597 11.1532 17.985 0.49305 0.208015 361.079 0 0
1500 99.7513 18.6839 18.0401 0.639106 0.326099 361.214 0 0
1500 126.963 -9.07227 17.7953 1.02626 -0.208902 361.008 0 0
1500 23.5005 35.3652 17.8057 -0.51931 0.619549 361.237 0 0
1500 92.9756 -2.51948 18.3032 0.649844 -0.0995142 361.027 0 0
1500 39.6247 23.1453 17.8745 -0.322538 0.425712 361.004 0 0
1500 86.6654 20.0183 17.8717 0.470525 0.310273 361.364 0 0
1500 104.621 -11.0875 17.9195 0.722213 -0.203772 361.372 0 0
1500 115.026 -36.9191 17.7954 0.843822 -0.618935 361.413 0 0
1500 91.4951 -3.94867 18.1299 0.586026 0.0056747 361.398 0 0
1500 42.218 48.5226 17.8037 -0.230551 0.81946 361.44 0 0
1500 51.7123 40.3228 17.8688 -0.133789 0.687906 361.447 0 0
1500 71.9611 -47.459 18.1756 0.245282 -0.898636 361.484 0 0
1500 85.2051 -56.2956 17.8764 0.402662 -0.918932 361.494 0 0
1500 96.5164 40.7198 17.8775 0.619586 0.614303 361.667 0 0
1500 100.797 -40.9204 18.0167 0.714202 -0.668132 361.835 0 0
1500 13.2679 16.3625 18.0172 -0.728785 0.221803 361.77 0 0
1500 69.6153 52.4441 17.8015 0.189015 0.876251 361.69 0 0
1500 12.0029 16.7585 17.8642 -0.741923 0.322199 361.857 0 0
1500 56.9088 53.5062 17.9858 -0.0134034 0.980274 361.547 0 0
1500 89.2374 -0.740509 18.7715 0.649262 -0.117495 361.536 0 0
1500 83.3582 -60.6814 17.8614 0.431032 -0.932079 361.922 0 0
1500 98.155 13.0276 17.8396 0.63735 0.196042 362.059 0 0
1500 107.354 12.1869 17.9115 0.759415 0.222927 361.992 0 0
1500 13.0483 -48.0462 17.8744 -0.674476 -0.788314 362.069 0 0
1500 11.0135 36.5909 17.799 -0.703018 0.630829 362.018 0 0
1500 7.44595 31.3107 17.7994 -0.757917 0.551011 361.961 0 0
1500 169.245 -111.92 17.8248 1.69158 -1.72292 362.278 0 0
1500 116.115 -13.6473 18.1131 0.967253 -0.233119 362.356 0 0
1500 92.0672 -8.97564 17.8374 0.527335 -0.214845 362.26 0 0
1500 75.4417 21.7307 18.1358 0.257826 0.39661 362.395 0 0
1500 1.87509 1.38091 17.86 -0.892216 0.0999426 362.343 0 0
1500 17.9299 -49.9447 17.7988 -0.580633 -0.798126 362.532 0 0
1500 13.92 46.5096 17.7953 -0.652157 0.773744 362.69 0 0
1500 74.543 -21.994 18.0844 0.276999 -0.414214 362.789 0 0
1500 66.3788 21.8446 18.1104 0.226205 0.395922 362.729 0 0
1500 86.2105 -62.5207 17.8326 0.475044 -0.939803 362.901 0 0
1500 104.152 -1.02977 18.2225 0.79322 -0.0210244 362.988 0 0
1500 70.7859 -0.0259279 18.7156 0.313064 0.0737871 362.942 0 0
1500 104.088 -22.8473 18.0475 0.80026 -0.340512 362.95 0 0
1500 82.4044 15.7774 18.0792 0.467163 0.288974 362.887 0 0
1500 111.086 4.4858 17.8941 0.889532 0.0855793 363.127 0 0
1500 78.2041 -38.4319 18.098 0.333166 -0.681344 363.063 0 0
1500 105.875 -13.7367 17.9492 0.817033 -0.230163 363.209 0 0
1500 56.8731 -13.9964 18.318 -0.0242191 -0.184632 363.23 0 0
1500 107.539 -44.4918 17.8588 0.839394 -0.663863 363.143 0 0
1500 42.2109 8.56143 18.009 -0.245222 0.171006 363.278 0 0
1500 68.2947 56.4453 17.8502 0.227256 0.891866 363.257 0 0
1500 55.8042 -35.7 18.6017 -0.0168973 -0.627974 363.275 0 0
1500 89.1689 29.9332 17.8578 0.51193 0.436314 363.329 0 0
1500 86.1791 -0.445989 18.6476 0.543981 0.0685361 363.385 0 0
1500 73.1599 40.7323 18.0724 0.3226 0.666346 363.432 0 0
1500 99.4648 -15.3034 17.9933 0.728439 -0.249785 363.484 0 0
1500 15.6821 -29.1337 17.8145 -0.64586 -0.523822 363.554 0 0
1500 -27.9551 88.1176 17.8237 -1.39182 1.31834 363.479 0 0
1500 10.2663 23.3254 17.9194 -0.831855 0.327078 363.319 0 0
1500 67.4682 -21.5443 18.0516 0.153025 -0.367975 363.711 0 0
1500 108.855 4.16326 17.8336 0.853154 0.0464345 363.774 0 0
1500 54.9618 65.9124 17.7933 -0.0337661 1.04635 363.924 0 0
1500 85.3308 52.2349 17.8921 0.478372 0.835365 364.185 0 0
1500 126.028 63.9731 17.8937 1.14035 1.01689 364.207 0 0
1500 33.8528 -33.107 17.8301 -0.395139 -0.594595 364.041 0 0
1500 45.7819 -2.17781 17.8343 -0.252561 -0.0863299 364.339 0 0
1500 115.476 -46.6501 17.8556 0.97989 -0.715242 364.307 0 0
1500 70.4938 32.1871 18.453 0.21083 0.559218 364.075 0 0
1500 104.49 -19.34 17.8905 0.830957 -0.280543 364.073 0 0
1500 122.303 44.7848 18.2269 1.19511 0.826809 364.384 0 0
1500 154.901 0.967536 18.99 2.07105 -0.0584367 364.325 0 0
1500 86.9186 -12.5512 18.597 0.54603 -0.196654 364.578 0 0
1500 72.7648 112.722 17.8124 0.256707 1.6942 364.595 0 0
1500 80.5361 64.9815 17.8409 0.424813 0.99929 364.682 0 0
1500 125.584 -13.7191 18.0683 1.17957 -0.170643 364.525 0 0
1500 38.0827 -18.5741 17.8209 -0.278263 -0.330958 364.898 0 0
1500 101.649 48.2394 17.7954 0.647892 0.775305 364.787 0 0
1500 122.893 -12.7756 17.8819 1.031 -0.1687 364.877 0 0
1500 69.8785 -56.8795 17.9028 0.156868 -0.928301 364.83 0 0
1500 51.995 23.5097 17.8615 -0.161236 0.334154 364.848 0 0
1500 35.9057 18.7756 17.991 -0.461241 0.293725 364.792 0 0
1500 31.6717 -49.4592 17.8242 -0.385159 -0.803463 365.007 0 0
1500 121.818 9.6837 17.9392 1.03182 0.122867 364.978 0 0
1500 58.8969 39.411 17.8778 -0.0415477 0.593951 365.102 0 0
1500 24.4911 -12.5905 18.0524 -0.610395 -0.164537 365.241 0 0
1500 117.918 11.6776 18.717 1.31487 0.231483 365.3 0 0
1500 25.0248 53.1047 17.7982 -0.466467 0.83964 365.33 0 0
1500 73.9897 13.7226 18.942 0.340312 0.262472 365.328 0 0
1500 83.1028 -41.4296 18.1706 0.433864 -0.698127 365.461 0 0
1500 45.1842 -46.2615 17.9245 -0.214486 -0.781603 365.345 0 0
1500 98.9856 9.64516 17.9118 0.680673 0.08251 365.508 0 0
1500 82.0292 27.2573 17.8688 0.439862 0.464909 365.595 0 0
1500 73.4382 -6.5837 18.2808 0.353047 -0.169261 365.636 0 0
1500 34.6804 -22.0694 17.988 -0.45538 -0.44716 365.545 0 0
1500 100.961 -2.68459 17.9573 0.67684 -0.0717818 365.68 0 0
1500 112.044 26.7648 17.8008 0.788904 0.455795 365.714 0 0
1500 -10.9377 -2.38045 17.7952 -1.0416 0.0350168 366.063 0 0
1500 100.053 26.7179 18.015 0.733827 0.428343 365.722 0 0
1500 70.2064 -43.006 17.852 0.117619 -0.680415 365.863 0 0
1500 4.38162 0.140651 17.8145 -0.879443 -0.0487446 365.953 0 0
1500 58.9516 -51.6628 17.8163 -0.0450644 -0.843428 365.76 0 0
1500 85.7652 -13.4866 18.0159 0.523811 -0.167589 366.056 0 0
1500 35.777 55.8313 17.8581 -0.353932 0.864281 366.167 0 0
1500 0.00723197 -28.3102 17.8227 -0.88287 -0.499468 366.395 0 0
1500 72.0527 -53.8539 17.8241 0.234817 -0.892638 366.087 0 0
1500 111.073 -38.607 17.8049 0.774151 -0.65989 366.436 0 0
1500 76.1576 146.315 17.88 0.337675 2.33388 366.509 0 0
1500 65.3474 16.6014 17.953 0.138979 0.338362 366.519 0 0
1500 91.2938 -17.3723 19.2592 0.769722 -0.35474 366.133 0 0
1500 95.4773 41.2659 17.9424 0.617373 0.765596 366.655 0 0
1500 238.163 -47.9537 18.2414 3.34714 -0.80882 366.461 0 0
1500 82.9697 -28.7998 18.032 0.446546 -0.45235 366.787 0 0
1500 103.624 25.755 17.9686 0.768836 0.443117 366.775 0 0
1500 134.051 -16.8005 18.0916 1.35121 -0.372395 366.788 0 0
1500 6.85745 -8.78736 17.806 -0.802879 -0.145208 366.947 0 0
1500 81.9746 -26.186 18.2448 0.427237 -0.412029 367.128 0 0
1500 47.8446 7.13821 17.8228 -0.131555 0.168368 367.723 0 0
1500 85.6495 19.2646 17.8163 0.400075 0.340306 367.247 0 0
1500 21.3135 15.8145 17.8372 -0.536122 0.291492 367.621 0 0
1500 86.8012 -39.9748 17.9011 0.462223 -0.62044 367.411 0 0
1500 115.131 -8.14029 17.8937 0.89509 -0.100135 367.238 0 0
1500 105.734 4.48729 17.8208 0.747454 0.0538695 367.669 0 0
1500 88.978 -13.1213 18.4249 0.541526 -0.271996 367.161 0 0
1500 43.6765 -61.8697 17.8073 -0.27365 -0.979583 367.118 0 0
1500 102.459 -30.6428 17.7959 0.722842 -0.422622 368.02 0 0
1500 143.093 -30.76 17.805 1.34177 -0.518956 367.495 0 0
1500 90.7334 -13.2704 18.0994 0.607961 -0.22394 367.246 0 0
1500 112.13 -4.74029 17.9585 0.904965 -0.102089 367.994 0 0
1500 104.047 0.39147 17.9642 0.790126 -0.0247131 367.373 0 0
1500 7.26033 -20.1584 17.9777 -0.824876 -0.307762 368.018 0 0
1500 7.86646 28.9406 17.8068 -0.840526 0.431946 368.024 0 0
1500 49.7573 41.2604 17.831 -0.0729194 0.691798 367.409 0 0
1500 40.3004 17.2561 18.215 -0.274847 0.343361 367.637 0 0
1500 84.9811 -46.984 18.3364 0.499729 -0.851872 367.246 0 0
1500 117.979 26.2774 17.8496 0.954065 0.430668 368.456 0 0
1500 32.8739 60.7257 17.8453 -0.362548 0.977085 368.365 0 0
1500 43.3676 12.2555 18.2476 -0.214979 0.248752 368.431 0 0
1500 60.5615 21.3832 18.1456 0.00426438 0.342949 368.43 0 0
1500 93.3545 -10.7369 17.8233 0.621368 -0.184447 368.216 0 0
1500 53.8405 -20.7231 18.0777 -0.157504 -0.400079 368.238 0 0
1500 87.9924 -58.7338 17.906 0.480943 -0.927739 368.848 0 0
1500 88.9869 13.9007 18.6545 0.585446 0.277231 368.669 0 0
1500 91.5948 -54.7522 17.9595 0.581459 -0.849261 368.877 0 0
1500 100.999 -24.9718 18.1895 0.764792 -0.393723 368.683 0 0
1500 34.1688 -29.2115 17.9055 -0.436801 -0.468252 368.706 0 0
1500 50.2178 -2.71824 17.8808 -0.122872 0.0355908 368.633 0 0
1500 148.492 -9.43937 18.0318 1.542 -0.156016 368.743 0 0
1500 3.49232 -2.11299 17.9762 -0.903157 -0.108402 368.834 0 0
1500 4.4656 -31.981 17.7966 -0.813822 -0.559102 369.043 0 0
1500 77.3336 -0.659826 18.5998 0.413429 0.00291634 370.137 0 0
1500 85.3541 -17.6346 18.1098 0.48076 -0.23503 369.395 0 0
1500 73.5943 -1.53003 18.0645 0.261754 -0.0873244 369.666 0 0
1500 77.1658 38.3793 17.8554 0.318467 0.583055 369.134 0 0
1500 14.3766 4.97932 17.8519 -0.692139 0.0453396 369.433 0 0
1500 113.273 5.19072 18.2533 0.947797 0.0651522 369.319 0 0
1500 111.737 -8.66266 18.254 0.926425 -0.140198 369.219 0 0
1500 90.2113 5.53666 18.6196 0.638006 0.129861 369.347 0 0
1500 87.9043 -8.1621 19.1278 0.638341 -0.190228 369.974 0 0
1500 113.972 -2.59329 18.0425 0.92921 -0.0835602 369.188 0 0
1500 67.2095 47.2041 17.9887 0.108714 0.772419 369.179 0 0
1500 87.8474 48.9867 17.86 0.415586 0.808357 369.129 0 0
1500 88.1716 22.3979 18.2226 0.577047 0.370185 369.495 0 0
1500 66.5272 3.39827 18.1451 0.154247 0.127439 369.528 0 0
1500 90.8689 10.5689 17.9184 0.569272 0.104647 369.362 0 0
1500 76.3665 61.0315 17.8407 0.291575 1.0269 369.771 0 0
1500 63.1522 -19.3855 18.088 0.152874 -0.375382 369.799 0 0
1500 127.269 15.426 17.9562 1.18258 0.195569 370.014 0 0
1500 124.457 15.2006 18.215 1.23477 0.263921 369.078 0 0
1500 84.8678 -6.61245 18.812 0.629536 -0.173203 369.533 0 0
1500 28.0242 -47.3363 17.8277 -0.409054 -0.745522 370.309 0 0
1500 36.7293 0.544302 17.92 -0.352311 0.0800485 370.274 0 0
1500 101.026 -21.3108 17.9646 0.662563 -0.335651 370.991 0 0
1500 79.6518 -7.26348 17.8201 0.348497 -0.152671 370.626 0 0
1500 64.9213 -59.633 17.9136 0.0793855 -0.919098 370.515 0 0
1500 83.2499 41.2228 17.8424 0.35456 0.656012 371.231 0 0
1500 110.571 4.83235 17.8615 0.811284 0.108395 371.198 0 0
1500 23.2052 -55.4713 17.7945 -0.513472 -0.884893 371.237 0 0
1500 100.692 -48.2582 17.9145 0.696975 -0.769663 371.102 0 0
1500 35.4062 53.4798 17.8343 -0.292235 0.871337 370.861 0 0
1500 70.0533 -23.7728 17.9139 0.150277 -0.43202 370.654 0 0
1500 152.114 3.81939 17.8886 1.54952 0.0660744 370.597 0 0
1500 121.489 -32.5977 17.9239 1.10546 -0.495335 370.96 0 0
1500 46.5545 -1.84425 18.1873 -0.270499 -0.0190451 371.3 0 0
1500 26.3433 -84.8595 18.1846 -0.49455 -1.56578 371.225 0 0
1500 100.509 21.0935 17.8647 0.664925 0.338462 371.519 0 0
1500 88.1357 53.1908 17.961 0.492246 0.869734 371.645 0 0
1500 -36.1298 13.4423 17.8099 -1.50837 0.227561 371.544 0 0
1500 13.3126 31.7492 17.8946 -0.747197 0.475174 371.676 0 0
1500 74.2818 -45.2054 17.9026 0.213027 -0.754598 371.549 0 0
1500 48.5733 15.2596 18.1099 -0.124128 0.27453 371.821 0 0
1500 48.5405 15.5428 18.1099 -0.124588 0.278455 371.816 0 0
1500 89.7151 -21.454 18.1981 0.598982 -0.353119 371.789 0 0
1500 155.649 12.0528 17.858 1.56519 0.164091 371.678 0 0
1500 39.5847 19.6106 17.8751 -0.31602 0.375486 371.858 0 0
1500 127.086 -15.7259 17.8783 1.1612 -0.263455 371.807 0 0
1500 64.0807 -41.1395 17.8663 0.11847 -0.73426 371.885 0 0
1500 85.0184 -48.3144 17.8981 0.374927 -0.79659 372.013 0 0
1500 86.2218 -16.8135 17.9906 0.530336 -0.272535 372.019 0 0
1500 146.075 -7.39824 17.9345 1.52005 -0.124901 372.093 0 0
1500 59.5734 65.6949 17.8505 0.022365 1.04705 372.29 0 0
1500 86.6193 4.09616 17.874 0.462805 0.0963836 372.31 0 0
1500 53.0926 -58.6734 17.8001 -0.0749638 -0.917574 372.293 0 0
1500 85.5147 -58.3568 17.8974 0.468615 -0.923185 372.317 0 0
1500 15.3029 -39.301 17.8948 -0.681653 -0.655145 372.441 0 0
1500 -0.360002 -9.08986 17.895 -0.91904 -0.198448 372.401 0 0
1500 72.067 0.70924 18.5099 0.320045 -0.0363209 372.834 0 0
1500 31.6847 -40.9927 17.8165 -0.447448 -0.589936 372.595 0 0
1500 119.468 -22.7696 17.9192 0.993068 -0.311832 372.869 0 0
1500 52.4134 8.41069 18.4084 -0.060452 0.18346 372.614 0 0
1500 87.954 -28.2153 18.1426 0.496481 -0.504341 373.004 0 0
1500 76.4307 4.33607 18.1764 0.294661 0.135875 372.988 0 0
1500 98.7818 -42.208 18.3625 0.723825 -0.76515 372.707 0 0
1500 64.2968 -11.1031 18.5316 0.186363 -0.206391 373.129 0 0
1500 83.2003 -14.5148 18.585 0.501861 -0.233392 373.135 0 0
1500 79.2419 -0.0733428 17.8802 0.367615 0.0300274 373.064 0 0
1500 21.883 -51.0672 17.8914 -0.576908 -0.825549 373.043 0 0
1500 55.3778 30.6437 18.4022 -0.015363 0.517523 373.041 0 0
1500 79.4916 25.4191 18.1704 0.339377 0.456195 373.415 0 0
1500 80.3846 -42.1068 17.9088 0.407753 -0.704814 373.198 0 0
1500 102.582 41.8559 17.8795 0.773144 0.623385 373.052 0 0
1500 43.99 0.689357 17.8333 -0.247639 -0.0634165 373.122 0 0
1500 102.047 -32.5997 18.3278 0.741572 -0.599361 373.282 0 0
1500 101.353 22.6014 18.1481 0.817424 0.359216 373.114 0 0
1500 106.238 15.1318 17.9183 0.770834 0.326702 373.236 0 0
1500 49.4202 -30.05 18.3135 -0.112623 -0.515416 373.602 0 0
1500 99.3524 26.5586 17.9014 0.695277 0.459132 373.579 0 0
1500 7.44848 -10.6346 17.8685 -0.841243 -0.181316 373.733 0 0
1500 117.941 16.2001 18.3029 1.06034 0.301793 373.646 0 0
1500 93.722 -29.8218 18.1713 0.59293 -0.549834 373.684 0 0
1500 80.4099 -13.8614 18.0433 0.38024 -0.305445 373.739 0 0
1500 48.7628 6.99642 17.9981 -0.17945 0.094814 374.153 0 0
1500 120.72 -9.48123 18.0862 1.02237 -0.172712 374.016 0 0
1500 85.9306 -7.44976 18.4755 0.557592 -0.159952 373.825 0 0
1500 22.8174 53.1697 17.9033 -0.533577 0.866808 373.917 0 0
1500 70.9488 -53.1583 18.1339 0.235138 -0.871458 373.882 0 0
1500 92.7062 49.101 17.9109 0.562683 0.806862 374.145 0 0
1500 23.2997 -43.5721 17.8662 -0.596789 -0.681598 373.994 0 0
1500 58.172 -41.6214 17.819 -0.0213942 -0.71796 374.161 0 0
1500 87.7484 20.7475 17.887 0.516757 0.379125 374.23 0 0
1500 51.259 -17.8676 17.8461 -0.0457142 -0.329291 374.232 0 0
1500 66.6522 -18.8249 17.8306 0.210968 -0.294299 374.248 0 0
1500 131.92 -7.78389 18.7326 1.48756 -0.176689 373.965 0 0
1500 23.2578 -56.6435 17.8894 -0.543804 -0.888672 374.577 0 0
1500 132.711 -97.3695 17.8017 1.19609 -1.45453 374.856 0 0
1500 42.6329 -21.0968 18.1333 -0.213788 -0.398543 374.275 0 0
1500 60.4107 24.2877 18.05 0.0704507 0.463255 374.366 0 0
1500 69.4923 52.7935 18.0543 0.136428 0.871276 374.663 0 0
1500 76.9607 59.8363 17.8908 0.38576 0.962276 374.297 0 0
1500 106.675 44.2294 17.8677 0.763903 0.705985 374.974 0 0
1500 109.097 -24.9763 17.8053 0.824435 -0.437506 374.988 0 0
1500 87.0722 11.6199 18.8973 0.574971 0.186836 375.407 0 0
1500 73.3213 2.25334 18.1865 0.316159 0.00695202 375.248 0 0
1500 74.6116 0.694829 18.1862 0.334004 -0.0144764 375.224 0 0
1500 117.141 29.622 17.9074 0.915085 0.505921 375.223 0 0
1500 61.7917 32.64 18.1326 0.0581513 0.564734 375.315 0 0
1500 130.482 -8.59659 17.8893 1.20923 -0.133936 375.086 0 0
1500 55.5735 -18.8779 17.9613 -0.10339 -0.271039 375.187 0 0
1500 7.51862 -38.3677 17.893 -0.763136 -0.611986 375.58 0 0
1500 91.1106 -14.9319 18.2432 0.608869 -0.27906 375.539 0 0
1500 69.0838 -9.03503 17.8716 0.242921 -0.101303 375.575 0 0
1500 62.0709 14.6218 17.8898 0.143551 0.251256 375.486 0 0
1500 41.5221 -9.85124 18.4063 -0.274615 -0.236572 375.494 0 0
1500 88.5189 19.1449 19.0528 0.607331 0.348172 375.645 0 0
1500 133.556 56.7321 17.9155 1.2445 0.87252 375.64 0 0
1500 54.6372 -16.5397 17.9555 -0.0450187 -0.349871 375.679 0 0
1500 72.058 -66.9059 17.7978 0.145317 -1.03734 376.068 0 0
1500 79.1531 -3.29915 18.6135 0.491799 -0.0633045 376.043 0 0
1500 98.3047 46.8864 17.9895 0.683827 0.740392 376.25 0 0
1500 80.2773 -40.2272 18.0819 0.392615 -0.68275 375.8 0 0
1500 8.92349 -33.0876 17.8667 -0.752721 -0.575273 376.106 0 0
1500 41.2838 -52.6514 17.8685 -0.263696 -0.874693 375.865 0 0
1500 64.7236 4.24972 17.8968 0.188532 0.0759269 375.812 0 0
1500 71.3505 -46.9473 18.1209 0.168236 -0.791002 376.107 0 0
1500 63.9916 -9.8387 18.8437 0.137973 -0.21444 376.195 0 0
1500 73.7292 14.367 18.4135 0.285112 0.34646 375.988 0 0
1500 83.8419 20.6678 18.0932 0.43019 0.330337 376.347 0 0
1500 100.638 34.1576 17.9671 0.646818 0.551315 376.51 0 0
1500 123.479 9.66793 17.8909 1.01728 0.192317 376.574 0 0
1500 65.7694 42.154 17.8784 0.198772 0.672714 376.309 0 0
1500 56.401 -54.5164 17.91 -0.00784466 -0.944256 376.381 0 0
1500 76.2282 6.62551 18.8547 0.392739 0.148376 376.753 0 0
1500 28.4495 14.0386 17.9731 -0.465014 0.211597 376.974 0 0
1500 65.8 63.2092 17.8547 0.0855208 0.980643 376.66 0 0
1500 116.181 27.9512 17.8921 0.905574 0.456812 376.959 0 0
1500 -5.92216 9.27675 17.8612 -0.993364 0.116646 377.165 0 0
1500 122.839 6.48731 17.9873 1.03683 0.136817 377.063 0 0
1500 114.211 7.94855 18.1435 0.938963 0.16261 376.69 0 0
1500 98.203 -57.1097 17.8467 0.586225 -0.922 377.215 0 0
1500 17.9706 42.0257 17.8736 -0.601144 0.712989 376.745 0 0
1500 117.521 9.62248 17.8879 0.983392 0.160727 376.847 0 0
1500 69.1723 -53.6975 17.9422 0.139081 -0.875612 376.735 0 0
1500 49.7796 -38.4759 18.1594 -0.121042 -0.650181 377.237 0 0
1500 81.8004 -8.94414 18.1666 0.368783 -0.202801 376.707 0 0
1500 79.4508 32.7869 17.8389 0.37937 0.568229 376.885 0 0
1500 78.7825 -19.9068 17.8628 0.359518 -0.379624 377.208 0 0
1500 46.4608 22.2902 17.8262 -0.165818 0.424346 377.3 0 0
1500 172.326 -93.7361 17.8991 1.87165 -1.57999 377.365 0 0
1500 57.5988 21.3695 17.9968 0.0685876 0.399785 376.736 0 0
1500 58.8603 -57.9759 17.997 0.0480022 -1.07457 376.972 0 0
1500 46.2538 7.7507 17.9787 -0.215177 0.123092 377.386 0 0
1500 8.94675 61.0187 17.8995 -0.797071 0.966044 377.561 0 0
1500 60.0444 -18.2853 18.2234 0.0194631 -0.323735 377.546 0 0
1500 77.6139 -13.9939 17.9628 0.293317 -0.28998 377.594 0 0
1500 86.3624 3.08278 17.8316 0.468345 -0.0247934 377.488 0 0
1500 61.804 5.72758 17.923 0.0340909 0.143596 377.952 0 0
1500 17.285 -15.989 17.835 -0.648016 -0.227323 378.233 0 0
1500 -4.08811 13.4125 17.802 -0.962229 0.151928 377.709 0 0
1500 117.273 27.4253 17.9875 0.945765 0.4408 377.717 0 0
1500 122.939 2.06722 17.8286 1.02539 0.0834797 377.836 0 0
1500 66.8863 4.68174 18.5882 0.224186 0.14476 378.02 0 0
1500 29.1781 35.292 18.0591 -0.449655 0.601377 377.772 0 0
1500 50.6304 -36.9543 18.1447 -0.131892 -0.613511 377.809 0 0
1500 54.1501 28.1769 17.9817 -0.00199429 0.502258 378.119 0 0
1500 85.6306 -29.0316 17.8426 0.504915 -0.45458 378.064 0 0
1500 39.3337 23.6554 17.8654 -0.333814 0.429995 377.906 0 0
1500 48.8424 8.44946 17.9212 -0.163388 0.0597672 378.041 0 0
1500 43.6071 17.6241 17.9408 -0.252482 0.215985 378.363 0 0
1500 52.6514 14.6121 17.8961 -0.0263993 0.25884 378.439 0 0
1500 87.0803 26.7452 18.0633 0.497756 0.453096 378.534 0 0
1500 88.9999 -9.18878 18.0409 0.532485 -0.202648 378.357 0 0
1500 68.7183 60.0113 17.8247 0.208061 0.965218 378.51 0 0
1500 101.605 -30.1855 17.8488 0.701187 -0.529436 378.432 0 0
1500 70.0621 45.0467 17.8077 0.126604 0.749042 378.308 0 0
1500 48.4972 -17.4524 17.8217 -0.136283 -0.34982 378.466 0 0
1500 113.692 47.5918 17.8585 0.95474 0.721105 378.564 0 0
1500 104.402 9.91335 17.9055 0.715138 0.189674 378.822 0 0
1500 17.25 -44.3258 17.8208 -0.617325 -0.705333 379.097 0 0
1500 78.1942 -61.4413 17.8636 0.283986 -0.963331 378.934 0 0
1500 51.6827 -62.698 17.8648 -0.100598 -0.978124 379.178 0 0
1500 93.5993 51.5192 17.8571 0.543993 0.812923 379.466 0 0
1500 43.0596 -64.8608 17.8668 -0.196414 -1.02963 378.598 0 0
1500 120.686 -27.9772 17.7963 0.926903 -0.487294 379.528 0 0
1500 110.988 36.7719 17.822 0.837363 0.608095 379.201 0 0
1500 91.7437 -64.1469 17.9114 0.501977 -1.03323 379.193 0 0
1500 104.188 -17.5951 18.2423 0.773657 -0.332949 379.477 0 0
1500 -37.3573 -84.3653 17.8616 -1.50737 -1.31691 379.019 0 0
1500 21.3346 -33.3987 17.9491 -0.570127 -0.581138 378.692 0 0
1500 86.4723 -16.0999 18.2454 0.561171 -0.232467 379.243 0 0
1500 111.383 10.3172 17.8176 0.843601 0.0865707 378.653 0 0
1500 111.907 -17.1159 17.8311 0.895202 -0.265371 379.241 0 0
1500 4.47564 11.9878 17.8008 -0.876054 0.236101 379.03 0 0
1500 113.4 12.9031 17.9053 0.858804 0.27146 379.541 0 0
1500 9.25627 7.42176 17.8438 -0.800766 0.168389 378.882 0 0
1500 77.544 44.4524 17.8455 0.247666 0.738492 378.713 0 0
1500 14.1072 24.4359 17.8312 -0.675706 0.453605 378.791 0 0
1500 74.4477 46.1477 17.8912 0.270417 0.781309 379.355 0 0
1500 32.1125 20.5597 18.1148 -0.433243 0.336306 379.412 0 0
1500 62.1486 17.0488 18.0201 0.0132655 0.286599 378.804 0 0
1500 61.6837 -27.9849 17.8594 0.0661969 -0.512981 379.22 0 0
1500 65.3692 12.9325 18.0145 0.0637383 0.232976 379.502 0 0
1500 98.4612 5.98336 18.1497 0.751203 0.143395 378.923 0 0
1500 110.264 26.7724 17.8612 0.777946 0.450882 380.095 0 0
1500 104.34 -2.20244 18.0343 0.744648 -0.0953031 379.999 0 0
1500 119.407 22.0362 17.8945 0.993247 0.312231 379.707 0 0
1500 101.308 -41.9716 18.0656 0.719905 -0.684235 379.635 0 0
1500 -0.161579 -15.5961 17.8015 -0.873793 -0.312033 380.251 0 0
1500 41.3853 39.0758 17.8688 -0.274643 0.675751 380.114 0 0
1500 34.1387 0.988324 18.0499 -0.417 0.00357057 380.252 0 0
1500 68.4025 53.4501 17.9982 0.108971 0.886 380.181 0 0
1500 41.9061 -29.9384 18.1304 -0.309024 -0.464921 379.89 0 0
1500 52.7692 12.8617 18.0365 -0.117452 0.192293 380.362 0 0
1500 80.765 27.9761 18.0082 0.396155 0.430045 380.713 0 0
1500 82.2448 -22.4012 17.8218 0.384724 -0.368604 380.283 0 0
1500 25.073 -15.4978 17.8245 -0.486116 -0.286261 380.427 0 0
1500 87.498 31.6905 17.9874 0.484964 0.51821 380.423 0 0
1500 94.7832 52.0129 17.8241 0.579255 0.813267 381.054 0 0
1500 -2.29567 17.7124 17.8291 -0.931718 0.321872 380.824 0 0
1500 57.5765 65.8872 17.8016 0.00737846 1.04126 381.245 0 0
1500 95.2982 -54.2775 17.8303 0.592928 -0.864471 381.032 0 0
1500 46.2621 -65.49 17.8071 -0.148883 -1.03427 381.268 0 0
1500 100.126 -50.8023 17.878 0.701669 -0.775273 381.307 0 0
1500 110.789 12.4899 18.2315 0.903325 0.22063 381.24 0 0
1500 20.6152 96.2439 17.8213 -0.626494 1.46901 381.231 0 0
1500 92.5327 29.9194 18.1877 0.591019 0.522647 380.8 0 0
1500 112.279 -34.1989 17.7967 0.828298 -0.587814 381.099 0 0
1500 50.5576 29.8886 18.0155 -0.129691 0.512266 381.111 0 0
1500 85.597 33.7721 18.1923 0.535618 0.535084 381.045 0 0
1500 23.6898 -15.3459 18.0439 -0.574424 -0.246878 380.686 0 0
1500 20.2461 32.4227 17.8701 -0.648981 0.508673 380.767 0 0
1500 76.9674 -23.8997 18.1818 0.407018 -0.389429 381.24 0 0
1500 61.0438 -11.7523 17.9436 0.00362616 -0.236934 380.531 0 0
1500 94.7625 -55.1726 17.8646 0.651447 -0.867505 381.121 0 0
1500 72.0242 0.00913661 17.9802 0.249984 -0.0762594 381.263 0 0
1500 133.053 -4.23302 18.285 1.47122 -0.0618869 380.99 0 0
1500 73.9637 -14.4035 18.181 0.288247 -0.261331 381.626 0 0
1500 80.6362 3.54588 18.1523 0.386466 -0.0136845 381.446 0 0
1500 57.7048 -12.0518 17.8903 -0.012981 -0.23648 381.768 0 0
1500 23.7504 -38.9969 17.8263 -0.552681 -0.589392 381.558 0 0
1500 97.5915 -50.9679 17.8417 0.610347 -0.807551 381.606 0 0
1500 103.633 46.8291 17.8031 0.67985 0.75496 381.771 0 0
1500 -24.2237 -4.80806 17.7948 -1.25105 -0.0126565 381.793 0 0
1500 1.45299 35.0214 17.843 -0.874222 0.574866 381.462 0 0
1500 -2.44581 26.4749 17.9257 -0.958458 0.391086 381.402 0 0
1500 33.0314 -61.1505 17.7949 -0.359556 -0.982432 381.823 0 0
1500 98.8008 41.0879 17.9445 0.660225 0.687912 381.39 0 0
1500 108.836 9.41528 17.9268 0.858077 0.118986 381.517 0 0
1500 70.0993 34.2016 18.1562 0.265581 0.585978 381.71 0 0
1500 102.056 -7.08038 18.1552 0.74538 -0.18081 381.393 0 0
1500 46.857 -9.95796 18.0749 -0.179557 -0.22115 381.81 0 0
1500 89.6912 19.4067 18.4329 0.573047 0.395208 381.696 0 0
1500 -61.4641 21.5205 17.9858 -2.0698 0.419985 381.827 0 0
1500 82.9406 15.6531 18.2348 0.372395 0.281624 382.135 0 0
1500 51.812 14.3559 18.2388 -0.0555607 0.262702 382.433 0 0
1500 54.0704 9.62051 18.0199 -0.0528677 0.199778 383.02 0 0
1500 78.9242 26.2875 17.8652 0.360343 0.407625 381.923 0 0
1500 99.1334 23.1807 17.8768 0.655223 0.349095 382.063 0 0
1500 78.9325 60.1623 17.804 0.318073 0.946399 382.007 0 0
1500 39.0041 61.3306 17.804 -0.262985 0.963447 382.003 0 0
1500 100.603 -36.2513 17.8168 0.63374 -0.586192 383.241 0 0
1500 30.5098 58.2254 17.8342 -0.449943 0.898552 382.462 0 0
1500 75.4527 42.2658 18.0087 0.23949 0.682466 382.685 0 0
1500 104.836 28.8224 18.1841 0.814964 0.454139 381.951 0 0
1500 105.137 46.2598 17.9393 0.735166 0.745038 383.242 0 0
1500 104.111 -36.7539 18.0192 0.773667 -0.595851 382.323 0 0
1500 100.537 -26.2278 18.1701 0.75432 -0.418238 382.288 0 0
1500 109.203 11.303 18.0694 0.870522 0.136144 382.559 0 0
1500 106.013 4.24386 18.072 0.82595 0.0298937 382.277 0 0
1500 56.8755 108.292 17.8006 -0.0909008 1.67045 382.826 0 0
1500 22.7488 -3.59508 18.0547 -0.565588 0.000533784 382.854 0 0
1500 63.0976 -3.40196 18.0635 0.0546007 0.00353171 382.265 0 0
1500 60.0633 36.3315 18.0532 0.00749115 0.612654 382.97 0 0
1500 68.05 -17.441 17.888 0.239079 -0.283757 382.114 0 0
1500 88.6184 3.95607 17.9531 0.525577 0.128839 382.713 0 0
1500 35.2881 33.6843 17.8618 -0.322606 0.593622 382.842 0 0
1500 88.1473 -4.21624 17.9098 0.549881 -0.0884276 382.786 0 0
1500 30.474 22.9525 17.8266 -0.478362 0.294602 383.238 0 0
1500 71.6969 -71.8052 18.0302 0.2373 -1.20596 383.128 0 0
1500 23.6904 -9.6333 17.9609 -0.58168 -0.0895777 382.649 0 0
1500 155.891 11.2986 17.9384 1.65594 0.167095 382.746 0 0
1500 116.486 2.48537 17.9582 1.042 0.0400832 382.755 0 0
1500 131.642 10.3159 18.0876 1.29507 0.223787 382.519 0 0
1500 39.7731 -20.0874 18.2557 -0.344727 -0.317626 383.002 0 0
1500 75.1582 42.3792 17.8176 0.256666 0.670678 383.742 0 0
1500 90.8767 -54.5094 17.798 0.489784 -0.863877 383.361 0 0
1500 91.7232 -43.044 18.2173 0.596261 -0.736157 383.746 0 0
1500 42.4251 32.4583 17.8349 -0.310332 0.464715 383.612 0 0
1500 54.1384 -26.5149 17.8374 -0.128408 -0.454248 383.435 0 0
1500 89.8121 24.1874 18.0398 0.481062 0.406701 383.802 0 0
1500 29.7319 5.79146 17.8504 -0.437942 0.139225 384.073 0 0
1500 115.882 27.5012 17.8039 0.863083 0.49033 384.045 0 0
1500 89.2498 0.664293 17.8964 0.568891 0.0102365 383.81 0 0
1500 78.9635 12.5372 17.9853 0.420573 0.193559 384.099 0 0
1500 108.584 -19.462 17.8862 0.807774 -0.382775 383.874 0 0
1500 104.485 -46.0041 18.2029 0.83442 -0.788782 383.985 0 0
1500 15.3951 -55.4038 18.0202 -0.697551 -0.996458 383.848 0 0
1500 53.2017 -42.6113 17.9551 -0.0774055 -0.665015 384.277 0 0
1500 53.6537 -26.2333 17.9623 -0.0704751 -0.431262 384.859 0 0
1500 69.1783 -34.0305 17.9701 0.208174 -0.536097 384.725 0 0
1500 0.184719 9.31773 17.8595 -0.896344 0.121885 384.724 0 0
1500 143.399 -44.2567 17.8306 1.29676 -0.678773 384.469 0 0
1500 20.9098 2.22642 17.8473 -0.559079 0.104019 384.694 0 0
1500 83.7307 -1.90343 17.8333 0.383381 -0.103424 384.723 0 0
1500 23.9673 50.7664 17.8483 -0.486515 0.838565 384.317 0 0
1500 53.5905 56.7219 17.8727 -0.0315679 0.930066 384.456 0 0
1500 104.086 -12.5971 18.1026 0.824434 -0.165759 384.826 0 0
1500 52.8644 -26.1095 17.8201 -0.131997 -0.46919 384.916 0 0
1500 54.7366 -47.5376 17.9496 0.0170323 -0.802549 384.615 0 0
1500 58.0561 -16.5448 18.18 0.0157999 -0.350462 384.331 0 0
1500 132.522 46.7168 17.9891 1.30997 0.807405 384.415 0 0
1500 131.561 -33.0172 18.2276 1.33721 -0.540704 384.28 0 0
1500 111.057 -32.9706 18.0584 0.8784 -0.52623 385.164 0 0
1500 24.2346 57.8157 17.8441 -0.474461 0.929414 385.435 0 0
1500 106.734 41.7743 17.8673 0.762129 0.692228 385.517 0 0
1500 62.2346 64.0155 17.8233 -0.00073799 1.00312 385.244 0 0
1500 73.221 -74.0566 17.949 0.246861 -1.20021 385.269 0 0
1500 80.7987 13.0531 18.3067 0.35888 0.25562 385.356 0 0
1500 65.7139 2.92865 18.2673 0.122532 0.100754 385.268 0 0
1500 92.1398 -8.71071 17.9137 0.614102 -0.138178 385.498 0 0
1500 67.8202 -23.1331 17.8591 0.0767428 -0.355712 385.167 0 0
1500 80.1779 23.4193 17.8595 0.418175 0.425634 385.473 0 0
1500 85.1586 35.732 18.2916 0.525326 0.697716 385.19 0 0
1500 108.348 -9.86414 18.2058 1.00504 -0.147994 385.233 0 0
1500 63.4767 4.79634 18.2796 0.173592 0.115464 385.768 0 0
1500 93.4841 -25.3955 18.2176 0.642431 -0.43192 385.701 0 0
1500 98.4989 -7.42442 17.9103 0.709326 -0.117813 385.772 0 0
1500 51.932 -23.94 18.3031 -0.0578489 -0.388866 386.294 0 0
1500 48.2724 1.15038 18.1223 -0.166997 0.0351174 386.75 0 0
1500 97.1245 18.2391 17.9572 0.592622 0.320814 386.135 0 0
1500 24.8697 17.552 17.9854 -0.492305 0.297631 387.436 0 0
1500 69.2991 -4.33319 17.8873 0.163743 -0.130111 388.838 0 0
1500 82.3984 5.44292 18.026 0.42942 0.0640805 389.796 0 0
1500 122.833 3.39791 18.0014 1.03634 0.037286 386.666 0 0
1500 90.5269 -3.4243 17.8839 0.530727 -0.0586035 389.236 0 0
1500 89.8663 -11.5989 17.8834 0.521731 -0.17346 389.198 0 0
1500 -20.8466 19.0968 17.8415 -1.20073 0.326191 386.745 0 0
1500 79.2266 29.5253 17.8651 0.324718 0.481946 389.201 0 0
1500 107.207 44.676 17.8439 0.75283 0.728368 385.966 0 0
1500 45.7427 -12.1551 17.9044 -0.233856 -0.176174 389.874 0 0
1500 -7.66039 5.14665 17.8774 -1.0226 0.0680469 386.791 0 0
1500 123.861 0.859648 17.8878 1.04748 -0.00928696 386.221 0 0
1500 19.5713 49.7554 17.8246 -0.619002 0.759008 387.82 0 0
1500 112.024 -37.3657 17.9796 0.843431 -0.60653 387.897 0 0
1500 106.018 -17.8046 18.2127 0.824772 -0.315129 386.219 0 0
1500 56.5296 -60.6187 17.8202 -0.0839706 -0.909285 388.871 0 0
1500 76.2608 -72.067 17.9244 0.302505 -1.12977 387.458 0 0
1500 116.361 -25.0416 17.9618 0.958979 -0.37228 386.812 0 0
1500 121.128 -15.1141 17.9616 1.00772 -0.220043 388.285 0 0
1500 52.1394 62.3099 17.8332 -0.0792769 0.974637 389.383 0 0
1500 122.631 -11.6255 17.8941 1.03223 -0.174281 388.811 0 0
1500 109.996 -33.4469 17.8784 0.860894 -0.480036 387.273 0 0
1500 104.329 -8.53063 18.0693 0.782159 -0.143851 389.094 0 0
1500 83.0826 -50.5078 17.9205 0.438322 -0.823039 387.044 0 0
1500 55.9156 62.7493 17.8825 -0.0853776 0.98686 387.428 0 0
1500 18.0356 53.4181 17.8793 -0.639849 0.827001 389 0 0
1500 54.0568 56.9648 17.8865 -0.114395 0.908347 386.808 0 0
1500 60.8695 16.2674 18.3113 0.070201 0.314745 386.799 0 0
1500 131.226 3.15274 18.0644 1.22803 0.081866 386.089 0 0
1500 94.1884 43.3682 18.0549 0.63303 0.694644 388.006 0 0
1500 114.992 4.59934 18.0544 0.943765 0.11324 388.089 0 0
1500 109.874 -26.5927 18.2456 0.910695 -0.427027 387.505 0 0
1500 56.551 43.0831 18.0217 -0.0425619 0.719906 386.916 0 0
1500 31.8526 -29.063 18.0514 -0.441553 -0.476419 386.82 0 0
1500 86.8236 -58.6532 17.835 0.506305 -0.892154 388.45 0 0
1500 88.8476 -44.2982 18.0431 0.488949 -0.7433 388.414 0 0
1500 32.3125 -9.57924 17.9833 -0.421679 -0.0834889 386.721 0 0
1500 53.0703 180.534 17.7995 -0.0200966 2.80074 387.752 0 0
1500 86.0182 -60.4063 17.8155 0.40297 -0.967725 389.865 0 0
1500 93.0956 -24.72 17.9322 0.549562 -0.442754 389.338 0 0
1500 87.008 -7.06137 17.8691 0.53296 -0.0900575 386.223 0 0
1500 93.8749 1.95215 18.2275 0.631166 0.0967637 388.904 0 0
1500 7.31293 -20.7145 17.8413 -0.845591 -0.328915 388.623 0 0
1500 18.7033 -11.5909 17.8509 -0.672573 -0.136113 387.493 0 0
1500 88.7904 7.61755 17.9226 0.562744 0.133465 387.693 0 0
1500 118.62 -19.4266 17.8824 0.942484 -0.361195 389.963 0 0
1500 94.5939 -41.9426 17.8823 0.533813 -0.715295 388.089 0 0
1500 24.8028 -57.7277 17.9211 -0.511474 -0.949805 389.374 0 0
1500 63.6952 -27.9439 18.0322 0.0965603 -0.505726 388.8 0 0
1500 72.3582 -49.3838 18.0194 0.226184 -0.822081 389.901 0 0
1500 52.0762 -4.96754 18.0387 -0.082995 -0.152771 388.367 0 0
1500 35.6818 -30.7042 17.8384 -0.424264 -0.473655 388.475 0 0
1500 38.4428 -7.51712 17.8452 -0.384342 -0.114906 387.989 0 0
1500 95.652 44.735 17.8164 0.61059 0.741687 390.227 0 0
1500 92.1503 -30.6352 17.9717 0.591652 -0.542705 388.491 0 0
1500 66.4111 37.7856 17.9285 0.214738 0.606771 389.252 0 0
1500 104.113 2.63633 17.9379 0.769607 0.0980747 389.857 0 0
1500 159.705 -17.2168 17.8798 1.64238 -0.237205 389.84 0 0
1500 34.5796 -38.643 17.8943 -0.316284 -0.662131 389.869 0 0
1500 99.1245 9.00339 18.0021 0.660873 0.213984 390.282 0 0
1500 91.0906 -58.338 17.9856 0.505764 -0.974472 389.824 0 0
1500 60.9622 -41.8125 17.8424 0.122388 -0.673975 389.238 0 0
1500 35.8494 -62.0804 17.93 -0.336181 -1.09479 387.742 0 0
1500 107.576 -33.5486 18.1582 0.848586 -0.616638 389.104 0 0
1500 75.8346 11.9773 17.8625 0.354596 0.217763 390.312 0 0
1500 0.733325 76.8548 18.0393 -1.02546 1.33625 387.031 0 0
1500 57.3777 66.069 18.2335 -0.0272238 1.22486 386.709 0 0
1500 112.517 45.7227 18.6252 1.09666 0.840106 387.241 0 0
1500 113.15 -55.8303 18.1742 1.00578 -1.00279 389.429 0 0
1500 66.5596 -0.765726 18.162 0.06906 0.000706581 389.755 0 0
1500 106.155 -34.9349 18.2028 0.899381 -0.705263 390.105 0 0
1500 88.735 -8.46337 18.1131 0.505357 -0.169186 391.03 0 0
1500 16.4665 -8.9597 17.8747 -0.626576 -0.18095 390.45 0 0
1500 101.063 31.7534 17.9057 0.692024 0.44803 391.102 0 0
1500 111.31 -25.1272 17.9011 0.844452 -0.363441 390.539 0 0
1500 51.1257 7.99261 18.2286 -0.0896013 0.163944 393.917 0 0
1500 86.1283 -0.0138887 18.6079 0.573674 0.0331882 390.755 0 0
1500 35.2429 -6.33828 17.8598 -0.386247 -0.0733301 393.219 0 0
1500 98.1325 -52.7398 17.8525 0.658145 -0.813543 390.612 0 0
1500 -0.642425 -15.0961 17.8101 -0.919374 -0.237033 392.364 0 0
1500 8.3336 42.3219 17.8498 -0.756102 0.679979 391.9 0 0
1500 71.1198 40.4212 17.8622 0.239191 0.619371 394.286 0 0
1500 67.6645 -58.5264 18.0139 0.153413 -0.950258 390.618 0 0
1500 6.42435 -38.0402 17.8223 -0.82169 -0.549741 392.896 0 0
1500 118.157 -10.3147 17.8143 0.971061 -0.194765 390.371 0 0
1500 69.861 45.2887 17.8273 0.205641 0.702403 394.704 0 0
1500 96.2365 -52.6129 17.8137 0.644374 -0.802755 391.305 0 0
1500 116.707 -18.4651 17.8153 0.956929 -0.293365 390.881 0 0
1500 56.2608 50.6212 17.9957 0.0042329 0.84382 390.876 0 0
1500 116.81 -13.5087 17.9433 0.960746 -0.22896 392.627 0 0
1500 103.529 -44.1989 17.9418 0.754642 -0.678656 393.364 0 0
1500 120.611 9.3375 17.9427 0.994051 0.10879 394.201 0 0
1500 59.0333 27.5618 17.9251 0.0883588 0.465923 391.27 0 0
1500 67.6213 6.2288 18.1947 0.236478 0.159434 390.948 0 0
1500 30.5954 -33.0902 17.9878 -0.455219 -0.559003 391.14 0 0
1500 109.301 -9.09819 17.8315 0.830461 -0.0768129 391.087 0 0
1500 40.8393 64.0442 17.8207 -0.213526 1.01644 392.916 0 0
1500 51.7398 -44.8265 17.8608 -0.121057 -0.760981 391.021 0 0
1500 64.5373 -65.5928 17.8468 0.0731103 -1.04276 393.364 0 0
1500 15.767 -31.7159 17.8562 -0.669519 -0.555436 391.481 0 0
1500 75.2149 -64.6147 17.8469 0.229288 -1.01797 394.044 0 0
1500 -7.38924 -17.1381 17.8468 -0.994307 -0.323458 393.378 0 0
1500 71.758 60.5396 17.8845 0.217073 0.982575 392.886 0 0
1500 83.7629 17.5948 17.9873 0.468843 0.327907 391.295 0 0
1500 75.9343 58.5839 17.9691 0.337929 0.931544 393.26 0 0
1500 123.315 11.7751 17.8975 1.02178 0.223038 394.584 0 0
1500 64.6007 2.33887 17.8651 0.152252 0.099182 390.393 0 0
1500 47.1538 59.719 17.8397 -0.11687 0.963289 392.707 0 0
1500 100.708 -3.08594 17.9765 0.726638 0.0146003 390.981 0 0
1500 113.048 -36.3418 17.8466 0.884202 -0.562388 394.416 0 0
1500 77.2361 -18.4682 17.8707 0.375368 -0.315086 390.886 0 0
1500 62.0804 -17.7012 17.8321 0.138432 -0.287232 391.05 0 0
1500 68.8024 12.1718 17.8324 0.2429 0.176688 391.026 0 0
1500 77.8812 11.5024 17.9863 0.394371 0.142323 391.62 0 0
1500 107.702 -28.5626 17.9923 0.829384 -0.472749 393.306 0 0
1500 42.3588 -15.8341 17.9222 -0.218116 -0.322672 391.106 0 0
1500 91.0832 -56.4053 17.8961 0.514253 -0.908388 394.332 0 0
1500 75.2014 -24.4442 18.0208 0.284684 -0.453489 391.815 0 0
1500 73.8483 -12.4713 17.9589 0.286107 -0.270406 390.881 0 0
1500 50.241 36.4433 18.0108 -0.0943553 0.636083 392.518 0 0
1500 54.6472 22.0925 18.0174 -0.0269233 0.41889 392.04 0 0
1500 37.2432 -45.7984 17.87 -0.263912 -0.760622 392.612 0 0
1500 25.1379 -52.9122 17.8267 -0.485113 -0.871862 393.925 0 0
1500 81.3414 58.1944 17.8919 0.335267 0.944066 394.321 0 0
1500 84.4158 -51.8904 17.9763 0.420734 -0.85532 394.587 0 0
1500 48.0544 79.0321 17.7991 -0.103538 1.247 394.466 0 0
1500 44.2565 33.1744 17.8227 -0.171044 0.578704 393.099 0 0
1500 123.264 28.1564 17.9023 1.0944 0.395988 392.516 0 0
1500 8.84065 -99.8242 17.8864 -0.75154 -1.59585 394.492 0 0
1500 18.5337 24.1246 17.8662 -0.596157 0.448032 394.161 0 0
1500 97.7097 30.5307 17.8652 0.684389 0.490607 394.641 0 0
1500 71.6647 -12.4412 17.8471 0.182008 -0.266462 393.307 0 0
1500 31.7976 21.4831 18.0531 -0.443815 0.361672 394.606 0 0
1500 64.9903 31.4728 18.0547 0.0660015 0.515986 394.491 0 0
1500 99.1105 11.702 17.8513 0.625966 0.257515 394.222 0 0
1500 21.734 24.6359 17.8492 -0.569343 0.456349 394.395 0 0
1500 60.7394 -1.01222 17.9509 0.055519 -0.0941686 393.44 0 0
1500 23.0788 16.0495 18.0246 -0.611545 0.208857 391.605 0 0
1500 71.6972 -65.2836 18.0435 0.322546 -1.14518 393.722 0 0
1500 67.56 -1.93042 18.7069 0.276508 -0.0753273 395.457 0 0
1500 71.5061 6.35394 18.0351 0.244713 0.147684 395.2 0 0
1500 69.1714 -51.2639 17.9025 0.20968 -0.785134 395.352 0 0
1500 104.437 42.5887 17.8238 0.714817 0.677023 394.831 0 0
1500 94.5894 -52.6558 17.8498 0.601326 -0.789274 395.603 0 0
1500 101.599 -35.3427 17.8129 0.709656 -0.529519 394.898 0 0
1500 104.741 -46.2513 17.958 0.731852 -0.749485 394.95 0 0
1500 113.242 7.94855 18.1873 0.939451 0.0938321 394.867 0 0
1500 80.7215 -16.4765 18.3063 0.462539 -0.301283 394.936 0 0
1500 107.736 -13.2889 18.049 0.853279 -0.216181 395.672 0 0
1500 86.9626 -51.9224 17.8248 0.408571 -0.857393 395.322 0 0
1500 104.103 8.88573 17.852 0.785211 0.119291 394.875 0 0
1500 100.159 24.4224 17.8514 0.723984 0.357654 394.932 0 0
1500 94.7616 -24.5625 17.9677 0.611741 -0.445242 395.227 0 0
1500 -3.23937 3.409 17.8558 -0.963811 0.12703 395.549 0 0
1500 50.0143 30.5085 17.8693 -0.156113 0.542771 395.583 0 0
1500 26.7348 22.788 18.0196 -0.528315 0.314797 395.794 0 0
1500 86.0043 -43.9131 18.1137 0.445149 -0.765833 394.862 0 0
1500 161.806 -57.8987 17.8303 1.66723 -0.98807 395.292 0 0
1500 67.5831 -4.13098 18.2375 0.210011 0.00409943 395.989 0 0
1500 68.2071 -42.0615 17.8231 0.214978 -0.612527 396.618 0 0
1500 22.5983 -55.2864 17.8258 -0.506371 -0.878145 396.154 0 0
1500 87.4881 58.0796 17.8024 0.480281 0.925902 395.876 0 0
1500 30.3663 62.3037 17.8022 -0.367159 0.978715 396.571 0 0
1500 119.792 14.1716 17.838 0.999149 0.187131 395.857 0 0
1500 40.3946 -60.1359 17.8211 -0.294973 -0.971919 396.007 0 0
1500 56.888 60.9666 18.013 -0.00236262 0.984776 396.642 0 0
1500 47.0666 60.3812 18.0128 -0.149038 0.975695 396.665 0 0
1500 91.9017 -55.6692 17.84 0.58174 -0.849021 396.669 0 0
1500 48.3063 -14.6249 18.3241 -0.140109 -0.273105 396.096 0 0
1500 41.976 8.4473 18.1495 -0.268472 0.16999 395.825 0 0
1500 94.1419 -4.48894 17.8397 0.627772 -0.0669596 396.626 0 0
1500 52.6778 49.9423 17.8585 -0.113124 0.832486 396.513 0 0
1500 99.8503 38.5382 17.8559 0.606245 0.655102 396.796 0 0
1500 54.4159 46.6412 17.8608 -0.0868261 0.78471 396.284 0 0
1500 74.42 44.1552 17.8474 0.327351 0.702539 396.709 0 0
1500 58.6864 71.3348 17.8581 0.0808337 1.14776 396.051 0 0
1500 48.0229 -1.51862 17.9497 -0.181598 -0.090872 396.482 0 0
1500 68.4828 -19.4045 17.8943 0.231956 -0.348711 396.593 0 0
1500 122.3 -49.7997 17.9487 1.11915 -0.820172 396.013 0 0
1500 16.9719 17.3157 17.9745 -0.689405 0.357136 396.216 0 0
1500 50.4446 -37.1752 18.0316 -0.13486 -0.564411 396.847 0 0
1500 78.6063 -7.81542 18.0289 0.322561 -0.17622 397.523 0 0
1500 56.1345 -17.8772 18.3141 0.0445383 -0.311066 399.126 0 0
1500 72.4633 -14.0491 18.0113 0.267876 -0.23498 399.663 0 0
1500 85.076 -8.79588 17.8287 0.452463 -0.136019 397.175 0 0
1500 96.9961 40.9877 17.8352 0.624005 0.617397 396.975 0 0
1500 45.3772 -14.6404 18.2049 -0.198572 -0.202653 400.04 0 0
1500 57.678 23.3619 17.8397 -0.0687019 0.358289 398.831 0 0
1500 9.27911 1.88251 17.8272 -0.757862 0.058168 397.795 0 0
1500 62.7558 -22.1624 17.8504 0.075927 -0.379941 398.928 0 0
1500 82.2859 53.0386 17.8721 0.369458 0.830324 397.836 0 0
1500 83.3291 16.599 18.3118 0.417213 0.283915 403.244 0 0
1500 94.0281 20.6524 17.821 0.548443 0.349484 399.46 0 0
1500 89.455 37.4 17.8165 0.486612 0.589873 399.045 0 0
1500 110.394 30.0143 17.8084 0.79535 0.49143 398.093 0 0
1500 104.3 3.19144 17.9443 0.731206 0.0730169 399.835 0 0
1500 17.6249 -42.351 17.8269 -0.609608 -0.674608 398.99 0 0
1500 18.3791 -17.0248 17.8377 -0.589117 -0.305573 400.13 0 0
1500 115.188 -17.0521 17.8453 0.895217 -0.261558 399.259 0 0
1500 102.931 -33.0473 17.8487 0.714272 -0.488675 399.7 0 0
1500 111.023 -39.8383 17.8857 0.813276 -0.65117 398.103 0 0
1500 136.074 -13.9745 17.8378 1.18237 -0.180168 400.847 0 0
1500 41.5523 -49.559 17.9439 -0.261001 -0.759406 401.494 0 0
1500 89.0486 -41.8282 17.8321 0.535812 -0.619051 398.388 0 0
1500 51.8692 54.0211 17.8975 -0.112913 0.831836 401.225 0 0
1500 109.093 10.4484 17.9345 0.808278 0.15433 401.516 0 0
1500 23.7315 54.0405 17.8502 -0.527561 0.849176 400.055 0 0
1500 -3.00872 22.1431 17.8488 -0.943836 0.397901 398.008 0 0
1500 77.5336 64.3068 17.8474 0.258079 1.01602 398.849 0 0
1500 88.8819 59.9864 17.8476 0.427214 0.955393 398.621 0 0
1500 88.6014 -27.241 18.0493 0.500893 -0.432436 403.074 0 0
1500 94.8533 7.29083 18.0498 0.644239 0.0551858 396.865 0 0
1500 94.0426 -6.08861 18.0497 0.631754 -0.149656 396.873 0 0
1500 117.185 -27.0226 18.031 0.944936 -0.450547 399.715 0 0
1500 112.408 -39.8748 17.8142 0.884748 -0.652496 397.394 0 0
1500 98.9373 42.5347 17.8408 0.657946 0.632768 401.315 0 0
1500 115.633 -28.1537 17.8351 0.937053 -0.399588 398.401 0 0
1500 122.454 -2.27703 17.8342 1.03471 -0.0115056 398.699 0 0
1500 74.3445 -14.0508 17.8609 0.296611 -0.175506 403.19 0 0
1500 76.9181 65.3587 17.8337 0.349703 0.983538 399.698 0 0
1500 114.799 2.99344 17.8426 0.879313 0.0577859 402.081 0 0
1500 74.4147 -37.6865 18.0904 0.325343 -0.636392 397.926 0 0
1500 16.654 35.3841 17.8387 -0.686991 0.588528 397.849 0 0
1500 40.9594 -61.1429 17.922 -0.279404 -0.977212 399.304 0 0
1500 0.949033 -3.85735 17.9001 -0.94398 -0.0387155 397.427 0 0
1500 0.800569 -0.0333918 17.8281 -0.897425 -0.0727199 398.061 0 0
1500 11.9933 -33.509 17.8197 -0.69732 -0.542956 402.284 0 0
1500 104.086 23.8839 17.9508 0.718193 0.388206 403.296 0 0
1500 55.6702 66.0908 17.9461 -0.0105921 1.04714 400.676 0 0
1500 75.5111 -4.79247 17.9518 0.317996 -0.145442 397.197 0 0
1500 107.613 42.0134 17.8581 0.806547 0.660625 400.886 0 0
1500 60.4796 53.5286 17.8678 0.109114 0.854754 399.074 0 0
1500 74.6204 29.0462 17.9193 0.226762 0.476765 404.952 0 0
1500 1.3698 -35.8042 17.8459 -0.842219 -0.607839 401.231 0 0
1500 24.061 11.6725 17.893 -0.495164 0.229582 405.586 0 0
1500 103.814 -6.26508 17.8607 0.688027 -0.148867 405.039 0 0
1500 98.5714 -44.1798 17.8477 0.654543 -0.730843 400.644 0 0
1500 89.3161 -39.7628 17.8543 0.521907 -0.673249 399.753 0 0
1500 78.2461 -57.2042 17.8472 0.347415 -0.926212 400.727 0 0
1500 90.0784 -56.0945 17.8444 0.519746 -0.899134 401.491 0 0
1500 113.45 -36.3266 17.8438 0.859962 -0.599047 402.115 0 0
1500 34.4555 -63.0205 17.844 -0.307891 -0.99883 401.726 0 0
1500 119.881 -0.853259 17.8477 0.976339 -0.077098 400.627 0 0
1500 35.1028 -93.8453 17.9485 -0.373825 -1.53592 398.611 0 0
1500 49.8549 -51.8393 17.8549 -0.116326 -0.866516 400.096 0 0
1500 55.1972 -90.548 17.8004 -0.122928 -1.38926 400.055 0 0
1500 71.1335 -46.9569 18.1264 0.274792 -0.804959 398.737 0 0
1500 58.3609 -38.4186 18.4007 0.0613566 -0.666897 399.935 0 0
1500 106.422 39.7809 17.9572 0.763364 0.625502 404.583 0 0
1500 95.9003 -58.7175 17.9766 0.674943 -0.976168 399.265 0 0
1500 64.4601 -24.2142 18.0421 0.130554 -0.403372 407.978 0 0
1500 42.0853 48.8407 17.9329 -0.295516 0.782325 401.57 0 0
1500 25.7102 -9.49556 17.9452 -0.500039 -0.0981122 407.487 0 0
1500 121.85 -14.0602 17.9546 1.01552 -0.185695 404.984 0 0
1500 115.124 26.0225 17.9552 0.938946 0.406355 403.429 0 0
1500 36.8985 -101.268 17.8856 -0.352412 -1.72085 398.008 0 0
1500 31.9135 26.0462 17.8972 -0.433199 0.470048 401.012 0 0
1500 91.8656 18.0553 17.9217 0.549624 0.353753 401.297 0 0
1500 127.307 10.8301 17.7952 1.04313 0.0897118 404.267 0 0
1500 126.359 -31.5999 17.9266 1.15095 -0.482009 401.12 0 0
1500 36.4255 56.3772 17.8211 -0.310913 0.926349 403.063 0 0
1500 55.3447 62.2302 17.8214 -0.023779 0.971827 405.991 0 0
1500 119.099 -5.71441 17.7983 0.980095 -0.131664 403.233 0 0
1500 56.1094 -34.2052 17.8163 0.0289529 -0.579098 401.309 0 0
1500 80.0464 -20.5669 17.8598 0.414293 -0.284767 401.448 0 0
1500 97.9346 -5.56315 17.8557 0.627788 -0.0463732 408.099 0 0
1500 77.9099 17.0319 17.8902 0.372837 0.317226 401.537 0 0
1500 33.6129 37.4867 18.0884 -0.407748 0.599402 402.947 0 0
1500 104.807 6.33398 18.128 0.858136 0.0683505 399.369 0 0
1500 103.31 14.9693 18.2465 0.76277 0.293858 404.516 0 0
1500 78.4351 32.2079 18.2521 0.392823 0.556589 404.004 0 0
1500 97.9017 -29.0712 17.9649 0.698827 -0.45961 403.577 0 0
1500 12.3759 -5.7113 18.0196 -0.739403 -0.0515962 403.65 0 0
1500 109.463 -62.1216 17.8651 0.882 -1.03838 401 0 0
1500 95.0124 29.5132 17.9272 0.653482 0.464241 403.692 0 0
1500 136.563 -38.2709 17.9885 1.41142 -0.67603 397.304 0 0
1500 81.8293 11.9419 17.8672 0.416295 0.261868 400.86 0 0
1500 96.0021 41.3709 17.9665 0.577908 0.699693 404.55 0 0
1500 40.5415 63.5552 17.9591 -0.254707 1.0113 406.109 0 0
1500 98.4406 -30.3023 17.8797 0.622718 -0.555369 402.299 0 0
1500 112.05 17.8962 17.8866 0.832574 0.347894 404.847 0 0
1500 97.0987 41.163 17.9446 0.645454 0.684781 405.444 0 0
1500 148.544 -1.86199 18.1742 1.5831 -0.0268792 400.999 0 0
1500 77.4629 -3.22602 17.8676 0.287515 -0.126268 403.221 0 0
1500 66.956 24.9815 17.9464 0.223922 0.417186 403.805 0 0
1500 81.874 -13.0427 17.946 0.455037 -0.172268 403.83 0 0
1500 120.075 22.0367 17.7903 0.994517 0.315133 406.394 0 0
1500 123.447 -13.4824 18.0652 1.11939 -0.276008 402.087 0 0
1500 54.1529 -40.5687 17.8529 -0.00940363 -0.62781 410.22 0 0
1500 120.506 24.4536 17.8352 0.956474 0.429013 406.968 0 0
1500 57.8006 57.6243 17.841 0.0298459 0.943292 405.268 0 0
1500 26.1186 32.3335 17.851 -0.458315 0.568958 404.186 0 0
1500 73.7532 78.3065 17.8458 0.177361 1.23894 404.667 0 0
1500 20.2014 -28.5044 17.9995 -0.629715 -0.418384 404.987 0 0
1500 40.6467 -19.4279 18.0112 -0.288898 -0.254557 411.482 0 0
1500 74.3369 62.0899 17.8711 0.29082 0.954155 408.55 0 0
1500 92.9619 36.6505 17.8113 0.472446 0.589195 409.897 0 0
1500 4.87028 -10.0163 17.8966 -0.817203 -0.126121 410.014 0 0
1500 65.9261 1.48736 17.9267 0.0614191 0.0523518 403.859 0 0
1500 100.671 -37.4645 18.1473 0.696233 -0.631259 406.924 0 0
1500 156.082 -2.52127 17.9308 1.61578 -0.0993786 403.161 0 0
1500 101.928 37.7254 17.9121 0.726126 0.623354 406.426 0 0
1500 22.3286 -12.5481 18.1035 -0.581558 -0.164646 405.606 0 0
1500 61.945 34.3489 18.0902 0.0372794 0.661144 398.85 0 0
1500 19.3784 53.4312 17.8016 -0.630521 0.835049 408.125 0 0
1500 149.788 15.684 17.9634 1.57232 0.207615 401.638 0 0
1500 50.5706 -29.4468 17.9352 -0.151338 -0.450073 412.032 0 0
1500 60.1207 -62.6043 17.9145 -0.0192045 -0.982263 407.024 0 0
1500 59.2761 -46.4838 17.9255 -0.032546 -0.755045 405.697 0 0
1500 100.523 -41.9695 17.943 0.790197 -0.679663 400.595 0 0
1500 30.6655 -8.17929 17.919 -0.426527 -0.0690612 412.937 0 0
1500 175.306 137.305 17.8564 1.82249 2.26167 403.531 0 0
1500 84.3328 24.0752 17.9747 0.453178 0.333603 413.342 0 0
1500 54.5636 -29.2531 17.925 -0.0980472 -0.517909 405.662 0 0
1500 84.044 0.751957 18.0846 0.420791 0.0262834 418.615 0 0
1500 108.869 12.6326 17.8764 0.823795 0.128052 407.652 0 0
1500 -3.76028 -27.5915 17.8417 -0.975438 -0.378479 410.265 0 0
1500 8.03946 41.5567 17.8435 -0.792708 0.632853 411.031 0 0
1500 -28.6456 17.9547 17.9669 -1.46318 0.332408 404.19 0 0
1500 119.46 37.5876 17.915 1.03782 0.552716 406.577 0 0
1500 48.5831 -71.4024 17.9639 -0.227532 -1.23674 402.386 0 0
1500 44.1972 -11.4499 17.8586 -0.158128 -0.221082 414.123 0 0
1500 101.067 -37.5839 17.8386 0.653109 -0.601468 412.321 0 0
1500 54.3193 57.9636 17.8051 -0.0889572 0.963751 407.752 0 0
1500 120.35 -25.3164 17.8638 0.991776 -0.339027 410.536 0 0
1500 104.753 40.7437 18.3175 0.842338 0.758729 403.486 0 0
1500 41.5823 -61.9079 17.8598 -0.218203 -0.968006 412.596 0 0
1500 76.6011 -61.1185 17.8593 0.289739 -0.957969 412.495 0 0
1500 -4.41068 -18.9184 17.8715 -0.947477 -0.329134 412.643 0 0
1500 66.6004 -13.1217 17.8979 0.0796487 -0.235437 415.449 0 0
1500 84.6605 24.5345 17.9576 0.522751 0.38632 404.842 0 0
1500 85.3027 -9.89731 18.0173 0.516774 -0.177686 408.868 0 0
1500 100.411 -9.28761 18.0095 0.742302 -0.166682 409.496 0 0
1500 65.9729 49.9247 17.8938 0.0674139 0.808368 409.352 0 0
1500 22.6023 -25.3694 17.8801 -0.61548 -0.401656 409.223 0 0
1500 -3.00632 -2.024 17.8702 -0.944033 -0.0395297 413.742 0 0
1500 65.2284 42.2498 18.0276 0.14969 0.657048 415.938 0 0
1500 63.8563 25.2826 18.0414 0.150388 0.457489 409.76 0 0
1500 104.263 26.4129 18.0729 0.803113 0.386695 411.392 0 0
1500 50.4518 -65.9713 17.8017 -0.0681803 -1.04082 412.712 0 0
1500 116.534 23.9279 18.0196 0.946509 0.404113 413.202 0 0
1500 51.8311 -26.5105 17.949 -0.159158 -0.417968 410.291 0 0
1500 63.6586 65.5444 17.8427 0.0222603 1.01964 412.709 0 0
1500 24.6433 -31.3179 17.9224 -0.509094 -0.556545 411.206 0 0
1500 66.7796 -51.1126 17.9174 0.136183 -0.853707 411.699 0 0
1500 46.5953 -65.0909 17.9083 -0.164014 -1.02241 414.533 0 0
1500 96.0614 -46.9452 17.8099 0.614173 -0.701317 415.618 0 0
1500 106.328 46.2241 17.8058 0.770376 0.649076 414.885 0 0
1500 100.743 1.76978 17.9882 0.692233 0.101846 411.62 0 0
1500 109.155 -107.431 17.8773 0.766508 -1.7569 409.97 0 0
1500 1.71582 37.1968 17.8083 -0.827646 0.628386 413.421 0 0
1500 10.4085 47.9283 17.8085 -0.686154 0.775279 414.568 0 0
1500 67.7006 23.8362 17.8334 0.147836 0.40342 417.665 0 0
1500 101.468 49.014 17.8094 0.647148 0.787672 414.875 0 0
1500 17.7951 34.2772 17.8183 -0.603491 0.600567 411.663 0 0
1500 113.546 38.0697 17.8078 0.833074 0.635016 414.096 0 0
1500 68.1356 11.6093 17.8364 0.153471 0.231089 417.884 0 0
1500 126.072 7.93853 17.808 1.02607 0.19126 413.574 0 0
1500 90.4752 57.5317 17.8082 0.489791 0.918155 414.423 0 0
1500 98.69 -48.8283 17.9044 0.679178 -0.742524 415.716 0 0
1500 82.9623 14.8734 17.889 0.423971 0.197606 419.585 0 0
1500 113.798 -30.4904 17.8675 0.88549 -0.452989 417.202 0 0
1500 135.85 -40.1862 17.8781 1.34787 -0.671146 409.591 0 0
1500 75.1642 -38.0249 17.9018 0.332346 -0.611232 415.397 0 0
1500 98.4152 -43.6039 17.8988 0.716014 -0.721971 412.173 0 0
1500 112.741 0.488193 17.9698 0.917417 -0.0152971 415.3 0 0
1500 34.0742 40.5882 17.8586 -0.440085 0.604994 414.155 0 0
1500 -0.0425144 -23.9711 17.8475 -0.907249 -0.365807 418.325 0 0
1500 73.5009 25.657 18.3391 0.283072 0.516851 408.409 0 0
1500 78.7033 -18.3932 17.9192 0.319608 -0.36228 414.004 0 0
1500 69.0344 -29.8306 18.1266 0.269334 -0.500649 415.014 0 0
1500 85.6633 -15.5228 18.1865 0.537984 -0.265252 415.344 0 0
1500 100.072 -0.870977 17.8115 0.706056 0.0369429 414.294 0 0
1500 18.3623 -25.8398 17.8811 -0.72206 -0.378224 411.176 0 0
1500 56.3324 -14.5758 18.0184 0.011847 -0.302025 414.903 0 0
1500 92.283 2.92707 17.8201 0.532471 0.0880187 421.377 0 0
1500 68.4196 44.1401 17.8145 0.197573 0.673196 420.901 0 0
1500 68.6211 54.958 17.8076 0.202448 0.834956 420.199 0 0
1500 64.2827 -4.26137 17.9747 0.131675 -0.142251 414.771 0 0
1500 91.0132 30.78 17.8096 0.521235 0.47978 421.297 0 0
1500 93.8867 -58.1183 17.8908 0.61702 -0.951634 415.918 0 0
1500 82.3875 57.9449 17.8512 0.452245 0.900196 416.619 0 0
1500 101.21 -47.3116 18.0453 0.709166 -0.756965 419.491 0 0
1500 117.362 -28.9059 17.802 0.940851 -0.46106 419.374 0 0
1500 96.8414 -17.558 17.8201 0.610392 -0.280829 422.366 0 0
1500 78.5365 -22.6418 17.826 0.348835 -0.350457 422.842 0 0
1500 48.5494 -44.6232 18.0569 -0.220766 -0.730681 412.618 0 0
1500 -18.0099 53.5367 17.879 -1.24333 0.858399 416.512 0 0
1500 32.6029 53.3812 17.8654 -0.405612 0.947691 413.546 0 0
1500 66.6785 -17.9821 17.8249 0.185357 -0.272502 423.363 0 0
1500 95.6534 0.643487 17.8179 0.595823 -0.011576 422.833 0 0
1500 26.9089 -1.7818 17.9834 -0.497312 0.0411625 416.761 0 0
1500 52.6269 37.055 18.0417 -0.0609404 0.585782 423.958 0 0
1500 42.5696 18.6639 18.0472 -0.200012 0.327297 424.39 0 0
1500 49.7105 13.7586 17.8319 -0.119052 0.262598 423.703 0 0
1500 141.068 2.53972 18.5472 1.63489 -0.0154342 407.168 0 0
1500 82.5077 0.726699 17.93 0.468968 0.00450908 417.502 0 0
1500 112.143 -0.359644 17.9131 0.907743 -0.0120702 419.005 0 0
1500 30.6667 -58.8938 17.8788 -0.411924 -0.950156 420.269 0 0
1500 93.3146 -5.11117 18.4058 0.619579 -0.0536129 426.454 0 0
1500 104.483 17.8591 18.3952 0.834276 0.281942 421.058 0 0
1500 96.6727 3.08542 18.4019 0.72598 0.0640119 420.382 0 0
1500 67.7939 -65.7054 17.8837 0.199836 -1.01334 422.67 0 0
1500 78.5257 -50.8518 18.0042 0.294743 -0.833875 420.636 0 0
1500 87.1011 -12.5579 18.1107 0.438141 -0.243277 427.061 0 0
1500 52.2122 102.025 17.8396 -0.103375 1.63583 420.406 0 0
1500 108.919 -46.2737 18.0158 0.901072 -0.858559 414.642 0 0
1500 64.2335 5.07241 17.8516 0.0959189 0.140063 427.598 0 0
1500 -42.1373 63.2836 17.8024 -1.59158 0.971014 422.128 0 0
1500 154.38 44.4146 17.8567 1.50108 0.699244 423.288 0 0
1500 37.291 34.7734 17.9441 -0.346406 0.598821 421.156 0 0
1500 69.3667 66.9902 18.0454 0.190862 1.1124 421.128 0 0
1500 104.507 -26.6635 18.0678 0.859838 -0.503035 415.994 0 0
1500 102.325 0.504331 17.9584 0.738202 0.0711181 422.228 0 0
1500 98.5749 -27.1642 17.8214 0.594971 -0.4904 421.948 0 0
1500 7.8946 19.8474 17.9777 -0.801561 0.331254 423.676 0 0
1500 48.7345 -57.8599 17.8472 -0.215064 -0.879733 423.437 0 0
1500 39.7639 -47.445 17.8519 -0.35442 -0.726781 422.927 0 0
1500 107.656 45.055 18.0242 0.86476 0.834116 417.65 0 0
1500 72.3772 4.0577 17.9539 0.276528 0.0837557 429.892 0 0
1500 43.3405 35.4034 18.0581 -0.189201 0.618125 424.165 0 0
1500 66.9078 38.4981 18.0567 0.171169 0.664286 424.283 0 0
1500 96.7563 21.6891 17.9617 0.731682 0.342279 418.461 0 0
1500 88.6976 49.4267 17.8003 0.486815 0.82488 425.144 0 0
1500 104.838 -35.3182 17.8101 0.717847 -0.563236 429.697 0 0
1500 93.2293 -54.7586 17.804 0.559817 -0.856824 428.576 0 0
1500 98.8652 25.8338 17.8173 0.677483 0.339674 425.021 0 0
1500 67.7824 -19.7707 18.28 0.191576 -0.375458 426.058 0 0
1500 105.799 -1.7506 17.85 0.802923 0.0104402 425.684 0 0
1500 101.849 -40.9972 17.8434 0.733707 -0.585352 426.444 0 0
1500 81.5113 23.224 17.8601 0.39364 0.360619 431.698 0 0
1500 91.4958 -1.71176 17.8583 0.589634 0.0111565 424.985 0 0
1500 117.981 33.8871 17.9235 1.00264 0.564336 425.758 0 0
1500 142.942 -29.6669 17.9989 1.48303 -0.497258 423.013 0 0
1500 109.842 15.2881 18.2294 1.00783 0.342798 417.381 0 0
1500 30.678 51.4146 17.8335 -0.431207 0.85284 428.612 0 0
1500 24.1333 34.5026 17.8408 -0.537454 0.604484 427.745 0 0
1500 -8.3522 14.6459 17.8285 -1.00334 0.290014 429.885 0 0
1500 29.1649 16.7108 17.8499 -0.465646 0.335191 426.981 0 0
1500 83.6895 1.23897 17.9081 0.388476 -0.0488391 434.448 0 0
1500 120.012 -26.1232 17.8817 0.94416 -0.454297 430.786 0 0
1500 102.348 32.2955 17.9878 0.756978 0.59689 425.24 0 0
1500 18.9655 -23.1747 18.1383 -0.695896 -0.422274 423.865 0 0
1500 6.18062 33.4197 17.8845 -0.782634 0.578622 430.86 0 0
1500 74.7522 63.3476 17.839 0.223201 0.992723 433.285 0 0
1500 114.442 41.3414 18.4286 1.11295 0.800272 420.936 0 0
1500 91.1006 -38.8443 17.9527 0.571306 -0.645431 431.086 0 0
1500 25.6299 -15.2247 17.8752 -0.540101 -0.300135 433.117 0 0
1500 40.4952 -15.8887 17.8805 -0.311678 -0.312232 432.742 0 0
1500 42.0269 -50.4566 17.8671 -0.263116 -0.777736 438.768 0 0
1500 66.3019 43.2525 17.8452 0.0538008 0.702393 432.589 0 0
1500 123.185 -7.64117 17.8282 1.02909 -0.160774 437.319 0 0
1500 68.6322 40.0118 18.3124 0.146095 0.693199 430.485 0 0
1500 -0.642913 -118.628 17.8025 -0.974649 -1.78967 436.554 0 0
1500 1.63646 37.394 17.8492 -0.898804 0.536053 440.393 0 0
1500 69.6407 6.39667 17.8574 0.193907 0.152145 444.598 0 0
1500 58.5883 57.8019 17.8149 -0.0489712 0.874743 443.213 0 0
1500 20.8901 35.5646 17.8183 -0.586472 0.552895 443.585 0 0
1500 68.9218 19.9198 18.1495 0.179595 0.37665 438.994 0 0
1500 96.1735 31.5105 17.909 0.622253 0.551702 439.749 0 0
1500 87.2349 58.9626 17.8981 0.465291 0.930012 442.629 0 0
1500 68.1909 29.8298 17.9193 0.197597 0.533204 438.868 0 0
1500 120.796 -15.1687 18.014 1.0198 -0.234934 443.008 0 0
1500 107.971 -21.9963 17.8636 0.828823 -0.398515 439.583 0 0
1500 70.8351 35.0973 18.1263 0.208098 0.617365 439.829 0 0
1500 77.7917 -27.0858 17.9289 0.345261 -0.419195 449.017 0 0
1500 104.52 16.7964 17.9186 0.785105 0.213342 443.072 0 0
1500 123.146 -9.96167 17.8305 1.03245 -0.150169 447.537 0 0
1500 41.6645 -26.2764 17.8718 -0.236712 -0.438101 453.131 0 0
1500 26.9652 -12.4844 17.87 -0.490207 -0.270632 446.266 0 0
1500 9.16115 -46.1344 17.8482 -0.725939 -0.751022 449.881 0 0
1500 19.0887 -11.7638 17.8376 -0.644093 -0.247136 449.774 0 0
1500 105.418 -42.6372 18.1172 0.862622 -0.774433 445.707 0 0
1500 19.1915 12.194 17.926 -0.614734 0.259528 455.262 0 0
