Total number of secondary electrons: 1354
1500 82.5772 -7.90253 18.1991 0.643773 -0.137111 257.248 0 0
1500 96.9004 -18.917 16.3011 0.717267 -0.388234 270.426 0 0
1500 79.5434 -9.15053 16.763 0.460059 -0.175898 277.641 0 0
1500 87.6102 -0.876872 16.6607 0.630308 -0.0426678 277.933 0 0
1500 116.822 -48.3251 16.9081 1.12837 -0.887117 279.856 0 0
1500 104.041 -6.39909 17.1952 0.887888 -0.0793868 280.846 0 0
1500 61.1938 -4.90102 16.2468 0.0454644 -0.096033 281.661 0 0
1500 80.0911 -26.3319 17.0051 0.473954 -0.443716 281.744 0 0
1500 71.1237 12.1292 17.1035 0.313343 0.200618 282.055 0 0
1500 91.7672 -4.4989 17.0654 0.692987 -0.067492 282.767 0 0
1500 130.373 -11.38 15.9728 1.17851 -0.224881 283.223 0 0
1500 108.389 6.62467 16.263 0.812686 0.0697401 283.788 0 0
1500 104.677 3.72646 16.3517 0.763651 0.026837 285.024 0 0
1500 81.0437 -6.15639 16.7072 0.423025 -0.142862 286.02 0 0
1500 55.573 5.533 16.7445 0.00165436 0.109191 286.009 0 0
1500 86.6503 -19.0136 16.8256 0.561991 -0.281729 286.554 0 0
1500 83.5263 -15.5237 17.4117 0.501847 -0.247596 287.621 0 0
1500 86.6152 -18.0758 16.5069 0.516392 -0.276219 287.723 0 0
1500 96.8708 6.45453 16.603 0.621039 0.0864852 287.859 0 0
1500 95.6975 13.9436 16.8458 0.676781 0.191373 288.199 0 0
1500 78.9884 -22.7389 16.8973 0.416073 -0.352578 288.416 0 0
1500 86.2774 -23.9375 17.0049 0.529253 -0.355805 290.539 0 0
1500 78.9897 20.516 16.4516 0.345492 0.291968 290.772 0 0
1500 88.428 -3.28898 17.1208 0.559772 -0.0973178 291.319 0 0
1500 92.7699 -0.131803 17.5217 0.656931 0.0461875 292.497 0 0
1500 87.0646 1.78965 17.449 0.612503 0.0889103 292.717 0 0
1500 94.714 15.8466 16.6488 0.529241 0.224578 295.717 0 0
1500 81.4469 33.0798 17.7747 0.51236 0.578465 296.388 0 0
1500 75.5241 15.6459 17.3245 0.348606 0.257936 296.529 0 0
1500 87.2215 -16.3894 16.8593 0.497364 -0.241529 296.913 0 0
1500 94.2785 -16.606 16.9659 0.58622 -0.250762 297.579 0 0
1500 70.4973 -8.46554 16.4162 0.228262 -0.103129 298.366 0 0
1500 34.5338 16.181 16.8652 -0.372826 0.27044 298.873 0 0
1500 95.3614 1.78417 17.5094 0.612681 0.0248798 299.026 0 0
1500 80.0615 26.1137 16.7332 0.346065 0.39577 299.577 0 0
1500 87.4891 3.7062 17.3691 0.489625 0.108137 299.919 0 0
1500 101.304 7.7161 17.0613 0.679314 0.115151 300.044 0 0
1500 101.63 40.5752 16.4989 0.626062 0.533739 300.076 0 0
1500 116.172 -23.6805 16.5122 0.81148 -0.296718 300.339 0 0
1500 119.666 -21.8657 16.5242 0.853944 -0.272487 300.574 0 0
1500 85.9979 -11.2491 17.3498 0.490277 -0.191825 300.985 0 0
1500 58.3123 14.6839 16.8051 -0.0251266 0.156013 301.511 0 0
1500 22.6108 1.61022 16.8271 -0.489679 -0.0151764 302.01 0 0
1500 84.0423 -26.3527 16.927 0.437818 -0.344702 302.179 0 0
1500 69.9106 -20.6782 16.9442 0.128905 -0.273189 302.229 0 0
1500 90.3975 -3.17556 17.4527 0.541058 0.0234672 302.508 0 0
1500 29.7568 -20.565 16.863 -0.454881 -0.250237 302.624 0 0
1500 105.084 0.0734052 17.1796 0.769012 -0.0591351 303.02 0 0
1500 71.7426 -12.295 17.3099 0.220448 -0.210851 303.468 0 0
1500 124.792 -45.456 16.6862 0.885852 -0.554506 303.559 0 0
1500 164.909 15.9186 16.8842 1.52123 0.260393 303.741 0 0
1500 133.92 -24.6454 16.7042 0.995011 -0.295688 303.872 0 0
1500 87.8241 -20.2069 17.3288 0.423199 -0.31004 303.901 0 0
1500 113.741 60.8795 16.7117 0.764188 0.748149 304.047 0 0
1500 90.14 -11.108 17.8104 0.594703 -0.14866 304.075 0 0
1500 61.9115 12.9037 17.0732 0.119059 0.227459 304.618 0 0
1500 77.6369 5.07113 16.8715 0.323583 0.108277 304.631 0 0
1500 41.7014 42.9704 16.9273 -0.257454 0.580934 304.708 0 0
1500 85.2428 -5.02868 16.8773 0.423951 -0.0260461 304.778 0 0
1500 92.6252 8.86479 17.6297 0.592634 0.120357 304.802 0 0
1500 69.0399 33.4521 17.0943 0.211067 0.493466 305.137 0 0
1500 123.782 35.4746 16.7819 0.856044 0.438694 305.192 0 0
1500 96.7797 6.27694 16.8935 0.574078 0.123418 305.18 0 0
1500 72.8112 3.43287 16.8406 0.240244 0.100038 305.265 0 0
1500 70.6063 -4.20345 16.9386 0.114032 -0.0614126 305.483 0 0
1500 105.509 -9.58394 16.9056 0.69408 -0.0686173 305.501 0 0
1500 93.151 62.3546 16.8186 0.480756 0.759347 305.797 0 0
1500 80.6589 1.29902 18.0425 0.44279 -0.0448509 305.784 0 0
1500 66.5578 19.3136 17.476 0.179986 0.309672 305.843 0 0
1500 52.7788 1.87646 17.1588 -0.0923071 0.0525654 306.202 0 0
1500 45.0916 -16.2724 17.1636 -0.193908 -0.187777 306.333 0 0
1500 105.645 6.43236 17.1091 0.715208 0.0781988 306.481 0 0
1500 92.9389 5.26909 17.0661 0.548283 0.0484099 306.576 0 0
1500 47.2437 -34.7243 17.2477 -0.154409 -0.609418 306.729 0 0
1500 76.9478 50.9848 16.8644 0.27782 0.663087 306.844 0 0
1500 74.7525 13.3901 17.9635 0.341508 0.228238 307.095 0 0
1500 108.229 48.3899 16.984 0.705701 0.661289 307.282 0 0
1500 108.513 -9.49512 17.0955 0.747074 -0.145718 307.337 0 0
1500 19.4608 -16.5092 17.2045 -0.600393 -0.210752 307.504 0 0
1500 79.5426 9.87564 18.2745 0.450667 0.117663 307.754 0 0
1500 87.0378 3.08632 17.7173 0.518523 0.0798269 307.818 0 0
1500 115.377 -7.93716 17.1126 0.832424 -0.124584 307.766 0 0
1500 119.087 8.60319 17.8764 1.10542 0.10817 308.022 0 0
1500 101.447 11.8648 17.2338 0.670527 0.137965 308.255 0 0
1500 65.9108 -15.5114 17.8083 0.207926 -0.260896 308.295 0 0
1500 60.8071 4.87726 17.2108 0.0488884 0.113341 308.405 0 0
1500 86.7776 18.6953 16.9572 0.390764 0.261913 308.436 0 0
1500 83.926 -53.8096 17.0095 0.341854 -0.780708 308.51 0 0
1500 120.959 36.204 17.5296 1.05393 0.546405 308.737 0 0
1500 119.806 6.7398 17.6247 1.04538 0.168825 309.117 0 0
1500 -20.3764 -4.69903 17.0082 -1.04795 -0.0246664 309.446 0 0
1500 18.7806 -58.7052 17.0513 -0.5159 -0.833895 309.578 0 0
1500 106.263 -0.13282 17.2972 0.738462 0.0144911 309.672 0 0
1500 82.7794 9.37226 17.556 0.394249 0.189882 309.698 0 0
1500 95.8424 -3.47193 18.1296 0.652365 -0.0889295 309.892 0 0
1500 51.1207 32.3992 17.0827 -0.171287 0.462924 309.893 0 0
1500 -2.60769 -12.5494 17.1099 -0.84952 -0.120782 310.007 0 0
1500 81.0243 10.6148 18.4815 0.509171 0.172087 310.035 0 0
1500 83.912 16.4506 17.9126 0.500532 0.238467 310.154 0 0
1500 68.6759 -56.4074 17.0887 0.205392 -0.81064 310.41 0 0
1500 84.9043 15.6054 18.1766 0.537852 0.225686 310.607 0 0
1500 45.3742 -46.5056 17.5239 -0.142688 -0.739451 310.603 0 0
1500 -0.293757 43.9553 17.1058 -0.774124 0.57807 311.396 0 0
1500 78.7457 30.1055 17.7644 0.333809 0.456437 311.626 0 0
1500 42.0908 11.1585 17.4128 -0.230947 0.118668 311.71 0 0
1500 98.9164 -43.82 17.219 0.581879 -0.652104 312.39 0 0
1500 69.3337 -20.929 18.0546 0.239513 -0.342954 312.519 0 0
1500 89.5459 -16.8423 18.0194 0.513871 -0.282686 312.773 0 0
1500 61.5937 17.3015 18.14 0.124771 0.266569 312.772 0 0
1500 92.949 5.66672 18.2666 0.753666 0.100267 312.795 0 0
1500 55.5724 -6.77522 17.2694 -0.0730515 -0.14411 312.948 0 0
1500 99.5449 41.0117 17.3191 0.612107 0.607526 313.249 0 0
1500 79.0855 42.5725 17.3937 0.304962 0.64464 313.577 0 0
1500 72.2699 -11.1929 18.0017 0.284736 -0.212908 313.643 0 0
1500 55.95 -29.0502 18.4208 0.0294908 -0.560792 313.638 0 0
1500 18.6496 -10.7743 17.289 -0.579097 -0.197473 313.722 0 0
1500 85.9167 6.23031 18.095 0.576223 0.0515128 313.779 0 0
1500 84.4536 -1.60321 17.3257 0.369098 0.0173534 313.831 0 0
1500 101.734 4.2682 18.1447 0.741445 0.0787755 313.973 0 0
1500 98.1596 -8.58934 17.7789 0.659766 -0.152092 313.981 0 0
1500 80.3944 3.78305 17.5435 0.321698 0.0960583 314.02 0 0
1500 98.5641 -36.3517 17.6058 0.669898 -0.561917 314.163 0 0
1500 93.0775 19.2004 17.5466 0.597899 0.262587 314.359 0 0
1500 101.338 -1.80772 18.5832 0.771644 -0.0406127 314.407 0 0
1500 85.7408 -24.9932 17.7947 0.432776 -0.387592 314.595 0 0
1500 68.8201 8.20077 18.1674 0.284308 0.169602 314.564 0 0
1500 186.74 62.0632 17.5411 2.01039 1.02566 314.705 0 0
1500 44.1899 16.905 17.6799 -0.19836 0.244267 314.841 0 0
1500 108.076 49.2211 17.7047 0.883897 0.900245 314.875 0 0
1500 68.7632 19.3008 17.9664 0.248942 0.321892 315.015 0 0
1500 76.9574 41.9524 17.5641 0.263634 0.625779 314.997 0 0
1500 58.4106 38.6568 17.5505 0.0236332 0.589677 315.038 0 0
1500 62.4871 -28.6412 17.5002 0.0245479 -0.419193 315.277 0 0
1500 72.854 -33.1986 17.3326 0.178172 -0.46367 315.55 0 0
1500 163.028 -17.1583 17.365 1.54722 -0.214035 315.588 0 0
1500 49.7317 23.9661 17.5784 -0.195657 0.347951 315.59 0 0
1500 59.3314 -6.76865 17.4971 -0.00130108 -0.0417709 315.723 0 0
1500 27.0331 12.5043 17.5679 -0.506276 0.170534 316.453 0 0
1500 84.0114 -2.08653 18.6665 0.537332 0.0219476 316.659 0 0
1500 96.6859 -3.1909 18.2901 0.688954 0.0106346 316.679 0 0
1500 104.8 24.7106 17.7364 0.704413 0.390226 317.005 0 0
1500 92.2919 8.96032 18.5252 0.632315 0.166862 317.112 0 0
1500 13.237 -19.024 17.5253 -0.693499 -0.335025 317.073 0 0
1500 94.366 10.0234 17.9999 0.71837 0.160663 317.161 0 0
1500 82.7367 -7.93194 18.0728 0.419624 -0.060934 317.252 0 0
1500 95.5264 46.6497 17.5256 0.520158 0.694238 317.241 0 0
1500 59.282 14.0063 17.8077 0.0550829 0.223186 317.417 0 0
1500 66.5948 18.1048 18.3045 0.19182 0.283816 317.364 0 0
1500 83.8704 -34.9491 17.4916 0.403918 -0.538608 317.452 0 0
1500 71.931 10.2171 17.4461 0.16189 0.209101 317.402 0 0
1500 81.9864 -6.64112 18.1061 0.443347 -0.149006 317.678 0 0
1500 83.362 32.3966 17.8019 0.485221 0.500303 317.667 0 0
1500 70.0247 17.2557 17.5544 0.198152 0.330555 317.924 0 0
1500 61.3084 16.961 18.0767 0.0291355 0.281349 318.051 0 0
1500 72.9573 -14.5883 18.2946 0.316527 -0.205912 318.173 0 0
1500 86.2919 -18.7119 18.0322 0.487125 -0.301138 318.197 0 0
1500 98.8985 -4.86522 17.4314 0.59208 -0.000725716 318.211 0 0
1500 96.1952 -38.6587 17.4854 0.518896 -0.59432 318.265 0 0
1500 67.1236 -5.55905 17.6754 0.199587 -0.135142 318.35 0 0
1500 76.8352 -10.5116 17.6512 0.308872 -0.212376 318.428 0 0
1500 80.5393 13.0699 18.0668 0.359159 0.233304 318.729 0 0
1500 81.6726 44.0835 17.4446 0.349661 0.674419 318.802 0 0
1500 95.3492 -59.1347 17.5201 0.618923 -0.858206 318.873 0 0
1500 25.3638 50.124 17.582 -0.482271 0.803964 318.892 0 0
1500 48.2398 7.66704 17.878 -0.117199 0.156065 318.929 0 0
1500 70.081 14.4696 17.8802 0.180998 0.248641 319.043 0 0
1500 50.5514 -36.9154 17.5146 -0.163101 -0.518089 319.236 0 0
1500 107.544 15.2882 18.3883 0.942795 0.209647 319.154 0 0
1500 84.4046 22.5573 17.6753 0.392608 0.320278 319.4 0 0
1500 98.0234 43.3064 17.4585 0.570607 0.65842 319.383 0 0
1500 106.539 12.0383 17.9833 0.808206 0.217836 319.373 0 0
1500 62.1648 -7.84557 17.9468 0.103571 -0.152454 319.592 0 0
1500 100.348 -28.3528 17.8824 0.674171 -0.424561 319.652 0 0
1500 27.8298 11.6476 17.6251 -0.486038 0.132513 319.583 0 0
1500 109.468 -47.9356 17.5523 0.732154 -0.695341 319.66 0 0
1500 62.2232 -18.0774 17.5692 0.110559 -0.314464 319.684 0 0
1500 104.724 -37.1929 17.8362 0.732943 -0.597993 319.824 0 0
1500 103.771 44.8992 17.4701 0.645255 0.676021 319.837 0 0
1500 86.0616 -49.8251 17.6855 0.42721 -0.739559 319.965 0 0
1500 25.1746 -15.5615 17.6282 -0.503074 -0.213307 319.967 0 0
1500 122.728 19.9605 17.4763 0.900174 0.335817 320.071 0 0
1500 69.8494 43.6716 17.6295 0.242535 0.64326 320.16 0 0
1500 63.9112 -28.2732 17.9945 0.130235 -0.568046 320.216 0 0
1500 69.8154 -8.82213 17.8248 0.218252 -0.18549 320.244 0 0
1500 68.5481 26.508 17.501 0.194738 0.33821 320.292 0 0
1500 106.616 6.97011 18.4387 0.855539 0.141106 320.485 0 0
1500 90.5194 -47.6302 17.5596 0.515713 -0.690432 320.498 0 0
1500 98.4785 -15.7997 17.6061 0.567249 -0.2938 320.528 0 0
1500 70.7093 7.64372 17.6271 0.230049 0.0719716 320.579 0 0
1500 18.349 31.9963 17.6405 -0.592827 0.444143 320.593 0 0
1500 84.6564 25.8204 17.9534 0.482015 0.48537 320.647 0 0
1500 26.9886 -24.6851 17.65 -0.47042 -0.378923 320.858 0 0
1500 11.2367 45.2256 17.5515 -0.695484 0.614011 320.925 0 0
1500 27.9288 66.7709 17.4544 -0.408308 0.958237 321.03 0 0
1500 -15.8855 -281.206 17.4614 -1.00462 -3.89078 321.065 0 0
1500 -13.6163 25.7656 17.4589 -0.961193 0.409858 321.178 0 0
1500 91.414 -0.771792 18.0037 0.579811 -0.0472762 321.145 0 0
1500 111.087 -3.69763 18.8346 1.05455 -0.078586 321.233 0 0
1500 40.8297 50.8741 17.4925 -0.310316 0.715491 321.399 0 0
1500 82.4142 -2.89514 18.4441 0.474379 0.0224368 321.459 0 0
1500 42.922 -27.2951 17.5026 -0.285559 -0.400747 321.409 0 0
1500 77.9699 -32.6698 17.744 0.296508 -0.458988 321.642 0 0
1500 80.2757 11.7485 18.8828 0.465916 0.162285 321.712 0 0
1500 83.5922 40.9861 17.7171 0.344021 0.613872 322.071 0 0
1500 97.2628 -4.0702 18.7277 0.722933 -0.0316279 322.114 0 0
1500 121.887 38.2207 17.5421 0.909226 0.515074 321.783 0 0
1500 93.5931 -4.79424 18.2734 0.635059 -0.0942859 321.765 0 0
1500 90.1505 43.057 17.5753 0.522819 0.611642 321.988 0 0
1500 72.6093 -8.70891 17.9468 0.296453 -0.178501 322.227 0 0
1500 97.8653 30.7406 17.895 0.616996 0.483561 322.54 0 0
1500 186.369 -65.1203 17.6272 1.97066 -0.951068 322.541 0 0
1500 89.7412 -79.6996 17.9263 0.550199 -1.34914 322.791 0 0
1500 11.5491 -50.6037 17.5812 -0.646264 -0.755683 323.175 0 0
1500 102.828 -1.33201 17.5992 0.648148 -0.0880102 323.294 0 0
1500 82.9521 -0.245399 17.6919 0.439188 -0.0245698 323.356 0 0
1500 95.7651 -4.64893 18.2271 0.665747 -0.0718527 323.531 0 0
1500 8.00369 46.8236 17.5425 -0.651858 0.66876 323.618 0 0
1500 56.9602 -26.2486 17.9044 -0.0567286 -0.519576 323.603 0 0
1500 17.3674 -34.3913 17.6135 -0.555724 -0.549774 323.679 0 0
1500 117.879 -1.80467 17.7364 1.01897 -0.0462672 323.684 0 0
1500 32.3753 61.7137 17.5457 -0.3369 0.859994 323.704 0 0
1500 97.6354 -4.18174 18.9152 0.761505 -0.0474823 323.758 0 0
1500 64.6062 -24.3568 17.6435 0.10845 -0.414179 323.889 0 0
1500 22.0832 -63.5755 17.5774 -0.530641 -0.90056 323.942 0 0
1500 31.7313 -23.963 17.7848 -0.454949 -0.370243 323.997 0 0
1500 162.972 -18.6516 17.6388 1.53101 -0.245558 324.322 0 0
1500 -11.3566 22.9342 17.5811 -0.989685 0.309878 324.971 0 0
1500 103.77 -42.2903 17.643 0.637383 -0.652552 324.941 0 0
1500 34.2523 -63.0234 17.6344 -0.308596 -0.931738 325.137 0 0
1500 110.424 27.3371 17.8422 0.871247 0.412893 325.049 0 0
1500 -1.90715 -38.2679 17.612 -0.849009 -0.517737 325.222 0 0
1500 67.6914 3.9285 17.6843 0.209316 0.0905727 325.239 0 0
1500 61.6954 -7.85909 18.5962 0.113053 -0.104574 325.328 0 0
1500 55.1603 -72.4056 17.7702 0.00587515 -1.11188 325.316 0 0
1500 77.6395 33.9501 17.6162 0.241173 0.490777 325.483 0 0
1500 53.6515 -69.1316 17.6429 -0.042361 -1.01024 325.517 0 0
1500 74.7514 40.4106 17.6649 0.23243 0.570341 325.592 0 0
1500 75.0067 4.15411 17.7998 0.314244 0.00879321 325.618 0 0
1500 88.4841 20.4885 17.8304 0.53113 0.272481 325.696 0 0
1500 67.832 44.6338 17.8714 0.171652 0.746753 325.727 0 0
1500 50.1767 36.3748 17.7577 -0.0635154 0.577881 325.846 0 0
1500 61.0917 22.338 17.8598 0.127925 0.360985 325.909 0 0
1500 74.6612 10.7965 17.8596 0.31987 0.197796 325.898 0 0
1500 69.6559 14.1666 17.6384 0.139619 0.239831 326.009 0 0
1500 46.0644 25.0583 17.6878 -0.128466 0.374123 326.144 0 0
1500 91.0689 2.68488 18.1035 0.564729 0.0947935 326.129 0 0
1500 85.3218 10.0775 17.8169 0.468796 0.102771 326.072 0 0
1500 64.0098 0.0554429 17.972 0.136751 0.0557123 326.346 0 0
1500 2.40526 38.2313 17.6238 -0.792453 0.504309 326.317 0 0
1500 92.9347 -39.5233 17.8143 0.502211 -0.618546 326.353 0 0
1500 60.8734 1.37126 17.7019 0.0567741 0.0771357 326.474 0 0
1500 91.0003 37.0695 17.6997 0.533892 0.555684 326.483 0 0
1500 79.1868 -47.169 17.8374 0.32181 -0.774404 326.545 0 0
1500 126.343 -26.6313 17.6969 0.961532 -0.405984 326.58 0 0
1500 93.106 -47.4432 18.1819 0.598035 -0.842567 326.761 0 0
1500 68.1657 -4.54166 17.7408 0.155625 -0.137912 326.824 0 0
1500 96.152 -24.789 17.8521 0.614125 -0.439369 326.889 0 0
1500 71.5024 -4.28248 18.3251 0.240452 -0.111442 327.026 0 0
1500 74.0499 -3.83436 18.7954 0.349646 0.00560248 327.119 0 0
1500 90.6385 16.1128 17.6707 0.513363 0.182718 327.134 0 0
1500 114.435 -47.2928 18.1215 0.983978 -0.786187 327.138 0 0
1500 92.7186 -36.2386 17.8434 0.507153 -0.626253 327.151 0 0
1500 94.0675 -23.6761 18.2081 0.609037 -0.375945 327.261 0 0
1500 107.773 18.0466 17.8776 0.773545 0.294757 327.238 0 0
1500 90.0647 -1.3672 18.3828 0.681793 -0.0303554 327.3 0 0
1500 63.3929 -21.8866 17.7828 0.131577 -0.308572 327.374 0 0
1500 87.657 39.4569 17.6899 0.44407 0.628194 327.397 0 0
1500 49.5179 -15.0561 18.1457 -0.113529 -0.32638 327.429 0 0
1500 71.6504 35.1257 17.8695 0.168569 0.637125 327.376 0 0
1500 4.12131 23.9439 17.7792 -0.85036 0.305519 327.462 0 0
1500 109.61 12.3925 18.1981 0.926771 0.315083 327.526 0 0
1500 73.2397 0.370978 18.2878 0.342969 0.0528186 327.636 0 0
1500 135.018 16.5637 17.791 1.22958 0.280425 327.591 0 0
1500 46.5051 35.9359 17.7605 -0.108912 0.57023 327.824 0 0
1500 16.7504 4.42309 17.7245 -0.694607 0.111396 327.796 0 0
1500 78.9815 -24.2847 17.8043 0.310358 -0.360194 327.886 0 0
1500 43.4208 -51.6269 17.6909 -0.210775 -0.802097 327.891 0 0
1500 52.1471 -14.5418 17.7601 -0.050766 -0.278981 327.866 0 0
1500 86.1008 -1.38056 18.8787 0.585367 0.00295769 327.988 0 0
1500 80.3654 -11.1748 17.898 0.435625 -0.167061 328.004 0 0
1500 70.3964 6.28024 18.4968 0.295046 0.0484215 328.117 0 0
1500 123.665 18.4193 17.8819 1.0702 0.235464 328.172 0 0
1500 73.9953 33.7648 18.4077 0.284854 0.743695 328.175 0 0
1500 93.1536 1.11123 18.306 0.624891 0.0490982 328.374 0 0
1500 65.275 40.5319 18.1807 0.102705 0.707675 328.609 0 0
1500 97.6441 -11.5541 18.3685 0.697287 -0.163647 328.705 0 0
1500 48.8866 54.2197 17.7699 -0.0737848 0.821927 328.727 0 0
1500 105.733 -19.1966 17.8918 0.755604 -0.307661 328.796 0 0
1500 95.9934 -6.44016 17.8446 0.559 -0.0506032 328.957 0 0
1500 72.8341 6.86945 17.8445 0.252156 0.17046 328.916 0 0
1500 44.9171 -77.0679 18.2532 -0.187086 -1.44188 328.935 0 0
1500 28.516 -41.2618 17.8196 -0.403779 -0.657924 329 0 0
1500 65.7807 -12.6881 18.2477 0.208719 -0.188518 329.206 0 0
1500 130.316 13.4116 17.702 1.01566 0.230963 329.064 0 0
1500 79.3829 -12.6735 18.283 0.36485 -0.205117 329.355 0 0
1500 62.2751 40.7243 17.8226 0.125629 0.638981 329.362 0 0
1500 142.787 29.7327 17.7097 1.30572 0.419178 329.354 0 0
1500 65.8626 3.32014 17.8967 0.0935916 -0.0108352 329.332 0 0
1500 71.8351 11.7114 18.249 0.274923 0.187403 329.563 0 0
1500 76.1471 52.7081 17.7468 0.278262 0.731182 329.624 0 0
1500 66.727 0.194828 18.164 0.147291 -0.059545 329.713 0 0
1500 90.7149 33.9178 17.7636 0.544028 0.460673 329.633 0 0
1500 105.812 2.77727 17.7648 0.760867 0.00916436 329.818 0 0
1500 77.8383 28.9409 17.9292 0.277071 0.481725 329.837 0 0
1500 98.8974 -44.9663 17.7793 0.610282 -0.700131 329.922 0 0
1500 83.2042 -11.3469 18.5861 0.45956 -0.16364 330.034 0 0
1500 36.5943 10.5275 17.9087 -0.3121 0.122787 330.049 0 0
1500 75.5076 10.2427 18.0517 0.362564 0.124326 329.999 0 0
1500 90.5283 -2.98122 17.8758 0.555681 -0.0787376 330.02 0 0
1500 53.9576 -4.0609 18.0117 -0.077656 -0.108638 329.978 0 0
1500 98.9237 17.0372 17.9366 0.674526 0.206571 330.142 0 0
1500 130.501 0.868191 17.7381 1.04643 -0.0194578 330.24 0 0
1500 75.9139 -34.3204 17.8082 0.2656 -0.576526 330.298 0 0
1500 56.9482 -44.6504 17.9001 -0.0365534 -0.703536 330.36 0 0
1500 57.1878 -3.01081 17.7785 -0.0696395 -0.0936654 330.347 0 0
1500 70.354 -55.246 17.9289 0.177932 -0.905449 330.391 0 0
1500 104.246 7.77746 17.926 0.707424 0.182225 330.624 0 0
1500 21.156 -64.6409 17.7399 -0.533119 -0.941771 330.675 0 0
1500 74.1852 11.3519 17.9859 0.287088 0.160719 330.715 0 0
1500 77.1075 54.3688 17.8562 0.306544 0.841767 330.7 0 0
1500 58.411 -17.2196 17.831 0.0479997 -0.32348 330.715 0 0
1500 93.0269 20.295 18.1311 0.587194 0.348647 330.874 0 0
1500 55.8589 8.53266 17.8008 0.0157979 0.15733 331.112 0 0
1500 45.5519 -31.9357 17.998 -0.177804 -0.533533 331.018 0 0
1500 107.443 -23.7474 17.882 0.788753 -0.375107 331.202 0 0
1500 96.5986 -10.556 17.821 0.650719 -0.138945 331.383 0 0
1500 56.9707 48.697 17.9275 -0.0453936 0.758611 331.467 0 0
1500 78.9033 -15.1161 18.594 0.426861 -0.273777 331.661 0 0
1500 81.1061 10.3685 18.1388 0.452663 0.181685 331.927 0 0
1500 96.8074 0.591116 17.9536 0.666298 0.0263134 331.904 0 0
1500 33.7596 54.7904 17.9886 -0.352757 0.943533 332.048 0 0
1500 104.913 28.1637 17.822 0.7639 0.429623 332.278 0 0
1500 48.1951 32.4373 17.9581 -0.176962 0.574838 332.325 0 0
1500 60.5506 0.242741 17.8021 0.086908 -0.0361777 332.41 0 0
1500 73.9877 17.0932 18.2137 0.369051 0.283706 332.364 0 0
1500 38.088 -10.6231 18.0012 -0.332668 -0.201083 332.575 0 0
1500 102.962 -34.8101 18.2422 0.860719 -0.688831 332.557 0 0
1500 66.7931 11.207 17.8788 0.217905 0.183604 332.747 0 0
1500 180.187 36.5752 17.9523 2.00657 0.585437 332.657 0 0
1500 229.493 -28.3015 17.8331 2.7495 -0.519519 332.764 0 0
1500 56.2893 -61.0704 17.8187 0.0281056 -0.945804 333.089 0 0
1500 96.656 -33.7337 17.8458 0.56579 -0.573186 333.074 0 0
1500 88.3086 0.77041 18.8826 0.599999 0.0643683 333.132 0 0
1500 59.3851 -11.5147 18.3024 0.0193537 -0.175539 333.129 0 0
1500 90.8454 -8.44554 18.0683 0.551147 -0.188509 333.116 0 0
1500 29.6346 -34.0359 18.0734 -0.459432 -0.584948 333.146 0 0
1500 72.2353 -34.4324 18.2497 0.305975 -0.563483 333.375 0 0
1500 91.3754 -13.6827 18.3258 0.623582 -0.19645 333.562 0 0
1500 7.65466 19.8191 17.8464 -0.806363 0.316019 333.373 0 0
1500 74.1659 -46.9473 17.8186 0.299937 -0.749059 333.336 0 0
1500 95.8323 -15.6898 17.8736 0.651398 -0.222585 333.555 0 0
1500 87.0301 -58.1946 17.8904 0.474877 -0.991478 333.479 0 0
1500 80.9873 -33.621 18.5649 0.535461 -0.643247 333.453 0 0
1500 125.194 -2.45784 17.8663 1.02807 0.0077604 333.756 0 0
1500 37.6363 -34.6504 18.0581 -0.308862 -0.576647 333.832 0 0
1500 39.8923 24.5017 18.2115 -0.341388 0.41879 333.838 0 0
1500 85.677 40.7346 17.8721 0.495897 0.621116 333.955 0 0
1500 66.7615 26.0644 17.8768 0.0639651 0.420443 334.175 0 0
1500 50.0356 37.6564 18.0781 -0.121137 0.62479 334.301 0 0
1500 76.0867 -0.29198 17.8254 0.339721 0.0427001 334.452 0 0
1500 50.053 -34.619 18.2653 -0.0889861 -0.613976 334.47 0 0
1500 103.419 -50.1502 17.975 0.829889 -0.91379 334.41 0 0
1500 56.4199 25.9205 17.8237 0.0358373 0.446531 334.608 0 0
1500 114.742 24.777 17.9748 0.929894 0.361733 334.651 0 0
1500 73.0737 51.1368 17.8769 0.178044 0.813338 334.636 0 0
1500 114.571 10.9921 17.8709 0.916632 0.175055 334.732 0 0
1500 86.0177 7.57629 17.8223 0.490944 0.163516 334.74 0 0
1500 63.8151 -7.35105 18.4036 0.177652 -0.138749 334.788 0 0
1500 71.2138 -6.29179 18.0556 0.242683 -0.12009 334.757 0 0
1500 80.8883 3.62328 17.9306 0.439616 0.042421 334.808 0 0
1500 26.6338 -16.897 17.9497 -0.524332 -0.29451 334.854 0 0
1500 48.9005 -39.1309 18.0831 -0.104916 -0.659234 334.964 0 0
1500 87.5005 6.97415 18.0222 0.434708 0.143923 335.104 0 0
1500 81.6315 15.6905 18.0252 0.340391 0.289158 335.099 0 0
1500 96.2064 -40.2626 17.8215 0.589105 -0.67512 335.095 0 0
1500 70.7551 40.5314 18.2294 0.26545 0.668389 335.462 0 0
1500 111.778 -7.29546 18.1776 0.902606 -0.121512 335.849 0 0
1500 74.0429 14.5092 17.8928 0.19438 0.250633 335.836 0 0
1500 119.043 13.0716 17.7987 0.955424 0.246907 335.842 0 0
1500 99.9238 25.538 17.9218 0.719431 0.371877 335.856 0 0
1500 98.8601 -13.8626 18.626 0.828845 -0.230792 335.844 0 0
1500 42.7021 58.5013 17.8009 -0.293424 0.913422 336.009 0 0
1500 18.5367 -11.5759 17.9437 -0.645424 -0.220187 336.031 0 0
1500 34.7572 -76.7736 17.835 -0.438643 -1.19876 336.016 0 0
1500 60.0575 -49.4935 17.8095 -0.0250011 -0.80566 336.106 0 0
1500 84.2698 26.4191 17.8378 0.478537 0.3847 336.356 0 0
1500 34.588 -21.4642 17.9905 -0.344954 -0.427843 336.345 0 0
1500 76.4193 -13.6595 19.2119 0.406487 -0.240336 336.41 0 0
1500 98.1752 55.4315 17.7951 0.657021 0.809771 336.396 0 0
1500 77.192 1.18943 18.6051 0.457532 0.0127933 336.401 0 0
1500 95.9747 -54.801 17.7788 0.621339 -0.83037 336.449 0 0
1500 86.9808 -3.88523 18.317 0.476063 -0.084369 336.65 0 0
1500 72.6068 -12.9122 17.9182 0.177269 -0.230636 336.618 0 0
1500 68.9854 60.1609 17.8041 0.190418 0.889409 336.645 0 0
1500 62.8315 38.2785 18.2221 0.0814842 0.631794 336.696 0 0
1500 74.8806 -14.2427 18.0068 0.358222 -0.226146 336.818 0 0
1500 97.7162 53.785 17.8009 0.628725 0.836671 336.964 0 0
1500 31.6959 0.784743 18.2539 -0.450824 -0.00716307 336.935 0 0
1500 80.8733 20.6907 18.9086 0.471314 0.428904 336.984 0 0
1500 54.0212 29.6344 17.9761 -0.0144728 0.450136 337.031 0 0
1500 105.704 -5.48077 18.22 0.800567 -0.143186 337.239 0 0
1500 38.6898 -0.619587 17.9926 -0.284388 0.0277501 337.241 0 0
1500 49.793 6.81337 17.9861 -0.0750603 0.151385 337.18 0 0
1500 -5.54291 -22.8446 17.842 -0.994174 -0.328122 337.266 0 0
1500 121.783 8.62398 17.8096 1.00306 0.173084 337.198 0 0
1500 -0.739587 -4.13436 17.9364 -0.922242 -0.105307 337.175 0 0
1500 96.591 30.6358 18.4621 0.723816 0.604066 337.378 0 0
1500 98.3762 29.5453 19.1581 0.894734 0.597219 337.413 0 0
1500 94.5589 -24.5904 18.0946 0.640759 -0.400685 337.567 0 0
1500 39.0838 59.9576 17.9194 -0.286152 0.958114 337.572 0 0
1500 73.5417 34.1502 18.1995 0.341725 0.566467 337.531 0 0
1500 95.6985 -18.829 17.9985 0.669955 -0.293133 337.574 0 0
1500 117.283 6.64159 17.9622 0.983814 0.153391 337.523 0 0
1500 41.7408 -12.321 18.0919 -0.34684 -0.28957 337.57 0 0
1500 48.0511 -9.51701 18.1772 -0.144294 -0.250962 337.816 0 0
1500 72.4565 -12.0013 17.9238 0.261302 -0.188503 337.845 0 0
1500 114.076 -38.4451 18.0644 0.975158 -0.688439 337.834 0 0
1500 82.449 -10.1647 18.4198 0.435288 -0.153494 337.953 0 0
1500 87.1376 -17.3747 17.9089 0.430124 -0.293885 337.988 0 0
1500 95.0387 37.4276 17.8425 0.530056 0.627923 338.14 0 0
1500 109.314 -9.00306 17.9932 0.867771 -0.142618 338.239 0 0
1500 105.737 19.0443 18.0091 0.78535 0.347837 338.245 0 0
1500 100.632 -3.13183 18.0163 0.739203 -0.0818143 338.159 0 0
1500 2.15334 1.0667 18.1145 -1.03725 0.0672548 338.073 0 0
1500 78.7337 62.8571 17.8304 0.29321 0.998413 338.367 0 0
1500 126.781 53.8571 17.8911 1.07214 0.870163 338.472 0 0
1500 106.699 28.7067 17.8059 0.804805 0.401088 338.574 0 0
1500 117.216 3.51331 17.8991 0.903405 0.0611442 338.653 0 0
1500 50.1156 64.6294 17.8138 -0.0638882 0.969874 338.729 0 0
1500 105.77 48.3641 17.8153 0.811016 0.729529 338.706 0 0
1500 80.8209 16.315 17.9288 0.436899 0.223562 338.769 0 0
1500 47.6912 65.8989 17.8314 -0.162924 1.03553 338.871 0 0
1500 69.0802 -6.61137 18.1007 0.21308 -0.0340407 339.101 0 0
1500 20.1858 -8.77798 17.9072 -0.572432 -0.0979721 339.152 0 0
1500 27.464 -10.4204 17.9365 -0.467294 -0.11969 339.191 0 0
1500 36.9327 28.6673 17.9096 -0.344003 0.410924 339.268 0 0
1500 93.0261 -11.4607 18.3695 0.654555 -0.213681 339.12 0 0
1500 93.2142 -12.534 18.1958 0.629017 -0.246899 339.179 0 0
1500 60.3235 74.261 17.7973 0.0863504 1.17615 339.234 0 0
1500 11.9881 11.6649 17.9675 -0.785052 0.235508 339.288 0 0
1500 53.2673 -20.8116 18.0939 -0.135371 -0.320928 339.141 0 0
1500 74.5619 32.4773 17.8434 0.235484 0.554555 339.392 0 0
1500 112.302 7.9245 17.9037 0.8761 0.0615359 339.378 0 0
1500 86.7608 -39.4474 17.9243 0.39735 -0.656855 339.503 0 0
1500 111.824 10.4037 17.8058 0.816308 0.120558 339.582 0 0
1500 117.84 21.6429 17.9835 1.01144 0.432652 339.589 0 0
1500 120.388 -26.1965 17.8208 0.94235 -0.446655 339.654 0 0
1500 97.2477 13.0073 18.779 0.736666 0.25018 339.726 0 0
1500 83.3353 2.68743 18.9013 0.586066 0.0263686 339.66 0 0
1500 102.758 21.5691 17.9166 0.765299 0.300401 339.769 0 0
1500 89.1173 26.3958 17.9194 0.502553 0.373798 339.914 0 0
1500 88.059 -2.02214 18.3959 0.527246 -0.0261161 339.959 0 0
1500 71.5394 4.0974 17.8588 0.205208 -0.00857329 340.034 0 0
1500 98.1965 -17.8481 18.153 0.671612 -0.336707 339.834 0 0
1500 55.3311 24.472 18.2657 -0.040332 0.424031 340.025 0 0
1500 58.0922 -3.94532 18.2153 0.0178258 0.00866605 339.963 0 0
1500 103.209 -29.3969 18.0987 0.813531 -0.454624 340.011 0 0
1500 96.7702 -3.98133 18.7828 0.746191 -0.139002 340 0 0
1500 113.744 -32.4606 18.024 0.981338 -0.575573 339.859 0 0
1500 68.3563 23.5054 18.3242 0.130212 0.450251 339.908 0 0
1500 112.667 8.81555 18.071 0.986457 0.186665 340.122 0 0
1500 85.5989 -11.9454 18.195 0.42495 -0.224196 340.262 0 0
1500 118.474 -23.8274 17.86 0.932521 -0.386893 340.426 0 0
1500 97.8766 -22.6456 18.0307 0.654874 -0.42109 340.32 0 0
1500 119.631 -15.0166 18.1142 1.12763 -0.27616 340.274 0 0
1500 71.6569 -13.6781 18.3021 0.279976 -0.228486 340.436 0 0
1500 45.631 41.5901 17.8398 -0.151483 0.726067 340.499 0 0
1500 105.671 -10.2301 18.2511 0.947863 -0.145476 340.503 0 0
1500 66.4343 -4.60563 18.1066 0.173305 -0.11502 340.607 0 0
1500 105.899 64.9611 17.8382 0.714074 1.0524 340.587 0 0
1500 5.01752 -42.7788 17.8565 -0.803434 -0.718065 340.63 0 0
1500 70.3837 0.392299 18.0252 0.231939 0.0819415 340.595 0 0
1500 93.7549 39.3702 17.8498 0.492039 0.632583 340.716 0 0
1500 15.7019 -10.4229 17.8759 -0.652557 -0.140309 340.662 0 0
1500 55.4996 51.1852 17.8496 -0.0569105 0.802423 340.689 0 0
1500 45.8654 -65.2025 17.8338 -0.229628 -0.989585 340.655 0 0
1500 49.0473 -79.4117 17.9412 -0.0945305 -1.2927 340.772 0 0
1500 110.885 34.7648 18.3228 0.956335 0.656767 340.752 0 0
1500 35.7039 -88.2054 17.9439 -0.370755 -1.43409 340.92 0 0
1500 103.249 -18.6545 18.3428 0.799011 -0.337766 341.031 0 0
1500 44.5127 21.6984 18.1171 -0.237158 0.371497 340.962 0 0
1500 66.8445 -26.6184 18.2554 0.184197 -0.480614 341.344 0 0
1500 71.7178 -45.5095 17.8096 0.192889 -0.776155 341.432 0 0
1500 78.3059 34.7849 17.8596 0.266401 0.558487 341.752 0 0
1500 11.4331 44.6828 17.8302 -0.73178 0.731854 341.639 0 0
1500 50.6128 22.1253 18.5197 -0.0832767 0.373657 341.734 0 0
1500 54.3581 -45.5022 17.9693 -0.00593652 -0.80301 341.681 0 0
1500 59.0359 12.1312 18.5644 -0.0130298 0.215773 341.59 0 0
1500 117.436 27.9787 17.8045 0.92179 0.371364 341.877 0 0
1500 85.9787 57.8666 17.8613 0.497807 0.881982 342.37 0 0
1500 107.315 -51.8614 18.0091 0.87303 -0.842558 342.405 0 0
1500 119.581 2.47151 18.022 1.09276 -0.0225263 342.385 0 0
1500 70.8337 -53.0431 17.8249 0.234388 -0.874021 342.473 0 0
1500 183.466 -15.8344 18.1728 2.19543 -0.291436 342.551 0 0
1500 51.4446 8.16246 18.6185 -0.0403406 0.155067 342.844 0 0
1500 34.7464 -13.8119 17.9641 -0.336497 -0.247996 342.869 0 0
1500 73.5012 -57.6954 17.8101 0.282473 -0.859757 342.639 0 0
1500 119.276 4.62863 17.9521 0.995122 0.11042 342.852 0 0
1500 88.4726 40.9381 18.0374 0.562376 0.636755 342.671 0 0
1500 93.9858 41.5104 17.9614 0.533122 0.69918 342.767 0 0
1500 117.218 -23.9896 17.9503 0.938151 -0.453998 342.776 0 0
1500 68.818 -45.2678 18.4758 0.171205 -0.875539 342.698 0 0
1500 86.5002 -42.8507 17.8359 0.434251 -0.732628 343.1 0 0
1500 101.672 -5.77121 18.0965 0.790361 -0.0186189 343.033 0 0
1500 82.9032 -48.2554 18.0739 0.4328 -0.920815 343.102 0 0
1500 88.5845 -49.8857 18.4652 0.55058 -0.955806 343.19 0 0
1500 10.9096 26.0349 17.882 -0.782238 0.420647 343.236 0 0
1500 76.2761 -16.5635 17.9554 0.375588 -0.255265 343.245 0 0
1500 79.7313 -29.7647 17.9602 0.406928 -0.541237 343.272 0 0
1500 76.0107 18.464 18.1088 0.275423 0.320993 343.368 0 0
1500 96.714 24.7644 18.3753 0.714438 0.402517 343.386 0 0
1500 108.29 -25.8606 17.8336 0.764861 -0.470621 343.359 0 0
1500 28.6503 -45.8892 17.8337 -0.449779 -0.776151 343.353 0 0
1500 144.385 -2.18567 18.0753 1.51792 -0.0657151 343.673 0 0
1500 83.426 -10.1364 18.9547 0.523755 -0.126526 343.806 0 0
1500 83.6225 -1.20742 17.9534 0.397306 -0.0786736 343.817 0 0
1500 76.6656 29.2458 18.0115 0.284468 0.474058 343.799 0 0
1500 152.984 -68.8643 17.8321 1.55684 -1.08486 343.778 0 0
1500 69.4376 45.36 18.0848 0.141965 0.788004 343.903 0 0
1500 42.1832 -46.1507 17.8264 -0.217867 -0.725584 344.139 0 0
1500 98.6627 12.4668 17.9947 0.715027 0.214741 344.117 0 0
1500 79.0967 9.03579 18.3847 0.439373 0.200401 344.161 0 0
1500 105.19 31.5331 18.3377 0.840764 0.574137 344.225 0 0
1500 106.648 -34.263 17.9562 0.767802 -0.535521 344.308 0 0
1500 77.624 -3.32421 17.911 0.385578 -0.0211119 344.468 0 0
1500 127.915 51.149 18.0589 1.24466 0.865949 344.476 0 0
1500 86.0912 -24.6097 18.2265 0.484764 -0.382686 344.703 0 0
1500 120.001 17.3018 18.0271 1.00938 0.270857 344.651 0 0
1500 96.6904 -51.8601 17.8266 0.576973 -0.850951 344.607 0 0
1500 45.5683 -56.0124 18.0259 -0.176692 -0.915334 344.718 0 0
1500 58.356 2.2674 18.1426 0.0495259 0.111554 344.747 0 0
1500 62.4794 -16.087 18.7875 0.117042 -0.263315 344.602 0 0
1500 115.644 -64.6263 18.0212 0.98255 -1.04451 344.565 0 0
1500 65.3518 -14.0715 19 0.19701 -0.241067 344.983 0 0
1500 155.66 0.899094 17.9351 1.56157 -8.48379e-05 344.925 0 0
1500 89.6131 0.244183 18.1697 0.608011 -0.0498072 344.924 0 0
1500 80.4688 -17.9172 18.5066 0.399691 -0.338727 345.023 0 0
1500 68.5707 49.8108 18.1033 0.183641 0.825821 345.003 0 0
1500 117.185 -31.1659 17.9164 0.900436 -0.525634 345.074 0 0
1500 110.204 -41.2432 17.7944 0.846141 -0.617073 345.194 0 0
1500 57.727 -29.5968 17.8872 0.016844 -0.535616 345.23 0 0
1500 65.3775 -23.5485 17.9256 0.163852 -0.431209 345.327 0 0
1500 83.1322 -1.39676 17.9259 0.438645 -0.0886155 345.301 0 0
1500 61.7937 0.665065 17.9762 0.0139022 -0.0366915 345.329 0 0
1500 68.2122 -10.9252 18.0057 0.161175 -0.220488 345.89 0 0
1500 96.263 42.5858 17.8683 0.622055 0.622895 345.58 0 0
1500 102.019 16.8896 17.897 0.752559 0.28871 345.569 0 0
1500 68.2883 -26.6723 17.9239 0.208469 -0.478595 345.453 0 0
1500 97.2812 11.3354 18.0208 0.688569 0.124537 345.661 0 0
1500 48.9772 -22.4244 17.9709 -0.1848 -0.394342 345.665 0 0
1500 88.9754 24.0711 18.1286 0.551734 0.34382 346.126 0 0
1500 14.5607 -50.7086 17.8261 -0.639431 -0.817383 345.942 0 0
1500 112.317 -8.46963 17.8921 0.902789 -0.0987181 346.107 0 0
1500 24.4816 -4.84489 17.967 -0.562021 -0.121372 345.942 0 0
1500 88.1582 -3.49017 17.9823 0.559861 -0.0674041 346.07 0 0
1500 47.9924 63.9316 17.8361 -0.0986605 0.983875 346.271 0 0
1500 119.452 15.3451 17.9343 0.99602 0.191259 346.354 0 0
1500 95.143 -23.5084 18.0868 0.670971 -0.335866 346.359 0 0
1500 109.961 -10.9523 17.875 0.814658 -0.242208 346.273 0 0
1500 90.0496 -43.6601 17.8086 0.440942 -0.693934 346.463 0 0
1500 63.2734 -1.29343 18.5427 0.139103 -0.0827808 346.853 0 0
1500 98.3734 -42.7276 17.8696 0.63098 -0.720136 346.961 0 0
1500 113.669 -34.5566 17.8056 0.891932 -0.546747 347.14 0 0
1500 84.1379 0.523146 18.4377 0.49191 0.0293837 347.289 0 0
1500 121.351 -39.7334 17.9942 1.06003 -0.730184 347.436 0 0
1500 82.5455 3.79524 18.0976 0.408067 0.110524 347.497 0 0
1500 121.588 11.0362 17.9809 1.01083 0.183007 347.646 0 0
1500 100.957 36.98 17.9713 0.739769 0.549802 347.58 0 0
1500 23.1469 37.9574 17.9817 -0.540093 0.686896 347.58 0 0
1500 63.3105 -14.3362 18.0801 0.0686779 -0.284398 347.764 0 0
1500 91.6238 -7.56694 18.3451 0.584983 -0.134435 347.849 0 0
1500 112.777 -32.7768 18.2382 0.948912 -0.600677 347.804 0 0
1500 110.371 13.5996 18.337 0.907184 0.231869 347.95 0 0
1500 115.004 27.9284 18.0436 0.939805 0.434575 348.036 0 0
1500 96.2909 -50.8203 17.9017 0.593819 -0.832169 348.113 0 0
1500 76.522 7.18682 18.0502 0.339593 0.0624111 348.491 0 0
1500 100.171 -31.0631 18.0045 0.674267 -0.4819 349.056 0 0
1500 107.367 -35.3317 17.8112 0.775351 -0.54227 349.124 0 0
1500 64.9895 -62.0675 17.9045 0.149586 -0.973219 348.899 0 0
1500 53.3914 -66.2375 17.8718 -0.0429401 -1.04385 349.138 0 0
1500 102.927 36.5901 17.8528 0.75858 0.567767 348.363 0 0
1500 86.5682 -3.79062 18.3427 0.574237 -0.0558498 348.896 0 0
1500 55.8572 8.77552 18.3736 -0.0285466 0.169454 348.56 0 0
1500 36.2688 -34.991 17.955 -0.337631 -0.61163 348.929 0 0
1500 26.6856 12.2481 17.8728 -0.503497 0.264732 348.392 0 0
1500 78.4083 -27.6055 17.9379 0.393403 -0.466959 348.883 0 0
1500 64.8618 -39.7101 17.9355 0.183764 -0.651911 349.071 0 0
1500 60.2085 7.63976 17.829 0.0909307 0.171021 348.802 0 0
1500 124.645 28.0791 18.0014 1.18726 0.435838 349.103 0 0
1500 88.609 4.88193 18.2135 0.511993 0.0148886 349.516 0 0
1500 88.2169 -29.5052 18.0433 0.484771 -0.472528 349.327 0 0
1500 119.093 -18.2543 17.888 0.957411 -0.235427 349.427 0 0
1500 23.5101 56.7898 17.824 -0.572337 0.863834 349.931 0 0
1500 109.953 -16.7207 18.185 0.894788 -0.26012 349.282 0 0
1500 92.8757 41.9754 18.1463 0.565595 0.703391 349.181 0 0
1500 87.8947 -13.4283 17.8217 0.521634 -0.158537 349.286 0 0
1500 70.38 40.474 17.9976 0.283507 0.679675 349.485 0 0
1500 124.616 24.8524 18.1277 1.17933 0.391031 349.309 0 0
1500 74.592 80.9098 17.9612 0.222969 1.35064 349.809 0 0
1500 128.287 -3.02844 17.9378 1.21007 -0.0115373 349.637 0 0
1500 80.2882 -41.2648 18.0091 0.301413 -0.70232 349.762 0 0
1500 97.2671 12.0495 18.2645 0.66431 0.177337 350.403 0 0
1500 87.1233 26.0232 17.9993 0.493493 0.386501 350.11 0 0
1500 67.6667 -57.7099 17.9082 0.185811 -0.894829 350.006 0 0
1500 106.675 -43.3756 17.9276 0.78313 -0.670857 350.407 0 0
1500 19.7731 53.8454 17.8243 -0.626067 0.819238 350.049 0 0
1500 93.802 -20.7326 18.1226 0.653123 -0.340463 350.033 0 0
1500 91.3608 5.23461 18.1303 0.553487 0.156301 350.009 0 0
1500 17.1005 40.4784 17.8146 -0.686285 0.570043 350.427 0 0
1500 83.8088 21.9397 17.8387 0.439041 0.408028 350.173 0 0
1500 18.9736 -94.6162 17.9856 -0.623288 -1.64424 350.05 0 0
1500 139.586 -27.9326 17.954 1.35414 -0.496795 350.566 0 0
1500 67.9954 -44.5083 17.9151 0.0927441 -0.745587 350.683 0 0
1500 120.01 0.551067 17.9202 1.00413 -0.0313527 350.912 0 0
1500 102.33 -42.1918 17.9205 0.740188 -0.671719 350.85 0 0
1500 190.899 -15.3568 17.8372 2.07639 -0.205708 350.783 0 0
1500 10.7859 41.1676 17.8107 -0.77641 0.575869 350.962 0 0
1500 12.9241 -16.0343 17.9351 -0.708435 -0.315097 350.843 0 0
1500 66.0511 8.03508 18.223 0.195018 0.196848 350.876 0 0
1500 58.6181 -2.97921 17.8972 -0.0276128 -0.11178 350.84 0 0
1500 89.3538 -18.2268 18.0112 0.608505 -0.274035 350.711 0 0
1500 41.1941 59.1431 18.0053 -0.319031 1.06845 350.921 0 0
1500 107.551 -30.1431 18.1464 0.811219 -0.515638 351.044 0 0
1500 101.117 -38.2822 18.1465 0.715777 -0.636966 351.019 0 0
1500 -1.75663 -6.00296 17.8103 -0.96532 -0.138731 351.04 0 0
1500 48.6417 -7.53591 18.0167 -0.186275 -0.0724382 350.987 0 0
1500 109.136 40.6085 17.9015 0.831324 0.635452 351.312 0 0
1500 69.0583 38.7305 17.9189 0.173354 0.614608 351.808 0 0
1500 108.85 -20.5453 18.0792 0.854202 -0.299571 351.342 0 0
1500 112.586 -28.133 17.9911 0.909605 -0.427534 351.531 0 0
1500 119.069 15.7161 17.8012 0.972501 0.285338 351.587 0 0
1500 80.1477 -52.3316 17.9284 0.317036 -0.861112 351.571 0 0
1500 35.7916 35.2971 17.8812 -0.410606 0.523651 351.799 0 0
1500 72.4921 -27.5843 17.8375 0.186144 -0.497387 351.736 0 0
1500 33.4599 1.65777 17.8404 -0.423057 -0.0420808 351.54 0 0
1500 65.3269 -22.3018 17.8855 0.0429283 -0.364496 351.72 0 0
1500 113.326 4.46487 18.0787 0.912656 0.0674737 351.888 0 0
1500 87.2959 -59.4689 17.8193 0.496877 -0.888484 352.113 0 0
1500 66.6244 -29.5703 18.5567 0.208471 -0.514315 352.262 0 0
1500 40.5261 -57.2927 17.9255 -0.280988 -0.930293 351.991 0 0
1500 81.2315 -31.8344 18.2729 0.40329 -0.555528 352.387 0 0
1500 107.495 14.1804 17.9424 0.767066 0.292526 352.142 0 0
1500 106.554 -11.8955 18.0531 0.777317 -0.255179 352.646 0 0
1500 24.1245 44.8011 17.872 -0.581469 0.660024 352.779 0 0
1500 56.629 -36.7442 18.0927 -0.0408711 -0.616219 352.451 0 0
1500 14.9067 -13.3278 17.9246 -0.717083 -0.167377 352.584 0 0
1500 97.1882 28.2097 17.9028 0.688136 0.418658 352.664 0 0
1500 -16.633 -21.4161 17.8746 -1.19829 -0.407154 352.023 0 0
1500 38.0316 -18.474 17.9097 -0.369663 -0.324078 352.764 0 0
1500 54.5343 3.88181 17.8668 -0.109763 0.11426 352.577 0 0
1500 99.3396 -10.596 18.0857 0.737102 -0.24305 352.57 0 0
1500 89.3283 -93.793 18.0848 0.607454 -1.70292 351.972 0 0
1500 80.0074 -91.2439 18.1676 0.409148 -1.68113 352.175 0 0
1500 59.1671 33.1747 18.3607 0.0153613 0.654139 352.302 0 0
1500 44.2218 27.8939 18.2839 -0.246425 0.582822 352.48 0 0
1500 67.5537 10.5107 18.3491 0.147777 0.278533 351.827 0 0
1500 75.1047 -9.96689 18.0989 0.333216 -0.118281 352.922 0 0
1500 72.1707 -20.2746 18.2545 0.21474 -0.340158 353.597 0 0
1500 97.186 21.6743 17.8577 0.602627 0.360591 353.78 0 0
1500 78.5525 -26.3571 18.3549 0.402112 -0.468635 353.162 0 0
1500 15.8698 44.4353 17.8682 -0.699944 0.64824 353.413 0 0
1500 8.50852 40.4467 17.8031 -0.733186 0.683371 353.686 0 0
1500 -1.03936 -7.58382 17.82 -0.934414 -0.181106 353.431 0 0
1500 64.4369 6.29884 18.3793 0.180642 0.171815 353.316 0 0
1500 72.2343 -50.9131 17.8348 0.162838 -0.832789 353.562 0 0
1500 48.2342 -31.3926 17.9873 -0.133368 -0.560868 353.385 0 0
1500 34.6921 44.2479 17.8769 -0.313536 0.754574 353.334 0 0
1500 81.9166 26.9376 18.2918 0.366481 0.483241 353.534 0 0
1500 117.056 -28.625 17.8031 0.90904 -0.368201 354.013 0 0
1500 119.227 23.6677 17.8018 0.93121 0.428334 354.013 0 0
1500 81.7332 23.7471 18.4002 0.436472 0.377743 354.132 0 0
1500 96.552 15.5857 18.0841 0.611659 0.243267 355.242 0 0
1500 65.1672 -4.38268 18.2075 0.209565 -0.0702673 355.074 0 0
1500 67.3049 -22.5792 18.0416 0.204717 -0.359436 354.668 0 0
1500 46.1062 -36.1797 17.9254 -0.130658 -0.572819 354.128 0 0
1500 74.5484 6.43374 17.9331 0.26631 0.0249853 354.708 0 0
1500 61.4239 -33.2061 17.9607 0.0443202 -0.531894 355.335 0 0
1500 73.8242 -4.15909 17.9457 0.290928 -0.0947154 355.945 0 0
1500 6.98193 -27.4651 17.8139 -0.791465 -0.440409 354.513 0 0
1500 40.8009 -22.6163 17.8308 -0.298245 -0.362264 356.13 0 0
1500 16.0286 -8.54666 17.8243 -0.651186 -0.165783 355.602 0 0
1500 98.6333 44.8209 17.8047 0.616592 0.711344 355.611 0 0
1500 107.005 -8.96649 18.1397 0.827145 -0.143364 355.382 0 0
1500 -3.82959 20.7056 17.9099 -0.973533 0.3441 354.672 0 0
1500 -6.1643 -19.0369 17.8146 -0.988946 -0.346749 354.979 0 0
1500 13.7811 -50.5978 17.8586 -0.719646 -0.761875 355.43 0 0
1500 3.51282 -37.5403 17.8587 -0.87561 -0.57225 355.08 0 0
1500 111.052 -32.888 17.878 0.862346 -0.535586 354.451 0 0
1500 28.012 -55.7704 17.7987 -0.437096 -0.912447 354.708 0 0
1500 4.52372 -42.689 17.7968 -0.775254 -0.701698 356.022 0 0
1500 118.833 31.9983 17.8073 0.8938 0.54774 355.855 0 0
1500 102.496 46.613 17.809 0.661074 0.774955 354.915 0 0
1500 28.2279 -58.4986 17.8865 -0.500191 -0.906269 355.559 0 0
1500 58.1359 51.3886 18.0638 -0.021909 0.83004 354.645 0 0
1500 12.5303 40.2568 17.8401 -0.738837 0.658302 355.093 0 0
1500 102.189 -11.3341 17.9811 0.73989 -0.234059 354.396 0 0
1500 61.307 -52.8525 18.0898 0.0450035 -0.863804 355.043 0 0
1500 102.309 -31.8381 18.1174 0.71229 -0.551997 355.907 0 0
1500 81.0013 -15.1745 18.1327 0.401041 -0.308477 354.514 0 0
1500 0.221956 -25.4471 17.9088 -0.909249 -0.431534 356.082 0 0
1500 80.0726 28.1355 18.4012 0.392468 0.496152 356.095 0 0
1500 20.2727 25.1231 17.9303 -0.583387 0.460221 354.793 0 0
1500 85.2949 15.2923 18.3196 0.539797 0.272291 355.919 0 0
1500 77.3112 -7.72584 18.2672 0.424213 -0.139047 356.038 0 0
1500 81.4818 3.27832 18.0067 0.455799 0.0833677 355.222 0 0
1500 82.0173 -7.4779 17.8554 0.435738 -0.163628 355.498 0 0
1500 54.4072 -8.75353 17.9524 -0.0310109 -0.213486 356.011 0 0
1500 105.224 46.964 17.9788 0.806117 0.825848 354.801 0 0
1500 3.78094 -19.9791 17.8903 -0.879975 -0.401717 354.809 0 0
1500 8.76944 -23.2439 17.8708 -0.784531 -0.445898 356.083 0 0
1500 104.985 30.7665 17.9545 0.742737 0.576806 354.356 0 0
1500 81.5593 -23.213 18.4876 0.447462 -0.462167 354.608 0 0
1500 136.503 -15.5705 17.8995 1.34893 -0.236023 355.9 0 0
1500 -6.95091 8.92596 17.8602 -1.01278 0.114585 356.276 0 0
1500 51.8919 66.6851 17.8368 -0.142872 1.0381 356.283 0 0
1500 89.6549 21.9983 18.08 0.514419 0.360926 356.352 0 0
1500 91.61 -6.97269 17.9199 0.538545 -0.0588383 356.605 0 0
1500 81.3278 -2.25869 17.8451 0.36115 0.0289867 357.188 0 0
1500 66.6794 -50.0064 17.8148 0.0780986 -0.766775 356.658 0 0
1500 77.9408 -61.6536 17.8179 0.252727 -0.958668 356.38 0 0
1500 67.7711 -60.8243 17.8203 0.104375 -0.940805 356.806 0 0
1500 6.13109 -41.5521 17.8864 -0.814571 -0.642638 356.753 0 0
1500 114.862 -32.9103 17.9672 0.897441 -0.541757 357.018 0 0
1500 100.903 2.60432 18.0724 0.753 0.0714995 356.844 0 0
1500 22.9205 43.112 17.9238 -0.590918 0.679916 357.046 0 0
1500 97.6311 -8.71211 17.9412 0.634697 -0.210265 356.797 0 0
1500 24.2771 -3.8124 17.8459 -0.583721 -0.101827 356.657 0 0
1500 62.9217 -39.8035 17.8437 0.0127009 -0.655356 356.853 0 0
1500 87.4297 39.9593 17.8595 0.476956 0.684842 357.189 0 0
1500 31.0895 -32.7057 17.8816 -0.443781 -0.480874 357.54 0 0
1500 6.17633 27.2599 17.9162 -0.8182 0.413322 357.428 0 0
1500 79.4881 -12.8031 18.7132 0.495571 -0.229875 357.284 0 0
1500 91.1187 -4.19456 18.6399 0.639983 -0.00168942 357.469 0 0
1500 113.935 -7.0382 17.952 0.89268 -0.175872 357.313 0 0
1500 34.0199 57.3795 17.9942 -0.370244 1.05266 357.291 0 0
1500 86.466 -11.8796 18.4061 0.523399 -0.181899 357.715 0 0
1500 97.8751 -12.373 18.1287 0.644482 -0.21751 358.11 0 0
1500 89.9898 15.2726 17.9531 0.458638 0.283575 358.062 0 0
1500 80.5614 33.4456 17.8398 0.373106 0.520634 357.879 0 0
1500 54.0362 -38.5626 17.8349 -0.0918025 -0.605708 358.378 0 0
1500 44.3762 -49.3616 17.8459 -0.174175 -0.771088 358.31 0 0
1500 67.2957 -32.4633 17.8747 0.0891462 -0.509749 359.328 0 0
1500 66.4374 -51.4859 17.8647 0.078066 -0.786561 358.444 0 0
1500 41.1207 34.2532 17.8278 -0.245007 0.553943 359.17 0 0
1500 107.807 34.8501 18.0605 0.838344 0.548914 358.384 0 0
1500 63.4165 53.7957 17.9506 0.0733643 0.877963 357.965 0 0
1500 32.0962 48.8329 17.9499 -0.395739 0.802016 358.09 0 0
1500 20.5739 -26.122 17.8435 -0.625614 -0.368819 358.618 0 0
1500 89.9338 -42.8667 18.1124 0.512883 -0.719271 357.92 0 0
1500 110.915 -6.18341 17.9502 0.893071 -0.0871926 357.706 0 0
1500 94.9346 52.3915 17.9171 0.584408 0.850086 359.033 0 0
1500 27.459 61.8621 17.8777 -0.431434 0.997196 359.045 0 0
1500 116.331 8.95998 18.0218 0.970268 0.14957 359.152 0 0
1500 46.6569 58.992 17.8734 -0.146575 0.962904 358.592 0 0
1500 90.7309 15.4782 18.1716 0.617983 0.233668 358.349 0 0
1500 59.5037 -14.8507 18.3361 0.0140695 -0.240031 358.367 0 0
1500 46.0438 51.7775 17.9967 -0.145768 0.858752 358.769 0 0
1500 35.8136 -13.1349 18.1598 -0.37431 -0.200833 358.074 0 0
1500 49.9142 -149.382 17.8148 -0.178052 -2.29491 359.469 0 0
1500 44.2389 53.1323 17.8474 -0.282081 0.850562 357.981 0 0
1500 67.3937 49.8937 18.0529 0.217781 0.814829 359.495 0 0
1500 91.5036 43.8921 17.8421 0.586004 0.647697 358.886 0 0
1500 57.2454 33.8778 17.8776 -0.0848948 0.531233 357.916 0 0
1500 19.1124 -42.5018 17.862 -0.662265 -0.640751 359.374 0 0
1500 2.90828 -11.1138 17.8619 -0.908273 -0.163934 359.384 0 0
1500 13.5216 -21.187 17.9718 -0.688045 -0.394312 359.397 0 0
1500 76.1313 -33.1658 18.0019 0.29768 -0.585687 359.227 0 0
1500 49.2066 -34.9171 18.0031 -0.115691 -0.613425 359.136 0 0
1500 48.088 39.7838 17.9413 -0.216203 0.610222 359.132 0 0
1500 86.4366 -3.34151 17.8748 0.429046 -0.127945 358.463 0 0
1500 49.473 18.609 18.0376 -0.17386 0.250133 359.42 0 0
1500 68.1023 -18.7914 17.8791 0.207204 -0.35622 359.038 0 0
1500 39.0773 -34.605 17.8721 -0.243457 -0.598141 359.535 0 0
1500 33.8306 0.0873768 17.8221 -0.450004 0.0387094 359.033 0 0
1500 118.015 70.0959 18.1092 1.03777 1.19948 357.626 0 0
1500 75.3992 49.5157 18.0356 0.359061 0.876321 357.921 0 0
1500 76.9212 -4.83563 18.0044 0.370361 -0.151328 358.185 0 0
1500 82.2511 -31.5896 18.2077 0.461306 -0.650219 357.98 0 0
1500 75.6568 10.6004 18.5985 0.331555 0.210331 361.279 0 0
1500 59.0745 21.9978 18.0186 0.0654575 0.362365 361.02 0 0
1500 91.6902 16.9301 18.29 0.588314 0.241831 360.653 0 0
1500 87.2439 -49.8194 17.8512 0.457668 -0.776856 360.473 0 0
1500 105.428 -35.659 17.8502 0.719894 -0.574842 360.339 0 0
1500 114.179 -26.2891 18.0456 0.923916 -0.429436 360.542 0 0
1500 108.995 -33.0241 17.836 0.842082 -0.520532 359.754 0 0
1500 123.962 -18.019 17.8425 0.990409 -0.340402 360.979 0 0
1500 97.0066 44.7194 17.9592 0.647188 0.731402 360.157 0 0
1500 108.085 36.7607 17.9051 0.832894 0.568358 360.531 0 0
1500 78.9783 -60.4224 17.9606 0.303332 -0.969598 360.974 0 0
1500 104.408 -11.7446 18.0188 0.793148 -0.219592 359.738 0 0
1500 91.0542 -36.9291 18.0179 0.589573 -0.60116 359.829 0 0
1500 106.36 32.1591 17.8984 0.726707 0.561807 359.885 0 0
1500 84.3561 7.31035 18.3178 0.536806 0.127012 360.086 0 0
1500 53.3428 17.9966 18.0885 -0.0121041 0.349792 359.606 0 0
1500 43.0492 -31.0124 18.0308 -0.271339 -0.514381 359.891 0 0
1500 88.3058 -50.6529 17.806 0.486108 -0.837248 360.841 0 0
1500 119.302 2.3645 17.8066 0.957116 -0.0338802 360.751 0 0
1500 25.4324 4.27176 17.9277 -0.558248 0.024898 359.79 0 0
1500 80.251 -28.5072 17.9276 0.290126 -0.482345 359.799 0 0
1500 19.4985 52.1857 18.0332 -0.623575 0.858261 360.26 0 0
1500 72.7081 10.8328 18.1859 0.28512 0.241441 361.336 0 0
1500 6.00047 -31.4562 17.8591 -0.871164 -0.437083 360.57 0 0
1500 92.8992 -36.4177 17.8832 0.49077 -0.621645 360.647 0 0
1500 -48.1401 30.5164 17.8647 -1.74313 0.425441 360.62 0 0
1500 -18.3834 130.011 17.9216 -1.28991 2.13261 360.658 0 0
1500 34.9495 -95.6178 18.0184 -0.436717 -1.60353 360.486 0 0
1500 40.0963 -17.0233 18.6455 -0.284276 -0.349139 359.65 0 0
1500 109.865 0.594194 18.4217 0.960425 -0.0721374 360.208 0 0
1500 71.8319 52.0382 17.9701 0.238693 0.961992 361.17 0 0
1500 48.7684 -30.7897 18.0707 -0.122986 -0.493401 362.093 0 0
1500 72.6149 30.5016 17.9342 0.207763 0.496706 361.56 0 0
1500 57.8518 34.9913 17.9067 0.0396422 0.552253 361.618 0 0
1500 64.8774 -34.466 17.9598 0.126439 -0.550547 362.298 0 0
1500 67.644 10.0202 17.8771 0.158657 0.206458 363.511 0 0
1500 109.445 -21.3131 17.9525 0.81814 -0.293121 362.235 0 0
1500 74.633 25.7519 17.893 0.255935 0.428952 363.63 0 0
1500 75.3656 59.9917 17.8397 0.297381 0.886654 363.699 0 0
1500 132.213 -21.5027 17.825 1.09341 -0.3662 362.862 0 0
1500 90.3043 53.3198 17.926 0.492082 0.838171 362.278 0 0
1500 3.64203 26.2972 17.8614 -0.849328 0.382722 363.089 0 0
1500 9.70704 46.0889 17.8561 -0.774192 0.677871 362.005 0 0
1500 115.101 -31.4783 18.0074 0.916144 -0.497836 362.567 0 0
1500 87.7734 -52.3851 17.8566 0.414832 -0.8226 363.884 0 0
1500 122.729 -3.07283 17.841 1.01802 -0.0347332 363.033 0 0
1500 102.217 19.0129 18.2704 0.78685 0.315101 361.495 0 0
1500 85.8264 87.3751 17.8039 0.385746 1.34131 363.563 0 0
1500 35.8688 -56.5736 17.8081 -0.29352 -0.88193 364.211 0 0
1500 122.996 -18.7409 17.802 0.982062 -0.343269 362.839 0 0
1500 125.124 -2.02962 17.854 1.02797 -0.0889634 363.299 0 0
1500 0.370332 -23.2339 17.9087 -0.917027 -0.388474 361.84 0 0
1500 65.42 -23.7482 18.4511 0.213544 -0.430039 361.89 0 0
1500 88.3037 -4.8944 18.4484 0.556362 -0.145774 362.09 0 0
1500 71.3355 -17.6606 18.4518 0.302808 -0.338631 361.843 0 0
1500 88.936 17.5579 18.6967 0.643678 0.260586 363.506 0 0
1500 82.8134 12.1081 18.5367 0.490485 0.250871 362.665 0 0
1500 -2.16402 18.8521 17.9136 -0.950164 0.325785 362.625 0 0
1500 115.552 16.2831 17.8189 0.942818 0.225394 362.651 0 0
1500 85.7256 -23.7106 17.8267 0.444474 -0.444013 361.572 0 0
1500 67.3248 -55.9866 17.813 0.155513 -0.925571 362.931 0 0
1500 100.713 -48.2848 17.808 0.653134 -0.796251 363.941 0 0
1500 61.2458 -29.8412 18.0705 0.0599676 -0.532384 362.32 0 0
1500 69.2167 29.253 17.9357 0.148153 0.514444 362.617 0 0
1500 68.7668 -8.73097 18.0626 0.118296 -0.139702 361.93 0 0
1500 42.557 37.7218 18.1146 -0.246549 0.633276 363.061 0 0
1500 81.448 9.92515 17.8801 0.438637 0.189889 361.837 0 0
1500 69.1005 62.5885 17.7972 0.128538 1.00787 364.102 0 0
1500 50.9226 35.3665 17.9009 -0.0550416 0.608815 363.258 0 0
1500 93.8607 22.0646 17.8432 0.614169 0.388869 363.467 0 0
1500 26.2872 2.94718 17.9666 -0.520672 -0.0159754 363.38 0 0
1500 96.4562 43.311 17.9207 0.688298 0.680008 362.987 0 0
1500 121.548 -15.4264 18.0292 1.04583 -0.319622 363.098 0 0
1500 9.82157 -32.6843 17.8579 -0.792064 -0.607358 361.806 0 0
1500 56.5318 -2.31787 17.9338 -0.0898775 -0.0331018 364.17 0 0
1500 132.083 -29.172 17.9633 1.27252 -0.450041 363.918 0 0
1500 131.306 3.62476 17.8741 1.25589 0.0237697 363.666 0 0
1500 58.9663 -58.4109 17.8898 0.0681805 -1.02183 362.648 0 0
1500 51.1259 21.4605 18.2851 -0.168073 0.390863 363.513 0 0
1500 74.0903 1.01756 18.6475 0.351807 0.068485 364.381 0 0
1500 61.8028 4.5946 18.0892 0.0637435 0.128888 364.689 0 0
1500 79.1041 3.81707 18.6408 0.410348 0.111585 365.901 0 0
1500 88.5213 -24.8724 18.1297 0.480643 -0.41228 365.505 0 0
1500 30.9116 -15.4228 17.9464 -0.436081 -0.218016 365.796 0 0
1500 89.7451 0.144069 17.9224 0.489864 0.06181 366.332 0 0
1500 69.381 21.8663 18.0475 0.245546 0.336951 366.649 0 0
1500 67.491 5.37282 17.9297 0.199208 0.111858 367.366 0 0
1500 78.431 21.1408 18.197 0.385769 0.324325 368.151 0 0
1500 93.8542 33.1318 17.9664 0.572807 0.54758 364.53 0 0
1500 127.492 -13.0469 17.8646 1.08682 -0.173061 364.831 0 0
1500 72.3589 21.9784 18.473 0.286323 0.364876 370.278 0 0
1500 55.4952 -21.9935 18.0376 -0.0535748 -0.363925 368.345 0 0
1500 91.2501 -4.82678 17.8307 0.480338 -0.13664 368.264 0 0
1500 98.4915 -0.891371 18.5182 0.763883 -0.0250623 364.766 0 0
1500 72.4886 -12.899 17.8839 0.268487 -0.148333 369.189 0 0
1500 93.1262 12.8529 18.3241 0.668425 0.189125 364.329 0 0
1500 81.7047 12.2271 18.5 0.503576 0.227589 364.634 0 0
1500 78.1139 -60.5121 17.8689 0.337668 -0.937071 367.049 0 0
1500 94.043 23.9834 17.9638 0.588242 0.361619 369.22 0 0
1500 100.835 -2.66533 18.5168 0.797159 -0.036288 365.949 0 0
1500 38.4137 -61.1839 17.8832 -0.296202 -0.986006 365.473 0 0
1500 111.434 -36.1529 17.8844 0.796855 -0.615942 365.123 0 0
1500 19.1527 -49.5335 17.8845 -0.586655 -0.816763 365.104 0 0
1500 89.3622 -2.5605 17.9047 0.488504 0.0200266 370.017 0 0
1500 120.075 11.2692 17.8482 0.974428 0.13345 367.231 0 0
1500 114.277 28.8511 17.8288 0.902494 0.479385 365.39 0 0
1500 66.1796 60.4704 17.8337 0.174434 0.915975 368.111 0 0
1500 89.7457 13.5712 17.8494 0.502138 0.235068 369.727 0 0
1500 60.7026 4.57194 17.8575 0.0926057 0.10751 370.323 0 0
1500 78.8591 63.0539 17.8279 0.363538 0.970521 366.87 0 0
1500 78.3105 21.2454 17.8515 0.340417 0.34229 369.89 0 0
1500 105.011 2.66244 17.9386 0.739944 0.0681578 369.542 0 0
1500 70.6656 -25.3349 18.4058 0.21912 -0.412218 371.76 0 0
1500 95.5433 -13.2099 17.9907 0.592071 -0.236469 370.426 0 0
1500 77.1871 16.5346 18.1761 0.302767 0.288048 373.616 0 0
1500 84.1592 17.2835 18.5702 0.512443 0.327249 366.354 0 0
1500 72.0878 24.5021 18.572 0.333446 0.435632 366.212 0 0
1500 -5.03928 8.19371 17.8341 -1.00553 0.165792 365.883 0 0
1500 4.39877 6.27244 17.841 -0.879072 0.139371 364.74 0 0
1500 -0.268198 16.2385 17.8385 -0.897425 0.275208 368.6 0 0
1500 96.7658 19.5588 17.8389 0.609808 0.311692 370.146 0 0
1500 84.8784 -27.8627 17.9401 0.366343 -0.476455 364.253 0 0
1500 80.4156 -54.8537 18.0619 0.380125 -0.892262 366.464 0 0
1500 58.2721 -11.1596 18.7763 0.0855555 -0.208233 374.673 0 0
1500 79.4491 15.2672 17.9398 0.377497 0.233661 371.223 0 0
1500 89.2801 24.1895 17.932 0.567175 0.394714 364.604 0 0
1500 67.4813 -62.2655 17.9475 0.18095 -0.999226 366.668 0 0
1500 101.528 15.4353 18.2031 0.770135 0.195387 366.362 0 0
1500 84.0118 -4.66668 18.1083 0.511363 -0.0730124 365.147 0 0
1500 112.37 3.72226 17.9825 0.894865 -0.00696422 365.255 0 0
1500 94.4178 39.9379 18.0128 0.646994 0.622226 366.282 0 0
1500 25.2897 46.7667 17.9111 -0.561256 0.712451 366.049 0 0
1500 55.3234 -35.5169 17.9254 -0.107805 -0.546728 364.729 0 0
1500 102.85 38.3458 18.1025 0.770411 0.60349 367.356 0 0
1500 94.6737 11.0177 18.4426 0.621155 0.240777 366.785 0 0
1500 78.2377 -4.01725 18.048 0.372793 -0.0698503 372.87 0 0
1500 118.06 -1.01336 18.0245 0.9944 -0.0303312 367.823 0 0
1500 120.382 -18.2208 18.0215 1.00975 -0.281445 369.103 0 0
1500 52.9528 -5.73109 18.388 -0.0165147 -0.144402 374.44 0 0
1500 58.0967 45.8033 17.9103 0.0543069 0.765981 366.087 0 0
1500 97.7664 -34.2335 17.9632 0.604801 -0.594515 366.667 0 0
1500 22.5398 1.17597 17.9323 -0.555124 0.00443038 372.395 0 0
1500 2.82373 -29.7919 17.8362 -0.897682 -0.396313 365.569 0 0
1500 93.8387 -41.4028 18.1525 0.631726 -0.670843 368.223 0 0
1500 53.6767 -68.0219 17.81 -0.00397065 -1.04827 368.831 0 0
1500 107.425 0.413019 17.8218 0.8214 -0.0359379 366.424 0 0
1500 30.3096 54.8268 17.8597 -0.450099 0.889459 367.987 0 0
1500 44.0679 54.2066 17.8637 -0.245557 0.888766 367.341 0 0
1500 4.92511 40.1977 17.8568 -0.81668 0.657197 369.225 0 0
1500 33.4778 29.9184 17.9607 -0.434527 0.43527 366.769 0 0
1500 26.3958 24.8353 17.9595 -0.542892 0.35641 366.863 0 0
1500 29.7725 -41.2659 17.9527 -0.486445 -0.654872 367.461 0 0
1500 97.639 -53.6049 17.8428 0.696118 -0.822806 365.764 0 0
1500 42.1092 -62.0169 17.9043 -0.208568 -1.0521 365.073 0 0
1500 78.5825 24.2504 17.9151 0.261956 0.419924 365.149 0 0
1500 44.9375 -52.6376 17.9171 -0.170814 -0.819404 372.691 0 0
1500 48.7344 -63.4811 17.9088 -0.118859 -0.990542 371.487 0 0
1500 37.4367 25.5523 17.9809 -0.322617 0.403027 374.098 0 0
1500 17.232 39.4106 17.9648 -0.654274 0.645421 368.666 0 0
1500 -26.5786 14.0794 17.8652 -1.31512 0.265522 369.272 0 0
1500 50.275 -24.4654 17.9532 -0.127895 -0.402574 374.345 0 0
1500 57.2233 -57.3465 17.9338 -0.0335847 -0.932904 368.826 0 0
1500 28.0469 -59.3826 17.9275 -0.462758 -0.940061 370.488 0 0
1500 60.2511 -37.1637 17.9467 0.0124003 -0.640461 367.537 0 0
1500 87.2485 67.1943 17.9464 0.497598 1.07714 368.992 0 0
1500 114.4 8.9015 17.8356 0.870462 0.210513 368.465 0 0
1500 21.9325 -48.4475 17.8427 -0.533326 -0.767841 372.208 0 0
1500 24.9294 -8.593 17.8597 -0.478261 -0.189281 373.938 0 0
1500 95.4273 -31.6701 18.0755 0.649281 -0.534292 368.924 0 0
1500 75.3673 -3.59898 18.1729 0.380317 -0.110143 364.511 0 0
1500 218.463 -20.1235 17.8427 2.56286 -0.269659 367.162 0 0
1500 114.147 31.7397 17.949 1.00153 0.501104 364.298 0 0
1500 117.957 21.9288 17.8666 0.911531 0.404667 369.569 0 0
1500 58.0108 65.8843 17.8637 0.0101865 1.04791 370.683 0 0
1500 10.79 -6.95744 17.9681 -0.767978 -0.0648892 368.662 0 0
1500 49.5977 -27.0247 18.2972 -0.110506 -0.4722 369.093 0 0
1500 124.221 -0.266549 17.9174 1.04651 0.0427714 371.073 0 0
1500 79.0412 -0.0539172 17.9434 0.399958 0.0483379 367.668 0 0
1500 58.4133 23.1426 18.252 -0.000217907 0.398388 368.852 0 0
1500 78.5841 -34.4959 18.0687 0.390949 -0.556755 371.22 0 0
1500 75.5892 0.679053 18.0784 0.331991 -0.0367497 374.25 0 0
1500 80.5446 -10.6767 18.7339 0.477283 -0.148262 377.932 0 0
1500 22.9653 -24.8781 17.8656 -0.611768 -0.364983 368.377 0 0
1500 19.555 -25.3045 17.8636 -0.66266 -0.370601 368.545 0 0
1500 55.5605 56.8142 17.8884 -0.0178001 0.882746 373.714 0 0
1500 30.8275 26.0735 17.8992 -0.401655 0.479673 368.423 0 0
1500 93.1521 -35.1308 17.8239 0.58232 -0.601347 369.036 0 0
1500 123.666 -11.4551 17.8192 0.991514 -0.175388 374.845 0 0
1500 77.1598 62.2446 17.855 0.270475 0.999829 371.331 0 0
1500 12.0735 2.87897 17.87 -0.723115 0.118779 369.158 0 0
1500 60.1468 47.6844 17.8695 0.0160514 0.744345 374.797 0 0
1500 13.6554 47.7695 17.855 -0.676193 0.784155 371.324 0 0
1500 126.529 12.4567 17.8779 1.10573 0.13291 369.631 0 0
1500 97.3692 -23.435 18.6928 0.721106 -0.412911 372.398 0 0
1500 80.1016 45.3675 18.0642 0.335011 0.756146 370.701 0 0
1500 5.26204 39.0177 17.8715 -0.869408 0.62992 370.108 0 0
1500 107.404 -3.87208 18.2537 0.850129 -0.00768004 371.576 0 0
1500 66.4541 -39.7159 17.8785 0.159392 -0.685819 369.542 0 0
1500 49.9708 -12.8733 17.8899 -0.0960341 -0.275389 368.712 0 0
1500 85.7164 31.1561 18.2907 0.459221 0.541904 371.155 0 0
1500 92.7027 53.8357 17.8293 0.470116 0.843432 374.011 0 0
1500 8.5655 28.026 17.8313 -0.785104 0.494425 370.621 0 0
1500 67.2368 55.0395 17.8321 0.107259 0.9066 370.52 0 0
1500 54.7714 39.3567 17.8764 -0.0994947 0.662925 369.607 0 0
1500 70.5871 29.1485 17.9696 0.259936 0.509685 369.705 0 0
1500 83.6181 9.70753 17.9728 0.416545 0.189459 376.624 0 0
1500 89.2773 42.2681 17.8991 0.521625 0.709889 370.685 0 0
1500 55.0449 -37.1441 17.8792 0.0149407 -0.645371 367.423 0 0
1500 22.5021 39.7744 17.9251 -0.542905 0.679439 370.922 0 0
1500 35.2659 -22.4678 17.8385 -0.424562 -0.314576 369.408 0 0
1500 54.414 -21.1078 17.8434 -0.126983 -0.29492 369.076 0 0
1500 46.6385 66.1454 17.8157 -0.23631 1.0177 372.43 0 0
1500 18.3473 40.1716 17.8219 -0.671868 0.645479 370.957 0 0
1500 99.9181 -42.991 18.0048 0.722987 -0.661646 372.116 0 0
1500 108.28 10.2991 18.0105 0.858206 0.137045 371.326 0 0
1500 96.3675 -44.4233 18.0059 0.671757 -0.684983 371.93 0 0
1500 27.1002 -6.67939 18.0823 -0.500564 -0.152563 370.461 0 0
1500 116.021 20.2219 17.9138 0.948731 0.267182 372.079 0 0
1500 84.1166 -3.62417 17.9341 0.484583 -0.0939599 370.003 0 0
1500 90.2437 16.8176 17.8623 0.520464 0.2688 376.432 0 0
1500 32.7978 -60.0884 17.9164 -0.410453 -0.949621 372.898 0 0
1500 64.4482 -37.1428 17.937 0.0565053 -0.574173 376.936 0 0
1500 27.7154 -32.3595 17.8512 -0.484239 -0.585724 369.379 0 0
1500 103.792 23.2882 17.8533 0.769885 0.317732 371.137 0 0
1500 92.3552 -39.053 17.8515 0.593014 -0.63545 371.322 0 0
1500 113.308 3.5522 17.8495 0.909731 0.0153033 371.562 0 0
1500 116.146 -0.85631 17.8474 0.948779 -0.0515665 371.849 0 0
1500 122.169 15.0851 17.8424 1.02238 0.186769 372.99 0 0
1500 119.476 -7.9042 17.8445 0.991407 -0.157122 372.371 0 0
1500 73.5037 -14.5734 17.868 0.311586 -0.267118 369.949 0 0
1500 115.422 -15.9068 17.846 0.934727 -0.278712 372.067 0 0
1500 102.965 12.6192 17.8481 0.708759 0.168663 376.506 0 0
1500 96.3656 48.3989 17.8947 0.710837 0.801059 366.678 0 0
1500 53.4761 4.97467 18.1063 -0.0783018 0.0127612 370.801 0 0
1500 149.834 83.9973 18.0394 1.56539 1.5194 364.8 0 0
1500 78.1268 -15.9724 18.0305 0.429005 -0.264312 366.399 0 0
1500 -29.0888 37.1835 17.8614 -1.41587 0.620914 371.124 0 0
1500 52.3554 30.0583 18.126 -0.139816 0.4853 369.128 0 0
1500 159.191 39.9336 17.891 1.60754 0.625416 373.287 0 0
1500 4.26805 -37.1246 17.8319 -0.860735 -0.591326 374.475 0 0
1500 121.812 -9.36061 17.8147 0.990856 -0.172843 375.928 0 0
1500 98.0754 -37.7214 17.8198 0.675267 -0.613183 372.868 0 0
1500 69.8611 11.502 17.8413 0.225011 0.125787 378.761 0 0
1500 74.8987 23.9245 18.0366 0.227751 0.418895 372.135 0 0
1500 52.9656 45.9349 17.9022 -0.0125804 0.757759 372.689 0 0
1500 10.7261 74.1656 17.8474 -0.705948 1.1807 374.637 0 0
1500 45.1671 78.8141 17.8795 -0.156862 1.25455 374.179 0 0
1500 64.8098 -18.3062 18.3145 0.0908166 -0.281444 373.383 0 0
1500 33.7971 49.0938 17.8758 -0.391393 0.749327 378.01 0 0
1500 65.7379 33.9343 17.8879 0.0630492 0.524718 379.138 0 0
1500 5.47588 -12.68 17.8749 -0.851204 -0.140787 373.399 0 0
1500 94.3938 18.1747 18.4688 0.637851 0.34418 375.206 0 0
1500 51.4496 -66.0359 17.8551 -0.0755549 -1.04417 376.075 0 0
1500 79.6405 -30.4705 17.875 0.297947 -0.527873 374.48 0 0
1500 8.37823 45.6017 17.7963 -0.719086 0.751072 375.547 0 0
1500 100.47 22.4248 17.9385 0.728677 0.37898 374.137 0 0
1500 122.996 7.7697 18.0505 1.06037 0.118542 376.5 0 0
1500 112.09 24.3599 18.0004 0.906908 0.369975 375.705 0 0
1500 97.4844 -20.4591 17.9682 0.632348 -0.323666 379.945 0 0
1500 77.4993 43.7724 18.289 0.349159 0.76288 372.748 0 0
1500 83.1827 24.9734 18.6382 0.514951 0.433866 376.632 0 0
1500 105.871 -4.5541 17.9267 0.756657 -0.0820332 379.833 0 0
1500 108.312 -41.0978 17.9139 0.812409 -0.614946 377.986 0 0
1500 65.661 40.8922 17.9708 0.147176 0.702479 374.688 0 0
1500 94.0984 54.0925 17.9551 0.563018 0.87372 377.009 0 0
1500 118.716 4.03881 17.8448 0.998106 -0.00984609 372 0 0
1500 49.8341 37.8382 18.1619 -0.11949 0.756434 366.121 0 0
1500 79.3081 -30.4906 18.3319 0.433253 -0.51784 376.106 0 0
1500 96.5439 -41.4522 18.0519 0.675633 -0.653253 376.665 0 0
1500 74.4143 -62.8143 17.9053 0.317875 -1.08355 371.674 0 0
1500 106.359 -43.102 17.9718 0.742866 -0.713403 377.567 0 0
1500 86.7509 -41.8038 17.9813 0.462677 -0.710598 376.006 0 0
1500 20.8325 25.8537 17.8463 -0.640112 0.431315 375.168 0 0
1500 89.6514 -44.9224 17.9244 0.496336 -0.701993 380.465 0 0
1500 94.4836 -48.6771 17.9174 0.595346 -0.795838 376.901 0 0
1500 79.4889 46.9061 17.9058 0.317831 0.789048 375.904 0 0
1500 74.3623 10.6947 18.2463 0.2949 0.211655 383.37 0 0
1500 -2.66587 13.0919 17.9231 -1.04004 0.138437 370.457 0 0
1500 113.709 -19.7351 17.8788 0.941322 -0.374249 373.697 0 0
1500 86.9915 31.2377 18.1119 0.533885 0.52811 376.674 0 0
1500 30.0833 -52.8703 17.8162 -0.383505 -0.866039 377.005 0 0
1500 125.749 7.24369 17.9951 1.12946 0.181948 374.46 0 0
1500 92.2246 -14.7493 18.3251 0.6541 -0.20842 377.764 0 0
1500 85.742 -14.0779 18.0002 0.462659 -0.300027 374.803 0 0
1500 68.2289 45.5889 17.9634 0.213762 0.760768 376.797 0 0
1500 93.753 58.3287 17.8962 0.531255 0.940832 378.698 0 0
1500 110.692 -1.31305 17.9248 0.879495 -0.0568282 377.407 0 0
1500 82.4164 -54.8374 17.9202 0.445598 -0.861862 378.037 0 0
1500 58.0573 15.0462 18.518 -0.0142222 0.352565 366.076 0 0
1500 86.7563 -31.8469 18.138 0.505278 -0.580805 374.937 0 0
1500 89.7526 25.0473 18.0382 0.53695 0.363587 383.177 0 0
1500 98.5845 15.8208 18.0337 0.719428 0.255529 377.313 0 0
1500 114.694 -16.6811 18.0234 0.947016 -0.235108 378.545 0 0
1500 99.0654 37.826 18.0181 0.662992 0.648269 377.855 0 0
1500 138.612 -45.8225 17.9136 1.37924 -0.740948 374.235 0 0
1500 67.1534 -64.4038 17.9293 0.169803 -1.00266 381.004 0 0
1500 54.8495 -56.582 17.9594 -0.0341397 -1.0182 372.596 0 0
1500 68.1102 -4.88452 17.9298 0.219721 -0.0708953 384.074 0 0
1500 65.7733 24.341 17.827 0.125714 0.457759 376.321 0 0
1500 32.2444 10.3364 17.8284 -0.357592 0.214958 383.517 0 0
1500 6.99863 -38.8773 17.8769 -0.800194 -0.587413 381.405 0 0
1500 13.0346 -28.0323 17.883 -0.750117 -0.452913 377.968 0 0
1500 -1.97534 -10.3115 17.8774 -0.967207 -0.180706 378.758 0 0
1500 81.3266 -29.0482 18.1637 0.375909 -0.514675 378.116 0 0
1500 79.4144 9.77868 17.8422 0.332058 0.230955 376.477 0 0
1500 101.777 -17.4977 17.9627 0.75615 -0.293089 378.091 0 0
1500 102.662 0.919768 17.9669 0.710522 -0.0113476 383.548 0 0
1500 84.9584 59.4652 17.8927 0.415558 0.955886 380.101 0 0
1500 96.2082 -15.4133 18.0359 0.677813 -0.204324 378.488 0 0
1500 48.8754 10.9109 18.1668 -0.173538 0.158318 377.871 0 0
1500 49.2578 -55.5489 17.8786 -0.212027 -0.87327 376.687 0 0
1500 90.4578 5.35776 17.99 0.503297 0.157898 377.68 0 0
1500 112.593 16.3095 17.9532 0.891558 0.330812 376.748 0 0
1500 94.502 -31.7462 18.0258 0.594108 -0.488365 384.075 0 0
1500 88.2802 -33.4347 18.0279 0.505102 -0.510678 384.277 0 0
1500 71.8403 -1.26301 18.0396 0.302606 -0.0652399 377.628 0 0
1500 92.0216 -42.9378 18.019 0.59854 -0.691327 379.405 0 0
1500 12.0754 -41.8637 17.8758 -0.710275 -0.705964 379.231 0 0
1500 96.9287 -50.416 17.8948 0.648256 -0.797767 380.288 0 0
1500 82.6437 -9.29389 18.2138 0.429003 -0.239904 372.33 0 0
1500 47.0785 -45.1973 17.9589 -0.108149 -0.755028 378.631 0 0
1500 68.3156 -9.84603 17.9724 0.220173 -0.217614 377.611 0 0
1500 101.471 -45.8135 17.9477 0.682592 -0.720776 382.592 0 0
1500 121.955 -15.656 17.8342 1.01229 -0.249421 381.351 0 0
1500 105.903 -101.412 18.0049 0.859784 -1.67846 375.18 0 0
1500 76.7377 -44.6514 17.9984 0.259838 -0.787794 374.526 0 0
1500 138.762 0.534833 18.2662 1.49185 -0.0184758 372.087 0 0
1500 83.5666 0.000394625 18.7321 0.56018 -0.0595826 378.244 0 0
1500 41.0885 -4.85011 18.0912 -0.368644 -0.0568452 371.384 0 0
1500 87.5544 -7.51106 18.102 0.492249 -0.191769 378.824 0 0
1500 121.109 -38.7064 17.9147 1.01617 -0.697069 376.558 0 0
1500 59.6512 -85.9408 18.013 -0.0308622 -1.42913 375.687 0 0
1500 52.1373 64.9694 17.8779 -0.127694 1.02543 381.514 0 0
1500 122.262 12.6439 17.9726 1.02857 0.171968 382.964 0 0
1500 166.225 110.359 17.8373 1.67568 1.79676 378.681 0 0
1500 13.2324 22.3418 17.9047 -0.689956 0.346775 385.197 0 0
1500 113.096 -20.1873 18.0337 0.907279 -0.417329 374.567 0 0
1500 110.735 -30.0664 17.8547 0.832769 -0.420711 384.239 0 0
1500 37.469 36.3214 17.8425 -0.301047 0.583181 385.547 0 0
1500 112.938 -36.2346 17.9927 0.863398 -0.594466 383.417 0 0
1500 75.2354 6.33621 17.8257 0.305351 0.0686435 386.683 0 0
1500 105.822 31.8156 17.8045 0.79824 0.462938 380.924 0 0
1500 70.2673 15.3526 17.8258 0.235722 0.194931 386.692 0 0
1500 113.074 9.96491 18.1369 0.931189 0.211825 380.624 0 0
1500 104.55 -9.21831 18.267 0.824887 -0.161015 382.348 0 0
1500 112.98 -31.5804 17.8621 0.882864 -0.509361 382.861 0 0
1500 93.5648 2.46125 17.8822 0.564237 -0.00401472 386.509 0 0
1500 82.982 -25.7492 17.8818 0.415476 -0.401328 386.473 0 0
1500 120.977 23.2114 18.4376 1.15604 0.448589 376.196 0 0
1500 118.751 -21.4299 17.9504 1.01497 -0.39696 379.39 0 0
1500 54.3294 27.892 17.8635 -0.0250747 0.508612 379.769 0 0
1500 53.7475 54.8265 18.2073 -0.0797244 0.93668 378.502 0 0
1500 80.8467 7.72098 17.925 0.372478 0.162758 387.657 0 0
1500 65.5738 -14.2329 18.3977 0.174269 -0.289941 382.183 0 0
1500 117.325 -33.9446 18.2778 1.15382 -0.6847 371.176 0 0
1500 -3.49138 -0.123422 17.841 -0.985533 0.0438484 382.775 0 0
1500 43.259 27.0077 17.8598 -0.289018 0.466922 380.805 0 0
1500 108.518 8.42855 18.235 0.872069 0.201005 380.744 0 0
1500 118.001 -24.2825 17.9735 0.954422 -0.414862 384.269 0 0
1500 87.4424 -29.4442 18.3304 0.484967 -0.522729 381.694 0 0
1500 96.0889 43.411 17.8208 0.615282 0.613309 386.643 0 0
1500 91.8235 -8.61813 17.8331 0.544941 -0.129949 387.825 0 0
1500 88.2881 17.4615 17.936 0.545486 0.228005 381.654 0 0
1500 45.739 66.9396 17.8178 -0.120379 1.03631 384.181 0 0
1500 39.2038 -33.4419 17.9533 -0.242906 -0.588952 381.932 0 0
1500 49.1062 -33.9237 18.0356 -0.133523 -0.593875 382.876 0 0
1500 37.8782 -15.4621 18.0415 -0.276413 -0.280598 389.818 0 0
1500 69.6303 -22.6375 18.0411 0.164108 -0.38031 389.784 0 0
1500 91.5255 -57.5208 17.7989 0.574922 -0.84884 384.288 0 0
1500 77.7619 37.86 17.9133 0.356601 0.645318 383.118 0 0
1500 67.0577 -24.3466 18.2416 0.222446 -0.382036 390.877 0 0
1500 45.1012 -21.2882 18.0648 -0.246477 -0.326407 383.016 0 0
1500 33.3756 23.636 18.0608 -0.425455 0.364874 383.301 0 0
1500 59.5655 34.4933 17.977 -0.0362667 0.628618 378.432 0 0
1500 117.4 2.54933 17.964 0.958235 0.0801674 386.209 0 0
1500 105.728 5.13386 17.8554 0.727208 0.124597 389.464 0 0
1500 93.4205 -1.80428 17.8603 0.604564 0.0286791 383.414 0 0
1500 48.6963 63.3388 17.842 -0.0862797 1.00613 385.524 0 0
1500 105.796 -36.7786 18.3002 0.826445 -0.669087 381.482 0 0
1500 57.0949 15.9477 18.4913 -0.033767 0.282792 378.222 0 0
1500 80.6583 39.3694 17.9682 0.427078 0.644586 384.773 0 0
1500 97.5943 47.3291 17.9567 0.670375 0.748912 386.284 0 0
1500 64.7514 21.8419 17.9798 0.186605 0.382053 383.868 0 0
1500 105.314 15.7377 17.9027 0.804659 0.217236 384.91 0 0
1500 86.5639 -26.7108 17.9114 0.477116 -0.396893 390.557 0 0
1500 97.8649 2.34328 17.9086 0.696592 0.0127536 384.373 0 0
1500 87.994 69.6847 17.8762 0.465187 1.07092 388.926 0 0
1500 75.9415 63.3519 17.8082 0.2759 0.987993 388.569 0 0
1500 77.7121 6.51695 17.9159 0.35294 0.0894644 391.369 0 0
1500 109.153 42.0359 17.8891 0.840322 0.621075 387.222 0 0
1500 82.1164 1.34814 17.9137 0.461435 0.0193005 384.065 0 0
1500 97.7914 36.2595 17.8979 0.690369 0.550121 385.43 0 0
1500 104.112 -32.8467 18.4373 0.958189 -0.701541 371.555 0 0
1500 116.712 -22.2947 17.8928 0.95339 -0.294341 386.55 0 0
1500 62.9081 -5.61572 17.9437 0.0924275 -0.146287 391.922 0 0
1500 68.4749 47.1485 18.2896 0.197691 0.87765 379.342 0 0
1500 113.6 -39.4454 18.0886 1.00407 -0.618643 381.97 0 0
1500 61.8476 -32.9632 18.0886 0.101781 -0.524757 392.256 0 0
1500 68.0145 8.99221 18.4563 0.278003 0.196093 386.727 0 0
1500 84.4271 21.7025 18.1811 0.52162 0.348359 386.131 0 0
1500 93.0989 10.2441 17.8371 0.530148 0.235636 385.075 0 0
1500 49.7101 -43.6004 17.8663 -0.181447 -0.722434 386.048 0 0
1500 102.078 -41.7218 17.8832 0.746214 -0.635847 387.692 0 0
1500 46.1352 -14.886 18.2536 -0.193346 -0.264131 387.552 0 0
1500 31.6942 -16.8254 18.2495 -0.412282 -0.292526 387.83 0 0
1500 88.2204 -39.5054 17.88 0.422139 -0.666436 387.551 0 0
1500 67.4211 20.9709 17.8842 0.212396 0.375444 386.743 0 0
1500 101.92 10.6954 17.8728 0.739713 0.212443 387.624 0 0
1500 57.9422 -39.9333 17.8928 -0.045955 -0.673168 387.574 0 0
1500 74.7856 -62.9456 17.8765 0.207448 -0.996956 389.61 0 0
1500 51.2117 -38.2052 17.9596 -0.153964 -0.634269 387.644 0 0
1500 89.8281 36.939 18.1108 0.491191 0.62941 389.132 0 0
1500 103.152 18.7003 18.0824 0.790503 0.271451 389.253 0 0
1500 68.3785 -9.18907 18.0996 0.241914 -0.137031 395.55 0 0
1500 102.55 -42.9712 17.8832 0.651375 -0.724377 388.499 0 0
1500 50.6086 62.2799 17.8701 -0.0514095 0.989471 389.627 0 0
1500 101.29 -39.2887 17.895 0.775429 -0.60707 385.242 0 0
1500 61.3498 33.1226 17.9392 0.0238414 0.577499 388.103 0 0
1500 130.253 63.0887 17.8111 1.11799 0.942417 392.146 0 0
1500 102.834 53.143 18.1661 0.765058 0.947628 384.894 0 0
1500 73.4487 -37.7618 18.0828 0.244915 -0.596415 395.386 0 0
1500 136.978 20.0606 18.0871 1.3975 0.273098 383.276 0 0
1500 14.3304 43.5244 17.8132 -0.617484 0.698174 393.229 0 0
1500 121.619 20.0471 17.8709 0.980502 0.354807 392.412 0 0
1500 50.4713 59.2221 17.8755 -0.0650884 0.95744 390.421 0 0
1500 132.164 20.7384 17.881 1.26987 0.29843 386.078 0 0
1500 36.6663 54.7934 17.8995 -0.303423 0.855632 394.287 0 0
1500 28.2237 5.10773 17.9159 -0.460159 0.156588 388.84 0 0
1500 59.0975 56.2545 17.9012 0.017627 0.873879 394.5 0 0
1500 73.7893 18.2136 17.9377 0.184631 0.306025 396.483 0 0
1500 37.5806 62.6845 17.911 -0.340326 0.984577 392.202 0 0
1500 80.9033 50.0358 17.9199 0.309654 0.817881 390.488 0 0
1500 23.7494 -22.4928 18.0982 -0.542503 -0.395828 390.445 0 0
1500 45.2589 -0.686956 18.1095 -0.193791 -0.0571726 397.44 0 0
1500 88.9501 12.0926 17.9202 0.475505 0.264059 389.292 0 0
1500 163.764 -40.5245 17.9793 1.7244 -0.683737 389.516 0 0
1500 82.5729 8.51097 18.0171 0.442016 0.197665 390.375 0 0
1500 74.5948 28.9297 18.0135 0.317617 0.510797 390.631 0 0
1500 36.2469 -60.3376 17.8744 -0.291206 -0.972859 392.632 0 0
1500 101.361 -42.4671 17.8783 0.656865 -0.677573 395.364 0 0
1500 30.041 59.0438 17.8247 -0.467695 0.903175 394.486 0 0
1500 39.8938 -27.2157 17.8463 -0.34589 -0.379253 390.14 0 0
1500 35.8904 44.0289 17.8347 -0.402195 0.719616 391.106 0 0
1500 96.6829 38.1248 18.0828 0.657135 0.634048 392.572 0 0
1500 45.0704 -49.3846 17.8125 -0.236822 -0.824532 391.322 0 0
1500 90.041 -43.4679 17.815 0.42103 -0.683074 396.174 0 0
1500 -1.96283 -10.5914 17.809 -0.900546 -0.21634 395.455 0 0
1500 47.2672 -51.1919 17.8116 -0.202871 -0.851034 391.413 0 0
1500 48.0701 34.7719 17.949 -0.201101 0.581627 390.997 0 0
1500 84.7015 -26.6505 18.0634 0.402946 -0.444761 397.704 0 0
1500 80.9955 -37.2502 18.0583 0.376259 -0.636676 392.902 0 0
1500 71.7108 14.6806 17.8954 0.296714 0.214963 390.688 0 0
1500 69.7257 -40.6922 17.8857 0.262867 -0.641435 391.393 0 0
1500 78.5189 8.98183 17.8942 0.402372 0.12594 390.768 0 0
1500 15.099 -0.855713 17.8826 -0.699227 0.0505049 391.46 0 0
1500 34.7873 -62.4334 17.994 -0.40077 -1.00356 391.617 0 0
1500 100.468 -43.5354 17.9118 0.687286 -0.717455 393.494 0 0
1500 58.383 -32.0536 17.9304 0.0575648 -0.562128 391.484 0 0
1500 30.4558 18.3908 18.0253 -0.526271 0.392001 384.777 0 0
1500 50.6803 35.696 18.3746 -0.12279 0.64499 387.762 0 0
1500 48.0215 20.8309 17.9567 -0.140835 0.400774 391.719 0 0
1500 121.944 -36.553 17.9712 1.1157 -0.582731 389.917 0 0
1500 102.694 -43.7425 17.9179 0.768453 -0.707167 392.615 0 0
1500 81.806 -47.6702 18.0832 0.44871 -0.766625 394.536 0 0
1500 100.597 -28.4172 18.0839 0.732351 -0.477485 394.456 0 0
1500 78.9132 54.6361 18.1661 0.444554 0.993084 386.304 0 0
1500 80.7849 -62.0517 17.9563 0.352345 -0.986707 396.153 0 0
1500 92.2693 -48.4662 17.961 0.532432 -0.803522 394.738 0 0
1500 36.8533 -22.5253 17.9792 -0.308783 -0.42522 392.93 0 0
1500 74.5533 34.8555 17.9841 0.359091 0.619645 387.43 0 0
1500 72.078 -39.7666 18.1264 0.29014 -0.669605 394.358 0 0
1500 58.732 -17.7606 18.4284 0.0328378 -0.318753 394.703 0 0
1500 119.833 -21.2269 17.9966 0.984967 -0.351268 397.17 0 0
1500 96.9807 24.5616 18.0203 0.69775 0.437887 392.291 0 0
1500 50.7113 -52.5555 17.8176 -0.0563965 -0.860402 393.891 0 0
1500 53.1701 35.1274 17.8484 -0.126742 0.532474 400.438 0 0
1500 73.4914 59.817 18.0949 0.34425 1.04679 389.411 0 0
1500 96.4756 -43.6815 18.0006 0.661041 -0.698786 396.303 0 0
1500 82.0986 -92.4598 17.9577 0.47854 -1.54874 390.701 0 0
1500 1.12682 51.6295 17.8043 -0.907995 0.817325 397.15 0 0
1500 6.97294 -2.94698 18.0047 -0.842924 -0.053733 394.946 0 0
1500 56.474 -30.4281 18.2027 0.0195315 -0.539743 395.879 0 0
1500 83.4026 -29.5356 17.9477 0.381013 -0.527809 396.108 0 0
1500 87.8592 3.99014 18.1549 0.55685 0.135001 393.017 0 0
1500 65.9123 -24.6877 18.0279 0.20583 -0.427433 396.622 0 0
1500 144.257 -55.204 17.8307 1.3384 -0.809432 399.735 0 0
1500 57.168 54.1406 17.8826 0.0258621 0.821328 402.813 0 0
1500 138.061 0.46461 18.0415 1.37968 0.0448428 393.766 0 0
1500 106.843 -48.1728 17.9366 0.880603 -0.812963 393.056 0 0
1500 114.683 25.3525 17.8595 0.871486 0.456407 398.456 0 0
1500 81.0015 60.3553 17.8579 0.351125 0.9497 400.852 0 0
1500 81.8376 2.27046 17.8692 0.368466 0.0937282 403.877 0 0
1500 33.9794 50.7059 17.8505 -0.327903 0.839745 398.074 0 0
1500 45.6943 63.3524 17.8438 -0.146857 1.01432 399.242 0 0
1500 27.9062 40.4079 17.855 -0.423549 0.688 397.587 0 0
1500 106.156 -53.6077 18.031 0.874905 -0.875936 395.072 0 0
1500 41.6267 26.2106 18.1421 -0.245248 0.469008 398.63 0 0
1500 92.474 -60.6923 17.7921 0.575634 -0.869849 401.24 0 0
1500 75.0151 64.9373 17.7918 0.314086 0.999499 401.501 0 0
1500 54.6854 49.7403 17.8083 -0.0290894 0.836184 399.638 0 0
1500 78.4326 31.9787 17.8177 0.30861 0.518259 405.32 0 0
1500 52.7949 64.7226 17.7976 -0.0565376 1.03724 401.459 0 0
1500 43.1366 50.0572 17.807 -0.205971 0.839251 399.778 0 0
1500 78.2664 21.7722 18.2138 0.364966 0.356058 407.142 0 0
1500 107.359 7.65425 17.8871 0.80025 0.183565 400.031 0 0
1500 72.6227 2.94995 17.8521 0.308555 0.0605576 397.633 0 0
1500 120.307 35.3933 17.9209 1.07533 0.554691 397.943 0 0
1500 57.4778 -37.4452 18.1152 0.054382 -0.643165 400.748 0 0
1500 93.0311 2.79772 18.1799 0.712423 0.0797565 391.774 0 0
1500 68.4121 -32.3746 17.9323 0.131141 -0.518614 407.021 0 0
1500 62.0567 -19.0543 18.0596 0.0680253 -0.367795 400.593 0 0
1500 11.4975 21.9342 17.8545 -0.681669 0.359644 408.447 0 0
1500 67.3086 49.3318 17.847 0.215378 0.796041 401.023 0 0
1500 87.6956 -17.6878 18.1187 0.561147 -0.239918 401.967 0 0
1500 25.2643 43.763 17.886 -0.46411 0.737593 402.189 0 0
1500 98.3575 19.5641 17.8938 0.602032 0.34233 407.317 0 0
1500 64.982 7.59161 17.9056 0.144298 0.191423 400.579 0 0
1500 112.964 27.0229 17.864 0.894472 0.446469 403.444 0 0
1500 111.52 9.46518 17.8356 0.781004 0.189027 408.903 0 0
1500 89.7984 51.5061 17.901 0.545166 0.849158 402.514 0 0
1500 11.5852 -3.03637 17.9199 -0.810372 -0.0804614 399.971 0 0
1500 56.9882 49.5434 17.9391 -0.0309893 0.764691 408.202 0 0
1500 51.4612 26.8346 17.9485 -0.119559 0.486073 402.029 0 0
1500 58.7861 -41.5587 18.1199 -0.0585464 -0.746317 395.473 0 0
1500 36.0802 -31.7458 17.8274 -0.352489 -0.568621 402.954 0 0
1500 21.3154 -61.0446 17.9868 -0.591502 -1.03492 402.154 0 0
1500 88.3852 -0.0194312 18.0483 0.545424 0.0575745 403.914 0 0
1500 70.8383 -5.66715 18.0549 0.247938 -0.0263106 411.187 0 0
1500 64.8392 31.7936 18.0491 0.165983 0.494662 410.752 0 0
1500 86.5484 -26.35 18.1899 0.540546 -0.569078 393.722 0 0
1500 65.1738 48.1218 17.9025 0.138326 0.746131 409.735 0 0
1500 79.9463 22.7439 17.9112 0.343831 0.382701 410.489 0 0
1500 65.4311 44.3726 17.939 0.0559442 0.709183 404.421 0 0
1500 27.3596 -42.2441 17.8989 -0.521254 -0.779288 400.657 0 0
1500 161.588 32.4925 17.8126 1.56074 0.565918 406.396 0 0
1500 22.422 -55.9497 17.8663 -0.545844 -0.887964 408.431 0 0
1500 99.5582 54.5349 17.8093 0.680283 0.8265 408.461 0 0
1500 97.7176 41.3221 18.1348 0.691369 0.77968 400.044 0 0
1500 98.5233 50.3371 17.987 0.643589 0.814347 408.57 0 0
1500 53.3323 46.7713 17.9998 -0.0252358 0.785159 406.543 0 0
1500 21.9818 47.5156 17.804 -0.539942 0.795966 407.394 0 0
1500 73.6 -16.3883 18.0281 0.271901 -0.335537 406.192 0 0
1500 144.903 22.992 17.8271 1.36196 0.329515 409.961 0 0
1500 44.1049 -83.5448 17.8091 -0.230148 -1.33198 408.89 0 0
1500 77.2475 59.5716 18.0279 0.301288 0.959478 409.831 0 0
1500 80.6067 -0.138488 17.9519 0.353733 0.0635917 414.426 0 0
1500 72.019 63.192 17.8243 0.277608 0.995777 409.455 0 0
1500 39.2825 62.2266 17.8214 -0.314003 0.969127 412.866 0 0
1500 112.764 -23.2546 18.1898 0.968806 -0.441561 406.41 0 0
1500 107.976 -7.25831 17.8386 0.835424 -0.143351 410.583 0 0
1500 122.761 0.327665 17.8302 1.00974 -0.0258455 413.953 0 0
1500 24.9906 53.6992 17.8494 -0.477212 0.880856 411.905 0 0
1500 42.2853 59.3014 17.85 -0.217577 0.966874 411.782 0 0
1500 66.5838 64.9666 17.8469 0.146157 1.03602 412.82 0 0
1500 84.008 -21.4458 17.8502 0.434633 -0.318381 417.304 0 0
1500 62.4554 30.2903 17.9599 0.0822533 0.589718 406.048 0 0
1500 16.9312 -32.6188 17.8139 -0.645123 -0.574942 412.328 0 0
1500 115.662 19.7346 17.9569 0.980587 0.287923 411.88 0 0
1500 -1.44792 -28.817 17.8529 -0.898331 -0.483759 415.861 0 0
1500 121.846 -5.4632 18.0506 1.14657 -0.127485 408.068 0 0
1500 91.9262 59.8577 17.7969 0.573859 0.874789 415.124 0 0
1500 98.7398 -40.8436 17.8002 0.572473 -0.657288 417.758 0 0
1500 119.587 7.68255 17.8635 0.949813 0.0678251 417.565 0 0
1500 63.3195 -67.3804 17.8581 0.142361 -1.03854 415.916 0 0
1500 58.7276 -39.7977 17.8114 -0.0038842 -0.632854 419.876 0 0
1500 101.375 -51.0989 17.792 0.630682 -0.834193 416.359 0 0
1500 49.0323 -63.9791 17.7923 -0.148885 -1.0293 416.137 0 0
1500 5.29728 2.15564 17.8434 -0.892059 0.00143649 414.756 0 0
1500 80.1231 -30.2187 17.8402 0.379931 -0.441775 421.638 0 0
1500 112.087 21.9254 17.8245 0.894196 0.31569 416.58 0 0
1500 93.7654 29.2506 17.9691 0.648817 0.482732 415.763 0 0
1500 87.7272 36.2845 17.845 0.469675 0.567702 423.306 0 0
1500 119.1 18.2866 17.831 0.966525 0.330057 419.53 0 0
1500 -16.0518 -86.013 17.8956 -1.18306 -1.40983 418.211 0 0
1500 70.5872 128.068 17.8009 0.162289 1.92487 425.241 0 0
1500 115.437 49.7985 17.959 0.980954 0.870801 418.247 0 0
