Total number of secondary electrons: 994
1500 108.316 -13.9479 20.0811 1.23019 -0.29189 256.026 0 0
1500 87.5441 18.63 19.1285 0.602513 0.33935 269.625 0 0
1500 82.7029 4.51656 19.3974 0.617494 0.0980092 273.486 0 0
1500 136.458 25.3292 18.5154 1.60303 0.553929 276.935 0 0
1500 73.9062 -19.9475 18.793 0.38065 -0.370076 280.148 0 0
1500 67.9401 8.58063 19.0759 0.268549 0.18618 280.982 0 0
1500 110.787 -27.6052 18.3603 1.02546 -0.483531 281.41 0 0
1500 86.9866 -12.5767 19.0768 0.653437 -0.184885 287.083 0 0
1500 53.6032 6.48041 19.3225 -0.0590663 0.0640513 287.781 0 0
1500 113.917 20.5934 18.9023 1.10098 0.412672 287.975 0 0
1500 90.6561 -23.2911 18.9367 0.643682 -0.404851 288.208 0 0
1500 89.6844 -9.01926 18.8542 0.593518 -0.205072 290.165 0 0
1500 78.0586 -0.93097 19.5013 0.520792 -0.0229071 290.307 0 0
1500 93.7106 -1.92205 18.9818 0.729761 -0.0644808 290.748 0 0
1500 77.312 -1.28121 18.7971 0.484756 -0.0472643 291.3 0 0
1500 109.712 1.65632 19.3709 1.24339 0.0421528 291.372 0 0
1500 64.0446 35.3135 18.6021 0.129397 0.619038 292.222 0 0
1500 80.3545 -15.0265 17.9946 0.411518 -0.294093 293.534 0 0
1500 89.7717 18.4372 18.1929 0.551919 0.263757 293.676 0 0
1500 93.1681 -20.1711 17.9878 0.604489 -0.370529 294.062 0 0
1500 106.971 6.46697 17.9834 0.81101 0.0373285 294.459 0 0
1500 110.452 7.01795 17.9811 0.860817 0.0455492 294.702 0 0
1500 84.0495 -13.2097 18.8516 0.541252 -0.262477 294.848 0 0
1500 71.764 -34.6298 17.9795 0.307603 -0.564501 295.595 0 0
1500 113.346 -27.8126 17.9735 0.889312 -0.474629 295.845 0 0
1500 84.4669 9.41508 19.186 0.614003 0.179534 296.023 0 0
1500 72.2772 -7.87026 18.1395 0.28372 -0.193905 296.59 0 0
1500 77.1358 5.47747 18.7973 0.409052 0.127612 296.653 0 0
1500 84.9829 -9.40086 18.1352 0.47695 -0.216459 296.886 0 0
1500 62.2736 -49.3376 17.8897 0.145478 -0.821419 296.986 0 0
1500 53.5253 -53.2005 17.953 -0.0910463 -0.910317 297.587 0 0
1500 63.6808 -48.1334 18.1246 0.148802 -0.798545 297.776 0 0
1500 82.3972 8.76064 18.8814 0.563733 0.101453 297.829 0 0
1500 13.1863 13.3804 17.944 -0.734427 0.247722 297.933 0 0
1500 76.208 3.3171 19.3386 0.476236 0.0195035 298.19 0 0
1500 90.1586 -6.05623 18.6948 0.660942 -0.100414 298.289 0 0
1500 85.2589 -47.5736 18.1197 0.470804 -0.783596 298.325 0 0
1500 98.7344 15.8343 18.4422 0.747466 0.296947 298.501 0 0
1500 97.0442 -14.3463 18.8729 0.769845 -0.234471 298.579 0 0
1500 106.404 -32.5681 18.1173 0.783487 -0.555946 298.67 0 0
1500 30.4646 53.0823 17.935 -0.46265 0.841634 298.982 0 0
1500 66.451 -15.1388 17.9705 0.144532 -0.312723 299.202 0 0
1500 103.436 -21.657 17.9844 0.702339 -0.362597 299.588 0 0
1500 79.247 -43.7795 17.9855 0.360108 -0.673966 299.702 0 0
1500 46.3138 20.4538 18.7178 -0.186223 0.344436 299.925 0 0
1500 46.952 -24.9495 18.1767 -0.187647 -0.424428 300.061 0 0
1500 80.4398 -28.0019 18.1777 0.430938 -0.487141 300.255 0 0
1500 41.0636 -22.0955 17.9816 -0.294051 -0.400024 300.632 0 0
1500 83.4465 -21.0089 18.662 0.475474 -0.39542 301.613 0 0
1500 102.472 15.2953 18.5963 0.824773 0.237703 302.09 0 0
1500 102.35 16.423 18.106 0.778117 0.222434 302.27 0 0
1500 74.3145 -6.67597 18.8271 0.379334 -0.122976 303.058 0 0
1500 78.8549 -26.1653 18.9707 0.456298 -0.545125 303.133 0 0
1500 73.7696 -47.8292 18.5831 0.331291 -0.859744 303.208 0 0
1500 100.183 -39.9013 18.0153 0.727998 -0.623282 303.287 0 0
1500 58.8368 -5.25617 18.7158 0.0695896 -0.123428 303.596 0 0
1500 68.2005 -30.4068 18.1351 0.199054 -0.486768 303.767 0 0
1500 84.2257 8.98994 18.6085 0.528174 0.199225 303.616 0 0
1500 99.9981 5.41199 18.3326 0.763804 0.110269 303.801 0 0
1500 57.8885 17.5877 18.0726 -0.0624338 0.276277 303.842 0 0
1500 79.7952 8.46863 18.8838 0.477615 0.0883007 304.69 0 0
1500 68.6113 41.9227 18.5998 0.21677 0.748534 304.615 0 0
1500 84.4279 3.51553 18.6591 0.528808 -0.0105987 305.53 0 0
1500 86.814 -6.97823 18.4922 0.569177 -0.0491761 305.672 0 0
1500 66.825 40.2017 18.2737 0.146643 0.748112 305.635 0 0
1500 91.5912 -25.592 18.0434 0.564084 -0.462739 305.76 0 0
1500 65.9293 39.0513 17.846 0.191046 0.641893 305.818 0 0
1500 60.5161 31.1904 18.3398 0.0138871 0.57755 305.818 0 0
1500 95.9079 0.541639 18.4876 0.701449 0.0630741 306.043 0 0
1500 39.1651 -2.3084 18.1415 -0.295338 0.0267284 306.019 0 0
1500 90.0509 13.6123 18.969 0.657829 0.254972 306.322 0 0
1500 112.01 0.679258 18.2617 1.02721 -0.0126789 306.42 0 0
1500 83.1874 44.91 17.8381 0.45308 0.72444 306.543 0 0
1500 81.3511 -50.1394 18.0347 0.40233 -0.825753 306.666 0 0
1500 70.4505 -24.9002 18.5942 0.224685 -0.503194 307.35 0 0
1500 99.9608 35.4048 17.8647 0.670244 0.52943 308.059 0 0
1500 78.2169 13.6335 19.0971 0.48611 0.26459 308.777 0 0
1500 108.366 10.8937 18.246 0.901603 0.134173 309.4 0 0
1500 87.3021 -37.813 18.2248 0.488114 -0.642047 309.586 0 0
1500 43.1789 -42.0185 18.0165 -0.231833 -0.711462 309.503 0 0
1500 89.5888 4.20697 18.3394 0.568832 0.151935 309.934 0 0
1500 77.1368 0.720486 18.3448 0.384656 0.0365424 310.232 0 0
1500 70.7393 42.4947 18.0318 0.216224 0.66444 310.174 0 0
1500 87.1407 51.6763 18.7006 0.62463 0.977679 310.678 0 0
1500 109.009 -17.8277 17.8397 0.790441 -0.21974 311.326 0 0
1500 78.1703 154.126 17.7919 0.251955 2.34521 311.425 0 0
1500 80.0833 -8.94108 18.3672 0.473328 -0.166143 311.423 0 0
1500 61.4452 -31.4813 18.4343 0.0804293 -0.528878 311.584 0 0
1500 66.3265 -31.6856 18.0503 0.163041 -0.506941 312.064 0 0
1500 76.9231 2.81999 18.6647 0.428088 0.127662 312.169 0 0
1500 82.4233 48.5114 18.5633 0.466023 1.044 311.733 0 0
1500 72.6503 11.2541 19.2162 0.367259 0.224159 312.484 0 0
1500 74.6525 -31.0471 18.0173 0.208271 -0.506308 312.587 0 0
1500 72.3032 14.4551 17.8551 0.261984 0.236205 312.653 0 0
1500 79.6692 4.2236 18.576 0.465986 -0.00156766 312.717 0 0
1500 85.736 -0.366491 18.1824 0.541016 0.0197119 312.686 0 0
1500 86.7251 24.1663 18.116 0.550981 0.360962 312.931 0 0
1500 27.2678 -17.7671 18.0156 -0.520533 -0.301177 312.714 0 0
1500 68.0418 28.7462 18.5959 0.188673 0.575549 312.713 0 0
1500 62.8843 13.5945 18.4637 0.147199 0.280167 314.164 0 0
1500 62.5912 40.757 18.1661 0.0973534 0.692356 314.125 0 0
1500 83.625 28.1626 18.9286 0.551329 0.527496 313.925 0 0
1500 98.1019 -24.0516 18.2502 0.789913 -0.405081 314.254 0 0
1500 97.3234 -20.8931 18.6088 0.7214 -0.36823 314.353 0 0
1500 90.9467 3.69742 18.3773 0.64074 0.0711076 315.065 0 0
1500 64.4177 10.7524 18.4621 0.077051 0.158844 315.051 0 0
1500 79.2086 -26.7954 18.1823 0.402347 -0.475736 315.278 0 0
1500 68.0713 56.9911 17.8369 0.161627 0.938285 315.382 0 0
1500 82.9958 -27.973 18.1805 0.458953 -0.492576 315.421 0 0
1500 18.9359 -20.0351 17.8807 -0.643084 -0.36867 315.764 0 0
1500 48.4267 37.3423 18.1678 -0.2171 0.616807 315.399 0 0
1500 60.528 17.9277 19.126 0.112686 0.324018 315.673 0 0
1500 36.222 -12.2713 18.2551 -0.423488 -0.31611 315.346 0 0
1500 106.426 44.235 17.9495 0.789527 0.689587 316.025 0 0
1500 98.8855 -8.90862 18.4443 0.722339 -0.199695 316.146 0 0
1500 88.7252 5.38855 18.5849 0.618185 0.0388773 316.367 0 0
1500 86.0253 57.9123 17.8325 0.426891 0.937724 316.404 0 0
1500 83.521 -42.4506 17.8785 0.349647 -0.71139 315.966 0 0
1500 91.845 13.6854 17.8131 0.562078 0.145992 315.977 0 0
1500 58.0223 -41.7019 17.8083 0.0353018 -0.712124 316.354 0 0
1500 71.6456 -36.8501 17.8541 0.235645 -0.550886 316.901 0 0
1500 99.7916 -13.1616 18.4199 0.715552 -0.269048 316.979 0 0
1500 102.616 -3.63602 18.1551 0.74889 -0.123977 316.753 0 0
1500 1.36899 -18.6431 17.8703 -0.897201 -0.341092 316.938 0 0
1500 69.811 -9.31016 18.3622 0.196716 -0.189473 318.797 0 0
1500 78.9929 13.8669 18.1749 0.397614 0.179993 318.899 0 0
1500 102.585 2.13885 18.1758 0.728832 0.0529109 318.914 0 0
1500 83.2346 -57.3407 17.889 0.40012 -0.89483 317.789 0 0
1500 85.1643 1.13413 18.8772 0.602387 -0.0124419 317.605 0 0
1500 89.8978 3.35838 18.8749 0.669831 0.0200578 317.793 0 0
1500 19.9835 46.2338 17.839 -0.538023 0.736353 318.883 0 0
1500 123.108 20.4459 17.832 0.970073 0.375245 317.08 0 0
1500 97.151 43.6409 17.8395 0.571104 0.698384 318.951 0 0
1500 111.432 27.6549 17.8392 0.776659 0.468962 318.916 0 0
1500 80.3628 -63.7684 17.8655 0.291165 -1.00382 318.212 0 0
1500 17.6885 -50.1339 17.8663 -0.642156 -0.806546 317.801 0 0
1500 31.1012 -54.6871 17.7962 -0.373545 -0.894364 317.708 0 0
1500 55.0414 -3.69558 18.264 -0.0501326 -0.102806 317.972 0 0
1500 105.226 14.3471 17.8764 0.805547 0.204843 318.171 0 0
1500 41.1917 17.7232 17.8905 -0.316412 0.324661 318.222 0 0
1500 129.605 -5.71293 17.901 1.20595 -0.0416684 318.681 0 0
1500 135.541 39.193 17.9623 1.34908 0.678475 317.322 0 0
1500 100.997 -26.7671 18.0267 0.736511 -0.550256 318.326 0 0
1500 83.9885 -7.72754 18.5257 0.59921 -0.166821 317.654 0 0
1500 2.78787 -42.7466 17.7918 -0.782491 -0.695322 319.418 0 0
1500 64.3514 -66.0071 17.7919 0.127177 -1.03862 319.445 0 0
1500 75.4825 1.74847 18.355 0.403845 -0.00294095 318.967 0 0
1500 81.7981 54.807 17.8409 0.453771 0.868969 319.257 0 0
1500 62.8621 9.49985 18.4894 0.158056 0.194407 319.752 0 0
1500 99.4278 10.2089 18.4066 0.760711 0.183388 319.536 0 0
1500 92.6194 -5.86228 18.549 0.681666 -0.0714243 319.76 0 0
1500 92.9096 -35.9025 18.3403 0.610874 -0.604014 319.977 0 0
1500 72.1835 10.0523 18.4819 0.313244 0.225467 319.509 0 0
1500 26.1894 46.3174 17.8724 -0.536317 0.750678 319.851 0 0
1500 59.7094 39.4185 18.0993 0.078494 0.679307 319.835 0 0
1500 58.922 2.14204 17.9366 -0.0515435 0.0229299 319.89 0 0
1500 64.392 52.1125 17.9125 0.15662 0.90438 319.496 0 0
1500 95.2203 25.2061 18.9292 0.781996 0.481951 319.839 0 0
1500 106.198 -6.08854 18.1507 0.829222 -0.180654 319.922 0 0
1500 33.8378 3.14302 18.1648 -0.461302 0.100244 319.814 0 0
1500 114.618 -3.8861 18.138 1.08726 -0.0191918 319.559 0 0
1500 90.3074 9.67456 18.8228 0.613295 0.15902 320.085 0 0
1500 105.044 18.8064 18.0669 0.785524 0.26058 320.085 0 0
1500 44.5851 -63.5232 17.7945 -0.162519 -0.988131 320.391 0 0
1500 100.015 -33.4072 18.1477 0.726714 -0.549478 320.344 0 0
1500 79.974 -77.8682 17.9515 0.369889 -1.2501 320.068 0 0
1500 69.0818 -27.4843 18.3214 0.25472 -0.488119 320.559 0 0
1500 65.5917 35.9673 18.2086 0.158855 0.62145 320.46 0 0
1500 94.0466 -5.16717 18.1643 0.661324 -0.0483005 321.21 0 0
1500 138.759 -44.0842 17.9173 1.29467 -0.727163 321.107 0 0
1500 24.9118 -10.0338 17.9266 -0.576571 -0.165463 320.562 0 0
1500 128.077 11.2802 18.4259 1.26068 0.214172 320.129 0 0
1500 98.8972 40.4387 17.9218 0.748403 0.683145 320.068 0 0
1500 100.809 -2.58713 18.0694 0.761235 -0.126633 320.214 0 0
1500 80.909 -51.8729 17.8138 0.363218 -0.839406 321.286 0 0
1500 79.1123 -29.8408 18.2133 0.375419 -0.528254 321.218 0 0
1500 42.4586 -45.5099 17.8805 -0.258824 -0.700323 321.364 0 0
1500 116.678 6.62835 17.8011 0.87446 0.0332975 321.429 0 0
1500 21.6411 46.6542 17.9126 -0.61421 0.695922 321.921 0 0
1500 42.0312 49.3622 17.872 -0.229975 0.772859 322.169 0 0
1500 102.595 -10.6285 18.6383 0.810899 -0.207888 321.967 0 0
1500 35.7258 -62.3809 17.8566 -0.307411 -0.98314 322.137 0 0
1500 63.8964 -24.4285 17.8916 0.0443023 -0.396453 322.292 0 0
1500 132.304 -79.2583 17.8098 1.14509 -1.15892 322.56 0 0
1500 71.5733 30.8261 18.0779 0.310946 0.500901 322.295 0 0
1500 24.0875 6.39911 17.9983 -0.57031 0.0641473 322.516 0 0
1500 72.2378 13.9063 18.122 0.330753 0.232615 322.685 0 0
1500 35.4062 -27.3809 18.0526 -0.315684 -0.491338 322.86 0 0
1500 52.9504 -2.08118 18.1405 -0.0771694 -0.0987772 322.809 0 0
1500 94.7788 36.8822 18.3376 0.689118 0.687626 322.835 0 0
1500 91.5152 34.2503 18.069 0.609332 0.546913 323.066 0 0
1500 53.8671 -50.9918 17.9409 -0.000770891 -0.836262 323.059 0 0
1500 111.254 48.2373 18.2739 0.958165 0.845591 322.935 0 0
1500 55.621 -27.3707 18.1236 0.0254444 -0.442176 323.496 0 0
1500 91.8793 -36.2486 18.0437 0.532062 -0.615254 324 0 0
1500 71.5674 18.0588 18.5696 0.28378 0.343245 324.155 0 0
1500 87.3284 -51.8857 17.9338 0.501986 -0.838034 323.987 0 0
1500 109.547 -19.3977 17.9372 0.842125 -0.352554 323.488 0 0
1500 75.1783 3.45839 18.4644 0.388754 -0.00732421 324.237 0 0
1500 62.9574 -1.34661 18.2859 0.0693723 0.018661 323.48 0 0
1500 88.0489 -21.6515 18.0275 0.487154 -0.408792 323.433 0 0
1500 99.614 -18.8106 17.982 0.730498 -0.278987 324.074 0 0
1500 90.5427 19.924 18.8883 0.697879 0.351971 324.141 0 0
1500 74.0933 -8.67304 17.8644 0.211967 -0.207199 324.053 0 0
1500 107.361 -20.046 18.066 0.786478 -0.319419 325.374 0 0
1500 78.8249 -62.2577 17.93 0.368139 -0.977711 325.087 0 0
1500 93.2041 -4.87829 17.9353 0.584105 -0.137538 324.421 0 0
1500 61.936 -67.9963 17.8215 0.126946 -1.03831 325.375 0 0
1500 62.1564 20.9365 18.2015 0.136501 0.39267 324.423 0 0
1500 54.5666 -1.80827 18.1528 -0.0804613 0.00353244 324.68 0 0
1500 68.6688 -24.4219 18.1905 0.156837 -0.428521 324.679 0 0
1500 92.6085 -0.363468 18.4569 0.649369 -0.0875009 324.765 0 0
1500 87.8139 -65.4034 18.2421 0.608254 -1.16941 324.915 0 0
1500 108.655 -42.4433 17.8214 0.817643 -0.656004 325.651 0 0
1500 81.1393 15.1875 18.5552 0.412981 0.296188 325.516 0 0
1500 68.3815 38.0931 17.889 0.172879 0.664506 325.709 0 0
1500 82.3724 -29.6548 18.3882 0.42465 -0.545377 325.441 0 0
1500 48.5094 -52.0794 17.8386 -0.150606 -0.815928 325.875 0 0
1500 88.0146 -58.7724 17.9301 0.498773 -0.916654 325.792 0 0
1500 62.7447 -20.3404 18.8091 0.176012 -0.370861 325.988 0 0
1500 86.2843 -6.50129 19.0042 0.57797 -0.166016 326.146 0 0
1500 39.8871 28.0764 18.0328 -0.329996 0.43591 326.211 0 0
1500 49.3144 -31.1248 18.0338 -0.18514 -0.475676 326.135 0 0
1500 80.2581 24.0967 18.2064 0.348034 0.401469 326.986 0 0
1500 86.1056 -18.7563 18.0771 0.479222 -0.296765 326.435 0 0
1500 63.4107 20.6853 18.1781 0.0933719 0.350124 327.563 0 0
1500 90.875 -37.6616 17.8418 0.453875 -0.60625 326.238 0 0
1500 216.687 50.5638 17.7929 2.37319 0.772899 326.354 0 0
1500 30.4162 60.1422 17.8435 -0.456093 0.929739 327.433 0 0
1500 69.1787 32.2919 18.4514 0.212274 0.555344 326.911 0 0
1500 124.717 -26.019 17.8368 1.00052 -0.467169 327.566 0 0
1500 37.1481 30.6286 18.031 -0.371394 0.474225 326.343 0 0
1500 88.7605 38.5457 17.8194 0.547089 0.580427 326.458 0 0
1500 47.4731 -33.3062 17.8753 -0.174649 -0.591648 326.309 0 0
1500 109.2 47.7965 17.8336 0.873738 0.728836 326.336 0 0
1500 40.21 -14.3892 18.1359 -0.310129 -0.208525 327.685 0 0
1500 29.6633 11.2284 17.9443 -0.492405 0.21178 327.739 0 0
1500 81.2829 87.5671 17.9227 0.4281 1.43663 326.709 0 0
1500 57.98 38.988 18.4539 0.0360388 0.696633 326.509 0 0
1500 98.1198 90.0502 17.9498 0.592665 1.52371 326.877 0 0
1500 87.7553 -71.5691 17.9652 0.572099 -1.18452 327.524 0 0
1500 106.702 6.20981 18.7367 0.946511 0.185211 327.541 0 0
1500 74.7319 0.403349 18.2533 0.346872 -0.00135899 328.636 0 0
1500 100.874 -26.0501 17.9431 0.664592 -0.423772 328.085 0 0
1500 64.2428 -16.8074 17.9423 0.139223 -0.298626 328.553 0 0
1500 2.08294 18.4031 17.8528 -0.858699 0.30551 328.257 0 0
1500 108.077 33.5753 17.9525 0.796463 0.515663 328.458 0 0
1500 106.697 30.1017 18.0602 0.7939 0.517532 328.145 0 0
1500 88.7163 -19.2492 18.337 0.542405 -0.36439 328.627 0 0
1500 109.3 -6.54407 17.9535 0.864709 -0.129205 328.257 0 0
1500 20.4152 3.83702 18.1293 -0.610037 0.071145 328.152 0 0
1500 24.0286 -22.0922 17.9404 -0.577033 -0.30249 328.027 0 0
1500 44.7358 -38.7763 17.9782 -0.238775 -0.649383 328.591 0 0
1500 56.014 -37.6237 17.9803 -0.0659128 -0.633292 328.428 0 0
1500 82.5038 4.69299 17.9498 0.455468 0.0255429 328.569 0 0
1500 47.7084 78.4455 17.8572 -0.10995 1.29252 328.378 0 0
1500 40.9356 22.1472 18.4613 -0.27806 0.434274 328.82 0 0
1500 67.6953 5.52648 18.4036 0.209489 0.14042 329.621 0 0
1500 67.6851 2.57298 18.3369 0.237947 0.0846222 328.918 0 0
1500 83.6181 -22.7787 18.1085 0.456884 -0.326982 329.151 0 0
1500 32.0472 -3.81949 18.0027 -0.40414 -0.0841887 329.513 0 0
1500 52.785 22.0182 17.8722 -0.127456 0.348272 330.085 0 0
1500 31.805 60.2304 17.8194 -0.411746 0.963532 328.96 0 0
1500 80.5793 41.3231 18.0576 0.359823 0.684404 330.098 0 0
1500 97.5022 -1.6552 18.1871 0.680719 0.0350614 330.229 0 0
1500 41.5411 -45.2208 17.9055 -0.206609 -0.760323 329.067 0 0
1500 67.4563 30.4912 18.2848 0.151015 0.517718 329.946 0 0
1500 86.9896 25.8389 17.9701 0.476724 0.472589 329.329 0 0
1500 80.6464 2.42662 18.0497 0.375192 0.114667 329.224 0 0
1500 55.1489 -7.43678 18.1949 -0.0460234 -0.173379 329.861 0 0
1500 70.0932 -12.5937 18.1406 0.19805 -0.265465 330.102 0 0
1500 87.128 11.3199 18.0499 0.433604 0.238388 330.322 0 0
1500 124.564 -17.5461 18.3691 1.21319 -0.278248 329.326 0 0
1500 63.507 -69.0739 17.9131 0.156755 -1.16302 330.03 0 0
1500 58.4828 14.8177 18.4775 -0.00781941 0.290075 329.754 0 0
1500 49.1648 5.6481 18.7627 -0.143231 0.105264 329.504 0 0
1500 69.8888 7.83723 18.0662 0.211555 0.0615671 330.626 0 0
1500 85.6403 1.74741 18.7279 0.567707 0.0872024 331.059 0 0
1500 32.1149 -60.1784 17.9618 -0.417945 -0.945037 330.846 0 0
1500 58.668 39.5627 18.1142 0.0838777 0.669476 330.682 0 0
1500 25.6644 -38.921 17.894 -0.520477 -0.662365 330.716 0 0
1500 109.766 -6.99231 17.9186 0.853598 -0.159668 331.137 0 0
1500 78.2404 -45.1265 17.9204 0.374944 -0.742085 330.949 0 0
1500 111.127 66.9027 17.8599 0.909944 1.0369 330.609 0 0
1500 55.9929 -20.0607 17.997 0.0374091 -0.371486 331.281 0 0
1500 80.8334 26.1554 18.0739 0.318265 0.447413 331.264 0 0
1500 92.1909 13.4598 18.1415 0.543311 0.283557 331.126 0 0
1500 130.586 -47.8572 17.9778 1.26847 -0.817691 330.739 0 0
1500 38.6875 78.3068 18.2353 -0.305549 1.43678 331.347 0 0
1500 9.84523 -62.9326 18.4631 -0.924891 -1.17254 331.006 0 0
1500 72.7481 -23.2269 18.4621 0.317621 -0.369567 331.438 0 0
1500 62.0217 3.41473 18.2055 0.120454 0.111647 332.012 0 0
1500 91.2282 9.85464 18.3865 0.561873 0.190659 332.284 0 0
1500 71.3243 13.9628 18.2603 0.245337 0.258704 333.095 0 0
1500 91.8502 35.6876 18.0572 0.515287 0.58846 331.554 0 0
1500 56.2885 51.8161 17.992 0.0037577 0.822658 331.486 0 0
1500 83.8792 57.2981 18.0255 0.408975 0.925538 331.78 0 0
1500 107.636 -10.0552 18.0706 0.803377 -0.224802 332.098 0 0
1500 33.0513 51.5816 17.8123 -0.329128 0.840967 331.641 0 0
1500 64.8136 -36.7101 18.1033 0.0952959 -0.623041 332.017 0 0
1500 76.7693 -27.3096 18.0787 0.314122 -0.494946 331.928 0 0
1500 79.7546 -14.3987 18.195 0.45115 -0.19306 332.386 0 0
1500 212.71 -99.8469 17.8121 2.4476 -1.49607 331.716 0 0
1500 32.7326 -32.0967 18.0176 -0.43426 -0.516845 332.715 0 0
1500 90.3809 2.96733 17.9433 0.591278 0.0460142 332.048 0 0
1500 78.1956 -22.1875 17.8872 0.396932 -0.343188 331.989 0 0
1500 81.4311 -23.2689 18.0411 0.444861 -0.406998 332.98 0 0
1500 76.458 -3.55838 18.047 0.370937 -0.105159 332.558 0 0
1500 52.1554 -18.7902 17.9497 -0.142324 -0.249467 332.129 0 0
1500 60.7643 -39.2727 17.8436 0.11615 -0.634194 332.554 0 0
1500 38.2719 -29.7379 17.8437 -0.367429 -0.508476 332.599 0 0
1500 85.7097 21.3685 18.4781 0.588615 0.3619 332.247 0 0
1500 90.4867 -42.3176 17.9986 0.577439 -0.750512 331.82 0 0
1500 61.3873 -48.4047 17.9196 0.122643 -0.834562 332.107 0 0
1500 129.456 -12.098 18.0845 1.2602 -0.152497 332.05 0 0
1500 126.898 21.6165 18.0842 1.20175 0.42353 332.791 0 0
1500 122.531 12.9297 17.7994 1.01146 0.16834 333.226 0 0
1500 61.4031 -54.9516 18.0656 0.0771734 -0.901458 333.166 0 0
1500 77.3089 9.02062 18.2848 0.306539 0.197438 333.188 0 0
1500 40.9844 -24.3854 18.1887 -0.285963 -0.396551 333.198 0 0
1500 60.489 46.9482 17.9322 -0.0248878 0.732824 333.208 0 0
1500 25.5773 -30.5791 17.9326 -0.561019 -0.457345 333.175 0 0
1500 70.3994 52.6961 18.1104 0.272959 0.92624 333.122 0 0
1500 68.5156 10.8865 18.9695 0.313562 0.19689 333.348 0 0
1500 63.651 4.55209 18.3149 0.151596 0.125062 334.733 0 0
1500 69.8487 -0.702517 18.4284 0.287633 0.0280331 334.462 0 0
1500 100.165 -7.729 18.0608 0.685201 -0.126096 334.113 0 0
1500 98.5715 -41.9282 17.8997 0.623496 -0.663427 333.637 0 0
1500 59.0899 -61.609 17.9228 0.0226809 -0.951745 333.829 0 0
1500 99.6233 -14.3187 17.9229 0.65996 -0.23414 334.966 0 0
1500 120.18 12.1911 17.9777 0.985827 0.197002 333.96 0 0
1500 -2.32796 -27.1731 17.8584 -0.941715 -0.370638 333.861 0 0
1500 124.533 -44.1626 17.9337 1.06322 -0.723236 333.885 0 0
1500 105.671 11.7718 18.0326 0.807804 0.129354 333.714 0 0
1500 78.0381 -61.3519 17.8263 0.371808 -0.945718 334.646 0 0
1500 108.846 13.359 18.1911 0.87887 0.176497 335.076 0 0
1500 41.5096 15.8226 17.9667 -0.276734 0.296091 335.251 0 0
1500 12.7604 -12.2352 17.8782 -0.7386 -0.128215 333.724 0 0
1500 57.9936 -16.7505 18.2566 0.0246415 -0.325009 334.372 0 0
1500 97.6573 -27.6394 17.8176 0.684142 -0.429579 333.843 0 0
1500 77.8884 47.0693 17.9979 0.389961 0.751556 334.735 0 0
1500 4.2148 14.7185 17.8487 -0.884786 0.254489 334.74 0 0
1500 52.4307 57.8335 17.8486 -0.151722 0.909814 334.752 0 0
1500 49.9453 58.1 17.8481 -0.189302 0.9129 334.821 0 0
1500 39.9173 34.3504 18.1328 -0.303179 0.560137 334.773 0 0
1500 68.2434 25.3229 18.1385 0.129475 0.425245 334.352 0 0
1500 25.6486 -65.5612 17.9581 -0.510844 -1.06379 334.959 0 0
1500 61.8822 41.3886 17.8792 0.0979293 0.707659 334.071 0 0
1500 175.77 65.4034 17.8963 1.90656 1.049 333.568 0 0
1500 79.3436 -2.76232 17.8766 0.3276 -0.120668 333.527 0 0
1500 65.6623 -20.8901 17.8751 0.113769 -0.403143 333.626 0 0
1500 108.058 2.30752 17.8876 0.84346 0.0086037 335.128 0 0
1500 14.3305 -22.9265 17.9582 -0.677667 -0.421114 335.196 0 0
1500 51.5181 -24.7429 17.9698 -0.111621 -0.455323 334.263 0 0
1500 85.9323 104.901 17.8266 0.471079 1.70336 334.263 0 0
1500 86.481 -29.2986 18.0726 0.437231 -0.529012 333.87 0 0
1500 71.0273 33.5791 17.833 0.182155 0.596571 334.812 0 0
1500 44.0005 -7.93988 17.8423 -0.239735 -0.0483871 334.176 0 0
1500 66.5343 -27.133 17.9218 0.124054 -0.502669 334.85 0 0
1500 59.7954 -33.9939 18.1475 0.028954 -0.603455 335.226 0 0
1500 61.9155 -66.6556 18.0767 0.107186 -1.19749 334.886 0 0
1500 83.6993 47.0905 18.554 0.581458 0.875743 334.879 0 0
1500 47.9172 -10.2351 18.0265 -0.177475 -0.177535 335.302 0 0
1500 83.8772 43.5629 17.9447 0.506501 0.703332 335.302 0 0
1500 72.5136 29.6018 18.3159 0.280342 0.471017 335.569 0 0
1500 49.3916 -3.61566 18.0273 -0.156925 -0.0857931 335.363 0 0
1500 9.98153 -14.8523 17.8706 -0.744065 -0.186756 335.58 0 0
1500 11.0601 -17.1543 17.8708 -0.728483 -0.21934 335.607 0 0
1500 17.9854 -9.76792 17.8757 -0.626318 -0.113847 336.049 0 0
1500 10.9925 47.3163 17.9214 -0.742196 0.738895 335.671 0 0
1500 113.494 39.0664 17.8244 0.890309 0.553176 335.675 0 0
1500 108.772 45.7623 17.8248 0.816266 0.648793 336.026 0 0
1500 18.9007 49.0389 17.844 -0.653672 0.767068 335.529 0 0
1500 64.5043 -60.5941 17.8525 0.0924416 -0.987307 335.894 0 0
1500 111.558 -9.0047 17.9432 0.892311 -0.0985558 335.874 0 0
1500 109.99 -0.299729 17.9445 0.870564 0.0334511 335.72 0 0
1500 64.1964 -21.6983 18.1851 0.174074 -0.400995 335.474 0 0
1500 112.64 -25.5114 17.8048 0.889195 -0.34464 336.179 0 0
1500 60.075 -38.598 18.0336 -0.0136734 -0.620159 335.629 0 0
1500 28.9378 37.8978 17.8351 -0.464085 0.657201 335.695 0 0
1500 21.7302 33.4367 17.8343 -0.574157 0.58795 335.773 0 0
1500 24.4427 -0.127203 18.1226 -0.554077 0.00234061 335.92 0 0
1500 84.3675 -22.4116 18.0131 0.472704 -0.406813 336.017 0 0
1500 84.7746 0.331085 17.9985 0.444764 0.0817934 335.94 0 0
1500 66.9465 -31.422 17.8126 0.162409 -0.561921 335.655 0 0
1500 10.0974 -11.2345 17.8429 -0.750887 -0.256171 335.636 0 0
1500 176.911 42.7189 17.9546 1.97084 0.731401 335.811 0 0
1500 113.133 63.4646 18.0573 0.992205 1.0772 335.753 0 0
1500 29.8145 -25.139 17.9041 -0.420583 -0.415795 336.402 0 0
1500 103.207 -1.10128 17.9259 0.698446 -0.0648813 336.344 0 0
1500 79.5461 -27.9222 17.9923 0.384819 -0.414443 337.437 0 0
1500 87.8737 4.46473 17.8287 0.46755 0.112231 337.254 0 0
1500 90.237 -33.4024 18.0301 0.528333 -0.516932 337.808 0 0
1500 75.6411 -40.4244 17.9874 0.309967 -0.622878 337.932 0 0
1500 102.786 -10.9622 17.9864 0.692321 -0.209236 337.832 0 0
1500 64.9523 -6.59209 18.1566 0.141469 -0.163508 337.765 0 0
1500 54.2088 -70.6677 17.8254 -0.0758533 -1.06993 337.879 0 0
1500 -4.6421 -23.269 17.8428 -0.979818 -0.310488 337.4 0 0
1500 3.85278 -40.4146 17.8497 -0.799795 -0.665784 337.652 0 0
1500 92.2372 -21.4143 18.5287 0.6516 -0.37017 337.538 0 0
1500 53.8465 65.8092 17.8131 -0.0805366 1.04497 338.011 0 0
1500 116.454 25.0247 17.8173 0.864722 0.451986 336.493 0 0
1500 104.421 40.2563 17.827 0.685411 0.683066 336.684 0 0
1500 -2.80664 25.1754 17.8235 -0.926749 0.449509 337.461 0 0
1500 88.5737 -55.15 18.0324 0.492864 -0.897869 337.818 0 0
1500 92.4506 -37.5486 18.0032 0.588727 -0.630603 336.916 0 0
1500 74.2342 -40.3574 18.0083 0.315161 -0.678371 336.409 0 0
1500 55.1287 58.2663 17.9827 -0.0108376 0.950337 337.438 0 0
1500 94.9078 -39.784 18.0238 0.617855 -0.665836 337.425 0 0
1500 90.8613 -5.17478 18.2238 0.619325 -0.0470526 337.056 0 0
1500 68.6357 34.209 17.9931 0.193973 0.602061 336.335 0 0
1500 80.994 49.3881 17.9815 0.377486 0.821342 337.448 0 0
1500 92.7021 35.3936 17.9851 0.557849 0.613594 337.043 0 0
1500 33.018 43.4883 17.9857 -0.350051 0.737362 336.983 0 0
1500 111.606 41.9485 17.7963 0.852246 0.68395 338.018 0 0
1500 119.856 -5.45469 17.7956 0.959918 -0.153528 337.402 0 0
1500 68.0164 -60.0887 17.8526 0.192547 -0.970219 337.855 0 0
1500 33.713 -12.325 18.0439 -0.36581 -0.265111 336.368 0 0
1500 71.2117 -19.1645 18.0445 0.212742 -0.37084 336.328 0 0
1500 66.593 52.4254 18.061 0.161645 0.865795 337.88 0 0
1500 63.995 -11.1959 18.4547 0.126928 -0.229539 337.749 0 0
1500 -0.561147 -25.9203 17.8247 -0.916401 -0.482364 336.338 0 0
1500 82.7692 -9.2557 17.9595 0.397577 -0.218415 337.667 0 0
1500 85.6517 0.444221 17.8236 0.418263 0.0842912 336.552 0 0
1500 20.6267 4.01432 17.9134 -0.644031 0.0677442 337.263 0 0
1500 57.4912 1.1657 17.8835 -0.00805835 -0.0599495 336.354 0 0
1500 55.8557 1.47411 18.2616 -0.0245236 0.0826082 337.853 0 0
1500 77.703 -32.2202 17.9282 0.24798 -0.534667 337.457 0 0
1500 88.7558 9.63435 17.8559 0.48214 0.227625 337.721 0 0
1500 69.1471 -18.0979 17.9532 0.230356 -0.345518 337.927 0 0
1500 24.0407 68.1238 17.8837 -0.615699 1.08338 337.271 0 0
1500 124.277 46.7045 18.2406 1.17761 0.800347 336.614 0 0
1500 83.988 16.7946 17.9908 0.396893 0.348897 337.415 0 0
1500 55.2086 -17.6995 18.2938 -0.0381296 -0.28357 338.631 0 0
1500 72.1861 3.78964 18.2859 0.315605 0.0502174 338.928 0 0
1500 111.361 11.4999 17.8374 0.833414 0.152182 338.485 0 0
1500 33.1878 11.7418 17.9657 -0.384513 0.224673 338.241 0 0
1500 98.4523 -40.9375 17.909 0.603739 -0.654377 338.862 0 0
1500 70.2287 -62.2493 17.8526 0.171903 -0.973997 338.501 0 0
1500 84.0205 -92.0603 17.8538 0.362842 -1.43237 338.308 0 0
1500 104.114 56.6454 17.8145 0.745017 0.853484 338.979 0 0
1500 116.431 -21.2105 17.9956 0.935777 -0.376527 338.063 0 0
1500 113.155 -34.8729 17.8774 0.873226 -0.573152 338.862 0 0
1500 118.759 -20.8373 17.804 0.97627 -0.338461 338.903 0 0
1500 92.9757 57.6513 17.8044 0.59182 0.83774 338.754 0 0
1500 88.7256 8.27301 18.1411 0.570909 0.171447 338.175 0 0
1500 103.05 18.2902 17.9694 0.779524 0.285749 338.81 0 0
1500 32.1927 6.87562 18.1899 -0.4228 0.0876812 338.516 0 0
1500 21.3454 -37.1897 17.9437 -0.550407 -0.641942 339.058 0 0
1500 83.873 3.70787 17.9067 0.435931 -0.0158156 338.315 0 0
1500 86.508 -27.4182 17.8421 0.518788 -0.421808 338.802 0 0
1500 70.8815 0.4626 17.8524 0.280017 0.00996408 338.072 0 0
1500 86.2224 7.217 17.9374 0.490462 0.177559 338.82 0 0
1500 84.9507 -1.66489 17.8262 0.49282 -0.00513346 338.373 0 0
1500 81.0581 12.0489 17.8402 0.436543 0.183406 338.566 0 0
1500 129.249 26.3206 18.2441 1.26774 0.446686 338.475 0 0
1500 98.1974 -65.9064 18.2035 0.774153 -1.13749 338.082 0 0
1500 82.3512 19.6053 18.0113 0.497737 0.318409 339.009 0 0
1500 57.443 13.7514 18.2908 0.0597074 0.254783 339.577 0 0
1500 63.6465 20.8388 18.0638 0.0700191 0.348563 340.671 0 0
1500 105.495 29.6004 17.9961 0.757456 0.455543 339.208 0 0
1500 49.0058 39.8653 17.8617 -0.189006 0.590522 339.895 0 0
1500 101.615 9.50073 17.8583 0.676092 0.176675 339.669 0 0
1500 114.327 6.12209 17.9437 0.878727 0.122929 340.045 0 0
1500 8.40097 4.43389 17.8203 -0.741508 0.12542 340.62 0 0
1500 30.0358 -1.88583 17.831 -0.42846 0.0351241 341.516 0 0
1500 113.038 26.8997 17.8047 0.852629 0.429691 339.47 0 0
1500 80.0658 22.5572 17.8374 0.291922 0.385194 341.55 0 0
1500 43.996 5.37953 18.0426 -0.234781 0.0492504 342.737 0 0
1500 26.9339 54.6058 17.8263 -0.466737 0.861975 339.619 0 0
1500 18.7424 10.5037 17.8428 -0.56987 0.216885 341.506 0 0
1500 35.8607 31.9495 17.8426 -0.328447 0.519521 341.492 0 0
1500 55.0779 64.1793 17.8248 -0.0591188 1.00523 339.309 0 0
1500 24.0938 7.69274 17.8455 -0.492844 0.17668 341.727 0 0
1500 47.0975 -4.33001 17.9231 -0.209479 -0.0394313 342.977 0 0
1500 93.5778 0.618323 17.9875 0.585259 0.00980827 342.711 0 0
1500 92.1694 -42.2183 17.9441 0.52178 -0.696994 340.148 0 0
1500 64.7352 -64.781 17.8217 0.155248 -0.985556 341.229 0 0
1500 99.3393 -47.7489 17.8646 0.668613 -0.72125 341.577 0 0
1500 97.4841 -29.8922 17.868 0.559671 -0.494552 343.052 0 0
1500 68.672 -65.2746 17.8529 0.15719 -1.03552 340.37 0 0
1500 56.0709 -54.6604 17.8633 -0.0276195 -0.851616 342.561 0 0
1500 59.1614 59.6203 17.8387 0.0546413 0.918665 342.393 0 0
1500 41.2141 60.2008 17.8436 -0.246895 0.943061 341.945 0 0
1500 27.0813 48.7978 17.848 -0.447175 0.770856 342.593 0 0
1500 104.189 34.1519 17.8963 0.734021 0.518238 342.753 0 0
1500 -6.23791 11.3363 17.8782 -0.996195 0.186478 341.689 0 0
1500 4.60917 -53.5756 17.8378 -0.846943 -0.780828 341.945 0 0
1500 117.186 -0.203769 18.053 0.986229 -0.00898384 340.341 0 0
1500 60.4576 63.7205 17.9642 0.0346148 1.01975 340.516 0 0
1500 69.3362 -50.9517 17.937 0.228463 -0.837783 339.288 0 0
1500 84.9324 -60.2024 17.918 0.448967 -0.947246 341.537 0 0
1500 -0.736553 11.5653 17.8047 -0.92181 0.103811 339.38 0 0
1500 -3.13792 -11.6589 17.8017 -0.951658 -0.248149 339.844 0 0
1500 29.6912 -55.8576 17.7998 -0.452383 -0.910984 340.251 0 0
1500 16.4709 6.50212 18.0639 -0.679048 0.112112 339.332 0 0
1500 105.48 41.8475 17.9385 0.766763 0.681785 341.183 0 0
1500 56.9347 130.968 17.7969 -0.0297048 2.01697 341.595 0 0
1500 118.192 -0.17192 17.8274 0.984351 2.69928e-05 340.441 0 0
1500 120.601 -15.2976 17.8246 1.00977 -0.225906 341.16 0 0
1500 88.9569 -36.1911 17.8374 0.553266 -0.55419 339.203 0 0
1500 71.2227 -24.0268 18.1225 0.297388 -0.420766 339.384 0 0
1500 103.242 33.8441 17.8088 0.759273 0.535589 339.975 0 0
1500 77.1192 -34.836 17.9335 0.363514 -0.587749 339.473 0 0
1500 106.415 -33.3329 17.9206 0.796651 -0.552493 340.901 0 0
1500 113.475 37.2515 17.8157 0.894164 0.547148 342.016 0 0
1500 101.996 -40.1574 17.8206 0.741311 -0.612979 340.458 0 0
1500 122.084 -10.4745 17.8173 1.00778 -0.157246 342.943 0 0
1500 94.5226 -30.5282 17.9213 0.58417 -0.526834 341.64 0 0
1500 51.8707 -44.0166 17.9235 -0.0539654 -0.733207 341.213 0 0
1500 77.0584 26.3704 18.2571 0.398552 0.453227 340.822 0 0
1500 104.632 37.7924 17.9766 0.775451 0.618096 341.472 0 0
1500 89.926 18.6643 18.2776 0.532146 0.357126 341.157 0 0
1500 104.259 -27.1071 17.8714 0.785944 -0.415865 340.696 0 0
1500 72.7085 -63.806 17.8231 0.166648 -1.00893 341.751 0 0
1500 34.0547 -30.3248 18.0386 -0.394992 -0.517892 340.34 0 0
1500 -4.12966 26.8519 17.8213 -0.973662 0.466746 341.893 0 0
1500 116.578 57.2995 17.8271 0.925111 0.893757 343.084 0 0
1500 69.9472 7.43515 17.9738 0.228459 0.188828 339.954 0 0
1500 68.0804 -17.8935 17.9262 0.0899863 -0.28767 339.908 0 0
1500 45.8268 -51.8107 17.9092 -0.251532 -0.799401 341.262 0 0
1500 11.4444 -43.2417 17.8093 -0.738557 -0.712358 342.507 0 0
1500 49.5328 -42.0408 18.1348 -0.124356 -0.705337 341.706 0 0
1500 56.8908 28.6697 18.4398 -0.00697219 0.461661 342.279 0 0
1500 23.0789 15.9587 17.8911 -0.528084 0.324072 340.881 0 0
1500 11.8775 9.70748 17.8297 -0.783125 0.172843 341.34 0 0
1500 23.1299 -38.5103 17.8283 -0.608846 -0.567263 341.478 0 0
1500 63.3897 13.0189 17.9915 0.107554 0.279623 341.411 0 0
1500 72.6636 -15.8924 17.9658 0.249427 -0.323885 341.72 0 0
1500 135.607 -1.62281 18.1726 1.34618 -0.0628831 340.048 0 0
1500 30.6196 45.4583 17.8057 -0.444519 0.768237 342.934 0 0
1500 39.8394 2.89541 18.0433 -0.274577 0.11962 342.193 0 0
1500 47.7969 36.7715 18.0339 -0.149853 0.637373 342.863 0 0
1500 52.4552 -8.33415 17.8687 -0.076997 -0.208406 341.459 0 0
1500 46.9516 -29.9334 17.8611 -0.161875 -0.542263 341.969 0 0
1500 69.9172 -31.0766 17.8603 0.194666 -0.559472 342.032 0 0
1500 30.7155 20.0488 17.9932 -0.466581 0.34751 342.552 0 0
1500 15.7069 4.32277 17.9889 -0.694158 0.104718 342.89 0 0
1500 34.7527 -19.7149 17.9961 -0.405681 -0.26586 342.346 0 0
1500 57.2984 -37.3421 17.8658 0.00161283 -0.654528 342.301 0 0
1500 60.7816 25.8237 17.8864 0.0677651 0.477055 342.008 0 0
1500 50.9315 -25.0499 17.9144 -0.0723315 -0.461492 342.133 0 0
1500 52.9782 13.8974 17.9806 -0.136088 0.182396 340.359 0 0
1500 61.765 49.3588 17.9854 -0.00224974 0.822869 339.936 0 0
1500 67.8303 -11.8922 17.98 0.209992 -0.251462 342.282 0 0
1500 65.4081 18.5267 18.0495 0.114527 0.358484 343.071 0 0
1500 39.0071 -14.0673 17.9515 -0.313492 -0.293457 342.278 0 0
1500 130.589 -45.1657 18.2281 1.29125 -0.782306 340.707 0 0
1500 130.868 -16.9112 18.3416 1.34067 -0.253348 339.829 0 0
1500 84.7056 14.1611 18.0696 0.527515 0.18589 339.575 0 0
1500 149.778 39.801 17.9567 1.55495 0.719343 340.941 0 0
1500 24.3412 9.12219 17.8919 -0.591755 0.205414 342.626 0 0
1500 109.942 27.364 18.0688 0.953846 0.529321 339.75 0 0
1500 56.3693 24.2061 18.0814 0.00489703 0.505198 339.167 0 0
1500 94.998 48.2388 18.0157 0.664518 0.882548 342.65 0 0
1500 93.6862 2.84242 18.149 0.632914 0.136545 342.808 0 0
1500 83.411 2.36193 18.5746 0.462748 -0.0282789 343.092 0 0
1500 66.39 2.50782 18.0033 0.143711 0.103427 343.462 0 0
1500 70.3625 -9.82473 17.9055 0.224599 -0.189805 343.12 0 0
1500 79.9412 4.55988 18.0789 0.332982 0.132241 343.838 0 0
1500 72.7373 10.9904 17.8891 0.273703 0.124126 344.103 0 0
1500 82.6247 -19.6166 17.8842 0.413812 -0.304662 343.741 0 0
1500 59.8184 -15.6775 18.0553 0.00368826 -0.268046 344.848 0 0
1500 86.0949 -0.136053 18.1445 0.480772 0.039036 344.987 0 0
1500 38.7769 -34.9852 17.9529 -0.262676 -0.560655 344.65 0 0
1500 37.1907 -17.5101 17.9385 -0.28401 -0.312949 345.675 0 0
1500 59.5778 21.9783 17.9204 0.090286 0.342715 345.698 0 0
1500 112.362 2.08669 17.9039 0.843747 0.066598 344.24 0 0
1500 105.864 27.0197 17.8343 0.755757 0.388762 344.161 0 0
1500 86.3318 -7.79881 17.84 0.467231 -0.113687 345.643 0 0
1500 69.3995 21.1454 17.8427 0.228707 0.292171 345.839 0 0
1500 35.6801 5.63615 18.0553 -0.341613 0.0398109 346.728 0 0
1500 100.598 35.91 17.993 0.656266 0.573591 345.089 0 0
1500 42.092 27.8033 18.0908 -0.220562 0.448223 346.77 0 0
1500 67.5392 -3.56795 18.0319 0.213484 -0.0849016 347.074 0 0
1500 89.1052 -29.1697 18.0204 0.518488 -0.444839 346.167 0 0
1500 135.843 -28.3276 17.8356 1.19716 -0.399871 344.48 0 0
1500 62.7156 5.01416 18.1538 0.161272 0.0933177 349.192 0 0
1500 20.4297 4.11686 17.9191 -0.587924 0.0498744 346.973 0 0
1500 24.1251 -28.8468 17.8251 -0.518684 -0.469608 346.34 0 0
1500 81.5839 -14.4291 18.112 0.457968 -0.199298 343.618 0 0
1500 119.031 -21.6888 17.878 0.92047 -0.380266 344.948 0 0
1500 85.7284 33.3886 18.0738 0.445521 0.530615 347.435 0 0
1500 75.7175 -75.2496 17.869 0.314464 -1.15475 344.366 0 0
1500 20.4171 43.3428 17.8258 -0.608158 0.64372 346.012 0 0
1500 64.992 -5.66539 18.2009 0.206984 -0.0726521 349.249 0 0
1500 115.328 -9.24627 18.1755 0.953097 -0.184943 343.831 0 0
1500 -39.08 -8.13725 17.8613 -1.49907 -0.141128 344.153 0 0
1500 123.853 2.77568 17.936 1.04694 -0.000430842 344.531 0 0
1500 65.7791 -6.99585 17.9652 0.179388 -0.136122 348.724 0 0
1500 67.8747 4.71341 18.2136 0.198006 0.13068 349.66 0 0
1500 -8.91779 -5.75593 17.8138 -1.04181 -0.0941522 345.983 0 0
1500 83.0386 -22.1196 18.0065 0.438056 -0.328079 348.851 0 0
1500 73.4848 61.2797 17.7989 0.207456 0.993528 344.029 0 0
1500 37.9129 60.5607 17.7979 -0.326133 0.978567 344.311 0 0
1500 81.2313 17.1363 17.8226 0.302543 0.307859 348.735 0 0
1500 11.0191 46.1118 17.797 -0.72351 0.756563 344.807 0 0
1500 73.9337 12.3374 17.8251 0.199538 0.239845 348.917 0 0
1500 8.59746 29.624 17.8058 -0.733593 0.494017 347.184 0 0
1500 91.1372 58.3764 17.7976 0.461902 0.927709 345.617 0 0
1500 74.4729 -43.6599 17.8552 0.242381 -0.68938 348.141 0 0
1500 85.6366 -31.1719 18.1339 0.441215 -0.54736 343.429 0 0
1500 32.4852 53.4643 17.9778 -0.429199 0.842382 344.083 0 0
1500 54.2451 25.1735 17.9982 -0.0939866 0.384914 349.557 0 0
1500 105.759 -33.0146 17.856 0.695291 -0.543734 347.513 0 0
1500 63.6152 51.0498 17.8722 0.109782 0.853431 343.214 0 0
1500 56.9234 64.1263 17.8633 0.0074401 1.02965 344.705 0 0
1500 121.32 10.111 17.8649 0.97509 0.224735 344.272 0 0
1500 97.1879 48.2469 17.8668 0.588309 0.766261 347.007 0 0
1500 84.2579 -60.2111 17.8729 0.468169 -0.921486 344.848 0 0
1500 122.4 -6.24734 17.8725 1.03385 -0.117007 345.024 0 0
1500 68.2764 -16.515 17.8996 0.215454 -0.253214 349.382 0 0
1500 82.3141 -14.6946 17.8965 0.412742 -0.228545 349.15 0 0
1500 120.474 -10.9576 17.8925 0.973346 -0.2342 344.43 0 0
1500 100.875 -40.8902 17.8943 0.682793 -0.686676 344.093 0 0
1500 98.1101 -21.4097 17.8924 0.630622 -0.344484 348.547 0 0
1500 57.2039 -1.63289 18.1301 0.0138776 -0.0906358 350.668 0 0
1500 77.3611 26.6265 18.0873 0.36599 0.474946 343.336 0 0
1500 109.367 38.9976 17.9386 0.817336 0.629984 346.386 0 0
1500 112.15 -35.712 17.8479 0.813819 -0.593383 346.836 0 0
1500 78.7507 -62.8389 17.9417 0.329411 -0.992232 346.885 0 0
1500 29.6828 0.710354 17.852 -0.443231 0.0625685 349.866 0 0
1500 81.9261 12.6611 18.3594 0.3862 0.252185 344.632 0 0
1500 119.065 21.5163 17.9788 0.977875 0.318229 347.576 0 0
1500 102.5 -24.0819 17.988 0.771811 -0.359098 344.52 0 0
1500 110.816 26.5937 17.9818 0.886797 0.404925 345.355 0 0
1500 45.9093 20.5308 18.0702 -0.207079 0.302356 350.912 0 0
1500 49.1033 11.4451 17.9087 -0.112845 0.250019 344.21 0 0
1500 85.2014 18.3969 17.988 0.465894 0.244267 350.424 0 0
1500 55.0245 -58.104 17.8109 -0.117536 -0.91595 344.468 0 0
1500 100.842 -48.8824 17.8682 0.692036 -0.749009 347.575 0 0
1500 104.571 25.3759 17.9186 0.768262 0.443466 344.731 0 0
1500 71.6094 -6.59168 17.9384 0.274341 -0.043269 343.091 0 0
1500 74.3789 4.19346 17.9373 0.317146 0.124631 343.161 0 0
1500 62.3428 37.7815 17.9286 0.128585 0.641192 343.78 0 0
1500 96.2636 15.2175 17.9264 0.649639 0.292552 343.963 0 0
1500 115.732 -22.233 17.842 0.906885 -0.311443 348.173 0 0
1500 76.6854 53.7805 17.8834 0.292311 0.890238 345.019 0 0
1500 107.496 42.2062 17.8315 0.793107 0.613127 347.851 0 0
1500 74.4053 -17.2963 17.8545 0.334823 -0.270558 343.152 0 0
1500 132.379 -62.0567 17.8779 1.18525 -0.973297 345.909 0 0
1500 108.296 17.7755 17.8502 0.768112 0.305278 349.621 0 0
1500 79.4834 -7.28037 18.2254 0.381165 -0.0441623 352.41 0 0
1500 27.1755 -60.2427 17.7981 -0.426143 -0.957237 347.216 0 0
1500 52.5808 -63.8524 17.7994 -0.0510532 -1.02473 346.286 0 0
1500 51.3939 -27.5963 17.8231 -0.064514 -0.450636 350.772 0 0
1500 21.868 -22.3905 17.8162 -0.528891 -0.416414 344.118 0 0
1500 53.6377 5.36668 17.8571 -0.115191 0.0215635 343.576 0 0
1500 13.9698 -18.2227 17.8396 -0.722497 -0.341399 344.887 0 0
1500 56.6417 47.7872 17.97 0.0324171 0.796694 345.378 0 0
1500 81.8571 -21.719 17.9175 0.417139 -0.403451 344.475 0 0
1500 76.5398 12.6926 17.9077 0.32745 0.210705 351.494 0 0
1500 108.429 -10.3974 17.8943 0.785449 -0.113641 350.35 0 0
1500 96.7594 -52.2346 17.9089 0.561509 -0.849171 346.961 0 0
1500 107.246 -5.72454 18.1703 0.8585 -0.11331 346.465 0 0
1500 73.8911 -11.9503 17.8777 0.27935 -0.21161 351.838 0 0
1500 60.1803 -67.531 17.8504 0.0926003 -1.04411 348.035 0 0
1500 60.4311 -56.0531 17.8373 0.0868523 -0.851012 350.592 0 0
1500 10.1662 -28.419 17.8761 -0.79311 -0.453981 346.706 0 0
1500 100.197 -39.1852 18.0607 0.703238 -0.648551 347.857 0 0
1500 131.234 -25.4779 17.9154 1.25516 -0.39176 343.584 0 0
1500 109.74 -40.1998 17.8808 0.787354 -0.672244 348.288 0 0
1500 73.8325 -2.0663 17.9084 0.265025 -0.109613 345.193 0 0
1500 101.873 49.8085 17.8539 0.663581 0.802411 349.342 0 0
1500 16.596 48.1897 17.8562 -0.602189 0.797943 347.695 0 0
1500 50.4383 65.0787 17.7916 -0.12596 1.04016 348.751 0 0
1500 40.1873 61.9056 17.7922 -0.27999 0.999416 348.321 0 0
1500 80.6087 -20.5823 17.9025 0.304946 -0.355681 352.931 0 0
1500 65.5374 -1.01621 17.9081 0.104949 -0.0913405 345.457 0 0
1500 46.1543 50.6514 17.8198 -0.114578 0.81088 346.717 0 0
1500 93.3722 25.0254 18.2712 0.658807 0.404556 348.292 0 0
1500 93.6913 -54.9193 17.87 0.580195 -0.852116 350.228 0 0
1500 83.4195 51.44 17.9785 0.434381 0.841996 348.32 0 0
1500 69.0299 -15.1013 17.9554 0.229998 -0.238389 353.909 0 0
1500 22.3441 41.9614 17.8562 -0.519495 0.713325 347.636 0 0
1500 59.1698 43.3486 17.865 0.0391199 0.680522 352.835 0 0
1500 119.512 21.2967 17.8487 0.944789 0.390732 348.876 0 0
1500 12.8495 -22.0984 17.8632 -0.75258 -0.296427 347.34 0 0
1500 5.54207 50.176 17.8237 -0.774642 0.809159 350.44 0 0
1500 68.2581 65.4172 17.8828 0.20753 1.02509 349.845 0 0
1500 92.3194 14.7294 17.9035 0.535124 0.260603 353.464 0 0
1500 98.1271 -5.57496 17.9027 0.617295 -0.0247687 353.401 0 0
1500 85.2529 -54.7972 17.8593 0.408347 -0.861029 351.687 0 0
1500 29.2555 -38.6943 17.8336 -0.432249 -0.671118 347.517 0 0
1500 73.7547 4.75217 17.996 0.320515 0.0201697 346.98 0 0
1500 10.932 -46.7909 17.8644 -0.736225 -0.745608 350.482 0 0
1500 56.1026 -67.165 17.8645 -0.0704186 -1.04457 350.568 0 0
1500 78.0711 -14.6803 17.8908 0.267872 -0.288077 346.782 0 0
1500 81.3919 -54.1518 17.8708 0.310957 -0.878831 348.572 0 0
1500 8.86799 -0.452768 17.8772 -0.797622 -0.0652143 347.847 0 0
1500 108.906 27.5655 18.0484 0.852173 0.454182 349.569 0 0
1500 76.9821 -30.2528 17.8695 0.375207 -0.464242 347.417 0 0
1500 96.5405 27.3652 17.8644 0.619973 0.392207 353.505 0 0
1500 92.4564 -47.3218 17.8355 0.506377 -0.75059 352.631 0 0
1500 -5.60124 20.0449 17.8222 -0.98458 0.35851 350.539 0 0
1500 32.1919 36.6267 17.8364 -0.440902 0.627926 348.003 0 0
1500 20.3241 -4.5077 17.9487 -0.642545 -0.0630496 348.264 0 0
1500 28.3305 6.94678 17.9524 -0.521439 0.113862 347.989 0 0
1500 49.9343 -27.2409 17.9545 -0.1877 -0.415922 347.839 0 0
1500 42.5611 -17.3569 17.9558 -0.302433 -0.263045 347.75 0 0
1500 92.0301 -19.6362 17.9375 0.613365 -0.294999 348.365 0 0
1500 118.421 -20.5904 17.9209 0.985702 -0.299434 350.589 0 0
1500 64.3004 -5.72915 17.8507 0.121664 -0.0190675 355.018 0 0
1500 98.0943 32.8856 17.833 0.605884 0.530914 353.547 0 0
1500 76.6317 60.398 17.8219 0.315641 0.971256 350.065 0 0
1500 60.085 66.399 17.8206 0.0662197 1.04141 351.336 0 0
1500 106.234 44.7401 17.8212 0.742355 0.719708 351.614 0 0
1500 50.7514 13.1637 17.8489 -0.0757076 0.274496 347.239 0 0
1500 21.0192 -37.8665 17.8801 -0.592193 -0.666278 347.505 0 0
1500 140.611 15.6053 17.8495 1.3339 0.312247 347.445 0 0
1500 74.9501 -16.6262 17.8796 0.293186 -0.227821 357.802 0 0
1500 84.2153 56.4008 17.9099 0.509455 0.917432 344.976 0 0
1500 60.1297 -7.22437 17.8804 0.0375616 -0.170309 355.433 0 0
1500 22.7817 -23.8796 17.9868 -0.537842 -0.367601 355.109 0 0
1500 2.48874 16.6509 17.9382 -0.898072 0.234617 349.968 0 0
1500 16.8552 -45.2712 17.8094 -0.626269 -0.759779 350.037 0 0
1500 7.94185 -19.6687 17.8159 -0.771359 -0.377901 349.147 0 0
1500 54.7883 -28.0721 17.8387 -0.113948 -0.416465 354.519 0 0
1500 22.364 -42.7835 17.8216 -0.602534 -0.6569 351.065 0 0
1500 -0.359135 -27.8593 17.8476 -0.917584 -0.515751 347.74 0 0
1500 67.9119 60.5144 17.9268 0.0987194 0.974696 348.85 0 0
1500 -44.5504 1.20853 17.8435 -1.66239 -0.0230159 348.385 0 0
1500 107.867 50.2538 17.8594 0.783887 0.765843 353.423 0 0
1500 7.10955 25.4435 17.8377 -0.799797 0.372887 354.03 0 0
1500 94.8951 -15.9738 18.1078 0.595719 -0.27252 356.034 0 0
1500 27.1337 8.24884 17.8589 -0.551585 0.104032 348.704 0 0
1500 44.3215 -52.2894 17.8466 -0.279794 -0.822717 349.791 0 0
1500 50.4672 -7.28029 17.8665 -0.169818 -0.123312 355.984 0 0
1500 82.365 -38.8081 17.8952 0.402104 -0.597837 355.228 0 0
1500 94.1601 -51.91 18.4236 0.685876 -0.952335 344.169 0 0
1500 50.4637 -39.4629 18.0075 -0.104252 -0.619507 356.269 0 0
1500 88.25 -25.6158 18.0064 0.465399 -0.466731 349.993 0 0
1500 67.8807 -26.6832 18.0126 0.138682 -0.438159 356.679 0 0
1500 65.5546 -13.1841 18.0159 0.118456 -0.278914 349.314 0 0
1500 62.3056 -33.3438 18.3377 0.0843195 -0.637934 344.333 0 0
1500 9.07959 47.4379 17.859 -0.729506 0.746601 354.702 0 0
1500 116.637 -6.03652 17.9075 0.968739 -0.0910089 351.589 0 0
1500 89.9699 -24.1521 17.9229 0.529643 -0.339633 356.305 0 0
1500 26.3356 56.9725 17.8365 -0.541719 0.877321 352.167 0 0
1500 29.8485 47.4521 17.8463 -0.46747 0.702363 355.28 0 0
1500 -2.93343 22.7982 17.8371 -0.955931 0.357906 353.791 0 0
1500 77.4708 -3.87598 17.8229 0.270281 -0.132775 349.209 0 0
1500 10.8268 7.37316 17.809 -0.762433 0.0429289 350.241 0 0
1500 19.6355 -2.55255 17.8139 -0.630454 -0.110934 349.835 0 0
1500 -6.26571 -11.7548 17.7958 -0.997322 -0.245145 352.117 0 0
1500 80.0366 33.2911 17.8711 0.409728 0.555027 350.408 0 0
1500 83.258 20.6513 18.0725 0.442038 0.316928 357.56 0 0
1500 77.1795 -1.27885 18.0763 0.396454 0.0133229 350.497 0 0
1500 97.9759 3.69122 18.0688 0.649445 0.0814654 357.252 0 0
1500 55.8315 28.1064 18.288 0.00507638 0.451217 358.647 0 0
1500 -1.36824 -43.6764 18.1347 -1.02123 -0.730072 347.039 0 0
1500 44.8662 -2.46806 18.0953 -0.277564 0.0222 343.692 0 0
1500 49.8568 33.5611 17.8681 -0.124838 0.540945 357.065 0 0
1500 27.9194 13.519 17.8933 -0.468573 0.298326 347.343 0 0
1500 85.0466 19.4047 18.1211 0.467139 0.307676 358.06 0 0
1500 106.184 -18.2642 17.8204 0.73639 -0.358213 351.017 0 0
1500 91.7097 -15.4474 18.0108 0.597442 -0.185547 351.222 0 0
1500 86.5312 -55.2989 17.8221 0.437056 -0.90676 352.623 0 0
1500 118.829 -26.6429 17.8222 0.892785 -0.460055 354.872 0 0
1500 41.4962 -17.8067 17.8462 -0.224026 -0.31919 357.514 0 0
1500 35.7668 -47.0613 17.9775 -0.354254 -0.781083 352.164 0 0
1500 46.6684 -3.20877 17.9968 -0.172397 -0.105418 358.423 0 0
1500 83.1279 -8.00007 17.9931 0.371991 -0.191949 350.864 0 0
1500 36.5881 -16.282 17.9918 -0.348173 -0.31974 350.956 0 0
1500 125.399 33.0212 17.8774 1.15933 0.518273 348.721 0 0
1500 134.54 6.56022 18.2378 1.39452 0.15604 345.787 0 0
1500 61.5403 -63.7586 17.9097 0.00680884 -1.00329 353.184 0 0
1500 115.57 30.7571 17.8597 0.916054 0.464944 354.941 0 0
1500 88.8282 18.2423 17.9507 0.565365 0.295451 351.343 0 0
1500 37.1098 -53.7232 18.0494 -0.385394 -0.981725 345.641 0 0
1500 117.585 24.5434 17.8744 0.941509 0.381157 355.334 0 0
1500 81.6407 54.7513 17.8776 0.435121 0.852632 352.743 0 0
1500 145.095 -52.2181 18.0941 1.56736 -0.96039 344.751 0 0
1500 44.8743 -55.1294 18.0618 -0.207468 -0.900887 352.622 0 0
1500 59.4776 -43.4441 17.9735 0.0384584 -0.680681 357.839 0 0
1500 121.202 -1.36014 17.9377 1.00139 -0.00167678 355.817 0 0
1500 60.4397 40.0726 18.1854 0.0273549 0.763011 345.329 0 0
1500 83.4378 54.2544 17.8773 0.354589 0.84832 356.948 0 0
1500 130.132 -37.0249 17.9942 1.28811 -0.687125 346.125 0 0
1500 38.9381 -2.07205 17.8423 -0.289201 -0.109921 351.277 0 0
1500 75.4946 -6.68077 17.8418 0.282008 -0.181862 351.309 0 0
1500 38.3872 -53.7464 17.8414 -0.258673 -0.911762 350.13 0 0
1500 71.739 -37.2179 17.8986 0.266446 -0.546604 358.764 0 0
1500 61.4707 103.051 17.8781 -0.0214179 1.66834 350.306 0 0
1500 105.944 -61.6559 17.8134 0.795907 -0.941132 354.105 0 0
1500 20.3554 -39.8677 17.9545 -0.568384 -0.67902 353.975 0 0
1500 116.735 31.2178 17.8059 0.905222 0.527893 355.531 0 0
1500 49.3972 66.0351 17.8065 -0.0928696 1.03449 356.178 0 0
1500 83.8738 -64.7578 17.7907 0.315908 -0.996191 356.042 0 0
1500 17.0447 -8.88401 17.809 -0.643349 -0.164798 358.876 0 0
1500 57.2942 -64.1894 17.7926 -0.0778706 -1.00795 354.687 0 0
1500 1.94932 -15.5142 17.7981 -0.871281 -0.262971 357.732 0 0
1500 94.473 -29.0081 18.0931 0.662382 -0.446597 354.344 0 0
1500 74.0671 -57.538 17.808 0.225006 -0.901511 358.089 0 0
1500 75.2169 -55.4025 17.8095 0.2409 -0.868265 358.286 0 0
1500 98.4409 -41.7429 17.8104 0.573818 -0.67077 358.402 0 0
1500 58.1096 -57.7873 17.8067 -0.00532394 -0.953192 354.59 0 0
1500 13.5888 -44.7983 17.8037 -0.675491 -0.749553 355.155 0 0
1500 82.7909 13.7779 17.8292 0.390078 0.13924 360.018 0 0
1500 74.5752 13.5677 18.0521 0.31675 0.221097 360.805 0 0
1500 112.378 13.652 17.8074 0.840658 0.181617 359.2 0 0
1500 76.4877 -40.9074 17.8428 0.310766 -0.702501 353.975 0 0
1500 44.1307 -14.8047 18.0246 -0.180291 -0.273979 361.161 0 0
1500 82.8501 -26.2532 17.8601 0.328021 -0.435544 360.582 0 0
1500 -2.23964 -6.95731 17.8723 -0.974681 -0.122638 355.925 0 0
1500 -6.87202 -13.3783 17.8693 -1.01436 -0.213047 357.895 0 0
1500 13.8749 -50.3941 17.8692 -0.710898 -0.754706 357.887 0 0
1500 108.011 -43.0369 18.0144 0.892598 -0.781069 349.664 0 0
1500 102.756 -38.8495 18.195 0.820322 -0.762696 347.145 0 0
1500 109.743 39.6733 17.8588 0.833966 0.629803 357.382 0 0
1500 88.5635 -16.482 17.8798 0.543206 -0.212504 354.47 0 0
1500 124.1 -22.0365 18.033 1.14021 -0.434162 350.961 0 0
1500 86.0797 -0.0594095 18.064 0.467245 0.0772553 354.057 0 0
1500 60.2995 53.983 17.8078 0.0939392 0.870912 355.459 0 0
1500 51.2311 37.0798 17.8764 -0.0519412 0.634309 354.892 0 0
1500 95.0395 -41.1971 17.9893 0.643031 -0.64415 357.413 0 0
1500 109.629 -13.9155 17.9901 0.862729 -0.237524 357.261 0 0
1500 135.803 -9.34989 18.1434 1.46585 -0.14943 347.077 0 0
1500 84.1344 21.4097 18.1192 0.514833 0.342267 355.453 0 0
1500 92.6543 -20.8546 18.0588 0.580622 -0.28732 362.058 0 0
1500 90.9774 -1.01235 17.8863 0.514939 -0.0659971 362.074 0 0
1500 117.147 42.5746 17.9807 1.02624 0.648926 354.137 0 0
1500 69.8537 -43.248 17.8731 0.231563 -0.751745 354.436 0 0
1500 39.5614 40.6352 17.8369 -0.320629 0.614568 362 0 0
1500 2.39049 33.7012 17.8199 -0.890505 0.542875 358.552 0 0
1500 20.3767 24.6184 17.8395 -0.563574 0.412546 362.037 0 0
1500 78.8655 21.1995 17.8463 0.291396 0.400676 355.596 0 0
1500 13.4007 48.8045 17.8224 -0.691083 0.787822 359.104 0 0
1500 6.69313 32.7244 17.8285 -0.770939 0.536796 360.795 0 0
1500 13.6099 -16.4406 17.8913 -0.734274 -0.298085 356.759 0 0
1500 46.7681 -0.718547 17.8574 -0.145974 -0.0790611 363.169 0 0
1500 65.7284 8.63807 17.8891 0.0838519 0.201033 355.591 0 0
1500 43.5381 -8.53044 17.8628 -0.262766 -0.20154 355.64 0 0
1500 82.4059 -27.1454 17.8559 0.342379 -0.488935 356.117 0 0
1500 103.385 -5.70619 17.9622 0.822272 -0.155194 351.174 0 0
1500 84.6159 56.7357 17.8825 0.395635 0.924945 358.576 0 0
1500 27.3981 58.5724 17.8802 -0.456675 0.940751 359.408 0 0
1500 117.238 40.926 17.9654 1.01195 0.615033 356.176 0 0
1500 95.9985 -35.3244 17.8867 0.69771 -0.55636 352.904 0 0
1500 -5.2852 -34.4648 17.9761 -1.06809 -0.528942 354.927 0 0
1500 140.41 -34.4307 17.8957 1.42895 -0.583595 352.957 0 0
1500 119.706 22.6882 17.8953 0.986443 0.33968 360.725 0 0
1500 85.2228 16.7953 17.9181 0.459894 0.242144 363.876 0 0
1500 106.592 13.1358 17.9054 0.826531 0.20781 358.061 0 0
1500 101.35 50.3569 17.8952 0.724875 0.75284 360.027 0 0
1500 108.678 4.90845 17.9672 0.80414 0.0762512 363.229 0 0
1500 94.7166 -13.1604 17.9723 0.65795 -0.194673 357.71 0 0
1500 104.206 43.3653 17.9566 0.779852 0.653176 359.696 0 0
1500 79.5558 7.62358 17.9798 0.428908 0.125476 357.148 0 0
1500 112.867 13.1092 17.9633 0.868959 0.193544 362.78 0 0
1500 120.403 -11.7822 17.9574 0.989963 -0.163241 361.81 0 0
1500 136.106 1.86237 18.0275 1.35781 -0.0398591 352.591 0 0
1500 94.8179 8.2811 17.9306 0.611181 0.0616056 358.833 0 0
1500 99.8511 1.36657 17.8906 0.670659 -0.00322484 363.144 0 0
1500 98.8553 -69.9494 17.8163 0.654568 -1.07113 361.269 0 0
1500 87.1037 45.0975 17.8415 0.528958 0.679737 356.423 0 0
1500 25.3076 41.9638 17.8445 -0.466334 0.669402 363.222 0 0
1500 69.8645 39.7584 17.8488 0.182812 0.691027 357.835 0 0
1500 93.4417 38.0806 17.875 0.611307 0.620584 358.714 0 0
1500 112.613 29.1762 17.8699 0.855555 0.45894 362.405 0 0
1500 103.87 21.2648 18.0583 0.780796 0.445264 352.175 0 0
1500 142.679 9.22163 18.1829 1.46496 0.153323 356.445 0 0
1500 55.4496 -42.7976 17.9037 -0.0453101 -0.671742 364.425 0 0
1500 84.7353 -50.6929 17.895 0.372271 -0.793084 363.528 0 0
1500 64.0451 -61.7653 17.8905 0.0775372 -0.959796 362.899 0 0
1500 12.0233 -31.0304 17.894 -0.709072 -0.545492 359.27 0 0
1500 18.9195 17.2539 17.9346 -0.595699 0.28317 364.662 0 0
1500 8.93809 1.406 17.9287 -0.799881 0.0654675 358.993 0 0
1500 108.204 -16.9394 17.8094 0.80584 -0.24426 361.914 0 0
1500 92.7683 48.9777 17.8852 0.515491 0.774424 363.261 0 0
1500 91.2958 8.22469 17.9019 0.482639 0.1848 364.951 0 0
1500 52.2124 44.3243 17.8932 -0.071477 0.756929 358.723 0 0
1500 122.436 -11.8138 17.9384 1.02564 -0.157127 362.266 0 0
1500 90.1796 4.80361 17.9757 0.583029 0.0983516 359.224 0 0
1500 36.8488 2.90146 17.8431 -0.365983 0.0272511 365.271 0 0
1500 1.35389 34.0228 17.8165 -0.918076 0.492671 361.009 0 0
1500 74.2447 -39.9012 17.8348 0.174699 -0.633195 358.418 0 0
1500 108.415 41.4077 17.8195 0.806616 0.61231 362.647 0 0
1500 112.625 -19.9225 17.823 0.903484 -0.293337 359.952 0 0
1500 33.24 -46.7093 17.9604 -0.428261 -0.876356 353.087 0 0
1500 89.7381 34.77 18.0498 0.48048 0.598403 359.85 0 0
1500 74.1431 64.067 17.84 0.282486 0.997833 362.399 0 0
1500 120.655 22.7251 17.8394 0.970573 0.394432 361.953 0 0
1500 42.9931 29.7309 18.0844 -0.249943 0.511564 359.412 0 0
1500 25.774 0.70472 18.0859 -0.514777 0.0667128 359.302 0 0
1500 87.4198 25.0738 17.9741 0.509737 0.381974 363.844 0 0
1500 47.841 31.5453 17.8732 -0.145177 0.514584 365.254 0 0
1500 43.9554 11.7035 17.878 -0.221007 0.259871 358.479 0 0
1500 75.5588 38.4838 17.8689 0.246612 0.615632 364.873 0 0
1500 37.7126 58.1124 17.8539 -0.304694 0.940828 361.331 0 0
1500 89.9435 51.8259 17.8563 0.46087 0.823402 363.26 0 0
1500 48.5833 44.7042 17.8645 -0.146404 0.760667 359.588 0 0
1500 73.0729 -17.5365 17.8608 0.280736 -0.260594 365.791 0 0
1500 123.311 -1.70038 17.8353 1.02771 -0.04059 362.762 0 0
1500 101.745 -31.2338 17.8555 0.745742 -0.463123 359.923 0 0
1500 100.445 8.51967 17.8614 0.732557 0.144842 359.329 0 0
1500 77.139 -43.165 18.1379 0.325686 -0.802572 354.55 0 0
1500 58.2678 -2.04245 17.9787 -0.0325951 -0.0878915 359.585 0 0
1500 5.12731 15.293 17.8615 -0.833736 0.302381 361.094 0 0
1500 122.255 1.89275 17.8476 1.00355 0.0560631 364.757 0 0
1500 67.455 -45.0605 18.0002 0.240897 -0.774232 356.813 0 0
1500 118.713 3.62064 17.8228 0.9753 0.00590723 362.146 0 0
1500 84.0155 -45.0017 17.8284 0.455745 -0.737864 361.391 0 0
1500 49.1753 -31.436 17.8427 -0.0709596 -0.487137 367.187 0 0
1500 41.0763 -51.4638 17.8287 -0.201256 -0.837152 361.358 0 0
1500 44.8489 -67.0845 17.8189 -0.138161 -1.03612 363.888 0 0
1500 90.8429 -8.62398 18.0066 0.532124 -0.20966 361.061 0 0
1500 -6.76706 18.7405 17.8531 -0.989733 0.342938 363.863 0 0
1500 12.3755 48.1006 17.8535 -0.699718 0.770436 364.497 0 0
1500 36.3683 26.6599 17.8407 -0.325497 0.442722 367.483 0 0
1500 95.8538 51.9257 17.8204 0.546523 0.852319 362.991 0 0
1500 139.148 -41.9028 17.9092 1.33639 -0.623826 361.257 0 0
1500 106.713 -37.4448 17.8656 0.83235 -0.560084 361.282 0 0
1500 183.75 12.601 17.8447 1.99707 0.237161 361.947 0 0
1500 110.622 -3.40348 18.1107 0.977896 -0.0315427 357.025 0 0
1500 5.71608 -36.9855 17.9032 -0.809188 -0.569184 366.839 0 0
1500 -9.30628 1.27852 17.8998 -1.04784 -0.0165533 365.415 0 0
1500 42.0809 52.5382 17.848 -0.274789 0.802237 367.758 0 0
1500 103.107 11.4809 17.83 0.718874 0.257584 361.465 0 0
1500 65.2228 42.1657 17.9497 0.148826 0.663336 368.393 0 0
1500 19.3978 10.4161 18.0317 -0.653017 0.13058 362.029 0 0
1500 117.569 10.1539 17.8554 0.973448 0.17413 364.859 0 0
1500 88.2358 45.3511 17.9792 0.443702 0.754896 364.843 0 0
1500 108.073 85.5414 17.846 0.72885 1.33894 366.556 0 0
1500 81.598 31.2956 17.9858 0.409292 0.472835 370.795 0 0
1500 62.8593 -65.1668 17.8228 0.0553452 -1.02419 368.343 0 0
1500 110.902 30.0189 17.8805 0.846845 0.512457 367.017 0 0
1500 124.798 7.85308 17.9359 1.11361 0.189621 363.597 0 0
1500 50.8042 -27.5708 18.0049 -0.167501 -0.409161 365.023 0 0
1500 39.409 62.9341 17.8934 -0.249236 1.00744 368.42 0 0
1500 97.1388 46.4347 17.8963 0.615795 0.771054 367.65 0 0
1500 94.6106 42.6074 17.8996 0.582289 0.719074 367.136 0 0
1500 221.828 -97.2378 17.8007 2.50082 -1.47952 368.771 0 0
1500 94.9835 -12.5963 17.8114 0.645578 -0.20878 366.503 0 0
1500 83.3244 -32.6988 17.813 0.42411 -0.474831 372.696 0 0
1500 134.498 13.2686 18.2973 1.46167 0.269844 358.53 0 0
1500 87.6876 41.0352 17.8951 0.538412 0.622597 367.581 0 0
1500 88.5343 -18.2566 17.903 0.557276 -0.287183 366.887 0 0
1500 116.872 -7.61889 17.8102 0.929774 -0.0491301 368.027 0 0
1500 97.1298 39.0365 18.0609 0.736289 0.61745 363.985 0 0
1500 79.8973 19.928 18.7353 0.387859 0.390164 359.22 0 0
1500 50.5722 3.45474 17.8371 -0.0930489 0.128271 366.988 0 0
1500 51.4826 47.5405 17.9986 -0.0715074 0.799622 368.929 0 0
1500 54.2543 -41.5809 17.8433 -0.131232 -0.666568 368.077 0 0
1500 22.8299 9.26515 17.8167 -0.540858 0.0736355 374.402 0 0
1500 110.719 -32.3957 17.8156 0.83172 -0.444518 372.662 0 0
1500 119.674 0.328974 17.8221 1.00009 0.0282042 370.213 0 0
1500 57.21 9.87868 17.8494 0.0548889 0.159523 375.426 0 0
1500 100.666 4.00143 17.8374 0.670491 0.078457 374.499 0 0
1500 95.865 50.9128 17.8778 0.618911 0.76907 373.406 0 0
1500 81.4892 -26.681 17.814 0.428631 -0.375998 369.894 0 0
1500 103.546 -48.4339 17.8078 0.683862 -0.79296 373.108 0 0
1500 68.4347 30.1981 17.8888 0.0942399 0.46378 377.425 0 0
1500 -3.39392 23.2521 17.8658 -0.948768 0.381189 374.667 0 0
1500 81.0077 14.2671 17.9944 0.45168 0.233222 370.856 0 0
1500 34.0405 -39.049 17.8476 -0.435464 -0.634309 371.621 0 0
1500 37.6107 -32.5669 17.852 -0.382862 -0.537875 371.237 0 0
1500 37.889 25.0657 17.8566 -0.380649 0.354973 370.882 0 0
1500 18.2323 16.1844 17.8945 -0.601222 0.280629 377.615 0 0
1500 88.7048 31.4526 17.9029 0.432761 0.513464 378.197 0 0
1500 48.185 63.1208 17.8861 -0.146572 1.01607 374.276 0 0
1500 60.0081 11.0949 17.9141 0.0278645 0.223721 379.069 0 0
1500 49.818 46.8589 17.9001 -0.115869 0.733309 377.94 0 0
1500 93.7115 -20.1181 17.8368 0.616383 -0.352778 372.296 0 0
1500 77.7152 36.9408 17.9828 0.377379 0.617794 372.949 0 0
1500 130.086 -10.488 17.9319 1.20323 -0.225197 371.334 0 0
1500 74.6851 -55.2241 17.8141 0.302403 -0.821102 378.541 0 0
1500 141.698 31.625 18.2753 1.49379 0.528776 371.002 0 0
1500 27.6045 50.7909 17.9129 -0.472034 0.859711 374.524 0 0
1500 98.1746 54.4995 17.841 0.668112 0.806156 377.79 0 0
1500 111.203 -13.8971 17.8512 0.833907 -0.195856 379.925 0 0
1500 97.8274 -13.1304 17.9154 0.601366 -0.276125 374.978 0 0
1500 102.73 -41.6889 17.9017 0.661975 -0.700659 376.447 0 0
1500 133.987 -70.126 17.9023 1.22209 -1.23589 373.137 0 0
1500 51.1289 16.297 18.2216 -0.120253 0.288917 378.475 0 0
1500 103.538 46.7488 17.8893 0.704259 0.765826 381.079 0 0
1500 66.7391 70.2656 17.8478 0.189782 1.1836 376.742 0 0
1500 44.908 -0.315775 17.8938 -0.242752 0.0155122 387.229 0 0
1500 75.6856 29.5784 17.8569 0.351559 0.439923 381.099 0 0
1500 113.219 23.0138 17.8421 0.86484 0.312634 386.303 0 0
1500 65.9521 69.1902 17.91 0.174554 1.18719 380.784 0 0
1500 92.4272 -39.5485 17.8746 0.514841 -0.676502 387.045 0 0
1500 124.551 -22.8178 17.8779 1.14123 -0.432875 383.97 0 0
1500 73.4246 -8.4326 18.0475 0.334047 -0.190011 386.916 0 0
1500 112.993 -13.6525 17.935 0.91196 -0.238887 395.156 0 0
1500 103.58 8.53161 17.9425 0.780059 0.0971563 394.293 0 0
1500 121.1 -5.68376 17.932 0.990065 -0.113558 398.116 0 0
1500 90.5932 -35.4922 17.9438 0.537237 -0.532133 399.68 0 0
1500 107.92 -5.03404 17.9396 0.84266 -0.109773 394.584 0 0
1500 75.88 56.3059 17.8004 0.242182 0.882006 400.82 0 0
1500 73.7703 0.356971 18.0552 0.3375 -0.0352423 397.819 0 0
1500 137.234 -8.85224 18.0014 1.36076 -0.107933 397.583 0 0
1500 92.86 46.6815 17.9289 0.558078 0.721091 407.981 0 0
1500 92.3577 -52.4064 17.8248 0.551566 -0.80752 412.102 0 0
