Total number of secondary electrons: 1586
1500 121.075 -1.22312 16.2883 1.37048 -0.0326355 240.24 0 0
1500 103.759 -6.30362 15.7516 0.876176 -0.0785042 260.096 0 0
1500 98.2849 -10.9187 15.3633 0.756024 -0.162106 266.289 0 0
1500 77.8506 11.5953 15.0162 0.410087 0.156394 276.638 0 0
1500 82.1178 -5.38244 14.6989 0.471571 -0.0438976 289.791 0 0
1500 88.1351 5.22377 13.7122 0.452277 0.0319961 294.744 0 0
1500 128.757 -14.5176 15.0942 1.3188 -0.32551 297.567 0 0
1500 86.4719 -7.25904 15.0107 0.558873 -0.0718135 297.658 0 0
1500 93.0277 -5.31388 13.6773 0.514304 -0.0803177 297.956 0 0
1500 120.155 23.3487 14.9869 1.16797 0.455518 298.352 0 0
1500 95.9144 -10.777 13.8708 0.554628 -0.159519 298.497 0 0
1500 90.5714 0.252327 14.4275 0.545584 0.0335869 298.537 0 0
1500 102.016 -1.32119 14.0637 0.702873 -0.0677706 299.365 0 0
1500 81.7578 -19.3981 14.2737 0.419759 -0.258762 300.206 0 0
1500 114.859 -32.8721 13.7016 0.747898 -0.474315 300.209 0 0
1500 107.703 9.82663 14.0791 0.711504 0.117399 300.445 0 0
1500 103.888 -29.1617 13.7229 0.603711 -0.391903 300.556 0 0
1500 120.468 8.98798 14.6603 1.01894 0.150608 300.685 0 0
1500 93.1961 -3.77449 14.9596 0.668632 -0.00183975 301.081 0 0
1500 91.4855 -59.0742 13.4801 0.381139 -0.753642 303.252 0 0
1500 156.753 30.8608 14.0006 1.45742 0.438736 303.987 0 0
1500 112.954 107.106 13.7107 0.717043 1.38346 306.054 0 0
1500 21.8012 -77.3616 13.7353 -0.384358 -0.904711 307.612 0 0
1500 75.9229 -55.9104 13.9199 0.181012 -0.688977 307.834 0 0
1500 111.556 -9.77846 15.136 0.881591 -0.204929 307.91 0 0
1500 -6.43885 -65.3816 13.8792 -0.722259 -0.791902 308.86 0 0
1500 35.2117 -79.736 14.0103 -0.261995 -0.924419 309.942 0 0
1500 76.2441 -10.822 14.5686 0.223396 -0.145035 309.954 0 0
1500 75.2334 -0.317993 15.8508 0.394312 -0.00142447 310.418 0 0
1500 85.7277 -92.0952 14.2336 0.392788 -1.17136 311.057 0 0
1500 81.2671 10.146 15.3633 0.407201 0.0967757 311.226 0 0
1500 77.7398 26.2981 14.9717 0.280066 0.339638 312.767 0 0
1500 102.681 -0.770044 16.5102 0.817102 -0.0108005 313.021 0 0
1500 93.9757 9.34899 16.0337 0.641565 0.13872 313.227 0 0
1500 138.516 -9.6279 15.963 1.50907 -0.240847 313.709 0 0
1500 102.473 -9.49413 15.1611 0.651755 -0.120938 315.081 0 0
1500 74.5597 -19.0887 15.1395 0.245086 -0.252621 315.186 0 0
1500 80.5453 4.31193 15.2322 0.413024 0.0362657 316.008 0 0
1500 68.7965 -3.41286 14.918 0.188772 0.00753933 318.694 0 0
1500 66.1853 35.1093 14.6436 0.133398 0.464965 319.706 0 0
1500 77.576 70.751 14.5861 0.271222 0.85693 320.175 0 0
1500 77.6706 14.4652 15.4505 0.380061 0.199133 320.56 0 0
1500 73.1168 10.6641 15.6693 0.266308 0.155828 320.761 0 0
1500 104.543 31.721 14.5697 0.603226 0.348797 320.977 0 0
1500 77.5872 -5.12076 14.6065 0.278618 -0.106795 321.234 0 0
1500 121.159 -35.6251 14.5487 0.786238 -0.407229 321.287 0 0
1500 68.429 20.2751 14.6423 0.0984897 0.285126 321.478 0 0
1500 58.8107 14.1682 14.8861 0.0535483 0.1948 322.009 0 0
1500 95.5791 -0.93252 16.0334 0.644708 -0.00696573 322.159 0 0
1500 92.0776 16.9782 15.4936 0.515943 0.238478 322.089 0 0
1500 69.0393 -2.4574 15.5987 0.236577 -0.0759608 322.351 0 0
1500 72.4905 -53.1723 14.6239 0.214819 -0.666534 322.541 0 0
1500 79.248 -8.7259 15.9239 0.439542 -0.135978 322.687 0 0
1500 77.2629 51.9148 14.664 0.200217 0.65042 322.679 0 0
1500 89.3375 -8.27139 16.132 0.581135 -0.0660277 323.086 0 0
1500 17.8774 -3.25791 14.6492 -0.527068 -0.0218815 323.08 0 0
1500 94.7709 -17.2637 14.6349 0.492579 -0.169002 323.067 0 0
1500 49.1178 1.88851 14.7539 -0.141652 0.0478182 323.301 0 0
1500 88.1813 4.01291 15.8222 0.532637 0.140352 323.433 0 0
1500 54.6967 44.6558 14.8992 -0.0168761 0.667984 323.648 0 0
1500 91.1361 -5.5862 15.6898 0.548187 -0.0901084 323.74 0 0
1500 112.403 -5.09286 15.3014 0.809999 -0.00753031 325.164 0 0
1500 68.4118 -29.3683 15.2947 0.149232 -0.375366 326.268 0 0
1500 131.015 46.3271 14.7864 0.884058 0.607574 326.767 0 0
1500 80.1698 -116.87 14.9076 0.291453 -1.56736 327.392 0 0
1500 93.7641 69.1636 15.0323 0.469748 0.8692 328.263 0 0
1500 38.2108 33.1965 15.0998 -0.256963 0.428015 328.43 0 0
1500 94.1873 46.0512 16.2723 0.702134 0.767609 328.743 0 0
1500 1.40324 -18.8417 15.1049 -0.704977 -0.257944 329.109 0 0
1500 79.3095 -5.41082 15.8036 0.411474 -0.0761762 329.55 0 0
1500 83.6754 -3.63273 16.3097 0.460458 0.0051737 330.198 0 0
1500 86.3614 -21.6347 16.7327 0.610462 -0.403193 330.633 0 0
1500 -15.1005 -83.5438 15.1263 -0.878106 -1.00625 330.822 0 0
1500 27.1832 -28.0814 15.377 -0.377266 -0.382286 330.842 0 0
1500 85.1739 20.0866 15.4695 0.421064 0.238361 331.558 0 0
1500 132.305 -43.1153 15.1823 0.922495 -0.485901 331.724 0 0
1500 101.65 -4.16846 15.6701 0.611121 -0.00307635 331.77 0 0
1500 96.4055 13.3549 16.1838 0.573791 0.206987 331.789 0 0
1500 19.9525 30.2782 15.5132 -0.505166 0.463101 331.805 0 0
1500 78.4852 -13.4172 15.9884 0.35377 -0.217271 332.035 0 0
1500 105.583 10.3823 15.692 0.655329 0.167809 332.046 0 0
1500 47.2605 -36.5472 15.4415 -0.166207 -0.444881 332.167 0 0
1500 75.7137 33.7136 16.2766 0.335448 0.527758 332.299 0 0
1500 106.787 -9.64517 17.3526 1.04408 -0.182286 332.441 0 0
1500 100.273 -91.9716 15.3492 0.546001 -1.10369 332.936 0 0
1500 97.0781 7.73251 16.4588 0.625924 0.124019 333.041 0 0
1500 96.372 -46.1025 15.5038 0.530709 -0.618855 333.232 0 0
1500 76.1126 -1.5566 16.8581 0.360759 -0.0526297 334.396 0 0
1500 73.9024 9.5857 16.4167 0.258374 0.150859 334.895 0 0
1500 129.336 49.9395 15.4837 0.840237 0.626715 334.955 0 0
1500 83.0439 16.2514 16.6408 0.478095 0.351232 335.191 0 0
1500 44.8037 2.08131 16.0508 -0.149788 -0.00949528 336.252 0 0
1500 141.185 -32.5473 16.0052 1.28428 -0.482669 336.286 0 0
1500 62.7214 17.2962 16.0054 0.0945222 0.267813 336.71 0 0
1500 63.4244 -13.3054 16.3863 0.109011 -0.175144 336.76 0 0
1500 118.89 -57.9472 15.6675 0.723621 -0.733333 337.362 0 0
1500 98.7882 -0.548655 17.1659 0.69042 0.0129077 337.439 0 0
1500 80.2264 -7.57745 16.4115 0.33615 -0.112906 337.875 0 0
1500 89.081 -6.27536 16.7944 0.544458 -0.0769492 338.496 0 0
1500 85.7949 -6.7094 16.662 0.424792 -0.0531889 338.556 0 0
1500 79.1661 7.10479 16.5465 0.392842 0.115263 339.123 0 0
1500 120.508 48.4097 15.8742 0.754335 0.659766 339.217 0 0
1500 62.3551 -32.7173 16.4412 0.0549328 -0.471352 339.428 0 0
1500 105.08 19.4738 16.201 0.646448 0.282829 340.131 0 0
1500 91.7372 -4.48614 17.1139 0.587233 -0.0267228 340.258 0 0
1500 81.6005 8.34839 16.7061 0.438302 0.0959918 340.342 0 0
1500 82.452 16.0145 16.4009 0.408202 0.226259 340.398 0 0
1500 98.3812 -14.2679 17.364 0.759058 -0.180841 340.469 0 0
1500 79.5786 -14.5565 17.8498 0.463157 -0.212631 341.662 0 0
1500 157.156 31.7813 16.0374 1.23102 0.340502 341.734 0 0
1500 36.1627 51.0628 16.0574 -0.311739 0.700019 341.812 0 0
1500 106.097 5.58473 17.1862 0.858109 0.0675685 342.231 0 0
1500 13.7587 25.4268 16.2234 -0.642745 0.386839 342.298 0 0
1500 104.272 11.0024 16.8221 0.791245 0.226453 342.407 0 0
1500 61.9631 22.9961 16.1702 0.116381 0.315188 342.591 0 0
1500 111.808 -32.2462 16.1121 0.671585 -0.468745 342.648 0 0
1500 92.8886 -7.1844 17.4313 0.615946 -0.0581596 342.733 0 0
1500 106.404 -24.2853 16.2583 0.660406 -0.354294 342.806 0 0
1500 71.3998 -6.9634 16.9115 0.223028 -0.12784 342.859 0 0
1500 102.675 -2.76158 16.6215 0.668751 -0.0219162 342.904 0 0
1500 126.734 -28.6046 16.8413 1.0937 -0.427888 342.998 0 0
1500 63.4488 52.2535 16.2267 0.133824 0.684167 343.601 0 0
1500 71.6211 -19.2251 16.5826 0.183254 -0.291252 343.618 0 0
1500 70.212 26.4834 16.2988 0.18967 0.40217 343.907 0 0
1500 38.5323 -22.0805 16.2227 -0.19974 -0.29191 343.943 0 0
1500 75.1563 15.0518 17.3663 0.337435 0.300725 344.136 0 0
1500 53.0046 39.2409 16.3158 -0.0323992 0.564598 344.224 0 0
1500 22.678 40.8995 16.2652 -0.517004 0.522892 344.56 0 0
1500 74.7669 -2.11159 18.1502 0.419412 -0.020071 344.697 0 0
1500 111.077 -43.8574 16.2976 0.729727 -0.532966 344.824 0 0
1500 117.773 30.6621 16.2995 0.813447 0.40243 344.857 0 0
1500 121.289 26.4675 16.3083 0.855974 0.349139 345.005 0 0
1500 159.579 -16.6238 16.6052 1.51886 -0.231516 345.229 0 0
1500 4.41534 -38.3907 16.3167 -0.742247 -0.487079 345.474 0 0
1500 38.2323 -67.7589 16.3281 -0.313293 -0.856764 345.673 0 0
1500 -4.66523 -28.6123 16.3357 -0.853645 -0.361756 345.805 0 0
1500 59.383 -21.2324 16.6088 0.0696166 -0.334109 345.864 0 0
1500 97.3709 -11.9812 16.9362 0.600595 -0.216991 345.885 0 0
1500 23.816 64.2218 16.3462 -0.493416 0.806906 345.986 0 0
1500 -6.01059 32.8268 16.3547 -0.867034 0.411204 346.132 0 0
1500 129.026 8.9293 16.4304 0.957385 0.109654 346.325 0 0
1500 76.1053 -16.882 17.4961 0.33114 -0.254849 346.782 0 0
1500 74.3397 48.2439 16.8394 0.32353 0.729576 346.911 0 0
1500 128.907 28.2946 16.9299 1.13662 0.41051 346.978 0 0
1500 80.7635 -10.3111 17.351 0.385697 -0.18493 347.144 0 0
1500 81.157 -9.28131 18.1631 0.466276 -0.11418 347.445 0 0
1500 84.7085 -2.77838 17.1574 0.485952 -0.0269503 347.641 0 0
1500 92.2867 -23.2209 16.7538 0.474412 -0.353395 348.066 0 0
1500 137.269 14.5267 16.5204 1.01303 0.191419 348.403 0 0
1500 109.193 16.0116 16.9897 0.75282 0.232587 348.39 0 0
1500 86.6565 8.39156 17.8047 0.480057 0.139913 348.514 0 0
1500 41.4297 -44.0141 16.7312 -0.179256 -0.627521 348.888 0 0
1500 0.526704 32.5933 16.6 -0.76928 0.416795 348.923 0 0
1500 -5.69316 31.5654 16.5368 -0.821088 0.43821 349.174 0 0
1500 28.8538 -18.2138 16.6242 -0.413403 -0.185854 349.228 0 0
1500 -36.8402 -2.12437 16.6513 -1.36359 0.0218379 349.225 0 0
1500 92.5334 18.7161 17.4009 0.597917 0.257739 349.256 0 0
1500 127.159 -8.05377 16.5923 0.939178 -0.0789618 349.252 0 0
1500 79.9151 -1.77942 17.8002 0.475767 -0.0518884 349.537 0 0
1500 66.038 -65.8607 16.6329 0.0996456 -0.968298 349.548 0 0
1500 118.491 3.07827 18.4067 1.33234 0.0873632 349.719 0 0
1500 102.023 -45.4735 16.807 0.663383 -0.620399 349.879 0 0
1500 118.385 2.95844 16.7901 0.841486 0.0754955 350.259 0 0
1500 121.203 9.15081 18.1985 1.19013 0.129678 350.242 0 0
1500 118.718 -8.84842 16.7913 0.84545 -0.0745615 350.284 0 0
1500 119.203 -9.95785 16.8208 0.904707 -0.206517 350.547 0 0
1500 54.774 -8.81407 16.6734 -0.100948 -0.087701 350.702 0 0
1500 87.3105 -22.0283 17.6478 0.473247 -0.328183 350.934 0 0
1500 105.494 -5.98433 16.9887 0.654663 -0.107772 350.992 0 0
1500 113.69 15.2449 16.7132 0.705511 0.193407 351.262 0 0
1500 107.016 26.2689 16.7224 0.627028 0.320969 351.393 0 0
1500 86.2954 -24.7196 17.0496 0.448126 -0.365749 351.4 0 0
1500 65.4412 83.9245 16.6919 0.0920211 1.09255 351.441 0 0
1500 90.4873 -20.4911 17.0513 0.501373 -0.311655 351.437 0 0
1500 83.6624 28.4243 17.1059 0.418854 0.417196 351.419 0 0
1500 103.501 31.8266 16.7311 0.5859 0.388431 351.549 0 0
1500 77.5185 -7.67299 17.5721 0.349188 -0.164518 351.723 0 0
1500 128.272 21.2157 16.8647 0.95783 0.287233 351.807 0 0
1500 92.596 5.0992 17.0586 0.468897 0.0914717 352.089 0 0
1500 4.30456 13.167 16.7441 -0.749975 0.19758 352.239 0 0
1500 69.3632 -6.49755 18.284 0.322475 -0.1346 352.249 0 0
1500 83.9502 -19.9324 17.0787 0.377544 -0.249769 352.483 0 0
1500 81.0421 -8.87429 17.0974 0.396244 -0.0803855 352.48 0 0
1500 45.938 -35.3972 16.9601 -0.115375 -0.519645 352.463 0 0
1500 100.287 19.1903 16.7762 0.59089 0.197101 352.445 0 0
1500 71.1497 -47.6672 16.8123 0.197232 -0.676974 352.538 0 0
1500 72.7093 -7.92269 16.812 0.225815 -0.074492 352.66 0 0
1500 69.1386 -53.8393 16.9509 0.128943 -0.815791 352.71 0 0
1500 97.2968 14.2615 17.2199 0.617462 0.15134 352.792 0 0
1500 -7.35356 6.8418 16.8009 -0.825215 0.0709209 352.966 0 0
1500 30.6947 11.9673 16.8931 -0.391375 0.114115 352.961 0 0
1500 115.637 -18.7623 16.9121 0.814042 -0.243273 353.274 0 0
1500 39.0923 41.7404 16.8507 -0.305306 0.536993 353.509 0 0
1500 100.55 -17.1317 16.9886 0.558357 -0.229519 353.674 0 0
1500 125.351 -8.7089 16.8654 0.884486 -0.171422 353.648 0 0
1500 36.5056 4.77425 17.2003 -0.283776 0.0880805 353.667 0 0
1500 63.4643 -15.0949 17.859 0.151422 -0.217693 353.779 0 0
1500 113.497 29.6045 16.9754 0.736724 0.438832 354.149 0 0
1500 97.5177 -0.791244 17.4111 0.633853 0.000619372 354.202 0 0
1500 97.1352 3.3434 17.0402 0.564477 -0.010988 354.24 0 0
1500 87.624 9.41024 18.2118 0.532569 0.173063 354.291 0 0
1500 100.499 -57.5897 16.8966 0.56358 -0.787433 354.276 0 0
1500 126.949 -77.8712 16.8496 0.858578 -1.04907 354.303 0 0
1500 39.1091 -71.8703 16.9086 -0.211144 -0.964914 354.513 0 0
1500 91.4607 -28.2874 17.0515 0.489734 -0.417328 354.493 0 0
1500 57.9022 2.15445 17.0551 0.0154703 -0.0320924 354.531 0 0
1500 77.6149 -56.8896 16.9336 0.279791 -0.788496 354.641 0 0
1500 83.1888 52.5794 17.0975 0.408914 0.774079 354.726 0 0
1500 53.0597 -26.5895 17.0176 -0.024108 -0.360176 355.054 0 0
1500 87.2968 -29.08 17.0216 0.364007 -0.393806 355.236 0 0
1500 71.4712 -23.2759 17.1814 0.200087 -0.320668 355.501 0 0
1500 95.7831 -6.59715 17.1976 0.577073 -0.117219 355.483 0 0
1500 87.5663 -19.4463 17.1206 0.449979 -0.30038 356.054 0 0
1500 78.0233 -71.4756 17.0035 0.279866 -0.957474 356.079 0 0
1500 25.8268 22.8696 17.0811 -0.519864 0.346436 356.065 0 0
1500 85.565 -3.46943 18.1843 0.507552 -0.101607 356.436 0 0
1500 66.4233 22.2988 17.2789 0.144153 0.353885 356.654 0 0
1500 80.5842 -5.08876 17.1882 0.35736 -0.120034 356.921 0 0
1500 87.558 29.9585 17.2072 0.411502 0.383196 357.548 0 0
1500 93.7602 21.9243 17.2069 0.483683 0.289748 357.543 0 0
1500 137.609 17.2543 17.2678 1.19429 0.211045 357.797 0 0
1500 85.35 -1.49724 17.9158 0.477876 -0.0791845 357.891 0 0
1500 59.7666 -17.171 17.3841 0.0693631 -0.288426 357.926 0 0
1500 74.7662 -16.7761 17.3893 0.264064 -0.28278 358.063 0 0
1500 44.4914 -17.7755 17.3576 -0.200666 -0.21925 357.974 0 0
1500 89.9175 14.4348 17.1026 0.443891 0.255195 358.064 0 0
1500 115.582 -31.9673 17.2106 0.783248 -0.500603 358.087 0 0
1500 79.3487 59.7485 17.1382 0.280958 0.831649 358.13 0 0
1500 73.8316 11.0035 18.152 0.311781 0.190778 358.28 0 0
1500 90.1236 -11.3785 17.2642 0.486602 -0.223866 358.282 0 0
1500 30.8744 16.3782 17.2498 -0.396676 0.237931 358.417 0 0
1500 66.5783 -3.80754 18.1147 0.234168 -0.108234 358.453 0 0
1500 94.1199 -47.8319 17.3523 0.563702 -0.821072 358.51 0 0
1500 88.4175 21.4936 17.1751 0.368026 0.333699 358.637 0 0
1500 74.7742 26.5638 17.2152 0.268571 0.409328 358.774 0 0
1500 75.2206 18.8279 17.5718 0.233802 0.283014 358.932 0 0
1500 -66.6191 36.0505 17.1629 -1.72021 0.502452 358.99 0 0
1500 8.11229 -22.9108 17.1866 -0.658833 -0.364474 359.308 0 0
1500 77.1613 24.1317 18.0242 0.333438 0.366316 359.738 0 0
1500 67.4471 -2.9364 17.4507 0.164827 -0.086921 359.766 0 0
1500 57.9701 -8.73334 17.4863 -0.0170875 -0.14149 359.772 0 0
1500 64.139 9.14454 17.918 0.182315 0.179343 359.882 0 0
1500 100.491 37.8607 17.2762 0.680961 0.526405 360.003 0 0
1500 92.5946 22.3888 17.3628 0.546792 0.289141 360.074 0 0
1500 21.1827 -32.8822 17.4161 -0.575627 -0.461376 360.779 0 0
1500 29.9451 31.3155 17.331 -0.379016 0.521382 360.65 0 0
1500 81.8111 -2.28062 18.0326 0.416425 -0.00346184 360.916 0 0
1500 79.279 15.4673 17.4213 0.276658 0.263501 360.843 0 0
1500 114.848 -12.3713 18.4148 1.08879 -0.214388 360.858 0 0
1500 67.9737 -17.109 17.6704 0.169599 -0.285518 360.938 0 0
1500 48.1314 -26.6239 17.2805 -0.128072 -0.429923 361.088 0 0
1500 63.7627 -2.58403 17.3572 0.139063 -0.0337404 361.228 0 0
1500 45.7996 31.6629 17.5116 -0.154955 0.477659 361.206 0 0
1500 89.9677 48.0327 17.3426 0.492256 0.664842 361.404 0 0
1500 85.5601 45.5935 17.2378 0.4348 0.596046 361.564 0 0
1500 50.4836 -36.2074 17.3096 -0.0646664 -0.552511 361.589 0 0
1500 70.6981 40.2881 17.2697 0.163649 0.617179 361.941 0 0
1500 65.2021 75.1164 17.3309 0.124677 1.11979 361.975 0 0
1500 89.249 -74.8545 17.2251 0.435773 -1.01689 362.008 0 0
1500 67.4375 77.6677 17.2684 0.138829 1.03839 362.021 0 0
1500 104.18 45.4786 17.2985 0.688831 0.599318 362.098 0 0
1500 81.3494 -7.4279 17.7551 0.371566 -0.163945 362.403 0 0
1500 88.9991 -44.1951 17.3358 0.452896 -0.653189 362.466 0 0
1500 129.363 -1.07896 17.3789 1.06706 -0.0703168 362.632 0 0
1500 84.5785 11.0203 17.8629 0.4259 0.1347 362.676 0 0
1500 74.2438 11.0521 18.4734 0.327456 0.192898 362.672 0 0
1500 109.522 53.9658 17.3342 0.740309 0.822716 362.698 0 0
1500 75.6365 23.1663 17.5875 0.328768 0.356406 363.098 0 0
1500 96.2394 7.31914 18.0993 0.644697 0.127355 363.206 0 0
1500 89.5477 39.1089 17.4647 0.491826 0.576028 363.297 0 0
1500 57.5869 -64.1274 17.3383 -0.0172236 -0.975465 363.396 0 0
1500 134.721 33.5273 17.3508 1.06764 0.485664 363.579 0 0
1500 36.8426 -67.5599 17.3096 -0.238596 -0.945082 363.475 0 0
1500 95.1879 -24.95 17.5176 0.636652 -0.404715 363.576 0 0
1500 104.311 26.1858 17.5656 0.710936 0.372252 363.605 0 0
1500 98.0457 -9.89275 18.6858 0.794779 -0.174004 363.609 0 0
1500 63.6375 -31.6001 17.39 0.117099 -0.504389 363.607 0 0
1500 46.1846 -72.0903 17.3237 -0.114394 -0.999706 363.876 0 0
1500 54.6971 3.40532 17.4832 -0.100982 0.0345109 363.862 0 0
1500 55.5151 -54.7041 17.3271 -0.0986789 -0.789357 363.94 0 0
1500 -4.36165 -36.9905 17.3817 -0.866114 -0.517215 364.016 0 0
1500 15.9014 63.8928 17.3268 -0.592423 0.862865 364.129 0 0
1500 99.0831 3.68294 17.7219 0.642014 0.104042 364.302 0 0
1500 87.8876 -18.9644 17.8134 0.529534 -0.249101 364.768 0 0
1500 68.2718 -2.82889 18.121 0.234114 -0.105202 365.036 0 0
1500 91.1656 7.96886 17.9127 0.568014 0.064446 365.058 0 0
1500 119.881 2.35624 17.4227 0.887029 -0.0279867 365.071 0 0
1500 97.9674 37.4317 17.63 0.629454 0.547297 365.258 0 0
1500 60.2474 74.8999 17.3733 0.0202003 1.04392 365.132 0 0
1500 68.622 14.9587 17.7637 0.129268 0.228034 365.094 0 0
1500 92.8057 -24.1468 17.4516 0.552308 -0.297179 365.151 0 0
1500 39.2341 2.81112 17.4106 -0.293989 -0.0286501 365.227 0 0
1500 104.244 -61.5698 17.4629 0.695073 -0.918388 365.286 0 0
1500 95.7842 12.2129 17.7351 0.668314 0.170967 365.446 0 0
1500 36.3481 26.3609 17.4033 -0.384815 0.387586 365.492 0 0
1500 52.2606 -8.26075 17.5774 -0.0239923 -0.148357 365.551 0 0
1500 -58.4439 54.2826 17.3836 -1.5849 0.750537 365.543 0 0
1500 77.0595 74.9264 17.3828 0.305228 1.0028 365.587 0 0
1500 49.5963 75.259 17.3937 -0.118195 1.04115 365.68 0 0
1500 54.0972 -4.28436 17.6394 -0.0566448 -0.125946 365.642 0 0
1500 116.145 -47.268 17.4051 0.866052 -0.696088 365.772 0 0
1500 40.1917 -6.73641 17.6413 -0.253876 -0.160497 365.781 0 0
1500 36.626 -22.505 17.8517 -0.347641 -0.431005 365.967 0 0
1500 100.465 26.0618 17.6766 0.681942 0.383427 366.13 0 0
1500 76.177 16.1686 17.4726 0.208613 0.279455 366.154 0 0
1500 38.7022 15.4775 17.6755 -0.300378 0.286234 366.133 0 0
1500 36.7336 -12.9546 18.0523 -0.341113 -0.167438 366.199 0 0
1500 4.43819 -7.04223 17.4202 -0.829561 -0.0896951 366.542 0 0
1500 124.864 38.2021 17.7219 1.08069 0.649108 366.528 0 0
1500 71.8874 28.9106 17.5058 0.184076 0.401231 366.667 0 0
1500 74.3604 40.4185 17.4804 0.18057 0.62475 366.814 0 0
1500 14.7248 -15.858 17.7373 -0.676205 -0.268049 367.129 0 0
1500 47.2618 -27.1354 17.5564 -0.13216 -0.380737 367.145 0 0
1500 90.2721 2.50383 18.3441 0.58537 0.0865873 367.303 0 0
1500 98.0865 2.09937 17.5663 0.656332 0.0284583 367.304 0 0
1500 119.51 -5.24531 17.4559 0.886325 -0.146511 367.321 0 0
1500 143.406 -19.1273 17.86 1.48933 -0.300712 367.392 0 0
1500 42.0282 15.5813 17.5817 -0.221166 0.22855 367.467 0 0
1500 52.4199 26.4994 17.4789 -0.154554 0.406297 367.559 0 0
1500 109.407 37.2516 17.9039 0.87797 0.653013 367.631 0 0
1500 96.5492 -4.18162 18.9792 0.752189 -0.11484 367.797 0 0
1500 94.4168 -1.36233 18.0877 0.611288 -0.0869337 367.83 0 0
1500 97.484 26.8573 18.0111 0.657621 0.478525 367.861 0 0
1500 42.3583 -16.3238 18.0097 -0.219421 -0.239763 367.872 0 0
1500 56.0372 18.9015 17.8648 -0.0364398 0.291434 367.966 0 0
1500 113.686 46.475 17.5426 0.875179 0.682633 367.962 0 0
1500 124.707 26.2981 17.5172 0.962091 0.397881 368.121 0 0
1500 70.6963 -20.0214 17.9677 0.173198 -0.300663 368.294 0 0
1500 57.4571 46.5435 17.5127 0.0609799 0.705469 368.316 0 0
1500 24.6204 29.2931 17.5516 -0.475041 0.505535 368.325 0 0
1500 66.7077 41.6142 17.6777 0.0896664 0.637076 368.411 0 0
1500 101.578 -47.6153 17.485 0.629017 -0.696858 368.425 0 0
1500 50.0614 -36.9746 17.7511 -0.142208 -0.542447 368.544 0 0
1500 14.2936 -19.4109 17.6631 -0.658118 -0.320377 368.62 0 0
1500 50.6511 74.7524 17.588 -0.104899 1.12673 368.903 0 0
1500 42.1286 37.9379 17.6421 -0.283412 0.562579 368.986 0 0
1500 63.3645 -32.624 17.6636 0.0627397 -0.544472 368.853 0 0
1500 99.91 -15.6541 17.6467 0.67288 -0.17773 369.332 0 0
1500 47.7529 43.9394 17.549 -0.135652 0.605723 369.355 0 0
1500 128.852 28.1918 18.1437 1.24882 0.475504 369.356 0 0
1500 116.455 42.5121 17.5534 0.835887 0.606947 369.399 0 0
1500 71.8033 -21.8108 17.635 0.202018 -0.320842 369.898 0 0
1500 57.4535 -20.3386 18.0591 0.0284657 -0.293048 369.996 0 0
1500 100.719 18.4495 17.8848 0.714534 0.317632 369.989 0 0
1500 22.2878 -13.7137 17.8467 -0.543445 -0.195711 370.034 0 0
1500 23.0467 -30.3581 17.5775 -0.526311 -0.509699 370.06 0 0
1500 73.7251 -28.3245 17.5475 0.23679 -0.394649 370.118 0 0
1500 51.3049 -11.2013 18.8282 -0.0511161 -0.274288 370.147 0 0
1500 66.786 -29.983 17.8858 0.18727 -0.500367 370.334 0 0
1500 126.847 50.502 17.5438 1.02112 0.6869 370.368 0 0
1500 83.8461 11.8074 18.221 0.430326 0.279452 370.495 0 0
1500 80.2049 -41.7667 17.9569 0.397742 -0.742605 370.557 0 0
1500 173.048 -9.37632 17.5903 1.71573 -0.0953655 370.786 0 0
1500 53.3011 -37.2618 17.5844 -0.14147 -0.549339 370.939 0 0
1500 93.276 -31.8357 17.8918 0.561736 -0.521495 371.066 0 0
1500 111.054 37.235 17.6694 0.812523 0.56886 371.104 0 0
1500 69.708 -2.20755 18.2745 0.278465 -0.0963839 371.151 0 0
1500 74.381 30.6861 17.9574 0.274194 0.51046 371.181 0 0
1500 77.6835 -7.81882 18.9698 0.423399 -0.166137 371.19 0 0
1500 23.8799 22.3899 17.5858 -0.572484 0.327719 371.198 0 0
1500 33.8223 -39.0588 17.5869 -0.425528 -0.572107 371.377 0 0
1500 63.2365 57.0172 17.5453 0.116664 0.881729 371.448 0 0
1500 55.1292 27.1269 17.5787 -0.0506674 0.47062 371.484 0 0
1500 25.563 -22.6411 17.7915 -0.550961 -0.378565 371.544 0 0
1500 93.0784 19.2141 18.91 0.777973 0.468638 371.858 0 0
1500 60.8016 -8.53217 18.2337 0.063418 -0.0881198 371.935 0 0
1500 72.4691 -68.488 17.6149 0.214628 -0.993251 372.155 0 0
1500 86.5547 -2.76646 17.6559 0.500288 -0.0215745 372.146 0 0
1500 74.4231 18.6337 18.1053 0.250371 0.346827 372.143 0 0
1500 80.7969 -23.7642 18.8747 0.48576 -0.399049 372.456 0 0
1500 32.1401 13.3018 18.2713 -0.40518 0.218887 372.527 0 0
1500 80.5611 17.3413 18.2534 0.391513 0.243145 372.699 0 0
1500 18.2007 19.656 17.587 -0.584286 0.264134 372.725 0 0
1500 65.1307 57.3146 17.6909 0.135648 0.892098 372.694 0 0
1500 78.7866 42.8607 17.7039 0.380349 0.678775 372.818 0 0
1500 16.7403 -49.6549 17.6003 -0.661197 -0.711801 372.849 0 0
1500 -8.80082 -11.0982 17.5729 -0.97219 -0.132299 372.932 0 0
1500 90.5195 -60.6632 18.1619 0.641797 -1.09285 372.951 0 0
1500 58.9217 0.478557 17.7004 -0.0188115 0.0679158 373.072 0 0
1500 -3.16841 24.102 17.6045 -0.941691 0.342807 373.191 0 0
1500 67.2759 3.26446 17.8225 0.166304 0.0966479 373.288 0 0
1500 69.742 64.3496 17.7375 0.219197 0.972167 373.322 0 0
1500 72.4631 13.1624 18.0506 0.258354 0.226265 373.469 0 0
1500 33.7657 -36.9793 17.6074 -0.314504 -0.562944 373.503 0 0
1500 4.75534 -45.7484 17.6281 -0.767086 -0.682559 373.513 0 0
1500 12.8239 15.0121 17.5947 -0.711144 0.163304 373.611 0 0
1500 113.651 37.4536 17.7032 0.819863 0.597686 373.764 0 0
1500 100.85 20.9107 17.9456 0.721078 0.374533 373.622 0 0
1500 85.801 -15.1249 19.3046 0.61537 -0.295604 373.803 0 0
1500 71.5046 -29.9047 17.8505 0.170749 -0.438549 373.934 0 0
1500 74.54 0.976279 18.1249 0.282373 -0.0451232 374.115 0 0
1500 71.8503 -20.3338 17.8583 0.174681 -0.315969 374.143 0 0
1500 55.9236 -11.3513 18.5205 0.00167 -0.157018 374.189 0 0
1500 -4.85819 7.03237 17.6258 -0.982292 0.0400826 374.349 0 0
1500 67.9079 -28.1428 18.2166 0.251484 -0.466732 374.468 0 0
1500 63.7617 51.2272 17.6237 0.0358843 0.815537 374.523 0 0
1500 119.019 32.4755 17.5966 0.881318 0.502865 374.744 0 0
1500 107.706 -26.7417 18.5414 0.989342 -0.491525 374.729 0 0
1500 35.3894 56.3779 17.6211 -0.323527 0.855652 374.982 0 0
1500 72.3329 -0.535728 18.8005 0.345384 0.0242861 375.036 0 0
1500 86.956 2.87849 18.7905 0.60577 -0.0198338 375.073 0 0
1500 53.4395 36.3337 18.0186 -0.123814 0.599985 375.332 0 0
1500 75.9094 8.04713 18.4824 0.39582 0.177321 375.399 0 0
1500 40.4236 -17.66 17.9472 -0.306978 -0.29938 375.501 0 0
1500 69.3991 -14.9414 17.7998 0.226657 -0.179921 375.673 0 0
1500 73.1702 4.81185 17.9679 0.321084 0.117129 375.674 0 0
1500 120.967 -19.3014 17.711 0.967331 -0.370121 375.696 0 0
1500 85.9521 14.0962 19.038 0.564805 0.258806 375.853 0 0
1500 67.4981 17.5382 17.9679 0.237673 0.303525 375.736 0 0
1500 63.7887 -24.2715 17.9096 0.12018 -0.429713 376.012 0 0
1500 55.1131 27.1629 18.1265 -0.104013 0.43852 376.013 0 0
1500 79.0295 -66.8357 17.6638 0.355331 -0.985034 376.14 0 0
1500 82.0708 -12.6932 18.3326 0.430354 -0.253533 376.326 0 0
1500 95.7573 -10.1554 17.9688 0.646182 -0.101435 376.33 0 0
1500 92.6903 -64.6387 17.8515 0.510606 -1.02767 376.339 0 0
1500 104.322 46.7842 17.7247 0.677497 0.697264 376.553 0 0
1500 84.0324 -30.74 18.1742 0.499282 -0.483277 376.518 0 0
1500 114.934 -24.3112 17.764 0.871833 -0.409734 376.478 0 0
1500 37.5325 -0.280158 17.9695 -0.282954 0.0307212 376.592 0 0
1500 97.2467 -50.2959 17.6369 0.623905 -0.765229 376.673 0 0
1500 105.488 15.3254 18.2168 0.829111 0.247057 376.69 0 0
1500 60.138 -18.4544 18.0943 0.0884838 -0.343006 376.845 0 0
1500 102.082 -21.2703 18.145 0.734949 -0.360536 376.929 0 0
1500 94.5939 -15.4471 18.2134 0.736586 -0.244475 376.945 0 0
1500 81.567 -5.76113 19.0728 0.55221 -0.0290593 376.987 0 0
1500 76.8508 4.45888 18.7543 0.402948 0.130585 377.015 0 0
1500 126.068 -1.25598 17.6438 1.02986 -0.0574791 377.325 0 0
1500 133.156 -37.0941 17.8882 1.28582 -0.651191 377.361 0 0
1500 61.1098 -69.4093 17.6447 0.101695 -1.02997 377.407 0 0
1500 131.012 12.069 18.0096 1.20148 0.1583 377.58 0 0
1500 86.9403 -12.2127 17.9953 0.536014 -0.183806 377.71 0 0
1500 98.9165 10.94 17.8086 0.674507 0.203515 377.693 0 0
1500 83.3313 -3.5227 18.1856 0.493803 -0.0899374 377.798 0 0
1500 70.5668 -68.8524 17.7447 0.14648 -1.03168 377.813 0 0
1500 58.4025 27.8989 17.9112 -0.000783399 0.421438 377.921 0 0
1500 108.153 0.656125 18.2268 0.844928 -0.0262725 378.05 0 0
1500 83.1198 4.02596 18.1647 0.389025 0.12862 378.171 0 0
1500 108.707 -11.5023 18.0186 0.902686 -0.160933 378.332 0 0
1500 118.227 5.71251 18.2587 1.1207 0.137969 378.377 0 0
1500 83.5249 -5.43813 18.3328 0.519219 -0.0995607 378.45 0 0
1500 117.871 -12.3622 17.7084 0.873276 -0.210054 378.542 0 0
1500 -2.2139 37.953 17.6556 -0.909283 0.499398 378.7 0 0
1500 61.5229 -26.8335 18.3491 0.0898277 -0.437539 378.631 0 0
1500 88.2497 -9.34693 17.924 0.528634 -0.183643 378.796 0 0
1500 107.458 -16.6205 18.5297 0.920596 -0.303468 379.124 0 0
1500 103.361 -48.1379 18.5208 0.842198 -0.892158 379.297 0 0
1500 119.493 -25.7489 17.6762 0.908236 -0.395353 379.459 0 0
1500 95.3142 -41.6641 18.0817 0.648311 -0.722708 379.389 0 0
1500 45.8042 -6.76897 17.8434 -0.21088 -0.1629 379.477 0 0
1500 110.248 -38.5462 17.6816 0.77704 -0.570555 379.74 0 0
1500 41.1321 -22.9299 18.1081 -0.231211 -0.393687 379.739 0 0
1500 70.2805 21.6445 18.1021 0.18481 0.370961 379.812 0 0
1500 2.7319 -60.9197 17.6948 -0.792192 -0.873766 379.913 0 0
1500 123.958 -24.9349 17.693 0.958086 -0.419521 379.868 0 0
1500 104.593 -46.7252 17.8683 0.724121 -0.718275 380.075 0 0
1500 24.703 11.3876 17.8716 -0.540055 0.174048 380.069 0 0
1500 17.7587 0.608187 17.872 -0.639995 0.0160061 380.265 0 0
1500 45.4452 26.2919 18.3545 -0.208538 0.479645 380.31 0 0
1500 116 -7.40476 17.6978 0.847347 -0.138983 380.52 0 0
1500 73.2366 -12.7482 18.0343 0.301532 -0.248827 380.595 0 0
1500 80.2445 -12.5773 19.0413 0.472613 -0.195859 380.738 0 0
1500 50.0018 -31.0623 18.3343 -0.128704 -0.517708 380.98 0 0
1500 101.369 -41.0804 18.5394 0.881511 -0.733179 380.908 0 0
1500 126.895 -15.5214 17.7115 0.982719 -0.281375 381.087 0 0
1500 82.3831 -45.3804 18.0279 0.383 -0.722663 381.147 0 0
1500 32.1372 -52.5675 17.8442 -0.389765 -0.81999 381.164 0 0
1500 90.147 -25.262 18.3224 0.582998 -0.394393 381.262 0 0
1500 102.065 -12.4212 17.7166 0.64975 -0.205247 381.331 0 0
1500 84.3911 -12.0173 17.9585 0.486493 -0.15344 381.393 0 0
1500 12.7086 -43.7132 17.8471 -0.66573 -0.688749 381.548 0 0
1500 55.6054 25.0599 18.3477 0.0166065 0.424355 381.807 0 0
1500 44.4314 2.52004 18.2848 -0.272799 0.0591236 381.832 0 0
1500 53.9134 -15.2542 18.2093 -0.0698384 -0.222328 381.879 0 0
1500 105.485 54.2707 18.0113 0.808303 0.907476 381.916 0 0
1500 27.0111 -62.1346 17.7196 -0.419353 -0.949685 382.152 0 0
1500 87.684 42.2574 18.0976 0.468692 0.740619 382.144 0 0
1500 91.9332 -42.6894 18.0433 0.60012 -0.80926 382.264 0 0
1500 94.9604 14.112 18.1559 0.655324 0.179388 382.386 0 0
1500 103.514 -52.5363 17.724 0.663463 -0.809468 382.497 0 0
1500 99.4623 12.0061 17.902 0.696218 0.199107 382.572 0 0
1500 89.049 19.7319 18.4431 0.63544 0.441489 382.842 0 0
1500 46.7301 40.9419 17.9545 -0.245553 0.640012 382.983 0 0
1500 58.9962 -25.1352 18.2281 0.0924783 -0.477347 383.017 0 0
1500 93.8395 9.27576 18.845 0.810612 0.141246 383.173 0 0
1500 45.8783 -12.7105 18.1483 -0.188854 -0.224677 383.233 0 0
1500 1.6844 4.94385 17.8733 -0.867217 0.0406689 383.268 0 0
1500 62.1429 -1.39801 18.3263 0.129941 -0.0819832 383.402 0 0
1500 82.7712 23.4097 18.3217 0.492169 0.372221 383.58 0 0
1500 50.7486 -35.8245 18.0607 -0.0739807 -0.657455 383.565 0 0
1500 78.5792 16.7128 18.7978 0.375866 0.283534 383.661 0 0
1500 77.8962 -19.1543 18.3326 0.36537 -0.302056 383.867 0 0
1500 72.4001 -31.3412 18.2742 0.297746 -0.521038 384.084 0 0
1500 96.0579 -40.1606 17.7973 0.551368 -0.661169 384.194 0 0
1500 109.959 -16.5762 18.582 0.93478 -0.331905 384.38 0 0
1500 78.386 13.425 18.395 0.404307 0.172037 384.241 0 0
1500 72.5901 -15.2161 18.8347 0.323943 -0.279704 384.238 0 0
1500 23.9021 56.4472 17.8619 -0.572138 0.868254 384.372 0 0
1500 25.6173 95.68 18.1197 -0.597666 1.64361 384.422 0 0
1500 74.7371 -21.5916 17.8402 0.198467 -0.370709 384.578 0 0
1500 67.1353 -6.47712 18.2807 0.213727 -0.138487 385.066 0 0
1500 93.8714 5.59158 18.1281 0.632062 0.120178 385.086 0 0
1500 65.7176 -1.10317 18.2819 0.195194 -0.0686321 385.111 0 0
1500 41.2932 9.36529 18.2197 -0.229981 0.198197 385.22 0 0
1500 84.4776 23.5992 18.0308 0.497134 0.348232 385.226 0 0
1500 64.0745 -8.20641 17.9671 0.140223 -0.161148 385.259 0 0
1500 174.67 83.8838 17.8769 1.93351 1.40071 385.252 0 0
1500 101.435 68.2878 17.7878 0.681277 1.01414 385.31 0 0
1500 78.5223 -70.504 17.7878 0.365727 -1.10185 385.359 0 0
1500 100.16 -6.37921 18.0247 0.770861 -0.0445605 385.388 0 0
1500 75.3033 20.7505 17.9888 0.361442 0.314918 385.436 0 0
1500 89.58 7.80656 18.4276 0.604174 0.140823 385.45 0 0
1500 56.4328 -50.5239 17.8371 -0.076135 -0.794088 385.629 0 0
1500 87.6038 35.9918 18.1665 0.467423 0.59311 385.702 0 0
1500 127.58 -4.91179 17.7953 1.04589 -0.0237018 385.766 0 0
1500 91.0359 50.2534 18.1628 0.560246 0.938517 385.763 0 0
1500 31.3434 13.2407 17.8975 -0.49914 0.265347 385.83 0 0
1500 36.4176 -20.3404 18.1525 -0.368663 -0.44966 385.871 0 0
1500 86.9254 -10.0882 18.4086 0.496311 -0.176461 385.904 0 0
1500 108.26 2.23453 18.0302 0.837606 0.0325085 386.077 0 0
1500 117.363 -1.56551 17.942 0.932482 0.00559412 386.128 0 0
1500 166.72 -74.3102 17.7891 1.64418 -1.19588 386.233 0 0
1500 75.1978 -121.803 17.9347 0.334968 -2.00243 386.287 0 0
1500 74.4159 -8.34222 18.0346 0.293951 -0.152157 386.348 0 0
1500 51.679 -68.5296 17.8125 -0.0960069 -1.04335 386.393 0 0
1500 83.9727 -0.229704 17.8944 0.47324 0.0309661 386.476 0 0
1500 113.304 24.8019 17.8239 0.864806 0.416993 386.787 0 0
1500 92.349 49.2639 17.8238 0.557965 0.775975 386.749 0 0
1500 70.377 -45.7818 17.9916 0.170539 -0.741003 386.567 0 0
1500 72.5423 13.3886 18.127 0.330298 0.220323 386.754 0 0
1500 43.1619 35.9129 17.854 -0.290021 0.569776 386.636 0 0
1500 92.1738 4.07148 17.8922 0.595352 0.095947 386.761 0 0
1500 89.3812 31.5138 18.8239 0.693952 0.6096 386.58 0 0
1500 45.6109 8.9047 18.1025 -0.186198 0.146473 386.951 0 0
1500 57.8627 63.9633 17.8093 -0.0558057 1.00389 387.2 0 0
1500 147.082 -69.6626 17.9514 1.53836 -1.13267 387.197 0 0
1500 93.9288 -37.3016 18.09 0.622139 -0.588583 387.281 0 0
1500 109.819 -7.57882 18.0066 0.848591 -0.0662592 387.323 0 0
1500 68.7961 28.5959 17.9388 0.247985 0.468842 387.282 0 0
1500 84.2076 9.79052 18.5972 0.505573 0.20835 387.499 0 0
1500 119.695 23.9308 17.8272 0.94702 0.399387 387.613 0 0
1500 40.5942 20.674 18.0608 -0.294183 0.35494 387.596 0 0
1500 134.885 -15.4214 18.0483 1.28388 -0.265795 387.564 0 0
1500 63.7729 39.0263 17.9671 0.141299 0.716763 387.572 0 0
1500 53.7715 -41.6662 17.8751 -0.0241722 -0.700744 387.67 0 0
1500 75.829 -4.91859 17.8852 0.349017 -0.0381873 387.651 0 0
1500 18.2459 -5.32313 17.8689 -0.642449 -0.164813 387.775 0 0
1500 39.7954 30.7554 17.9502 -0.32535 0.505321 387.796 0 0
1500 90.4527 27.2124 17.9346 0.572598 0.444155 387.822 0 0
1500 56.5086 -51.3965 17.8093 -0.0893753 -0.813596 387.82 0 0
1500 36.8099 4.55178 18.1543 -0.337431 0.0249254 387.867 0 0
1500 64.09 33.9368 17.8815 0.126838 0.50814 388.059 0 0
1500 75.7612 64.6997 17.8247 0.262103 1.00649 388.027 0 0
1500 98.4493 2.32186 18.4054 0.738034 0.0402237 388.283 0 0
1500 84.5223 -44.4631 17.8072 0.466048 -0.658623 388.059 0 0
1500 106.039 32.4293 17.8862 0.787689 0.513796 388.234 0 0
1500 84.1383 49.6554 17.9062 0.468628 0.768955 388.063 0 0
1500 73.1209 59.0158 17.8421 0.298074 0.900681 388.293 0 0
1500 79.9172 52.515 17.8596 0.389439 0.830811 388.189 0 0
1500 54.4637 42.6899 17.948 -0.102054 0.683959 388.057 0 0
1500 52.5178 -22.5998 17.92 -0.089991 -0.42177 388.149 0 0
1500 132.295 19.6005 18.976 1.57039 0.497535 388.051 0 0
1500 58.4269 -24.3842 17.9269 0.0447461 -0.384376 388.36 0 0
1500 60.9261 -21.1698 17.9284 0.0778977 -0.341397 388.418 0 0
1500 13.2195 16.7711 17.9457 -0.722819 0.290268 388.375 0 0
1500 117.3 19.6684 18.0073 0.943231 0.329745 388.444 0 0
1500 89.1874 -50.9067 18.1471 0.528662 -0.887453 388.473 0 0
1500 123.803 -17.7345 18.0618 1.08875 -0.326363 388.505 0 0
1500 35.273 -44.427 18.0111 -0.384317 -0.828181 388.528 0 0
1500 105.601 38.6834 17.886 0.776843 0.603027 388.613 0 0
1500 78.0466 34.3099 17.9171 0.309117 0.598148 388.772 0 0
1500 79.7705 38.4491 17.8649 0.303222 0.654277 388.8 0 0
1500 73.8374 3.15379 18.1193 0.324399 -0.013568 388.973 0 0
1500 112.168 12.4921 17.9822 0.896167 0.159051 389.007 0 0
1500 70.7892 71.2426 17.8481 0.162969 1.08768 389.078 0 0
1500 119.859 -27.2511 17.9199 1.05744 -0.441279 389.097 0 0
1500 88.9151 13.3682 17.9009 0.488975 0.181243 389.169 0 0
1500 82.1176 -20.9799 18.5209 0.459611 -0.37936 389.413 0 0
1500 37.905 -15.3634 18.0411 -0.339226 -0.18632 389.474 0 0
1500 82.6401 -61.4754 18.2079 0.488909 -1.10712 389.428 0 0
1500 30.9349 75.0664 17.8497 -0.437829 1.18243 389.735 0 0
1500 44.8211 -53.3848 17.9076 -0.20343 -0.874092 389.67 0 0
1500 129.724 -40.145 18.098 1.24001 -0.680716 389.829 0 0
1500 123.123 17.6025 17.8625 1.00383 0.302005 390.14 0 0
1500 101.575 42.0991 17.9027 0.730805 0.645829 390.118 0 0
1500 100.025 -35.1654 17.9977 0.69474 -0.584069 389.993 0 0
1500 47.3094 7.25697 18.193 -0.190301 0.122483 389.899 0 0
1500 19.5671 -18.2135 17.9599 -0.668413 -0.22882 389.885 0 0
1500 52.4328 31.3966 17.9534 -0.176697 0.56676 390.386 0 0
1500 73.7793 4.18301 18.6862 0.364069 0.0631933 390.433 0 0
1500 59.5964 -21.051 18.1837 0.0120558 -0.369183 390.496 0 0
1500 98.2132 -25.764 18.0457 0.708965 -0.392885 390.538 0 0
1500 79.6175 8.34768 18.9579 0.458446 0.139243 390.57 0 0
1500 50.8094 44.6794 17.8828 -0.0722451 0.753118 390.709 0 0
1500 82.3765 -34.1252 18.2372 0.385599 -0.579219 390.716 0 0
1500 105.957 -14.2672 18.0075 0.769428 -0.282233 390.745 0 0
1500 39.1762 5.07433 17.9032 -0.390561 0.090865 390.787 0 0
1500 19.838 52.7031 17.9033 -0.607811 0.824242 390.833 0 0
1500 69.3191 -1.67863 18.2878 0.220992 0.0496295 390.883 0 0
1500 123.626 2.52054 17.8988 1.00489 0.0679628 391.14 0 0
1500 33.9198 -33.5517 18.1762 -0.375376 -0.554227 391.129 0 0
1500 85.631 49.8862 17.8412 0.371838 0.814415 391.149 0 0
1500 60.8716 3.66582 17.8839 0.0105161 -0.00948691 391.12 0 0
1500 64.0023 -3.77428 17.8834 0.0587055 -0.12402 391.162 0 0
1500 69.9275 -29.6408 17.8642 0.144043 -0.524468 391.141 0 0
1500 91.1862 42.8161 17.8623 0.46358 0.660175 391.205 0 0
1500 52.1239 17.5439 17.8864 -0.0805305 0.351522 391.201 0 0
1500 117.839 28.9937 17.9345 0.937674 0.448091 391.215 0 0
1500 70.1246 -2.54359 18.0886 0.217449 0.0255787 391.271 0 0
1500 90.8399 22.5754 18.3645 0.583537 0.40539 391.243 0 0
1500 103.454 -13.6488 18.4642 0.803 -0.276663 391.301 0 0
1500 -7.73165 9.23679 17.815 -1.00614 0.0975073 391.377 0 0
1500 103.65 -9.04159 18.4313 0.822267 -0.128168 391.411 0 0
1500 77.0773 32.6996 18.0446 0.260736 0.549114 391.399 0 0
1500 93.7464 7.29794 18.2798 0.586296 0.184172 391.514 0 0
1500 8.78919 43.2299 17.7906 -0.782885 0.69083 391.714 0 0
1500 92.2972 12.0367 18.2797 0.564388 0.255395 391.527 0 0
1500 37.3966 -1.06902 18.1019 -0.358926 -0.00716812 391.643 0 0
1500 39.4267 38.8502 17.845 -0.363207 0.594575 391.485 0 0
1500 101.43 75.9342 17.8791 0.673203 1.2747 391.712 0 0
1500 86.8592 -46.5513 18.503 0.516025 -0.839703 391.625 0 0
1500 111.391 27.8337 18.0207 0.891193 0.414607 391.74 0 0
1500 89.8203 27.9606 18.2765 0.524739 0.492596 391.832 0 0
1500 32.6599 -21.1101 18.0918 -0.425445 -0.337485 391.812 0 0
1500 34.95 41.7418 17.8421 -0.430645 0.636717 391.742 0 0
1500 85.7112 17.2061 17.9362 0.450406 0.342845 391.843 0 0
1500 16.2039 22.9831 17.8409 -0.717736 0.347501 391.86 0 0
1500 104.932 -9.73374 18.4612 0.843296 -0.127086 391.938 0 0
1500 80.1143 -17.2735 17.967 0.435171 -0.256406 391.936 0 0
1500 114.346 -35.9237 17.8115 0.893538 -0.547142 392.022 0 0
1500 109.537 15.5837 18.2039 0.865774 0.302508 391.96 0 0
1500 10.4771 -14.1614 17.8392 -0.803643 -0.222336 392.024 0 0
1500 96.7322 0.493005 19.0966 0.779146 -0.0044656 392.11 0 0
1500 96.7674 -17.5691 17.9106 0.603976 -0.259554 392.138 0 0
1500 83.4207 15.4926 18.2238 0.439178 0.311367 392.197 0 0
1500 96.2606 5.82013 18.2929 0.627237 0.0796144 392.287 0 0
1500 107.068 -8.61394 18.3389 0.857615 -0.158587 392.309 0 0
1500 93.9957 16.1502 17.8608 0.598602 0.316111 392.313 0 0
1500 37.3832 18.3742 17.8849 -0.274783 0.317486 392.394 0 0
1500 102.373 -46.1467 17.9927 0.734174 -0.723473 392.714 0 0
1500 81.893 -0.780241 18.2876 0.430021 0.00882944 392.971 0 0
1500 -76.1707 27.6336 17.9676 -2.28315 0.502757 393.058 0 0
1500 111.621 -33.2524 18.0321 0.880624 -0.526995 393.215 0 0
1500 -0.0401344 19.2102 17.8322 -0.87556 0.325696 393.374 0 0
1500 111.792 39.3646 17.8717 0.826199 0.645206 393.408 0 0
1500 17.4902 39.1455 17.8631 -0.597197 0.670569 393.337 0 0
1500 67.7759 -28.4218 17.9828 0.115662 -0.494442 393.341 0 0
1500 86.0961 8.89722 17.8627 0.4942 0.193331 393.321 0 0
1500 97.9685 -19.9691 19.0301 0.869817 -0.391274 393.235 0 0
1500 102.37 -17.5025 17.8118 0.750528 -0.238373 393.539 0 0
1500 123.822 9.98073 17.9278 1.02732 0.192467 393.672 0 0
1500 55.9662 -64.2244 17.8777 -0.0398685 -1.02931 393.729 0 0
1500 69.9575 14.0159 18.6028 0.227759 0.262654 393.675 0 0
1500 60.6304 -17.88 17.9035 -0.0196236 -0.347386 393.622 0 0
1500 44.5412 13.4104 18.0288 -0.290047 0.287544 393.718 0 0
1500 61.598 22.3696 17.9386 0.11951 0.336466 393.925 0 0
1500 72.0819 22.796 18.6001 0.258827 0.392959 393.863 0 0
1500 112.065 10.3575 18.1501 0.952078 0.113598 393.863 0 0
1500 106.596 10.6312 17.989 0.83583 0.232454 393.908 0 0
1500 39.6507 -41.5902 18.1493 -0.28703 -0.685974 393.989 0 0
1500 47.2786 4.47517 18.0679 -0.168709 0.107358 394.187 0 0
1500 40.7305 0.603639 18.0667 -0.257285 0.0551517 394.128 0 0
1500 85.7803 -59.3406 17.9295 0.474184 -0.92982 394.053 0 0
1500 92.4422 -53.2162 17.8087 0.556094 -0.847999 394.114 0 0
1500 64.2109 16.2556 18.0366 0.094438 0.323963 394.193 0 0
1500 84.4254 2.89288 18.9078 0.525051 0.0256031 394.316 0 0
1500 111.046 38.9017 17.8744 0.804547 0.630023 394.315 0 0
1500 69.4594 -19.7437 18.0936 0.214562 -0.378737 394.317 0 0
1500 66.1815 -1.69329 17.9149 0.0994002 0.0424065 394.353 0 0
1500 76.0875 -19.377 17.9978 0.268952 -0.333653 394.574 0 0
1500 97.0833 -88.6761 17.8018 0.586197 -1.35503 394.731 0 0
1500 110.962 10.2675 17.8484 0.86387 0.210489 394.59 0 0
1500 64.7719 20.1229 18.1933 0.122022 0.379127 394.648 0 0
1500 41.0154 -5.27871 18.1064 -0.272989 -0.0146264 394.624 0 0
1500 104.574 45.4571 18.1702 0.814507 0.815451 394.589 0 0
1500 207.75 -40.1153 17.9782 2.6253 -0.63175 394.706 0 0
1500 61.4689 21.1387 18.2636 0.0352027 0.304612 394.827 0 0
1500 80.1349 -13.7338 18.3631 0.39079 -0.282105 395.015 0 0
1500 38.4723 22.7549 18.0426 -0.307218 0.340369 395.211 0 0
1500 14.8169 6.49372 17.9422 -0.723324 0.11615 395.091 0 0
1500 116.216 48.2127 18.0658 1.02037 0.843655 395.181 0 0
1500 91.6963 -9.87954 17.8419 0.535749 -0.158199 395.373 0 0
1500 84.9507 -53.1676 17.8105 0.45059 -0.785357 395.358 0 0
1500 89.9403 -53.7178 17.8107 0.509807 -0.840387 395.321 0 0
1500 1.98463 -32.0829 17.928 -0.885466 -0.514866 395.39 0 0
1500 52.6929 -61.8542 17.9629 -0.113814 -0.979947 395.399 0 0
1500 41.3618 -11.9661 18.0468 -0.26668 -0.13524 395.462 0 0
1500 97.3531 39.2597 17.8169 0.619734 0.655473 395.519 0 0
1500 179.079 30.4667 17.8458 1.93794 0.453311 395.524 0 0
1500 83.8607 36.8059 17.8741 0.411973 0.564004 395.592 0 0
1500 25.6585 -41.9647 17.8508 -0.497459 -0.652976 395.618 0 0
1500 89.6309 13.5415 18.44 0.559054 0.205763 395.762 0 0
1500 51.5713 32.6581 18.0398 -0.14945 0.500608 395.837 0 0
1500 26.5166 -24.7351 17.8756 -0.482326 -0.41564 396.018 0 0
1500 -2.81968 -8.03068 17.8339 -0.948969 -0.12099 396.038 0 0
1500 139.112 8.78733 17.8112 1.23564 0.156152 396.084 0 0
1500 70.5373 -59.9711 17.9356 0.250004 -0.957199 396.053 0 0
1500 87.4941 -47.6458 17.8567 0.406537 -0.748109 396.36 0 0
1500 24.7573 -19.6245 17.8606 -0.504417 -0.332451 396.432 0 0
1500 -1.21451 0.0880387 17.8358 -0.922189 -0.00382005 396.31 0 0
1500 13.6239 -52.5059 17.8009 -0.664126 -0.835642 396.171 0 0
1500 111.198 -36.772 17.9146 0.872853 -0.564279 396.313 0 0
1500 96.1131 34.4294 17.9951 0.584605 0.597235 396.292 0 0
1500 53.7203 -32.1371 18.086 -0.0844376 -0.549525 396.255 0 0
1500 -3.54882 99.3271 17.9077 -1.11005 1.63621 396.251 0 0
1500 133.446 13.9953 18.2856 1.39407 0.180237 396.471 0 0
1500 77.1577 0.0940221 18.6762 0.404131 0.0376295 396.512 0 0
1500 84.1679 -22.0465 18.2675 0.460246 -0.40921 396.486 0 0
1500 80.9138 10.1502 18.0728 0.410275 0.134573 396.783 0 0
1500 105.761 -42.7619 17.933 0.770245 -0.692048 396.738 0 0
1500 83.2563 -59.1082 17.9332 0.436674 -0.935596 396.671 0 0
1500 108.374 3.22909 18.1702 0.874057 0.0349533 396.716 0 0
1500 84.6687 -36.58 18.1471 0.506369 -0.596792 396.6 0 0
1500 78.0384 57.9955 17.7982 0.371861 0.901035 396.79 0 0
1500 90.47 14.9562 18.1011 0.557776 0.300028 396.699 0 0
1500 22.8954 31.4627 17.8604 -0.51021 0.556338 396.717 0 0
1500 122.209 -27.5439 18.0018 1.15082 -0.489345 396.592 0 0
1500 73.8527 26.6828 19.0402 0.418344 0.526323 396.966 0 0
1500 84.731 8.23795 18.6061 0.510579 0.0883633 397.175 0 0
1500 31.5548 -29.1429 18.2312 -0.428851 -0.584489 397.177 0 0
1500 82.71 -41.0375 17.9459 0.409511 -0.629905 397.257 0 0
1500 56.1777 2.67601 17.9637 0.0402486 0.0816114 397.463 0 0
1500 102.089 -44.2294 17.8022 0.737323 -0.653506 397.397 0 0
1500 115.501 36.8909 17.8012 0.829221 0.624645 397.314 0 0
1500 27.5881 -4.04252 17.9599 -0.530795 -0.07532 397.539 0 0
1500 80.0677 -94.293 17.7921 0.343112 -1.45085 397.703 0 0
1500 114.333 11.7732 18.0955 0.943748 0.20545 397.564 0 0
1500 73.8848 3.2636 18.2036 0.341609 -0.00810619 397.687 0 0
1500 88.0529 42.4893 17.8165 0.423209 0.720136 397.637 0 0
1500 36.3456 21.2843 18.0173 -0.337097 0.398611 397.632 0 0
1500 85.7319 9.35995 18.0109 0.522468 0.117935 397.715 0 0
1500 91.6165 -11.2036 17.9529 0.530609 -0.207734 397.847 0 0
1500 -8.9141 4.13893 17.9265 -1.04487 0.0768997 397.741 0 0
1500 67.1906 67.2821 17.7943 0.204115 1.02443 397.903 0 0
1500 56.4666 -49.3782 17.9445 -0.0433936 -0.820883 397.877 0 0
1500 85.462 27.8448 18.0133 0.415565 0.496912 397.961 0 0
1500 -22.157 -31.5281 17.856 -1.31991 -0.450653 398.013 0 0
1500 30.5685 -4.47716 18.0157 -0.497203 -0.0290419 398.034 0 0
1500 45.9181 41.1869 18.1852 -0.247946 0.676192 397.909 0 0
1500 92.1753 36.6157 17.9188 0.557606 0.550903 398.165 0 0
1500 122.803 -6.99466 17.799 1.03687 -0.0893843 398.266 0 0
1500 41.2343 -42.541 17.9528 -0.317076 -0.664755 398.099 0 0
1500 138.101 33.3822 17.8148 1.29828 0.478984 398.326 0 0
1500 76.8659 58.5548 17.8451 0.325273 0.895699 398.339 0 0
1500 68.8289 21.2898 18.296 0.191512 0.357286 398.461 0 0
1500 85.0972 11.0895 18.5513 0.522985 0.236276 398.464 0 0
1500 61.4426 29.8772 17.8248 0.106242 0.520342 398.452 0 0
1500 91.6331 58.1799 17.7943 0.56254 0.880001 398.578 0 0
1500 122.869 12.6265 17.7943 1.02265 0.208116 398.612 0 0
1500 40.8951 4.13236 18.1941 -0.270404 0.117019 398.661 0 0
1500 123.463 -33.7564 17.9215 1.11028 -0.501669 398.611 0 0
1500 107.974 -27.7657 17.8811 0.837435 -0.39996 398.704 0 0
1500 71.757 17.7989 18.6609 0.282605 0.296914 398.745 0 0
1500 113.974 26.9225 18.0495 0.925497 0.430087 398.972 0 0
1500 23.3968 -7.73323 18.0004 -0.587186 -0.129832 399.236 0 0
1500 98.4151 -26.1124 19.3011 0.97983 -0.589432 399.367 0 0
1500 100.31 27.4424 17.8126 0.70073 0.474729 399.488 0 0
1500 104.699 -14.0857 17.9736 0.798865 -0.181192 399.543 0 0
1500 80.5531 -35.4442 17.8315 0.419782 -0.575099 399.558 0 0
1500 101.351 -32.3297 17.9429 0.674849 -0.514384 399.729 0 0
1500 91.6965 -63.1185 17.816 0.596171 -0.978647 399.572 0 0
1500 87.084 -45.9092 17.8271 0.453779 -0.789794 399.687 0 0
1500 90.3864 -10.3358 17.8399 0.576048 -0.13535 399.666 0 0
1500 71.0207 2.88552 17.9286 0.261701 0.106279 399.788 0 0
1500 90.6528 -51.3963 17.9932 0.610978 -0.863501 399.594 0 0
1500 66.7205 12.4008 17.9428 0.105364 0.258085 399.793 0 0
1500 94.4682 36.8146 17.9977 0.545577 0.628872 399.857 0 0
1500 37.2753 -9.38175 17.9533 -0.336445 -0.165249 400.044 0 0
1500 58.4146 22.4383 17.8258 0.0667714 0.342983 399.963 0 0
1500 95.708 -8.73089 17.8609 0.582833 -0.0731767 400.035 0 0
1500 77.155 69.5455 17.9836 0.389189 1.16241 400.07 0 0
1500 83.9958 -27.3148 18.0347 0.375116 -0.449939 400.278 0 0
1500 103.071 21.8878 18.1644 0.795735 0.31964 400.353 0 0
1500 94.0686 -46.0579 17.8811 0.542516 -0.772095 400.129 0 0
1500 106.043 -24.0542 17.9493 0.770375 -0.436068 400.254 0 0
1500 41.3906 5.20773 18.1522 -0.238582 0.15311 400.297 0 0
1500 86.9834 -13.013 17.9231 0.507599 -0.140736 400.158 0 0
1500 65.4301 58.6091 18.0673 0.146617 1.06163 400.247 0 0
1500 83.7045 31.1166 18.1984 0.509056 0.495309 400.659 0 0
1500 30.095 -14.3469 18.0413 -0.476838 -0.241278 400.435 0 0
1500 69.0764 3.05555 18.0126 0.207383 0.123864 400.695 0 0
1500 55.6779 4.25146 17.8647 -0.0881407 0.124092 400.453 0 0
1500 67.8983 -6.49857 18.1451 0.202775 -0.173344 400.708 0 0
1500 54.8098 -3.77146 18.1642 -0.0520307 -0.102516 400.798 0 0
1500 109.15 22.5081 18.1175 0.83498 0.404575 400.835 0 0
1500 70.9895 16.5694 18.1088 0.226224 0.331336 400.851 0 0
1500 104.939 28.7603 17.8264 0.786577 0.462925 400.94 0 0
1500 109.963 15.6247 17.8269 0.863923 0.263044 400.879 0 0
1500 61.4573 42.5481 17.8567 0.11554 0.705274 400.864 0 0
1500 51.9812 -23.1701 18.0946 -0.0481596 -0.39118 400.999 0 0
1500 68.0546 -24.9538 17.9573 0.197965 -0.402054 401.043 0 0
1500 84.9272 48.6001 17.8121 0.445908 0.806306 401.015 0 0
1500 105.137 12.7539 17.9121 0.77795 0.255009 401.07 0 0
1500 65.7055 48.9348 17.9118 0.175248 0.807508 401.106 0 0
1500 29.4405 14.1519 18.1568 -0.465828 0.243362 401.112 0 0
1500 111.842 16.6733 18.2053 0.921745 0.259791 401.34 0 0
1500 100.36 -16.7832 18.1332 0.742864 -0.295526 401.188 0 0
1500 21.2022 11.7787 17.9817 -0.598667 0.237763 401.244 0 0
1500 97.0208 -25.951 17.9461 0.662475 -0.404315 401.373 0 0
1500 69.3813 52.0966 17.9091 0.230368 0.852012 401.397 0 0
1500 75.5046 -30.822 18.2312 0.365873 -0.568856 401.417 0 0
1500 76.1203 -10.5711 18.4527 0.429294 -0.170303 401.499 0 0
1500 74.9688 16.8255 18.0357 0.233884 0.298319 401.659 0 0
1500 40.1642 -2.227 17.8293 -0.273212 0.0356795 401.633 0 0
1500 92.3862 -50.3821 18.0852 0.579569 -0.813388 401.637 0 0
1500 33.9227 -89.4301 17.9931 -0.403172 -1.50433 401.56 0 0
1500 80.39 19.3387 18.148 0.40555 0.304128 401.724 0 0
1500 91.7315 -0.342243 18.0312 0.563028 -0.00215052 401.705 0 0
1500 8.5114 29.8445 17.9207 -0.777889 0.514308 401.726 0 0
1500 92.1945 -45.1219 17.9738 0.508384 -0.752328 401.839 0 0
1500 50.7486 -65.8106 17.8753 -0.110069 -1.04171 401.991 0 0
1500 27.8379 -59.3361 17.8753 -0.447912 -0.947615 401.904 0 0
1500 75.9064 -64.1869 17.8154 0.335797 -0.983765 401.9 0 0
1500 62.0622 -39.5647 17.9353 0.130385 -0.662807 401.924 0 0
1500 41.0489 0.527725 18.2751 -0.31346 0.0675627 401.905 0 0
1500 84.5967 7.01838 17.9553 0.402986 0.165035 402.102 0 0
1500 34.8701 -32.1807 17.8663 -0.388424 -0.467845 402.242 0 0
1500 82.5771 1.25907 18.4791 0.495626 0.0758937 402.112 0 0
1500 66.73 68.2572 17.9832 0.16399 1.09081 402.219 0 0
1500 57.283 -64.7495 17.9478 -0.0144132 -1.03258 402.264 0 0
1500 85.8368 -15.3143 18.9712 0.534455 -0.264154 402.38 0 0
1500 96.9807 5.33071 18.1137 0.646243 0.0750273 402.504 0 0
1500 69.1918 3.24227 17.8256 0.176293 0.111371 402.667 0 0
1500 70.4164 66.7949 17.819 0.253934 1.01568 402.667 0 0
1500 122.401 -6.63427 17.9019 1.01827 -0.0403586 402.582 0 0
1500 -11.8514 -88.6899 17.8273 -1.07785 -1.41041 402.544 0 0
1500 23.2757 35.2975 17.8585 -0.587186 0.589842 402.643 0 0
1500 86.2082 -20.4386 17.8571 0.51694 -0.317336 402.671 0 0
1500 79.6936 15.205 18.9665 0.47485 0.314051 402.501 0 0
1500 72.078 -2.82046 18.3068 0.195725 -0.0725558 402.759 0 0
1500 74.3656 62.3747 17.8046 0.287386 0.959182 402.979 0 0
1500 61.6083 -63.4209 17.9681 0.0454404 -1.01401 402.81 0 0
1500 64.6916 -18.1095 17.8409 0.163929 -0.332768 402.838 0 0
1500 116.566 25.1979 17.8051 0.900403 0.417279 403.085 0 0
1500 62.1705 -10.2572 18.1027 0.0339408 -0.116459 403.098 0 0
1500 15.3853 -16.6822 17.8872 -0.757912 -0.219297 403.136 0 0
1500 92.2941 18.146 18.6041 0.642045 0.334208 403.18 0 0
1500 30.8145 40.2531 17.9866 -0.448063 0.666615 403.259 0 0
1500 22.7803 8.63273 17.9941 -0.543009 0.114198 403.518 0 0
1500 56.0503 -20.2122 17.8536 -0.0669721 -0.340306 403.365 0 0
1500 115.13 23.7247 17.8069 0.875408 0.394014 403.407 0 0
1500 105.325 -5.08363 17.8491 0.804957 -0.0783215 403.353 0 0
1500 79.8079 -12.0052 17.9487 0.426438 -0.207376 403.405 0 0
1500 -4.75412 36.3518 17.9401 -1.04349 0.63571 403.473 0 0
1500 19.2935 1.99259 17.8898 -0.65328 -0.0375647 403.539 0 0
1500 99.6379 38.3497 17.9239 0.699445 0.627855 403.783 0 0
1500 80.0891 -14.4056 18.3633 0.402859 -0.313962 403.842 0 0
1500 36.6604 -13.1843 18.0809 -0.442799 -0.204121 403.798 0 0
1500 80.2798 -20.1255 18.2286 0.46562 -0.319897 403.968 0 0
1500 101.597 -8.88171 18.293 0.740344 -0.203935 404.04 0 0
1500 83.3611 -23.6401 18.8163 0.537249 -0.463895 404.092 0 0
1500 114.065 32.6021 17.8356 0.890063 0.474902 404.343 0 0
1500 79.9002 -14.6612 18.8682 0.415563 -0.275918 404.245 0 0
1500 102.02 -36.4982 17.8914 0.665485 -0.628938 404.156 0 0
1500 73.0269 -12.7846 18.0319 0.253837 -0.24264 404.457 0 0
1500 40.8891 -28.6012 17.9608 -0.293811 -0.411134 404.44 0 0
1500 119.839 7.14453 17.8301 0.943065 0.0520556 404.504 0 0
1500 60.0885 -56.4129 17.8215 0.0895627 -0.907969 404.524 0 0
1500 114.94 -26.4611 17.9945 0.899424 -0.422472 404.623 0 0
1500 114.785 -50.7199 17.8282 0.947174 -0.746441 404.609 0 0
1500 118.485 12.885 17.8391 0.986329 0.193442 404.715 0 0
1500 60.1548 66.261 17.9046 0.0355283 1.04664 404.738 0 0
1500 54.0627 -42.9072 17.8788 -0.112602 -0.639355 405.056 0 0
1500 80.9609 -39.9637 17.8131 0.356515 -0.630005 405.119 0 0
1500 99.3611 -40.8617 17.859 0.70208 -0.590545 405.186 0 0
1500 110.818 -34.9366 17.9488 0.815149 -0.621284 405.178 0 0
1500 78.3249 19.9695 18.5532 0.383012 0.334772 405.273 0 0
1500 81.1834 3.01004 17.8512 0.405495 0.112 405.214 0 0
1500 122.291 2.1735 18.2768 1.20948 -0.0123722 405.297 0 0
1500 87.0727 8.4291 19.4646 0.625946 0.0998985 405.44 0 0
1500 44.0979 25.0789 17.8276 -0.147817 0.40135 405.518 0 0
1500 123.333 9.37671 17.9179 1.03152 0.185558 405.442 0 0
1500 27.9124 -57.9725 17.8847 -0.449759 -0.935544 405.511 0 0
1500 25.8235 42.5462 17.8425 -0.566697 0.656962 405.442 0 0
1500 -9.56586 -70.0035 18.1003 -1.15689 -1.21455 405.399 0 0
1500 135.761 35.4016 17.965 1.32958 0.67031 405.493 0 0
1500 123.037 -10.7277 17.9182 1.01213 -0.207282 405.572 0 0
1500 25.1002 -57.0023 17.8845 -0.490664 -0.919421 405.635 0 0
1500 18.4078 47.3488 17.9092 -0.596791 0.78537 405.631 0 0
1500 90.9683 -20.9757 18.1733 0.567424 -0.299509 405.816 0 0
1500 95.5065 -16.4689 17.8361 0.595476 -0.23775 406.008 0 0
1500 93.7895 -31.6798 17.8354 0.573896 -0.426115 405.837 0 0
1500 18.8437 53.6354 17.802 -0.588017 0.864742 405.948 0 0
1500 108.075 44.6932 17.8367 0.814141 0.65899 405.996 0 0
1500 73.5196 60.1514 17.9083 0.230602 0.975156 405.806 0 0
1500 105.573 -42.7581 17.966 0.807477 -0.664688 405.779 0 0
1500 73.5079 5.1304 18.3005 0.373545 0.0743234 405.98 0 0
1500 34.7812 32.3853 17.947 -0.377884 0.566368 405.939 0 0
1500 68.4196 24.6855 17.9965 0.162179 0.456293 405.961 0 0
1500 86.3672 -21.2835 17.8465 0.51404 -0.354462 405.779 0 0
1500 118.958 31.6769 17.884 1.02994 0.564703 406.025 0 0
1500 98.9585 37.0807 18.1926 0.705058 0.609848 406.237 0 0
1500 104.723 45.4015 17.919 0.748224 0.707854 406.264 0 0
1500 109.389 21.6017 18.1922 0.859674 0.379073 406.29 0 0
1500 101.796 -43.8043 17.9216 0.69423 -0.681193 406.394 0 0
1500 86.013 -15.4009 17.8857 0.504266 -0.195031 406.651 0 0
1500 79.1543 22.1367 18.0265 0.319226 0.377608 406.779 0 0
1500 78.125 28.9759 17.856 0.354566 0.407861 406.746 0 0
1500 55.0949 -15.5981 18.0086 -0.0426668 -0.282178 407.016 0 0
1500 69.0421 -23.2329 18.0548 0.177421 -0.391665 407.08 0 0
1500 80.8744 -24.4205 17.9895 0.311339 -0.405636 407.354 0 0
1500 -0.890999 33.7243 17.8444 -0.93527 0.472197 407.236 0 0
1500 81.7972 -47.3556 18.0715 0.414658 -0.784435 406.954 0 0
1500 26.6225 53.803 17.8294 -0.432139 0.876128 407.331 0 0
1500 47.693 55.644 17.8326 -0.114478 0.910401 406.862 0 0
1500 75.4097 -25.0678 18.1756 0.3416 -0.451917 407.351 0 0
1500 75.6142 -25.4977 17.9482 0.357831 -0.420717 406.955 0 0
1500 38.3585 -29.9481 17.9175 -0.335395 -0.52723 406.871 0 0
1500 13.1709 -38.6003 17.8654 -0.769216 -0.577766 407.128 0 0
1500 76.172 18.4876 17.8786 0.363279 0.274331 407.449 0 0
1500 123.037 -4.1631 17.965 1.04649 -0.0613206 407.55 0 0
1500 101.765 14.1076 18.1672 0.763743 0.258863 407.536 0 0
1500 35.0455 -34.5381 17.9011 -0.317588 -0.601921 407.624 0 0
1500 86.2129 -15.0109 17.9407 0.525756 -0.241847 407.636 0 0
1500 61.5457 17.1085 18.0833 0.060486 0.303388 407.747 0 0
1500 99.8698 -16.5444 17.9339 0.65254 -0.282559 407.878 0 0
1500 103.585 1.13181 17.9341 0.704731 -0.0333076 407.898 0 0
1500 122.201 4.7769 17.8273 1.00585 0.134236 407.767 0 0
1500 128.098 -14.3321 17.8293 1.13821 -0.195123 407.695 0 0
1500 32.0925 -10.1535 17.8445 -0.426296 -0.0833919 407.699 0 0
1500 12.6415 -11.0375 17.8143 -0.689555 -0.246421 407.918 0 0
1500 123.209 -0.136367 17.8534 1.0212 0.0272936 407.979 0 0
1500 111.963 18.67 18.0529 0.875099 0.34555 407.967 0 0
1500 85.8185 -17.3348 17.9986 0.526021 -0.272849 407.968 0 0
1500 96.5245 -1.91111 17.8717 0.673588 -0.0420736 407.997 0 0
1500 56.7387 22.6236 17.9523 0.0112563 0.45028 408.032 0 0
1500 109.635 5.8885 17.9303 0.798445 0.129105 408.096 0 0
1500 118.338 -23.1808 17.8533 0.942322 -0.378498 408.146 0 0
1500 93.1616 40.2403 17.8584 0.597667 0.662229 408.087 0 0
1500 97.8124 25.5027 17.8837 0.681903 0.349821 408.133 0 0
1500 61.7488 65.4243 17.8258 0.0973578 1.03664 408.297 0 0
1500 87.4855 -5.58027 17.9413 0.473772 -0.126851 408.499 0 0
1500 82.9566 -12.2148 18.128 0.463755 -0.250338 408.459 0 0
1500 108.215 30.0062 17.8547 0.820827 0.502467 408.585 0 0
1500 73.9589 40.3212 18.1171 0.247705 0.764089 408.611 0 0
1500 117.211 -23.7324 17.955 0.929546 -0.387295 408.686 0 0
1500 44.8962 5.5262 17.9019 -0.267448 0.12112 408.767 0 0
1500 102.267 32.0653 17.8624 0.750416 0.473757 409 0 0
1500 81.7858 -47.8758 17.8081 0.379372 -0.805487 408.97 0 0
1500 89.1267 -24.2618 17.8355 0.507996 -0.321661 409.208 0 0
1500 114.225 31.7146 17.9912 0.894794 0.507032 409.24 0 0
1500 119.939 10.5961 17.852 0.990267 0.207279 409.11 0 0
1500 49.0154 18.5472 18.3938 -0.135781 0.299692 409.23 0 0
1500 104.093 11.0762 18.0114 0.777672 0.222843 409.242 0 0
1500 1.73331 28.308 17.8451 -0.917169 0.425183 409.301 0 0
1500 64.2471 17.3045 17.8293 0.150248 0.326274 409.303 0 0
1500 88.2785 53.2418 17.8861 0.438111 0.87289 409.541 0 0
1500 72.0825 55.8421 17.825 0.19273 0.921294 409.492 0 0
1500 92.7737 -45.912 17.9908 0.59338 -0.848634 409.426 0 0
1500 5.18379 27.1007 17.8399 -0.829791 0.395877 409.572 0 0
1500 119.231 -5.84244 17.9291 0.990082 -0.113149 409.582 0 0
1500 70.8616 3.69788 18.2197 0.289972 0.0459291 409.773 0 0
1500 62.8236 45.1844 17.9594 0.114774 0.698885 409.649 0 0
1500 63.9784 62.9039 17.8532 0.0827404 1.01624 409.724 0 0
1500 77.4967 -61.4468 17.8709 0.359564 -0.956893 410.035 0 0
1500 86.1408 -45.8761 18.1132 0.502068 -0.750214 409.818 0 0
1500 18.5181 -51.7383 17.7996 -0.580599 -0.848966 409.939 0 0
1500 -0.322956 23.1234 17.9083 -0.936144 0.361499 410.093 0 0
1500 86.2025 -34.5687 18.1946 0.515263 -0.583829 409.685 0 0
1500 46.8184 59.4654 17.8224 -0.189806 0.970174 409.91 0 0
1500 105.024 -41.523 17.8156 0.776062 -0.591638 409.959 0 0
1500 101.28 -15.5149 17.8533 0.643035 -0.311835 409.954 0 0
1500 70.7504 33.2458 17.8221 0.250068 0.571292 409.814 0 0
1500 56.8989 -15.2885 17.8429 0.0375805 -0.258065 410.413 0 0
1500 105.344 42.5664 17.8565 0.781257 0.620431 410.335 0 0
1500 7.75684 39.9999 17.9075 -0.812749 0.612544 410.286 0 0
1500 114.568 12.2499 18.1916 1.10843 0.270643 410.24 0 0
1500 57.4868 -43.7297 17.8525 -0.00997282 -0.750555 410.441 0 0
1500 120.017 22.346 17.8505 0.968523 0.37471 410.687 0 0
1500 164.8 21.6661 17.8958 1.80242 0.401691 410.649 0 0
1500 54.4644 59.0252 17.833 -0.0107608 0.907823 410.773 0 0
1500 111.279 -31.6089 17.9297 0.856592 -0.485982 410.818 0 0
1500 31.212 18.844 17.8167 -0.460391 0.22603 410.797 0 0
1500 76.2487 26.6857 18.2835 0.352105 0.41691 411.091 0 0
1500 84.7269 49.1377 17.8348 0.422668 0.763328 410.996 0 0
1500 119.476 22.2067 17.8512 0.9568 0.371196 410.957 0 0
1500 46.3649 59.772 17.8321 -0.170246 1.0042 411.175 0 0
1500 107.937 -14.3102 17.8492 0.829286 -0.16512 411.179 0 0
1500 66.9234 64.173 17.8529 0.188346 0.977584 411.398 0 0
1500 114.785 28.3419 17.8567 0.908784 0.403343 411.282 0 0
1500 79.9971 -10.0416 17.9117 0.421915 -0.12487 411.383 0 0
1500 98.7451 85.7781 18.1289 0.730247 1.52956 411.306 0 0
1500 121.938 16.2404 17.8711 1.0004 0.197422 411.507 0 0
1500 38.9244 63.0587 17.8829 -0.296018 0.989231 411.659 0 0
1500 56.2035 -64.7792 17.8002 -0.0153922 -1.01828 411.652 0 0
1500 77.706 58.4213 17.8785 0.363042 0.923851 411.557 0 0
1500 71.0944 -6.49419 18.0188 0.249106 -0.0392665 411.965 0 0
1500 82.0077 -16.0083 18.1282 0.435543 -0.230979 412.476 0 0
1500 94.1656 23.369 17.8434 0.550964 0.38943 411.867 0 0
1500 71.9431 -14.2402 17.8685 0.265181 -0.17115 411.864 0 0
1500 88.6544 56.0952 17.8551 0.437398 0.884129 412 0 0
1500 -5.30132 19.9853 17.8213 -0.942444 0.361245 412.302 0 0
1500 13.8566 -45.3438 17.8398 -0.665389 -0.756448 412.069 0 0
1500 25.8629 -38.4446 17.8039 -0.53487 -0.656838 411.874 0 0
1500 26.2413 -43.7904 17.8011 -0.526475 -0.735256 412.194 0 0
1500 91.2602 28.3361 17.9013 0.589741 0.466131 412.181 0 0
1500 80.6303 -78.0979 17.9728 0.371057 -1.36138 411.901 0 0
1500 86.6288 -5.00754 18.4147 0.495381 -0.11577 413.194 0 0
1500 60.8546 47.7776 17.8658 0.0979532 0.722353 413.059 0 0
1500 117.666 22.058 17.7992 0.91108 0.362996 412.937 0 0
1500 30.1372 43.0726 17.8436 -0.433921 0.685727 413.18 0 0
1500 48.8118 -65.0011 17.8493 -0.130941 -1.02381 412.734 0 0
1500 -9.10121 -11.5773 17.8369 -1.01896 -0.241165 412.611 0 0
1500 95.1089 -56.8292 17.837 0.522894 -0.906404 413.037 0 0
1500 111.261 38.3691 17.8022 0.841346 0.622768 412.72 0 0
1500 87.7877 5.2293 18.1673 0.558083 0.049545 412.97 0 0
1500 110.141 -18.4256 17.9094 0.869346 -0.310313 413.093 0 0
1500 77.6087 37.0952 17.9384 0.378366 0.61154 413.168 0 0
1500 58.8822 37.5019 17.8552 0.0676803 0.63803 412.877 0 0
1500 119.678 -1.98236 18.1539 1.05983 -0.0869328 412.588 0 0
1500 142.118 56.4856 17.878 1.40262 0.931327 412.794 0 0
1500 75.9393 11.4489 18.0517 0.298079 0.223415 413.272 0 0
1500 98.7811 -31.9474 17.8117 0.592001 -0.525415 413.359 0 0
1500 16.0513 -12.7161 17.821 -0.724103 -0.174604 413.23 0 0
1500 115.308 -2.09259 17.9816 0.979062 -0.0482759 413.338 0 0
1500 59.4367 56.4227 17.8208 -0.0458312 0.898738 413.45 0 0
1500 111.679 7.60667 17.9879 0.851688 0.102365 413.491 0 0
1500 56.2778 49.8553 17.8478 0.0270673 0.821157 413.523 0 0
1500 89.6961 -15.3723 17.8728 0.502229 -0.170705 413.657 0 0
1500 110.688 -33.2973 17.7989 0.740796 -0.550544 413.662 0 0
1500 35.7382 -1.96458 18.0437 -0.382649 -0.0715616 413.637 0 0
1500 -5.75035 7.37447 17.8769 -0.981193 0.13908 413.784 0 0
1500 49.8117 -25.9932 18.0418 -0.164875 -0.441892 413.771 0 0
1500 89.8287 -4.2336 18.5695 0.569887 -0.137558 413.842 0 0
1500 55.5003 4.28881 18.3703 -0.0434418 0.0603813 413.92 0 0
1500 72.849 -30.1022 18.0399 0.189929 -0.50421 413.904 0 0
1500 123.908 -3.74749 17.8043 1.00998 -0.00311012 414.007 0 0
1500 0.506713 33.5374 17.8726 -0.905868 0.523713 413.935 0 0
1500 116.776 -6.37407 17.8216 0.922392 -0.026571 414.108 0 0
1500 126.306 -25.3181 18.113 1.20295 -0.400685 413.945 0 0
1500 34.0719 -4.10477 18.3667 -0.368314 -0.0671517 414.158 0 0
1500 37.3698 -36.8952 18.056 -0.306078 -0.636558 414.309 0 0
1500 -4.85097 -39.8606 17.8754 -0.984863 -0.703737 414.293 0 0
1500 112.481 23.683 17.9826 0.905065 0.377998 414.401 0 0
1500 12.2582 -40.8905 17.81 -0.767553 -0.597799 414.504 0 0
1500 65.0726 -54.5016 18.1125 0.153974 -1.02439 414.522 0 0
1500 22.0371 37.8828 17.8612 -0.566039 0.581645 414.626 0 0
1500 60.1873 48.6989 17.89 0.109951 0.779866 414.615 0 0
1500 36.7805 -12.7557 17.8885 -0.37432 -0.138142 414.652 0 0
1500 59.8876 -30.8907 17.8791 0.0709423 -0.476007 415.015 0 0
1500 96.2482 -0.131551 18.5414 0.705924 -0.0614482 415.191 0 0
1500 100.119 -50.3441 17.8518 0.707233 -0.749837 414.796 0 0
1500 117.547 -25.5689 17.8385 0.948044 -0.329096 414.808 0 0
1500 74.5375 57.9285 17.8984 0.223463 0.940044 414.949 0 0
1500 85.1336 37.2548 17.9269 0.397849 0.6417 414.831 0 0
1500 27.8093 38.6668 17.9242 -0.479286 0.660783 415.085 0 0
1500 75.8535 -37.5148 17.8215 0.320333 -0.641613 414.822 0 0
1500 21.8215 53.817 17.906 -0.551485 0.908139 414.947 0 0
1500 36.5187 23.0686 17.8321 -0.411654 0.35267 415.025 0 0
1500 40.9979 -94.0843 17.9583 -0.248981 -1.53826 415.276 0 0
1500 60.0809 -11.7983 18.4083 -0.0176797 -0.228994 415.176 0 0
1500 127.539 96.9385 17.8879 1.17397 1.57195 415.421 0 0
1500 90.3231 57.3817 17.895 0.456292 0.921341 415.702 0 0
1500 7.21402 21.7579 17.929 -0.802569 0.391287 415.469 0 0
1500 112.323 17.4463 17.8134 0.873259 0.20562 415.634 0 0
1500 32.598 35.2907 17.8775 -0.433905 0.60301 415.482 0 0
1500 13.0631 7.31383 17.9357 -0.757857 0.0435633 415.46 0 0
1500 45.7094 10.9915 17.8772 -0.224679 0.195027 415.982 0 0
1500 112.688 12.1806 17.8765 0.856489 0.192125 416.123 0 0
1500 84.0312 -9.5719 17.8483 0.452274 -0.211626 416.312 0 0
1500 51.7879 -56.7268 17.9666 -0.0453154 -0.925253 416.401 0 0
1500 99.676 49.5881 17.8158 0.617372 0.793945 416.586 0 0
1500 13.0073 48.3196 17.8065 -0.732637 0.729389 416.63 0 0
1500 44.1668 -6.19204 17.8657 -0.215872 -0.151977 416.755 0 0
1500 50.8024 -49.3114 17.8071 -0.141275 -0.764697 416.893 0 0
1500 59.0202 -65.7638 17.7985 0.0176786 -1.04813 416.746 0 0
1500 93.2457 -21.6277 17.8411 0.590803 -0.396089 416.86 0 0
1500 61.9106 -14.8418 17.866 0.0527655 -0.277143 417.095 0 0
1500 119.535 -22.3813 17.8057 0.961436 -0.393574 417.13 0 0
1500 99.6195 34.7552 18.0117 0.726348 0.53775 417.217 0 0
1500 101.972 -17.4444 17.8376 0.722144 -0.329875 417.171 0 0
1500 75.3839 18.9957 18.1299 0.341967 0.279391 417.285 0 0
1500 58.4707 -11.1702 18.4779 0.0905149 -0.2442 417.33 0 0
1500 89.2811 10.4997 18.6322 0.573146 0.183557 418.699 0 0
1500 35.9782 2.88605 17.947 -0.360303 0.0519919 418.135 0 0
1500 65.4855 9.76597 18.2738 0.211252 0.170927 419.029 0 0
1500 57.2642 -10.5049 17.8228 -0.0483217 -0.207963 418.178 0 0
1500 106.031 8.53661 17.9176 0.765407 0.0982477 417.613 0 0
1500 15.14 10.7929 17.8299 -0.67019 0.187967 418.496 0 0
1500 101.004 5.70503 17.8541 0.657091 0.132755 419.072 0 0
1500 -3.71053 -8.2833 17.7991 -0.95754 -0.0800976 418.124 0 0
1500 -2.10921 11.2089 17.7994 -0.933696 0.20194 418.173 0 0
1500 72.9505 65.2473 17.9121 0.202676 1.0285 417.522 0 0
1500 50.3324 -66.7173 17.8054 -0.0707858 -1.04177 418.012 0 0
1500 -0.942406 30.5434 17.863 -0.902655 0.50351 418.894 0 0
1500 111.503 -17.9732 18.0881 0.883733 -0.325611 417.836 0 0
1500 84.5182 -55.2234 18.0078 0.466982 -0.881077 418.093 0 0
1500 64.0668 -56.198 17.9972 0.143728 -0.915671 417.969 0 0
1500 10.3795 -27.2758 17.9119 -0.769842 -0.46344 417.659 0 0
1500 94.8365 38.7567 17.946 0.650433 0.587861 417.924 0 0
1500 35.0858 -52.3798 17.832 -0.303421 -0.858995 417.778 0 0
1500 39.9013 -61.4998 17.8266 -0.226997 -0.984607 418.666 0 0
1500 81.6348 22.0111 18.202 0.472843 0.374421 418.376 0 0
1500 33.5819 49.0437 17.8387 -0.443969 0.772472 418.973 0 0
1500 46.9409 -14.6189 18.0882 -0.200062 -0.271365 418.444 0 0
1500 90.0707 -10.1428 18.2481 0.630733 -0.163115 417.779 0 0
1500 62.5635 24.5893 17.8978 0.00542877 0.411862 418.388 0 0
1500 61.205 -59.0207 18.0209 0.0305549 -0.979565 419.096 0 0
1500 53.9698 -2.03641 17.8302 -0.0449393 -0.107493 418.631 0 0
1500 95.8589 -34.5186 17.8863 0.682349 -0.568539 417.828 0 0
1500 15.9964 68.7225 17.8655 -0.742768 1.08684 418.679 0 0
1500 20.7514 -53.4662 17.919 -0.565038 -0.925218 418.907 0 0
1500 126.72 -64.5783 18.1695 1.25857 -1.18987 419.062 0 0
1500 60.6208 41.3408 17.9614 0.0186602 0.643179 419.738 0 0
1500 42.7783 42.8928 17.8288 -0.236975 0.676533 419.207 0 0
1500 72.2498 52.6731 17.8187 0.239708 0.814364 419.141 0 0
1500 94.4168 -53.6549 17.9615 0.574218 -0.843919 419.147 0 0
1500 78.0011 -56.4298 17.8116 0.329652 -0.870966 419.509 0 0
1500 70.0497 52.9335 18.0211 0.254366 0.857832 419.274 0 0
1500 21.9183 50.994 17.8824 -0.528213 0.841285 419.77 0 0
1500 30.7359 51.5839 17.8361 -0.484897 0.807078 419.31 0 0
1500 114.377 13.7055 17.8067 0.922722 0.17514 419.468 0 0
1500 28.3768 37.8522 17.8846 -0.518651 0.608613 419.423 0 0
1500 36.0911 10.6108 18.1128 -0.441234 0.151689 419.924 0 0
1500 122.829 10.7791 17.8144 1.01474 0.217892 420.232 0 0
1500 49.1317 0.257419 18.2082 -0.122119 -0.0646318 420.121 0 0
1500 126.598 -15.6902 17.9293 1.21521 -0.299838 420.043 0 0
1500 35.2124 -16.0777 18.0773 -0.336537 -0.27184 420.38 0 0
1500 79.6981 17.9509 17.8893 0.356991 0.295608 420.28 0 0
1500 56.9824 6.16426 18.083 0.0276402 0.152669 421.426 0 0
1500 36.017 -5.94689 17.9136 -0.354291 -0.0439414 421.638 0 0
1500 99.205 2.86855 17.8954 0.650919 0.0708114 420.363 0 0
1500 31.8312 28.257 17.9412 -0.396611 0.452918 420.851 0 0
1500 48.5985 4.31263 17.9509 -0.181971 0.0314927 421.99 0 0
1500 67.4242 -38.8344 17.8248 0.173648 -0.605043 420.912 0 0
1500 101.374 34.0648 17.8532 0.638756 0.546825 421.598 0 0
1500 38.0535 42.6158 17.8146 -0.347914 0.640841 421.732 0 0
1500 51.7484 56.9824 17.9105 -0.106151 0.879814 422.521 0 0
1500 100.502 6.19828 18.5458 0.794738 0.0800842 420.891 0 0
1500 88.9654 -2.03895 18.5523 0.629788 -0.0418618 420.316 0 0
1500 -17.7237 -18.92 17.872 -1.17689 -0.266479 421.517 0 0
1500 24.8263 56.4715 17.8309 -0.565215 0.866873 420.403 0 0
1500 1.44827 32.1549 17.8318 -0.893593 0.492408 421.953 0 0
1500 105.149 -43.9268 17.8014 0.769687 -0.689995 420.553 0 0
1500 123.358 -7.60292 17.8715 1.02576 -0.0796529 422.284 0 0
1500 56.4226 -53.9484 18.051 0.0111214 -0.888452 421.287 0 0
1500 90.4838 -55.8275 17.8004 0.503036 -0.906326 421.875 0 0
1500 102.157 24.8727 18.3229 0.800088 0.383233 421.87 0 0
1500 93.7318 1.69058 18.0368 0.59799 -0.0472696 420.486 0 0
1500 98.1781 -14.3034 18.0323 0.662526 -0.291199 420.853 0 0
1500 78.198 -5.45873 18.0372 0.32334 -0.157945 421.296 0 0
1500 67.085 34.5198 17.9079 0.0805305 0.570063 420.297 0 0
1500 28.7584 34.7665 17.9009 -0.508469 0.568867 420.866 0 0
1500 32.1555 50.788 17.8934 -0.45073 0.804797 421.675 0 0
1500 -4.81738 0.421653 17.8891 -1.00069 0.0407466 422.373 0 0
1500 60.1203 -58.7345 17.8586 -0.0144659 -0.946284 422.371 0 0
1500 82.6213 32.5397 18.4738 0.429674 0.576249 420.686 0 0
1500 124.154 16.5934 17.7996 1.0472 0.187976 421.869 0 0
1500 45.6283 -17.5573 18.0721 -0.201128 -0.336219 421.472 0 0
1500 129.037 11.5223 17.8955 1.16258 0.247677 420.503 0 0
1500 79.0473 12.9861 17.8482 0.394288 0.244139 421.195 0 0
1500 52.5 17.1913 17.868 -0.116682 0.339268 421.442 0 0
1500 269.599 42.8257 17.8792 3.49759 0.702694 420.805 0 0
1500 -15.7158 21.956 18.0775 -1.24859 0.342727 421.272 0 0
1500 93.0733 -28.758 17.9136 0.546826 -0.538564 422.475 0 0
1500 162.977 -70.2654 17.8916 1.78857 -1.12747 422.382 0 0
1500 32.8067 -63.5616 17.8389 -0.444147 -0.949449 423.262 0 0
1500 45.7339 59.5521 17.914 -0.172996 0.969763 422.839 0 0
1500 52.8097 -64.0835 17.8544 -0.123699 -1.0148 423.186 0 0
1500 88.3479 -40.1969 18.0581 0.450034 -0.67384 422.584 0 0
1500 95.3246 -25.6281 18.1932 0.590016 -0.467152 423.039 0 0
1500 14.8557 26.8006 18.0703 -0.703956 0.512158 423.16 0 0
1500 32.747 -26.9807 17.9903 -0.443219 -0.395334 423.367 0 0
1500 73.8094 120.912 17.9599 0.295705 1.9842 423.356 0 0
1500 103.916 19.5802 18.1065 0.732525 0.319661 423.848 0 0
1500 73.6766 -15.8844 17.8977 0.287772 -0.191855 425.374 0 0
1500 87.0489 -31.6399 17.9854 0.475547 -0.494134 425.493 0 0
1500 69.4407 -44.2073 18.0256 0.183013 -0.716373 423.995 0 0
1500 7.14453 35.9106 17.8443 -0.8031 0.509149 425.007 0 0
1500 -8.69747 3.3902 17.8873 -1.03079 0.083018 424.191 0 0
1500 124.536 -6.62624 17.8234 1.04661 -0.0585772 424.7 0 0
1500 100.812 50.308 17.8234 0.696072 0.783827 424.668 0 0
1500 66.5461 66.9518 17.8239 0.187614 1.02228 425.185 0 0
1500 122.918 -6.84852 17.8242 1.03288 -0.0624816 424.032 0 0
1500 17.2846 46.5806 17.8435 -0.642037 0.768726 423.91 0 0
1500 105.944 -27.1291 17.8914 0.773879 -0.477741 424.629 0 0
1500 110.134 -33.9399 17.8862 0.82688 -0.573786 425.474 0 0
1500 41.99 24.8195 18.1088 -0.2869 0.381447 424.032 0 0
1500 58.4184 -10.1255 18.1144 -0.0348316 -0.156029 423.663 0 0
1500 64.6331 -54.175 17.8317 0.119468 -0.899526 425.145 0 0
1500 21.1521 -19.3025 18.0407 -0.612896 -0.291289 424.949 0 0
1500 111.825 25.8214 17.9522 0.882855 0.466856 424.57 0 0
1500 47.46 43.0001 17.9852 -0.187393 0.718616 425.683 0 0
1500 43.2826 -53.5762 18.1756 -0.276357 -0.890388 423.649 0 0
1500 120.359 -11.4911 17.9027 1.06441 -0.165325 425.728 0 0
1500 74.3077 44.1059 18.5433 0.319225 0.794375 423.974 0 0
1500 109.141 13.9893 18.5426 0.990921 0.284591 424.032 0 0
1500 26.7056 -12.8261 17.8614 -0.507824 -0.1889 426.801 0 0
1500 88.0785 -27.088 17.8118 0.417073 -0.453407 426.577 0 0
1500 106.718 42.623 17.8192 0.764683 0.670426 426.695 0 0
1500 112.697 -5.5117 17.9705 0.907237 -0.110168 426.156 0 0
1500 56.4857 20.4721 18.3306 0.0304252 0.386092 426.167 0 0
1500 80.4371 3.39322 18.0596 0.450171 0.0677993 426.222 0 0
1500 147.778 -14.151 18.1496 1.57833 -0.24613 426.69 0 0
1500 68.9998 52.9482 17.8353 0.217301 0.793476 427.174 0 0
1500 9.7761 -35.6919 17.8254 -0.723692 -0.580057 427.212 0 0
1500 -53.1179 63.9564 17.8031 -1.73265 0.940209 426.805 0 0
1500 100.543 -27.8975 18.0413 0.697953 -0.492187 426.975 0 0
1500 117.368 0.437648 17.8191 0.966177 0.039426 427.262 0 0
1500 45.0908 40.7065 18.055 -0.220246 0.676488 427.393 0 0
1500 63.9516 44.592 17.816 0.0842171 0.76456 426.855 0 0
1500 55.8401 -41.5159 18.0509 0.0273217 -0.703302 427.507 0 0
1500 93.7449 14.1559 17.8399 0.551311 0.164281 428.152 0 0
1500 102.758 -4.71669 17.8845 0.67867 -0.0271672 429.001 0 0
1500 95.2746 2.98568 17.8445 0.585035 0.079657 428.03 0 0
1500 85.9835 -39.8446 17.9216 0.423696 -0.632266 429.03 0 0
1500 30.9621 22.7863 17.8836 -0.453122 0.327331 428.253 0 0
1500 24.7238 2.41882 17.8841 -0.542149 0.0349071 428.321 0 0
1500 44.1304 24.4223 17.887 -0.26243 0.348623 428.691 0 0
1500 102.772 -38.4474 18.0355 0.722962 -0.6439 427.769 0 0
1500 41.4894 -91.994 17.8124 -0.210631 -1.41655 429.541 0 0
1500 117.399 -21.6125 18.1408 1.00036 -0.359963 428.865 0 0
1500 38.267 -45.2424 17.9284 -0.301945 -0.765684 428.21 0 0
1500 39.1097 -28.1263 17.9584 -0.315713 -0.500038 427.677 0 0
1500 67.2481 27.0984 17.9894 0.104922 0.469679 428.003 0 0
1500 68.9542 57.3623 17.8773 0.219193 0.926713 429.796 0 0
1500 99.2667 27.5221 17.9273 0.672392 0.489782 429.447 0 0
1500 78.3537 -104.655 17.9028 0.265812 -1.723 427.808 0 0
1500 64.6438 7.10462 17.8317 0.122826 0.186937 429.739 0 0
1500 37.7832 32.5111 17.8906 -0.287528 0.600256 428.596 0 0
1500 59.6784 -55.0902 18.3178 0.0969806 -0.98095 429.462 0 0
1500 69.0263 -46.5523 18.4563 0.229096 -0.865497 428.472 0 0
1500 69.6662 -17.1791 18.4496 0.230344 -0.301088 432.346 0 0
1500 117.356 6.73838 17.8619 0.893752 0.0902336 431.943 0 0
1500 95.3142 -18.9414 17.9934 0.596186 -0.31085 431.309 0 0
1500 98.9584 47.2749 17.8188 0.657274 0.715989 430.285 0 0
1500 86.2478 -15.4657 18.0765 0.476296 -0.265126 432.999 0 0
1500 94.4859 41.9585 17.8125 0.515087 0.671831 431.887 0 0
1500 -1.97845 -27.1248 17.8528 -0.916281 -0.452711 430.709 0 0
1500 97.315 51.2924 17.9189 0.621455 0.805835 431.11 0 0
1500 84.143 -5.63578 17.943 0.413531 -0.0196554 433.899 0 0
1500 94.2653 -31.4247 18.0931 0.589738 -0.505274 432.699 0 0
1500 69.2599 -61.8021 17.9207 0.161507 -0.961292 432.105 0 0
1500 114.588 -33.6514 17.9027 0.891574 -0.551284 430.97 0 0
1500 79.7807 -28.6394 18.2779 0.374523 -0.507439 430.18 0 0
1500 91.2703 -24.7681 18.2752 0.546394 -0.447362 430.407 0 0
1500 97.2012 -27.6772 17.929 0.632158 -0.497095 430.227 0 0
1500 76.8576 15.4483 18.1995 0.288888 0.296334 430.391 0 0
1500 51.1339 42.3249 17.9324 -0.0785669 0.725203 430.186 0 0
1500 73.5303 35.1775 17.9346 0.266021 0.61725 429.999 0 0
1500 110.383 17.681 17.9976 0.862289 0.322644 431.429 0 0
1500 108.636 40.1871 17.9909 0.817737 0.647472 432.907 0 0
1500 109.453 40.2048 17.9907 0.826106 0.644856 433.21 0 0
1500 78.8465 36.4287 18.0064 0.392384 0.613793 430.505 0 0
1500 66.9777 54.0822 17.9988 0.20847 0.873281 431.282 0 0
1500 114.944 17.0785 18.1518 0.944744 0.298273 432.853 0 0
1500 30.169 -6.51662 17.9744 -0.487019 -0.0781413 430.076 0 0
1500 61.5305 10.6751 18.1193 0.0569553 0.233786 430.429 0 0
1500 99.8228 14.6653 17.963 0.722714 0.184934 431.669 0 0
1500 112.529 7.75984 17.9554 0.906309 0.0782662 432.457 0 0
1500 85.6459 -1.89937 18.371 0.52555 -0.100002 431.444 0 0
1500 115.982 13.4802 18.1136 0.972363 0.196823 433.97 0 0
1500 63.0025 55.9058 17.9857 0.0857553 0.917859 432.971 0 0
1500 39.3529 53.3674 17.9858 -0.27097 0.879697 432.962 0 0
1500 26.5093 5.67267 18.0214 -0.533967 0.062509 432.111 0 0
1500 94.9004 9.77903 17.8663 0.6511 0.153986 432.551 0 0
1500 79.9297 -22.3261 17.9074 0.422461 -0.322855 432.461 0 0
1500 71.4084 25.9762 17.959 0.267878 0.454728 434.007 0 0
1500 19.5553 35.0105 17.8473 -0.652529 0.577553 433.582 0 0
1500 54.0582 -51.5921 17.927 -0.137047 -0.841617 430.865 0 0
1500 12.6675 -11.2467 18.2397 -0.767246 -0.172071 431.871 0 0
1500 117.175 -55.5222 17.9473 1.03535 -0.923498 432.208 0 0
1500 122.756 34.2437 17.9781 1.12969 0.522656 432.719 0 0
1500 125.388 27.513 18.2811 1.18219 0.507056 433.046 0 0
1500 251.67 7.8644 17.9516 3.29179 0.0862263 431.4 0 0
1500 76.7854 44.6954 18.0133 0.299847 0.839668 431.308 0 0
1500 19.4865 8.62202 17.8975 -0.677493 0.202499 433.936 0 0
1500 75.1351 24.5523 18.1907 0.240405 0.494401 432.716 0 0
1500 79.8815 -5.94005 17.944 0.304076 -0.151298 434.491 0 0
1500 41.0991 -27.4908 17.9399 -0.237097 -0.453392 434.184 0 0
1500 59.9362 11.5349 17.9946 -0.00711803 0.206536 435.213 0 0
1500 30.5503 20.5435 17.9052 -0.447636 0.29155 434.617 0 0
1500 86.4338 36.704 17.9317 0.44108 0.582859 434.732 0 0
1500 56.1409 41.5301 17.9353 -0.00155683 0.653096 436.161 0 0
1500 123.18 -1.0457 17.9498 1.04787 -0.0251786 435.778 0 0
1500 72.3654 -54.5465 17.8903 0.216392 -0.901882 434.433 0 0
1500 110.289 -36.8118 17.8863 0.783069 -0.626637 435.114 0 0
1500 46.1243 -57.7001 17.8885 -0.180563 -0.945756 434.707 0 0
1500 81.5995 -22.1057 18.311 0.465799 -0.393819 434.736 0 0
1500 75.5083 -9.54871 18.2072 0.3544 -0.212569 434.133 0 0
1500 82.7363 -56.1135 17.8224 0.43251 -0.892348 435.283 0 0
1500 53.5888 65.7055 17.8292 -0.0331069 1.04401 436.267 0 0
1500 120.681 -18.9208 17.8164 1.00478 -0.256168 436.199 0 0
1500 86.2538 48.3734 17.8231 0.500749 0.763968 434.858 0 0
1500 45.5796 -38.6587 18.1349 -0.219437 -0.618638 435.47 0 0
1500 88.7975 -5.54666 18.1049 0.531929 -0.012371 435.421 0 0
1500 55.9518 -41.919 17.8818 -0.0170438 -0.722204 435.477 0 0
1500 88.8098 21.4222 17.8602 0.558426 0.31505 435.171 0 0
1500 69.3094 19.665 17.8672 0.153841 0.380714 435.398 0 0
1500 38.2463 -8.97028 17.8791 -0.284926 -0.215619 435.56 0 0
1500 92.1829 41.8306 18.4163 0.588718 0.74333 434.697 0 0
1500 91.6233 -45.4151 18.3432 0.630302 -0.79786 435.586 0 0
1500 31.6982 -26.1155 18.1066 -0.476938 -0.377976 434.065 0 0
1500 21.9046 12.9124 18.163 -0.650213 0.195098 435.738 0 0
1500 47.5472 -14.1754 18.0168 -0.251549 -0.30453 434.733 0 0
1500 71.4006 38.0307 18.081 0.297517 0.71114 435.98 0 0
1500 115.746 -26.1232 18.0785 1.01251 -0.533579 435.813 0 0
1500 79.5299 -10.5399 18.2845 0.335802 -0.211716 437.059 0 0
1500 54.7059 15.0488 18.0547 -0.024089 0.277254 436.602 0 0
1500 75.6196 32.6341 17.9937 0.269604 0.526133 437.132 0 0
1500 79.7951 -13.8864 18.218 0.399355 -0.234064 438.463 0 0
1500 66.7314 21.3238 18.3292 0.214124 0.349598 439.045 0 0
1500 40.2611 44.6652 17.8736 -0.254847 0.703495 436.48 0 0
1500 79.1254 34.1429 17.9984 0.305316 0.547309 438.098 0 0
1500 56.4417 -22.3775 17.9263 0.0138236 -0.376859 438.519 0 0
1500 67.4444 1.43047 17.9656 0.192 0.0753226 439.348 0 0
1500 93.8473 54.3777 17.866 0.576825 0.847131 437.002 0 0
1500 35.1011 -18.7496 17.9084 -0.321621 -0.331758 439.922 0 0
1500 51.0844 -48.1642 17.8983 -0.0991846 -0.75242 439.058 0 0
1500 42.1764 53.9274 17.8391 -0.195066 0.835917 438.922 0 0
1500 71.7204 8.41181 17.8575 0.22234 0.1808 440.533 0 0
1500 115.596 0.387096 17.89 0.903619 0.00596716 439.217 0 0
1500 19.6617 55.2996 17.8732 -0.555736 0.886685 437.484 0 0
1500 77.7446 14.4894 18.0305 0.271965 0.266045 442.183 0 0
1500 49.0761 -17.105 18.215 -0.123101 -0.286381 443.224 0 0
1500 103.898 -32.2065 17.8733 0.711958 -0.565048 436.345 0 0
1500 65.3863 -61.4663 17.8703 0.120172 -0.958634 439.856 0 0
1500 92.3721 24.572 17.9663 0.54561 0.397486 441.86 0 0
1500 28.6842 52.6919 17.8469 -0.423337 0.87023 436.927 0 0
1500 73.5974 56.7061 17.9234 0.254996 0.880019 440.683 0 0
1500 89.1297 -30.0942 17.9485 0.566498 -0.479273 436.41 0 0
1500 98.8486 42.1318 17.8442 0.697197 0.630534 437.093 0 0
1500 30.0927 49.3365 17.8475 -0.445697 0.820906 437.176 0 0
1500 53.0387 -65.5193 17.8521 -0.0513208 -1.04407 438.896 0 0
1500 32.896 -32.1598 18.0997 -0.40608 -0.539329 437.142 0 0
1500 43.8584 -24.4223 18.1057 -0.240607 -0.424298 436.687 0 0
1500 47.4023 -3.92829 18.111 -0.187203 -0.11024 436.337 0 0
1500 89.8131 18.9094 18.1114 0.554239 0.345416 438.607 0 0
1500 1.42371 11.4212 17.8067 -0.92178 0.221106 437.579 0 0
1500 75.8971 -14.6152 18.2155 0.353001 -0.295122 437.211 0 0
1500 91.9808 -41.3325 18.0419 0.590257 -0.680795 438.594 0 0
1500 99.9732 -35.3532 18.0708 0.691325 -0.600299 439.072 0 0
1500 109 36.8714 17.9521 0.799848 0.621122 439.688 0 0
1500 120.39 -14.6304 18.0229 1.012 -0.246287 441.182 0 0
1500 55.6617 -3.06092 18.2211 -0.0424308 -0.0984815 438.707 0 0
1500 154.687 135.542 17.9086 1.61997 2.18945 436.529 0 0
1500 90.1069 23.7181 17.9502 0.581315 0.386494 439.003 0 0
1500 81.0189 46.2251 17.9005 0.434914 0.721853 439.727 0 0
1500 72.2268 -46.9728 18.1461 0.295009 -0.772418 440.717 0 0
1500 27.0178 -25.1687 17.9511 -0.497034 -0.357238 444.649 0 0
1500 60.308 48.2371 17.8745 0.0628529 0.812313 439.705 0 0
1500 48.208 49.8723 17.8759 -0.113574 0.776209 444.848 0 0
1500 107.032 -2.67681 17.876 0.780396 0.0323713 439.561 0 0
1500 54.1391 -18.5027 17.958 -0.120323 -0.307961 438.88 0 0
1500 8.71354 29.1134 17.9381 -0.805125 0.421131 440.594 0 0
1500 45.7039 33.5166 17.8318 -0.222355 0.52456 445.617 0 0
1500 13.7765 24.008 17.8209 -0.73139 0.424827 439.89 0 0
1500 79.7169 -16.3768 17.8497 0.366521 -0.263276 446.084 0 0
1500 79.8497 6.41854 17.8633 0.420132 0.084905 438.76 0 0
1500 89.418 103.374 17.8618 0.444325 1.71501 437.278 0 0
1500 56.1248 174.308 17.8218 0.005939 2.73307 440.514 0 0
1500 68.3443 -44.7105 17.8233 0.0979986 -0.682092 446.421 0 0
1500 113.482 36.2103 17.8555 0.826287 0.599385 443.798 0 0
1500 73.6034 56.3983 17.8614 0.241244 0.87985 444.874 0 0
1500 67.3367 64.0619 17.8269 0.161419 1.00258 443.929 0 0
1500 81.0774 14.2798 17.8808 0.346158 0.268076 446.922 0 0
1500 64.3815 -59.6166 17.8724 0.0968425 -0.928769 445.247 0 0
1500 70.0947 19.467 17.8632 0.198564 0.381259 439.819 0 0
1500 105.249 10.0455 17.8517 0.736681 0.231073 440.712 0 0
1500 56.0871 5.34074 17.9381 -0.049664 0.0119259 440.084 0 0
1500 74.992 -2.68275 17.9361 0.245049 -0.113137 440.206 0 0
1500 108.017 -3.6293 17.8155 0.851302 -0.0392028 440.231 0 0
1500 68.0178 7.85942 17.913 0.190595 0.0591825 449.096 0 0
1500 81.3353 60.7288 17.8602 0.392707 0.938658 444.864 0 0
1500 68.7232 28.1229 17.9694 0.122985 0.484263 440.955 0 0
1500 115.863 -67.0678 17.8516 0.916728 -1.14867 439.381 0 0
1500 1.18616 -17.4558 17.8518 -0.903221 -0.202572 442.468 0 0
1500 19.7288 -15.619 18.1484 -0.61109 -0.265905 442.438 0 0
1500 65.3019 -7.60904 17.8256 0.135024 -0.166276 448.254 0 0
1500 56.0418 -66.3736 17.7961 0.00580567 -1.04811 444.181 0 0
1500 122.09 26.107 17.7964 0.990614 0.325496 443.843 0 0
1500 70.6337 -57.308 17.8009 0.227321 -0.934334 442.687 0 0
1500 99.9563 -48.7211 17.7969 0.663054 -0.793127 443.595 0 0
1500 74.316 4.90783 17.9488 0.339826 0.0505994 441.453 0 0
1500 16.2343 37.9947 17.8661 -0.62385 0.672471 439.847 0 0
1500 39.3303 -65.2144 17.901 -0.281461 -1.03516 444.696 0 0
1500 37.9497 25.9675 18.0309 -0.35751 0.419468 442.128 0 0
1500 120.236 -9.86612 17.8138 0.986338 -0.0911479 443.576 0 0
1500 34.318 -41.8624 17.913 -0.330661 -0.736011 440.082 0 0
1500 15.6115 64.6416 17.8718 -0.634521 1.09483 440.677 0 0
1500 59.8818 40.914 18.0574 0.0493678 0.700297 443.175 0 0
1500 69.8732 -19.9474 18.0371 0.242162 -0.377567 442.581 0 0
1500 140.315 -93.9733 17.8934 1.32145 -1.48194 443.391 0 0
1500 95.2354 20.7543 18.9649 0.717719 0.384551 444.963 0 0
1500 29.5209 -13.3291 17.8937 -0.512155 -0.196855 442.735 0 0
1500 23.6294 38.2912 17.8823 -0.594591 0.594986 443.707 0 0
1500 -2.10314 -3.00814 17.878 -0.928312 -0.0340135 447.904 0 0
1500 5.91408 8.25224 17.8808 -0.863098 0.135547 443.876 0 0
1500 90.6096 6.51023 17.9938 0.56222 0.16631 443.466 0 0
1500 89.4544 -20.0118 17.8268 0.532076 -0.372568 443.23 0 0
1500 81.5324 -56.1379 17.8111 0.398275 -0.907973 444.999 0 0
1500 68.7111 -3.36173 18.0714 0.238097 -0.116686 443.474 0 0
1500 123.927 -2.8764 17.8953 1.02846 -0.106764 446.001 0 0
1500 77.7586 -23.6782 17.9164 0.355295 -0.433244 443.376 0 0
1500 94.9388 -7.95529 17.9135 0.619219 -0.189106 443.598 0 0
1500 46.2271 -25.3603 17.9187 -0.133351 -0.460482 443.21 0 0
1500 124.071 5.20541 17.9593 1.08252 0.103174 445.381 0 0
1500 171.895 -97.8666 17.8074 1.81415 -1.54206 444.246 0 0
1500 68.6014 35.2195 17.9953 0.245506 0.586906 444.445 0 0
1500 53.5237 -31.0268 18.0056 -0.00340981 -0.541773 444.337 0 0
1500 57.5086 25.6757 18.0904 0.0591718 0.414407 451.742 0 0
1500 92.1224 -8.39851 17.9782 0.52664 -0.20879 440.659 0 0
1500 42.0888 39.3762 17.9309 -0.303228 0.635003 444.838 0 0
1500 43.9799 53.5245 17.9229 -0.270886 0.842369 445.623 0 0
1500 107.122 -8.92886 17.9147 0.773821 -0.106922 450.598 0 0
1500 148.211 52.3497 17.8163 1.45418 0.835282 445.11 0 0
1500 100.236 -48.461 17.8092 0.604777 -0.775662 448.979 0 0
1500 10.7371 -37.8892 17.824 -0.755368 -0.645865 445.873 0 0
1500 82.1963 13.9666 18.0036 0.410282 0.23839 452.105 0 0
1500 121.953 22.7321 17.8297 0.965841 0.406877 448.006 0 0
1500 88.2425 40.8052 17.8402 0.4848 0.698336 445.635 0 0
1500 79.2486 5.99138 18.0178 0.343314 0.023625 453.795 0 0
1500 67.5689 -37.0456 17.8646 0.164865 -0.680746 442.749 0 0
1500 76.5397 -57.3475 17.9241 0.308453 -0.887356 450.921 0 0
1500 104.526 24.0565 18.1138 0.784986 0.418679 447.919 0 0
1500 105.842 39.2828 18.1072 0.791693 0.636861 449.019 0 0
1500 59.6908 -0.490755 18.1317 -0.00845085 -0.0333237 446.179 0 0
1500 63.1845 -4.51911 18.0612 0.0947843 -0.131423 454.013 0 0
1500 47.7909 115.98 17.8372 -0.222889 1.83423 446.418 0 0
1500 90.0666 42.7625 18.052 0.55536 0.740669 446.271 0 0
1500 72.4772 1.5862 17.9766 0.27379 0.103798 442.778 0 0
1500 169.539 38.3051 17.898 1.87928 0.651558 444.266 0 0
1500 41.2527 62.3477 18.081 -0.270422 1.086 444.3 0 0
1500 122.389 2.34157 17.949 1.01951 0.0534446 451.731 0 0
1500 97.1567 33.0662 17.9873 0.689587 0.486276 448.649 0 0
1500 91.325 10.9645 18.5069 0.570365 0.237824 449.267 0 0
1500 42.0283 39.3246 17.9602 -0.28488 0.655355 448.232 0 0
1500 23.8083 32.8669 17.9597 -0.518508 0.511093 453.997 0 0
1500 74.7878 8.99708 17.972 0.220558 0.192696 447.368 0 0
1500 106.37 -38.5633 17.8551 0.702006 -0.627233 452.495 0 0
1500 31.0218 -50.6312 17.8554 -0.403505 -0.84403 448.955 0 0
1500 31.9946 -41.8671 17.8612 -0.392722 -0.71833 448.287 0 0
1500 114.753 24.8494 17.8659 0.895193 0.372988 452.45 0 0
1500 82.7065 7.85248 18.0972 0.49796 0.110334 446.746 0 0
1500 74.6714 -8.77748 17.9523 0.3201 -0.11277 454.116 0 0
1500 94.4692 29.3294 17.939 0.62628 0.444818 451.165 0 0
1500 24.9281 -35.5586 17.8623 -0.57802 -0.564344 449.046 0 0
1500 150.028 25.7059 17.8408 1.48919 0.406323 449.147 0 0
1500 59.3872 -42.3859 17.8541 0.0309732 -0.730352 448.887 0 0
1500 61.5109 -52.6655 17.8473 0.063066 -0.879717 449.561 0 0
1500 62.8354 -52.1879 17.8476 0.0833181 -0.872819 449.532 0 0
1500 107.626 67.0923 17.9917 0.859642 1.08995 448.537 0 0
1500 15.5705 -0.136609 17.8497 -0.639708 -0.0590552 455.409 0 0
1500 42.2277 17.0328 17.8577 -0.291502 0.203014 448.559 0 0
1500 101.733 43.4958 17.9614 0.711806 0.711598 451.647 0 0
1500 93.1089 -16.0282 17.8502 0.558937 -0.262608 455.512 0 0
1500 53.4351 16.8758 18.0015 -0.0586503 0.34566 448.132 0 0
1500 33.7071 60.942 17.8664 -0.376123 1.06544 446.726 0 0
1500 118.992 -21.8977 17.8815 0.96288 -0.299808 453.919 0 0
1500 71.7051 -15.9281 17.9354 0.21543 -0.338881 446.694 0 0
1500 5.01848 34.0179 17.8426 -0.835504 0.619516 448.35 0 0
1500 64.8822 20.1263 17.9235 0.104687 0.350511 457.15 0 0
1500 99.9775 -12.2492 17.8351 0.633531 -0.240585 455.33 0 0
1500 91.5194 -41.9731 17.8268 0.529056 -0.689106 453.104 0 0
1500 26.7188 18.7869 17.9961 -0.561076 0.386301 445.583 0 0
1500 117.636 -1.94292 17.9061 0.92608 0.00893388 455.642 0 0
1500 89.4166 -21.5568 17.9188 0.56164 -0.293176 450.661 0 0
1500 10.075 22.5232 17.8545 -0.748236 0.300437 456.163 0 0
1500 -8.11736 -1.54114 17.829 -1.04712 -0.00893393 453.845 0 0
1500 56.1538 38.2973 17.9784 0.0095521 0.603717 457.511 0 0
1500 120.792 -10.5449 17.8192 0.967084 -0.110279 455.191 0 0
1500 70.2148 20.679 17.8412 0.227016 0.331048 457.471 0 0
1500 81.351 3.95189 18.4926 0.466789 0.0438308 459.392 0 0
1500 117.604 -14.7871 17.919 0.979347 -0.213584 453.154 0 0
1500 58.3285 1.02917 18.1422 0.0197482 0.0798668 459.262 0 0
1500 59.1828 24.9128 18.1366 0.0351435 0.455496 451.701 0 0
1500 69.0108 49.1452 18.0444 0.251718 0.911474 444.628 0 0
1500 70.9542 -27.5885 17.9152 0.141691 -0.43691 458.333 0 0
1500 0.562321 -4.06639 17.8974 -0.913559 -0.116998 452.794 0 0
1500 62.6611 -30.4617 17.9147 0.0257181 -0.477344 458.295 0 0
1500 71.1021 -24.565 18.5242 0.313208 -0.437868 454.063 0 0
1500 56.8016 -29.688 17.9479 0.0558967 -0.503741 452.904 0 0
1500 137.997 -1.5788 18.0135 1.30824 -0.0579991 453.644 0 0
1500 55.2612 -66.1371 17.858 -0.0145552 -1.03969 456.172 0 0
1500 116.592 -51.0996 17.8495 0.873558 -0.792443 459.063 0 0
1500 94.3708 41.9527 17.9786 0.696779 0.691628 448.306 0 0
1500 10.881 47.4362 17.8249 -0.760211 0.68173 457.577 0 0
1500 9.6472 -38.6131 17.8262 -0.802945 -0.59299 455.468 0 0
1500 47.9022 27.0962 17.9243 -0.221755 0.402271 453.488 0 0
1500 -6.70771 -4.89502 17.9022 -0.997615 -0.0881769 458.151 0 0
1500 77.4491 -20.3141 17.8469 0.337144 -0.257768 460.457 0 0
1500 -29.6203 -8.1665 17.916 -1.50111 -0.0634891 449.775 0 0
1500 71.0984 -97.0113 17.904 0.290785 -1.58398 451.957 0 0
1500 29.1923 30.0582 17.8407 -0.47601 0.441121 460.927 0 0
1500 38.1491 55.2741 17.8096 -0.313741 0.86341 459.83 0 0
1500 49.9213 8.13681 17.8314 -0.157083 0.201084 454.143 0 0
1500 56.7407 9.11837 17.8319 -0.0501426 0.216573 454.115 0 0
1500 6.29189 20.1581 17.8104 -0.818889 0.379209 455.896 0 0
1500 46.7502 38.8485 17.8216 -0.186473 0.61562 461.099 0 0
1500 107.531 -61.6945 18.0719 0.83029 -1.05322 453.915 0 0
1500 37.5645 -49.4874 17.8594 -0.286512 -0.776649 461.368 0 0
1500 68.1073 -62.9206 17.849 0.156121 -1.01543 458.1 0 0
1500 105.889 27.6226 17.909 0.737698 0.448507 461.893 0 0
1500 89.8669 43.985 17.9097 0.508799 0.681009 461.967 0 0
1500 106.068 36.2749 17.905 0.745888 0.576181 461.363 0 0
1500 100.766 2.92578 17.8191 0.645195 0.0975897 462.532 0 0
1500 -23.7462 -47.3382 17.8081 -1.32543 -0.677967 457.056 0 0
1500 74.8837 -20.5942 18.0344 0.297018 -0.32203 467.664 0 0
1500 115.716 82.149 17.8601 0.916411 1.2723 461.067 0 0
1500 63.6328 -52.0263 17.8696 0.0360265 -0.848385 459.842 0 0
1500 10.7836 -41.7293 17.8609 -0.756585 -0.677414 461.154 0 0
1500 62.4331 -25.4462 17.8698 0.0514721 -0.471388 458.754 0 0
1500 111.04 -6.21931 17.8212 0.804812 -0.140104 464.624 0 0
1500 115.844 -48.463 18.0898 1.04853 -0.897304 454.379 0 0
1500 79.0794 -26.8029 18.2506 0.469225 -0.516737 452.611 0 0
1500 5.28019 -10.1122 17.8114 -0.827183 -0.229843 462.46 0 0
1500 18.2868 -39.1176 17.8085 -0.624595 -0.670836 462.801 0 0
1500 58.4433 -31.2848 17.8232 -0.0126739 -0.563168 461.433 0 0
1500 87.8766 -51.8999 17.8086 0.412024 -0.817528 466.666 0 0
1500 14.7346 -10.1317 17.8197 -0.630291 -0.212599 467.844 0 0
1500 85.6931 -28.5343 17.8198 0.409976 -0.518294 461.687 0 0
1500 50.4227 -44.9687 17.815 -0.136138 -0.768249 462.1 0 0
1500 61.6209 16.8678 18.0089 0.000247276 0.259156 461.665 0 0
1500 -2.78748 -6.14362 17.9846 -0.965597 -0.094672 463.92 0 0
1500 93.2138 39.5795 17.9072 0.534747 0.725429 458.696 0 0
1500 84.3104 38.6978 18.058 0.397668 0.712 458.172 0 0
1500 52.5876 14.3378 17.8388 -0.0957512 0.268137 470.976 0 0
1500 26.6317 -54.608 17.8549 -0.55088 -0.830257 465.51 0 0
1500 142.139 29.8369 18 1.46279 0.502988 461.814 0 0
1500 23.4745 -20.7012 17.8759 -0.615566 -0.373324 464.234 0 0
1500 66.1659 -32.9384 17.9053 0.0944438 -0.576058 466.098 0 0
1500 55.8328 -36.7589 17.9054 -0.0594485 -0.576199 472.712 0 0
1500 30.6977 12.7403 17.9117 -0.439063 0.204685 473.123 0 0
1500 99.3916 40.6514 18.2701 0.716926 0.739777 463.503 0 0
1500 119.304 -8.43454 18.051 1.00623 -0.0927252 469.228 0 0
1500 64.5422 13.5694 18.0328 0.141394 0.251078 474.914 0 0
1500 24.7543 3.17016 17.992 -0.555524 0.0931503 468.031 0 0
1500 56.1621 7.34195 18 -0.0719358 0.158777 467.494 0 0
1500 60.3483 -22.0315 18.0036 0.0645329 -0.417957 468.2 0 0
1500 91.7937 -30.4641 17.9922 0.543662 -0.541035 469.084 0 0
1500 85.117 54.1523 18.5494 0.582247 1.08435 457.613 0 0
1500 82.1216 -25.4659 17.855 0.440659 -0.443347 468.145 0 0
1500 80.8073 -6.00607 17.9657 0.403824 -0.0234438 468.815 0 0
1500 33.2551 54.4466 17.9126 -0.348926 0.895137 470.728 0 0
1500 137.88 26.1618 18.0975 1.47727 0.483521 462.059 0 0
1500 89.9377 -18.3517 17.8458 0.519308 -0.272569 475.926 0 0
1500 70.9576 -26.9388 17.8494 0.25084 -0.392033 476.207 0 0
1500 101.788 -48.9138 17.8265 0.710396 -0.727948 473.52 0 0
1500 112.168 -14.4306 17.8313 0.89835 -0.234478 470.731 0 0
1500 84.7303 -41.6251 17.8407 0.404726 -0.658679 475.856 0 0
1500 17.7563 -27.2515 18.0874 -0.641739 -0.451748 471.978 0 0
1500 88.92 -10.8324 18.115 0.563529 -0.111195 471.544 0 0
1500 81.5641 25.8592 18.1129 0.449908 0.449098 471.701 0 0
1500 101.123 27.4004 18.103 0.738057 0.466063 472.623 0 0
1500 70.3833 -3.94423 18.1223 0.25211 -0.00523049 478.755 0 0
1500 90.7419 32.2227 18.1065 0.585029 0.541632 472.256 0 0
1500 95.8096 -117.896 17.859 0.533301 -1.91149 469.457 0 0
1500 124.464 -29.3736 18.3176 1.32383 -0.577987 460.224 0 0
1500 15.9754 -18.49 17.9001 -0.697119 -0.235375 471.703 0 0
1500 105.909 45.4383 17.9391 0.779931 0.693104 476.469 0 0
1500 112.568 32.4593 17.9401 0.901404 0.489133 475.125 0 0
1500 122.013 -8.31257 17.9391 1.03581 -0.1169 475.524 0 0
1500 31.1947 -19.4013 17.9114 -0.434713 -0.25231 480.2 0 0
1500 57.4255 -11.5152 18.0435 -0.0162112 -0.215195 484.218 0 0
1500 115.252 31.5432 17.876 0.927733 0.482154 476.598 0 0
1500 64.164 -8.8108 17.9055 0.160554 -0.108808 480.903 0 0
1500 114.08 -35.6047 17.877 0.896361 -0.50485 477.653 0 0
1500 52.2737 -50.0748 17.879 -0.107474 -0.837125 475.005 0 0
1500 52.2024 49.2732 17.9457 -0.157738 0.779036 475.045 0 0
1500 120.805 16.278 17.9495 0.998996 0.224265 480.712 0 0
1500 104.534 -34.066 17.8473 0.809701 -0.529444 476.726 0 0
1500 100.64 6.1184 17.9556 0.772103 0.0507472 474.143 0 0
1500 97.1707 12.5814 17.9292 0.708786 0.216897 476.466 0 0
1500 88.6834 -24.323 17.9971 0.485526 -0.400165 485.158 0 0
1500 119.839 -10.4536 18.0914 1.06468 -0.225717 477.377 0 0
1500 7.80656 17.7291 17.8975 -0.789916 0.35471 478.714 0 0
1500 58.124 -19.5081 18.017 -0.0541357 -0.284198 478.151 0 0
1500 4.86888 -9.17142 17.8157 -0.833563 -0.13845 485.33 0 0
1500 10.0443 -27.1356 17.8123 -0.809558 -0.421484 481.01 0 0
1500 3.21342 -9.05168 17.8145 -0.858946 -0.137008 485.192 0 0
1500 6.88216 -29.7038 17.812 -0.810063 -0.435021 484.873 0 0
1500 40.2105 -46.4677 17.8176 -0.352685 -0.722594 480.435 0 0
1500 38.0743 19.1855 17.8473 -0.258135 0.335787 487.033 0 0
1500 73.6811 -85.0704 17.8488 0.268848 -1.42536 479.142 0 0
1500 23.2128 27.9618 17.84 -0.627293 0.432477 480.295 0 0
1500 52.3745 -63.0032 17.8032 -0.076754 -1.01022 483.969 0 0
1500 120.36 -22.4992 17.8031 0.929894 -0.406435 484.253 0 0
1500 13.7382 -42.1501 17.8057 -0.659929 -0.709784 483.066 0 0
1500 104.124 45.0843 17.8208 0.715007 0.715643 485.348 0 0
1500 66.7089 8.61955 17.8479 0.162748 0.176642 488.277 0 0
1500 80.463 24.1157 17.9593 0.454441 0.434224 476.605 0 0
1500 27.0599 -1.90854 17.8478 -0.542218 -0.0955685 481.859 0 0
1500 56.0168 -67.1747 17.8382 -0.0885607 -1.04063 489.848 0 0
1500 -3.27749 26.784 17.903 -0.962319 0.415633 494.722 0 0
1500 86.062 -17.6925 18.0914 0.486234 -0.267883 499.495 0 0
1500 106.423 24.9483 17.8839 0.791923 0.466157 497.636 0 0
1500 124.418 5.25335 18.1067 1.12025 0.145087 500.146 0 0
