Total number of secondary electrons: 1571
1500 98.5777 4.13934 16.0547 0.885899 0.00862938 267.482 0 0
1500 91.9468 -3.31926 15.6778 0.69006 -0.106741 272.071 0 0
1500 87.2912 -5.34776 16.1329 0.651597 -0.035181 272.625 0 0
1500 121.641 9.60049 15.9361 1.28963 0.182667 275.756 0 0
1500 93.8346 -10.633 14.9413 0.531371 -0.130376 282.412 0 0
1500 122.424 16.2911 16.7859 1.37523 0.319546 283 0 0
1500 92.7656 -5.48421 15.1748 0.545746 -0.108987 285.667 0 0
1500 92.7877 -9.81769 16.1819 0.660569 -0.124609 288.298 0 0
1500 93.4038 -8.91162 15.9007 0.650317 -0.157157 288.424 0 0
1500 87.7851 -8.5395 17.1962 0.664426 -0.103852 295.777 0 0
1500 88.5297 11.2798 15.9129 0.547302 0.147421 296.683 0 0
1500 74.8159 -10.052 16.1207 0.37914 -0.157899 297.486 0 0
1500 87.6195 19.3788 15.4436 0.469834 0.267732 300.072 0 0
1500 82.2606 -6.98097 16.8729 0.549232 -0.115575 300.539 0 0
1500 124.395 13.1276 17.2224 1.46802 0.30644 303.889 0 0
1500 89.1288 -8.64534 15.4552 0.494376 -0.107192 304.373 0 0
1500 54.8521 -10.4711 15.0426 -0.00437019 -0.186578 307.488 0 0
1500 63.668 -14.9218 15.0451 0.103325 -0.240741 307.578 0 0
1500 90.3327 3.24423 15.053 0.427395 -0.0187621 307.894 0 0
1500 63.2983 -31.4479 15.0549 0.0983566 -0.440592 307.953 0 0
1500 57.8615 -39.548 15.0619 0.0321478 -0.53742 308.208 0 0
1500 108.2 1.63361 17.518 1.06057 0.0340612 308.214 0 0
1500 87.078 4.68605 16.9844 0.611044 0.0695478 308.381 0 0
1500 72.0585 -68.196 15.056 0.199442 -0.858855 308.773 0 0
1500 81.5134 -39.0472 15.2364 0.29357 -0.50822 309.875 0 0
1500 93.9513 -5.22084 15.5513 0.549117 -0.0635718 313.013 0 0
1500 62.9506 -1.81032 15.3058 0.112943 -0.0565032 314.697 0 0
1500 117.078 12.8023 17.3347 1.22192 0.207227 315.034 0 0
1500 46.7531 38.9436 15.1633 -0.182671 0.513963 315.08 0 0
1500 109.32 43.7228 15.6756 0.855025 0.76889 315.067 0 0
1500 57.9179 -13.7792 15.6565 0.0570022 -0.188078 315.985 0 0
1500 131.871 -46.3265 15.3766 1.07741 -0.635517 316.079 0 0
1500 50.2713 69.3569 15.1159 -0.110096 0.919344 316.305 0 0
1500 67.0081 -35.9791 15.0097 0.151475 -0.494686 316.847 0 0
1500 77.6046 -35.4412 15.0009 0.28305 -0.487082 316.995 0 0
1500 60.7549 -82.2441 15.0398 0.00738651 -1.02059 317.153 0 0
1500 48.1441 -5.73983 15.4841 -0.0968892 -0.115842 317.484 0 0
1500 84.057 17.16 16.5339 0.511866 0.240369 317.494 0 0
1500 92.6002 -40.1062 14.9676 0.466006 -0.540908 317.623 0 0
1500 64.7104 -2.55867 15.4169 0.17057 -0.0251765 318.393 0 0
1500 50.0887 82.7537 14.9798 -0.118181 1.027 318.415 0 0
1500 50.0322 -10.7297 15.1015 -0.0528533 -0.168165 319.722 0 0
1500 91.9926 19.9117 14.8756 0.459941 0.20569 319.79 0 0
1500 122.333 -44.0961 14.8604 0.809496 -0.573443 319.985 0 0
1500 91.7358 21.8198 16.0147 0.591692 0.367916 320.094 0 0
1500 83.5613 3.74818 17.5745 0.629861 0.0261136 320.732 0 0
1500 101.287 31.0168 14.8222 0.564556 0.335767 321.022 0 0
1500 76.6862 21.3683 16.4303 0.439544 0.441483 321.066 0 0
1500 138.814 -27.057 14.7967 0.984297 -0.360631 321.926 0 0
1500 95.4439 3.59825 16.3681 0.670818 0.0491117 321.972 0 0
1500 89.9578 -0.347934 15.8911 0.560264 0.0219756 322.187 0 0
1500 139.105 -26.8703 14.795 0.983142 -0.35678 322.323 0 0
1500 54.9685 49.1082 14.8765 -0.000533979 0.666367 323.403 0 0
1500 141.76 12.0281 14.795 0.998164 0.0956187 323.693 0 0
1500 97.9525 9.49516 15.7882 0.637058 0.186175 323.704 0 0
1500 97.537 -51.6177 15.0175 0.550412 -0.673067 323.902 0 0
1500 59.499 20.6181 14.8923 0.0349245 0.322985 324.222 0 0
1500 70.5789 83.4548 14.8436 0.151983 1.02958 324.494 0 0
1500 88.6004 -11.146 15.8065 0.509078 -0.185905 324.881 0 0
1500 80.2145 0.318411 16.1604 0.487179 0.0106361 325.352 0 0
1500 111.215 10.6644 14.8711 0.678015 0.194347 325.408 0 0
1500 76.7255 -25.3976 15.4729 0.354676 -0.486607 325.655 0 0
1500 89.7514 50.3652 14.8621 0.408303 0.684073 325.918 0 0
1500 16.3325 22.0033 14.8478 -0.512338 0.24453 326.782 0 0
1500 103.462 17.8897 16.299 0.883238 0.320828 326.939 0 0
1500 84.7879 -24.2116 14.9168 0.401115 -0.275034 327.715 0 0
1500 87.2268 22.8107 14.92 0.431273 0.321999 327.868 0 0
1500 134.534 31.6389 14.8435 0.943473 0.408562 327.922 0 0
1500 82.426 48.7688 14.9408 0.366465 0.644416 328.709 0 0
1500 114.506 13.9615 14.9471 0.766223 0.206749 329.01 0 0
1500 88.8156 -19.142 15.8794 0.535599 -0.262936 329.418 0 0
1500 90.5591 -7.82713 16.2891 0.60338 -0.109682 330.283 0 0
1500 123.457 -44.6948 15.104 0.880559 -0.653685 332.626 0 0
1500 91.3627 -8.3853 17.0978 0.682381 -0.0898831 333.104 0 0
1500 36.0245 23.6898 15.6667 -0.324659 0.327857 333.207 0 0
1500 107.282 20.4832 16.8808 1.05067 0.406109 333.225 0 0
1500 64.8481 1.28628 15.8071 0.109832 0.017898 333.495 0 0
1500 165.113 37.0568 15.6114 1.7161 0.66773 333.713 0 0
1500 86.2514 9.02032 15.9622 0.503492 0.0807898 334.084 0 0
1500 70.9158 10.2219 16.1959 0.298743 0.202468 334.168 0 0
1500 18.8565 41.1768 15.4189 -0.567705 0.563395 335.268 0 0
1500 69.6542 -79.8884 15.2265 0.167272 -1.04999 335.564 0 0
1500 71.8022 -2.23295 16.2452 0.277147 -0.0723258 335.713 0 0
1500 73.249 -39.1174 16.1972 0.352024 -0.675004 335.702 0 0
1500 55.9903 -5.64006 16.043 0.0307444 -0.100955 335.897 0 0
1500 130.244 15.2479 15.2316 0.97602 0.221391 336.781 0 0
1500 86.7759 71.7657 15.2406 0.420231 0.935002 337.26 0 0
1500 46.5547 -75.1845 15.242 -0.144075 -1.01576 337.546 0 0
1500 79.6202 -7.21073 16.1385 0.423056 -0.129529 338.29 0 0
1500 109.027 61.1384 15.2648 0.690876 0.788202 338.501 0 0
1500 65.2453 -54.5865 15.4214 0.121591 -0.777706 338.532 0 0
1500 76.1265 3.43032 17.4196 0.46231 0.0419811 338.607 0 0
1500 91.6832 3.39362 15.3662 0.53972 0.0218754 338.861 0 0
1500 69.0508 -51.7461 15.3346 0.151375 -0.762816 338.969 0 0
1500 136.594 11.718 15.2648 1.02758 0.171579 339.019 0 0
1500 93.1765 17.6068 16.4107 0.610487 0.263397 339.154 0 0
1500 82.8805 -4.72453 15.8943 0.460115 -0.0346192 339.261 0 0
1500 92.4348 -1.49309 16.0194 0.56151 0.0387047 339.365 0 0
1500 81.2316 -2.4662 16.6603 0.444188 -0.00462797 340.612 0 0
1500 110.449 52.2501 15.2341 0.689494 0.659251 340.723 0 0
1500 91.7259 -25.4079 15.6394 0.503059 -0.389841 340.876 0 0
1500 97.6379 22.8708 15.5873 0.62143 0.321191 340.905 0 0
1500 92.9779 -15.623 15.5882 0.563333 -0.23027 341.13 0 0
1500 41.1748 -12.2466 15.608 -0.206195 -0.21903 341.134 0 0
1500 96.823 -17.2247 16.866 0.806632 -0.323456 341.644 0 0
1500 107.856 26.1711 15.209 0.64434 0.336034 342.481 0 0
1500 91.7948 -13.9961 15.5296 0.543711 -0.166116 342.523 0 0
1500 85.9779 -11.0942 15.9508 0.51976 -0.145464 342.531 0 0
1500 109.916 12.304 15.6205 0.778803 0.191949 342.794 0 0
1500 92.8422 -10.567 16.0758 0.617322 -0.142918 343.055 0 0
1500 123.224 -22.8882 15.6477 1.08498 -0.332619 343.204 0 0
1500 86.0615 12.0372 15.8383 0.51089 0.144282 343.297 0 0
1500 76.3119 16.4123 15.4524 0.228964 0.26153 343.799 0 0
1500 109.641 28.7742 15.5294 0.752642 0.417937 344.224 0 0
1500 106.2 -9.65967 15.826 0.760536 -0.133188 344.26 0 0
1500 108.824 -15.629 15.3481 0.688597 -0.270486 344.331 0 0
1500 65.4725 -1.54006 15.5916 0.162128 -0.062308 344.941 0 0
1500 64.9847 9.09303 16.3587 0.194277 0.153974 345.01 0 0
1500 70.7924 15.86 16.1706 0.258541 0.274806 345.009 0 0
1500 71.2246 -25.9908 15.5563 0.263853 -0.38891 345.181 0 0
1500 87.8369 -24.105 15.5589 0.479068 -0.362388 345.564 0 0
1500 100.246 13.8661 15.9838 0.696787 0.172517 346.629 0 0
1500 23.0481 -5.06163 15.5508 -0.531994 -0.0550462 346.9 0 0
1500 98.7628 54.0496 15.5328 0.6204 0.852938 347.205 0 0
1500 82.4318 -13.6364 16.9541 0.560047 -0.238942 347.28 0 0
1500 79.6609 2.47457 16.3441 0.407473 0.0550899 347.605 0 0
1500 46.7145 41.0403 15.5281 -0.115023 0.60317 348.26 0 0
1500 96.1639 15.5944 15.686 0.610668 0.176378 348.288 0 0
1500 71.1419 -39.6911 15.3472 0.151935 -0.586288 348.538 0 0
1500 94.8112 4.01706 16.4613 0.665165 0.0291349 349.161 0 0
1500 72.9184 5.9675 16.0629 0.279112 0.11839 349.274 0 0
1500 71.6 5.74298 15.6855 0.25246 0.135507 349.864 0 0
1500 91.3563 -24.3109 15.4157 0.510812 -0.35631 349.925 0 0
1500 101.366 -2.93987 16.5353 0.74573 -0.0397428 350.225 0 0
1500 77.8816 -6.5468 16.0196 0.340117 -0.149093 350.369 0 0
1500 57.1306 56.1416 15.5407 0.0070191 0.800438 350.409 0 0
1500 86.7179 18.2782 16.2862 0.456214 0.288484 350.528 0 0
1500 64.6295 55.6657 15.7541 0.121176 0.836874 350.682 0 0
1500 81.4197 25.0273 15.522 0.3876 0.369073 350.842 0 0
1500 -13.7918 -52.5162 15.467 -1.01856 -0.715482 350.991 0 0
1500 -0.622256 -9.19334 15.5438 -0.82337 -0.125461 351.346 0 0
1500 46.068 34.9326 15.8254 -0.200198 0.529104 351.502 0 0
1500 76.1544 9.36573 15.9311 0.31512 0.134202 351.604 0 0
1500 96.0009 -16.7314 16.4227 0.706813 -0.365217 351.654 0 0
1500 70.2965 -2.93317 15.9109 0.241832 -0.00354387 351.673 0 0
1500 91.5974 5.97457 16.2077 0.58573 0.0552582 351.688 0 0
1500 10.7417 -16.2754 15.6862 -0.664938 -0.22609 352.12 0 0
1500 0.328895 38.2803 15.5956 -0.80182 0.492714 352.205 0 0
1500 81.0086 -26.7245 15.6888 0.303204 -0.416616 352.192 0 0
1500 161.545 5.44692 15.6356 1.51706 0.0368381 352.629 0 0
1500 73.6625 34.4638 15.6905 0.272939 0.505481 352.713 0 0
1500 62.1845 7.66741 15.9117 0.128661 0.132188 352.766 0 0
1500 -3.49617 18.7051 15.7446 -0.874461 0.31131 352.782 0 0
1500 21.0003 95.0273 15.6795 -0.515842 1.45049 352.881 0 0
1500 86.3425 22.9354 15.6345 0.451519 0.323058 352.979 0 0
1500 -15.5809 -8.66148 15.6455 -0.998058 -0.115935 353.012 0 0
1500 15.8124 144.82 15.6476 -0.632886 2.06099 353.202 0 0
1500 51.5023 -22.6754 16.0037 -0.0995948 -0.309962 353.267 0 0
1500 84.3781 -20.7094 16.1996 0.458802 -0.320457 353.295 0 0
1500 19.1617 27.0366 15.6461 -0.566555 0.311125 353.776 0 0
1500 18.619 2.91475 15.763 -0.563674 0.0713684 353.962 0 0
1500 122.611 22.1775 15.8866 0.987525 0.309771 354.155 0 0
1500 92.0746 -11.6051 16.6319 0.542925 -0.169305 354.276 0 0
1500 106.539 38.6684 15.7778 0.695501 0.550112 354.249 0 0
1500 113.972 -26.1789 15.7167 0.804814 -0.326445 354.436 0 0
1500 71.2756 1.11226 15.9077 0.154272 -0.0268009 354.635 0 0
1500 91.0423 29.7162 16.0196 0.524059 0.488934 354.668 0 0
1500 71.5436 56.792 15.8778 0.202927 0.81335 354.727 0 0
1500 74.4513 -21.2327 16.2574 0.330305 -0.324657 355.004 0 0
1500 -28.4574 67.668 15.858 -1.24912 0.974374 354.991 0 0
1500 134.05 56.2432 15.8271 1.13662 0.83045 355.119 0 0
1500 126.491 19.8042 15.8393 0.942511 0.300462 355.287 0 0
1500 95.1052 -4.08985 17.5836 0.764856 -0.0266464 355.619 0 0
1500 16.0065 52.8508 15.8678 -0.583911 0.716879 355.827 0 0
1500 101.368 -0.628086 16.2427 0.750547 0.0450931 355.851 0 0
1500 117.887 -44.4078 15.7934 0.80122 -0.578547 355.88 0 0
1500 31.4243 8.23894 15.9142 -0.395236 0.193364 355.923 0 0
1500 123.67 -27.6215 17.1446 1.25356 -0.508345 356.135 0 0
1500 76.2173 77.9113 15.765 0.288433 1.00117 356.352 0 0
1500 102.698 -17.89 16.6121 0.808077 -0.365237 356.418 0 0
1500 122.738 -25.2684 15.8494 0.852653 -0.338524 356.69 0 0
1500 232.271 50.6673 15.8146 2.39973 0.733866 357.007 0 0
1500 98.9948 -6.79233 16.0555 0.633251 -0.139306 357.232 0 0
1500 118.395 -9.59323 15.9094 0.791233 -0.145129 357.543 0 0
1500 14.3206 47.338 16.0113 -0.602838 0.649247 357.736 0 0
1500 70.8965 25.8907 16.2797 0.280519 0.407453 358.223 0 0
1500 86.096 -53.6875 15.9653 0.440276 -0.724352 358.368 0 0
1500 52.3339 15.392 16.1554 -0.027924 0.270422 358.365 0 0
1500 -3.44115 -6.62903 16.3749 -0.955237 -0.060192 358.731 0 0
1500 106.823 -17.531 16.1216 0.729757 -0.245334 358.752 0 0
1500 81.5182 13.5373 16.2259 0.414976 0.177014 358.932 0 0
1500 85.6124 13.1734 16.258 0.466916 0.199065 358.955 0 0
1500 11.058 -95.9294 16.0142 -0.662056 -1.33499 359.033 0 0
1500 66.3155 17.3976 16.5336 0.119519 0.230679 359.139 0 0
1500 69.4149 -2.08001 16.0443 0.19349 -0.0529141 359.407 0 0
1500 31.5032 -87.047 15.9827 -0.324657 -1.22081 359.497 0 0
1500 71.6144 -12.9388 17.5491 0.326033 -0.202319 359.687 0 0
1500 44.8685 -34.1478 16.1462 -0.153502 -0.524195 359.774 0 0
1500 79.0151 11.8749 16.5633 0.368126 0.216886 359.819 0 0
1500 68.8924 -44.8546 16.3137 0.144822 -0.726392 359.872 0 0
1500 114.771 40.2249 16.2466 0.874099 0.578006 359.897 0 0
1500 89.6764 -24.3931 17.5186 0.670701 -0.489404 360.001 0 0
1500 94.6966 31.0907 17.2763 0.750602 0.589327 360.275 0 0
1500 111.977 13.2866 16.2948 0.804639 0.170548 360.317 0 0
1500 61.1612 54.7621 16.0402 0.049519 0.796491 360.326 0 0
1500 45.3691 -16.3143 16.0796 -0.115159 -0.244205 360.392 0 0
1500 99.4931 6.08407 16.5877 0.627302 0.0644316 360.462 0 0
1500 119.664 24.0849 16.0506 0.874625 0.333274 360.474 0 0
1500 74.6693 -42.9673 16.4257 0.239079 -0.621253 360.618 0 0
1500 50.0612 -56.5275 16.1999 -0.0827368 -0.811948 360.876 0 0
1500 94.6966 1.17272 17.8135 0.704778 0.0190521 360.91 0 0
1500 77.9037 -2.96042 16.8138 0.367662 -0.0523778 360.993 0 0
1500 79.1303 -7.38131 17.0355 0.401554 -0.156693 361.017 0 0
1500 -3.33109 47.4927 16.1142 -0.84121 0.609655 361.072 0 0
1500 2.03552 -30.2925 16.1397 -0.796546 -0.41211 361.398 0 0
1500 22.9208 -37.7157 16.1815 -0.5057 -0.551884 361.873 0 0
1500 45.886 4.41107 16.6133 -0.158765 0.0791488 361.915 0 0
1500 120.305 -46.4745 16.1695 0.850321 -0.60128 361.934 0 0
1500 120.499 -66.471 16.161 0.904491 -0.871327 362.12 0 0
1500 96.4725 -20.4317 16.4719 0.570582 -0.331934 362.321 0 0
1500 47.8019 26.3061 16.9063 -0.125676 0.461412 362.767 0 0
1500 131.202 -17.6819 16.224 0.976336 -0.236916 362.822 0 0
1500 44.2557 56.5476 16.5484 -0.173268 0.941177 362.972 0 0
1500 56.6193 35.4866 16.4302 0.0194948 0.538878 363.053 0 0
1500 33.259 52.8881 16.2607 -0.37296 0.740423 363.236 0 0
1500 81.582 -0.812219 16.3536 0.307381 -0.0670387 363.388 0 0
1500 122.458 0.896898 16.2627 0.89568 0.0739945 363.439 0 0
1500 -29.2969 -83.9175 16.2613 -1.26143 -1.25795 363.47 0 0
1500 49.9351 10.2788 16.3633 -0.131143 0.150191 363.481 0 0
1500 127.426 32.7234 16.231 0.937071 0.428604 363.679 0 0
1500 84.0373 -44.3908 16.3184 0.359238 -0.657038 363.725 0 0
1500 -0.680174 0.840445 16.2681 -0.822651 -0.0487698 363.81 0 0
1500 78.3834 13.7397 16.7921 0.263674 0.2055 363.932 0 0
1500 71.0559 -0.490734 17.5277 0.313452 0.0463154 363.979 0 0
1500 92.2914 18.868 16.6871 0.521782 0.311542 364.008 0 0
1500 32.4953 -30.9621 16.318 -0.396298 -0.435564 364.166 0 0
1500 127.837 36.6032 16.2601 0.890263 0.52587 364.391 0 0
1500 74.2642 41.1062 16.505 0.262004 0.670201 364.416 0 0
1500 48.5511 21.0325 16.7421 -0.0885391 0.338027 364.455 0 0
1500 20.1845 -38.7973 16.3111 -0.541 -0.567089 364.451 0 0
1500 90.0033 64.2598 16.2485 0.38789 0.900641 364.594 0 0
1500 73.2276 -19.9448 16.3031 0.138362 -0.281682 364.831 0 0
1500 48.9891 34.5823 16.5127 -0.0937281 0.528527 365.378 0 0
1500 115.46 11.0265 16.3982 0.830765 0.119596 365.423 0 0
1500 103.043 18.9411 16.395 0.606457 0.21114 365.477 0 0
1500 29.9096 43.3701 16.4107 -0.380657 0.641285 365.508 0 0
1500 81.2381 44.7065 16.4944 0.395521 0.696657 365.732 0 0
1500 114.149 33.4677 16.8638 0.910006 0.56587 365.775 0 0
1500 77.2212 -13.3336 16.6826 0.270929 -0.213831 366.338 0 0
1500 74.4437 76.0916 16.338 0.180072 1.03264 366.293 0 0
1500 114.674 -25.5901 16.897 0.905568 -0.420098 366.281 0 0
1500 68.4401 -75.8742 16.4758 0.197244 -1.13918 366.446 0 0
1500 108.56 31.1994 16.568 0.69034 0.4755 366.615 0 0
1500 77.9842 14.627 16.5467 0.354315 0.195235 366.726 0 0
1500 65.4698 -43.9698 16.6307 0.120696 -0.704566 366.779 0 0
1500 88.6365 -11.8008 16.5575 0.495585 -0.158948 366.984 0 0
1500 128.042 14.1268 16.51 0.967042 0.229303 367.243 0 0
1500 68.9761 -22.396 16.4932 0.214747 -0.344266 367.397 0 0
1500 86.8809 -12.6638 17.9124 0.540771 -0.217207 367.54 0 0
1500 100.662 27.5221 16.5912 0.649679 0.363268 367.763 0 0
1500 38.1296 20.2398 16.4913 -0.237955 0.33538 367.804 0 0
1500 61.025 88.6677 16.4257 0.0240993 1.21898 367.83 0 0
1500 90.2415 10.5513 16.7727 0.47233 0.147044 367.888 0 0
1500 89.9554 -9.90887 16.7731 0.520668 -0.0970982 367.98 0 0
1500 59.9769 -93.8178 16.4536 0.0444316 -1.26877 368.044 0 0
1500 94.8524 -1.12981 16.7451 0.570998 0.0395255 368.616 0 0
1500 38.4635 3.70554 16.5694 -0.302048 -0.0156654 368.771 0 0
1500 82.8031 13.0217 18.1973 0.542573 0.215823 368.788 0 0
1500 44.4204 48.56 16.6072 -0.22868 0.67232 368.835 0 0
1500 128.524 -52.9005 16.6242 1.01076 -0.801446 368.87 0 0
1500 119.561 45.8942 16.594 0.839219 0.62802 368.879 0 0
1500 90.0282 6.06953 17.8932 0.633618 0.0995802 368.944 0 0
1500 15.2902 27.6979 16.611 -0.615377 0.394391 368.924 0 0
1500 88.5926 63.4986 16.7784 0.478268 0.951239 369.144 0 0
1500 68.1721 -18.4432 16.9969 0.166973 -0.273437 369.184 0 0
1500 58.1734 -20.8367 16.9985 0.0501892 -0.301307 369.207 0 0
1500 81.8139 -14.5347 17.6894 0.419204 -0.237326 369.5 0 0
1500 -0.979042 42.3022 16.5558 -0.765288 0.616687 369.512 0 0
1500 38.463 -19.6407 16.7668 -0.242912 -0.328661 369.656 0 0
1500 -7.98808 9.25519 16.5711 -0.958268 0.170964 369.806 0 0
1500 94.0079 -18.6331 16.7249 0.559806 -0.220888 370.153 0 0
1500 110.42 50.731 16.6299 0.685131 0.6879 370.171 0 0
1500 80.1054 -22.3905 17.3132 0.379166 -0.353151 370.169 0 0
1500 10.5014 53.617 16.6896 -0.663631 0.721991 370.666 0 0
1500 78.7806 -67.8088 16.7159 0.272566 -0.942962 370.811 0 0
1500 105.273 24.4349 16.6782 0.634569 0.327583 371.036 0 0
1500 89.1172 37.4399 16.8474 0.493766 0.531172 371.19 0 0
1500 81.353 13.1704 17.5817 0.405333 0.200573 371.309 0 0
1500 90.5765 67.0273 16.6471 0.449856 0.924433 371.274 0 0
1500 109.603 -10.8151 16.8558 0.761982 -0.105109 371.392 0 0
1500 134.537 -25.2764 16.8279 1.22273 -0.428296 371.39 0 0
1500 -32.2319 37.3283 16.722 -1.30357 0.470882 371.473 0 0
1500 64.3977 -24.5742 16.8481 0.129935 -0.343922 371.546 0 0
1500 94.1138 -66.5549 16.6738 0.446937 -0.920139 371.626 0 0
1500 192.95 4.6668 16.6382 1.88035 0.0337276 371.67 0 0
1500 63.9413 7.0369 16.9162 0.14716 0.150859 372.124 0 0
1500 65.2503 42.1449 16.7468 0.165744 0.636354 372.246 0 0
1500 122.38 -34.2397 16.6839 0.858913 -0.405297 372.43 0 0
1500 90.717 -10.6743 18.1992 0.623924 -0.186009 372.516 0 0
1500 43.9462 8.61786 17.0299 -0.224804 0.190745 372.471 0 0
1500 69.2967 -14.1495 17.4359 0.278058 -0.238085 372.658 0 0
1500 100.543 -61.7911 16.7049 0.564167 -0.863156 372.686 0 0
1500 36.506 67.8851 16.7062 -0.348983 0.893676 372.941 0 0
1500 71.9935 21.5844 17.1905 0.296241 0.328133 372.889 0 0
1500 59.9752 -51.7431 17.0387 0.0311347 -0.841671 373.05 0 0
1500 123.842 -3.59308 16.8237 0.93973 -0.0433008 373.16 0 0
1500 112.646 -47.6375 16.7493 0.734522 -0.681281 373.222 0 0
1500 84.432 2.48582 17.8594 0.526601 0.0738832 373.477 0 0
1500 27.1198 37.7945 16.8322 -0.398829 0.574916 373.554 0 0
1500 119.405 -2.88173 16.8104 0.819576 -0.0327321 373.673 0 0
1500 72.1857 11.4325 16.8713 0.223796 0.179335 373.7 0 0
1500 113.702 -22.7747 16.9026 0.778681 -0.309468 373.861 0 0
1500 80.2067 12.5067 17.3157 0.429246 0.166782 374.083 0 0
1500 89.8239 33.7563 16.8139 0.465719 0.51607 374.105 0 0
1500 11.9209 27.7826 16.8046 -0.683407 0.393676 374.381 0 0
1500 82.5675 -10.0444 17.6921 0.403187 -0.182267 374.503 0 0
1500 86.7767 11.3264 17.7471 0.546821 0.174227 374.638 0 0
1500 3.11225 55.0911 16.7859 -0.770239 0.709513 374.666 0 0
1500 -16.7119 -18.2441 16.7955 -1.02228 -0.231987 374.866 0 0
1500 92.9543 -7.60516 16.9394 0.472253 -0.169294 375.013 0 0
1500 133.251 13.1986 16.7983 0.982166 0.222527 375.146 0 0
1500 80.3785 -10.518 17.8014 0.401081 -0.195698 375.122 0 0
1500 43.1463 -72.5373 16.7918 -0.200377 -1.0101 375.095 0 0
1500 2.35667 8.06258 16.8607 -0.808278 0.0784121 375.512 0 0
1500 123.408 -41.3197 16.8184 0.879412 -0.498245 375.701 0 0
1500 95.8186 -21.7339 17.3967 0.611358 -0.331619 376.092 0 0
1500 93.3337 5.93005 16.9815 0.463387 0.114711 376.185 0 0
1500 53.3695 39.1211 17.0022 -0.0728738 0.646075 376.21 0 0
1500 92.2036 3.87075 17.3594 0.50891 0.014475 376.417 0 0
1500 -97.1158 139.708 17.0474 -2.31461 2.11393 376.633 0 0
1500 33.5719 -34.9774 16.9622 -0.386549 -0.442671 376.919 0 0
1500 81.3201 12.3685 17.4594 0.462099 0.218438 377.259 0 0
1500 -17.7954 -10.4226 16.9368 -1.03772 -0.143532 377.446 0 0
1500 50.8679 -19.6229 16.9917 -0.104073 -0.291474 377.497 0 0
1500 99.1145 13.4565 17.6668 0.690585 0.194838 377.617 0 0
1500 102.069 -25.2052 17.6778 0.718116 -0.438861 377.777 0 0
1500 15.4156 -22.8399 17.0295 -0.6232 -0.382823 378.009 0 0
1500 114.456 -31.5063 17.1337 0.827561 -0.44412 378.057 0 0
1500 96.4603 -40.8746 17.1 0.598983 -0.556211 378.088 0 0
1500 85.6867 -0.18366 18.1924 0.559669 0.0373999 378.123 0 0
1500 102.475 -13.7645 17.4871 0.707583 -0.194938 378.347 0 0
1500 83.8051 45.7646 17.1546 0.379844 0.67896 378.69 0 0
1500 19.173 36.415 17.002 -0.583786 0.457641 378.809 0 0
1500 74.0432 -8.76475 18.2897 0.371232 -0.208784 378.914 0 0
1500 77.6423 -21.9449 17.6957 0.378021 -0.347283 379.096 0 0
1500 134.313 -4.95943 17.0143 1.04761 -0.0314458 379.245 0 0
1500 70.2187 -2.94159 17.269 0.220196 -0.00137359 379.545 0 0
1500 92.0274 -34.5474 17.1418 0.536821 -0.464197 379.531 0 0
1500 57.206 11.8645 17.3781 0.0525192 0.1943 379.706 0 0
1500 37.2408 -69.6948 17.1367 -0.255959 -1.03122 379.97 0 0
1500 104.286 -9.09319 17.0861 0.629597 -0.105215 380.047 0 0
1500 93.4854 -11.1295 18.012 0.610265 -0.201613 380.058 0 0
1500 111.093 -14.7643 17.285 0.798431 -0.168699 380.168 0 0
1500 73.2823 43.4541 17.4128 0.244973 0.644974 380.157 0 0
1500 80.7159 -12.7671 17.2157 0.408901 -0.174413 380.675 0 0
1500 69.6664 -5.16491 17.2414 0.188269 -0.112482 380.75 0 0
1500 78.409 -55.1062 17.6894 0.394469 -0.918271 380.903 0 0
1500 126.724 -20.7144 17.1274 0.921813 -0.259144 381.094 0 0
1500 86.054 -46.2252 17.185 0.377394 -0.625704 381.054 0 0
1500 21.6784 38.4732 17.109 -0.50637 0.493042 381.089 0 0
1500 51.2731 -56.4235 17.2884 -0.0722368 -0.818878 381.037 0 0
1500 94.02 0.129558 18.0697 0.727761 -0.0470404 381.431 0 0
1500 67.0315 16.3495 17.7998 0.17263 0.247578 381.491 0 0
1500 94.5743 4.64658 17.5389 0.575974 0.120536 381.437 0 0
1500 85.9293 11.3297 18.0834 0.553103 0.150042 381.588 0 0
1500 68.2099 -8.53743 18.0843 0.264569 -0.17598 381.902 0 0
1500 88.3857 5.29823 17.227 0.459483 0.13198 382.219 0 0
1500 71.6623 2.32267 18.2376 0.323512 -0.0195021 382.466 0 0
1500 104.014 10.1721 17.8863 0.859784 0.207773 382.604 0 0
1500 81.2166 4.13189 18.3626 0.443225 0.0061108 382.622 0 0
1500 31.0744 27.8873 17.2302 -0.375744 0.37221 382.675 0 0
1500 57.7355 26.4993 17.484 0.0422288 0.425144 382.708 0 0
1500 78.9275 25.9527 17.7163 0.323048 0.413022 382.802 0 0
1500 -4.4545 20.3367 17.4117 -1.00137 0.283324 382.877 0 0
1500 77.6758 10.9402 18.1478 0.389075 0.152816 383.129 0 0
1500 111.235 -55.2992 17.2075 0.694292 -0.776089 383.132 0 0
1500 25.4519 -63.3809 17.1807 -0.424986 -0.905326 383.413 0 0
1500 73.5973 29.9788 17.4552 0.217734 0.467579 383.606 0 0
1500 96.083 -13.9328 17.6683 0.665894 -0.186751 383.624 0 0
1500 172.673 22.8668 17.5825 1.85208 0.408474 383.776 0 0
1500 85.9072 1.12103 18.2789 0.564237 0.0208193 383.824 0 0
1500 78.4905 7.89206 17.3036 0.35931 0.0929784 383.852 0 0
1500 121.929 -16.6614 17.4055 0.939778 -0.27237 384.1 0 0
1500 97.556 6.77829 17.5795 0.643245 0.0944297 384.205 0 0
1500 106.444 22.0021 17.528 0.739727 0.328477 384.47 0 0
1500 97.3103 33.4763 17.3599 0.521845 0.514348 384.411 0 0
1500 96.242 5.2211 17.7443 0.64202 0.129723 384.377 0 0
1500 83.5095 62.3293 17.3023 0.377423 0.893471 384.574 0 0
1500 46.1944 32.7193 17.4022 -0.179344 0.556762 384.589 0 0
1500 86.1973 15.872 17.6236 0.4398 0.279462 384.72 0 0
1500 68.0315 22.0321 17.2845 0.0737833 0.320393 384.834 0 0
1500 54.1088 25.5263 18.1435 -0.0292208 0.434691 384.899 0 0
1500 110.208 -5.94919 17.3377 0.781706 -0.0954802 385.075 0 0
1500 53.4789 -52.4791 17.282 -0.00297162 -0.752156 385.213 0 0
1500 89.629 -1.30648 17.7318 0.548427 -0.0191646 385.304 0 0
1500 64.0708 -31.2726 17.3486 0.0799841 -0.489737 385.401 0 0
1500 63.4386 3.5242 18.2298 0.146708 0.0950946 385.458 0 0
1500 129.048 -8.39034 17.4895 1.08243 -0.0666082 385.504 0 0
1500 98.9812 -17.1412 18.0842 0.69026 -0.260262 385.619 0 0
1500 62.4903 49.3747 17.2757 0.108063 0.724242 385.644 0 0
1500 49.2688 -58.0209 17.266 -0.154528 -0.844191 385.772 0 0
1500 105.881 44.1461 17.6394 0.813666 0.655092 385.819 0 0
1500 67.4271 -11.3562 17.5857 0.207511 -0.142872 385.892 0 0
1500 98.5833 11.8927 17.6761 0.656739 0.137082 385.855 0 0
1500 85.6748 44.4618 17.2737 0.420837 0.657906 385.934 0 0
1500 106.245 4.52069 18.1534 0.818947 0.113408 385.95 0 0
1500 101.945 -15.6636 17.8578 0.717833 -0.303355 385.961 0 0
1500 52.6969 32.1742 17.474 -0.0335571 0.451746 386.15 0 0
1500 126.732 -17.1163 17.524 1.0922 -0.300283 386.283 0 0
1500 76.6517 -7.67544 18.4602 0.400658 -0.164028 386.365 0 0
1500 103.675 -51.2309 17.3785 0.681503 -0.694789 386.376 0 0
1500 118.156 -4.08223 17.3929 0.879392 -0.0851696 386.585 0 0
1500 89.9642 12.1748 18.4615 0.654126 0.234343 386.647 0 0
1500 53.1755 -20.0077 17.3929 -0.0932253 -0.290126 386.811 0 0
1500 96.1451 -50.4978 17.3262 0.471437 -0.694877 386.777 0 0
1500 128.556 11.4036 17.8125 1.16345 0.138935 387.062 0 0
1500 125.618 -24.9546 17.4023 0.963787 -0.342883 387.075 0 0
1500 59.0204 69.4062 17.3231 0.059297 0.976886 387.244 0 0
1500 75.1705 -2.55254 17.697 0.27388 0.0232095 387.364 0 0
1500 91.9263 -2.33492 17.5856 0.496093 -0.00292656 387.304 0 0
1500 119.111 -41.2029 17.4127 0.874848 -0.554397 387.369 0 0
1500 128.222 2.17091 17.3263 0.984353 0.0767222 387.345 0 0
1500 21.1687 4.21652 17.4387 -0.50329 0.0555953 387.409 0 0
1500 80.2738 3.50805 19.0758 0.553114 0.0753648 387.59 0 0
1500 75.0892 19.711 17.895 0.350311 0.309643 387.719 0 0
1500 109.242 29.0581 17.6809 0.808697 0.509662 387.759 0 0
1500 93.8348 -56.9257 17.8545 0.601859 -0.91564 387.95 0 0
1500 49.558 -22.0329 17.765 -0.141105 -0.361363 388.094 0 0
1500 57.1979 11.5951 17.7978 0.0536095 0.196984 388.224 0 0
1500 56.4583 -20.2052 17.8946 -0.017502 -0.292944 388.193 0 0
1500 14.3513 25.2933 17.3845 -0.592336 0.418105 388.153 0 0
1500 5.79343 20.9901 17.4939 -0.779901 0.342639 388.56 0 0
1500 50.8481 -6.58136 17.8136 -0.147337 -0.0950121 388.579 0 0
1500 116.826 -0.785603 17.3951 0.820113 0.0570136 388.598 0 0
1500 81.8568 2.96417 17.4747 0.400794 0.0826409 388.605 0 0
1500 -14.8598 15.6261 17.3985 -1.02058 0.219888 388.681 0 0
1500 143.152 62.6072 17.4465 1.19181 0.92333 388.626 0 0
1500 48.4511 -41.9211 17.4746 -0.126676 -0.650083 388.691 0 0
1500 69.0505 -28.1189 17.4144 0.214493 -0.435494 388.67 0 0
1500 62.1652 -30.9438 18.017 0.143341 -0.565278 388.639 0 0
1500 84.7498 13.6807 18.1712 0.448456 0.20492 388.763 0 0
1500 82.8824 -6.8648 17.6666 0.439678 -0.0639726 388.745 0 0
1500 99.0901 -12.9913 17.9273 0.682779 -0.189004 388.84 0 0
1500 118.424 13.9696 17.3917 0.8873 0.212361 388.853 0 0
1500 95.801 46.4884 17.4296 0.486952 0.642745 388.873 0 0
1500 58.1702 -6.2608 17.4592 -0.0644888 -0.0768138 388.896 0 0
1500 -15.9956 12.3628 17.4065 -1.03244 0.176425 388.908 0 0
1500 8.24897 41.5036 17.4926 -0.715024 0.598431 389.037 0 0
1500 4.40039 -77.3373 17.6262 -0.810005 -1.25928 389.177 0 0
1500 134.888 1.48294 17.4576 1.08966 0.0392517 389.26 0 0
1500 104.187 -9.98533 17.5867 0.707841 -0.09105 389.267 0 0
1500 71.1118 -0.667992 17.729 0.252959 0.052979 389.218 0 0
1500 108.631 55.3339 17.4017 0.702192 0.76536 389.503 0 0
1500 120.935 17.0545 17.8563 1.00983 0.315209 389.51 0 0
1500 86.2098 60.6663 17.4235 0.393343 0.888624 389.681 0 0
1500 105.494 -20.8166 17.4336 0.718709 -0.327915 389.653 0 0
1500 75.7046 21.4167 17.6285 0.336262 0.328125 389.662 0 0
1500 84.1092 3.43327 17.849 0.41694 0.0150141 389.769 0 0
1500 74.3986 -56.3299 17.7292 0.25789 -0.916312 389.842 0 0
1500 92.056 7.17677 17.7653 0.56609 0.139926 389.864 0 0
1500 69.0729 85.0361 17.4849 0.125682 1.27343 390.029 0 0
1500 87.6241 -28.331 17.5279 0.388694 -0.464887 390.032 0 0
1500 103.8 10.1435 17.5202 0.706192 0.180574 390.04 0 0
1500 9.33901 53.4394 17.4392 -0.643161 0.784855 390.234 0 0
1500 116.283 42.0399 17.4394 0.794717 0.631528 390.24 0 0
1500 43.6515 49.7664 17.481 -0.266561 0.708864 390.187 0 0
1500 128.433 -13.0559 17.8255 1.24582 -0.238047 390.453 0 0
1500 72.3105 -28.1503 18.2677 0.309026 -0.594767 390.447 0 0
1500 28.1639 66.3413 17.4482 -0.388468 0.95445 390.536 0 0
1500 8.50338 91.2739 17.642 -0.815728 1.44896 390.524 0 0
1500 42.277 1.70258 18.0106 -0.279559 -0.0137855 390.531 0 0
1500 92.7815 -3.47828 18.2941 0.634878 -0.0416974 390.71 0 0
1500 73.0702 3.61918 18.079 0.271263 0.115702 390.65 0 0
1500 92.179 -7.61655 17.8213 0.564258 -0.0527457 390.663 0 0
1500 91.4711 -47.7269 17.4803 0.441135 -0.729446 390.632 0 0
1500 116.438 25.2231 18.42 1.15528 0.406474 390.69 0 0
1500 69.8599 68.6701 17.4574 0.194813 0.921662 390.921 0 0
1500 19.7307 62.3716 17.4652 -0.488365 0.900885 390.904 0 0
1500 76.3741 -7.59173 18.3413 0.411916 -0.16737 390.838 0 0
1500 73.3186 4.23439 17.8714 0.254534 0.0970148 391.051 0 0
1500 45.2826 74.3436 17.4343 -0.242554 0.998478 390.985 0 0
1500 49.9768 -28.2695 17.9046 -0.0855829 -0.453507 390.991 0 0
1500 65.8938 16.1926 18.2368 0.180116 0.280561 391.193 0 0
1500 35.0787 72.1489 17.4414 -0.378907 0.965725 391.228 0 0
1500 74.7526 -18.6301 18.3202 0.290107 -0.300414 391.251 0 0
1500 82.2945 -6.19111 18.7897 0.556702 -0.0491981 391.457 0 0
1500 83.5426 29.0973 17.7182 0.457487 0.423944 391.599 0 0
1500 127.224 12.3718 17.4831 0.955741 0.238519 391.649 0 0
1500 66.2876 8.19353 17.4916 0.181037 0.0921005 391.694 0 0
1500 -2.93231 3.77498 17.5336 -0.890744 0.106579 391.668 0 0
1500 84.1292 -19.5687 18.5466 0.483675 -0.327183 391.811 0 0
1500 61.1962 47.6899 17.5187 0.102679 0.724371 391.818 0 0
1500 67.8219 -62.2547 17.4953 0.0946295 -0.923515 391.82 0 0
1500 102.128 0.634902 18.2204 0.749102 0.00120365 392.107 0 0
1500 70.8324 13.7223 18.7892 0.312093 0.209273 391.954 0 0
1500 62.2641 10.1528 17.8305 0.138473 0.155326 392.039 0 0
1500 103.046 34.2537 17.4958 0.606843 0.478148 392.114 0 0
1500 -13.1877 3.66816 17.5313 -1.02997 0.0616341 392.424 0 0
1500 77.1745 18.4589 17.784 0.363019 0.306569 392.45 0 0
1500 115.511 27.4611 17.6991 0.878711 0.386395 392.472 0 0
1500 85.6466 65.2502 17.5288 0.369321 0.910311 392.958 0 0
1500 21.3211 24.0665 17.6784 -0.525545 0.411175 392.754 0 0
1500 79.8114 1.54605 18.3885 0.463587 -0.0494001 392.858 0 0
1500 115.205 -0.0708796 18.419 1.1083 -0.0378431 392.985 0 0
1500 90.631 -24.8291 18.3605 0.647104 -0.54052 393.074 0 0
1500 76.9 2.957 18.7995 0.476752 0.0371443 393.424 0 0
1500 84.8578 24.128 17.5273 0.43033 0.30739 393.293 0 0
1500 84.1459 64.1146 17.736 0.434936 1.09368 393.379 0 0
1500 26.2788 20.9423 17.6327 -0.563346 0.324524 393.541 0 0
1500 52.6346 -61.9561 17.8848 -0.114361 -1.00575 393.514 0 0
1500 75.8357 21.688 18.2924 0.326572 0.370271 393.629 0 0
1500 80.9094 -14.6042 17.6941 0.43146 -0.22141 393.857 0 0
1500 87.8155 12.349 17.6271 0.415377 0.131819 393.956 0 0
1500 38.6886 15.1525 18.1807 -0.372558 0.307254 394.117 0 0
1500 34.2452 -41.0678 17.8318 -0.364877 -0.620658 394.527 0 0
1500 129.553 17.5353 17.5634 1.00482 0.297644 394.337 0 0
1500 69.5976 70.0603 17.5593 0.215454 1.01019 394.14 0 0
1500 77.6373 -15.2213 18.3105 0.357972 -0.278108 394.547 0 0
1500 62.4567 21.1791 18.1769 0.0982288 0.351532 394.264 0 0
1500 84.7719 -42.197 17.632 0.422589 -0.670702 394.439 0 0
1500 121.938 -24.2425 18.0975 1.12533 -0.45911 394.288 0 0
1500 111.262 -21.18 18.8478 1.11869 -0.410429 394.389 0 0
1500 86.2493 46.3177 17.5914 0.369312 0.650953 394.592 0 0
1500 79.0328 23.865 18.2905 0.40641 0.396209 394.639 0 0
1500 80.7999 39.3642 17.6099 0.298384 0.55942 395.044 0 0
1500 39.6068 37.0552 17.5592 -0.243945 0.556773 394.766 0 0
1500 54.8 72.682 17.5746 -0.0101304 1.04031 394.771 0 0
1500 88.4986 -3.67643 17.8259 0.49868 0.0143444 395.193 0 0
1500 -4.33236 45.799 17.6362 -0.966262 0.731865 394.838 0 0
1500 6.54564 13.3528 17.6894 -0.883101 0.17291 394.806 0 0
1500 73.8227 -69.7879 17.6073 0.256495 -0.985933 395.242 0 0
1500 86.0381 -9.08664 18.0921 0.462293 -0.150553 395.371 0 0
1500 93.0892 -31.5727 17.7178 0.593566 -0.448432 395.277 0 0
1500 67.5001 -46.1972 17.5984 0.14535 -0.646736 395.71 0 0
1500 73.0962 21.1746 17.5923 0.196795 0.341932 395.78 0 0
1500 36.8981 -65.6409 17.5816 -0.273272 -0.943186 395.899 0 0
1500 -6.51226 32.5446 17.5922 -0.912553 0.514879 395.937 0 0
1500 101.451 31.135 17.8323 0.712511 0.465642 395.49 0 0
1500 103.293 34.5691 17.8355 0.735745 0.512258 395.762 0 0
1500 73.2704 22.0902 18.167 0.236256 0.357328 395.541 0 0
1500 48.5158 -6.97362 18.0154 -0.155051 -0.0903732 395.71 0 0
1500 32.6688 32.6835 17.7455 -0.44195 0.491791 395.839 0 0
1500 54.8185 31.6058 17.871 -0.0804826 0.556468 395.734 0 0
1500 32.7629 -115.522 18.3638 -0.48002 -2.20741 395.682 0 0
1500 98.4292 -22.2431 17.6294 0.569181 -0.319059 396.119 0 0
1500 62.1506 -8.17253 18.1209 0.0546259 -0.121291 396.138 0 0
1500 87.4774 -8.58749 17.9402 0.538663 -0.110641 396.186 0 0
1500 68.3411 -97.6129 17.626 0.155191 -1.40773 396.234 0 0
1500 11.743 -17.8139 17.6383 -0.645194 -0.270813 396.605 0 0
1500 16.7166 -11.9272 17.8448 -0.634548 -0.20037 396.713 0 0
1500 75.786 -3.80781 18.4327 0.351642 -0.0117049 396.836 0 0
1500 70.0495 -28.7509 17.8754 0.200616 -0.415876 397.044 0 0
1500 96.3591 8.7587 18.2831 0.691022 0.104451 396.939 0 0
1500 142.693 -3.43582 17.7299 1.35574 -0.0831322 397.063 0 0
1500 62.7919 29.1158 18.115 0.0590896 0.47463 396.968 0 0
1500 91.0401 17.1152 17.9468 0.509348 0.327973 397.08 0 0
1500 40.1087 22.7185 18.0938 -0.267095 0.34195 397.289 0 0
1500 41.7426 -4.02981 17.8114 -0.305426 -0.0888889 397.277 0 0
1500 110.655 -84.5068 17.795 0.790245 -1.35917 397.415 0 0
1500 51.2637 28.829 17.8046 -0.151207 0.430508 397.495 0 0
1500 103.411 -1.0355 17.8817 0.714 0.0518789 397.569 0 0
1500 120.936 12.0735 17.8672 0.972076 0.206713 397.522 0 0
1500 100.375 -22.8417 17.9113 0.714559 -0.319962 397.662 0 0
1500 53.1824 -33.5001 17.8049 -0.122903 -0.483455 397.578 0 0
1500 39.2514 64.4405 17.6628 -0.271096 0.981189 397.682 0 0
1500 104.579 30.6184 17.6546 0.665541 0.443174 397.75 0 0
1500 52.6943 28.5075 17.9475 -0.108767 0.424105 397.815 0 0
1500 118.16 37.4038 17.6727 0.896125 0.509566 397.966 0 0
1500 88.7476 -5.27412 18.5357 0.529289 -0.0595042 398.208 0 0
1500 61.0079 65.8813 17.6783 0.0560285 0.951668 398.285 0 0
1500 74.6395 -20.1059 17.7744 0.223569 -0.350258 398.053 0 0
1500 105.63 7.2963 17.8781 0.777811 0.133791 397.961 0 0
1500 62.1779 -18.6764 18.0348 0.0487768 -0.309083 398.148 0 0
1500 79.6099 83.5768 17.7422 0.395815 1.33051 397.996 0 0
1500 147.678 27.3095 17.8068 1.51855 0.477045 398.348 0 0
1500 67.7408 21.6076 17.8141 0.164938 0.332723 398.436 0 0
1500 47.5212 -27.4299 18.118 -0.135134 -0.443353 398.446 0 0
1500 127.462 -8.09968 17.7631 1.04015 -0.105092 398.542 0 0
1500 127.17 -3.01763 17.7728 1.02922 -0.0348868 399.029 0 0
1500 67.3208 -7.841 17.6746 0.128424 -0.164416 398.755 0 0
1500 98.4417 -5.79412 17.6821 0.578344 -0.0355898 398.596 0 0
1500 30.0528 35.5001 17.6613 -0.433192 0.480022 399.034 0 0
1500 4.85673 -12.4416 17.8103 -0.817737 -0.172026 398.695 0 0
1500 43.6785 26.7803 18.2785 -0.229271 0.500306 399.044 0 0
1500 96.2136 -45.0625 18.3741 0.765767 -0.925867 399.021 0 0
1500 81.4398 12.3521 18.6621 0.446645 0.171868 399.103 0 0
1500 77.204 6.10461 18.5144 0.395351 0.155146 399.094 0 0
1500 48.5303 3.90318 18.0991 -0.151956 0.0386662 399.155 0 0
1500 73.3844 36.4933 18.0695 0.187252 0.624923 399.157 0 0
1500 62.4677 -25.3505 17.9591 0.0893832 -0.442527 399.394 0 0
1500 97.7465 -4.25338 17.934 0.604891 -0.0461618 399.605 0 0
1500 89.7591 6.18341 18.3459 0.531037 0.158653 399.798 0 0
1500 61.8709 9.91289 18.2126 0.155275 0.161864 399.982 0 0
1500 47.7786 -49.2865 17.6723 -0.184661 -0.73109 400.232 0 0
1500 93.3183 8.59246 17.931 0.611853 0.0908642 399.986 0 0
1500 83.9523 -4.71734 18.007 0.423035 -0.141857 400.256 0 0
1500 16.9794 25.0619 17.6775 -0.658017 0.416364 400.242 0 0
1500 53.295 9.18005 18.017 -0.0883287 0.173517 400.356 0 0
1500 45.995 -64.844 17.8421 -0.259061 -1.0205 400.273 0 0
1500 125.905 -49.393 17.7714 1.09779 -0.855388 399.932 0 0
1500 42.3906 -1.82972 18.5941 -0.237781 0.00473367 400.203 0 0
1500 94.176 1.82491 18.5101 0.684107 0.0371651 400.502 0 0
1500 68.5476 14.4236 18.4451 0.261924 0.28262 400.484 0 0
1500 112.249 -78.4111 17.8839 0.928577 -1.35191 400.463 0 0
1500 81.8717 1.93434 18.8255 0.472255 0.0302074 400.701 0 0
1500 28.7526 64.9982 17.7016 -0.484992 0.934919 400.642 0 0
1500 20.3762 -16.3148 17.8639 -0.59971 -0.225882 400.652 0 0
1500 77.5886 23.4481 17.7316 0.295088 0.420975 400.653 0 0
1500 39.5729 -40.36 17.6865 -0.294869 -0.602886 400.887 0 0
1500 94.6385 -17.3747 18.7393 0.673881 -0.307999 400.92 0 0
1500 81.5605 -12.6636 18.6121 0.458562 -0.247682 401.195 0 0
1500 83.192 -1.73615 18.5675 0.539686 -0.0292559 401.172 0 0
1500 90.3467 7.9594 18.1402 0.596875 0.115661 401.24 0 0
1500 115.519 -7.04657 18.4011 1.06208 -0.134404 401.218 0 0
1500 114.932 22.3229 18.9742 1.24941 0.498089 401.182 0 0
1500 -0.914759 -36.3878 17.6973 -0.903382 -0.523422 401.508 0 0
1500 66.2395 42.1678 17.8455 0.109935 0.682845 401.547 0 0
1500 111.932 -34.8122 17.9051 0.841428 -0.597787 401.388 0 0
1500 9.09221 34.6917 17.8782 -0.742013 0.602122 401.349 0 0
1500 40.3993 -25.1714 18.3246 -0.294568 -0.409918 401.305 0 0
1500 34.5428 -66.6463 17.7373 -0.388305 -0.971002 401.633 0 0
1500 54.5276 29.9491 18.0037 0.00681997 0.507059 401.831 0 0
1500 78.3086 -2.21952 17.9246 0.390824 -0.0674881 401.67 0 0
1500 79.2185 -16.9858 17.8418 0.395989 -0.301942 401.798 0 0
1500 69.7454 -0.617162 18.2589 0.265594 -0.0381202 401.862 0 0
1500 77.0165 20.466 18.1583 0.287005 0.435899 402.128 0 0
1500 91.2409 -19.3323 17.7196 0.539499 -0.341135 402.29 0 0
1500 78.2857 2.53377 18.2265 0.354528 0.0831261 402.443 0 0
1500 112.52 -0.655191 18.1456 0.900695 -0.00841012 402.465 0 0
1500 89.3477 55.3329 17.82 0.43967 0.874029 402.403 0 0
1500 77.8023 30.1048 17.877 0.250117 0.483085 402.416 0 0
1500 -3.01271 -77.3815 17.7512 -0.936539 -1.24915 402.401 0 0
1500 96.7875 -0.658111 18.401 0.658967 -0.0612886 403.313 0 0
1500 104.472 -10.4111 17.9273 0.763225 -0.184923 402.727 0 0
1500 32.8225 37.1061 17.8779 -0.407812 0.581848 402.895 0 0
1500 54.5509 -46.7303 17.7443 0.0168818 -0.720665 402.886 0 0
1500 17.7299 6.81668 17.7962 -0.624235 0.162588 402.944 0 0
1500 87.5294 -1.64495 18.3757 0.535943 0.0515556 403.199 0 0
1500 76.4908 -40.3632 17.8314 0.25984 -0.588295 403.8 0 0
1500 69.0066 -53.0584 17.7462 0.227869 -0.807702 403.397 0 0
1500 22.3066 18.1132 17.7563 -0.599546 0.251893 403.734 0 0
1500 46.8917 23.6827 18.0584 -0.11884 0.441742 403.466 0 0
1500 72.7196 -23.4065 18.0526 0.321703 -0.37463 403.987 0 0
1500 58.6171 -33.38 18.3287 0.0764163 -0.659929 404.164 0 0
1500 71.649 19.272 17.9936 0.267412 0.279785 404.292 0 0
1500 104.394 -9.90484 17.9773 0.750507 -0.150259 404.366 0 0
1500 69.0875 -51.7516 17.9534 0.2253 -0.80978 404.457 0 0
1500 70.0612 -11.5252 18.0389 0.254816 -0.14352 404.606 0 0
1500 169.561 -43.2091 17.7669 1.72732 -0.606838 404.694 0 0
1500 71.4521 27.7799 18.1256 0.224756 0.527315 404.651 0 0
1500 77.8101 -14.1905 18.2113 0.343451 -0.236366 404.91 0 0
1500 89.1075 -47.9133 17.9082 0.465207 -0.765115 405.373 0 0
1500 93.3974 -37.3125 17.939 0.538521 -0.614975 405.201 0 0
1500 126.872 87.2203 17.7814 0.996435 1.35059 405.174 0 0
1500 84.2732 35.2457 17.869 0.443374 0.577977 405.138 0 0
1500 98.4765 -113.67 17.8108 0.571481 -1.762 405.159 0 0
1500 46.5866 -7.92827 17.905 -0.2283 -0.112378 405.002 0 0
1500 31.4647 4.32104 17.7582 -0.457429 0.015018 405.316 0 0
1500 100.847 6.5222 18.2326 0.802075 0.188839 405.286 0 0
1500 14.1446 16.3583 17.7651 -0.643305 0.265464 406.208 0 0
1500 124.597 -19.4249 17.7691 1.00275 -0.305258 405.921 0 0
1500 65.7639 68.3503 17.812 0.0803525 1.03058 405.477 0 0
1500 84.519 51.4198 17.7672 0.387177 0.829047 406.199 0 0
1500 31.0673 -31.9241 17.8358 -0.453758 -0.514704 406.224 0 0
1500 150.722 121.528 17.8015 1.49311 1.85615 405.921 0 0
1500 96.8501 -44.2213 18.0155 0.69848 -0.752492 405.979 0 0
1500 24.8655 -61.6151 18.0266 -0.566914 -1.03371 405.771 0 0
1500 77.7857 -23.5409 17.8616 0.376848 -0.37795 406.598 0 0
1500 96.1877 -31.4016 18.0203 0.598029 -0.576594 406.687 0 0
1500 79.1177 8.82342 18.0595 0.364283 0.0755013 406.903 0 0
1500 95.3854 13.8466 17.8046 0.556404 0.226646 406.868 0 0
1500 125.606 -11.0603 17.8724 1.03159 -0.182064 406.961 0 0
1500 105.53 43.7123 17.8767 0.736732 0.684659 406.905 0 0
1500 89.3485 -36.5024 18.8299 0.701571 -0.749247 406.952 0 0
1500 49.6491 34.0044 17.9422 -0.134588 0.497062 407.096 0 0
1500 34.2587 -7.91527 17.8302 -0.438493 -0.129033 407.078 0 0
1500 92.8376 -10.4535 18.4397 0.591567 -0.155587 407.305 0 0
1500 105.771 -46.8796 17.7892 0.724413 -0.679598 407.212 0 0
1500 9.03021 -49.1398 17.7492 -0.755743 -0.680858 407.253 0 0
1500 106.295 17.5239 17.8084 0.76699 0.313993 407.129 0 0
1500 81.2252 6.46273 18.1302 0.359184 0.163435 407.14 0 0
1500 59.0401 3.75303 17.94 -0.0316707 0.0150368 407.224 0 0
1500 70.4884 -11.8629 18.8635 0.226665 -0.258667 407.191 0 0
1500 88.0783 -36.9081 17.8769 0.530893 -0.582585 407.377 0 0
1500 38.1078 28.0811 18.1289 -0.277698 0.481203 407.447 0 0
1500 122.08 -11.639 17.7947 0.94609 -0.191307 407.513 0 0
1500 79.7476 -22.1927 18.342 0.376159 -0.412766 407.692 0 0
1500 54.5395 -9.09599 18.4817 -0.00904991 -0.162747 408.696 0 0
1500 36.106 -5.46614 17.8003 -0.334039 -0.0203424 408 0 0
1500 109.539 -8.94054 17.7983 0.742137 -0.171846 408.472 0 0
1500 107.69 -18.3628 17.8184 0.736058 -0.279454 408.677 0 0
1500 77.5685 -6.57818 18.5125 0.350268 -0.160993 408.027 0 0
1500 114.658 0.483027 17.9103 0.89738 -0.047735 408.613 0 0
1500 47.6389 36.9408 17.9907 -0.181275 0.60531 408.119 0 0
1500 76.7222 -10.9028 18.0412 0.374633 -0.205015 407.905 0 0
1500 74.1514 -50.887 17.8064 0.189857 -0.812982 408.287 0 0
1500 48.5617 39.5264 17.9493 -0.0919766 0.660296 408.317 0 0
1500 51.4057 -46.3916 17.8749 -0.124855 -0.761359 408.688 0 0
1500 60.6082 13.7242 17.9143 0.0176108 0.277094 408.041 0 0
1500 86.2766 20.3882 17.8389 0.509909 0.315834 408.787 0 0
1500 64.0632 -3.29164 17.9038 0.0656258 -0.117765 408.683 0 0
1500 35.199 -8.26985 18.0035 -0.431821 -0.106642 408.825 0 0
1500 43.8637 67.9884 17.7876 -0.254314 0.999374 408.971 0 0
1500 52.5401 -20.1074 18.4847 -0.0386725 -0.347532 409.02 0 0
1500 79.0017 -52.9698 17.9304 0.339639 -0.851861 409.234 0 0
1500 117.977 11.4545 17.8392 0.941809 0.218092 409.316 0 0
1500 95.6368 7.04859 18.2437 0.641898 0.170912 409.355 0 0
1500 82.1246 14.7977 18.2456 0.445305 0.286434 409.007 0 0
1500 70.8469 -42.7352 18.2096 0.232493 -0.730914 409.133 0 0
1500 104.593 0.959808 18.6607 0.873205 0.0268473 410.323 0 0
1500 64.4237 -18.5994 18.1044 0.0775579 -0.295827 409.573 0 0
1500 107.612 -27.5651 18.0355 0.816203 -0.443127 409.67 0 0
1500 75.0997 62.7881 17.8405 0.308572 0.965767 409.848 0 0
1500 91.5789 33.616 18.1084 0.56703 0.562696 409.638 0 0
1500 25.4352 -29.2588 17.929 -0.502519 -0.506829 409.49 0 0
1500 53.3501 -17.8904 17.8398 -0.0196077 -0.334289 409.572 0 0
1500 95.4945 13.9161 17.8332 0.626408 0.156246 410.182 0 0
1500 94.4231 3.83247 17.8341 0.61088 0.00172352 410.087 0 0
1500 31.2558 15.9173 17.9157 -0.3884 0.320192 410.297 0 0
1500 26.287 -12.8004 17.9773 -0.557881 -0.16486 409.592 0 0
1500 61.0449 50.2887 17.8776 0.0264784 0.89579 409.493 0 0
1500 102.308 -45.1353 18.1079 0.841666 -0.773748 409.539 0 0
1500 105.259 -49.3799 18.3006 0.945172 -0.922022 409.398 0 0
1500 101.052 27.776 18.1651 0.71937 0.470652 410.688 0 0
1500 25.597 -54.1042 17.7843 -0.461638 -0.820575 410.696 0 0
1500 78.286 -64.727 17.7945 0.338487 -0.957696 410.604 0 0
1500 83.9431 -8.7636 18.3462 0.528553 -0.117139 410.702 0 0
1500 61.3297 18.9254 17.9401 0.0621732 0.36151 410.424 0 0
1500 35.4187 -15.215 18.0784 -0.376131 -0.19224 410.801 0 0
1500 127.657 -19.2275 17.8683 1.15066 -0.352237 410.626 0 0
1500 9.35965 66.725 17.8985 -0.816734 1.14921 410.792 0 0
1500 145.591 -14.4658 18.2244 1.5537 -0.22658 410.412 0 0
1500 79.8282 3.37629 19.0365 0.518243 -0.00056769 411.011 0 0
1500 90.6258 33.722 18.306 0.558214 0.587614 411.021 0 0
1500 75.4517 58.696 18.2281 0.331195 1.02739 410.988 0 0
1500 92.0315 34.9116 17.9379 0.512568 0.526949 411.091 0 0
1500 105.613 29.6157 18.164 0.78184 0.494787 411.09 0 0
1500 52.4766 -62.6355 17.8872 -0.108341 -0.99099 411.332 0 0
1500 60.2836 28.6497 18.2009 0.0400491 0.493433 411.184 0 0
1500 107.586 -20.2544 17.8261 0.800236 -0.362201 411.118 0 0
1500 13.5258 20.6844 17.9122 -0.725249 0.352307 411.156 0 0
1500 94.4377 14.2642 17.8555 0.627335 0.258857 411.35 0 0
1500 33.453 5.26005 18.1275 -0.40006 0.143242 411.21 0 0
1500 105.098 -21.7071 18.596 0.863529 -0.425689 411.152 0 0
1500 -52.1666 -6.48112 17.932 -1.8204 -0.0365623 411.072 0 0
1500 87.131 61.09 17.8519 0.472107 0.917467 411.603 0 0
1500 84.1049 -23.8022 18.0586 0.384028 -0.424383 411.397 0 0
1500 82.8415 17.4191 18.3364 0.413685 0.390007 411.427 0 0
1500 99.6694 -26.8504 18.2361 0.678993 -0.486055 411.755 0 0
1500 91.2001 -10.6683 18.3251 0.559295 -0.147339 411.887 0 0
1500 76.9884 7.29027 18.9825 0.427327 0.127004 411.831 0 0
1500 103.761 35.9891 17.8518 0.681259 0.548235 411.92 0 0
1500 79.7613 -54.7179 17.8135 0.352967 -0.802194 411.874 0 0
1500 83.3572 -22.2606 18.5986 0.521765 -0.37731 412.313 0 0
1500 35.4782 -62.7696 17.8878 -0.355372 -0.980786 412.172 0 0
1500 36.2992 -62.7067 17.8876 -0.343926 -0.981436 412.063 0 0
1500 114.551 -28.1302 17.8225 0.890955 -0.473482 412.195 0 0
1500 79.7289 -49.7535 17.8192 0.362855 -0.822013 412.314 0 0
1500 44.7214 -17.889 18.1058 -0.16787 -0.350169 412.111 0 0
1500 75.3943 -19.4865 17.9419 0.358296 -0.289782 411.677 0 0
1500 100.015 66.3136 17.9754 0.747307 1.07849 411.74 0 0
1500 70.5924 -9.11136 17.8388 0.138079 -0.195874 412.121 0 0
1500 73.3529 -7.63917 19.7549 0.419283 -0.155876 412.065 0 0
1500 52.033 -35.4025 17.9348 -0.14703 -0.651138 411.744 0 0
1500 51.5925 -62.3218 17.8523 -0.0948569 -0.943548 412.493 0 0
1500 98.6098 48.1638 17.8627 0.626941 0.723623 412.561 0 0
1500 99.9867 38.4256 17.8465 0.699695 0.618182 412.538 0 0
1500 100.227 -8.99114 17.9336 0.73289 -0.126502 412.415 0 0
1500 102.62 7.53003 17.9323 0.767828 0.125144 412.547 0 0
1500 75.9866 1.31508 18.5078 0.42705 0.0464261 412.744 0 0
1500 100.898 -17.6539 18.0563 0.74785 -0.239686 412.699 0 0
1500 66.9912 -36.888 17.8296 0.0808687 -0.624314 412.777 0 0
1500 59.9824 4.42986 17.9742 0.00541621 -0.0032414 412.716 0 0
1500 126.622 -26.9456 18.1412 1.26364 -0.432998 412.736 0 0
1500 117.537 -16.0351 17.8449 0.958519 -0.201027 412.922 0 0
1500 105.747 45.0315 18.2402 0.83264 0.772423 413 0 0
1500 91.7641 -61.4299 18.0014 0.534248 -1.10374 412.986 0 0
1500 45.9828 11.7995 18.364 -0.245871 0.216026 413.136 0 0
1500 118.435 -26.5195 17.8911 0.941898 -0.405439 413.177 0 0
1500 81.3765 4.19096 18.5201 0.401689 0.116293 413.801 0 0
1500 75.9153 3.87072 18.0272 0.307274 0.0608018 413.654 0 0
1500 69.7969 29.6783 17.8792 0.208136 0.452276 413.329 0 0
1500 64.7294 -33.8158 17.9689 0.104659 -0.524886 413.814 0 0
1500 105.72 44.6407 17.8433 0.770968 0.69814 413.837 0 0
1500 121.218 -8.30087 17.8438 1.00806 -0.0847208 413.293 0 0
1500 32.6995 -54.1972 17.8299 -0.387028 -0.889824 413.281 0 0
1500 77.6685 5.69146 18.2322 0.339198 0.161689 413.154 0 0
1500 31.8402 -1.8437 17.9198 -0.433593 0.0398428 413.296 0 0
1500 37.3532 16.6614 17.9188 -0.347502 0.32713 413.369 0 0
1500 74.1585 18.0019 18.1313 0.219365 0.314597 413.787 0 0
1500 40.266 6.04958 17.8551 -0.282571 0.172631 413.242 0 0
1500 77.419 24.2901 17.8611 0.381481 0.383882 413.85 0 0
1500 43.8827 -22.0369 18.2843 -0.251526 -0.337768 413.721 0 0
1500 64.7761 22.8135 18.5359 0.137721 0.426033 413.249 0 0
1500 -19.6458 8.35098 17.9163 -1.32043 0.180558 413.643 0 0
1500 125.524 -11.0586 17.9202 1.12904 -0.103503 413.763 0 0
1500 -6.591 27.2201 18.2006 -1.14272 0.510953 413.678 0 0
1500 52.4318 24.6269 18.1538 -0.151124 0.480823 413.753 0 0
1500 79.0513 -16.5964 18.8165 0.42487 -0.387029 413.186 0 0
1500 33.2118 32.177 18.1285 -0.411931 0.509626 414.205 0 0
1500 46.7277 -18.7203 18.1967 -0.133595 -0.30163 414.126 0 0
1500 33.1809 44.5749 17.8504 -0.345122 0.68802 413.944 0 0
1500 33.4505 30.0282 17.947 -0.383781 0.438198 414.074 0 0
1500 63.6328 -13.7701 17.9788 0.0892702 -0.252239 414.277 0 0
1500 51.6198 -31.9045 17.9704 -0.0725439 -0.498542 413.888 0 0
1500 93.5565 -55.1388 17.8281 0.561776 -0.849166 414.24 0 0
1500 118.71 25.688 17.8435 0.959511 0.416658 414.076 0 0
1500 99.2822 46.1891 17.9239 0.70272 0.699146 413.886 0 0
1500 85.4076 -9.71826 18.5829 0.566142 -0.187159 414.979 0 0
1500 42.5276 -62.0994 17.9068 -0.215811 -1.0019 414.571 0 0
1500 115.747 -28.3525 17.8138 0.929472 -0.386043 414.596 0 0
1500 110.46 -10.1357 18.0096 0.881214 -0.11658 414.444 0 0
1500 104.725 23.9493 17.8385 0.711033 0.443465 414.562 0 0
1500 41.2511 -1.81852 18.3666 -0.259793 -0.0372023 415.179 0 0
1500 109.051 -26.8263 17.9003 0.79836 -0.491224 414.209 0 0
1500 71.3728 27.8735 18.1213 0.303603 0.47658 414.489 0 0
1500 48.4944 48.2606 17.9458 -0.111612 0.810155 415.198 0 0
1500 81.5976 38.2182 18.0286 0.434226 0.640149 415.33 0 0
1500 61.7979 16.2908 17.8567 0.108424 0.316328 414.774 0 0
1500 -17.5732 -27.5293 17.9407 -1.20757 -0.502089 415.257 0 0
1500 94.3273 22.3436 17.9125 0.529924 0.415159 413.87 0 0
1500 106.015 -36.3907 17.9835 0.763318 -0.658434 415.101 0 0
1500 80.3673 -40.1457 17.8442 0.302933 -0.703351 415.196 0 0
1500 143.561 -14.1051 18.0119 1.4856 -0.215463 415.126 0 0
1500 79.1492 38.991 17.9105 0.267363 0.672367 414.356 0 0
1500 53.9245 1.6252 18.2925 -0.0927622 0.0983539 414.319 0 0
1500 66.14 27.8493 18.4002 0.146568 0.558935 415.017 0 0
1500 124.476 44.0327 18.1813 1.20585 0.770715 415.408 0 0
1500 87.5322 -47.6981 17.8401 0.465784 -0.727634 415.591 0 0
1500 25.2854 -57.1421 17.8307 -0.481221 -0.901695 415.672 0 0
1500 93.032 25.9962 18.1582 0.614783 0.456049 415.783 0 0
1500 93.3223 -2.07087 17.9579 0.62602 0.00765956 415.596 0 0
1500 48.8828 -9.8228 18.0761 -0.154163 -0.0882093 415.761 0 0
1500 65.6805 20.9435 18.0955 0.0767516 0.345259 415.648 0 0
1500 97.8882 -9.78145 18.4931 0.811001 -0.272991 415.544 0 0
1500 85.9872 22.6804 18.2053 0.459111 0.364974 416.409 0 0
1500 72.4053 -19.9921 17.9303 0.173371 -0.334917 416.434 0 0
1500 115.007 15.4947 17.8553 0.875918 0.258021 416.331 0 0
1500 -9.13547 -7.18418 17.8495 -1.04463 -0.0649785 416.138 0 0
1500 74.6216 -52.7963 17.9198 0.304052 -0.863931 416.188 0 0
1500 91.9883 6.59493 18.1314 0.595958 0.034368 416.348 0 0
1500 62.6048 -27.6861 17.9968 -0.000366432 -0.437205 416.245 0 0
1500 77.368 55.294 17.8567 0.338848 0.823363 416.482 0 0
1500 44.7827 -59.8384 17.8359 -0.195885 -0.929837 416.486 0 0
1500 116.068 -28.78 17.8394 0.943246 -0.423648 416.518 0 0
1500 91.1339 -21.5363 18.284 0.630388 -0.346814 416.451 0 0
1500 9.69706 -37.8688 17.8376 -0.781759 -0.620439 416.618 0 0
1500 57.5852 9.90953 18.1225 -0.0304623 0.19227 416.514 0 0
1500 116.055 7.02121 17.8606 0.956421 0.118545 416.641 0 0
1500 61.3694 57.6744 17.8832 -0.0145359 0.899166 416.52 0 0
1500 61.3812 48.3821 17.8356 0.0966239 0.805522 416.544 0 0
1500 43.9686 24.1901 17.8182 -0.178997 0.44219 416.602 0 0
1500 48.9267 -7.64643 17.8444 -0.225686 -0.125168 416.644 0 0
1500 100.478 -42.5164 17.8388 0.60025 -0.67808 416.821 0 0
1500 -0.408727 -34.1874 17.8733 -0.921551 -0.487622 416.726 0 0
1500 111.977 24.2304 17.9324 0.851212 0.354681 417.101 0 0
1500 71.3912 -12.7509 18.4371 0.227515 -0.232356 416.864 0 0
1500 96.0465 50.6518 17.9515 0.574974 0.830036 416.807 0 0
1500 87.2658 -19.3785 18.2972 0.549553 -0.351918 416.995 0 0
1500 80.3092 -28.8686 17.9005 0.331099 -0.520685 416.686 0 0
1500 83.4495 -17.1798 17.961 0.358233 -0.323906 416.668 0 0
1500 92.3476 -32.8854 17.8116 0.51307 -0.582963 417.164 0 0
1500 85.7496 -18.0407 17.817 0.472989 -0.217161 416.686 0 0
1500 96.9155 6.88309 17.8121 0.643537 0.170668 417.048 0 0
1500 24.6631 -15.8315 17.9852 -0.511143 -0.237495 417.277 0 0
1500 -3.46528 18.2656 17.853 -0.946691 0.304391 417.187 0 0
1500 20.2086 54.1908 17.7932 -0.522724 0.854714 417.314 0 0
1500 11.3557 41.032 17.878 -0.765779 0.638392 417.315 0 0
1500 16.6383 9.86089 17.8537 -0.642933 0.229592 417.284 0 0
1500 62.2022 11.6509 17.9942 0.147819 0.226423 417.334 0 0
1500 40.7891 42.5352 18.2668 -0.26687 0.818614 417.317 0 0
1500 86.6343 55.9893 17.9163 0.479851 0.851855 417.948 0 0
1500 86.0305 7.58079 18.4106 0.511342 0.0712279 418.038 0 0
1500 43.8995 -17.4539 17.9172 -0.178417 -0.308432 418.128 0 0
1500 22.2704 2.77193 17.8333 -0.572804 0.0393965 418.106 0 0
1500 107.536 43.2955 17.8666 0.770083 0.671814 417.633 0 0
1500 -6.29849 0.100738 17.8761 -0.995592 0.0146564 417.567 0 0
1500 110.797 40.3102 17.8296 0.763939 0.659549 417.991 0 0
1500 83.3558 59.7531 17.7988 0.405377 0.959432 417.551 0 0
1500 86.6178 57.856 17.9393 0.504246 0.898097 417.974 0 0
1500 119.815 -15.184 17.8266 0.976346 -0.167722 417.727 0 0
1500 41.0559 49.2277 17.8044 -0.220535 0.81858 417.751 0 0
1500 108.507 -91.3824 17.9357 0.798735 -1.47438 418.176 0 0
1500 78.6246 23.4863 17.9948 0.377537 0.428211 417.979 0 0
1500 79.9135 3.1586 17.8471 0.378679 0.11718 418.277 0 0
1500 143.183 -36.6148 17.8508 1.42192 -0.597789 417.767 0 0
1500 37.5788 1.54054 18.4665 -0.334166 -0.00759645 418.078 0 0
1500 127.304 -20.8624 18.0958 1.24405 -0.312248 418.24 0 0
1500 26.7412 15.8692 17.9684 -0.599467 0.226772 417.736 0 0
1500 86.9859 -43.5491 18.0355 0.491381 -0.826634 417.721 0 0
1500 -4.76817 -63.0275 18.3425 -1.23349 -1.20327 417.519 0 0
1500 115.25 -7.53526 17.8792 0.864532 -0.164767 418.847 0 0
1500 78.5103 -8.59415 18.3158 0.338906 -0.184301 418.974 0 0
1500 41.6325 -7.56162 18.2453 -0.242205 -0.118335 418.72 0 0
1500 66.9942 -5.4926 18.1318 0.204773 -0.0271333 419.165 0 0
1500 37.3698 -31.8663 17.9577 -0.298802 -0.509176 418.616 0 0
1500 34.7908 20.8194 17.8755 -0.376923 0.333328 418.936 0 0
1500 24.8887 -51.5725 17.8001 -0.444999 -0.805582 418.884 0 0
1500 38.2173 -43.283 17.793 -0.255009 -0.698224 418.367 0 0
1500 122.436 -5.03555 17.8577 1.01403 -0.0613487 419.175 0 0
1500 95.9142 50.3514 18.0365 0.602612 0.819794 418.445 0 0
1500 116.508 7.88929 17.9921 0.953446 0.169866 418.663 0 0
1500 86.1464 8.07982 18.5388 0.529009 0.193846 419.282 0 0
1500 120.323 -4.71561 17.7975 0.981902 -0.00902026 418.671 0 0
1500 93.4213 41.7987 17.9731 0.615355 0.675624 419.147 0 0
1500 101.533 -18.5527 17.873 0.667659 -0.361911 418.459 0 0
1500 103.937 13.7354 17.9287 0.790265 0.212993 418.932 0 0
1500 58.5167 -29.9714 18.1176 -0.0318905 -0.456278 418.733 0 0
1500 38.3165 -42.8794 17.9354 -0.364903 -0.662134 419.15 0 0
1500 59.6705 49.3132 17.878 0.0572446 0.858256 418.539 0 0
1500 35.5247 41.9947 17.863 -0.331275 0.743405 418.989 0 0
1500 105.892 35.8573 17.9409 0.75951 0.652762 419.129 0 0
1500 31.6956 22.7946 18.4721 -0.429078 0.463949 418.713 0 0
1500 78.8798 18.5574 18.9502 0.442904 0.297077 420.166 0 0
1500 30.5027 36.2403 17.8443 -0.394146 0.583927 419.915 0 0
1500 89.8299 36.2414 17.843 0.446896 0.584922 419.797 0 0
1500 108.895 8.92878 17.8082 0.762742 0.0695353 420.32 0 0
1500 36.3981 -31.2682 17.799 -0.276395 -0.511614 419.687 0 0
1500 102.5 45.8477 17.8593 0.720053 0.675878 419.533 0 0
1500 106.723 43.6458 17.9389 0.787361 0.673443 419.317 0 0
1500 118.791 12.0075 17.9424 0.951027 0.209711 420.196 0 0
1500 40.078 31.0245 18.0663 -0.252295 0.515735 420.308 0 0
1500 114.913 -31.0812 17.9781 0.931596 -0.472394 419.659 0 0
1500 107.322 39.0669 18.0275 0.818391 0.619532 419.609 0 0
1500 112.503 -41.3768 17.7977 0.792193 -0.68649 419.751 0 0
1500 101.774 47.9828 17.7942 0.691759 0.777688 419.577 0 0
1500 78.2041 62.2301 17.7939 0.339211 0.988174 419.724 0 0
1500 81.0308 60.3019 17.7944 0.382828 0.963273 419.458 0 0
1500 88.7079 -54.0533 17.8095 0.492532 -0.881175 419.442 0 0
1500 91.0489 -35.0355 18.3805 0.576691 -0.594221 420.338 0 0
1500 14.8986 38.4854 17.9278 -0.714884 0.577607 419.962 0 0
1500 67.6132 -53.0797 17.8919 0.190444 -0.873948 420.016 0 0
1500 66.0051 30.6303 18.2149 0.220979 0.528898 419.668 0 0
1500 77.2752 39.5853 17.9408 0.267819 0.674867 419.422 0 0
1500 85.9843 -10.7466 17.9202 0.398106 -0.229141 420.347 0 0
1500 54.747 -10.4583 18.1584 -0.0118868 -0.245377 419.857 0 0
1500 132.845 130.411 17.9621 1.25132 2.17434 419.469 0 0
1500 103.677 6.21646 17.8834 0.821535 0.105627 420.079 0 0
1500 83.435 -8.59528 18.101 0.527323 -0.159462 419.701 0 0
1500 39.4476 10.6336 17.955 -0.34165 0.257562 419.703 0 0
1500 36.2366 16.582 18.1044 -0.391703 0.355239 419.583 0 0
1500 117.41 29.3483 18.0343 1.10726 0.508898 419.9 0 0
1500 78.9315 31.1581 18.3994 0.387061 0.653537 420.189 0 0
1500 86.0936 -0.56592 17.8187 0.42599 -0.0687935 420.674 0 0
1500 41.6994 38.6138 17.968 -0.21661 0.61604 421.198 0 0
1500 84.7969 37.5474 17.9542 0.452497 0.565402 421.644 0 0
1500 30.5941 51.6288 17.8375 -0.457982 0.770006 420.901 0 0
1500 6.64917 -28.349 17.8062 -0.753097 -0.478111 421.901 0 0
1500 101.071 47.0392 17.9743 0.696084 0.761254 420.527 0 0
1500 86.5155 58.8881 17.9734 0.477143 0.930831 420.969 0 0
1500 70.3281 131.442 17.7906 0.171242 2.0249 420.733 0 0
1500 108.65 2.45816 18.1814 0.879938 0.0354275 421.026 0 0
1500 12.434 46.6446 17.8083 -0.670187 0.773129 421.073 0 0
1500 117.957 15.2348 17.9461 0.974026 0.26755 421.624 0 0
1500 95.687 -29.1075 18.0062 0.591978 -0.519369 420.656 0 0
1500 78.0363 -55.0847 17.918 0.302782 -0.905425 421.662 0 0
1500 63.1343 -52.286 18.1394 0.0973699 -0.858165 422.024 0 0
1500 88.383 2.76907 18.0824 0.525529 0.112545 421.147 0 0
1500 9.32938 10.4605 18.0342 -0.783496 0.18592 421.537 0 0
1500 30.9599 -17.1216 17.9847 -0.459987 -0.310195 420.616 0 0
1500 75.1804 -44.8298 17.9091 0.22716 -0.74832 421.231 0 0
1500 94.8796 -13.9731 18.1605 0.607827 -0.289036 421.663 0 0
1500 92.6329 3.13379 17.9164 0.611335 0.0881668 420.894 0 0
1500 91.0002 37.7999 17.9035 0.534098 0.650337 421.72 0 0
1500 66.0222 -21.5873 17.9009 0.111466 -0.411095 422.061 0 0
1500 2.15707 -75.8878 17.9794 -0.949924 -1.21795 421.335 0 0
1500 29.7 -51.0707 17.9645 -0.434006 -0.918299 422.111 0 0
1500 105.197 50.0666 17.991 0.870743 0.839344 422.116 0 0
1500 92.2562 -55.5321 18.1216 0.673184 -0.96901 422.001 0 0
1500 92.6207 49.2761 18.062 0.690024 0.8616 420.526 0 0
1500 96.8901 6.8646 18.0109 0.731327 0.180031 421.8 0 0
1500 58.0376 20.826 18.1595 0.0726903 0.346659 423.389 0 0
1500 59.0149 29.4624 18.012 0.0826496 0.462451 423.917 0 0
1500 48.0872 50.4427 17.8073 -0.104641 0.777741 422.735 0 0
1500 38.4875 32.804 17.8154 -0.239013 0.520945 423.458 0 0
1500 85.405 16.1299 17.8173 0.422021 0.285077 423.612 0 0
1500 111.911 21.1489 17.8024 0.811454 0.363012 422.188 0 0
1500 103.059 32.9302 17.9826 0.695286 0.529028 423.463 0 0
1500 85.1023 31.2489 17.889 0.429097 0.49785 424.024 0 0
1500 97.1514 -50.6141 17.8576 0.617411 -0.792456 422.489 0 0
1500 96.7642 43.512 18.0069 0.607671 0.720633 422.458 0 0
1500 123.049 -11.3717 17.8469 0.978141 -0.231522 424.011 0 0
1500 121.975 1.68275 18.0824 1.04443 0.0186677 423.702 0 0
1500 95.9349 14.7283 18.3641 0.700066 0.262185 422.522 0 0
1500 75.95 7.67849 18.4109 0.408716 0.160187 422.139 0 0
1500 95.1205 -53.9177 17.805 0.627403 -0.81768 423.642 0 0
1500 112.705 -17.367 17.856 0.892158 -0.310209 423.203 0 0
1500 103.529 -35.223 17.8557 0.752559 -0.580434 423.248 0 0
1500 82.6383 -24.2089 18.0048 0.47523 -0.352078 422.502 0 0
1500 88.1957 7.08802 18.6602 0.640926 0.0696752 422.348 0 0
1500 67.3011 -3.5605 18.3322 0.147916 -0.102101 423.78 0 0
1500 61.7891 -0.338408 18.1086 0.0189943 0.0109822 423.952 0 0
1500 55.5284 27.7261 18.0249 -0.0511955 0.494977 423.896 0 0
1500 70.8619 19.2231 18.0271 0.185702 0.364709 423.744 0 0
1500 56.5277 -3.44269 17.8216 -0.0750202 -0.116751 423.851 0 0
1500 20.8735 56.0874 17.9051 -0.593737 0.976563 422.893 0 0
1500 85.3257 -51.5956 18.4076 0.517876 -0.938851 422.517 0 0
1500 109.496 -32.8367 18.0503 0.884624 -0.626347 423.297 0 0
1500 94.8166 32.4713 18.2122 0.607052 0.610423 423.714 0 0
1500 115.34 -27.3509 17.8515 0.919624 -0.455349 424.097 0 0
1500 85.6806 -22.6765 18.3542 0.451814 -0.379135 424.812 0 0
1500 75.8193 -4.92601 18.1333 0.339677 -0.032599 425.358 0 0
1500 49.5102 29.8166 17.9061 -0.0870181 0.468125 426.432 0 0
1500 84.4115 9.619 17.9979 0.421801 0.193887 424.888 0 0
1500 69.1395 5.53771 18.1046 0.225192 0.0248051 426.683 0 0
1500 84.6112 3.44406 17.9416 0.452928 0.0510963 425.043 0 0
1500 31.5935 -7.44499 18.1186 -0.40081 -0.0993193 425.967 0 0
1500 52.6479 -34.6763 17.8776 -0.0280574 -0.542521 424.829 0 0
1500 76.8353 2.24593 17.8832 0.309905 -0.0237041 425.246 0 0
1500 88.3199 -16.1931 17.8774 0.473188 -0.28295 424.809 0 0
1500 84.1355 -12.0836 17.8955 0.36792 -0.23896 425.753 0 0
1500 96.6488 29.0586 17.9582 0.620479 0.448331 425.448 0 0
1500 88.5371 23.1091 17.9729 0.504124 0.359977 426.449 0 0
1500 84.6077 -3.51575 18.0268 0.439001 -0.0999629 427.113 0 0
1500 60.0993 -5.99431 17.8745 0.0605827 -0.147146 426.916 0 0
1500 13.2829 -33.0998 17.9058 -0.670574 -0.528558 426.171 0 0
1500 117.828 -23.2172 17.855 0.901531 -0.401563 425.21 0 0
1500 59.6297 -20.2742 18.1699 0.0896885 -0.341999 428.916 0 0
1500 127.399 8.32323 17.7915 1.0463 0.0531045 424.168 0 0
1500 103.318 36.8194 17.938 0.729806 0.54598 426.554 0 0
1500 81.9472 -3.73352 17.9129 0.398532 -0.0107351 428.195 0 0
1500 97.9794 -28.2806 17.8427 0.635015 -0.427556 427.34 0 0
1500 80.7339 -21.7879 18.3817 0.43927 -0.32618 430.18 0 0
1500 60.8707 -10.2264 17.8797 0.0980653 -0.185902 428.91 0 0
1500 107.454 -35.8895 18.0578 0.792267 -0.603503 424.535 0 0
1500 67.5854 -25.565 17.8894 0.200294 -0.405108 427.825 0 0
1500 103.642 -1.4571 17.9997 0.729753 -0.00180628 428.618 0 0
1500 120.031 0.954233 17.9858 1.0157 0.0339611 424.737 0 0
1500 104.854 29.5912 18.0145 0.802975 0.462807 424.376 0 0
1500 93.5177 3.26105 18.2481 0.598114 0.0825827 430.514 0 0
1500 51.2389 -28.2433 17.862 -0.128009 -0.457146 429.416 0 0
1500 71.2222 -7.99863 18.4573 0.267286 -0.194853 424.464 0 0
1500 26.2766 -30.5354 18.0923 -0.511038 -0.508049 424.271 0 0
1500 64.058 0.126245 18.2416 0.173622 0.0547875 431.638 0 0
1500 7.71373 27.3824 17.9684 -0.789997 0.470832 424.815 0 0
1500 22.9225 -56.1475 17.8907 -0.545714 -0.894051 426.452 0 0
1500 87.9177 28.3701 18.1028 0.513881 0.422687 430.488 0 0
1500 72.0399 -54.7761 17.905 0.275531 -0.879112 425.16 0 0
1500 69.8944 -28.4834 17.9216 0.226234 -0.448988 430.126 0 0
1500 15.5714 -49.8463 17.9023 -0.641193 -0.787423 427.876 0 0
1500 77.2722 -29.5237 18.0391 0.305575 -0.480059 430.953 0 0
1500 2.73603 -8.93509 17.846 -0.919415 -0.106836 424.231 0 0
1500 77.0857 -2.94255 18.1662 0.412397 -0.0506004 424.664 0 0
1500 100.858 -1.42996 18.5071 0.789432 -0.0551554 427.219 0 0
1500 74.1434 -65.6713 17.8384 0.188911 -1.02771 427.019 0 0
1500 33.0236 -31.296 17.8578 -0.400729 -0.491133 430.576 0 0
1500 77.5607 24.7635 17.9862 0.314071 0.454823 425.174 0 0
1500 68.023 26.4412 18.1335 0.222669 0.47524 425.118 0 0
1500 13.3787 -46.1323 17.891 -0.671079 -0.763641 426.724 0 0
1500 65.0651 -0.703739 18.1513 0.115501 0.058155 424.742 0 0
1500 161.654 -32.9595 17.8179 1.68156 -0.494062 424.362 0 0
1500 100.52 12.8513 18.0787 0.727892 0.252625 425.987 0 0
1500 8.57096 44.6926 17.8353 -0.725794 0.726023 428.639 0 0
1500 96.3842 36.2195 17.8756 0.667206 0.558858 425.777 0 0
1500 82.1291 -18.1374 17.8888 0.457843 -0.275064 424.623 0 0
1500 114.204 -21.0965 17.8724 0.884842 -0.297169 429.79 0 0
1500 55.9672 8.85389 18.6321 0.0414728 0.199588 427.18 0 0
1500 104.89 -77.4455 17.8595 0.709396 -1.21972 428.027 0 0
1500 77.8611 59.4445 17.8084 0.350842 0.888435 429.646 0 0
1500 54.8393 13.7867 17.8326 0.01738 0.220798 431.985 0 0
1500 58.2095 29.6231 17.827 0.0719661 0.493366 424.582 0 0
1500 35.2139 -46.9253 17.866 -0.347175 -0.733905 430.817 0 0
1500 43.992 -62.4661 17.8392 -0.284813 -0.946704 426.889 0 0
1500 61.0655 10.3673 17.8348 0.0640269 0.238824 424.339 0 0
1500 45.0985 64.7173 17.8057 -0.176394 1.03269 427.953 0 0
1500 36.7358 39.8217 17.8204 -0.312367 0.689338 425.397 0 0
1500 29.3683 51.5948 17.8136 -0.396999 0.811618 430.137 0 0
1500 80.5009 5.73393 17.8328 0.329626 0.148489 431.925 0 0
1500 0.90898 38.4922 17.8057 -0.828771 0.640746 428.237 0 0
1500 99.4654 41.4073 17.811 0.644835 0.702289 426.459 0 0
1500 51.3903 63.9353 17.8066 -0.0836808 1.02934 427.413 0 0
1500 125.589 3.45923 17.8461 1.04061 0.111322 428.479 0 0
1500 50.7889 7.90459 17.8759 -0.0578537 0.167421 432.281 0 0
1500 98.5988 9.69798 17.8628 0.673858 0.212936 425.378 0 0
1500 1.72744 9.60976 17.9003 -0.865852 0.144195 430.686 0 0
1500 30.2155 -47.5301 17.9008 -0.489912 -0.716573 426.286 0 0
1500 21.1991 -16.217 17.9111 -0.57899 -0.221132 431.759 0 0
1500 4.39989 -24.6032 17.8967 -0.876178 -0.36441 426.81 0 0
1500 1.44876 -10.2908 17.9002 -0.870093 -0.139958 430.664 0 0
1500 23.7106 23.7953 17.9081 -0.595285 0.373898 425.593 0 0
1500 38.9128 -13.2228 17.918 -0.327451 -0.177692 432.295 0 0
1500 117.876 -4.27846 18.2266 1.03209 -0.0699914 426.884 0 0
1500 81.121 42.9477 18.0394 0.421531 0.713178 426.773 0 0
1500 95.7528 14.0574 18.2939 0.657195 0.281384 427.627 0 0
1500 67.3273 62.6669 18.056 0.15093 1.04016 426.087 0 0
1500 125.69 4.58625 17.8472 1.03902 0.130533 429.299 0 0
1500 35.2917 51.649 17.8551 -0.302927 0.851324 427.131 0 0
1500 104.901 40.241 17.852 0.71781 0.642728 430.7 0 0
1500 115.853 2.39208 17.8539 0.921381 0.101199 427.285 0 0
1500 42.8095 -60.7332 17.8425 -0.303251 -0.921035 427.751 0 0
1500 17.8301 -10.5946 17.8545 -0.695118 -0.166396 426.4 0 0
1500 120.214 -7.76319 17.984 1.04655 -0.0547845 424.446 0 0
1500 41.0291 45.2332 17.9709 -0.23226 0.765625 427.341 0 0
1500 -4.93803 23.1193 17.8858 -0.994522 0.329806 429.569 0 0
1500 86.3726 7.35097 18.1335 0.471896 0.185538 428.423 0 0
1500 105.488 -4.40469 17.806 0.805109 -0.0501837 426.606 0 0
1500 113.841 4.43851 18.166 0.935067 0.112166 429.24 0 0
1500 87.0423 39.5801 17.9232 0.530754 0.61801 427.737 0 0
1500 121.974 -10.7972 17.9114 1.03218 -0.147023 429.781 0 0
1500 106.51 15.6244 17.8817 0.808631 0.191946 427.699 0 0
1500 108.54 1.89813 18.1682 0.84772 0.0895509 429.095 0 0
1500 103.891 -35.7215 17.8579 0.72566 -0.545208 432.415 0 0
1500 106.223 -4.08443 17.8623 0.811048 -0.0975499 427.952 0 0
1500 98.1655 24.5004 17.8644 0.689651 0.341666 427.752 0 0
1500 87.9125 -54.4604 17.853 0.52035 -0.853311 429.209 0 0
1500 9.19386 11.0536 17.8194 -0.79045 0.102686 427.97 0 0
1500 25.6059 43.4749 17.862 -0.562526 0.685269 428.642 0 0
1500 58.3572 45.1062 17.8695 -0.0640329 0.718192 427.906 0 0
1500 16.0853 41.5597 17.8702 -0.690783 0.669633 429.238 0 0
1500 28.5886 -1.91151 17.8865 -0.469768 -0.105482 427.364 0 0
1500 17.0592 -47.1716 17.8649 -0.626861 -0.781751 429.646 0 0
1500 38.4853 -25.0527 17.8842 -0.315022 -0.46425 427.529 0 0
1500 123.592 3.47591 17.9146 1.0477 0.0248937 431.203 0 0
1500 119.509 -16.9803 17.9155 0.995699 -0.278963 430.646 0 0
1500 93.4617 69.0927 18.1272 0.65858 1.1687 425.694 0 0
1500 64.2832 -66.4307 17.8918 0.145349 -1.03037 432.008 0 0
1500 108.459 -16.7986 17.9003 0.823252 -0.315931 429.409 0 0
1500 117.996 -26.2548 17.8749 0.935915 -0.433143 432.327 0 0
1500 110.554 37.5322 17.8078 0.775161 0.650003 428.597 0 0
1500 70.9221 -4.81808 17.8804 0.244187 -0.143485 427.9 0 0
1500 67.1505 -24.966 17.8322 0.215755 -0.411111 428.081 0 0
1500 73.7829 -11.002 17.8343 0.320013 -0.193522 427.939 0 0
1500 58.8995 62.4948 17.9378 -0.00256672 1.00288 430.918 0 0
1500 20.2486 34.782 17.9461 -0.591125 0.598958 429.736 0 0
1500 81.0445 11.2817 17.9978 0.383285 0.259017 426.969 0 0
1500 5.2496 -20.6067 17.8466 -0.803612 -0.392123 429.469 0 0
1500 82.1476 60.2212 17.8363 0.354302 0.972927 431.199 0 0
1500 96.4778 -54.1883 17.8235 0.634263 -0.83416 431.923 0 0
1500 111.483 4.59579 17.8752 0.87822 0.0241333 430.175 0 0
1500 44.8775 -54.6628 17.8259 -0.192069 -0.907178 430.043 0 0
1500 121.067 -46.8169 17.9428 1.1002 -0.776089 426.489 0 0
1500 100.961 -4.46725 18.3997 0.761353 -0.135935 430.204 0 0
1500 43.1597 41.0321 17.9362 -0.220805 0.705841 429.622 0 0
1500 58.4335 16.5455 17.9483 0.0136762 0.334868 428.719 0 0
1500 148.257 46.2041 17.8516 1.40864 0.691024 432.219 0 0
1500 175.568 -22.1029 17.8666 1.85034 -0.32915 431.121 0 0
1500 81.3601 -19.0387 18.2523 0.484344 -0.303952 430.668 0 0
1500 75.921 0.0251448 18.4666 0.360431 0.0751022 431.63 0 0
1500 117.724 13.9921 17.8213 0.974802 0.211928 431.633 0 0
1500 73.8958 36.3738 17.921 0.190017 0.601478 430.378 0 0
1500 49.9786 -38.4938 18.0952 -0.0695851 -0.661393 431.37 0 0
1500 92.5952 19.8079 17.8161 0.493866 0.374436 430.263 0 0
1500 78.5541 31.584 17.816 0.275633 0.557398 430.268 0 0
1500 83.1054 61.3315 17.7968 0.333279 0.981153 432.794 0 0
1500 -4.00127 -28.1771 17.7969 -0.970011 -0.357536 432.737 0 0
1500 82.2298 -47.6088 17.8411 0.448151 -0.722139 431.391 0 0
1500 46.8901 -14.8364 17.8922 -0.156486 -0.308711 430.185 0 0
1500 90.329 5.84133 17.9698 0.587466 0.116798 431.136 0 0
1500 116.51 29.5069 18.0449 0.99813 0.550535 428.335 0 0
1500 96.9036 18.8569 17.8976 0.627511 0.364147 431.468 0 0
1500 1.46841 -9.39326 17.9299 -0.915303 -0.124119 432.755 0 0
1500 14.5086 -8.40994 17.9385 -0.728128 -0.110779 431.839 0 0
1500 16.3889 -4.6531 17.9399 -0.700534 -0.0532437 431.723 0 0
1500 47.0541 9.27809 17.9514 -0.232257 0.16293 430.89 0 0
1500 37.4794 37.3148 17.9399 -0.376447 0.591737 431.719 0 0
1500 69.1229 -0.215667 17.9533 0.111488 0.0151706 430.772 0 0
1500 3.95079 0.103376 17.932 -0.881265 0.01962 432.492 0 0
1500 91.118 2.97719 17.9662 0.560779 0.115691 431.474 0 0
1500 28.2759 -46.7624 17.8588 -0.520639 -0.765303 431.48 0 0
1500 106.444 1.41973 18.0421 0.892376 -0.0231495 426.759 0 0
1500 58.5253 -44.4715 17.8306 0.00547113 -0.762489 432.05 0 0
1500 31.0011 -44.1862 17.8262 -0.415944 -0.752993 432.489 0 0
1500 69.5931 -53.7727 17.8236 0.174064 -0.895586 432.794 0 0
1500 29.7375 10.6804 18.3247 -0.487722 0.262235 425.086 0 0
1500 110.171 3.77749 18.1715 0.927895 0.0365307 431.709 0 0
1500 81.5099 -3.60883 18.1276 0.467057 -0.0905139 432.847 0 0
1500 65.3865 -12.0302 18.0209 0.207474 -0.23041 430.546 0 0
1500 49.577 94.6798 17.9335 -0.101453 1.66082 428.008 0 0
1500 120.866 34.6124 18.1367 1.10337 0.68812 426.115 0 0
1500 109.669 56.4702 18.1981 0.929231 0.989241 430.218 0 0
1500 64.7674 25.4803 18.2516 0.0589631 0.483305 425.898 0 0
1500 44.8097 -2.72153 18.1566 -0.302204 -0.0654928 426.534 0 0
1500 -50.8732 -12.3059 18.111 -1.9587 -0.301375 426.302 0 0
1500 87.2505 -3.00309 18.1027 0.592671 -0.0834327 428.258 0 0
1500 101.447 -50.9177 18.1072 0.811148 -0.977993 426.809 0 0
1500 87.7263 82.696 18.2589 0.577973 1.4582 430.072 0 0
1500 21.7732 -21.3628 17.9402 -0.634883 -0.282213 431.91 0 0
1500 77.9732 43.3262 18.1312 0.423376 0.751401 432.532 0 0
1500 47.2126 16.5668 17.985 -0.264875 0.249986 432.061 0 0
1500 61.7006 -17.1116 18.6374 0.108142 -0.410683 430.379 0 0
1500 63.7151 -10.5715 18.0683 0.153534 -0.195761 433.033 0 0
1500 45.5708 -5.05547 17.867 -0.24156 -0.0732062 433.212 0 0
1500 71.1001 -17.1694 17.9899 0.154192 -0.290086 435.665 0 0
1500 73.2163 8.38687 17.8922 0.2434 0.181825 433.702 0 0
1500 47.2215 34.7754 17.8196 -0.116464 0.549243 433.087 0 0
1500 101.722 -8.75145 17.8874 0.679253 -0.167081 433.103 0 0
1500 107.42 -7.37048 17.9298 0.774837 -0.136176 433.257 0 0
1500 70.8873 -6.44813 18.3232 0.301758 -0.0921203 435.972 0 0
1500 53.7272 47.2215 17.9337 -0.0350658 0.73604 433.82 0 0
1500 59.992 -27.5167 17.8873 0.0168396 -0.453558 434.481 0 0
1500 37.8077 -4.81327 17.9473 -0.320482 -0.0198955 435.175 0 0
1500 65.6122 22.1902 18.3665 0.168077 0.370928 437.057 0 0
1500 42.567 11.4702 18.1735 -0.238458 0.177862 436.527 0 0
1500 93.1985 26.375 17.8541 0.491558 0.442903 434.97 0 0
1500 80.0635 53.4072 17.9292 0.321275 0.833395 434.493 0 0
1500 40.7396 49.7233 17.9331 -0.238466 0.775839 434.942 0 0
1500 58.029 20.7975 17.9479 0.00661356 0.359121 436.217 0 0
1500 77.2201 -11.3379 18.2565 0.381041 -0.169099 437.662 0 0
1500 120.586 -2.84764 17.8815 0.980105 -0.0638713 434.225 0 0
1500 -0.453468 -22.1533 17.8666 -0.88084 -0.362926 435.852 0 0
1500 41.3781 18.3531 17.9837 -0.225234 0.324136 437.65 0 0
1500 47.9812 65.3847 17.7961 -0.189783 1.03016 433.547 0 0
1500 70.8634 -65.4505 17.8284 0.22437 -1.03146 433.682 0 0
1500 104.844 -28.4223 17.8414 0.74108 -0.399677 436.087 0 0
1500 71.6685 -10.1571 17.8932 0.205825 -0.2108 437.755 0 0
1500 91.2137 -32.0653 17.8814 0.48499 -0.523449 436.807 0 0
1500 90.5423 -7.34804 18.7525 0.663816 -0.143301 434.241 0 0
1500 119.922 -12.3693 17.9508 1.00651 -0.157949 433.51 0 0
1500 118.154 19.64 17.9517 0.954774 0.309482 435.305 0 0
1500 90.975 27.0853 17.9669 0.545422 0.405404 437.324 0 0
1500 114.915 18.039 17.9528 0.938805 0.296059 433.03 0 0
1500 110.505 39.6382 17.8819 0.807117 0.659651 433.857 0 0
1500 79.4661 17.2731 18.2144 0.38799 0.2882 439.103 0 0
1500 5.34271 25.0354 17.9289 -0.854969 0.395903 432.889 0 0
1500 95.6447 -14.2447 18.2466 0.696405 -0.19935 433.079 0 0
1500 47.6323 1.642 18.1194 -0.178822 0.0183522 439.77 0 0
1500 100.229 49.8479 17.8083 0.666807 0.804305 434.396 0 0
1500 58.9859 -32.336 18.1872 0.0478181 -0.567691 433.143 0 0
1500 145.092 -117.558 17.8187 1.32692 -1.87397 432.954 0 0
1500 89.5915 -9.68829 18.1111 0.536683 -0.15821 439.815 0 0
1500 107.087 1.83846 18.1 0.847127 0.00196811 434.07 0 0
1500 122.958 -10.4215 17.9482 1.03925 -0.132455 436.196 0 0
1500 94.749 0.279573 17.9668 0.656028 0.0256633 433.03 0 0
1500 82.259 -3.10568 17.8965 0.385655 -0.108645 438.334 0 0
1500 64.3342 -7.42275 18.514 0.177257 -0.186806 434.867 0 0
1500 80.867 -11.3783 18.1153 0.407021 -0.195572 440.878 0 0
1500 -15.0892 -74.5759 17.8164 -1.13776 -1.09919 437.374 0 0
1500 103.916 -28.2014 17.8472 0.729081 -0.501832 434.289 0 0
1500 85.2528 -59.865 17.8384 0.430994 -0.955407 436.315 0 0
1500 95.5057 -4.24985 18.165 0.633631 -0.0761067 440.26 0 0
1500 123.097 -8.94356 17.8206 1.03227 -0.168162 436.162 0 0
1500 75.6379 36.7397 17.8982 0.311194 0.560232 439.88 0 0
1500 123.706 -11.5046 17.7918 1.02197 -0.216716 436.677 0 0
1500 118.447 -22.5723 17.7941 0.93344 -0.375578 437.472 0 0
1500 111.389 2.18297 17.8039 0.813601 -0.014334 438.899 0 0
1500 57.9093 29.2558 18.1309 0.0609941 0.52082 434.446 0 0
1500 122.274 16.1518 17.8096 1.00742 0.278398 437.003 0 0
1500 117.607 19.9223 17.8155 0.952826 0.346738 435.819 0 0
1500 40.0865 43.2795 17.9009 -0.246751 0.682456 440.054 0 0
1500 60.546 46.5128 17.8982 0.0460291 0.789402 434.566 0 0
1500 68.4299 24.3198 17.9103 0.152225 0.409929 440.834 0 0
1500 84.4804 20.1326 17.9082 0.377489 0.352178 440.673 0 0
1500 113.912 -9.60255 17.9456 0.936096 -0.0949274 433.848 0 0
1500 30.5768 -36.4546 17.8282 -0.371711 -0.618955 434.13 0 0
1500 91.0052 -56.7035 17.813 0.533027 -0.883765 437.65 0 0
1500 121.132 -3.33388 17.8145 1.00097 -0.104407 435.847 0 0
1500 123.133 -5.03758 17.8145 0.997491 -0.125814 438.085 0 0
1500 60.2402 -66.0506 17.8124 0.0835807 -1.03821 436.502 0 0
1500 81.3906 -54.5963 17.8165 0.40514 -0.881187 435.458 0 0
1500 116.958 -10.5296 17.8191 0.897148 -0.203425 438.883 0 0
1500 114.942 -10.794 17.818 0.916328 -0.218735 435.229 0 0
1500 116.325 -30.8971 17.8121 0.914698 -0.511514 436.859 0 0
1500 52.7532 -66.7149 17.8122 -0.0279443 -1.0454 436.676 0 0
1500 92.3172 35.8393 18.0064 0.556213 0.554114 440.637 0 0
1500 95.5449 11.9185 17.8944 0.584109 0.218013 440.899 0 0
1500 124.683 5.99334 17.7929 1.02977 0.0405434 438.111 0 0
1500 24.3029 -60.2466 17.7929 -0.442228 -0.930808 438.112 0 0
1500 80.0797 -62.6518 17.7919 0.379931 -0.976983 437.351 0 0
1500 124.054 8.12803 17.7923 1.03867 0.0731232 436.921 0 0
1500 52.7499 -64.9877 17.7951 -0.0248739 -0.992204 438.671 0 0
1500 107.711 33.4286 17.7984 0.810913 0.459892 435.587 0 0
1500 116.89 33.8641 17.7938 0.912084 0.447579 438.366 0 0
1500 56.178 -43.7892 17.8103 0.0243339 -0.665984 440.518 0 0
1500 20.5797 -58.9804 17.7921 -0.500161 -0.918365 437.658 0 0
1500 116.784 12.1303 17.7997 0.896874 0.128101 439.409 0 0
1500 123.87 -10.8599 17.792 1.0266 -0.208374 437.53 0 0
1500 81.6979 -11.7597 17.8174 0.382711 -0.210595 441.09 0 0
1500 102.081 42.5753 17.8654 0.667843 0.679932 439.442 0 0
1500 120.361 -17.2538 18.0805 1.01737 -0.280955 438.16 0 0
1500 83.236 20.7579 18.0012 0.438748 0.272828 441.826 0 0
1500 10.4386 7.6151 17.8316 -0.802514 0.144838 435.39 0 0
1500 7.12331 -16.2663 17.8287 -0.849353 -0.220866 435.703 0 0
1500 67.9525 7.92641 17.9239 0.220782 0.178179 434.502 0 0
1500 104.637 45.6409 17.8955 0.752171 0.726993 437.963 0 0
1500 81.0309 47.7401 17.9071 0.387178 0.728369 440.718 0 0
1500 96.4353 -9.50908 18.1406 0.620871 -0.220718 436.105 0 0
1500 64.3704 4.25135 18.0774 0.125404 0.126954 442.879 0 0
1500 39.0681 -38.6895 17.8061 -0.317846 -0.606467 440.672 0 0
1500 12.3351 14.9729 17.8048 -0.699685 0.157746 440.544 0 0
1500 3.45729 34.6562 17.8185 -0.85899 0.474656 439.424 0 0
1500 104.033 -6.15275 18.1576 0.762285 -0.164697 436.672 0 0
1500 76.9668 39.5795 17.9306 0.360234 0.658384 435.92 0 0
1500 106.516 -9.26617 17.9278 0.810075 -0.0902797 436.185 0 0
1500 77.5687 50.4092 17.924 0.365674 0.816 436.595 0 0
1500 65.2683 52.7551 17.8946 0.135677 0.818472 440.913 0 0
1500 27.5363 48.7884 17.8922 -0.535477 0.745545 436.07 0 0
1500 117.895 27.8456 17.8577 0.957473 0.416319 438.95 0 0
1500 123.119 9.44882 17.8576 1.03531 0.146196 438.879 0 0
1500 89.7278 3.9904 17.944 0.564305 0.110291 435.599 0 0
1500 69.2063 16.2826 17.9563 0.142794 0.315555 435.333 0 0
1500 93.7135 -12.5251 17.9676 0.636973 -0.231654 435.579 0 0
1500 54.5285 -32.339 17.953 -0.016089 -0.501063 445.001 0 0
1500 82.4766 13.272 17.923 0.378411 0.249962 442.873 0 0
1500 33.977 6.57994 18.1035 -0.365311 0.0661351 443.784 0 0
1500 97.2311 40.8641 17.9375 0.579005 0.689038 437.434 0 0
1500 95.7771 -39.996 18.0734 0.578484 -0.686741 436.145 0 0
1500 83.5068 -29.0748 17.9324 0.407174 -0.467519 442.694 0 0
1500 91.7829 -20.8213 17.8722 0.594352 -0.368499 435.781 0 0
1500 44.0255 38.6874 18.1225 -0.236176 0.653937 436.276 0 0
1500 26.9382 -5.06176 17.9019 -0.532932 -0.0278075 436.501 0 0
1500 64.5946 26.963 17.9048 0.0462116 0.422699 443.566 0 0
1500 64.8211 67.4961 17.8792 0.0522135 1.04621 439.683 0 0
1500 48.682 40.8766 17.8959 -0.194196 0.679992 436.965 0 0
1500 47.159 61.9751 17.8776 -0.11559 0.993862 438.734 0 0
1500 122.608 -6.7066 17.8074 1.03214 -0.0698623 439.318 0 0
1500 -81.0165 -84.8489 17.8172 -2.19577 -1.31395 438.098 0 0
1500 43.5656 -9.55751 17.8226 -0.271632 -0.157933 444.011 0 0
1500 80.1657 -28.8233 18.6515 0.467213 -0.492612 440.51 0 0
1500 110.085 -9.33007 17.8267 0.839442 -0.152383 440.871 0 0
1500 64.0688 -46.9425 17.8315 0.16652 -0.726615 438.966 0 0
1500 93.5656 21.1964 17.8353 0.580464 0.289285 442.711 0 0
1500 66.1906 34.0471 17.9809 0.176118 0.529528 444.655 0 0
1500 86.0099 45.5276 17.9674 0.490817 0.74736 439.164 0 0
1500 84.4649 -7.87904 18.0143 0.436752 -0.160053 445.167 0 0
1500 -8.42468 -0.308171 17.8037 -1.03707 -0.049131 441.466 0 0
1500 38.9604 6.81774 17.8301 -0.36304 0.0592062 437.295 0 0
1500 74.9672 7.04667 17.8279 0.24202 0.186061 437.508 0 0
1500 44.4718 3.42954 17.8289 -0.210657 0.11547 445.184 0 0
1500 12.6605 47.3913 17.8009 -0.686377 0.764692 441.995 0 0
1500 8.89729 41.8573 17.8023 -0.737455 0.679925 442.369 0 0
1500 6.07747 15.6988 17.809 -0.817981 0.31406 439.057 0 0
1500 91.2324 27.3268 17.8688 0.504541 0.501474 438.197 0 0
1500 -2.00801 -30.8171 17.9625 -1.05404 -0.536743 435.012 0 0
1500 117.537 -39.1658 18.0527 0.973132 -0.641224 440.826 0 0
1500 106.673 -21.7993 18.031 0.818122 -0.377192 440.437 0 0
1500 127.446 34.0842 17.8306 1.04131 0.591071 440.395 0 0
1500 97.7902 -1.93006 17.8616 0.678957 0.0174157 439.091 0 0
1500 94.7981 53.2288 17.8458 0.595991 0.819492 443.077 0 0
1500 102.824 40.7953 17.8471 0.737717 0.66075 440.76 0 0
1500 123.551 -7.73417 17.8442 1.03764 -0.0696452 441.553 0 0
1500 84.6493 59.1563 17.8445 0.45922 0.928008 441.433 0 0
1500 80.5877 -10.3713 17.8693 0.416702 -0.114052 438.526 0 0
1500 52.419 61.8189 17.8477 -0.0218002 0.979175 440.649 0 0
1500 88.2627 53.1461 17.8469 0.518135 0.846549 440.784 0 0
1500 86.1064 48.2737 17.8535 0.461078 0.734031 444.323 0 0
1500 78.2991 46.2951 17.8546 0.374004 0.75536 439.729 0 0
1500 88.05 45.2755 18.05 0.55672 0.7605 438.63 0 0
1500 108.416 23.6611 17.8885 0.791906 0.36763 445.032 0 0
1500 62.932 -17.6429 17.9085 0.154006 -0.310953 439.318 0 0
1500 74.8665 -6.97784 17.908 0.339885 -0.144642 439.347 0 0
1500 121.56 21.6564 17.8812 1.00778 0.284659 443.145 0 0
1500 116.339 -21.7196 18.0841 0.960604 -0.355553 442.982 0 0
1500 87.4315 33.8298 18.0644 0.485105 0.590049 441.319 0 0
1500 112.114 -34.358 17.8239 0.84453 -0.544983 444.378 0 0
1500 78.8676 -42.771 18.1834 0.348192 -0.796786 435.246 0 0
1500 26.6606 -21.7602 17.9184 -0.452003 -0.358497 449.119 0 0
1500 31.754 48.8347 17.811 -0.346209 0.796962 441.184 0 0
1500 98.0976 -14.1639 17.8208 0.618338 -0.154808 446.6 0 0
1500 118.099 27.7538 17.8014 0.942267 0.457853 443.513 0 0
1500 99.2456 20.8708 17.8176 0.637185 0.341953 446.31 0 0
1500 112.51 -35.5531 17.804 0.876355 -0.487399 442.223 0 0
1500 85.1483 -25.2393 17.8663 0.382129 -0.456681 440.431 0 0
1500 -5.95144 -15.5275 17.8463 -0.991646 -0.294397 442.982 0 0
1500 133.746 0.779879 18.2028 1.32799 -0.0138235 438.601 0 0
1500 62.5565 37.1304 17.9753 0.124111 0.574027 447.54 0 0
1500 47.6039 35.1792 17.94 -0.160575 0.557996 447.439 0 0
1500 35.7852 62.2901 17.9197 -0.339052 0.974837 444.748 0 0
1500 44.8173 60.5626 17.9216 -0.213328 0.976507 442.861 0 0
1500 24.4807 37.2848 17.9303 -0.527479 0.639317 441.659 0 0
1500 32.6219 39.1897 17.9323 -0.404527 0.670436 441.457 0 0
1500 40.4839 49.8193 17.9281 -0.282344 0.827588 441.892 0 0
1500 56.2989 61.5169 17.9242 -0.0396213 0.949777 445.745 0 0
1500 57.2603 -0.750025 17.96 0.0118377 0.0598805 446.734 0 0
1500 107.982 35.0417 17.9415 0.839125 0.667981 436.099 0 0
1500 132.082 -38.3795 17.8664 1.13744 -0.585324 445.638 0 0
1500 74.7056 -0.70988 18.15 0.369337 0.02995 439.596 0 0
1500 80.713 0.515814 18.2067 0.418802 -0.0220289 449.149 0 0
1500 19.8889 56.3524 17.9146 -0.583163 0.894453 444.589 0 0
1500 87.0225 89.2565 17.8932 0.462023 1.39816 444.049 0 0
1500 51.0261 52.256 17.8149 -0.0645509 0.806334 447.047 0 0
1500 59.0233 47.6166 17.8153 0.0534564 0.798165 441.952 0 0
1500 84.7405 20.4054 17.8251 0.411152 0.347254 447.969 0 0
1500 117.846 -10.854 17.8078 0.946012 -0.100304 442.823 0 0
1500 98.5125 -18.3846 18.2296 0.719239 -0.325157 443.657 0 0
1500 82.9879 53.3277 17.9394 0.4053 0.825417 447.135 0 0
1500 72.1948 53.627 17.9423 0.249661 0.82542 447.498 0 0
1500 77.0466 40.7041 17.9464 0.342771 0.69006 442.558 0 0
1500 100.25 -18.1318 17.8252 0.694016 -0.217688 442.474 0 0
1500 55.2923 56.4206 17.8223 -0.0211254 0.935486 443.052 0 0
1500 41.4257 18.4774 17.9265 -0.249932 0.364678 442.175 0 0
1500 91.0622 -8.67619 17.8789 0.570726 -0.0784523 442.341 0 0
1500 159.372 0.389647 17.85 1.66137 0.067638 440.716 0 0
1500 58.695 -61.9615 17.832 0.0235052 -0.967291 447.212 0 0
1500 67.8058 -7.59331 17.8564 0.168136 -0.19596 441.923 0 0
1500 129.827 -18.3581 17.8728 1.15871 -0.281245 444.733 0 0
1500 89.7316 13.3356 17.8827 0.498446 0.238565 449.441 0 0
1500 33.5792 28.0758 17.8822 -0.437655 0.391901 442.775 0 0
1500 52.8667 -40.9085 17.8808 -0.12604 -0.615703 449.243 0 0
1500 45.0068 -62.366 17.8654 -0.242765 -0.941234 447.491 0 0
1500 -1.98208 17.5475 17.8647 -0.960913 0.222229 444.653 0 0
1500 23.9101 -55.8413 17.863 -0.551664 -0.853414 446.97 0 0
1500 80.4156 -34.5474 17.9286 0.348602 -0.625811 441.34 0 0
1500 25.1659 -10.8827 18.03 -0.504175 -0.150266 450.217 0 0
1500 79.4648 -49.5975 17.9498 0.401103 -0.803871 444.17 0 0
1500 82.387 -27.9818 17.9849 0.461172 -0.46733 443.726 0 0
1500 125.439 -85.7385 17.9332 1.12933 -1.3606 443.133 0 0
1500 114.806 -23.0148 18.1008 0.93826 -0.381158 446.303 0 0
1500 102.911 77.999 17.9113 0.787126 1.24172 442.594 0 0
1500 134.815 -33.2566 17.8295 1.19047 -0.595048 443.08 0 0
1500 76.7572 62.9508 17.8217 0.268294 0.99446 447.125 0 0
1500 41.6994 55.7296 17.7998 -0.240351 0.873939 448.617 0 0
1500 43.6195 -14.6447 18.1159 -0.230567 -0.226086 451.795 0 0
1500 101.035 40.2363 17.8952 0.687794 0.611699 449.146 0 0
1500 102.096 4.21946 17.8123 0.688185 0.035495 449.976 0 0
1500 76.9617 -8.5935 18.0754 0.278116 -0.16902 457.563 0 0
1500 13.1747 -40.8396 17.9427 -0.732612 -0.629241 446.125 0 0
1500 58.5015 -11.5005 18.137 0.0771819 -0.247947 444.626 0 0
1500 52.9306 -36.5677 18.2375 -0.0572277 -0.706092 438.642 0 0
1500 93.571 -40.5032 18.0767 0.633962 -0.643957 446.487 0 0
1500 22.9722 20.786 18.2079 -0.594394 0.349461 442.826 0 0
1500 71.2296 -71.3012 17.9718 0.295639 -1.23889 440.078 0 0
1500 35.5402 45.4792 17.9479 -0.355378 0.762885 446.298 0 0
1500 48.2822 45.4474 17.9506 -0.16204 0.765492 446.033 0 0
1500 90.8174 -8.0967 18.3252 0.535819 -0.190063 449.465 0 0
1500 65.588 -0.52957 17.9168 0.110002 -0.084463 444.658 0 0
1500 37.6171 -62.7323 17.8867 -0.309593 -0.999977 448.272 0 0
1500 48.546 19.8116 17.9624 -0.150006 0.336149 453.324 0 0
1500 -16.9547 -1.93649 17.8715 -1.24825 -0.0168631 445.225 0 0
1500 85.4869 -45.4059 18.0553 0.477715 -0.883258 438.458 0 0
1500 41.4937 -43.7451 17.8994 -0.271168 -0.74216 446.769 0 0
1500 61.5425 -65.6986 17.8864 0.0348852 -1.04337 448.971 0 0
1500 23.62 -39.3602 17.8988 -0.505122 -0.625502 451.929 0 0
1500 121.789 4.79894 18.0443 1.0395 0.05478 449.608 0 0
1500 111.579 40.4694 18.1693 1.00451 0.793364 438.219 0 0
1500 29.4348 -46.5197 17.9316 -0.493991 -0.726511 447.98 0 0
1500 81.7064 1.26524 18.0742 0.451725 -0.0178207 449.189 0 0
1500 85.1205 -0.00393765 18.0729 0.500966 -0.0366461 449.422 0 0
1500 58.2253 -42.7911 17.8379 0.076131 -0.700955 445.391 0 0
1500 136.848 -120.672 17.8629 1.35565 -1.95607 444.25 0 0
1500 107.793 -32.0989 17.8169 0.71702 -0.53265 452.315 0 0
1500 79.1244 -29.9906 17.8787 0.395953 -0.485589 448.653 0 0
1500 84.9386 -6.46226 18.1574 0.419067 -0.15762 455.231 0 0
1500 90.6849 -7.00178 18.1 0.608066 -0.0858381 448.317 0 0
1500 73.4373 -45.3908 18.0905 0.303451 -0.753706 449.441 0 0
1500 111.763 -15.0377 18.0852 0.875413 -0.291707 450.047 0 0
1500 102.572 25.208 17.8463 0.684686 0.410602 453.756 0 0
1500 41.7107 38.9571 17.851 -0.197369 0.658448 448.196 0 0
1500 -49.3468 -78.5884 17.8848 -1.75141 -1.22685 447.942 0 0
1500 110.091 -26.1852 17.9063 0.863659 -0.357961 450.083 0 0
1500 85.21 -70.8401 18.0115 0.49159 -1.15672 448.677 0 0
1500 66.1336 -28.24 17.914 0.150847 -0.522257 447.601 0 0
1500 91.0261 -4.05102 17.8566 0.52293 0.0143944 448.443 0 0
1500 75.2085 5.16999 18.1577 0.330641 0.00651144 449.346 0 0
1500 28.391 -24.1738 18.1799 -0.49771 -0.475284 445.354 0 0
1500 49.2088 -33.7075 17.8507 -0.0796258 -0.57728 449.507 0 0
1500 125.397 22.8506 17.9589 1.15483 0.433027 447.01 0 0
1500 45.2328 53.4228 17.8702 -0.176545 0.833743 455.822 0 0
1500 33.6078 14.1601 17.8853 -0.335888 0.26819 457.19 0 0
1500 111.535 40.0584 17.8611 0.786696 0.657258 454.304 0 0
1500 107.098 -29.5042 18.074 0.789798 -0.537653 450.008 0 0
1500 111.749 36.0422 17.9535 0.839002 0.580531 454.982 0 0
1500 115.658 31.8329 17.9522 0.902804 0.523659 454.437 0 0
1500 51.8613 -24.4564 18.3063 -0.102862 -0.397104 451.859 0 0
1500 33.7978 45.6584 17.8739 -0.342454 0.771151 451.603 0 0
1500 70.7174 5.39566 17.8376 0.230503 0.0316883 457.855 0 0
1500 105.72 37.6268 17.9259 0.799493 0.588848 453.091 0 0
1500 24.7465 -83.8421 18.0301 -0.537268 -1.41365 449.138 0 0
1500 90.4255 54.59 17.8436 0.547884 0.862647 453.275 0 0
1500 89.1348 22.2302 17.9809 0.446923 0.380771 457.995 0 0
1500 85.551 48.5448 17.9672 0.42845 0.808739 452.712 0 0
1500 42.9835 -63.7658 17.792 -0.232397 -1.01 454.674 0 0
1500 91.8767 -12.7821 17.8126 0.514896 -0.276392 450.855 0 0
1500 100.424 -21.8085 18.0814 0.688444 -0.416205 451.051 0 0
1500 84.0863 28.8179 18.1326 0.504584 0.471514 452.415 0 0
1500 96.1702 -109.489 17.8814 0.658933 -1.76992 450.623 0 0
1500 113.092 -23.3393 17.8473 0.841816 -0.429593 452.832 0 0
1500 97.5045 -22.8793 17.9159 0.700771 -0.373039 451.556 0 0
1500 70.0602 -71.1735 17.817 0.218208 -1.091 456.324 0 0
1500 144.631 -25.0433 18.0488 1.53328 -0.424297 447.856 0 0
1500 81.4742 29.8768 18.0801 0.357694 0.485704 459.478 0 0
1500 65.154 72.2054 17.9578 0.135595 1.15327 455.151 0 0
1500 23.3416 24.5268 17.9012 -0.560122 0.484125 449.152 0 0
1500 100.192 -38.6914 17.9829 0.70812 -0.634808 454.848 0 0
1500 67.7718 14.424 18.0471 0.105858 0.256167 452.26 0 0
1500 84.1134 -12.6846 18.0289 0.496685 -0.158084 453.303 0 0
1500 123.45 7.88131 18.2189 1.2885 0.1413 443.527 0 0
1500 41.9937 64.1804 17.8553 -0.231764 1.02231 456.71 0 0
1500 37.0475 55.532 17.9464 -0.306853 0.932038 454.16 0 0
1500 -48.4803 -2.5677 17.8479 -1.74114 -0.0936548 452.907 0 0
1500 121.578 -23.228 18.232 1.18753 -0.418426 448.787 0 0
1500 41.1457 35.8783 17.9644 -0.230814 0.627507 454.907 0 0
1500 1.78486 36.2546 17.8252 -0.906813 0.515214 457.184 0 0
1500 47.9464 -93.4101 17.8108 -0.224291 -1.46215 455.495 0 0
1500 21.5191 80.1689 17.8247 -0.600582 1.24446 457.11 0 0
1500 109.326 39.8524 17.8281 0.795312 0.638427 458.679 0 0
1500 92.3794 37.1316 17.8369 0.574868 0.628093 455.475 0 0
1500 12.0797 20.6426 17.978 -0.726636 0.374403 455.863 0 0
1500 43.2372 -53.7572 17.8452 -0.231736 -0.892752 456.059 0 0
1500 49.7675 0.916864 17.8684 -0.136513 -0.0633956 454.102 0 0
1500 52.9437 -44.2378 17.8527 -0.0852136 -0.757365 455.248 0 0
1500 100.835 -29.1361 17.9891 0.656197 -0.485251 460.145 0 0
1500 61.0996 45.6184 17.8973 0.118141 0.745362 455.434 0 0
1500 76.3106 42.7524 17.8986 0.323718 0.645373 461.08 0 0
1500 93.9189 27.5942 17.8963 0.621403 0.467852 455.524 0 0
1500 41.6633 58.5822 17.9215 -0.24741 1.03442 451.718 0 0
1500 54.0553 -29.3865 17.825 -0.0435874 -0.533054 454.712 0 0
1500 67.471 -41.7183 17.9463 0.151376 -0.716063 455.96 0 0
1500 56.0089 -52.1041 17.943 -0.0225647 -0.808859 461.32 0 0
1500 112.3 21.6726 18.6311 1.06098 0.411061 450.767 0 0
1500 107.962 18.3869 17.9129 0.78964 0.353895 456.605 0 0
1500 -46.3828 26.7213 17.8089 -1.61914 0.460381 457.641 0 0
1500 23.325 34.2371 17.8115 -0.566737 0.596593 456.268 0 0
1500 66.0702 -14.1568 17.9505 0.0767843 -0.247581 463.474 0 0
1500 11.4984 -45.3754 17.9227 -0.72943 -0.729031 458.805 0 0
1500 89.0679 59.3973 17.7949 0.427339 0.95244 458.709 0 0
1500 93.7497 39.9467 17.8079 0.475748 0.634145 461.722 0 0
1500 88.1912 -34.7605 18.1407 0.621138 -0.650584 448.235 0 0
1500 84.6095 45.54 17.9359 0.391169 0.716879 463.459 0 0
1500 61.8111 32.6319 17.9467 0.0668576 0.526492 464.435 0 0
1500 106.04 42.6599 18.0697 0.860565 0.818925 450.907 0 0
1500 33.956 -26.4734 17.8601 -0.448047 -0.414311 457.712 0 0
1500 50.5509 -16.6647 17.8675 -0.192253 -0.264327 457.195 0 0
1500 -1.00661 -6.3812 17.8467 -0.918097 -0.0952622 462.777 0 0
1500 68.2753 44.3814 17.9599 0.156324 0.838179 452.305 0 0
1500 47.9037 -34.0526 17.8284 -0.140377 -0.546704 465.059 0 0
1500 88.613 9.84394 18.1285 0.499624 0.226785 459.263 0 0
1500 30.5722 -62.2141 17.8362 -0.372298 -1.01649 459.03 0 0
1500 83.4241 28.9237 18.0707 0.4417 0.440577 465.835 0 0
1500 57.1799 -65.4607 17.8212 -0.0370749 -1.04382 461.822 0 0
1500 37.0967 -50.762 17.8284 -0.343918 -0.845202 460.231 0 0
1500 69.0742 -42.6428 17.8362 0.145016 -0.730541 459.42 0 0
1500 37.4609 -61.3201 17.8215 -0.331271 -0.984936 461.638 0 0
1500 76.5512 -6.23724 17.849 0.264198 -0.171505 458.474 0 0
1500 44.9977 -29.3499 17.8424 -0.228107 -0.529578 458.921 0 0
1500 8.51677 -39.9798 17.8245 -0.742024 -0.648373 463.529 0 0
1500 74.1678 -8.32431 17.8772 0.186804 -0.16601 458.581 0 0
1500 113.284 -0.413256 17.8587 0.850529 0.0357133 465.275 0 0
1500 103.011 14.3943 17.8609 0.756466 0.265625 460.403 0 0
1500 115.762 26.824 17.851 0.900581 0.431658 464.135 0 0
1500 38.7724 6.08382 18.0579 -0.345747 0.0948918 460.879 0 0
1500 29.8749 31.4162 18.0134 -0.511617 0.614325 454.828 0 0
1500 79.1178 2.63044 17.9222 0.402074 -0.00986656 459.49 0 0
1500 89.7627 8.04351 17.9136 0.478383 0.198676 461.281 0 0
1500 74.4667 -4.35543 18.0749 0.237868 -0.128423 461.603 0 0
1500 122.392 -23.3181 17.8286 0.961033 -0.417578 465.389 0 0
1500 58.5477 -63.0686 17.8302 0.0184955 -1.02002 464.364 0 0
1500 96.9403 -44.5552 18.0443 0.591264 -0.776976 459.699 0 0
1500 108.421 -22.3775 18.0732 0.953359 -0.356232 456.226 0 0
1500 4.91791 -32.1448 17.8361 -0.792618 -0.556091 465.162 0 0
1500 127.353 -7.04582 17.8341 1.08947 -0.0347931 463.494 0 0
1500 26.7201 -17.927 17.9471 -0.492676 -0.270557 470.528 0 0
1500 45.6493 9.18441 17.9537 -0.252941 0.121292 463.369 0 0
1500 78.002 -47.7858 17.8359 0.300876 -0.807372 464.55 0 0
1500 76.7627 -21.8099 17.8495 0.287029 -0.417402 463.386 0 0
1500 33.8758 28.2169 18.2266 -0.425142 0.563683 457.595 0 0
1500 116.262 25.6768 17.8008 0.91533 0.366963 468.559 0 0
1500 85.2715 -35.5242 17.8322 0.48443 -0.589006 465.323 0 0
1500 159.78 -23.4142 17.835 1.64814 -0.310297 464.811 0 0
1500 137.854 1.15931 18.194 1.39296 -0.00470151 463.889 0 0
1500 92.1079 87.0179 17.8111 0.539217 1.348 469.371 0 0
1500 109.739 2.15837 17.8123 0.860227 0.0626012 467.536 0 0
1500 143.972 2.36737 18.2385 1.62574 -0.00607086 458.367 0 0
1500 86.5531 41.6579 17.8477 0.509968 0.667048 469.204 0 0
1500 86.6891 -28.7927 17.9244 0.524999 -0.469074 469.585 0 0
1500 105.798 38.5299 17.828 0.75087 0.68408 468.624 0 0
1500 176.869 -43.549 17.8333 1.85431 -0.638066 473.064 0 0
1500 -53.7697 80.7571 17.8768 -1.83367 1.27043 470.695 0 0
1500 99.3375 52.1511 17.8255 0.676502 0.764052 475.807 0 0
1500 108.349 39.5495 17.8255 0.829881 0.595742 474.006 0 0
1500 -52.1718 63.6162 17.9226 -1.82137 1.01089 470.401 0 0
1500 9.33411 19.9846 17.927 -0.782079 0.357825 473.397 0 0
1500 105.402 45.2349 17.8232 0.7961 0.697033 473.594 0 0
1500 82.8069 -0.665596 17.8445 0.423129 -0.0264113 479.187 0 0
1500 106.43 -2.50614 17.8324 0.780247 -0.0540541 477.303 0 0
1500 67.523 -7.41838 17.8477 0.223075 -0.132909 473.69 0 0
1500 111.949 7.47002 18.0808 0.98428 0.174868 473.027 0 0
1500 78.8064 10.0909 17.8385 0.295913 0.211214 485.235 0 0
1500 71.7534 47.1796 17.8244 0.227661 0.798666 480.948 0 0
1500 95.3835 11.7654 17.8339 0.54249 0.234485 486.693 0 0
1500 28.9818 60.0497 17.875 -0.424589 0.955827 485.525 0 0
1500 25.1634 10.8312 17.9465 -0.514661 0.143037 495.937 0 0
