Total number of secondary electrons: 1521
1500 79.5003 3.05357 17.3729 0.580464 0.104441 280.768 0 0
1500 82.8211 7.60099 17.365 0.622288 0.163262 280.941 0 0
1500 90.2249 -1.47368 17.0264 0.739353 -0.0685659 298.371 0 0
1500 100.615 -15.9118 16.6906 0.82019 -0.240642 300.716 0 0
1500 85.6683 7.03622 16.5024 0.6262 0.108033 306.747 0 0
1500 95.1455 -9.92338 16.8805 0.805229 -0.198905 306.918 0 0
1500 87.3385 0.794099 16.5253 0.611569 0.0678859 307.987 0 0
1500 93.4626 9.76676 17.0193 0.77356 0.113419 310.012 0 0
1500 99.5732 16.1183 16.6396 0.765618 0.234322 315.399 0 0
1500 65.6169 -47.0119 15.0941 0.147542 -0.653496 317.929 0 0
1500 59.7268 -3.18075 15.6865 0.0377284 -0.0701849 318.922 0 0
1500 87.3735 -2.99233 15.6674 0.53841 -0.0172781 318.957 0 0
1500 80.3821 13.7039 16.8052 0.505582 0.197546 320.081 0 0
1500 102.867 14.7035 16.4842 0.865893 0.272854 321.015 0 0
1500 91.1756 -1.86641 16.396 0.653392 -0.0400834 321.559 0 0
1500 91.7062 44.3616 15.0788 0.499663 0.588921 321.916 0 0
1500 79.9814 20.7459 16.4662 0.472532 0.439353 323.146 0 0
1500 87.8953 -4.47018 16.2313 0.523763 -0.110992 324.138 0 0
1500 82.9955 -18.7093 16.2324 0.466031 -0.278315 324.162 0 0
1500 56.5864 9.45347 15.6823 0.0502954 0.161362 324.401 0 0
1500 98.62 -4.19589 16.8115 0.763646 -0.0308036 324.771 0 0
1500 91.0795 -15.4753 15.288 0.513137 -0.164566 324.86 0 0
1500 106.133 23.5971 15.3471 0.689685 0.310536 325.789 0 0
1500 99.6559 -7.77476 16.719 0.757654 -0.0884388 326.131 0 0
1500 92.4058 -15.0682 15.6462 0.554131 -0.179232 326.732 0 0
1500 76.1798 2.67923 15.2342 0.266529 0.0910125 327.329 0 0
1500 31.3859 -27.4583 15.585 -0.381795 -0.405022 328.495 0 0
1500 66.9776 18.3941 15.3652 0.154544 0.282985 329.155 0 0
1500 84.9215 -3.36117 17.0314 0.581019 -0.0682515 329.49 0 0
1500 88.9218 0.317429 15.8006 0.441919 -0.0331988 329.918 0 0
1500 47.1899 25.3339 15.4237 -0.141687 0.374352 330.206 0 0
1500 66.8644 -1.37573 15.8408 0.197576 -0.0516239 330.368 0 0
1500 86.0806 5.84011 16.5812 0.538736 0.0469105 330.567 0 0
1500 92.7 -3.80872 16.3919 0.55213 -0.0656542 330.859 0 0
1500 55.9913 2.50234 15.7702 -0.0296671 0.0750344 331.861 0 0
1500 39.0329 1.05766 15.7795 -0.238177 0.0571441 331.994 0 0
1500 104.561 11.0238 17.2669 0.867615 0.199882 332.914 0 0
1500 85.245 12.195 15.8942 0.398285 0.195892 333.148 0 0
1500 -160.062 54.5903 15.9049 -3.25484 0.788702 333.379 0 0
1500 71.2143 -2.79969 16.3956 0.266352 0.0150188 333.5 0 0
1500 67.3952 -17.1295 15.7829 0.0925087 -0.257623 333.709 0 0
1500 38.9292 34.1918 15.8336 -0.221514 0.483968 334.431 0 0
1500 87.0139 -13.1586 16.072 0.391819 -0.220523 334.652 0 0
1500 56.5633 -4.04572 15.8596 -0.0177286 -0.111771 334.938 0 0
1500 52.5446 -13.7036 15.8669 -0.068087 -0.232699 335.05 0 0
1500 96.5274 -3.80812 16.8443 0.646194 -0.0369773 335.133 0 0
1500 78.9085 24.3282 16.0223 0.350069 0.321896 335.166 0 0
1500 73.7682 1.26027 16.6937 0.297086 0.0724306 335.409 0 0
1500 38.3812 -6.43361 15.9226 -0.298466 -0.107712 335.432 0 0
1500 83.2952 7.05278 16.1356 0.364308 0.0932893 336.164 0 0
1500 58.4645 -12.3978 16.1221 0.0262706 -0.214771 336.414 0 0
1500 68.9219 -7.92146 16.1591 0.207238 -0.0695192 336.43 0 0
1500 92.0577 -55.9312 16.1752 0.507671 -0.839362 336.778 0 0
1500 38.5835 17.1966 16.0531 -0.279648 0.248198 337.098 0 0
1500 126.276 6.26725 17.2185 1.18691 0.106463 337.42 0 0
1500 82.4155 13.7516 16.9382 0.424577 0.21881 337.418 0 0
1500 77.1865 31.6922 16.0605 0.211221 0.437449 337.511 0 0
1500 97.3394 17.7767 17.3473 0.712276 0.332222 337.559 0 0
1500 45.5874 0.150946 16.0735 -0.160293 0.0693782 337.651 0 0
1500 97.6288 10.4136 15.9569 0.555958 0.16461 337.762 0 0
1500 57.6918 5.33709 16.211 0.0630185 0.0923176 338.415 0 0
1500 141.793 -19.2246 16.0991 1.20035 -0.258697 338.463 0 0
1500 112.945 -37.6578 16.5954 0.834251 -0.569122 338.707 0 0
1500 93.2918 -30.5018 16.3296 0.497033 -0.435013 339.226 0 0
1500 52.1003 49.05 16.3128 -0.0367459 0.735367 339.552 0 0
1500 72.439 15.0045 16.3326 0.27693 0.198749 339.729 0 0
1500 80.947 -11.4846 16.5604 0.313099 -0.19589 339.807 0 0
1500 63.9625 -24.3572 17.0479 0.136209 -0.449334 339.809 0 0
1500 77.4097 -16.199 17.0088 0.306413 -0.232517 339.996 0 0
1500 99.8077 -35.0645 16.4012 0.582242 -0.485993 340.246 0 0
1500 73.324 9.28451 16.6628 0.301475 0.161094 340.258 0 0
1500 83.2717 10.5979 16.6915 0.386813 0.112892 340.646 0 0
1500 112.133 11.7097 17.8397 1.05623 0.168508 341.223 0 0
1500 62.9152 -4.05368 16.5754 0.128776 -0.0851476 341.298 0 0
1500 50.6973 -30.6679 16.3427 -0.101554 -0.459745 341.298 0 0
1500 92.9705 -20.2757 16.2366 0.439233 -0.329079 341.552 0 0
1500 72.6707 28.7599 16.574 0.19178 0.417899 341.714 0 0
1500 26.9189 29.6969 16.4952 -0.411716 0.423552 341.764 0 0
1500 121.612 -9.70387 16.4533 0.880457 -0.113335 341.832 0 0
1500 89.4972 -15.3339 16.7262 0.519665 -0.197285 342.388 0 0
1500 31.7151 16.5604 16.6427 -0.342754 0.256088 342.719 0 0
1500 130.598 26.4428 16.8444 1.15401 0.398428 342.751 0 0
1500 116.086 13.6827 16.5824 0.848036 0.171836 342.802 0 0
1500 63.2439 33.8146 16.681 0.133969 0.494449 342.969 0 0
1500 77.7614 7.55245 17.3646 0.407477 0.140345 343.051 0 0
1500 66.1172 -63.9319 16.3197 0.0852167 -0.883353 343.138 0 0
1500 82.9785 -64.3596 16.4563 0.309461 -0.87352 343.422 0 0
1500 101.299 -16.249 17.403 0.836797 -0.36068 343.437 0 0
1500 84.866 18.5796 17.4221 0.501637 0.264052 343.451 0 0
1500 61.3913 -4.52195 17.1088 0.0814462 -0.0840297 344.002 0 0
1500 69.64 11.576 17.4069 0.280363 0.20295 344.459 0 0
1500 65.5581 -64.3707 16.3992 0.16043 -0.837486 344.539 0 0
1500 52.0128 155.59 16.3981 -0.0935502 2.02033 344.676 0 0
1500 102.467 -20.4454 16.6318 0.669689 -0.260463 344.677 0 0
1500 73.2957 9.85135 16.9059 0.314032 0.159621 345.087 0 0
1500 106.312 -39.7614 17.1267 0.843997 -0.600559 345.079 0 0
1500 86.5976 -13.7363 16.9474 0.501576 -0.18911 345.247 0 0
1500 63.2623 -19.5051 17.8463 0.136834 -0.310704 345.324 0 0
1500 104.804 1.91095 16.8172 0.758516 0.00482076 345.44 0 0
1500 19.3576 -69.1001 16.4596 -0.499727 -0.920449 345.616 0 0
1500 -10.1168 -42.7186 16.4664 -0.865529 -0.591056 345.733 0 0
1500 86.7987 -29.9852 17.1312 0.457169 -0.44142 345.934 0 0
1500 93.9647 28.7582 16.9492 0.574943 0.399842 346.037 0 0
1500 112.757 -21.1286 17.7368 1.11368 -0.463747 346.137 0 0
1500 -10.9102 -58.3016 16.6904 -0.974538 -0.892509 346.169 0 0
1500 90.7809 -11.8817 16.759 0.499065 -0.210269 346.382 0 0
1500 99.0725 6.4355 16.9059 0.596921 0.157123 346.399 0 0
1500 95.0191 7.31861 16.852 0.586437 0.0798523 346.9 0 0
1500 90.7955 -72.5902 16.5404 0.383477 -0.947998 346.964 0 0
1500 100.906 60.8666 16.6473 0.594832 0.824135 347.092 0 0
1500 66.7651 27.7555 16.9068 0.182451 0.426004 347.65 0 0
1500 75.311 3.94145 17.5442 0.317079 0.0839766 347.9 0 0
1500 126.947 41.2376 16.7039 0.996798 0.618347 348.157 0 0
1500 78.0238 42.3352 17.0556 0.301434 0.613306 348.256 0 0
1500 58.7311 -25.3633 17.7374 0.0880418 -0.429471 348.275 0 0
1500 93.8767 -0.516108 16.8624 0.498788 0.0200892 348.416 0 0
1500 69.963 21.8644 17.3065 0.179562 0.298219 348.448 0 0
1500 113.543 36.7535 16.802 0.823704 0.560307 348.409 0 0
1500 -44.0943 105.619 16.7579 -1.4764 1.51847 348.748 0 0
1500 37.2393 -62.07 16.6631 -0.266101 -0.800013 348.917 0 0
1500 85.6365 -41.2351 16.8667 0.441018 -0.583359 348.886 0 0
1500 55.5116 19.7927 16.9131 -0.0379164 0.381394 348.883 0 0
1500 87.7298 11.6778 17.32 0.529626 0.213473 349.103 0 0
1500 57.6957 -4.0741 17.3272 0.0663592 -0.0985278 349.553 0 0
1500 100.42 -1.61657 18.9232 1.00477 -0.0278335 349.628 0 0
1500 132.492 3.90631 17.3978 1.25493 0.0406395 350.301 0 0
1500 127.934 -31.7528 16.7771 0.961574 -0.393894 350.551 0 0
1500 52.5149 35.459 17.2997 -0.0689761 0.539641 350.853 0 0
1500 110.748 81.7598 16.8411 0.754058 1.15085 350.909 0 0
1500 43.468 20.1743 17.0557 -0.178915 0.269958 350.953 0 0
1500 97.3868 4.36493 16.8175 0.525245 0.0536603 351.871 0 0
1500 71.7082 -14.666 17.3697 0.214256 -0.243463 351.906 0 0
1500 74.1649 -4.68135 17.0717 0.312563 -0.0525416 352.075 0 0
1500 -10.9647 -5.43562 16.8428 -0.9325 -0.0106375 352.641 0 0
1500 74.0369 -8.14191 18.1064 0.358107 -0.098771 352.847 0 0
1500 71.9954 20.6311 17.8136 0.251867 0.300615 352.841 0 0
1500 -6.52971 25.4529 16.8524 -0.871648 0.393991 352.867 0 0
1500 91.5588 -3.2543 17.8189 0.583163 0.0129388 353.077 0 0
1500 101.818 23.7845 17.1147 0.671513 0.322644 353.23 0 0
1500 1.17536 44.0858 16.8718 -0.766249 0.634353 353.313 0 0
1500 64.7544 45.8569 17.39 0.0974464 0.716135 353.35 0 0
1500 54.1319 25.6106 17.1274 -0.0855042 0.365238 353.513 0 0
1500 82.1639 24.0517 17.6122 0.405406 0.370888 354.245 0 0
1500 14.0522 -49.0494 16.9907 -0.610633 -0.69274 354.307 0 0
1500 73.6688 10.1992 17.3079 0.313131 0.168073 354.358 0 0
1500 84.1722 1.19976 18.3044 0.479514 0.0403961 354.671 0 0
1500 81.4798 1.92229 18.064 0.44758 0.049412 354.585 0 0
1500 102.829 23.6143 17.9369 0.80442 0.488865 354.647 0 0
1500 47.9957 -78.8104 17.0128 -0.0909442 -1.13806 354.968 0 0
1500 112.021 30.1597 17.6475 0.909092 0.513438 354.988 0 0
1500 75.4566 -4.43316 17.1048 0.295542 -0.111294 355.172 0 0
1500 7.02585 -28.2927 17.0448 -0.774869 -0.362687 355.213 0 0
1500 100.438 12.6088 17.3384 0.660528 0.197764 355.218 0 0
1500 102.831 -7.90249 17.3392 0.691691 -0.0711048 355.241 0 0
1500 163.97 233.067 17.1611 1.68287 3.5319 355.485 0 0
1500 113.377 -17.9758 17.7258 1.00132 -0.272808 355.597 0 0
1500 126.205 10.5697 17.3722 1.13019 0.203714 355.61 0 0
1500 96.638 56.2261 17.3315 0.571534 0.85255 355.733 0 0
1500 82.898 -9.84103 17.0781 0.411079 -0.121415 356.171 0 0
1500 126.496 -21.7921 17.2451 1.02879 -0.338959 356.321 0 0
1500 5.07294 49.2159 17.0394 -0.684282 0.670574 356.815 0 0
1500 121.363 73.2395 17.1895 0.928864 1.04376 356.852 0 0
1500 65.1836 13.3616 17.5687 0.127614 0.234239 356.938 0 0
1500 70.9544 -1.14061 17.2564 0.22311 -0.0793264 357.036 0 0
1500 112.08 5.28385 17.294 0.809952 0.0735788 357.217 0 0
1500 -9.65307 -3.22597 17.0863 -0.963917 -0.0971955 357.326 0 0
1500 81.4736 -20.6858 17.2689 0.364309 -0.343622 357.464 0 0
1500 61.7754 71.8446 17.1678 0.0206107 1.00247 357.603 0 0
1500 118.927 0.361754 17.312 0.894501 0.00846137 357.721 0 0
1500 107.433 28.5184 17.7619 0.802225 0.481582 357.724 0 0
1500 13.5967 -28.0573 17.117 -0.631067 -0.442957 358.086 0 0
1500 109.529 -27.7271 17.1215 0.669894 -0.437629 358.228 0 0
1500 88.6383 -23.0786 18.0644 0.531203 -0.354925 358.315 0 0
1500 73.411 -59.954 17.1381 0.179306 -0.868261 358.738 0 0
1500 104.172 -7.79481 17.6832 0.735166 -0.0781293 358.942 0 0
1500 68.2663 52.777 17.2411 0.113046 0.850992 358.971 0 0
1500 91.3747 1.22627 17.9778 0.599758 0.0389946 359.019 0 0
1500 64.4526 -5.58877 18.1269 0.168835 -0.171163 359.045 0 0
1500 101.239 5.36007 18.0744 0.855867 0.145009 359.063 0 0
1500 74.1604 -8.50329 18.1178 0.355703 -0.170517 359.12 0 0
1500 21.0672 24.947 17.2624 -0.562977 0.349911 359.187 0 0
1500 127.129 -6.64022 17.5822 1.11117 -0.151613 359.185 0 0
1500 24.8906 -11.0514 17.3 -0.48595 -0.0981741 359.301 0 0
1500 59.9172 -14.9418 17.3042 -0.0287721 -0.220038 359.433 0 0
1500 93.427 -9.08713 18.1351 0.599588 -0.176768 359.677 0 0
1500 132.678 -1.28814 17.2521 1.04115 -0.0266252 359.561 0 0
1500 90.8873 -19.7591 18.1114 0.584698 -0.367293 359.665 0 0
1500 84.8398 -15.3439 18.2485 0.493211 -0.258222 359.901 0 0
1500 67.081 -53.869 17.9492 0.194874 -1.01831 360.303 0 0
1500 63.8881 -26.7963 17.5695 0.0859852 -0.480585 360.522 0 0
1500 67.3128 14.4669 17.6403 0.170905 0.232187 360.592 0 0
1500 62.7281 53.5492 17.5163 0.0559378 0.844449 360.656 0 0
1500 93.4874 79.972 17.2478 0.457401 1.19712 360.767 0 0
1500 84.1836 27.6478 17.9691 0.51845 0.548517 360.759 0 0
1500 76.647 1.529 18.3174 0.44385 0.0382123 360.862 0 0
1500 -8.07687 18.7364 17.3161 -0.939189 0.258339 361.001 0 0
1500 102.182 -14.6558 17.982 0.728327 -0.220276 361.041 0 0
1500 104.1 -61.4792 17.2775 0.667191 -0.840777 361.267 0 0
1500 104.004 59.6227 17.2889 0.636732 0.832327 361.377 0 0
1500 117.033 -13.0918 18.1409 1.0338 -0.248997 362.024 0 0
1500 92.4774 7.13357 18.3175 0.681387 0.117392 362.249 0 0
1500 124.897 19.8684 17.4093 0.977104 0.260464 362.531 0 0
1500 85.3785 33.7188 17.347 0.3998 0.543811 362.596 0 0
1500 -12.5189 16.5957 17.2896 -1.06631 0.262289 362.524 0 0
1500 17.0829 26.9087 17.5153 -0.606716 0.445112 362.639 0 0
1500 78.6805 -4.49229 17.8443 0.325423 -0.107292 362.762 0 0
1500 37.066 -21.1874 17.401 -0.297269 -0.39498 362.801 0 0
1500 16.7146 -39.0901 17.3357 -0.54843 -0.610169 362.885 0 0
1500 89.8007 8.41283 18.316 0.665584 0.23749 362.85 0 0
1500 65.7843 -11.7908 17.8903 0.188762 -0.186808 362.949 0 0
1500 66.4843 23.0636 17.7475 0.158172 0.386249 363.007 0 0
1500 89.417 13.1126 17.693 0.468035 0.185355 363.043 0 0
1500 82.1239 -10.724 18.193 0.430785 -0.152057 363.126 0 0
1500 -4.6264 -38.6281 17.2853 -0.879259 -0.52725 363.304 0 0
1500 147.916 -3.50124 17.447 1.38278 -0.0421848 363.364 0 0
1500 55.038 -67.1732 17.3266 -0.0637802 -0.906646 363.554 0 0
1500 80.5988 13.9695 18.4675 0.435263 0.19298 363.647 0 0
1500 18.6703 135.84 17.3459 -0.637349 1.96368 363.72 0 0
1500 89.3955 -14.3253 18.0083 0.574218 -0.194757 363.818 0 0
1500 84.8523 -15.7962 17.947 0.51259 -0.228565 363.811 0 0
1500 107.724 -3.94016 17.5886 0.778997 -0.0886743 363.892 0 0
1500 76.8918 19.6949 17.7317 0.241019 0.367083 363.925 0 0
1500 106.936 -0.904599 17.7564 0.801012 0.0555555 364.007 0 0
1500 107.471 58.4016 17.3951 0.810421 0.890599 364.043 0 0
1500 90.264 10.6028 18.1027 0.59315 0.118832 364.277 0 0
1500 94.0836 5.21482 18.5191 0.682681 0.0698729 364.312 0 0
1500 18.9645 -34.6882 17.3656 -0.621088 -0.477317 364.446 0 0
1500 56.2842 -23.382 17.5089 -0.0267625 -0.340742 364.632 0 0
1500 137.184 -10.0214 17.385 1.20108 -0.100376 364.625 0 0
1500 60.3042 -22.2934 17.6357 0.00519438 -0.353195 364.973 0 0
1500 103.595 65.4968 17.4261 0.739017 0.976279 365.084 0 0
1500 17.2136 -58.7091 17.365 -0.641432 -0.793266 365.131 0 0
1500 102.236 -73.1833 18.136 0.84893 -1.36857 365.585 0 0
1500 77.7605 19.7738 17.4875 0.278927 0.296483 365.893 0 0
1500 79.8062 -3.10841 17.9286 0.352441 -0.0841914 366.028 0 0
1500 1.29187 -45.2492 17.4129 -0.838803 -0.602058 366.032 0 0
1500 54.5916 -37.2745 18.142 0.00860682 -0.694657 366.451 0 0
1500 88.3356 -7.01422 17.5586 0.445991 -0.171074 366.831 0 0
1500 81.4805 1.45064 18.3874 0.45586 -0.0494645 366.924 0 0
1500 109.378 18.0872 17.8642 0.805843 0.299714 367.01 0 0
1500 86.2271 -64.9436 17.5717 0.42521 -0.974309 367.321 0 0
1500 92.9124 10.9101 18.2267 0.640604 0.12267 367.549 0 0
1500 87.3007 -53.509 17.6892 0.470245 -0.797633 367.566 0 0
1500 82.7908 -41.4944 18.0421 0.493411 -0.785162 367.733 0 0
1500 53.7378 -35.7228 17.6514 -0.067931 -0.570327 367.847 0 0
1500 61.9055 -2.4393 17.549 -0.0167108 -0.0129378 368.014 0 0
1500 69.4191 0.80565 18.6151 0.289983 -0.0393967 368.128 0 0
1500 96.3664 22.2162 18.1456 0.67676 0.325618 368.193 0 0
1500 133.672 -9.24261 17.4998 1.15877 -0.100482 368.189 0 0
1500 129.747 1.53198 17.5857 1.04572 0.0291465 368.235 0 0
1500 144.268 134.855 17.4576 1.29005 1.90104 368.271 0 0
1500 112.033 -0.363773 17.4937 0.846366 0.038895 368.533 0 0
1500 67.2374 40.426 17.6677 0.0846568 0.62888 368.773 0 0
1500 30.8839 -10.446 18.2693 -0.479435 -0.196039 368.792 0 0
1500 77.7546 40.6302 18.2684 0.37507 0.719237 368.938 0 0
1500 105.884 4.64854 17.5975 0.678221 0.107119 369.064 0 0
1500 78.6346 -67.5229 17.5379 0.340566 -0.973382 368.953 0 0
1500 82.7349 22.4857 17.9143 0.387869 0.387868 369.057 0 0
1500 93.1739 3.47919 18.766 0.794169 0.113265 369.07 0 0
1500 116.485 -13.6318 17.8127 0.905366 -0.222922 369.37 0 0
1500 -37.3179 6.57261 17.5287 -1.42226 0.0551795 369.411 0 0
1500 46.0777 -55.8046 17.6812 -0.204514 -0.817494 369.718 0 0
1500 70.3003 34.0876 17.6207 0.215351 0.484596 369.701 0 0
1500 52.9495 -1.63547 18.1718 -0.0507636 -0.038308 369.684 0 0
1500 20.3607 55.0465 17.5391 -0.588952 0.775216 369.776 0 0
1500 89.0888 -9.52662 18.0141 0.567876 -0.14916 369.857 0 0
1500 127.919 -29.8122 17.5443 1.06312 -0.438349 369.924 0 0
1500 62.9876 -3.27454 17.7476 0.0993641 -0.101862 370.263 0 0
1500 93.9663 103.709 17.663 0.633776 1.6416 370.271 0 0
1500 93.3583 -12.1568 18.2109 0.630478 -0.209742 370.553 0 0
1500 19.4566 -48.2791 17.7025 -0.637916 -0.759155 370.747 0 0
1500 35.6265 -40.5239 17.5279 -0.337374 -0.647597 370.77 0 0
1500 115.949 44.9069 17.7699 0.997888 0.790263 370.849 0 0
1500 84.4413 -22.2501 18.519 0.587638 -0.493694 370.871 0 0
1500 124.767 35.2839 17.5568 0.970617 0.518081 370.89 0 0
1500 105.75 -10.509 18.0318 0.779239 -0.187195 371.142 0 0
1500 96.7082 -7.70201 17.8083 0.580054 -0.179417 371.315 0 0
1500 59.5564 -4.29022 17.8023 0.0549324 -0.115947 371.463 0 0
1500 59.1251 45.7874 17.7913 0.080897 0.747571 371.425 0 0
1500 47.6217 11.4684 17.6335 -0.205113 0.20007 371.501 0 0
1500 53.7876 -44.6146 17.812 -0.0261174 -0.697968 371.605 0 0
1500 87.1858 53.1999 17.9652 0.518177 0.881938 371.634 0 0
1500 83.5613 -1.90334 18.4885 0.474592 -0.0358526 372.154 0 0
1500 73.976 5.63346 19.2571 0.432865 0.073235 372.285 0 0
1500 16.8102 -10.2495 17.6071 -0.595244 -0.136865 372.504 0 0
1500 86.1891 -18.1059 18.6258 0.522147 -0.312174 372.682 0 0
1500 22.9841 -158.088 17.5571 -0.54701 -2.2354 372.604 0 0
1500 67.5051 53.4875 18.1125 0.219805 0.937169 372.757 0 0
1500 42.3918 -65.2765 17.9259 -0.277557 -1.07394 372.97 0 0
1500 85.4094 -12.2416 18.4835 0.494402 -0.173564 373.065 0 0
1500 76.1211 47.4712 17.7932 0.319585 0.727231 373.096 0 0
1500 74.0475 1.55091 18.0777 0.360313 0.0222977 373.208 0 0
1500 26.9586 48.9863 17.7237 -0.443815 0.789789 373.228 0 0
1500 19.6789 8.60933 17.8883 -0.640987 0.218864 373.203 0 0
1500 115.229 0.125537 17.7673 0.881691 -0.0379007 373.306 0 0
1500 73.1261 6.37727 18.1274 0.213619 0.151316 373.475 0 0
1500 77.9219 11.2774 18.1281 0.402531 0.203237 373.642 0 0
1500 91.6911 -28.4176 17.6116 0.547331 -0.373778 373.676 0 0
1500 36.0644 4.037 18.0498 -0.324487 0.0544794 374.101 0 0
1500 121.47 0.373622 18.3664 1.2384 0.0319411 374.1 0 0
1500 23.2843 -38.1872 17.6517 -0.515857 -0.641515 374.148 0 0
1500 121.515 10.9385 17.6583 0.951738 0.110844 374.161 0 0
1500 62.6858 12.9649 18.1633 0.115166 0.249073 374.153 0 0
1500 70.5429 16.1409 18.1643 0.225413 0.293293 374.274 0 0
1500 32.7343 -5.58486 17.88 -0.381302 -0.0312472 374.38 0 0
1500 76.1525 6.44337 18.2623 0.345217 0.159531 374.479 0 0
1500 83.363 -18.0147 18.1733 0.493946 -0.27118 374.764 0 0
1500 108.443 5.081 17.7341 0.777648 0.0238686 374.884 0 0
1500 85.0007 -0.917923 18.4332 0.479355 -0.0459879 374.976 0 0
1500 77.4593 -13.0427 17.703 0.310801 -0.183313 375.237 0 0
1500 94.6113 56.4797 17.7477 0.550237 0.845735 375.409 0 0
1500 32.1337 4.36961 18.2033 -0.413818 0.0611986 375.354 0 0
1500 59.3635 14.992 18.4558 0.0806272 0.260689 375.586 0 0
1500 118.525 13.8815 17.6319 0.920484 0.218077 375.551 0 0
1500 70.5421 23.4899 18.2003 0.288839 0.406641 375.548 0 0
1500 99.1396 25.0696 17.9971 0.787701 0.429065 375.587 0 0
1500 15.9767 -17.9449 17.7794 -0.62114 -0.321339 375.864 0 0
1500 12.4541 17.1971 17.7533 -0.695884 0.291996 375.911 0 0
1500 101.267 -18.0388 17.7505 0.685137 -0.308746 376.158 0 0
1500 83.2213 46.6454 17.8554 0.390155 0.732587 376.298 0 0
1500 18.4942 15.6969 17.6629 -0.5808 0.302591 376.418 0 0
1500 67.9798 -3.10341 17.8056 0.141435 0.0248427 376.353 0 0
1500 92.0143 -60.6265 17.9245 0.650543 -1.02629 376.471 0 0
1500 109.778 26.4574 18.5752 1.00882 0.507109 376.483 0 0
1500 67.9237 7.84143 18.3165 0.193871 0.173558 376.649 0 0
1500 93.4311 15.4218 18.0524 0.536802 0.288516 376.83 0 0
1500 117.591 36.9305 17.6532 0.891335 0.534031 376.818 0 0
1500 82.243 2.0546 18.055 0.383887 0.100085 376.908 0 0
1500 117.603 -55.4719 17.7432 0.894176 -0.927643 376.781 0 0
1500 82.316 -4.02134 18.0292 0.447378 0.00911803 376.887 0 0
1500 82.9255 4.04677 17.9562 0.404741 -0.013811 376.991 0 0
1500 103.168 -29.3697 17.9168 0.748766 -0.452895 377.056 0 0
1500 44.1472 51.1563 17.6679 -0.203568 0.812327 377.149 0 0
1500 95.7362 -4.32226 18.5044 0.685081 -0.0942483 377.619 0 0
1500 107.119 5.50472 18.212 0.820528 0.085649 377.574 0 0
1500 85.6272 -26.4487 18.302 0.498699 -0.432427 377.669 0 0
1500 140.868 46.3181 17.8876 1.37476 0.720035 377.693 0 0
1500 88.5669 44.4349 17.8129 0.434328 0.707884 377.9 0 0
1500 71.7401 48.3642 18.0606 0.309906 0.841142 377.906 0 0
1500 98.1419 21.4224 17.736 0.589481 0.262881 377.95 0 0
1500 62.8766 -9.50275 18.1885 0.116409 -0.18248 378.191 0 0
1500 78.495 -28.9683 17.7487 0.331869 -0.391665 378.332 0 0
1500 53.4617 20.2747 18.4551 -0.0538004 0.331084 378.27 0 0
1500 77.5944 8.63456 18.6858 0.423832 0.183231 378.374 0 0
1500 52.9252 12.8192 18.0795 -0.0978226 0.200949 378.428 0 0
1500 125.405 17.3293 17.6817 0.953757 0.316981 378.463 0 0
1500 92.3296 0.72189 17.794 0.552813 -0.0636431 378.499 0 0
1500 127.639 0.478924 17.8095 1.04255 0.0305668 378.508 0 0
1500 125.502 -20.5552 17.6899 0.977855 -0.257427 378.532 0 0
1500 71.8489 8.36401 18.4548 0.352123 0.157511 378.572 0 0
1500 -16.8356 -45.9286 17.8567 -1.18023 -0.786381 378.534 0 0
1500 95.2178 56.0198 17.8396 0.550786 0.854214 378.945 0 0
1500 107.734 -20.2999 18.0506 0.819008 -0.287065 378.761 0 0
1500 84.247 38.2097 17.8119 0.37856 0.557444 378.924 0 0
1500 97.0808 -5.99045 18.5022 0.683281 -0.140764 378.737 0 0
1500 116.171 40.2926 17.6892 0.816271 0.637968 379.014 0 0
1500 115.148 39.6442 17.6853 0.804993 0.631287 378.738 0 0
1500 79.379 0.471914 18.3648 0.457353 -0.0139962 378.77 0 0
1500 0.999005 -22.8904 17.7136 -0.878023 -0.282999 378.903 0 0
1500 53.0892 -15.1617 17.8287 -0.122715 -0.182139 378.914 0 0
1500 1.97888 13.769 17.8057 -0.891242 0.155099 378.866 0 0
1500 100.571 39.561 18.0416 0.659621 0.673004 378.693 0 0
1500 78.5043 38.7139 18.2739 0.334239 0.653769 378.663 0 0
1500 109.518 41.9762 18.0302 0.889562 0.7515 378.71 0 0
1500 59.7313 -50.6696 18.2702 0.101847 -0.930665 378.688 0 0
1500 97.8361 -48.6397 18.1959 0.780961 -0.867997 378.978 0 0
1500 84.6199 63.4987 17.7321 0.359347 0.923603 379.075 0 0
1500 120.552 34.8553 18.0316 1.06452 0.619436 379.069 0 0
1500 0.342601 -28.1754 17.7156 -0.88433 -0.358085 379.151 0 0
1500 116.399 41.296 17.6929 0.816642 0.64984 379.261 0 0
1500 94.7232 -47.5037 17.8584 0.585092 -0.735631 379.254 0 0
1500 152.438 17.3594 17.8112 1.47147 0.341091 379.181 0 0
1500 69.5507 3.5772 18.3302 0.2995 0.100168 379.432 0 0
1500 60.2138 28.3716 17.76 0.0551552 0.427997 379.607 0 0
1500 94.5333 -21.1441 17.8061 0.590119 -0.293076 379.631 0 0
1500 70.662 5.65078 18.1186 0.307123 0.0942269 379.768 0 0
1500 85.2362 -12.682 18.3764 0.473609 -0.307818 379.551 0 0
1500 75.7271 9.58369 17.931 0.301335 0.0864983 379.865 0 0
1500 41.7683 32.7676 18.07 -0.255246 0.512021 379.901 0 0
1500 49.1857 43.9103 17.913 -0.172745 0.669984 379.926 0 0
1500 86.5526 34.076 17.8623 0.412162 0.503102 380.039 0 0
1500 43.9644 -89.1128 17.8065 -0.238139 -1.43238 380.114 0 0
1500 85.6015 46.0474 18.2898 0.469756 0.788309 379.971 0 0
1500 54.6957 -62.0305 18.0924 -0.0147401 -1.04576 380.063 0 0
1500 111.848 -60.3101 17.8248 0.886162 -0.919762 380.226 0 0
1500 337.183 -6.77964 18.0268 4.85942 -0.0877574 380.425 0 0
1500 21.229 22.449 17.905 -0.652086 0.321495 380.735 0 0
1500 79.7929 57.2848 17.731 0.257172 0.880839 381.073 0 0
1500 73.1471 -23.7558 17.8118 0.242744 -0.428381 381.186 0 0
1500 85.5201 -43.34 17.9557 0.487172 -0.706582 381.296 0 0
1500 130.373 -65.2007 18.014 1.28697 -1.09989 381.427 0 0
1500 79.3394 -17.3743 18.2527 0.411711 -0.26826 381.493 0 0
1500 61.5561 2.00284 17.9861 0.00984208 0.00812333 381.681 0 0
1500 61.2229 -43.6126 17.8112 0.0641855 -0.718076 381.808 0 0
1500 75.5276 38.0564 17.8387 0.341983 0.574412 382.003 0 0
1500 91.7156 8.81972 17.8781 0.57269 0.176176 381.975 0 0
1500 83.8343 -47.2571 17.8122 0.394922 -0.764942 382.429 0 0
1500 103.909 -1.72111 17.7628 0.751717 -0.0410682 382.115 0 0
1500 99.0813 45.5187 18.0141 0.664641 0.792989 382.4 0 0
1500 48.627 3.01154 18.2445 -0.166923 -0.0304384 382.131 0 0
1500 91.2443 3.52403 18.3543 0.545108 0.0857123 382.494 0 0
1500 58.4095 15.283 18.4369 0.0873093 0.253915 382.687 0 0
1500 60.6564 -6.17789 17.8675 0.113516 -0.0812205 382.64 0 0
1500 45.6265 -61.5917 17.8424 -0.2298 -0.926853 382.641 0 0
1500 93.6833 32.7568 17.8781 0.595953 0.52594 382.644 0 0
1500 102.679 1.93221 18.7379 0.923571 0.0622366 382.47 0 0
1500 39.229 45.9043 17.7663 -0.254029 0.680917 382.778 0 0
1500 57.7822 48.8794 17.7669 -0.00585154 0.720472 382.803 0 0
1500 100.684 40.378 17.7908 0.699057 0.591519 382.803 0 0
1500 78.7658 40.93 17.7718 0.274066 0.612661 382.987 0 0
1500 55.3122 -2.87329 18.3626 -0.0258873 -0.00731307 382.864 0 0
1500 125.845 -14.0914 17.8232 1.13082 -0.186483 382.947 0 0
1500 23.3511 -51.609 17.8147 -0.486801 -0.821076 383.063 0 0
1500 47.9241 -55.9067 18.0487 -0.154914 -1.03903 383.186 0 0
1500 86.058 25.8999 17.7817 0.369547 0.410187 383.35 0 0
1500 33.8965 -58.626 17.8159 -0.332645 -0.920013 383.283 0 0
1500 73.1864 55.6433 17.8794 0.292479 0.854729 383.225 0 0
1500 78.8434 56.7131 17.8806 0.373273 0.866653 383.514 0 0
1500 109.265 34.0309 17.8274 0.819022 0.515877 383.555 0 0
1500 98.504 -5.87599 18.0658 0.647986 -0.157893 383.5 0 0
1500 41.9592 -7.58222 18.2368 -0.244222 -0.141821 383.584 0 0
1500 73.0157 -5.66068 18.1154 0.315294 -0.0285599 383.595 0 0
1500 98.14 18.2448 17.7712 0.627683 0.342513 383.296 0 0
1500 57.5217 -20.039 18.1251 -0.0633926 -0.426197 383.402 0 0
1500 55.8729 5.61825 17.9468 -0.014683 0.138052 383.878 0 0
1500 70.7301 -66.4686 17.8229 0.197758 -1.01988 384.206 0 0
1500 90.1949 30.6696 18.063 0.573574 0.47895 383.656 0 0
1500 118.913 -5.38771 17.792 0.938674 -0.133917 383.776 0 0
1500 80.675 -38.8607 17.9762 0.417278 -0.618435 383.856 0 0
1500 67.1315 -31.5783 18.2605 0.226082 -0.560941 383.679 0 0
1500 128.905 -0.376339 18.0282 1.30219 0.0234002 384.133 0 0
1500 142.357 -7.9646 17.784 1.22092 -0.119646 384.313 0 0
1500 94.9623 44.5765 18.1191 0.649296 0.728575 384.313 0 0
1500 45.7864 -31.2799 17.8833 -0.246376 -0.498161 384.321 0 0
1500 22.2122 24.1326 18.0474 -0.596421 0.381843 384.386 0 0
1500 92.5132 2.87908 18.0609 0.602696 0.134928 384.418 0 0
1500 66.6891 -14.1448 18.0957 0.100441 -0.24387 384.442 0 0
1500 119.322 15.0294 18.5827 1.29592 0.304322 384.522 0 0
1500 112.631 79.3755 17.965 0.892724 1.27985 385.342 0 0
1500 99.8421 1.77005 18.5307 0.75316 -0.00373235 384.868 0 0
1500 91.9738 45.9497 17.7763 0.554829 0.733333 384.987 0 0
1500 62.0577 41.6506 18.0831 0.0466332 0.672836 385.105 0 0
1500 79.544 -5.20647 18.2453 0.387034 -0.151154 385.246 0 0
1500 105.31 -14.9514 17.8805 0.776782 -0.269408 385.513 0 0
1500 86.4943 -25.6928 17.8481 0.510601 -0.407531 385.038 0 0
1500 57.8936 14.4111 18.1021 0.0468603 0.29292 385.405 0 0
1500 66.0458 26.1054 17.8605 0.158808 0.468804 384.833 0 0
1500 41.9343 4.78041 17.9756 -0.273467 0.0142415 385.007 0 0
1500 102.946 43.6787 17.899 0.67681 0.744357 385.405 0 0
1500 72.4696 -3.89338 17.8118 0.270006 -0.000534478 385.332 0 0
1500 46.7469 -44.7407 18.0636 -0.144071 -0.830368 385.419 0 0
1500 77.4077 8.72193 18.2517 0.383766 0.194868 385.644 0 0
1500 86.5852 -12.733 18.1401 0.545043 -0.187555 385.635 0 0
1500 91.8803 -4.03624 18.4768 0.575034 -0.0706201 386.083 0 0
1500 50.5733 -12.5442 18.0359 -0.108665 -0.219615 385.838 0 0
1500 128.89 -1.19787 17.7786 1.04572 0.0491507 386.025 0 0
1500 87.2956 -48.439 17.8791 0.503257 -0.764575 386.036 0 0
1500 95.7611 13.7999 17.9552 0.59647 0.284521 386.019 0 0
1500 73.4049 10.3782 18.0106 0.337794 0.145605 385.811 0 0
1500 97.3144 43.7566 17.9962 0.705726 0.723918 386.046 0 0
1500 87.4152 10.1802 18.5015 0.587449 0.124013 386.302 0 0
1500 85.3228 1.75358 18.1486 0.488405 0.0939867 386.242 0 0
1500 73.6213 -18.5681 17.932 0.328224 -0.271104 386.425 0 0
1500 101.173 26.0195 17.8448 0.759836 0.443233 386.333 0 0
1500 65.3342 57.5829 17.8339 0.182477 0.8911 386.736 0 0
1500 77.3938 -53.8215 18.0093 0.39418 -0.90218 386.751 0 0
1500 97.0341 -54.6774 18.0075 0.724778 -0.899624 386.547 0 0
1500 94.2605 -19.2694 18.6753 0.691887 -0.306428 386.77 0 0
1500 86.5986 7.90914 18.6416 0.581073 0.107681 386.802 0 0
1500 105.656 -42.0562 17.8791 0.765723 -0.661016 386.931 0 0
1500 114.665 -3.39735 17.8336 0.921587 -0.0239359 386.819 0 0
1500 134.906 -27.691 17.8406 1.17911 -0.380373 387.445 0 0
1500 119.677 22.9719 17.8425 0.979263 0.319618 387.389 0 0
1500 110.241 22.8504 17.9759 0.863673 0.370081 387.456 0 0
1500 104.548 27.4531 17.9769 0.782514 0.440235 387.171 0 0
1500 73.7698 -72.037 17.8605 0.308735 -1.11847 386.979 0 0
1500 49.457 30.0135 18.005 -0.134259 0.529328 387.333 0 0
1500 102.649 4.94849 18.0679 0.711221 0.136059 387.556 0 0
1500 135.889 -17.9396 18.1113 1.31541 -0.281964 387.933 0 0
1500 80.8934 -59.4438 17.8141 0.405939 -0.871295 388.346 0 0
1500 84.7633 -61.7194 17.8812 0.454943 -0.939649 387.622 0 0
1500 86.0629 -8.81081 18.3821 0.485016 -0.150948 388.074 0 0
1500 70.9238 -37.9348 17.8864 0.189674 -0.579259 388.212 0 0
1500 99.4759 -53.2687 17.8847 0.662178 -0.809464 388.268 0 0
1500 93.2999 2.05157 18.5004 0.67641 0.0181718 387.617 0 0
1500 118.134 -30.197 17.846 0.944379 -0.453604 388.275 0 0
1500 71.7945 5.99977 18.7131 0.28604 0.152674 387.824 0 0
1500 83.2951 -10.8405 18.1231 0.493755 -0.142217 387.72 0 0
1500 58.5842 -45.0401 17.8901 -0.00394684 -0.758821 387.783 0 0
1500 101.167 -24.6212 17.8223 0.619626 -0.442417 388.018 0 0
1500 56.914 5.1348 17.8965 -0.0523347 0.0151961 387.533 0 0
1500 63.6082 12.0396 17.8915 0.13712 0.25146 387.897 0 0
1500 84.0806 12.1017 17.8514 0.436965 0.258848 388.352 0 0
1500 135.429 -10.5571 17.9063 1.29673 -0.193722 388.052 0 0
1500 91.2508 -4.1889 18.3326 0.594136 -0.150724 387.625 0 0
1500 67.9125 42.8386 18.2552 0.170481 0.705739 388.875 0 0
1500 83.8197 39.3292 18.0748 0.43082 0.620801 388.896 0 0
1500 84.4659 38.866 18.0748 0.439957 0.614206 388.9 0 0
1500 83.7926 63.356 17.8342 0.445776 0.948606 388.783 0 0
1500 85.192 15.0027 18.7053 0.476119 0.281864 388.756 0 0
1500 111.793 22.2945 18.1086 0.895857 0.359008 388.606 0 0
1500 90.3791 53.7841 17.7992 0.535866 0.850626 388.435 0 0
1500 124.938 23.8823 17.8319 1.05837 0.310278 388.473 0 0
1500 100.974 -6.00952 18.1167 0.752163 -0.0684764 388.476 0 0
1500 30.6002 44.6865 17.996 -0.415469 0.741557 388.366 0 0
1500 53.2567 51.7088 17.9959 -0.0750918 0.847032 388.367 0 0
1500 69.4753 8.93962 18.2949 0.174328 0.180794 388.893 0 0
1500 72.2297 -35.6531 17.888 0.298873 -0.579591 388.813 0 0
1500 93.3773 52.2165 18.0328 0.609499 0.941983 388.717 0 0
1500 60.9686 -4.97504 18.3637 -0.00131314 -0.165869 388.483 0 0
1500 119.163 -22.6673 18.1341 1.01317 -0.429103 388.942 0 0
1500 53.225 -19.7327 18.0476 -0.104183 -0.281668 389.213 0 0
1500 62.2513 -3.75236 17.9044 0.0717732 -0.116298 388.987 0 0
1500 67.6808 12.274 18.6448 0.264369 0.254099 389.292 0 0
1500 75.3525 -2.7059 18.1545 0.348225 0.0234711 389.201 0 0
1500 62.6176 12.0877 18.0113 0.119639 0.260164 389.154 0 0
1500 87.8177 -1.95656 18.641 0.559088 0.04355 389.643 0 0
1500 74.0696 16.6945 18.3135 0.298773 0.275369 389.429 0 0
1500 90.2614 -6.53328 18.1022 0.554846 -0.150185 389.431 0 0
1500 34.3732 -58.9982 17.8814 -0.363122 -0.946786 389.485 0 0
1500 46.3967 1.22115 18.4879 -0.160628 -0.000354845 389.961 0 0
1500 70.3025 13.0833 18.3578 0.197307 0.24631 389.854 0 0
1500 121.423 49.0355 18.0377 1.09827 0.863857 389.74 0 0
1500 149.065 -45.8871 18.1755 1.64932 -0.821348 389.82 0 0
1500 87.1222 -21.2794 18.1355 0.437873 -0.349692 390.191 0 0
1500 86.7934 -1.90763 18.4388 0.50533 0.00347428 390.243 0 0
1500 113.058 1.9875 17.8684 0.842767 0.0115791 390.587 0 0
1500 79.523 -62.046 17.8975 0.327233 -0.959319 390.081 0 0
1500 23.4606 -48.6128 17.8766 -0.544313 -0.779663 390.552 0 0
1500 14.0526 -24.3379 17.8552 -0.66385 -0.449933 390.542 0 0
1500 58.5838 -2.97373 18.1225 0.0638301 -0.12102 390.726 0 0
1500 88.2807 16.6564 17.8217 0.543943 0.273484 390.509 0 0
1500 119.503 7.7882 17.8692 0.970901 0.200449 390.317 0 0
1500 136.244 16.8434 18.0809 1.33958 0.287707 390.657 0 0
1500 55.2448 43.2076 18.3686 -0.0238079 0.775252 390.397 0 0
1500 43.8096 18.1517 18.0082 -0.275589 0.367921 390.694 0 0
1500 72.9217 -6.40849 18.3478 0.23176 -0.156451 390.234 0 0
1500 47.4134 -24.054 18.0048 -0.243901 -0.463294 390.104 0 0
1500 54.7004 36.1249 18.3228 -0.0506096 0.722836 390.317 0 0
1500 125.189 2.57235 17.8816 1.04615 -0.0162379 390.972 0 0
1500 87.724 7.23494 18.3062 0.501698 0.129945 391.223 0 0
1500 52.3075 -52.6481 17.8514 -0.0761218 -0.879134 390.942 0 0
1500 80.4835 -50.4885 17.8498 0.352721 -0.843661 391.138 0 0
1500 47.6543 -44.0173 17.8724 -0.245087 -0.709486 390.835 0 0
1500 38.7612 5.82957 18.0339 -0.364182 0.166428 390.86 0 0
1500 105.024 -106.551 17.8119 0.656302 -1.63217 391.528 0 0
1500 78.9776 -36.0918 18.0736 0.348377 -0.553121 391.867 0 0
1500 44.9812 -10.6874 17.936 -0.232548 -0.16783 391.714 0 0
1500 89.8925 -25.0497 17.8815 0.512269 -0.36246 391.457 0 0
1500 51.3664 46.0347 17.8225 -0.0508443 0.700509 391.81 0 0
1500 108.77 31.1474 17.7974 0.802084 0.489008 391.781 0 0
1500 76.6746 37.9233 18.3623 0.319573 0.654533 391.692 0 0
1500 11.9185 48.1951 17.9532 -0.765628 0.809479 391.688 0 0
1500 70.8671 -44.6462 17.8957 0.143436 -0.788275 391.426 0 0
1500 107.917 57.342 18.4366 0.95304 1.07312 391.448 0 0
1500 49.6693 -3.52246 18.803 -0.144111 -0.0939269 391.527 0 0
1500 96.1967 -9.94034 19.2522 0.745586 -0.202804 392.078 0 0
1500 76.1819 -60.2815 17.8244 0.22788 -0.92788 392.017 0 0
1500 100.135 40.7581 17.7989 0.672747 0.626252 392.115 0 0
1500 45.2513 -67.9992 17.8023 -0.126257 -1.04065 392.06 0 0
1500 -6.40083 16.2032 17.8621 -0.991608 0.304922 392.061 0 0
1500 13.7946 -17.7267 17.995 -0.710478 -0.320181 391.983 0 0
1500 72.933 19.637 18.1214 0.345876 0.322963 391.961 0 0
1500 79.0449 -15.3667 18.0167 0.37022 -0.1819 393.028 0 0
1500 79.6647 15.8385 18.1573 0.310228 0.279056 392.688 0 0
1500 61.6324 -3.18087 18.1536 0.112316 -0.103621 392.819 0 0
1500 36.1401 -49.1062 17.8992 -0.320141 -0.760197 393.013 0 0
1500 78.7651 17.7163 18.6744 0.408421 0.336336 392.701 0 0
1500 87.491 -19.5754 18.1484 0.456456 -0.361439 392.667 0 0
1500 62.4904 -25.4821 18.5548 0.154087 -0.455675 392.422 0 0
1500 100.255 -7.16182 18.0091 0.706334 -0.0425067 392.449 0 0
1500 54.1543 45.1495 18.0071 0.000906705 0.755967 392.621 0 0
1500 87.2218 -1.24029 18.014 0.499911 0.0502884 393.004 0 0
1500 50.8825 -23.9277 18.2329 -0.0930368 -0.462075 392.858 0 0
1500 129.113 -45.1352 18.2392 1.27877 -0.791057 392.442 0 0
1500 53.706 -5.70842 18.4085 -0.127039 -0.0926664 392.973 0 0
1500 89.3476 13.119 18.6386 0.643978 0.189537 393.21 0 0
1500 95.8202 21.8356 18.4271 0.711209 0.349422 393.346 0 0
1500 100.483 -12.5971 18.015 0.688679 -0.267007 393.192 0 0
1500 120.793 -8.76443 18.1013 1.14328 -0.185886 393.303 0 0
1500 87.0957 36.6635 17.8096 0.473789 0.555578 393.501 0 0
1500 101.051 -6.50821 18.416 0.790734 -0.110121 393.533 0 0
1500 84.6247 -33.0828 18.2919 0.449944 -0.571843 393.517 0 0
1500 104.059 24.4333 18.5081 0.890131 0.383712 393.424 0 0
1500 105.102 -8.06798 18.0999 0.751482 -0.137426 394.062 0 0
1500 75.6955 -23.2455 18.5516 0.325416 -0.376446 394.632 0 0
1500 58.7748 -43.5207 17.8947 -0.0214826 -0.672432 393.772 0 0
1500 90.05 20.6769 17.8918 0.493934 0.347536 394.97 0 0
1500 82.7878 50.9336 17.8791 0.398528 0.783815 393.837 0 0
1500 118.254 22.6568 17.9028 0.927793 0.385122 394.427 0 0
1500 108.563 43.1829 17.8308 0.748935 0.704015 394.96 0 0
1500 78.3811 -56.6301 18.0034 0.343896 -0.919928 394.579 0 0
1500 101.959 1.44129 18.1251 0.779763 0.0257914 394.561 0 0
1500 -6.41738 0.180802 17.8287 -0.996928 -0.0675337 394.925 0 0
1500 59.6632 -24.9073 18.4453 0.0838225 -0.447364 394.957 0 0
1500 78.9735 -10.5866 18.1489 0.434709 -0.187752 393.968 0 0
1500 92.766 28.968 18.0474 0.61521 0.488886 394.703 0 0
1500 39.0797 -29.0609 18.0965 -0.265703 -0.520767 394.787 0 0
1500 88.4369 -2.32367 17.8505 0.523113 -0.0967139 394.234 0 0
1500 79.3633 -1.91041 18.1126 0.383782 -0.10569 394.515 0 0
1500 115.772 -43.2868 18.2341 1.04148 -0.737066 394.844 0 0
1500 37.8342 1.1148 18.1584 -0.395891 -0.0200298 393.942 0 0
1500 117.525 20.8719 18.4676 1.16528 0.387003 394.162 0 0
1500 124.514 -23.4349 18.6312 1.29533 -0.461603 393.945 0 0
1500 56.2379 -20.1593 18.3032 -0.0937317 -0.326432 393.89 0 0
1500 79.0548 -4.98809 18.4606 0.447881 -0.0169847 395.11 0 0
1500 140.747 -10.4473 17.855 1.31641 -0.169343 395.538 0 0
1500 93.7554 -25.8135 17.9463 0.638224 -0.38309 395.401 0 0
1500 96.7082 1.37616 17.8725 0.680756 0.0450856 395.529 0 0
1500 53.1052 -38.4118 18.3005 -0.121547 -0.647765 395.13 0 0
1500 76.9689 4.11827 18.3999 0.370485 0.101712 395.581 0 0
1500 101.752 26.658 18.0425 0.720351 0.526005 395.598 0 0
1500 86.3166 10.0663 18.458 0.51557 0.104924 395.704 0 0
1500 78.0269 61.0538 17.9396 0.317697 0.981183 395.893 0 0
1500 102.22 -16.8532 18.3513 0.786875 -0.294879 395.863 0 0
1500 72.468 -22.7872 18.3394 0.263932 -0.41755 395.924 0 0
1500 56.709 -23.145 18.4057 -0.0293574 -0.394535 395.922 0 0
1500 86.8552 10.3812 18.5358 0.529069 0.229524 395.99 0 0
1500 88.7812 16.5371 18.5858 0.540659 0.281677 396.102 0 0
1500 31.8417 15.9133 17.865 -0.428252 0.324753 396.232 0 0
1500 37.232 27.4691 18.0095 -0.301435 0.444494 396.481 0 0
1500 100.608 2.06304 17.9283 0.677209 0.0137996 396.87 0 0
1500 82.1096 21.3409 17.8247 0.40569 0.313572 397.223 0 0
1500 72.7234 61.7462 17.8417 0.270034 0.940976 396.753 0 0
1500 77.8197 -58.5682 17.9758 0.338914 -0.928729 397.195 0 0
1500 96.8318 -21.8087 18.3008 0.664923 -0.396487 396.504 0 0
1500 84.1334 -50.0638 17.9012 0.408644 -0.820709 396.637 0 0
1500 108.458 -36.2348 17.83 0.806504 -0.603362 396.479 0 0
1500 125.277 5.38768 17.8277 1.04606 0.022222 397.328 0 0
1500 72.8618 -53.314 17.887 0.214566 -0.883337 396.463 0 0
1500 89.2785 -8.75535 17.866 0.561267 -0.162264 396.338 0 0
1500 95.1571 -4.34106 17.9571 0.663521 -0.0570564 397.398 0 0
1500 58.9834 -40.2252 17.9276 0.0139766 -0.694675 397.423 0 0
1500 118.655 40.0755 17.9827 1.04019 0.60726 397.029 0 0
1500 53.1232 -8.89499 17.8965 -0.112372 -0.0731774 396.926 0 0
1500 12.8109 17.2132 17.9088 -0.711421 0.348032 396.887 0 0
1500 31.55 22.1885 18.0505 -0.463605 0.326194 397.263 0 0
1500 45.5722 35.2501 17.9853 -0.239723 0.680646 397.327 0 0
1500 24.7931 6.11219 18.0293 -0.618586 0.176077 397.181 0 0
1500 72.4662 -28.1702 18.0274 0.25694 -0.409253 398.059 0 0
1500 58.67 2.64593 18.6629 0.0847945 0.0977746 399.747 0 0
1500 62.4011 -2.8285 17.8796 0.125415 -0.0270443 397.527 0 0
1500 75.7261 -24.38 18.554 0.318758 -0.397525 399.424 0 0
1500 85.7135 -43.2955 17.8183 0.424415 -0.681494 397.463 0 0
1500 23.5884 20.686 17.8737 -0.545069 0.269668 398.971 0 0
1500 71.0844 -27.3582 18.0232 0.218571 -0.448908 399.539 0 0
1500 102.245 44.1432 17.943 0.694738 0.69234 397.439 0 0
1500 80.0728 56.8564 17.8647 0.335595 0.890019 397.947 0 0
1500 55.0876 38.3739 17.9589 -0.0218055 0.607905 399.915 0 0
1500 102.957 18.1119 18.048 0.712503 0.299678 400.021 0 0
1500 45.6512 -9.78041 18.0601 -0.194004 -0.184161 401.675 0 0
1500 121.049 -122.8 17.7973 0.987093 -1.83662 397.588 0 0
1500 56.4263 116.31 17.8406 -0.00939377 1.79469 397.481 0 0
1500 120.002 -7.47567 17.8328 0.941194 -0.164135 399.228 0 0
1500 68.38 -26.0383 17.8805 0.0968856 -0.411012 401.578 0 0
1500 108.665 41.5586 17.9313 0.835902 0.626368 397.807 0 0
1500 112.668 -9.29802 17.9406 0.862131 -0.120734 400.393 0 0
1500 54.0533 -51.4152 17.812 -0.0569396 -0.811649 399.97 0 0
1500 19.1625 62.6944 17.8199 -0.539338 0.979426 399.583 0 0
1500 77.0439 -0.0347832 18.5129 0.426758 -0.055839 397.667 0 0
1500 106.015 42.5583 17.8473 0.795139 0.61406 398.432 0 0
1500 -6.82127 -15.9321 17.92 -1.01078 -0.269161 399.646 0 0
1500 2.0361 38.3597 17.8201 -0.823192 0.637331 400.044 0 0
1500 44.9305 -18.3953 18.1662 -0.196815 -0.347712 397.568 0 0
1500 112.174 30.6284 17.941 0.898009 0.466636 399.369 0 0
1500 102.958 -42.5583 17.9141 0.674591 -0.713714 398.958 0 0
1500 122.454 1.00738 17.9393 1.01682 0.040559 401.457 0 0
1500 90.6107 -24.5315 18.09 0.498037 -0.442999 398.17 0 0
1500 54.8722 65.6758 17.8626 -0.0412591 1.03371 401.05 0 0
1500 89.2586 -54.9009 17.8923 0.517435 -0.881783 399.658 0 0
1500 117.69 -28.8704 17.8911 0.92506 -0.48418 400.885 0 0
1500 55.9991 -63.5937 17.8928 0.020796 -1.01358 399.526 0 0
1500 122.228 -13.6797 17.8927 0.982545 -0.259027 401.514 0 0
1500 105.009 -17.8761 17.9018 0.769487 -0.336231 398.192 0 0
1500 91.8977 -10.4713 18.2828 0.588548 -0.232025 398.865 0 0
1500 101.807 47.7832 17.8092 0.716054 0.751888 399.93 0 0
1500 31.0342 57.1625 17.8671 -0.371118 0.928384 399.549 0 0
1500 118.462 7.09809 17.8691 0.947681 0.177073 399.19 0 0
1500 54.2193 -1.96395 18.3723 -0.0284293 -0.0935278 398.785 0 0
1500 35.5971 -21.4418 17.8037 -0.381849 -0.39695 398.389 0 0
1500 67.763 -48.3505 17.7951 0.106139 -0.773489 401.41 0 0
1500 75.2448 41.4981 17.922 0.337978 0.677869 398.583 0 0
1500 48.8844 -34.4311 18.214 -0.16008 -0.549574 398.895 0 0
1500 115.571 -30.5484 17.9308 0.934636 -0.47095 401.14 0 0
1500 84.3466 -38.7668 18.0404 0.40526 -0.662258 399.243 0 0
1500 85.7291 38.3749 17.8891 0.507871 0.601803 399.161 0 0
1500 104.567 -27.7613 17.8842 0.790622 -0.409285 399.668 0 0
1500 77.21 2.57012 17.9022 0.38322 0.0535364 398.14 0 0
1500 106.1 11.963 17.8648 0.735195 0.256763 400.333 0 0
1500 68.2224 -24.7396 17.9276 0.139022 -0.464013 397.503 0 0
1500 99.2478 -50.701 17.8216 0.616603 -0.831913 401.313 0 0
1500 92.9677 1.51124 18.2943 0.654764 -0.0138799 400.673 0 0
1500 143.792 -31.0221 17.81 1.29496 -0.536739 401.594 0 0
1500 77.1746 18.4701 18.3614 0.407507 0.337401 401.345 0 0
1500 -60.3579 -64.3658 17.8063 -1.85428 -0.9214 400.831 0 0
1500 119.548 19.4405 18.0324 1.04536 0.260834 399.68 0 0
1500 82.8557 -36.7407 18.0452 0.372598 -0.62837 400.827 0 0
1500 112.404 45.4224 17.837 0.894514 0.748157 400.68 0 0
1500 103.56 19.9274 18.0746 0.774578 0.353577 402.014 0 0
1500 20.7223 -56.3206 17.8067 -0.565077 -0.947529 400.402 0 0
1500 91.135 44.1989 17.8405 0.476763 0.744797 401.497 0 0
1500 132.875 -99.3363 17.9579 1.2398 -1.61749 399.758 0 0
1500 44.1126 -23.7118 17.8695 -0.285168 -0.348304 401.686 0 0
1500 85.1102 91.9474 18.0277 0.475947 1.5279 400.941 0 0
1500 158.294 -84.449 17.9595 1.6275 -1.41628 400.815 0 0
1500 218.521 -52.2318 17.9083 2.59619 -0.903688 400.659 0 0
1500 56.2261 1.11856 17.9356 -0.0663298 -0.0425562 401.944 0 0
1500 110.4 -7.70761 18.0742 0.89718 -0.187036 401.441 0 0
1500 37.8316 -4.7897 18.417 -0.34728 -0.131803 397.593 0 0
1500 93.7022 9.17977 18.1411 0.668499 0.194032 400.86 0 0
1500 88.4142 49.7864 18.1863 0.541856 0.908927 398.719 0 0
1500 312.702 -74.4442 17.9356 4.28076 -1.18202 399.148 0 0
1500 35.5248 18.5321 18.4988 -0.376054 0.379064 397.574 0 0
1500 22.0441 14.9526 17.9701 -0.629263 0.18841 401.262 0 0
1500 125.733 -49.4949 18.1117 1.21115 -0.819416 400.936 0 0
1500 93.8314 -49.9085 18.3468 0.666537 -0.901001 400.455 0 0
1500 131.06 34.6838 17.9856 1.27069 0.612305 401.131 0 0
1500 95.2878 -31.9125 18.076 0.640207 -0.60457 400.962 0 0
1500 140.453 19.5523 18.3084 1.49041 0.362874 402.035 0 0
1500 63.6021 -42.4758 18.4024 0.136806 -0.850311 401.155 0 0
1500 63.9854 37.052 18.1743 0.0911496 0.762714 401.192 0 0
1500 210.704 -164.357 18.2957 2.95577 -3.11356 399.603 0 0
1500 98.9427 -9.8385 18.0988 0.64092 -0.195892 402.325 0 0
1500 89.4808 21.7752 17.8659 0.511979 0.28257 402.937 0 0
1500 110.104 -18.5559 17.9487 0.826251 -0.254963 402.682 0 0
1500 107.838 29.988 17.9465 0.797156 0.43726 402.405 0 0
1500 78.2577 11.763 18.5397 0.427895 0.244223 402.248 0 0
1500 87.1925 19.5678 18.5343 0.558235 0.358873 402.659 0 0
1500 39.2956 -51.3187 17.9175 -0.34276 -0.77858 402.544 0 0
1500 87.7965 -45.3467 18.0659 0.492862 -0.75616 402.804 0 0
1500 83.0874 56.5739 17.793 0.377265 0.928626 402.769 0 0
1500 6.95751 31.3853 17.8106 -0.824609 0.530873 402.671 0 0
1500 1.48448 2.01314 17.9393 -0.905285 0.0710166 402.709 0 0
1500 100.491 20.8767 18.0209 0.738833 0.278623 402.674 0 0
1500 63.8452 -13.7116 18.1302 0.126408 -0.288059 402.487 0 0
1500 154.453 -46.5327 17.8994 1.56546 -0.755515 402.367 0 0
1500 44.9867 41.3628 17.8305 -0.242484 0.703841 402.57 0 0
1500 34.3079 -24.5253 17.9258 -0.40442 -0.438472 402.602 0 0
1500 27.5991 -14.9383 17.9262 -0.508325 -0.290418 402.575 0 0
1500 77.015 -12.4189 17.9871 0.253266 -0.241176 402.558 0 0
1500 89.9083 8.22869 17.8283 0.571048 0.117248 402.751 0 0
1500 19.7019 -2.50343 17.8651 -0.687116 -0.0728209 402.604 0 0
1500 84.3599 -35.1266 17.9521 0.421112 -0.668046 402.454 0 0
1500 24.7166 -3.12598 18.0098 -0.605552 -0.112351 402.746 0 0
1500 107.99 16.3398 18.5126 1.06938 0.319249 402.339 0 0
1500 69.1768 -2.70582 18.3794 0.238479 0.0278209 403.108 0 0
1500 63.2229 -31.1828 18.1798 0.0969359 -0.497752 404.164 0 0
1500 82.9573 0.810354 17.9643 0.431314 0.0200974 404.116 0 0
1500 98.7753 23.5961 17.9541 0.659691 0.341809 403.26 0 0
1500 57.4803 22.2818 17.8911 0.0244267 0.376046 404.544 0 0
1500 43.7058 20.2947 17.8909 -0.168136 0.348349 404.528 0 0
1500 82.9872 -0.991002 18.1386 0.406881 -0.0775272 405.516 0 0
1500 61.9033 7.18199 18.1738 0.124597 0.157939 406.378 0 0
1500 82.2051 -1.63072 17.9837 0.367521 -0.0907306 405.163 0 0
1500 55.4324 -31.1653 17.9806 -0.00488326 -0.503152 404.932 0 0
1500 58.5256 -39.3683 18.0466 0.011416 -0.616024 405.152 0 0
1500 81.6568 26.372 17.9572 0.408957 0.398066 404.988 0 0
1500 63.0089 29.5565 18.3278 0.105424 0.469549 406.645 0 0
1500 60.7317 -3.21963 17.9526 0.117023 -0.0262289 405.685 0 0
1500 63.1796 34.682 17.8391 0.124925 0.530638 405.06 0 0
1500 62.7935 -26.0577 18.1632 0.0812909 -0.4243 406.414 0 0
1500 79.3586 -12.6196 18.0157 0.360969 -0.198182 408.499 0 0
1500 104.472 -19.8043 17.8892 0.735897 -0.268738 404.426 0 0
1500 91.0842 9.51667 17.9679 0.548543 0.143163 406.743 0 0
1500 79.8968 16.7949 18.2185 0.408542 0.262796 408.335 0 0
1500 89.8317 12.6217 18.0858 0.522285 0.223962 407.714 0 0
1500 11.8158 -33.3667 17.9151 -0.746869 -0.504065 403.251 0 0
1500 67.1888 -13.6032 18.0416 0.21969 -0.192819 408.521 0 0
1500 -2.77902 17.0846 17.8152 -0.924316 0.294467 406.26 0 0
1500 1.70264 33.5754 17.836 -0.908447 0.513583 403.706 0 0
1500 49.6388 17.4663 17.8181 -0.118267 0.31492 407.792 0 0
1500 108.47 44.4225 17.7904 0.74823 0.73371 403.821 0 0
1500 83.8936 33.4673 17.9205 0.426116 0.477806 409.529 0 0
1500 88.4251 61.8337 17.8068 0.398245 0.969143 404.184 0 0
1500 2.04921 30.4952 17.808 -0.890629 0.512689 403.28 0 0
1500 85.9525 58.5107 17.8113 0.354272 0.901147 405.601 0 0
1500 90.0791 25.125 18.0263 0.504838 0.413268 408.122 0 0
1500 74.1302 16.2679 18.0337 0.279348 0.286955 408.712 0 0
1500 20.3066 -43.6505 17.8533 -0.622458 -0.625811 404.783 0 0
1500 40.4171 64.2473 17.8758 -0.231524 1.01027 405.435 0 0
1500 103.833 38.9649 17.8817 0.683245 0.628811 406.706 0 0
1500 114.01 24.9118 18.0097 0.932669 0.358844 404.19 0 0
1500 101.872 -13.9577 17.9273 0.654127 -0.261004 408.593 0 0
1500 77.5709 -27.0346 18.1769 0.324617 -0.482089 403.724 0 0
1500 107.23 -27.9129 17.9276 0.830696 -0.401557 403.661 0 0
1500 103.858 -12.9665 17.9332 0.787163 -0.177088 403.031 0 0
1500 74.9018 -52.2845 17.8643 0.337931 -0.806312 403.144 0 0
1500 116.999 -16.9345 17.8576 0.965689 -0.263009 404.13 0 0
1500 69.0144 65.0943 17.8157 0.123908 1.03369 404.848 0 0
1500 41.9183 -27.3258 17.9286 -0.259676 -0.436205 409.359 0 0
1500 11.1126 -24.2608 17.9149 -0.751533 -0.427898 403.583 0 0
1500 89.0761 -25.3444 17.9983 0.498468 -0.465227 403.158 0 0
1500 46.424 -38.0533 18.0006 -0.141894 -0.602478 409.393 0 0
1500 76.6898 -47.6546 17.9936 0.284218 -0.743581 408.745 0 0
1500 55.2617 -35.3635 18.0024 -0.0181831 -0.563658 409.543 0 0
1500 50.9947 54.6694 17.8954 -0.137065 0.895151 404.021 0 0
1500 69.4394 29.6279 17.9115 0.131874 0.474714 409.593 0 0
1500 56.4964 22.946 18.1864 -0.0509708 0.331285 403.499 0 0
1500 55.3376 4.63309 18.1893 -0.0689404 0.0505148 403.314 0 0
1500 59.1754 -9.05102 18.5324 0.0884027 -0.205837 405.583 0 0
1500 111.807 -37.1246 17.8075 0.874358 -0.564085 405.492 0 0
1500 88.5217 42.2964 17.8209 0.502989 0.592355 408.694 0 0
1500 98.6357 -53.3507 17.8071 0.674327 -0.801904 405.846 0 0
1500 111.404 -9.13751 17.8151 0.888481 -0.150001 403.973 0 0
1500 111.408 35.3051 17.8108 0.844745 0.502282 407.37 0 0
1500 8.44734 -5.34057 18.0194 -0.783003 -0.0761709 405.96 0 0
1500 67.878 -27.2483 18.7301 0.229454 -0.46831 406.131 0 0
1500 85.8554 34.7609 17.9034 0.512707 0.52077 403.651 0 0
1500 13.0094 5.77454 17.8662 -0.69891 0.165657 403.487 0 0
1500 49.5407 -29.4414 18.0789 -0.121384 -0.469742 410.928 0 0
1500 86.2895 27.3994 17.9063 0.519401 0.44177 403.849 0 0
1500 83.4959 -10.9443 17.9122 0.47967 -0.150155 403.4 0 0
1500 73.5729 -32.0215 17.8326 0.317608 -0.488071 403.288 0 0
1500 60.1899 19.5004 17.8396 0.0985614 0.281784 410.43 0 0
1500 50.2706 -15.7959 18.1161 -0.0893328 -0.285136 411.495 0 0
1500 51.8785 -0.371689 18.1786 -0.124896 0.00994799 404.125 0 0
1500 87.4567 -37.9701 18.131 0.47708 -0.649787 405.285 0 0
1500 57.6323 -0.826605 17.8625 0.0658116 0.00182979 410.367 0 0
1500 51.044 36.7771 17.9693 -0.145638 0.635122 403.074 0 0
1500 98.3613 -6.60414 18.1982 0.667826 -0.120313 411.348 0 0
1500 77.3561 32.6012 17.9994 0.268341 0.522222 410.866 0 0
1500 63.0036 59.4882 17.983 0.0726923 0.963971 405.973 0 0
1500 92.2235 41.5564 17.9879 0.516183 0.701816 405.319 0 0
1500 77.8258 49.3249 18.0911 0.336525 0.817342 405.825 0 0
1500 75.0457 41.7188 18.0964 0.297136 0.70872 405.278 0 0
1500 80.8849 40.8287 18.087 0.431146 0.674782 405.47 0 0
1500 90.1423 -29.0472 18.4605 0.55631 -0.506275 406.752 0 0
1500 110.832 11.4789 18.0313 0.883577 0.127184 405.823 0 0
1500 70.5157 -28.7676 17.998 0.227958 -0.461694 411.559 0 0
1500 98.8579 -51.5329 17.975 0.652514 -0.815804 408.34 0 0
1500 45.4018 -38.3022 17.8844 -0.237416 -0.650363 404.717 0 0
1500 79.0504 -7.83676 17.8946 0.284881 -0.182495 403.978 0 0
1500 81.011 -29.6143 17.8129 0.379125 -0.458342 410.922 0 0
1500 94.9446 -52.6147 17.793 0.610935 -0.830803 406.859 0 0
1500 123.666 6.79086 17.7925 1.03803 0.0589699 407.064 0 0
1500 44.6571 -4.93172 18.0613 -0.223581 -0.134796 405.359 0 0
1500 55.7308 -57.0963 17.8872 -0.107037 -0.890038 404.614 0 0
1500 98.7311 47.3035 17.9052 0.607298 0.78387 406.992 0 0
1500 40.8673 60.3915 17.9061 -0.251109 0.941373 409.752 0 0
1500 96.2794 25.7961 17.9273 0.673222 0.386674 405.895 0 0
1500 75.549 43.9099 17.8745 0.270348 0.729201 407.614 0 0
1500 61.0815 -2.25328 17.8913 0.0565408 0.0423457 405.362 0 0
1500 -40.1213 18.232 17.9191 -1.6116 0.336404 403.723 0 0
1500 111.961 -6.15959 17.8069 0.896115 -0.105331 406.14 0 0
1500 -4.92418 -19.0636 17.8189 -0.978548 -0.238293 409.457 0 0
1500 3.37611 36.7605 17.8168 -0.866925 0.580891 408.724 0 0
1500 -7.7658 -12.1132 17.8172 -1.02787 -0.13814 408.926 0 0
1500 98.8404 -5.04445 17.9524 0.657903 -0.0668114 412.007 0 0
1500 42.2348 59.0909 17.9323 -0.306065 0.949349 405.139 0 0
1500 101.557 38.6041 18.0759 0.700165 0.694355 403.482 0 0
1500 97.5768 25.4462 18.0136 0.701999 0.388659 406.738 0 0
1500 86.712 -4.73697 18.2861 0.515192 -0.0818767 413.847 0 0
1500 104.961 3.33597 18.0638 0.787069 0.112588 407.188 0 0
1500 92.3787 29.7231 18.0667 0.550469 0.473688 412.656 0 0
1500 67.4704 30.0826 18.2286 0.207453 0.532442 407.162 0 0
1500 118.581 13.7139 18.0576 0.983858 0.252256 409.029 0 0
1500 101.025 22.596 18.0668 0.738788 0.391875 407.651 0 0
1500 84.3913 19.8017 18.0895 0.427655 0.33729 413.629 0 0
1500 98.0906 -0.418825 17.943 0.723125 0.0135196 404.632 0 0
1500 102.299 38.0493 17.844 0.684889 0.600808 411.316 0 0
1500 57.781 20.5161 17.891 0.0595123 0.377349 404.823 0 0
1500 6.01543 -27.915 17.8135 -0.822299 -0.407455 411.24 0 0
1500 89.7953 24.9134 17.8909 0.508073 0.396229 412.802 0 0
1500 121.651 -5.98348 18.0591 1.09447 -0.0491946 405.312 0 0
1500 38.2986 28.7826 17.9504 -0.384184 0.429623 403.685 0 0
1500 108.585 43.6929 17.869 0.827267 0.643517 409.627 0 0
1500 76.3889 -25.2128 17.8931 0.333365 -0.355291 413.315 0 0
1500 93.2769 28.6534 17.8859 0.574798 0.402872 412.72 0 0
1500 105.03 -0.745611 17.8843 0.742481 -0.0125728 412.568 0 0
1500 73.1551 -28.9052 17.8928 0.288151 -0.407173 413.29 0 0
1500 69.7509 35.9813 18.0298 0.221581 0.626016 407.24 0 0
1500 87.4775 37.0505 17.9238 0.506069 0.622857 407.902 0 0
1500 63.548 60.0832 17.916 0.13964 0.951528 409.359 0 0
1500 64.3298 35.3489 17.9327 0.143429 0.553882 413.032 0 0
1500 98.9836 51.7635 17.854 0.6694 0.815543 409.437 0 0
1500 98.7458 38.1863 18.0981 0.651792 0.647221 408.906 0 0
1500 78.7159 -12.282 18.0181 0.375363 -0.197066 413.997 0 0
1500 -7.2302 -14.4791 17.9011 -1.01916 -0.281643 408.597 0 0
1500 82.7451 14.1759 17.8293 0.44982 0.261648 406.665 0 0
1500 84.2858 50.4966 17.8125 0.462577 0.808143 408.226 0 0
1500 113.749 29.3095 17.8077 0.899014 0.479367 409.098 0 0
1500 127.527 -36.9339 18.1713 1.22854 -0.611318 405.013 0 0
1500 46.8107 58.9431 17.8288 -0.242149 0.917122 408.487 0 0
1500 22.453 38.1536 18.1543 -0.626277 0.639101 403.965 0 0
1500 63.1803 -51.9015 17.9222 0.101041 -0.864842 408.349 0 0
1500 38.9726 9.51783 17.9424 -0.294856 0.188847 414.459 0 0
1500 89.9299 23.1859 18.1072 0.507062 0.428124 408.291 0 0
1500 75.1162 29.7296 18.1095 0.281925 0.529318 408.117 0 0
1500 54.6808 28.6004 18.1121 -0.03061 0.513568 407.924 0 0
1500 99.2981 -50.562 17.8051 0.673421 -0.796689 409.853 0 0
1500 84.3112 -12.2289 17.9228 0.463461 -0.272224 404.427 0 0
1500 87.0143 14.44 18.1282 0.547112 0.180454 408.223 0 0
1500 84.7273 7.99021 18.4821 0.475912 0.166969 416.44 0 0
1500 34.4855 2.50899 18.0072 -0.395272 0.0870909 408.334 0 0
1500 71.5025 -56.1571 17.8784 0.275868 -0.890713 408.879 0 0
1500 68.6504 -27.3678 17.8951 0.238291 -0.465378 407.313 0 0
1500 89.5009 -44.7789 17.8798 0.550153 -0.720172 408.702 0 0
1500 118.028 -23.8429 17.8738 0.941726 -0.384818 411.636 0 0
1500 77.0957 -20.5223 17.8953 0.369503 -0.359178 407.297 0 0
1500 121.453 -15.5422 17.8731 0.994551 -0.264842 411.429 0 0
1500 114.323 -18.247 17.8788 0.876044 -0.299374 412.561 0 0
1500 71.5905 -2.76782 18.5438 0.296226 0.0334998 409.589 0 0
1500 98.1914 -6.4683 18.262 0.673652 -0.13733 414.061 0 0
1500 109.931 -27.7693 17.8938 0.858376 -0.376969 408.928 0 0
1500 74.4164 -0.839248 18.0004 0.347889 -0.0396873 407.813 0 0
1500 70.7582 -0.0507769 18.054 0.207597 0.0745964 407.896 0 0
1500 82.5727 25.0228 18.0471 0.351114 0.416152 415.152 0 0
1500 85.8147 47.5271 18.0329 0.429079 0.789907 409.657 0 0
1500 64.2109 23.5837 18.0507 0.0950945 0.394566 415.434 0 0
1500 94.2356 -7.61498 18.233 0.664777 -0.0739367 409.41 0 0
1500 1.346 3.89992 17.9523 -0.896641 0.110857 409.411 0 0
1500 82.1648 5.82299 18.2613 0.449454 0.064424 416.215 0 0
1500 83.3887 -18.0628 18.2574 0.514899 -0.291067 409.336 0 0
1500 93.6155 9.82513 18.2564 0.610053 0.120042 415.813 0 0
1500 70.8402 51.3615 17.967 0.211337 0.797407 414.054 0 0
1500 102.289 -15.9052 17.998 0.712168 -0.209523 414.792 0 0
1500 58.7221 -8.595 17.9789 0.0421181 -0.210323 408.028 0 0
1500 76.0326 -1.35096 17.9773 0.310903 -0.0974656 408.134 0 0
1500 62.1347 -19.0246 17.9761 0.0949412 -0.371532 408.208 0 0
1500 62.5984 -59.1205 17.8786 0.129871 -0.919935 411.786 0 0
1500 16.2417 33.2083 17.8163 -0.691207 0.51383 411.355 0 0
1500 97.8268 49.8329 17.9238 0.643019 0.768599 413.156 0 0
1500 129.926 -23.8557 18.1119 1.19986 -0.451388 407.341 0 0
1500 102.173 -16.6267 18.0214 0.754176 -0.341294 406.662 0 0
1500 53.7294 -45.3915 17.7969 -0.018958 -0.731075 411.559 0 0
1500 77.7231 -39.6815 17.797 0.337873 -0.646955 411.485 0 0
1500 63.557 -39.505 17.7995 0.128924 -0.653144 410.578 0 0
1500 19.136 40.1846 17.8147 -0.555963 0.679285 409.663 0 0
1500 92.8375 32.0817 17.8183 0.574713 0.55855 409.287 0 0
1500 62.0315 53.2476 17.8172 0.0935628 0.820983 414.291 0 0
1500 35.2929 39.1243 17.821 -0.311796 0.669458 409.039 0 0
1500 46.1311 52.7669 17.8172 -0.133563 0.814035 414.298 0 0
1500 125.793 0.257056 17.8056 1.0447 0.066571 411.591 0 0
1500 69.5555 29.7283 17.8288 0.198058 0.477801 415.346 0 0
1500 59.6153 23.0187 17.8311 0.0645992 0.425753 408.274 0 0
1500 96.1452 46.0799 17.8119 0.58634 0.725341 413.639 0 0
1500 105.452 -52.3332 18.0682 0.825268 -0.930983 405.76 0 0
1500 52.3127 -18.3142 18.0064 -0.144362 -0.283368 409.027 0 0
1500 40.2842 11.271 18.0053 -0.330528 0.17522 409.097 0 0
1500 71.5109 37.5573 18.0287 0.199261 0.706996 404.137 0 0
1500 77.0575 62.3502 17.9743 0.287888 0.995629 412.18 0 0
1500 35.2711 4.05398 18.0003 -0.346126 0.138907 409.16 0 0
1500 -5.68676 22.8 17.8265 -0.940164 0.38786 414.888 0 0
1500 82.0621 -24.0308 17.8311 0.447943 -0.390877 409.023 0 0
1500 114.993 8.72066 17.8159 0.937984 0.115507 410.52 0 0
1500 104.618 -46.974 17.8103 0.763682 -0.714868 411.959 0 0
1500 106.344 -45.2385 17.811 0.778643 -0.679728 412.884 0 0
1500 121.671 9.93962 17.8111 1.02375 0.132002 411.528 0 0
1500 108.09 -43.8278 17.8102 0.809869 -0.663649 412.411 0 0
1500 122.003 8.70985 17.811 1.02802 0.113527 411.573 0 0
1500 80.3283 -37.1793 17.8286 0.383223 -0.541844 415.364 0 0
1500 122.153 16.272 17.9107 1.01389 0.207968 413.257 0 0
1500 77.6369 10.8027 18.0007 0.394139 0.132889 409.409 0 0
1500 87.2556 -33.9096 17.9916 0.493066 -0.50776 415.955 0 0
1500 119.916 -11.3267 17.9762 1.00594 -0.201126 412.147 0 0
1500 123.68 -0.713516 17.9751 1.04533 -0.0428482 413.211 0 0
1500 122.62 3.7555 17.9754 1.04074 0.022721 412.493 0 0
1500 84.2262 -3.67975 17.9985 0.49496 -0.0910675 409.562 0 0
1500 71.925 1.77426 18.0029 0.30641 -0.00687694 409.265 0 0
1500 91.7369 10.9606 17.9966 0.552691 0.122139 416.388 0 0
1500 61.7395 -40.0265 18.2739 0.118127 -0.679125 411.104 0 0
1500 70.2958 -35.5404 18.275 0.247522 -0.612269 411.016 0 0
1500 71.5471 64.1031 17.8545 0.215976 1.0089 413.222 0 0
1500 55.0907 14.0765 18.0202 -0.0934848 0.243702 409.679 0 0
1500 3.9994 -10.4577 17.8123 -0.847651 -0.15618 414.746 0 0
1500 64.5511 -6.57089 17.8328 0.0217551 -0.110183 408.61 0 0
1500 99.8402 24.3444 18.5125 0.744063 0.429289 412.285 0 0
1500 41.6289 -32.6309 18.0131 -0.305274 -0.508979 410.087 0 0
1500 57.3523 -38.1895 18.0129 -0.0634523 -0.594369 410.098 0 0
1500 106.566 0.167514 17.8259 0.719038 0.0671703 415.349 0 0
1500 121.097 -14.2018 17.8684 1.01036 -0.245153 412.367 0 0
1500 119.778 17.7575 17.8344 0.993462 0.29094 412.141 0 0
1500 72.0206 66.7182 17.8337 0.277458 1.01022 412.906 0 0
1500 85.9397 4.95652 17.8353 0.452145 0.0355674 416.602 0 0
1500 84.8088 -32.1032 17.8793 0.45153 -0.467961 416.928 0 0
1500 83.4904 52.6091 17.8895 0.434042 0.8575 412.336 0 0
1500 57.4288 44.3544 17.9022 0.0379637 0.684908 416.977 0 0
1500 48.3075 21.7077 17.9729 -0.137797 0.413721 410.625 0 0
1500 109.039 6.13684 17.873 0.836198 0.024323 409.694 0 0
1500 113.68 19.6003 18.432 0.981668 0.392578 408.511 0 0
1500 104.736 -14.6078 17.9063 0.774905 -0.165432 411.493 0 0
1500 75.978 10.2562 17.9192 0.33974 0.218784 410.477 0 0
1500 40.0852 -13.7848 17.9546 -0.277847 -0.279444 412.495 0 0
1500 62.0661 -3.35879 17.9585 0.0506791 -0.114987 416.608 0 0
1500 58.9794 6.47939 18.3893 0.0910835 0.173254 412.622 0 0
1500 57.8185 21.5416 18.3866 0.0667475 0.363561 419.379 0 0
1500 112.537 -32.3337 17.8147 0.889805 -0.458243 412.95 0 0
1500 69.5846 11.8312 17.8403 0.225303 0.192468 418.041 0 0
1500 105.585 24.3759 17.8205 0.795693 0.401635 412.061 0 0
1500 106.491 -17.8011 18.3167 0.825325 -0.348111 411.844 0 0
1500 87.0691 -26.7713 18.0772 0.551939 -0.410854 412.367 0 0
1500 89.3019 6.48517 18.2737 0.543973 0.174192 412.557 0 0
1500 117.086 -28.7925 17.9441 0.95321 -0.429948 415.422 0 0
1500 88.1659 -24.2606 17.9973 0.51208 -0.443361 412.317 0 0
1500 53.2961 -11.8025 17.9362 -0.134097 -0.154703 411.255 0 0
1500 79.5513 -20.8013 17.9281 0.286857 -0.356252 418.736 0 0
1500 147.425 -17.9278 17.9338 1.57661 -0.307862 406.945 0 0
1500 80.2943 0.555956 18.5733 0.48655 0.0584242 414.159 0 0
1500 10.7691 -27.9968 17.8277 -0.731945 -0.503205 412.744 0 0
1500 43.7588 -46.2533 17.8337 -0.212355 -0.727771 417.623 0 0
1500 83.6814 5.793 17.8923 0.430572 0.0573076 418.756 0 0
1500 103.251 -44.1202 17.8685 0.753391 -0.68575 414.112 0 0
1500 91.795 56.3101 17.9459 0.558404 0.872925 415.948 0 0
1500 81.9269 -12.5556 17.8542 0.387309 -0.128351 418.674 0 0
1500 98.2177 11.4975 17.8469 0.620711 0.210454 418.087 0 0
1500 99.3844 -30.5142 17.8098 0.657613 -0.430849 417.555 0 0
1500 114.469 -35.8217 17.7966 0.901791 -0.523428 415.286 0 0
1500 92.3601 -47.7449 17.8052 0.561522 -0.681338 417.052 0 0
1500 87.7994 28.6917 17.8157 0.48867 0.409846 418.103 0 0
1500 114.169 -36.474 17.7964 0.899793 -0.534479 415.103 0 0
1500 97.2405 35.6262 17.8059 0.673754 0.550009 412.693 0 0
1500 58.9956 61.7975 17.8019 0.0873561 0.943543 413.197 0 0
1500 80.2752 -23.3581 17.8185 0.421076 -0.359441 411.584 0 0
1500 83.1882 -30.745 17.8169 0.42285 -0.430162 418.204 0 0
1500 68.2663 10.9746 18.1678 0.241707 0.22674 414.035 0 0
1500 81.5064 34.0095 18.1574 0.426505 0.554473 416.244 0 0
1500 24.0037 22.3984 17.8808 -0.589174 0.357354 412.856 0 0
1500 36.2248 -53.3123 17.8481 -0.290735 -0.832537 417.543 0 0
1500 92.9524 -20.9754 17.8376 0.591045 -0.265836 412.243 0 0
1500 79.5237 44.2534 17.8328 0.351252 0.683741 418.052 0 0
1500 76.6554 51.9034 17.8288 0.312352 0.797352 417.626 0 0
1500 136.97 -7.81414 17.887 1.23377 -0.150112 415.761 0 0
1500 87.4993 -42.8506 18.0273 0.512722 -0.711139 413.942 0 0
1500 76.2961 63.7204 17.9739 0.281422 1.00947 415.827 0 0
1500 66.7732 37.8149 17.9939 0.134762 0.598916 419.223 0 0
1500 80.23 -13.6345 17.9216 0.319871 -0.282482 411.665 0 0
1500 110.067 34.7431 17.9233 0.865753 0.522522 414.918 0 0
1500 56.8607 -65.5223 17.8112 -0.00567233 -1.03268 416.264 0 0
1500 83.5763 -57.161 17.8143 0.381682 -0.900037 417.027 0 0
1500 101.283 -14.0238 17.8282 0.623486 -0.268278 418.675 0 0
1500 55.8423 -54.7699 17.8207 -0.0201137 -0.854333 417.919 0 0
1500 109.196 -30.9587 17.8032 0.809357 -0.453606 417.211 0 0
1500 22.7387 -47.3257 17.7985 -0.513421 -0.785977 414.385 0 0
1500 20.424 -42.1118 17.8027 -0.523826 -0.67571 417.487 0 0
1500 104.475 -45.1738 17.8017 0.743872 -0.647186 417.014 0 0
1500 103.926 -46.6716 17.9847 0.738769 -0.733659 416.977 0 0
1500 46.5709 20.9094 18.3373 -0.163846 0.446908 406.342 0 0
1500 113.108 -29.0312 17.8026 0.88688 -0.481984 414.934 0 0
1500 24.2128 -48.2457 17.7981 -0.534934 -0.805096 414.501 0 0
1500 48.3368 -61.3584 17.7977 -0.161741 -0.960117 417.511 0 0
1500 62.5342 -65.6988 17.8083 0.0784072 -1.04531 416.121 0 0
1500 114.689 3.06661 17.8174 0.878574 -0.0283274 413.956 0 0
1500 64.8134 -49.9673 17.8216 0.107939 -0.78198 418.753 0 0
1500 87.4531 -36.9865 17.824 0.429068 -0.595064 418.986 0 0
1500 64.582 -49.8079 17.9465 0.134513 -0.769604 419.272 0 0
1500 85.1002 -47.6757 17.8684 0.374243 -0.789595 414.141 0 0
1500 230.925 6.5342 17.8542 2.76446 0.0917413 412.989 0 0
1500 49.041 6.44303 17.9282 -0.19724 0.0619893 412.704 0 0
1500 22.672 -56.8384 17.8987 -0.575788 -0.875441 416.371 0 0
1500 6.69238 4.21685 17.9097 -0.839158 0.0266476 414.15 0 0
1500 125.976 12.266 17.8015 1.0416 0.117963 416.163 0 0
1500 117.99 -18.3052 17.8065 0.902039 -0.327067 417.756 0 0
1500 -4.49259 -22.6794 17.8148 -0.989805 -0.350512 416.808 0 0
1500 57.7527 35.4504 18.0651 0.0111851 0.567417 419.825 0 0
1500 65.9972 20.0982 18.0694 0.138028 0.381705 414.204 0 0
1500 153.554 -15.7142 17.9265 1.59974 -0.319545 410.547 0 0
1500 95.9978 40.8985 17.9382 0.613637 0.756916 409.338 0 0
1500 23.5587 34.5982 17.8708 -0.511824 0.553345 419.608 0 0
1500 66.5373 33.1868 18.479 0.217922 0.571195 415.78 0 0
1500 80.3086 33.4769 18.1792 0.378088 0.528699 420.996 0 0
1500 47.7248 37.7841 18.2594 -0.18019 0.73137 407.055 0 0
1500 71.5554 -5.36978 18.1705 0.293939 -0.0661336 421.788 0 0
1500 75.5066 3.94446 18.4923 0.313399 0.121042 423.034 0 0
1500 25.1694 -41.0596 17.8247 -0.597617 -0.635822 412.833 0 0
1500 -7.05393 -17.1748 17.8966 -1.0213 -0.236142 417.008 0 0
1500 0.671178 29.8228 17.8995 -0.890727 0.448391 418.278 0 0
1500 94.427 -23.235 17.9455 0.551734 -0.452387 408.509 0 0
1500 123.495 14.9193 17.7933 0.961048 0.289525 417.917 0 0
1500 34.4152 -43.2843 18.0605 -0.377306 -0.713435 415.28 0 0
1500 62.8046 11.8878 17.9562 0.141628 0.242488 413.614 0 0
1500 99.0877 40.4878 17.933 0.683966 0.665846 415.713 0 0
1500 109.33 -8.17927 17.9383 0.846824 -0.0682947 415.047 0 0
1500 105.067 -12.8061 17.9226 0.741134 -0.153011 420.118 0 0
1500 100.111 -30.976 18.0443 0.698846 -0.534451 415.8 0 0
1500 70.1723 22.7691 17.863 0.242134 0.31843 421.103 0 0
1500 120.755 -3.65528 17.872 1.04816 -0.00251253 413.144 0 0
1500 106.209 -44.0551 17.962 0.877357 -0.752678 410.463 0 0
1500 96.2989 23.1106 18.1489 0.619818 0.398591 419.372 0 0
1500 101.49 46.9108 17.9101 0.726909 0.72877 417.124 0 0
1500 77.412 -14.4707 18.1204 0.348448 -0.251085 422.308 0 0
1500 79.0111 -62.6819 17.9526 0.352976 -0.985787 418.283 0 0
1500 89.2354 -26.5242 17.9691 0.526279 -0.477426 415.232 0 0
1500 65.9299 -62.202 17.9547 0.164332 -0.9969 417.041 0 0
1500 98.8994 -50.9255 17.9527 0.64899 -0.819439 417.793 0 0
1500 49.7004 -41.8997 17.9688 -0.0799599 -0.712956 415.256 0 0
1500 23.0342 -43.2215 17.832 -0.601264 -0.622912 415.538 0 0
1500 24.0671 -11.5017 17.8426 -0.594102 -0.139724 414.587 0 0
1500 37.4714 21.7584 18.118 -0.295964 0.353492 422.485 0 0
1500 -10.9477 45.7 17.8161 -1.10296 0.663129 417.197 0 0
1500 43.4293 25.8621 17.9377 -0.277313 0.356721 414.727 0 0
1500 56.994 -3.62643 17.943 -0.0671266 -0.101518 414.386 0 0
1500 59.7881 23.4473 18.2309 -0.0189119 0.397543 409.936 0 0
1500 93.8208 23.2386 18.2209 0.569818 0.433106 413.792 0 0
1500 3.08128 -33.2928 17.8173 -0.897194 -0.506348 417.245 0 0
1500 21.6057 -45.1041 17.8224 -0.629667 -0.693782 416.216 0 0
1500 5.65921 -41.1605 17.8164 -0.845661 -0.614672 418.268 0 0
1500 0.000725409 0.865754 17.8214 -0.955897 0.00490196 416.364 0 0
1500 23.2183 -41.9862 17.8248 -0.608024 -0.649457 415.906 0 0
1500 70.7697 -17.1818 17.8445 0.121147 -0.277571 414.277 0 0
1500 120.897 -14.3873 17.8266 0.970644 -0.2563 419.16 0 0
1500 42.509 56.095 17.9885 -0.239805 0.913543 416.968 0 0
1500 63.1511 -49.3421 17.9833 0.0779988 -0.765419 421.373 0 0
1500 92.7638 -13.5033 17.9893 0.54082 -0.283459 415.466 0 0
1500 100.798 -34.0717 18.2231 0.743314 -0.556958 417.817 0 0
1500 80.658 -29.8099 18.2343 0.4516 -0.502213 416.662 0 0
1500 12.9265 12.995 17.9231 -0.745177 0.159812 415.912 0 0
1500 31.8042 27.5686 17.9292 -0.459338 0.386232 415.405 0 0
1500 73.8216 1.42899 17.8892 0.181949 0.0577154 412.357 0 0
1500 76.8352 2.50209 17.9939 0.337608 -0.002945 422.795 0 0
1500 86.9091 14.4329 17.9884 0.530151 0.180716 415.651 0 0
1500 111.761 -32.2359 17.9698 0.85299 -0.503327 420.243 0 0
1500 22.9322 -43.3017 17.9526 -0.561583 -0.714285 417.077 0 0
1500 33.8035 -51.5652 17.9517 -0.396357 -0.837783 417.199 0 0
1500 75.02 -19.7529 17.9713 0.20846 -0.32934 422.821 0 0
1500 -43.7411 -32.2684 17.981 -1.70162 -0.592286 412.34 0 0
1500 25.54 54.1913 17.9761 -0.510467 0.965188 412.412 0 0
1500 123.372 19.0041 17.8037 1.01538 0.222108 418.347 0 0
1500 122.394 21.4535 17.804 1.00236 0.259081 418.241 0 0
1500 39.0024 -58.0815 17.8099 -0.235649 -0.896543 420.743 0 0
1500 50.7677 -43.2705 17.8189 -0.0708356 -0.732191 416.089 0 0
1500 93.7364 54.9317 17.8142 0.586015 0.83478 419.921 0 0
1500 61.318 45.5915 17.9019 -0.0142091 0.723235 416.645 0 0
1500 69.3734 2.57276 18.0198 0.275897 0.0656877 414.659 0 0
1500 30.0348 11.3821 17.9466 -0.477122 0.124399 416.262 0 0
1500 84.0574 -76.3901 17.8043 0.431706 -1.16703 420.14 0 0
1500 95.7523 -4.024 18.0404 0.67879 -0.0794338 417.355 0 0
1500 41.7567 -42.3572 18.1621 -0.235654 -0.70888 418.059 0 0
1500 120.188 43.7878 17.9531 1.13056 0.745452 411.255 0 0
1500 35.688 -4.76188 17.9887 -0.392775 -0.113896 416.629 0 0
1500 55.2857 9.80084 17.9928 -0.0895209 0.112172 416.367 0 0
1500 75.1461 12.2624 18.294 0.272991 0.234276 425.189 0 0
1500 112.551 15.4665 17.8169 0.826499 0.276142 421.91 0 0
1500 29.9363 -26.3264 17.8917 -0.45653 -0.477732 416.938 0 0
1500 65.4618 -32.5317 18.098 0.170498 -0.520352 423.316 0 0
1500 81.8314 -27.9936 18.096 0.40222 -0.457961 423.086 0 0
1500 192.26 23.7722 17.9106 2.18994 0.440146 415.275 0 0
1500 89.7849 -22.2481 17.9148 0.531651 -0.413134 417.294 0 0
1500 -3.81727 22.5309 17.8689 -0.982664 0.300437 419.525 0 0
1500 6.44937 -7.8898 17.8804 -0.789444 -0.146428 422.91 0 0
1500 0.65866 -0.403768 17.8742 -0.929999 -0.0426936 418.504 0 0
1500 93.2924 -41.1114 18.1864 0.604458 -0.681899 419.564 0 0
1500 100.604 -31.294 18.1872 0.714781 -0.536234 419.454 0 0
1500 94.1588 23.6287 18.1995 0.663989 0.477367 412.049 0 0
1500 63.1038 -1.76041 18.2285 0.10466 -0.0916334 425.739 0 0
1500 35.014 1.02448 18.074 -0.399188 0.00042927 417.552 0 0
1500 36.7823 2.71074 17.9124 -0.328802 -0.0190297 424.455 0 0
1500 86.5636 -52.447 17.9506 0.45062 -0.862573 419.569 0 0
1500 44.6227 -56.0762 17.9524 -0.180036 -0.921043 419.282 0 0
1500 95.6309 -52.7237 17.9472 0.579725 -0.856284 420.381 0 0
1500 80.848 4.73115 17.973 0.376934 -0.0039808 417.422 0 0
1500 82.0803 -32.8222 18.0411 0.337318 -0.552087 418.352 0 0
1500 57.6612 -54.6564 18.0315 -0.0362561 -0.874466 419.255 0 0
1500 68.6403 33.1298 18.2053 0.146492 0.591269 414.19 0 0
1500 7.85329 -73.5898 17.8628 -0.887563 -1.20063 415.322 0 0
1500 112.143 14.997 18.0732 0.882803 0.289262 419.846 0 0
1500 77.3553 27.0818 18.087 0.368614 0.480212 418.494 0 0
1500 27.1565 36.5168 17.9559 -0.559423 0.546763 414.892 0 0
1500 72.3557 21.3655 18.6042 0.27623 0.422231 413.454 0 0
1500 95.2717 18.6006 17.8064 0.623979 0.333028 418.848 0 0
1500 105.529 27.1795 17.7986 0.758512 0.450875 420.752 0 0
1500 64.7848 45.1684 17.8045 0.158037 0.735789 419.095 0 0
1500 81.3751 14.732 17.8145 0.383271 0.254958 423.736 0 0
1500 49.2975 40.8917 17.8665 -0.094802 0.643045 424.219 0 0
1500 135.221 -1.54281 17.9016 1.2344 -0.0732195 419.577 0 0
1500 97.7253 -12.2896 17.9055 0.693761 -0.188042 418.824 0 0
1500 106.706 -13.805 17.8998 0.823039 -0.20916 419.47 0 0
1500 99.3947 -7.07429 17.9052 0.718942 -0.10819 418.857 0 0
1500 46.837 0.712064 17.9192 -0.172326 -0.0666414 417.504 0 0
1500 88.0081 -53.5634 17.8951 0.433249 -0.841611 423.033 0 0
1500 92.9091 -52.1326 17.9177 0.605098 -0.804864 420.312 0 0
1500 59.7447 -23.7065 18.0205 0.00597358 -0.383744 426.308 0 0
1500 67.5259 9.63197 18.0591 0.155896 0.20488 424.99 0 0
1500 56.8014 34.0754 18.0513 0.00602022 0.588508 420.01 0 0
1500 96.1903 0.0247631 18.0002 0.685744 -0.0588006 415.708 0 0
1500 109.522 -24.6884 18.1319 0.847448 -0.411423 422.186 0 0
1500 98.0924 -8.6543 18.2113 0.726822 -0.15515 420.214 0 0
1500 118.534 10.1578 18.1892 1.10455 0.112115 413.67 0 0
1500 63.5288 65.7253 17.8375 0.126117 1.01898 422.652 0 0
1500 40.3597 52.6543 17.8448 -0.221705 0.864108 419.79 0 0
1500 125.533 -8.54617 17.8369 1.03593 -0.0665446 422.402 0 0
1500 74.9934 -5.43324 18.1957 0.285204 -0.142705 427.071 0 0
1500 92.1884 -38.8819 18.1777 0.568972 -0.657167 420.995 0 0
1500 102.065 5.40575 17.8324 0.682795 0.155294 420.52 0 0
1500 86.7346 8.52461 17.9524 0.556546 0.147084 415.459 0 0
1500 -9.53857 7.46087 17.8061 -1.02412 0.184509 421.463 0 0
1500 7.88201 -37.8065 17.9297 -0.797593 -0.608435 421.37 0 0
1500 45.4975 -91.2446 17.9019 -0.1994 -1.44769 421.05 0 0
1500 97.5319 -41.4419 17.9455 0.643073 -0.620455 424.844 0 0
1500 111.97 5.5539 18.0643 0.962783 0.0491057 416.829 0 0
1500 72.4577 22.2973 18.0809 0.322321 0.378344 419.916 0 0
1500 55.2604 -23.6029 18.0467 -0.0908568 -0.348235 419.701 0 0
1500 57.097 22.8656 18.3115 -0.0269514 0.345039 420.921 0 0
1500 107.944 -8.314 17.9315 0.829148 -0.201557 418.87 0 0
1500 112.017 -58.1317 17.8231 0.872195 -0.848896 422.942 0 0
1500 102.398 5.50118 18.4319 0.804036 0.0462098 422.734 0 0
1500 102.959 -9.09348 18.4309 0.811088 -0.170241 422.84 0 0
1500 101.2 -48.9361 17.8164 0.706768 -0.766446 422.573 0 0
1500 0.427799 -32.192 17.8254 -0.914068 -0.503864 423.455 0 0
1500 54.178 50.2639 18.0347 -0.0708652 0.826619 421.556 0 0
1500 25.6019 31.4493 17.849 -0.560966 0.52684 420.596 0 0
1500 63.1002 30.2262 18.2783 0.0970781 0.523863 421.558 0 0
1500 67.4277 64.1797 17.795 0.198477 0.96322 424.573 0 0
1500 80.9736 31.3437 17.8118 0.384499 0.473093 426.494 0 0
1500 82.1555 13.1696 17.8151 0.443203 0.238932 419.787 0 0
1500 71.481 -57.6455 17.9321 0.175976 -0.992001 417.934 0 0
1500 24.4015 -0.068158 17.8653 -0.593706 0.0599037 418.116 0 0
1500 65.7655 -63.9824 17.8653 0.167146 -0.980098 424.881 0 0
1500 57.4734 -13.9854 17.8912 0.0452021 -0.245874 427.58 0 0
1500 120.395 -15.476 17.865 0.959667 -0.277318 424.826 0 0
1500 45.0959 -7.55182 18.5973 -0.230848 -0.160091 413.95 0 0
1500 65.7084 -64.264 17.822 0.125573 -1.00934 424.603 0 0
1500 29.7945 57.0104 17.7954 -0.505317 0.860029 422.341 0 0
1500 26.7294 52.4728 17.901 -0.535417 0.806009 422.503 0 0
1500 27.2339 24.1988 17.9147 -0.539946 0.388579 421.012 0 0
1500 17.5414 16.5751 17.9143 -0.630085 0.247711 427.117 0 0
1500 72.5989 -20.9583 17.877 0.266022 -0.332472 427.603 0 0
1500 120.721 25.0915 17.8178 0.939829 0.438844 424.337 0 0
1500 116.476 32.2493 17.8173 0.888749 0.550857 423.476 0 0
1500 86.3871 40.525 17.8286 0.455675 0.695524 421.382 0 0
1500 -62.6317 -66.4377 17.8133 -1.86332 -0.967029 423.713 0 0
1500 -7.56853 -26.7025 17.8126 -0.97613 -0.460626 425.03 0 0
1500 71.8201 -29.7397 17.8731 0.159191 -0.512358 420.893 0 0
1500 4.66612 -17.0925 17.8576 -0.864962 -0.308921 422.333 0 0
1500 43.9679 -27.3301 18.1344 -0.213042 -0.485012 421.905 0 0
1500 70.1376 23.4308 18.1283 0.239093 0.434416 422.048 0 0
1500 55.1559 25.4904 18.1291 0.00944257 0.466379 421.993 0 0
1500 -9.02855 5.72229 17.822 -1.03834 0.143245 424.354 0 0
1500 58.9776 3.10436 18.1863 0.0262734 0.129393 417.735 0 0
1500 53.6714 -53.1999 17.9712 -0.0881764 -0.870321 422.861 0 0
1500 20.5785 -1.41826 17.9156 -0.644068 -0.0119117 421.875 0 0
1500 14.3965 9.77359 17.9139 -0.675695 0.146946 427.992 0 0
1500 12.7523 -21.8643 17.9111 -0.761345 -0.432163 418.643 0 0
1500 113.815 2.02604 17.9225 0.971372 0.0218585 420.185 0 0
1500 45.8343 145.135 17.8393 -0.210493 2.35943 421.242 0 0
1500 64.7525 -43.8182 17.9675 0.0453325 -0.748094 419.188 0 0
1500 79.3293 14.7532 17.9875 0.428947 0.243867 421.664 0 0
1500 108.954 43.3455 17.9245 0.875954 0.795049 418.186 0 0
1500 53.1083 -75.5893 17.8806 -0.0535889 -1.27076 421.225 0 0
1500 91.6156 -4.59654 18.1324 0.624606 -0.0466689 423.79 0 0
1500 35.1176 67.0226 17.9024 -0.422184 1.13397 420.54 0 0
1500 101.239 24.3104 18.3509 0.76258 0.482854 419.084 0 0
1500 108.905 -35.3077 18.1211 0.873846 -0.661973 419.302 0 0
1500 116.992 19.0774 18.0456 0.976995 0.288988 426.064 0 0
1500 29.0652 -19.6091 17.8389 -0.478426 -0.27052 429.801 0 0
1500 79.5005 -10.8029 18.3643 0.447928 -0.21761 424.973 0 0
1500 78.9065 2.45077 18.4444 0.432646 0.0368045 431.387 0 0
1500 105.33 -17.0669 18.3472 0.877539 -0.276152 423.35 0 0
1500 49.1828 -12.4277 18.0538 -0.183647 -0.238599 422.092 0 0
1500 71.9196 42.8689 17.8797 0.279648 0.706949 424.319 0 0
1500 87.4195 -16.2072 17.8871 0.522669 -0.202968 423.725 0 0
1500 112.702 -2.17756 17.8733 0.897434 0.0143905 424.978 0 0
1500 64.1543 13.0963 17.9598 0.0337895 0.21657 423.502 0 0
1500 47.3901 -29.0455 18.1866 -0.202938 -0.457565 422.82 0 0
1500 89.5957 28.0285 17.9689 0.527831 0.410616 430.587 0 0
1500 100.453 -9.77864 18.047 0.688442 -0.120418 430.813 0 0
1500 74.5826 14.2114 18.0014 0.258763 0.296245 423.758 0 0
1500 121.465 -47.7653 18.0656 1.15557 -0.879403 417.8 0 0
1500 54.808 50.269 18.0694 -0.0440219 0.831085 425.647 0 0
1500 31.7758 33.9993 18.0746 -0.395411 0.589293 425.158 0 0
1500 62.302 -35.0634 17.8183 0.0943891 -0.554397 430.658 0 0
1500 121.474 14.3302 17.8258 0.955949 0.272214 428.613 0 0
1500 79.9132 32.0139 17.8428 0.342316 0.514019 430.626 0 0
1500 116.251 13.7691 17.8303 0.870819 0.261285 429.346 0 0
1500 52.8769 61.5816 17.828 -0.0401151 0.953035 429.007 0 0
1500 60.6338 3.82945 18.0304 -0.0115117 0.0477722 424.213 0 0
1500 13.6326 -49.9484 17.8308 -0.646275 -0.804358 428.279 0 0
1500 118.249 15.7044 17.816 0.95159 0.29758 426.415 0 0
1500 117.265 -9.11482 17.8188 0.943438 -0.0771736 425.946 0 0
1500 45.3858 60.5866 17.8166 -0.147238 0.975902 426.306 0 0
1500 60.8707 6.41013 18.0923 0.0611008 0.156884 432.634 0 0
1500 -46.9944 -41.7308 17.9363 -1.75422 -0.642244 422.39 0 0
1500 117.138 9.96074 17.8404 0.963789 0.117683 426.401 0 0
1500 50.3494 -31.6706 17.9663 -0.175788 -0.466709 424.993 0 0
1500 46.5924 -5.53081 18.395 -0.166598 -0.0486597 426.275 0 0
1500 39.394 -0.76546 18.1223 -0.306429 -0.0635443 425.384 0 0
1500 78.0573 -23.4159 17.9184 0.271194 -0.422786 424.918 0 0
1500 19.4005 -19.8927 17.9106 -0.63292 -0.36468 425.526 0 0
1500 42.8561 -45.1527 17.9103 -0.250531 -0.692494 431.205 0 0
1500 59.9912 -21.106 17.9212 -0.0091375 -0.388107 424.725 0 0
1500 36.8703 -60.7241 17.8978 -0.343035 -0.934091 429.579 0 0
1500 88.382 -22.1185 18.0288 0.561417 -0.308251 425.694 0 0
1500 13.7604 36.8063 17.9532 -0.693546 0.618372 426.824 0 0
1500 82.5767 -10.5819 18.0332 0.413814 -0.112526 434.16 0 0
1500 117.869 -79.4493 17.8279 0.911095 -1.30348 425.414 0 0
1500 106.265 -99.4946 17.7929 0.660256 -1.51944 428.815 0 0
1500 92.4094 33.7191 17.9176 0.565304 0.49323 431.649 0 0
1500 40.4789 22.5229 18.0976 -0.310548 0.330678 426.142 0 0
1500 -14.9175 51.8244 17.8667 -1.1586 0.828613 427.254 0 0
1500 102.371 -21.8381 18.0532 0.748399 -0.367467 428.543 0 0
1500 152.681 -61.197 18.0527 1.57838 -1.05645 423.352 0 0
1500 70.0385 -71.4597 17.8074 0.238821 -1.06148 430.351 0 0
1500 74.8633 -48.9877 18.2229 0.310897 -0.89891 421.45 0 0
1500 88.135 20.4943 18.0623 0.547448 0.364778 426.825 0 0
1500 83.5602 -1.92491 17.8345 0.416679 -0.105787 425.511 0 0
1500 128.393 35.9922 18.1876 1.19982 0.633877 424.816 0 0
1500 26.7035 25.6435 17.8764 -0.494927 0.471339 426.334 0 0
1500 67.5488 64.395 17.8605 0.127967 1.00857 430.257 0 0
1500 69.1681 -16.453 18.3666 0.267859 -0.304536 430.151 0 0
1500 103.877 47.1323 17.892 0.74563 0.717641 430.092 0 0
1500 118.887 3.43907 17.8965 0.950501 0.0783611 431.125 0 0
1500 76.63 39.2711 17.8203 0.362371 0.615306 426.466 0 0
1500 78.5177 26.5462 17.8253 0.393945 0.421049 426.076 0 0
1500 104.335 -41.6069 17.8635 0.776985 -0.620981 428.314 0 0
1500 70.2628 6.26343 17.8892 0.245256 0.0919276 433.515 0 0
1500 100.941 13.2728 17.8254 0.662171 0.144761 432.701 0 0
1500 62.9003 -20.3476 17.8348 0.122202 -0.327829 433.451 0 0
1500 53.2239 -15.7151 17.8358 -0.0149624 -0.29406 425.894 0 0
1500 116.091 6.27695 17.8134 0.940915 0.0490457 427.881 0 0
1500 116.77 4.06519 17.8156 0.899409 0.0145913 431.673 0 0
1500 27.4961 -23.506 17.9377 -0.499052 -0.346036 431.342 0 0
1500 35.9119 -33.9465 17.937 -0.378169 -0.498229 431.183 0 0
1500 74.6916 -32.4897 18.0813 0.26982 -0.57123 427.614 0 0
1500 56.8761 -64.2673 17.8051 0.0468681 -0.959466 431.381 0 0
1500 65.2554 -12.3441 17.8291 0.162594 -0.201223 433.733 0 0
1500 102.792 42.3545 17.8049 0.745342 0.611387 428.228 0 0
1500 75.439 43.2285 17.9278 0.339347 0.708842 427.686 0 0
1500 56.7167 -43.4251 17.964 0.0206641 -0.781271 424.124 0 0
1500 143.173 -30.1683 17.8762 1.40183 -0.507913 426.968 0 0
1500 28.961 3.04391 17.9064 -0.50745 0.00457897 427.506 0 0
1500 63.1453 -60.5931 17.8881 0.0225937 -0.956775 429.293 0 0
1500 106.364 40.2621 17.8253 0.695817 0.653766 432.365 0 0
1500 74.5102 39.423 17.8359 0.25189 0.685739 427.914 0 0
1500 47.3005 40.1284 17.8388 -0.153989 0.637924 433.875 0 0
1500 47.0877 40.2904 17.8363 -0.17154 0.699517 427.878 0 0
1500 106.623 30.1088 17.8304 0.692808 0.502213 433.039 0 0
1500 60.2528 18.495 17.9217 0.0896439 0.351688 427.423 0 0
1500 104.45 -12.2508 17.9086 0.765806 -0.125079 428.43 0 0
1500 -4.45372 -23.2094 17.8425 -0.987521 -0.331558 431.327 0 0
1500 -2.50869 -8.1339 17.8454 -0.984034 -0.113059 429.592 0 0
1500 66.6696 -1.47892 18.0783 0.186991 0.0360567 435.774 0 0
1500 -1.58197 39.4554 17.9967 -0.971333 0.706867 425.786 0 0
1500 99.6645 -49.9896 17.8421 0.599543 -0.81958 430.532 0 0
1500 63.082 -17.557 17.8682 0.047324 -0.310363 435.411 0 0
1500 21.9176 -5.37857 18.0824 -0.582385 -0.0359168 429.628 0 0
1500 30.5661 7.57702 18.0289 -0.475228 0.120062 429.524 0 0
1500 116.84 -26.6033 17.8149 0.92761 -0.403948 433.381 0 0
1500 118.092 26.1319 17.8147 0.946378 0.365119 433.344 0 0
1500 66.589 26.8904 17.9261 0.191845 0.481133 428.948 0 0
1500 106.477 28.6501 18.0417 0.830985 0.422807 431.624 0 0
1500 64.631 27.3271 17.9206 0.168154 0.402964 436.677 0 0
1500 33.0935 -17.2628 17.8874 -0.354289 -0.311172 436.519 0 0
1500 78.5722 -18.0402 17.8369 0.356561 -0.264949 436.399 0 0
1500 120.591 -22.2445 17.8936 0.97229 -0.390913 433.217 0 0
1500 24.2608 -10.6405 17.9651 -0.559909 -0.110678 430.322 0 0
1500 58.6665 25.9999 17.9695 -0.0260106 0.410504 437.328 0 0
1500 78.9381 18.4872 17.8368 0.290214 0.329655 436.936 0 0
1500 28.4724 -2.81762 17.8361 -0.464982 0.0340245 429.765 0 0
1500 90.7105 43.3615 17.82 0.495646 0.738702 431.161 0 0
1500 91.5168 19.4402 17.8212 0.545018 0.232126 433.249 0 0
1500 15.8631 41.7059 17.8395 -0.675562 0.597587 435.489 0 0
1500 142.344 2.56294 17.7973 1.32526 0.0418214 433.336 0 0
1500 111.843 40.7415 17.8303 0.799863 0.673567 433.998 0 0
1500 43.7329 15.311 17.8577 -0.193247 0.283987 437.577 0 0
1500 65.0296 -65.9405 17.8438 0.0506421 -1.03254 433.128 0 0
1500 9.82786 -35.8901 17.8468 -0.781936 -0.590555 432.386 0 0
1500 33.4218 -58.9575 17.8445 -0.422466 -0.93127 432.915 0 0
1500 -8.7106 3.60292 17.8432 -1.04479 0.00541487 433.461 0 0
1500 20.8614 54.9342 17.8969 -0.594943 0.861086 433.922 0 0
1500 137.759 22.8223 18.0638 1.3917 0.472267 424.874 0 0
1500 125.295 -1.76351 17.8987 1.10939 -0.092609 430.183 0 0
1500 72.0671 -7.22477 18.0089 0.230175 -0.189004 431.277 0 0
1500 67.0832 -64.0416 17.9817 0.146023 -1.0223 434.302 0 0
1500 124.684 -32.0063 18.1505 1.17238 -0.504508 429.994 0 0
1500 74.1999 53.9508 17.9183 0.297362 0.880139 432.942 0 0
1500 63.685 34.6408 17.9317 0.141106 0.600007 431.619 0 0
1500 73.8122 33.3553 18.0058 0.256184 0.588402 432.066 0 0
1500 63.2466 -46.8985 17.9448 0.103538 -0.730467 437.822 0 0
1500 98.5215 -42.4983 17.8046 0.63673 -0.719097 432.743 0 0
1500 59.4575 8.24529 17.983 -0.0355108 0.0879238 427.787 0 0
1500 31.5906 -35.4841 17.8907 -0.374134 -0.570982 438.065 0 0
1500 76.1973 -62.9243 17.8733 0.268642 -1.00779 434.583 0 0
1500 52.0357 -60.4482 17.8764 -0.0912308 -0.984356 433.672 0 0
1500 67.1144 -65.5875 17.8732 0.132356 -1.03585 435.33 0 0
1500 102.219 15.6468 17.9456 0.763386 0.216428 432.675 0 0
1500 66.556 -0.85346 17.8661 0.0824495 -0.07078 431.238 0 0
1500 69.7505 25.461 17.9092 0.158205 0.424734 439.139 0 0
1500 93.7462 14.2545 17.8162 0.589433 0.28857 432.232 0 0
1500 12.6304 4.91942 17.9336 -0.700141 0.106849 437.477 0 0
1500 71.8475 28.0459 17.9408 0.159706 0.466719 433.332 0 0
1500 50.934 13.3741 17.9452 -0.160588 0.244186 432.934 0 0
1500 49.8315 0.577721 17.9133 -0.116938 -0.0607204 439.837 0 0
1500 29.2268 -44.882 17.8923 -0.441735 -0.758699 433.642 0 0
1500 83.3516 -60.4973 17.8835 0.372991 -0.971795 435.31 0 0
1500 108.042 -14.0214 18.0625 0.853924 -0.179166 434.33 0 0
1500 17.3962 -53.7816 17.8685 -0.671376 -0.797581 435.475 0 0
1500 46.8731 -12.4785 17.8961 -0.245551 -0.1936 432.202 0 0
1500 92.1788 16.0538 17.976 0.572135 0.31816 433.201 0 0
1500 85.4299 51.6055 17.9648 0.434872 0.802765 438.215 0 0
1500 89.4337 58.1388 17.79 0.516986 0.911899 435.824 0 0
1500 200.54 -6.15143 17.8049 2.17659 -0.131625 436.125 0 0
1500 23.6218 -32.8645 17.9399 -0.59844 -0.509055 433.379 0 0
1500 -71.1312 -64.4036 17.8539 -2.11786 -0.995791 432.217 0 0
1500 74.949 46.4561 17.8319 0.302845 0.765646 435.432 0 0
1500 59.1185 -60.5466 17.815 0.0594736 -0.928803 439.177 0 0
1500 125.883 4.07966 17.8085 1.04753 0.00278129 437.473 0 0
1500 124.067 9.90592 17.8106 1.00718 0.0876968 438.382 0 0
1500 122.135 9.70308 17.8105 1.00947 0.0873769 436.311 0 0
1500 71.5112 -23.3423 17.8324 0.257646 -0.424768 433.913 0 0
1500 123.203 -14.1557 17.8085 1.01258 -0.267908 437.162 0 0
1500 51.3978 -48.289 17.8238 -0.0510698 -0.741353 440.184 0 0
1500 37.4336 -58.6389 17.8147 -0.25326 -0.90191 439.13 0 0
1500 59.9654 -65.2684 17.8092 0.07431 -1.03344 436.721 0 0
1500 109.3 -41.5604 17.8088 0.799174 -0.66885 437.754 0 0
1500 28.4004 -31.8076 17.826 -0.411673 -0.552659 434.394 0 0
1500 67.3137 37.6845 17.9155 0.1973 0.665383 433.106 0 0
1500 64.7156 23.5736 17.8624 0.062352 0.391748 441.666 0 0
1500 45.2856 -35.0945 17.8504 -0.214236 -0.61863 435.087 0 0
1500 92.9828 73.9212 18.0011 0.536531 1.25199 433.182 0 0
1500 17.0183 -37.0399 17.8304 -0.617651 -0.641304 436.185 0 0
1500 22.0413 -49.8806 17.8278 -0.511065 -0.791027 440.019 0 0
1500 92.7 -54.1441 17.8047 0.559029 -0.835125 439.411 0 0
1500 112.763 19.7897 17.9145 0.841396 0.332696 441.015 0 0
1500 73.5476 32.2749 18.0635 0.213654 0.586425 431.95 0 0
1500 -4.27306 -23.8392 17.8179 -0.97502 -0.312884 439.543 0 0
1500 96.7882 20.3337 17.9635 0.668483 0.360773 436.937 0 0
1500 60.1999 -4.04306 17.849 0.0919036 -0.0240008 443.231 0 0
1500 116.181 27.4895 17.887 0.921139 0.382514 440.811 0 0
1500 -5.72108 -6.48416 17.8194 -0.972781 -0.0513817 441.588 0 0
1500 82.8427 -62.1653 17.8699 0.363226 -0.945548 443.001 0 0
1500 79.7554 -23.2472 17.936 0.417994 -0.393923 436.907 0 0
1500 1.82238 -19.4747 17.8285 -0.864493 -0.236788 442.014 0 0
1500 20.2716 31.1681 17.8318 -0.640933 0.523953 437.527 0 0
1500 7.51101 -26.9014 17.8279 -0.831179 -0.364609 437.962 0 0
1500 -7.52226 -16.9119 17.8202 -1.0268 -0.205638 440.104 0 0
1500 9.01865 37.0221 17.8251 -0.766446 0.578206 441.536 0 0
1500 -2.62821 -13.4093 17.8236 -0.976037 -0.157402 438.613 0 0
1500 38.536 32.3119 17.841 -0.331505 0.497687 443.265 0 0
1500 -2.03635 -18.6655 17.8255 -0.925386 -0.226519 441.6 0 0
1500 -0.323556 22.1559 17.8223 -0.937527 0.377851 438.876 0 0
1500 28.5284 21.4338 17.9163 -0.506862 0.283607 437.2 0 0
1500 57.2497 11.2138 17.9252 -0.0630059 0.126629 436.604 0 0
1500 36.8205 -56.9628 17.8991 -0.368303 -0.904356 438.998 0 0
1500 28.2209 32.3562 17.8321 -0.471546 0.57555 437.511 0 0
1500 103.722 65.3864 17.9792 0.833261 1.15569 432.201 0 0
1500 69.8465 64.8748 17.8412 0.188001 1.02597 440.853 0 0
1500 17.286 51.4052 17.8419 -0.594247 0.841912 439.73 0 0
1500 11.9241 33.3427 17.8489 -0.68745 0.583103 438.457 0 0
1500 23.2972 57.5649 17.841 -0.497264 0.9207 440.693 0 0
1500 106.247 31.527 17.8031 0.776744 0.539071 438.607 0 0
1500 38.5651 -13.171 17.8473 -0.284247 -0.253623 444.315 0 0
1500 42.5251 -55.862 17.8284 -0.234561 -0.87334 442.551 0 0
1500 105.796 0.362226 17.8843 0.756505 -0.0647294 439.356 0 0
1500 57.3782 -6.72851 17.8982 -0.0110476 -0.162922 445.04 0 0
1500 63.7097 13.9989 18.2456 0.139962 0.290496 438.694 0 0
1500 82.1317 24.8306 18.2399 0.38025 0.411338 445.814 0 0
1500 71.1003 46.3453 17.8326 0.276911 0.720639 438.555 0 0
1500 68.0452 -20.1209 17.8221 0.229406 -0.32264 438.119 0 0
1500 31.9564 -33.3634 17.9011 -0.460756 -0.476462 438.641 0 0
1500 56.5704 -0.95415 17.9131 -0.0819407 0.0240261 437.805 0 0
1500 121.745 -16.9604 17.8477 1.00073 -0.219524 442.732 0 0
1500 49.3032 -13.8655 17.8607 -0.0748533 -0.246623 445.889 0 0
1500 70.9641 -4.29622 17.8603 0.255159 -0.126499 438.209 0 0
1500 43.7069 7.7874 17.8776 -0.279357 0.0710076 438.403 0 0
1500 17.4045 -45.9278 17.8545 -0.636901 -0.709024 443.792 0 0
1500 127.572 -15.4211 17.937 1.16567 -0.189974 437.912 0 0
1500 -8.64394 -26.7359 17.8048 -1.06174 -0.483108 439.41 0 0
1500 121.681 5.87714 17.875 1.03001 0.0836568 441.776 0 0
1500 115.8 -26.1118 17.8755 0.94497 -0.394096 441.593 0 0
1500 63.3464 42.2901 17.844 0.120181 0.690942 442.172 0 0
1500 83.2746 7.80147 17.8517 0.426755 0.184041 440.443 0 0
1500 38.719 -62.1099 17.7956 -0.298482 -0.999865 442.232 0 0
1500 44.3004 -17.9157 17.8211 -0.225931 -0.358031 439.074 0 0
1500 101.405 45.9005 17.8354 0.678975 0.720012 444.445 0 0
1500 115.154 26.8487 17.8339 0.908343 0.458758 442.174 0 0
1500 80.4886 12.5302 17.8577 0.362918 0.227998 446.847 0 0
1500 51.7857 67.116 17.8325 -0.0413369 1.04115 443.559 0 0
1500 85.3411 54.8962 17.835 0.463007 0.883034 441.906 0 0
1500 69.2979 16.9372 17.8593 0.205708 0.289293 446.965 0 0
1500 123.982 -4.68514 17.8343 1.01022 -0.0138386 444.19 0 0
1500 122.057 15.0894 17.8324 1.00397 0.280156 442.7 0 0
1500 98.1406 -50.3164 17.8282 0.617374 -0.825312 442.544 0 0
1500 36.123 -53.633 17.8358 -0.297332 -0.839109 445.397 0 0
1500 28.2113 -55.8833 17.8441 -0.516373 -0.863865 443.083 0 0
1500 75.928 -18.1098 17.8686 0.208537 -0.307862 440.571 0 0
1500 30.4758 22.012 18.2757 -0.564241 0.471997 431.359 0 0
1500 85.4653 -45.4072 17.8324 0.359555 -0.739831 442.688 0 0
1500 63.6178 -66.908 17.8356 0.00839357 -1.05435 441.163 0 0
1500 108.246 2.98271 17.9171 0.844535 -0.00139526 442.845 0 0
1500 54.2116 -38.4715 17.8366 -0.0771963 -0.604623 449.419 0 0
1500 14.3439 50.5264 17.8102 -0.642451 0.838509 443.938 0 0
1500 6.85962 -42.6549 17.837 -0.772984 -0.695269 446.186 0 0
1500 -18.5761 -3.83741 17.8005 -1.18568 -0.00505662 445.885 0 0
1500 60.1325 32.3901 17.8891 0.0907772 0.560075 442.994 0 0
1500 72.5186 4.40579 17.8954 0.284742 0.126968 442.565 0 0
1500 90.9103 10.2136 17.8878 0.567199 0.215862 443.09 0 0
1500 72.7419 -64.4723 17.8526 0.219099 -1.02481 446.409 0 0
1500 -8.147 9.65266 17.8048 -1.03157 0.0810921 445.891 0 0
1500 64.124 -20.3733 17.8306 0.051418 -0.384929 442.934 0 0
1500 52.2626 36.6923 18.0032 -0.118082 0.551905 450.754 0 0
1500 9.27773 -122.692 17.8539 -0.817201 -1.99241 442.675 0 0
1500 101.377 -28.4221 18.0549 0.819764 -0.457244 438.961 0 0
1500 138.784 -25.4175 17.8731 1.29968 -0.3699 445.576 0 0
1500 74.2524 26.1893 17.8152 0.20203 0.470799 443.575 0 0
1500 82.3037 101.445 17.8433 0.308869 1.64549 443.271 0 0
1500 44.3813 14.3357 17.826 -0.204933 0.301885 444.774 0 0
1500 65.2757 39.1955 17.8185 0.110374 0.624074 451.637 0 0
1500 76.3774 62.703 17.8 0.277058 0.991212 449.156 0 0
1500 114.131 -19.1444 17.9957 0.940686 -0.275146 447.389 0 0
1500 105.812 51.3148 17.8798 0.823565 0.806015 445.943 0 0
1500 83.6015 60.5609 17.8613 0.408138 0.954528 450.332 0 0
1500 58.175 27.3021 17.8461 0.00303483 0.453357 453.996 0 0
1500 101.721 -34.8226 17.8178 0.709022 -0.515117 451.778 0 0
1500 101.212 -36.1086 17.8175 0.702439 -0.534506 451.696 0 0
1500 120.464 -2.75106 18.2131 1.13308 -0.0806863 446.045 0 0
1500 96.0972 54.9903 17.8174 0.605441 0.876476 453.026 0 0
1500 71.1746 23.844 17.8391 0.127213 0.384435 450.416 0 0
1500 109.111 -25.0286 17.9819 0.850235 -0.420273 453.433 0 0
1500 69.9894 -13.9957 17.9225 0.132894 -0.249894 458.755 0 0
1500 29.5764 -11.3381 17.9168 -0.478556 -0.236858 451.486 0 0
1500 87.2137 12.7021 17.9354 0.484686 0.189229 459.391 0 0
1500 0.950389 -5.89748 17.9377 -0.92177 -0.104767 455.13 0 0
1500 141.544 30.5137 17.9957 1.45496 0.528239 450.774 0 0
1500 77.9544 3.92241 17.8585 0.388096 0.0403299 454.037 0 0
1500 92.0662 -18.8998 17.8521 0.549528 -0.285489 460.909 0 0
1500 52.6525 19.639 17.8522 -0.144579 0.278196 463.399 0 0
1500 48.4771 10.2229 17.9074 -0.112941 0.210891 467.437 0 0
1500 101.059 21.7518 17.8046 0.730113 0.305306 460.869 0 0
1500 105.781 20.3223 17.8048 0.743005 0.262158 466.099 0 0
1500 90.3783 47.3946 17.7998 0.561149 0.694963 461.378 0 0
1500 36.747 16.1534 17.8928 -0.42466 0.266907 458.107 0 0
1500 119.12 29.3878 17.8793 1.05964 0.462267 464.394 0 0
