Total number of secondary electrons: 1218
1500 89.186 -21.3066 19.1538 0.762112 -0.423367 295.022 0 0
1500 83.2038 10.3756 19.0126 0.619184 0.195866 295.439 0 0
1500 95.5862 -2.42659 17.9385 0.799204 -0.0822872 296.776 0 0
1500 88.3033 -14.3583 17.9475 0.602209 -0.224793 297.145 0 0
1500 69.9429 16.9999 17.9646 0.171715 0.369553 298.533 0 0
1500 124.613 40.0504 17.5332 1.07846 0.725189 298.786 0 0
1500 101.098 35.0649 17.9465 0.770369 0.662083 299.258 0 0
1500 80.0282 -34.4621 17.9664 0.342816 -0.650464 300.142 0 0
1500 86.814 -5.99502 17.8801 0.559968 -0.0499096 301.656 0 0
1500 84.2195 15.7841 17.5952 0.47992 0.286572 307.606 0 0
1500 79.7847 -35.1369 17.9176 0.437019 -0.576354 309.31 0 0
1500 94.0456 -32.4935 17.9163 0.645118 -0.53312 309.789 0 0
1500 122.731 33.8412 17.5863 1.10112 0.5 310.607 0 0
1500 122.097 14.8749 17.597 1.01219 0.260448 310.668 0 0
1500 99.1814 51.8813 17.5979 0.675868 0.799935 310.8 0 0
1500 110.815 -2.85965 18.911 1.1121 -0.101156 310.82 0 0
1500 42.324 -7.72465 17.845 -0.251912 -0.0702122 311.566 0 0
1500 38.1915 47.0772 17.5919 -0.256883 0.775915 311.878 0 0
1500 77.2117 28.33 17.842 0.276416 0.474489 312.018 0 0
1500 84.9815 20.8627 18.7763 0.562329 0.375957 312.101 0 0
1500 94.296 6.23361 17.5768 0.61186 0.154731 312.432 0 0
1500 95.4052 -16.6327 18.5533 0.741897 -0.260192 314.364 0 0
1500 96.1859 39.0465 17.6862 0.70812 0.615686 314.653 0 0
1500 88.0353 12.7315 18.7555 0.565385 0.228094 314.935 0 0
1500 98.5071 20.5489 18.3052 0.726634 0.408451 315.158 0 0
1500 90.1964 47.6093 17.6918 0.566213 0.744997 315.366 0 0
1500 107.073 29.4563 17.6918 0.816278 0.474698 315.432 0 0
1500 145.337 12.2508 17.5206 1.41927 0.204369 315.822 0 0
1500 106.071 40.3485 17.6935 0.793076 0.62984 316.138 0 0
1500 122.369 8.83619 17.6958 1.02519 0.165542 316.63 0 0
1500 99.0697 21.9278 17.6583 0.711147 0.339069 316.58 0 0
1500 161.369 46.3795 17.7239 1.70757 0.83778 317.729 0 0
1500 86.8565 24.5123 18.3626 0.498604 0.422384 317.853 0 0
1500 85.5697 27.7788 17.8866 0.494157 0.480872 319.205 0 0
1500 76.4648 41.8389 17.8856 0.356211 0.688098 319.518 0 0
1500 85.3583 -33.9151 17.6738 0.491205 -0.555506 319.463 0 0
1500 102.346 19.2151 17.8851 0.739677 0.350052 319.709 0 0
1500 107.146 24.9446 17.8846 0.80464 0.431766 320.239 0 0
1500 102.741 34.707 17.8887 0.709409 0.619012 320.97 0 0
1500 76.1463 23.8226 17.6831 0.261583 0.430704 321.258 0 0
1500 84.4735 7.01813 18.557 0.505889 0.14666 321.559 0 0
1500 85.5777 -11.0797 18.2308 0.473393 -0.234262 321.468 0 0
1500 105.552 29.7389 18.1352 0.926994 0.630564 322.314 0 0
1500 77.1802 -11.9777 18.5644 0.369726 -0.223401 322.961 0 0
1500 94.639 -4.44683 18.4436 0.689791 -0.00711214 323.459 0 0
1500 77.089 15.9095 17.6306 0.233401 0.286906 323.636 0 0
1500 68.0225 33.8359 17.6283 0.0936337 0.559061 324.003 0 0
1500 62.8529 -25.5698 17.8258 0.0466478 -0.437084 324.18 0 0
1500 34.5441 -25.462 17.8241 -0.380859 -0.433584 324.464 0 0
1500 56.1228 -37.0349 17.8237 -0.0550704 -0.6075 324.548 0 0
1500 76.6987 -46.7567 17.7921 0.257162 -0.795239 324.628 0 0
1500 130.15 9.37114 17.7257 1.20078 0.205903 324.875 0 0
1500 32.709 22.8469 18.1778 -0.41203 0.442284 324.849 0 0
1500 53.2956 -74.4782 17.63 -0.0981147 -1.21804 325.024 0 0
1500 59.413 23.3836 18.2199 0.0494055 0.397673 325.086 0 0
1500 69.2439 -0.217279 17.7004 0.15469 -0.0740921 325.145 0 0
1500 83.2331 -26.1801 18.1165 0.411329 -0.455205 325.406 0 0
1500 60.0486 10.6714 18.4132 0.094803 0.216827 325.554 0 0
1500 66.4154 59.6777 17.6247 0.0675155 0.931954 325.531 0 0
1500 86.8445 10.7379 18.191 0.525572 0.135077 325.753 0 0
1500 94.5636 -6.9924 19.0681 0.75778 -0.183685 325.808 0 0
1500 70.5799 22.2759 17.8405 0.180822 0.401566 326.13 0 0
1500 41.5676 47.836 17.7109 -0.243404 0.738804 326.199 0 0
1500 75.8908 38.0752 17.5925 0.345799 0.576453 326.46 0 0
1500 109.286 -63.5978 17.797 0.919912 -1.07357 326.895 0 0
1500 118.229 -0.739107 17.6582 0.951325 -0.0662418 327.571 0 0
1500 90.7627 -3.79274 18.8011 0.684007 0.000842159 327.833 0 0
1500 119.822 -2.45165 18.1817 1.09587 -0.000324778 328.404 0 0
1500 51.2065 15.469 17.6097 -0.127859 0.305457 328.461 0 0
1500 82.6435 69.2794 17.8216 0.447539 1.19373 328.815 0 0
1500 83.6502 -3.62854 17.6981 0.432621 0.0132921 329.483 0 0
1500 56.1755 15.8111 18.358 0.0428734 0.302092 329.663 0 0
1500 56.8205 42.793 17.8775 -0.0595544 0.668467 329.777 0 0
1500 119.508 4.25311 17.787 0.96394 0.054296 330.322 0 0
1500 78.1458 2.88041 18.7814 0.460903 -0.0274497 330.295 0 0
1500 78.6179 -23.4529 18.3415 0.438865 -0.402788 330.264 0 0
1500 73.9941 5.16783 17.7808 0.336261 0.0659774 330.527 0 0
1500 101.789 -12.3229 18.339 0.770211 -0.237233 330.983 0 0
1500 38.5374 19.0753 18.0118 -0.377893 0.300985 331.04 0 0
1500 63.5103 20.2189 18.1914 0.141907 0.337608 331.318 0 0
1500 76.8813 -6.17799 18.6382 0.475475 -0.100476 331.896 0 0
1500 -4.7095 -123.819 17.6185 -1.0013 -1.83397 332.032 0 0
1500 105.771 -0.260591 18.9008 1.03796 0.00983291 331.975 0 0
1500 52.4072 -24.1075 17.9334 -0.08582 -0.379675 332.095 0 0
1500 84.8503 -42.0906 17.7013 0.426602 -0.637921 332.093 0 0
1500 111.12 -2.7251 17.7747 0.880536 -0.0529761 332.113 0 0
1500 108.448 32.7487 17.7804 0.758452 0.571753 332.142 0 0
1500 39.262 38.2637 17.629 -0.291465 0.614328 332.28 0 0
1500 81.02 -46.1232 17.6347 0.388615 -0.647434 332.426 0 0
1500 94.0935 -16.4482 18.9766 0.759305 -0.317245 332.387 0 0
1500 20.3977 10.3109 17.6362 -0.556454 0.213445 332.835 0 0
1500 104.768 -34.1083 18.3753 0.835472 -0.599852 332.818 0 0
1500 83.8848 36.8267 18.225 0.473864 0.608816 333.064 0 0
1500 107.78 -37.6796 17.7757 0.819766 -0.56524 333.021 0 0
1500 13.2875 -6.39827 17.6383 -0.673584 -0.172483 333.482 0 0
1500 77.2113 27.3954 17.705 0.36877 0.440274 333.652 0 0
1500 120.569 18.8008 17.6625 1.0338 0.31914 333.856 0 0
1500 48.3788 23.9899 17.9354 -0.113823 0.436467 334.018 0 0
1500 131.475 23.425 18.1438 1.28939 0.388454 334.015 0 0
1500 122.026 -18.1685 17.7816 1.01148 -0.274201 334.191 0 0
1500 71.0891 26.3366 17.9345 0.227711 0.470816 334.158 0 0
1500 108.37 -26.9207 18.5553 1.03327 -0.540931 334.268 0 0
1500 56.0509 -23.299 18.0414 -0.0392223 -0.395226 334.356 0 0
1500 42.4016 34.2982 17.9333 -0.202675 0.588331 334.399 0 0
1500 110.45 -24.658 17.6784 0.844626 -0.324007 334.79 0 0
1500 85.567 44.6421 17.7215 0.419498 0.742404 334.86 0 0
1500 12.442 33.1056 17.7213 -0.672535 0.568555 335.015 0 0
1500 -62.4583 94.1488 18.1521 -2.25855 1.71112 335.239 0 0
1500 94.302 -7.38577 19.0522 0.693096 -0.127307 335.871 0 0
1500 82.9722 31.8204 18.3891 0.485308 0.529434 335.899 0 0
1500 115.292 26.0139 17.7217 0.853854 0.458351 335.657 0 0
1500 101.25 22.4251 18.0028 0.731123 0.385249 335.889 0 0
1500 84.314 -7.00642 17.7616 0.439995 -0.176348 335.564 0 0
1500 122.138 -48.0964 18.2353 1.15865 -0.844763 335.694 0 0
1500 66.7387 20.2902 17.9117 0.06798 0.351178 335.797 0 0
1500 77.8402 -63.5473 17.6414 0.294571 -1.00055 336.07 0 0
1500 109.179 -44.619 17.6415 0.751923 -0.72383 336.097 0 0
1500 64.4391 65.9485 17.6808 0.155312 1.0109 335.936 0 0
1500 73.6683 -13.4266 17.6965 0.278412 -0.210178 336.221 0 0
1500 86.4923 39.9089 17.8322 0.39749 0.653526 336.252 0 0
1500 76.1377 -18.8059 17.9284 0.271744 -0.395432 336.213 0 0
1500 85.0836 46.5527 17.8315 0.374606 0.74922 336.577 0 0
1500 90.4873 17.0782 17.7788 0.563789 0.213469 336.679 0 0
1500 -24.8505 -45.6478 17.7772 -1.29906 -0.797543 336.761 0 0
1500 112.504 -67.429 17.9413 0.969514 -1.13946 336.722 0 0
1500 31.0507 -33.1671 17.9786 -0.510695 -0.513295 336.603 0 0
1500 53.2013 -15.339 18.1177 -0.00982817 -0.303947 336.864 0 0
1500 119.48 -32.3028 17.6486 0.890653 -0.537021 336.993 0 0
1500 75.0344 -23.8543 18.0379 0.234653 -0.379078 337.322 0 0
1500 98.3652 20.2318 17.8228 0.640258 0.267365 337.422 0 0
1500 96.0858 23.2493 17.7323 0.556865 0.410254 337.159 0 0
1500 104.994 -42.8839 17.8032 0.768501 -0.657652 337.797 0 0
1500 80.0126 -2.62466 18.3732 0.480093 -0.0689668 337.804 0 0
1500 92.654 -2.00118 18.0943 0.582237 0.0432437 337.672 0 0
1500 34.8756 -41.4548 17.7713 -0.405394 -0.652058 337.896 0 0
1500 67.812 8.9636 18.2628 0.253021 0.157326 338.027 0 0
1500 112.329 22.12 18.3863 1.08381 0.398183 338.036 0 0
1500 95.8845 -23.6501 17.7138 0.571882 -0.380158 338.24 0 0
1500 95.5191 -1.03329 17.8972 0.662958 -0.0216446 338.26 0 0
1500 58.9859 7.98818 18.4804 0.0549093 0.0798335 338.429 0 0
1500 67.02 -25.2502 18.1744 0.130362 -0.408007 338.361 0 0
1500 18.8709 -85.8242 17.7298 -0.614018 -1.34896 338.497 0 0
1500 56.855 -57.7531 17.6701 -0.0114435 -0.881722 338.726 0 0
1500 68.1047 -24.1158 17.8792 0.227321 -0.418768 338.834 0 0
1500 73.4081 5.26427 17.8835 0.209645 0.139242 338.554 0 0
1500 74.6513 -40.7369 18.2183 0.322173 -0.727557 338.693 0 0
1500 116.629 -23.6693 18.6094 1.07967 -0.448102 338.636 0 0
1500 42.2049 40.7745 18.2387 -0.222552 0.736955 338.674 0 0
1500 137.111 26.8941 17.8423 1.28372 0.421224 339.114 0 0
1500 85.3229 -8.46214 18.3023 0.549017 -0.0960154 339.181 0 0
1500 104.622 -13.4462 18.0477 0.799313 -0.167215 339.292 0 0
1500 36.5026 22.3682 17.8173 -0.376816 0.375798 339.261 0 0
1500 51.3255 32.3863 17.7668 -0.192436 0.517153 339.331 0 0
1500 85.7015 13.2309 18.5125 0.578005 0.169806 339.412 0 0
1500 71.8729 -13.6699 18.2308 0.264195 -0.247451 339.393 0 0
1500 99.7022 32.1206 18.0472 0.723358 0.501204 339.622 0 0
1500 99.3133 26.8323 17.7226 0.631919 0.41396 339.722 0 0
1500 38.0451 9.14676 17.7635 -0.274989 0.19734 339.972 0 0
1500 107.452 -2.09206 18.3253 0.854494 -0.0644706 339.802 0 0
1500 114.743 -22.6268 17.8957 0.926957 -0.336378 339.984 0 0
1500 39.7355 -51.7728 17.737 -0.240319 -0.841249 339.997 0 0
1500 87.8652 8.55751 17.7138 0.529033 0.138738 339.798 0 0
1500 17.6172 -8.86332 17.6883 -0.641397 -0.0627542 340.09 0 0
1500 121.168 15.4924 17.7175 0.989678 0.26406 340.261 0 0
1500 96.4739 12.3722 18.2432 0.646965 0.268053 340.314 0 0
1500 118.951 24.4775 17.7183 0.954796 0.39457 340.435 0 0
1500 21.6567 41.7873 17.8024 -0.53552 0.697842 340.502 0 0
1500 85.4636 -7.57688 18.3196 0.540546 -0.157626 340.682 0 0
1500 40.3477 -14.1691 18.4156 -0.294043 -0.303007 340.874 0 0
1500 50.221 -63.0296 17.738 -0.0827228 -0.994632 340.975 0 0
1500 46.5808 44.9874 17.8213 -0.132016 0.743932 340.954 0 0
1500 76.0737 15.8406 17.7846 0.253791 0.285019 341.113 0 0
1500 102.351 17.3427 18.062 0.772266 0.255419 341.097 0 0
1500 88.2615 12.3313 18.1957 0.525189 0.254627 341.131 0 0
1500 112.185 -26.0189 18.0532 0.957744 -0.393201 341.095 0 0
1500 96.8987 3.6136 18.0162 0.63345 0.0528536 341.234 0 0
1500 53.3178 47.2484 17.9957 -0.0900749 0.747409 341.45 0 0
1500 123.349 -75.0126 17.7813 0.995586 -1.26034 341.434 0 0
1500 -1.71767 23.7227 17.8144 -0.923812 0.383389 341.485 0 0
1500 85.2992 -8.45718 18.0237 0.473032 -0.110883 341.623 0 0
1500 66.1195 -17.4402 18.1173 0.204442 -0.32814 341.635 0 0
1500 76.8426 1.09219 18.0111 0.389662 0.0457176 341.642 0 0
1500 153.06 -24.9502 17.8119 1.52835 -0.345536 341.724 0 0
1500 75.6119 26.2091 17.761 0.354196 0.431077 341.599 0 0
1500 63.0211 -2.50916 17.9987 0.095494 0.0334705 341.802 0 0
1500 61.0701 45.9079 17.9282 0.0880266 0.755719 341.747 0 0
1500 30.8657 -61.2205 17.773 -0.405432 -0.937029 341.903 0 0
1500 83.1922 3.37864 18.7497 0.498875 0.12035 341.847 0 0
1500 83.3203 -0.855999 18.7498 0.500846 0.0595324 341.829 0 0
1500 77.5316 -64.4424 17.7435 0.313743 -0.999448 342.061 0 0
1500 102.685 -51.0096 17.746 0.67442 -0.801187 342.397 0 0
1500 107.963 11.8446 17.7828 0.813015 0.127407 341.899 0 0
1500 47.0532 29.3633 17.8925 -0.204988 0.485881 342.127 0 0
1500 114.128 22.8285 17.7615 0.906646 0.431863 342.428 0 0
1500 119.927 9.35932 17.7412 0.935768 0.167873 342.871 0 0
1500 100.677 12.8593 18.4018 0.777609 0.192819 343.084 0 0
1500 76.7298 19.3245 17.7902 0.326186 0.360085 342.924 0 0
1500 171.199 -22.2698 17.7653 1.78774 -0.30476 343.031 0 0
1500 43.1061 67.7516 17.7106 -0.288994 1.00238 343.184 0 0
1500 61.694 26.0575 18.1687 0.10302 0.460714 343.145 0 0
1500 51.3405 7.75879 17.7781 -0.157207 0.166442 343.148 0 0
1500 85.9994 4.49042 17.911 0.469096 0.0384829 343.349 0 0
1500 106.334 10.3671 18.4013 0.855166 0.156034 343.424 0 0
1500 100.174 -15.6597 17.7904 0.713588 -0.246143 343.444 0 0
1500 106.302 7.44639 17.7898 0.802753 0.100028 343.672 0 0
1500 15.2903 42.7048 17.951 -0.710341 0.690008 343.371 0 0
1500 48.472 -9.59765 18.256 -0.202527 -0.24299 343.527 0 0
1500 59.4223 -74.011 17.8034 0.0405279 -1.12847 343.811 0 0
1500 113.474 22.8214 17.9986 0.914966 0.326768 343.865 0 0
1500 57.0846 27.5431 18.1967 0.0140676 0.474823 343.769 0 0
1500 81.2197 -37.7684 17.9692 0.366546 -0.63515 344.036 0 0
1500 102.635 -20.5395 17.7612 0.679739 -0.249182 344.146 0 0
1500 95.3874 -1.74092 17.9313 0.563675 -0.0813172 344.44 0 0
1500 68.3817 -28.3814 17.8353 0.160401 -0.455908 344.227 0 0
1500 123.773 -0.00734519 17.729 1.00514 0.00793846 344.375 0 0
1500 87.8491 -13.7104 18.2146 0.57294 -0.17886 344.351 0 0
1500 71.4354 4.42036 17.8801 0.263853 0.129124 344.314 0 0
1500 59.3262 -30.8136 17.7727 0.0142109 -0.542386 344.426 0 0
1500 77.2835 -48.4821 18.4231 0.373015 -0.848998 344.2 0 0
1500 65.0313 -5.19912 18.0478 0.168868 -0.149395 344.563 0 0
1500 59.3654 7.65602 18.2813 0.0219598 0.085744 344.874 0 0
1500 112.342 -20.9232 17.8986 0.885237 -0.337247 344.969 0 0
1500 61.187 -1.56244 17.7841 0.10402 0.013427 345.313 0 0
1500 -3.41842 16.0788 17.7133 -0.892927 0.293418 345.08 0 0
1500 61.8078 -67.6483 17.847 0.0853558 -1.04377 345.191 0 0
1500 89.5744 29.4023 18.0722 0.563169 0.48492 345.258 0 0
1500 36.421 14.2286 18.031 -0.350285 0.17303 345.218 0 0
1500 77.4056 43.8222 18.0152 0.300892 0.796844 345.222 0 0
1500 121.111 2.34673 17.8999 1.00535 0.00417968 345.55 0 0
1500 91.7723 -24.8239 18.0426 0.562758 -0.438106 345.512 0 0
1500 66.0314 -39.2489 17.8715 0.0850859 -0.644276 345.537 0 0
1500 75.8104 45.5833 18.1156 0.292043 0.778233 345.481 0 0
1500 87.0082 33.2181 18.9853 0.625922 0.642296 345.371 0 0
1500 70.525 -33.5212 17.8797 0.216031 -0.519562 345.962 0 0
1500 85.1089 2.93114 17.7995 0.400023 -0.0232387 346.097 0 0
1500 48.9802 -36.2346 17.7923 -0.0943622 -0.56146 345.734 0 0
1500 92.3272 45.2263 17.7238 0.452897 0.697603 345.779 0 0
1500 2.92605 6.66947 17.7256 -0.794385 0.158906 345.889 0 0
1500 82.3128 62.6013 17.8436 0.38866 0.9704 346.004 0 0
1500 109.988 0.410154 17.874 0.830894 0.066929 345.696 0 0
1500 -2.6272 -18.8563 17.7692 -0.899743 -0.351324 346.269 0 0
1500 9.40331 -35.364 17.7689 -0.724746 -0.596727 346.044 0 0
1500 19.1579 -21.7258 18.0271 -0.602678 -0.362365 345.944 0 0
1500 45.3618 -34.5376 18.0892 -0.202909 -0.557959 345.973 0 0
1500 66.6226 52.1697 17.8127 0.193131 0.824554 345.993 0 0
1500 81.2997 -6.16774 18.3165 0.482016 -0.0460126 345.614 0 0
1500 66.9801 -13.4883 18.0217 0.21696 -0.259619 346.059 0 0
1500 69.3829 11.0979 18.0013 0.229945 0.237148 346.037 0 0
1500 95.8333 51.8716 17.792 0.644405 0.811223 345.91 0 0
1500 47.7754 -31.7806 17.7785 -0.106056 -0.54273 346.163 0 0
1500 37.3562 -80.5636 17.822 -0.374172 -1.28745 346.093 0 0
1500 55.5034 -47.8935 17.9533 -0.0505306 -0.869589 345.685 0 0
1500 105.778 -55.3051 17.9593 0.752572 -0.889174 346.325 0 0
1500 67.5901 1.52969 17.8052 0.159925 -0.04224 346.37 0 0
1500 91.6584 50.465 17.8741 0.551251 0.799342 346.609 0 0
1500 72.0309 -60.4643 17.7695 0.200674 -0.962505 346.436 0 0
1500 21.4598 -51.0546 17.7696 -0.542939 -0.823669 346.471 0 0
1500 107.302 4.75976 18.0431 0.817868 0.0196479 346.399 0 0
1500 90.6637 10.1711 18.0641 0.594865 0.17059 346.364 0 0
1500 86.1396 30.9744 18.0391 0.430774 0.529984 346.526 0 0
1500 142.819 -14.4161 18.3098 1.50761 -0.261213 346.438 0 0
1500 73.1878 -61.6179 17.7701 0.217072 -0.97668 346.631 0 0
1500 89.1417 -5.42246 18.8504 0.588002 -0.111768 346.743 0 0
1500 103.862 12.1542 17.9844 0.776654 0.207619 346.776 0 0
1500 35.2011 -105.111 17.9072 -0.371172 -1.76782 346.795 0 0
1500 96.9296 23.5841 17.8683 0.57106 0.389039 346.876 0 0
1500 71.3399 27.9737 18.4587 0.239379 0.500416 347.086 0 0
1500 72.9473 -73.0902 17.7521 0.26064 -1.06584 347.14 0 0
1500 -29.7344 -13.1287 17.8192 -1.4369 -0.19559 347.134 0 0
1500 81.383 12.7732 17.9136 0.423222 0.138536 347.825 0 0
1500 88.1274 11.2871 18.1184 0.49765 0.198839 347.463 0 0
1500 66.0167 20.1311 17.8836 0.144419 0.337881 347.668 0 0
1500 102.44 50.2404 17.8005 0.671977 0.777877 347.264 0 0
1500 117.072 30.4279 17.8776 0.910696 0.498746 347.574 0 0
1500 108.733 13.2301 18.063 0.846754 0.211997 347.582 0 0
1500 88.586 46.2674 17.7897 0.508212 0.740741 347.458 0 0
1500 69.1773 -25.5196 18.0358 0.176238 -0.451856 347.497 0 0
1500 41.6089 -29.0351 18.0349 -0.235646 -0.503316 347.647 0 0
1500 99.9963 12.976 17.8463 0.680463 0.131453 347.496 0 0
1500 43.6077 -42.8422 17.8307 -0.27095 -0.681939 347.812 0 0
1500 67.444 46.4482 17.9691 0.212965 0.767893 347.762 0 0
1500 76.4108 51.8649 18.426 0.372167 0.941096 347.42 0 0
1500 122.022 11.5311 18.3001 1.24719 0.221969 347.907 0 0
1500 117.283 32.3028 17.8803 0.908111 0.522592 348.003 0 0
1500 70.9857 -13.3986 17.8935 0.20027 -0.277956 347.995 0 0
1500 119.547 5.58543 18.1921 1.08334 0.0919862 348.003 0 0
1500 100.147 -42.1596 18.0013 0.664637 -0.684961 348.437 0 0
1500 72.0842 9.93367 17.9249 0.299416 0.131377 348.177 0 0
1500 112.113 -10.755 17.8198 0.856219 -0.21081 348.103 0 0
1500 73.2153 5.61438 18.3858 0.259956 0.140695 348.209 0 0
1500 56.2638 52.4848 17.9415 0.00703572 0.848708 348.316 0 0
1500 2.79783 13.82 17.7696 -0.832837 0.279228 348.199 0 0
1500 12.8539 -2.18886 17.9339 -0.719589 -0.0624845 348.152 0 0
1500 65.58 29.6767 17.8122 0.182693 0.490804 348.299 0 0
1500 48.5627 34.4818 17.8234 -0.174109 0.59638 348.518 0 0
1500 95.3965 -12.3612 17.8048 0.649454 -0.217349 348.523 0 0
1500 3.79865 33.6086 17.7955 -0.814536 0.517583 348.645 0 0
1500 105.902 -13.9845 18.2725 0.874612 -0.188589 348.674 0 0
1500 96.0134 11.3804 18.5526 0.655022 0.236064 348.739 0 0
1500 53.778 -9.46401 18.2753 -0.00809546 -0.19152 349.026 0 0
1500 87.9758 -17.7881 18.1662 0.479051 -0.300876 348.862 0 0
1500 94.6392 40.6244 17.7614 0.524988 0.633452 349.027 0 0
1500 87.8239 24.7655 18.5527 0.537166 0.429225 348.71 0 0
1500 96.8325 -18.8632 18.1131 0.667865 -0.331189 348.98 0 0
1500 72.8314 -1.19319 18.2666 0.329553 -0.0764812 348.818 0 0
1500 72.679 34.1318 18.0307 0.236407 0.584185 348.82 0 0
1500 136.083 36.4534 17.7958 1.22348 0.609272 348.874 0 0
1500 46.4179 32.081 18.0701 -0.230461 0.603117 348.866 0 0
1500 89.821 -18.2075 17.876 0.528421 -0.220986 349.933 0 0
1500 7.41814 -42.0388 17.855 -0.792899 -0.637497 349.379 0 0
1500 9.84097 -43.5984 17.8311 -0.756126 -0.674827 349.637 0 0
1500 92.9499 -18.3527 18.2624 0.620399 -0.326924 349.609 0 0
1500 84.3792 -28.2057 18.3897 0.454551 -0.483104 350.053 0 0
1500 35.7641 40.9985 17.8457 -0.343014 0.678072 349.115 0 0
1500 114.902 16.8144 17.7788 0.902077 0.293095 350.061 0 0
1500 88.7474 49.1131 17.7787 0.515799 0.773167 349.915 0 0
1500 70.4212 27.3545 18.0418 0.256491 0.474923 349.383 0 0
1500 32.4841 12.6136 18.2185 -0.391818 0.2146 350.01 0 0
1500 93.4083 -33.853 17.76 0.604692 -0.507732 349.256 0 0
1500 75.3593 -26.621 17.993 0.222511 -0.436887 349.307 0 0
1500 85.2234 5.96034 18.0315 0.512138 0.11315 349.881 0 0
1500 16.6271 22.6363 17.7881 -0.692016 0.309103 349.705 0 0
1500 132.768 63.1459 17.7829 1.09828 1.02977 349.1 0 0
1500 51.6992 19.2269 17.8232 -0.0523 0.359024 349.845 0 0
1500 117.952 -56.9454 17.9964 1.03449 -0.956333 349.136 0 0
1500 106.438 83.0318 17.8133 0.712098 1.37592 349.37 0 0
1500 112.306 -31.9129 18.1405 0.9289 -0.592935 349.385 0 0
1500 35.3672 -12.004 18.1947 -0.386975 -0.24569 349.393 0 0
1500 79.1046 -40.8156 17.9077 0.277675 -0.664045 350.099 0 0
1500 67.2395 19.7143 17.9014 0.161424 0.331663 350.242 0 0
1500 81.9499 -28.4977 17.9527 0.408066 -0.416547 350.179 0 0
1500 90.3964 24.8299 17.9253 0.489179 0.401056 350.305 0 0
1500 124.148 -17.9959 17.8167 1.02286 -0.227445 350.18 0 0
1500 109.733 7.75095 18.0732 0.862489 0.146158 350.347 0 0
1500 69.0704 13.0351 18.4072 0.247443 0.267618 350.212 0 0
1500 64.0266 -15.1409 18.2211 0.0757463 -0.248966 350.12 0 0
1500 11.4631 -24.6416 17.7864 -0.764302 -0.400743 350.189 0 0
1500 58.6691 -48.8544 17.9066 -0.0289709 -0.781891 350.339 0 0
1500 90.2037 -9.02826 17.7991 0.508653 -0.212471 350.341 0 0
1500 51.1267 23.0095 18.113 -0.150517 0.397851 350.131 0 0
1500 36.5862 13.332 17.9701 -0.40691 0.199676 350.212 0 0
1500 54.065 8.39684 18.4351 -0.0959551 0.220106 350.13 0 0
1500 22.8458 19.1252 17.824 -0.532979 0.305971 350.421 0 0
1500 54.5487 65.204 17.8593 -0.0595401 0.984995 350.477 0 0
1500 90.6227 4.77837 17.8812 0.535415 0.107135 350.518 0 0
1500 114.26 29.8577 17.7706 0.898564 0.44549 350.424 0 0
1500 3.2929 -17.9834 17.7857 -0.881011 -0.299196 350.611 0 0
1500 100.66 8.83252 17.8649 0.684371 0.201733 350.492 0 0
1500 44.7483 10.0799 18.0555 -0.179378 0.227202 350.475 0 0
1500 34.8366 -8.8743 17.8123 -0.403642 -0.194963 350.407 0 0
1500 82.855 -17.7411 17.812 0.332524 -0.330747 350.443 0 0
1500 96.9748 -3.16229 17.7767 0.596007 0.0280073 350.619 0 0
1500 70.9022 12.1477 17.8378 0.240704 0.252751 350.407 0 0
1500 123.33 -12.505 17.9098 1.09582 -0.140377 350.491 0 0
1500 85.5453 49.4544 17.9581 0.474475 0.760858 351.937 0 0
1500 107.85 32.1549 18.0878 0.825793 0.507294 352.023 0 0
1500 72.4524 21.89 18.2527 0.218007 0.352302 351.176 0 0
1500 82.2242 -13.1588 18.0288 0.346926 -0.244961 350.736 0 0
1500 78.7725 -15.8619 18.0766 0.349739 -0.270876 351.114 0 0
1500 90.0482 13.3411 18.1254 0.521315 0.226473 351.603 0 0
1500 73.1751 13.7782 17.9372 0.259636 0.242424 352.086 0 0
1500 50.5837 -22.3422 17.8318 -0.106494 -0.372641 351.744 0 0
1500 65.7511 -20.8322 17.8325 0.10041 -0.351873 351.779 0 0
1500 52.9048 -17.7209 18.1745 -0.0324202 -0.30379 353.214 0 0
1500 90.9834 21.907 18.1064 0.552381 0.317006 352.145 0 0
1500 68.4859 16.7274 18.0475 0.231152 0.250946 353.324 0 0
1500 92.0869 48.6948 17.8211 0.527328 0.731231 351.654 0 0
1500 43.7084 -61.8251 17.7915 -0.226887 -0.936313 351.925 0 0
1500 38.8074 64.3273 17.7695 -0.281699 0.98804 351.627 0 0
1500 93.6459 -57.8497 17.7814 0.571906 -0.858885 352.221 0 0
1500 123.764 -14.9774 17.7824 1.00965 -0.207453 352.35 0 0
1500 120.909 24.9823 17.7754 0.981026 0.368134 351.481 0 0
1500 126.254 1.17875 17.8146 1.04632 0.0555138 351.873 0 0
1500 104.527 44.1539 17.828 0.719503 0.660842 353.243 0 0
1500 80.9243 64.82 17.8158 0.393178 0.969002 352.033 0 0
1500 97.82 54.9898 17.8136 0.638451 0.831428 351.736 0 0
1500 61.5874 59.2376 17.763 0.0754769 0.949945 350.77 0 0
1500 113.899 23.9393 17.7848 0.878506 0.408309 351.02 0 0
1500 33.1499 -39.5901 17.9752 -0.372364 -0.661657 350.828 0 0
1500 30.9503 17.3208 18.1161 -0.434712 0.280046 350.676 0 0
1500 122.512 -8.11657 17.9521 1.02816 -0.126015 352.996 0 0
1500 90.7161 22.5386 18.2556 0.575557 0.399802 352.138 0 0
1500 117.852 105.577 17.7921 0.861327 1.65471 350.836 0 0
1500 75.8775 -25.5114 18.0847 0.363139 -0.431944 351.165 0 0
1500 31.5286 -2.38491 18.1392 -0.419603 0.000587539 351.432 0 0
1500 30.2015 -3.80039 18.1389 -0.439357 -0.0207061 351.465 0 0
1500 95.1044 -40.8552 17.804 0.511077 -0.672905 351.616 0 0
1500 64.6856 -63.4058 17.7868 0.023834 -0.968661 351.079 0 0
1500 81.5938 -20.2349 18.0694 0.368274 -0.377221 351.797 0 0
1500 42.6419 26.1176 17.8143 -0.221412 0.4682 352.001 0 0
1500 13.3596 25.1648 17.7907 -0.747616 0.399651 351.966 0 0
1500 49.2032 -56.2191 17.8676 -0.190357 -0.873505 352.585 0 0
1500 59.0681 5.92064 17.8937 -0.0474699 0.0722426 350.871 0 0
1500 36.981 -56.0187 17.8791 -0.375133 -0.853012 352.956 0 0
1500 62.6276 -21.792 17.8914 0.00725128 -0.352833 351.08 0 0
1500 81.4936 30.0335 18.1625 0.449862 0.502628 352.87 0 0
1500 -14.218 -5.22461 17.8025 -1.15906 -0.0345808 352.009 0 0
1500 69.4388 45.7816 17.7819 0.134434 0.763049 352.185 0 0
1500 105.506 32.9303 17.779 0.677564 0.563249 352.698 0 0
1500 -0.38716 -25.7001 17.7771 -0.911838 -0.31845 353.299 0 0
1500 92.0243 36.7474 17.9826 0.553228 0.622416 353.279 0 0
1500 72.0876 32.2731 17.9882 0.257643 0.561928 352.505 0 0
1500 116.889 -18.3489 18.1459 0.988414 -0.34824 351.539 0 0
1500 61.7559 30.7841 17.8561 0.0890965 0.543161 352.77 0 0
1500 37.8851 -18.9986 17.9201 -0.369535 -0.278225 352.982 0 0
1500 24.6014 -12.2169 17.9173 -0.570218 -0.173732 353.269 0 0
1500 59.822 1.0873 18.0325 -0.00735193 -0.0261386 353.316 0 0
1500 -66.2853 47.519 17.9216 -2.09707 0.805991 351.154 0 0
1500 96.0586 10.7171 17.9502 0.686132 0.20792 352.828 0 0
1500 111.802 -21.623 18.5396 0.968109 -0.419595 352.804 0 0
1500 119.118 -6.28621 17.9138 1.03205 -0.0347791 352.659 0 0
1500 79.4635 -57.3054 17.9548 0.367016 -1.01536 351.775 0 0
1500 81.2023 38.4028 18.0816 0.418846 0.722451 351.534 0 0
1500 51.9368 -16.1599 18.1742 -0.138336 -0.330017 351.353 0 0
1500 58.7716 -16.5312 18.487 0.083954 -0.283396 353.865 0 0
1500 86.1271 6.33588 18.0342 0.421188 0.151591 353.508 0 0
1500 59.9506 -32.2041 18.0673 0.0551429 -0.502949 354.038 0 0
1500 84.161 25.8382 17.865 0.424684 0.383888 353.809 0 0
1500 61.7106 43.1057 17.8353 0.0836733 0.649218 354.058 0 0
1500 9.72975 -23.2965 17.8694 -0.718826 -0.35933 353.35 0 0
1500 20.3579 27.0674 17.803 -0.527142 0.442164 353.963 0 0
1500 85.2204 30.6931 17.8998 0.455786 0.454605 353.491 0 0
1500 140.895 15.5712 17.7833 1.24277 0.196944 353.938 0 0
1500 99.3704 53.1734 17.8655 0.636111 0.832902 353.494 0 0
1500 101.473 51.273 17.8163 0.672283 0.804293 353.575 0 0
1500 114.074 36.9882 17.8265 0.872292 0.57618 354.064 0 0
1500 125.379 -16.2897 17.793 0.999155 -0.308889 353.426 0 0
1500 66.7778 46.322 17.8119 0.139082 0.756167 353.434 0 0
1500 84.5329 -69.7647 17.8843 0.442295 -1.08844 354.121 0 0
1500 73.5026 100.593 17.7932 0.170867 1.53824 353.904 0 0
1500 117.239 -12.7083 17.7946 0.955472 -0.170103 353.599 0 0
1500 92.9192 46.2745 17.8529 0.597194 0.720654 353.746 0 0
1500 69.3448 -46.9043 17.8752 0.24694 -0.744585 353.446 0 0
1500 34.9503 49.0779 17.9107 -0.406847 0.749104 354.2 0 0
1500 90.9183 -6.51722 17.869 0.577588 -0.134446 353.362 0 0
1500 37.3198 23.6889 18.1324 -0.344729 0.36861 354.232 0 0
1500 73.755 47.845 17.8909 0.284468 0.80003 353.499 0 0
1500 86.4583 -27.2709 17.8368 0.512229 -0.426403 353.765 0 0
1500 28.1089 27.1276 17.8248 -0.525602 0.383629 353.729 0 0
1500 75.5631 21.6337 17.894 0.220155 0.38108 353.882 0 0
1500 79.1744 64.913 17.8866 0.269684 1.03812 354.211 0 0
1500 80.9425 -4.91387 17.9327 0.431431 -0.113659 354.353 0 0
1500 114.664 51.4117 17.949 0.964733 0.790469 354.511 0 0
1500 32.9817 -6.25566 17.8344 -0.479949 -0.102561 353.818 0 0
1500 41.0487 -49.5118 18.1204 -0.287923 -0.853004 354.017 0 0
1500 91.5795 41.4446 18.6179 0.632789 0.749318 353.699 0 0
1500 78.9249 18.1609 18.0003 0.281608 0.332486 354.187 0 0
1500 139.677 6.76207 18.661 1.69075 0.140917 353.725 0 0
1500 103.995 -46.5732 17.8133 0.704281 -0.718519 354.543 0 0
1500 67.6808 24.7576 17.8162 0.124534 0.406462 354.648 0 0
1500 66.0778 44.944 17.9052 0.115387 0.752609 354.642 0 0
1500 79.4703 -2.9779 17.8133 0.40591 -0.05323 354.604 0 0
1500 1.92657 23.1618 18.2054 -0.96633 0.381054 354.588 0 0
1500 4.66712 -42.6678 17.881 -0.833056 -0.636031 354.858 0 0
1500 65.5539 -3.16205 18.3428 0.215904 -0.080279 354.841 0 0
1500 77.672 -18.723 18.0923 0.273142 -0.315347 354.881 0 0
1500 107.353 0.799103 17.8488 0.74437 0.0481123 354.674 0 0
1500 91.7354 58.6248 17.7951 0.56457 0.879444 354.792 0 0
1500 122.047 -6.29854 17.7997 0.993609 -0.153442 355.005 0 0
1500 25.5652 -44.5538 17.8074 -0.564069 -0.680738 354.926 0 0
1500 98.4514 -12.4311 17.8559 0.617783 -0.134129 355.078 0 0
1500 71.9061 -65.699 17.8325 0.207599 -1.02366 355.039 0 0
1500 41.9527 -57.8622 17.817 -0.307642 -0.895674 355.111 0 0
1500 46.4084 66.7019 17.8061 -0.13215 1.02671 355.387 0 0
1500 -5.2537 8.04615 17.9074 -0.993619 0.13074 355.335 0 0
1500 34.9752 -61.7158 17.7997 -0.298184 -0.973523 355.184 0 0
1500 -1.54641 -4.40065 17.8167 -0.956646 -0.0957689 355.23 0 0
1500 71.4076 15.0466 18.0428 0.212316 0.302622 355.368 0 0
1500 83.3705 6.54283 17.952 0.450473 0.0371415 355.179 0 0
1500 124.142 -23.2685 17.8651 1.10602 -0.433287 355.41 0 0
1500 115.089 -55.9804 17.9636 1.00549 -0.883457 355.166 0 0
1500 47.0369 -65.48 17.7998 -0.119153 -1.02539 355.439 0 0
1500 90.0322 54.0913 18.1103 0.607802 0.898413 355.471 0 0
1500 67.9577 41.214 17.9565 0.16304 0.632595 355.681 0 0
1500 94.6661 -53.4751 17.8285 0.618499 -0.801571 355.771 0 0
1500 77.224 44.8213 17.9919 0.258614 0.725312 355.545 0 0
1500 150.045 30.6137 17.9757 1.59764 0.495162 355.706 0 0
1500 -6.0327 -6.05264 17.816 -1.01347 -0.119241 355.902 0 0
1500 80.6849 1.10957 18.2723 0.457636 -0.0312165 355.913 0 0
1500 48.1907 35.1393 18.0378 -0.140457 0.604274 355.865 0 0
1500 20.9999 -1.95417 17.797 -0.64907 -0.0205986 355.802 0 0
1500 52.5584 15.7431 17.9711 -0.0475424 0.280485 356.453 0 0
1500 26.8922 23.1571 17.8326 -0.429553 0.396775 356.493 0 0
1500 99.4257 -52.048 17.8752 0.66186 -0.793158 356.733 0 0
1500 95.3815 52.7867 17.9224 0.603653 0.83472 356.014 0 0
1500 -9.12133 -4.47073 17.8782 -1.03777 -0.0283444 356.11 0 0
1500 16.2842 -50.8425 17.8162 -0.680904 -0.778416 356.163 0 0
1500 82.2111 -2.84781 18.2718 0.480117 -0.0904673 355.968 0 0
1500 98.8484 6.76241 18.0841 0.722567 0.0992636 356.171 0 0
1500 47.5908 47.212 18.0331 -0.148208 0.779919 356.455 0 0
1500 54.9483 38.9505 18.0367 -0.0381742 0.660747 355.982 0 0
1500 85.5138 -20.4182 18.1547 0.518477 -0.350939 356.477 0 0
1500 67.2727 52.0005 17.8194 0.17457 0.85269 356.323 0 0
1500 93.4997 70.1121 17.911 0.584781 1.15373 356.018 0 0
1500 35.0113 19.025 17.921 -0.41236 0.321717 356.457 0 0
1500 82.0436 15.5209 18.4541 0.432244 0.315795 356.705 0 0
1500 111.677 -16.2146 17.8539 0.83649 -0.335342 356.375 0 0
1500 89.2172 43.1505 18.213 0.617087 0.757247 356.143 0 0
1500 75.2572 47.3598 18.0203 0.337167 0.862066 356.42 0 0
1500 63.1868 4.1387 18.1566 0.14449 0.111056 357.063 0 0
1500 108.439 -41.8896 17.8771 0.788512 -0.64433 357.009 0 0
1500 124.797 -7.23245 17.8073 1.00261 -0.162157 357.144 0 0
1500 80.2806 -61.7115 17.8077 0.361823 -0.945322 357.195 0 0
1500 118.595 0.0070318 17.7991 0.97709 -0.00692986 356.77 0 0
1500 54.6932 -41.3884 17.8199 -0.124792 -0.620453 356.864 0 0
1500 61.4786 -40.539 17.8204 -0.0228122 -0.608682 356.755 0 0
1500 6.50651 17.1166 17.8914 -0.795589 0.328552 357.155 0 0
1500 67.4882 18.1984 17.96 0.230338 0.31682 356.789 0 0
1500 80.0476 25.4222 17.8622 0.334921 0.468397 356.845 0 0
1500 67.7874 26.4271 17.9603 0.0954313 0.435202 357.079 0 0
1500 30.8719 24.8633 17.868 -0.400848 0.458859 357.214 0 0
1500 94.1949 11.1773 17.8675 0.574013 0.24792 357.256 0 0
1500 153.257 -10.306 17.9127 1.58074 -0.219107 357.187 0 0
1500 54.8238 -37.4918 18.0967 -0.110301 -0.656791 356.995 0 0
1500 78.6754 0.491132 18.1026 0.325282 -0.0592521 357.431 0 0
1500 105.75 23.2235 17.826 0.704897 0.387328 357.386 0 0
1500 88.1305 -57.2641 17.8092 0.473444 -0.879072 357.377 0 0
1500 117.208 -30.589 17.8021 0.926563 -0.487776 357.394 0 0
1500 116.129 -9.63642 18.0778 0.962195 -0.14372 357.522 0 0
1500 64.5334 -1.43714 18.3736 0.0952612 -0.0195567 357.401 0 0
1500 107.09 -20.1308 17.8827 0.808558 -0.348816 357.371 0 0
1500 22.0693 -25.6358 17.9124 -0.555874 -0.372464 357.962 0 0
1500 93.1288 -12.4305 18.0414 0.529238 -0.234191 357.738 0 0
1500 58.5715 12.1286 17.8203 0.00787955 0.235516 357.926 0 0
1500 31.4562 41.1866 17.8042 -0.408887 0.63966 357.687 0 0
1500 119.465 -10.7388 17.8146 0.915218 -0.210158 357.954 0 0
1500 10.049 -45.3641 17.7963 -0.749119 -0.726742 357.661 0 0
1500 67.282 -37.2965 18.0131 0.157658 -0.643272 357.611 0 0
1500 11.8011 -22.9091 17.9108 -0.752106 -0.387653 357.991 0 0
1500 62.8534 51.2651 17.9451 0.161077 0.861376 357.727 0 0
1500 99 -13.5144 18.3699 0.803203 -0.29109 357.686 0 0
1500 89.2269 -31.4807 18.0653 0.469031 -0.543658 358.118 0 0
1500 32.0844 21.0187 17.92 -0.414287 0.272727 358.433 0 0
1500 90.7007 -0.517034 18.5494 0.555415 -0.0370773 358.696 0 0
1500 62.6425 36.7972 17.9658 0.0350293 0.559271 358.398 0 0
1500 75.8073 -19.2444 18.6007 0.362326 -0.30836 358.348 0 0
1500 44.0329 34.9293 17.965 -0.221332 0.53389 358.352 0 0
1500 58.155 31.9578 17.8162 -0.0338967 0.504603 358.473 0 0
1500 -0.979007 13.2928 17.8329 -0.899903 0.159864 358.822 0 0
1500 116.741 -28.4141 17.8094 0.902304 -0.4473 358.713 0 0
1500 79.1975 -63.2472 17.8525 0.343443 -0.990016 358.24 0 0
1500 93.3954 59.981 17.8011 0.586006 0.866947 358.454 0 0
1500 111.03 -39.8166 17.9091 0.799837 -0.658119 358.649 0 0
1500 36.4683 59.5481 17.8869 -0.337395 0.951864 358.34 0 0
1500 86.7331 58.0457 17.8868 0.407464 0.928758 358.401 0 0
1500 79.6004 -61.8733 17.8028 0.354535 -0.97788 358.691 0 0
1500 110.226 -24.1195 17.907 0.867447 -0.374238 358.26 0 0
1500 81.5215 57.1893 17.9151 0.405859 0.910372 358.813 0 0
1500 110.419 29.0554 17.9158 0.838543 0.493865 358.569 0 0
1500 1.95174 25.6149 17.7948 -0.852177 0.460743 358.424 0 0
1500 67.3872 18.1604 18.4018 0.145748 0.29818 358.681 0 0
1500 89.3861 15.3377 18.1015 0.574983 0.189411 358.17 0 0
1500 2.97542 6.21725 17.9988 -0.879706 0.0937346 358.903 0 0
1500 28.1463 107.469 17.8278 -0.404125 1.68234 358.724 0 0
1500 26.4953 16.4167 17.96 -0.526089 0.201367 358.182 0 0
1500 65.834 20.2458 18.237 0.103417 0.340641 358.915 0 0
1500 57.9284 -10.815 18.2398 -0.0171002 -0.133061 358.722 0 0
1500 28.8493 2.607 17.9627 -0.488399 -0.0143906 358.221 0 0
1500 38.8686 12.6764 17.9986 -0.337294 0.240661 358.255 0 0
1500 47.4052 -29.0024 17.9523 -0.169838 -0.521961 358.657 0 0
1500 43.1396 8.74079 17.9141 -0.299825 0.124776 358.354 0 0
1500 69.8378 11.0662 17.9001 0.169805 0.247718 358.652 0 0
1500 110.727 -6.54742 18.0559 0.983873 -0.155521 358.259 0 0
1500 89.3378 -43.7054 18.1917 0.576558 -0.85526 358.731 0 0
1500 51.7688 27.8676 18.3087 -0.111374 0.594977 358.821 0 0
1500 51.0024 12.8043 17.9042 -0.118309 0.276113 358.954 0 0
1500 38.29 -31.3334 17.9676 -0.272856 -0.572273 358.971 0 0
1500 96.3616 31.6758 18.1435 0.759026 0.585072 358.994 0 0
1500 120.255 -3.27506 17.9907 1.00979 -0.116613 359.127 0 0
1500 115.444 -29.7767 17.9282 0.894826 -0.460801 359.044 0 0
1500 1.56586 35.7197 17.7876 -0.901594 0.531072 359.126 0 0
1500 60.3103 7.02339 17.8904 0.0548759 0.184957 359.072 0 0
1500 76.3403 -33.3455 18.1703 0.309274 -0.521122 359.287 0 0
1500 67.9513 15.9226 18.0227 0.176012 0.283636 359.614 0 0
1500 4.16072 1.69266 17.8395 -0.820645 -0.00450188 359.374 0 0
1500 113.694 34.9923 17.9155 0.876553 0.530716 359.331 0 0
1500 79.2036 -59.7322 17.8481 0.33927 -0.915292 359.701 0 0
1500 112.3 38.6382 17.8263 0.854761 0.595725 359.466 0 0
1500 101.471 -35.9118 18.0657 0.705521 -0.605576 359.433 0 0
1500 1.36873 -1.68958 17.8792 -0.925285 -0.0278633 359.515 0 0
1500 26.5093 26.5873 17.8161 -0.566409 0.426719 359.192 0 0
1500 89.3145 -92.449 17.9139 0.476667 -1.55336 359.598 0 0
1500 92.4284 -29.3061 17.8594 0.551644 -0.418283 359.904 0 0
1500 78.4067 31.6432 18.2952 0.326897 0.559424 359.931 0 0
1500 29.7348 60.4675 17.9137 -0.453293 1.04023 360.021 0 0
1500 86.74 -37.4908 18.0501 0.514945 -0.625036 360.08 0 0
1500 41.7446 60.2006 17.9598 -0.24842 1.01083 360.048 0 0
1500 108.252 -5.33137 18.6851 0.925795 -0.135065 360.371 0 0
1500 72.6755 11.4303 18.0537 0.262006 0.207488 360.155 0 0
1500 21.9257 8.7307 17.9142 -0.550346 0.155943 360.129 0 0
1500 48.9867 65.8812 17.847 -0.13684 1.0393 360.13 0 0
1500 -0.948341 -13.0591 17.8684 -0.935383 -0.140016 360.088 0 0
1500 11.5952 -34.6922 17.8929 -0.768373 -0.535933 360.269 0 0
1500 56.0282 20.0075 18.077 0.0376317 0.376315 360.483 0 0
1500 -43.738 126.801 17.8256 -1.64077 2.03285 360.296 0 0
1500 72.1885 -6.23003 17.9293 0.213785 -0.172944 360.325 0 0
1500 32.9971 21.2071 17.9895 -0.436592 0.392539 360.289 0 0
1500 147.967 9.13657 17.9879 1.50388 0.216634 360.461 0 0
1500 77.1427 -39.055 18.0991 0.281554 -0.719894 360.352 0 0
1500 8.7226 -40.8114 17.9424 -0.770167 -0.659883 360.656 0 0
1500 86.0558 -5.36404 18.6045 0.537343 -0.0899249 360.879 0 0
1500 100.436 5.79653 18.036 0.666234 0.119853 360.874 0 0
1500 40.4181 26.3469 17.8451 -0.312867 0.356102 360.75 0 0
1500 84.4154 -48.8344 17.9825 0.449143 -0.805264 360.533 0 0
1500 120.733 12.9269 17.8128 0.982016 0.256836 360.793 0 0
1500 73.1451 19.307 18.4436 0.250505 0.338674 360.582 0 0
1500 47.8649 -51.6784 17.9795 -0.166388 -0.852202 360.913 0 0
1500 70.7481 43.6527 17.8883 0.248994 0.731299 360.694 0 0
1500 98.7932 1.03418 17.8629 0.678299 -0.0469153 360.791 0 0
1500 114.104 -28.3203 18.0842 0.912134 -0.521293 360.616 0 0
1500 34.8435 -27.5437 17.839 -0.416014 -0.371811 360.733 0 0
1500 122.925 -15.6224 17.8122 1.01211 -0.171507 360.978 0 0
1500 22.6205 -44.7549 17.8815 -0.556372 -0.748957 361.154 0 0
1500 80.9206 -17.3933 18.0584 0.466071 -0.257919 361.12 0 0
1500 64.3456 -36.112 17.958 0.0751917 -0.668336 361.004 0 0
1500 39.8034 61.6937 17.8742 -0.240921 1.05141 361.298 0 0
1500 120.707 9.04573 17.9518 0.985137 0.14175 361.821 0 0
1500 32.2727 62.5086 17.8566 -0.390393 0.990874 361.394 0 0
1500 -5.02391 22.5145 17.887 -0.99625 0.321932 361.832 0 0
1500 29.7948 60.0251 17.7999 -0.497689 0.911385 361.514 0 0
1500 107.063 40.6899 17.8274 0.746284 0.685689 361.584 0 0
1500 96.4194 2.41178 18.2058 0.67693 -0.0219639 361.455 0 0
1500 61.6635 45.3108 17.8074 0.124681 0.727496 361.756 0 0
1500 -7.631 -28.1193 17.9603 -1.06263 -0.49893 361.615 0 0
1500 162.814 67.154 17.9301 1.7676 1.1354 361.475 0 0
1500 117.096 32.6026 18.0787 1.01098 0.603936 361.894 0 0
1500 73.8802 63.929 17.8929 0.281636 0.989402 362.421 0 0
1500 103.543 -14.6189 17.9287 0.713075 -0.228857 362.113 0 0
1500 26.2789 -25.492 17.8159 -0.517213 -0.348061 362.189 0 0
1500 76.5285 -37.069 17.9063 0.321572 -0.558914 362.751 0 0
1500 78.0274 -42.1401 17.9029 0.343707 -0.631906 362.495 0 0
1500 71.6541 53.1795 17.8671 0.209331 0.824433 362.768 0 0
1500 62.1845 64.6843 17.8767 0.0535897 1.03539 362.071 0 0
1500 79.5267 -62.2141 17.9296 0.309663 -0.99242 362.776 0 0
1500 67.3273 -64.9739 17.9295 0.12879 -1.03278 362.811 0 0
1500 30.2398 -56.0402 17.9317 -0.424766 -0.909392 362.147 0 0
1500 93.3955 -5.32099 18.4611 0.661993 -0.134829 362.374 0 0
1500 91.0696 42.6506 18.0967 0.598846 0.674799 362.783 0 0
1500 16.5465 37.9528 17.8234 -0.684292 0.631707 362.208 0 0
1500 28.0512 37.6424 17.8169 -0.423599 0.645631 361.969 0 0
1500 41.7275 3.69551 18.0513 -0.266238 0.122203 361.969 0 0
1500 36.4906 24.6812 17.9949 -0.378298 0.341814 362.846 0 0
1500 58.3133 54.1873 17.8637 0.0757533 0.874839 362.802 0 0
1500 74.1152 2.64888 17.8998 0.302427 -0.0229649 362.219 0 0
1500 85.7055 -11.6698 18.4485 0.522713 -0.257446 362.853 0 0
1500 106.754 42.3602 18.0179 0.866415 0.720914 362.116 0 0
1500 133.174 40.2888 18.0099 1.25352 0.727669 361.911 0 0
1500 141.781 -97.9657 17.9724 1.3732 -1.67452 361.961 0 0
1500 70.1566 11.881 18.5467 0.324854 0.263262 361.958 0 0
1500 65.2136 -40.0366 18.0247 0.0642161 -0.705103 362.603 0 0
1500 -14.8052 -4.62878 17.9472 -1.25543 -0.128477 362.861 0 0
1500 45.2799 16.3193 18.0893 -0.241618 0.202192 362.642 0 0
1500 107.944 -14.2692 18.4523 0.964168 -0.309701 361.993 0 0
1500 173.743 32.1349 18.4371 2.19701 0.566318 362.635 0 0
1500 46.1779 24.2557 17.9024 -0.120134 0.396378 363.129 0 0
1500 91.1889 33.5221 18.0024 0.511074 0.532564 363.474 0 0
1500 32.2672 14.1366 18.0483 -0.390907 0.225792 363.342 0 0
1500 35.6966 26.1056 17.9194 -0.326557 0.426922 362.942 0 0
1500 50.4071 32.6311 17.9196 -0.122366 0.517389 362.956 0 0
1500 46.9535 65.162 17.8027 -0.234841 0.961323 363.38 0 0
1500 119.774 -19.1523 17.8134 0.968207 -0.261297 363.315 0 0
1500 115.262 -9.74177 18.0266 0.920951 -0.212454 363.508 0 0
1500 84.8705 -36.593 18.1652 0.428909 -0.625793 363.252 0 0
1500 111.043 39.6242 18.0776 0.910398 0.633634 362.919 0 0
1500 82.9041 49.9347 17.8042 0.413923 0.826824 363.005 0 0
1500 87.7644 17.6998 18.2399 0.482357 0.340965 363.422 0 0
1500 37.0092 -44.1074 17.8657 -0.370005 -0.731643 363.282 0 0
1500 19.7411 -19.9274 17.9878 -0.631544 -0.344095 363.4 0 0
1500 96.1342 -5.23153 17.9043 0.587935 -0.157582 363.465 0 0
1500 67.1188 -19.9922 17.9099 0.139993 -0.388276 363.068 0 0
1500 42.7601 33.2383 17.942 -0.222596 0.594744 363.123 0 0
1500 103.299 45.305 17.8707 0.742919 0.717498 363.702 0 0
1500 97.6488 -19.5289 17.9203 0.605871 -0.375746 363.612 0 0
1500 66.9592 20.2656 18.2559 0.225479 0.381567 363.555 0 0
1500 22.1048 34.2623 17.8139 -0.641854 0.546288 363.717 0 0
1500 109.905 32.622 17.8657 0.8108 0.600774 363.601 0 0
1500 146.092 14.3017 18.1771 1.53776 0.229398 363.623 0 0
1500 105.865 -13.045 18.023 0.745488 -0.231478 364.302 0 0
1500 15.8131 0.430883 17.9362 -0.649956 0.0129807 364.762 0 0
1500 74.0173 42.2759 18.0074 0.246011 0.660572 364.201 0 0
1500 85.0139 -26.9144 18.0664 0.399508 -0.442625 364.829 0 0
1500 77.0195 12.9232 17.8446 0.328594 0.155446 363.959 0 0
1500 78.452 20.6722 17.8862 0.318843 0.351878 364.532 0 0
1500 110.208 -12.8493 17.9496 0.82313 -0.202774 364.428 0 0
1500 104.943 -12.0702 17.9533 0.744423 -0.190694 364.807 0 0
1500 52.0816 -66.0326 17.8943 -0.10594 -1.03266 363.785 0 0
1500 118.577 -26.6791 17.865 0.932695 -0.450894 364.762 0 0
1500 120.336 -25.9829 17.84 0.988769 -0.346112 364.039 0 0
1500 71.9602 -64.3943 17.8532 0.209286 -1.02678 364.328 0 0
1500 96.0548 -44.9553 17.9404 0.575278 -0.752061 364.259 0 0
1500 83.404 -36.2699 18.1774 0.419514 -0.623181 364.47 0 0
1500 84.7085 -0.629954 18.1571 0.452391 -0.0862433 364.045 0 0
1500 102.956 14.754 17.9353 0.776453 0.22341 364.562 0 0
1500 88.8901 -3.12181 17.8606 0.555713 -0.0731257 363.758 0 0
1500 84.8171 -3.33455 17.9902 0.440359 0.0255582 364.162 0 0
1500 94.6101 -9.27348 18.1101 0.667646 -0.0991272 364.079 0 0
1500 117.029 -25.2188 17.8653 0.916323 -0.473778 363.847 0 0
1500 65.5995 22.7276 17.9011 0.170072 0.416251 364.644 0 0
1500 109.613 30.5403 18.0123 0.920225 0.574095 364.327 0 0
1500 91.9202 1.30627 18.0942 0.612109 0.104961 363.999 0 0
1500 90.365 27.1226 17.9344 0.462657 0.447804 365.63 0 0
1500 42.7812 -3.73745 18.015 -0.219708 -0.113828 364.901 0 0
1500 70.1595 -20.9269 18.0721 0.192362 -0.357508 365.246 0 0
1500 58.8643 -26.1 18.0322 0.0639858 -0.423334 365.086 0 0
1500 64.1984 -29.3365 18.1315 0.104041 -0.471858 365.84 0 0
1500 43.1514 -18.1586 17.8263 -0.27993 -0.24076 365.878 0 0
1500 95.1606 -31.8107 18.0016 0.630947 -0.470198 365.151 0 0
1500 97.1748 -50.059 17.8729 0.633545 -0.808889 365.133 0 0
1500 -3.12506 -24.4139 17.8485 -0.968756 -0.396073 365.696 0 0
1500 17.7156 -51.9632 17.9013 -0.66485 -0.781547 365.913 0 0
1500 21.832 75.0597 17.8138 -0.62056 1.15972 365.49 0 0
1500 85.9424 48.8068 17.8201 0.463631 0.807172 365.454 0 0
1500 101.725 -29.2825 17.8787 0.736037 -0.402343 365.771 0 0
1500 102.63 21.9538 17.8594 0.763016 0.328205 365.894 0 0
1500 88.8103 -4.48077 17.8965 0.550229 -0.0278073 365.161 0 0
1500 3.19756 11.0719 18.0069 -0.901444 0.151506 365.578 0 0
1500 109.049 -52.4231 17.8607 0.894752 -0.831267 365.434 0 0
1500 81.9284 -72.5329 18.1876 0.50176 -1.2742 365.024 0 0
1500 135.849 -39.6318 18.0417 1.40914 -0.756866 365.243 0 0
1500 58.4757 8.17361 18.7293 0.0854611 0.16595 366.156 0 0
1500 58.6586 2.96905 17.9397 0.062968 -0.011344 366.47 0 0
1500 78.2101 18.0058 17.9018 0.274434 0.320129 366.392 0 0
1500 59.1778 -38.6777 17.8955 -0.00220749 -0.609753 366.252 0 0
1500 87.4619 5.58385 18.1137 0.493632 0.130414 367.024 0 0
1500 53.9764 -44.2263 17.9231 -0.0374096 -0.693374 366.876 0 0
1500 116.359 -8.17065 17.8725 0.881343 -0.176305 366.228 0 0
1500 99.22 -44.4975 17.9264 0.695761 -0.705942 366.019 0 0
1500 34.6959 -61.7256 17.8317 -0.329064 -0.990488 366.854 0 0
1500 10.9719 41.1063 17.8865 -0.711384 0.691866 366.305 0 0
1500 92.9328 -51.5799 17.8307 0.544709 -0.848194 366.731 0 0
1500 39.8992 16.3352 18.3186 -0.284235 0.269857 366.107 0 0
1500 54.9628 30.5099 18.3164 -0.0550747 0.484202 366.265 0 0
1500 44.7294 54.0846 17.8256 -0.21665 0.897878 366.194 0 0
1500 29.1076 6.13333 18.0022 -0.456293 0.165403 366.297 0 0
1500 90.1556 5.0304 17.8293 0.51066 0.155354 366.16 0 0
1500 54.6757 -55.7613 17.9004 0.0111493 -0.92582 366.234 0 0
1500 83.1826 1.94422 17.9051 0.379609 0.105482 366.615 0 0
1500 120.221 44.0031 17.8881 1.0583 0.706846 366.612 0 0
1500 71.7436 60.7071 17.9371 0.20132 1.03938 366.826 0 0
1500 136.974 80.7961 17.8895 1.34402 1.26739 367.188 0 0
1500 56.2144 15.4031 18.5898 -0.0255489 0.379433 366.2 0 0
1500 71.6829 -4.0649 18.5628 0.32513 -0.048106 367.622 0 0
1500 97.885 49.1593 17.8003 0.63502 0.756857 367.348 0 0
1500 78.4371 -0.254461 18.3258 0.377488 -0.0798412 367.64 0 0
1500 54.7235 -18.2781 18.1884 0.022137 -0.352318 367.309 0 0
1500 75.2785 -47.5578 18.0332 0.315238 -0.801253 367.361 0 0
1500 69.0783 28.2907 17.8428 0.172296 0.518056 367.434 0 0
1500 122.803 10.1664 17.8835 1.04663 0.238064 367.513 0 0
1500 78.8842 9.79331 18.1713 0.396375 0.132299 368.283 0 0
1500 35.1755 -17.28 17.9258 -0.325593 -0.309442 367.738 0 0
1500 101.066 -6.13588 18.1057 0.696436 -0.0537581 367.805 0 0
1500 93.0121 -17.8024 17.8324 0.555918 -0.220277 368.108 0 0
1500 61.4819 44.2855 17.8147 0.0814692 0.689385 367.896 0 0
1500 25.6084 -40.9631 17.8429 -0.448373 -0.653215 367.899 0 0
1500 90.956 57.5482 17.965 0.507327 0.9172 367.734 0 0
1500 100.769 52.2082 17.8835 0.623328 0.838751 367.889 0 0
1500 58.1116 65.9995 17.806 -0.0171081 1.04734 368.272 0 0
1500 114.293 24.6025 17.9345 0.926448 0.392827 367.719 0 0
1500 72.6302 0.578864 18.5676 0.320323 -0.0662676 368.173 0 0
1500 26.782 145.448 17.8195 -0.464199 2.30198 367.67 0 0
1500 105.681 11.7177 17.9639 0.784477 0.242875 368.243 0 0
1500 99.1766 0.901796 17.9692 0.690499 0.0786862 367.758 0 0
1500 44.711 44.4706 17.9032 -0.169511 0.755263 367.891 0 0
1500 57.9967 33.9126 17.999 -0.0529818 0.544789 367.835 0 0
1500 49.1321 47.1431 17.8651 -0.0767607 0.777228 368.242 0 0
1500 44.0388 13.8861 18.0448 -0.265554 0.226769 367.83 0 0
1500 84.9809 -14.16 17.8252 0.492 -0.222167 367.908 0 0
1500 65.6196 -14.6315 17.9668 0.105237 -0.29948 367.914 0 0
1500 42.7038 -7.16386 17.9669 -0.250982 -0.183428 367.907 0 0
1500 121.023 69.9639 17.8247 1.04932 1.10202 368.249 0 0
1500 120.868 6.51564 17.863 1.03344 0.182267 368.072 0 0
1500 53.164 -12.0937 18.3699 -0.0506747 -0.212562 368.95 0 0
1500 95.2852 10.2301 17.9562 0.583911 0.142472 369.086 0 0
1500 74.005 13.058 18.1152 0.315149 0.211959 368.582 0 0
1500 55.8685 33.5876 18.046 -0.0426598 0.525889 369.2 0 0
1500 83.0717 -23.0649 17.9576 0.351872 -0.391251 369.468 0 0
1500 9.4041 -9.72463 17.9144 -0.74869 -0.14399 369.504 0 0
1500 36.7959 -53.0639 17.9094 -0.296701 -0.828605 369.48 0 0
1500 74.9628 55.7798 17.8213 0.280315 0.863057 369.276 0 0
1500 117.051 -28.0819 17.9263 0.922341 -0.462513 369.274 0 0
1500 114.345 39.1461 17.8068 0.808005 0.645813 368.764 0 0
1500 14.7712 -47.444 17.888 -0.714689 -0.701745 369.259 0 0
1500 92.9081 48.122 18.0024 0.552339 0.795717 369.505 0 0
1500 23.6218 32.9143 18.0318 -0.572437 0.513092 368.826 0 0
1500 77.7018 36.9182 18.0421 0.344292 0.637863 369.471 0 0
1500 67.9856 20.508 18.0975 0.245422 0.366246 369.139 0 0
1500 22.2177 -41.7673 17.8156 -0.554554 -0.723484 368.803 0 0
1500 60.5753 -2.89196 17.9484 -0.0135542 -0.00478899 368.529 0 0
1500 90.9119 -78.4891 17.8763 0.592959 -1.23888 369.453 0 0
1500 106.988 -30.4158 17.8765 0.84759 -0.457938 369.146 0 0
1500 146.491 -3.04225 18.2523 1.60509 -0.0604372 368.812 0 0
1500 73.5736 59.284 18.4204 0.330319 1.06858 369.523 0 0
1500 54.6554 12.0973 18.248 -0.0182461 0.230732 370.613 0 0
1500 94.6252 43.964 17.8344 0.506229 0.685793 370.12 0 0
1500 52.5071 -24.41 17.9098 -0.0784939 -0.410413 370.367 0 0
1500 95.3221 -14.9154 17.9422 0.597136 -0.245748 370.504 0 0
1500 21.4275 18.4713 17.9583 -0.553651 0.302991 370.621 0 0
1500 89.7292 33.7185 17.9002 0.443706 0.545729 370.585 0 0
1500 91.4509 98.1866 17.8076 0.518423 1.46647 369.648 0 0
1500 71.1177 54.4053 17.9576 0.225031 0.841281 370.65 0 0
1500 92.4548 -55.5399 17.8316 0.548937 -0.870851 369.654 0 0
1500 32.6726 61.3932 17.8069 -0.363492 0.975878 369.951 0 0
1500 47.2917 65.0528 17.807 -0.14829 1.0288 370.011 0 0
1500 78.1592 40.3594 18.2044 0.319377 0.667743 369.884 0 0
1500 102.939 48.5258 17.8147 0.687124 0.790834 370.496 0 0
1500 71.2964 -62.8384 17.9607 0.211219 -1.00722 370.434 0 0
1500 104.964 23.2615 18.1484 0.760658 0.415714 370.562 0 0
1500 86.8346 -51.9896 17.8095 0.500641 -0.775522 370.493 0 0
1500 27.1473 -46.0485 17.921 -0.527068 -0.735841 370.332 0 0
1500 27.8599 31.6958 17.8793 -0.535165 0.496698 370.455 0 0
1500 96.076 -30.5301 18.0879 0.672634 -0.541534 369.581 0 0
1500 93.0911 27.3982 17.9824 0.535411 0.502194 370.369 0 0
1500 98.6417 -36.0565 18.2527 0.675481 -0.658545 369.94 0 0
1500 121.568 -27.895 18.0469 1.14528 -0.473991 370.149 0 0
1500 52.2671 -54.5899 18.3191 -0.0766006 -0.970726 370.561 0 0
1500 80.3928 21.642 18.13 0.353238 0.368442 371.255 0 0
1500 65.1841 -26.8958 17.9482 0.172439 -0.411277 370.993 0 0
1500 95.8975 -24.3023 17.8864 0.603367 -0.377862 371.122 0 0
1500 33.0924 33.7035 17.8374 -0.365797 0.545982 371.215 0 0
1500 61.7505 44.073 17.8232 0.0351655 0.693727 371.159 0 0
1500 64.2521 13.7928 17.877 0.159686 0.185182 372.251 0 0
1500 85.9289 7.26025 18.3884 0.506058 0.0743388 375.037 0 0
1500 87.6868 -9.92738 18.269 0.512488 -0.181845 374.362 0 0
1500 84.866 -22.9509 17.9955 0.425255 -0.33782 377.06 0 0
1500 110.806 28.9865 17.8141 0.768547 0.488051 371.493 0 0
1500 43.6996 14.7215 18.2166 -0.179774 0.2675 374.726 0 0
1500 71.1049 -6.30543 18.0028 0.235614 -0.147191 374.866 0 0
1500 31.5734 14.3977 18.0012 -0.415834 0.220289 374.785 0 0
1500 44.3915 64.4823 17.8157 -0.179071 1.01426 371.379 0 0
1500 84.0901 -18.9401 18.2073 0.415028 -0.306487 379.06 0 0
1500 12.6215 48.9703 17.8097 -0.661002 0.790442 371.831 0 0
1500 19.3431 42.9374 17.8177 -0.550796 0.687415 373.285 0 0
1500 36.0942 -63.0617 17.9391 -0.333173 -0.991213 371.876 0 0
1500 80.0553 -61.7073 17.9398 0.314792 -0.98482 370.944 0 0
1500 81.2694 -9.94603 17.8806 0.327212 -0.209035 375.328 0 0
1500 59.0955 45.3668 18.1805 0.0398416 0.757381 370.972 0 0
1500 -97.5098 30.6478 17.8183 -2.36819 0.462016 372.973 0 0
1500 49.8699 -64.4744 17.9317 -0.103348 -1.03092 372.831 0 0
1500 98.2064 -81.5179 17.8137 0.68535 -1.22772 371.335 0 0
1500 49.2263 -26.0125 17.9839 -0.170505 -0.386314 377.962 0 0
1500 71.1141 39.4681 18.055 0.187044 0.666349 371.664 0 0
1500 38.8831 35.3963 17.9756 -0.294377 0.551511 377.656 0 0
1500 43.3476 55.0046 17.9627 -0.249699 0.89013 372.542 0 0
1500 -2.82739 -1.76504 17.8788 -0.940232 -0.023894 375.891 0 0
1500 121.737 -16.3208 17.849 1.01151 -0.254669 374.538 0 0
1500 77.722 55.0438 17.8132 0.354853 0.884799 372.397 0 0
1500 110.384 31.2532 17.8133 0.809683 0.498549 375.724 0 0
1500 35.6527 55.7272 17.8138 -0.284072 0.896531 372.297 0 0
1500 82.299 15.2093 17.8324 0.392851 0.259442 377.675 0 0
1500 82.9501 -60.7891 17.8343 0.356144 -0.977882 374.456 0 0
1500 99.7739 -21.1783 18.0364 0.722507 -0.366455 373.238 0 0
1500 76.9212 -19.2797 18.0473 0.380774 -0.34233 372.334 0 0
1500 56.8408 -15.7197 17.8902 -0.0560503 -0.27301 379.395 0 0
1500 42.9407 -49.6718 17.8743 -0.25475 -0.760936 378.061 0 0
1500 14.4101 -44.4362 17.864 -0.697267 -0.724804 374.344 0 0
1500 24.0649 -54.9866 17.8066 -0.594015 -0.808965 372.601 0 0
1500 -9.08811 -55.0233 17.806 -1.01019 -0.880424 376.057 0 0
1500 33.3691 53.9012 17.8089 -0.449851 0.838644 374.049 0 0
1500 19.5957 -22.4859 17.8187 -0.670084 -0.326629 372.959 0 0
1500 -7.65251 4.23909 17.8035 -1.04439 0.0823387 375.836 0 0
1500 58.4365 23.849 17.8307 -0.0639064 0.352941 379.533 0 0
1500 62.673 14.9653 18.1353 0.165438 0.28454 373.249 0 0
1500 77.1626 -40.9784 17.9783 0.278496 -0.646064 379.558 0 0
1500 102.753 -14.0726 17.9763 0.694184 -0.291137 373.838 0 0
1500 49.897 -56.0898 17.9681 -0.11256 -0.921172 374.724 0 0
1500 43.1504 -61.8016 17.9633 -0.211598 -0.99442 375.586 0 0
1500 67.9897 -42.7767 17.9765 0.162628 -0.730271 373.82 0 0
1500 74.3091 -10.8236 17.9854 0.306671 -0.179149 380.458 0 0
1500 117.24 -17.9712 17.9603 0.968752 -0.298633 375.611 0 0
1500 114.261 34.745 17.7941 0.883351 0.562893 376.207 0 0
1500 103.539 -12.5026 17.8083 0.756164 -0.141622 373.402 0 0
1500 110.562 31.3698 17.7971 0.84613 0.523801 374.81 0 0
1500 23.3396 51.4561 17.8567 -0.490377 0.813405 378.006 0 0
1500 115.348 14.1332 17.8078 0.892371 0.223399 378.046 0 0
1500 113.16 -18.8366 17.8064 0.908235 -0.265326 374.424 0 0
1500 66.1903 32.2911 18.0374 0.0889728 0.49912 380.49 0 0
1500 93.2691 44.0474 18.0762 0.549504 0.735154 375.307 0 0
1500 52.1659 12.1486 18.0974 -0.0694032 0.263597 373.47 0 0
1500 92.5653 56.1629 17.8072 0.572931 0.837344 377.212 0 0
1500 66.0613 32.4033 17.9266 0.178866 0.495787 380.243 0 0
1500 51.6607 0.361699 17.9904 -0.107779 0.0781944 373.209 0 0
1500 64.983 -13.4309 17.8232 0.176182 -0.24464 372.892 0 0
1500 79.1321 -62.6174 17.7967 0.370852 -0.946505 377.569 0 0
1500 130.444 10.417 18.0309 1.23961 0.222095 371.487 0 0
1500 87.9897 -26.555 18.1127 0.501796 -0.479825 374.831 0 0
1500 -89.4601 -70.2914 17.8645 -2.44667 -1.07872 370.985 0 0
1500 71.1177 -30.2934 17.8705 0.290145 -0.486455 370.815 0 0
1500 -19.3774 70.0133 17.82 -1.21463 1.08912 376.512 0 0
1500 79.0668 4.06831 17.9916 0.340193 0.119236 381.436 0 0
1500 28.176 22.906 17.9668 -0.444936 0.376258 380.944 0 0
1500 40.4716 -1.30908 17.9741 -0.270669 0.0369543 381.505 0 0
1500 2.63274 24.4376 17.9504 -0.862209 0.427268 376.001 0 0
1500 8.33529 34.2783 17.8688 -0.824362 0.479691 374.011 0 0
1500 92.7174 47.4646 18.0058 0.549289 0.786752 376.297 0 0
1500 119.811 3.76247 17.9902 1.00585 0.0946974 376.792 0 0
1500 96.307 32.4425 18.001 0.621635 0.494573 380.487 0 0
1500 91.5535 46.265 17.9939 0.590879 0.73487 376.13 0 0
1500 111.368 -16.3642 17.8361 0.866665 -0.302902 375.398 0 0
1500 111.41 -4.20885 17.8381 0.870516 -0.118355 375.156 0 0
1500 82.4979 -39.8055 17.8421 0.431607 -0.666279 374.744 0 0
1500 50.0315 50.4364 18.0418 -0.189862 0.81898 371.59 0 0
1500 74.9582 1.24234 17.9741 0.278833 -0.0583976 374.028 0 0
1500 57.4365 -17.9494 17.9735 0.00576387 -0.319011 381.637 0 0
1500 96.049 -1.8996 17.8732 0.648706 -0.0983606 372.657 0 0
1500 107.639 42.9952 17.8564 0.744836 0.715995 377.056 0 0
1500 109.152 -35.5832 17.8876 0.794848 -0.606641 376.748 0 0
1500 51.6381 -21.4453 17.9107 -0.0708543 -0.408995 374.38 0 0
1500 51.392 -40.8216 17.9137 -0.102709 -0.704097 375.139 0 0
1500 26.4456 68.8929 17.8252 -0.546336 1.08203 376.044 0 0
1500 113.649 56.8442 18.133 0.970689 0.973836 372.731 0 0
1500 96.977 -62.914 18.0434 0.704338 -1.08523 371.726 0 0
1500 115.507 -23.2173 17.8233 0.900905 -0.41082 377.112 0 0
1500 103.665 15.7187 18.3636 0.797709 0.289834 377.708 0 0
1500 95.002 20.4191 18.1532 0.674557 0.283911 376.461 0 0
1500 111.965 -25.1256 18.1408 0.910532 -0.397113 377.99 0 0
1500 117.147 6.40264 18.1409 0.987782 0.0699097 377.957 0 0
1500 60.2738 -91.4749 17.8405 0.0265608 -1.42836 378.005 0 0
1500 39.2421 -34.5217 17.8849 -0.285454 -0.610184 375.274 0 0
1500 43.8124 -64.2878 17.8669 -0.206126 -1.02613 378.029 0 0
1500 30.4937 -30.7207 17.8863 -0.383681 -0.503175 381.494 0 0
1500 77.2138 40.7606 17.9135 0.331056 0.624287 381.605 0 0
1500 109.917 1.75668 17.8729 0.871504 0.00914768 376.349 0 0
1500 20.649 -14.7342 18.1455 -0.596888 -0.25566 376.556 0 0
1500 100.294 3.76926 17.9486 0.712817 -0.00142388 376.147 0 0
1500 20.0263 1.5312 17.8854 -0.620086 -0.0436284 375.714 0 0
1500 21.6886 -22.404 17.8816 -0.591603 -0.412137 376.015 0 0
1500 37.2371 -11.436 17.8909 -0.355924 -0.245831 375.315 0 0
1500 90.1285 -7.75632 18.0232 0.537902 -0.0929227 382.939 0 0
1500 -5.29678 -61.2325 18.0366 -1.0921 -1.06199 372.298 0 0
1500 71.475 -5.05371 18.0001 0.285067 -0.132567 376.104 0 0
1500 -3.11838 30.1976 17.8469 -0.961192 0.410131 379.643 0 0
1500 34.4737 34.8289 17.8652 -0.429232 0.50287 376.315 0 0
1500 40.9971 36.3923 17.8666 -0.328894 0.527947 376.205 0 0
1500 89.5763 -0.885936 17.9799 0.5761 -0.0442809 376.734 0 0
1500 46.0752 -41.9775 17.8182 -0.22116 -0.64562 382.479 0 0
1500 77.8685 -44.8285 17.8139 0.24931 -0.745845 376.818 0 0
1500 12.9964 -22.2407 17.814 -0.693782 -0.368063 382.079 0 0
1500 39.4669 -14.4166 17.8257 -0.34718 -0.281365 375.895 0 0
1500 69.4547 -57.6313 17.8092 0.111563 -0.878957 381.553 0 0
1500 7.16215 -29.7105 17.805 -0.826259 -0.50464 377.888 0 0
1500 41.7688 -58.514 17.804 -0.301039 -0.938744 378.057 0 0
1500 82.3385 -33.7202 18.0399 0.35315 -0.540317 383.51 0 0
1500 73.1374 -29.4412 18.0313 0.208807 -0.474959 383.869 0 0
1500 12.6637 -5.32372 17.9403 -0.776882 -0.171832 371.731 0 0
1500 -2.05276 24.7576 17.8125 -0.883541 0.425418 381.706 0 0
1500 77.2497 -21.3353 17.8313 0.22518 -0.360746 376.116 0 0
1500 81.0668 33.1372 18.0593 0.37839 0.526222 383.744 0 0
1500 107.377 25.4278 18.0475 0.802708 0.45045 378.674 0 0
1500 88.0449 -57.9306 17.9138 0.449671 -0.934129 379.483 0 0
1500 68.8881 -26.4991 17.9377 0.155387 -0.439653 383.722 0 0
1500 43.5393 -51.9661 17.9244 -0.202173 -0.809055 382.52 0 0
1500 101.634 -19.0477 17.9274 0.672165 -0.367994 377.411 0 0
1500 122.491 -15.6928 17.909 1.0067 -0.28443 380.363 0 0
1500 115.774 -27.6427 17.9098 0.92093 -0.466221 379.417 0 0
1500 97.3663 -9.68936 17.9281 0.611485 -0.188167 383.328 0 0
1500 10.142 -69.387 17.9555 -0.807326 -1.20712 373.586 0 0
1500 54.147 -61.4167 17.8935 -0.0671511 -0.99473 379.256 0 0
1500 38.0975 -46.2066 17.9015 -0.31333 -0.779503 378.137 0 0
1500 47.6716 -64.5426 17.892 -0.159324 -1.00978 381.358 0 0
1500 90.1215 -58.6917 17.8912 0.460297 -0.92848 381.074 0 0
1500 78.8805 -28.0024 17.913 0.284054 -0.460608 383.962 0 0
1500 55.0452 -54.5849 17.8984 -0.0542911 -0.902536 378.491 0 0
1500 68.5549 41.7896 18.072 0.14211 0.694399 378.235 0 0
1500 53.7969 49.1694 18.0679 -0.0824079 0.802331 378.609 0 0
1500 138.191 39.2895 17.9078 1.2854 0.635736 379.043 0 0
1500 72.925 13.8392 17.9528 0.192571 0.271581 377.347 0 0
1500 103.108 45.0277 17.8077 0.713536 0.74661 379.619 0 0
1500 98.4365 15.4186 18.0516 0.72546 0.290162 376.925 0 0
1500 39.7153 38.7919 17.9257 -0.315204 0.568707 384.212 0 0
1500 51.8203 43.2197 17.9238 -0.155939 0.683197 378.838 0 0
1500 0.268911 19.0958 17.9127 -0.896218 0.298079 382.364 0 0
1500 71.906 12.8921 17.9467 0.263267 0.193781 386.977 0 0
1500 17.5338 27.7961 18.031 -0.646596 0.471623 379.44 0 0
1500 79.8433 -19.534 18.2728 0.38352 -0.372242 379.56 0 0
1500 114.858 33.868 17.8116 0.828299 0.565807 382.395 0 0
1500 87.0145 16.9448 17.8308 0.452075 0.341436 377.969 0 0
1500 64.5287 -42.8425 17.9827 0.0502397 -0.690126 379.029 0 0
1500 0.991339 4.40743 17.9447 -0.916575 0.0950803 380.245 0 0
1500 -37.9385 21.0752 17.9307 -1.64072 0.304117 375.152 0 0
1500 18.9692 37.4235 17.8669 -0.597804 0.58867 384.372 0 0
1500 134.244 48.3765 17.9744 1.27556 0.877333 375.016 0 0
1500 92.2092 -30.5569 17.8813 0.486327 -0.542226 376.128 0 0
1500 65.3301 -109.355 17.8129 0.0652892 -1.70067 381.153 0 0
1500 103.38 -42.3004 17.8112 0.703021 -0.666848 383.537 0 0
1500 117.012 -28.2281 17.807 0.926778 -0.476592 381.575 0 0
1500 118.069 -28.3219 17.8068 0.933214 -0.473268 382.245 0 0
1500 86.848 -20.1617 17.8267 0.497167 -0.371297 378.876 0 0
1500 1.30428 -20.7159 17.9183 -0.878789 -0.372302 381.352 0 0
1500 101.94 10.5696 18.0956 0.774088 0.140816 380.693 0 0
1500 88.9708 -11.9927 18.104 0.529269 -0.184302 386.711 0 0
1500 100.523 10.6135 17.8239 0.726143 0.134966 379.744 0 0
1500 120.494 10.5196 17.8103 1.00687 0.129948 381.523 0 0
1500 115.852 -30.0538 17.8087 0.928724 -0.47552 382.123 0 0
1500 121.493 -1.14856 17.8099 1.02042 -0.0453425 381.618 0 0
1500 97.0804 43.5621 17.9129 0.651016 0.712014 381.404 0 0
1500 98.4536 42.6157 18.1784 0.690652 0.706952 381.61 0 0
1500 84.6314 17.9321 17.8886 0.434597 0.354127 379.63 0 0
1500 120.983 27.6547 18.0139 1.08832 0.533142 375.533 0 0
1500 101.697 6.636 18.0834 0.770484 0.0841703 381.113 0 0
1500 103.007 18.7917 18.0572 0.711732 0.311984 386.387 0 0
1500 98.6897 19.2028 17.959 0.635227 0.322543 386.278 0 0
1500 105.59 60.8631 17.9854 0.845091 0.970109 378.731 0 0
1500 32.5714 -60.4057 17.8246 -0.35085 -0.950615 383.997 0 0
1500 101.069 -5.76969 17.8395 0.686648 -0.16351 380.096 0 0
1500 53.2237 -7.22246 18.5988 -0.00899839 -0.172868 382.542 0 0
1500 36.3478 -24.4353 17.8554 -0.318903 -0.411932 387.262 0 0
1500 101.422 -49.9433 17.8919 0.765113 -0.813543 379.447 0 0
1500 61.5521 29.8953 17.9903 -0.00976038 0.470972 378.055 0 0
1500 79.1188 14.4464 18.2736 0.454908 0.216729 382.304 0 0
1500 116.844 -28.8826 17.8873 0.93346 -0.40103 385.636 0 0
1500 9.20577 -41.1387 17.8497 -0.777668 -0.66963 383.761 0 0
1500 -4.7816 -20.5991 17.8497 -0.96354 -0.353909 385.378 0 0
1500 104.772 5.04193 17.9458 0.833657 0.043879 379.169 0 0
1500 80.4823 4.26254 18.0886 0.458231 0.0505481 381.45 0 0
1500 101.85 6.40873 17.9163 0.736908 0.153432 382.502 0 0
1500 29.8331 22.4373 17.8396 -0.51334 0.363975 381.899 0 0
1500 66.6035 33.267 17.8426 0.0572697 0.533825 381.676 0 0
1500 25.6864 -31.0564 17.8379 -0.526929 -0.424942 388.107 0 0
1500 11.699 -31.6419 17.8303 -0.732696 -0.437915 387.35 0 0
1500 -0.488625 -32.8319 17.8201 -0.934405 -0.468671 385.301 0 0
1500 53.0669 -45.6823 17.8367 -0.15237 -0.690256 382.132 0 0
1500 12.7545 -12.237 17.8358 -0.711811 -0.159066 387.919 0 0
1500 2.51219 24.8626 17.8231 -0.911348 0.390536 383.725 0 0
1500 50.0864 7.04398 17.8494 -0.179375 0.112749 389.008 0 0
1500 105.086 -21.4604 18.045 0.814791 -0.32426 383.714 0 0
1500 104.41 24.5291 17.8714 0.732264 0.327577 387.982 0 0
1500 71.8341 -66.5701 17.8896 0.274696 -1.04731 384.245 0 0
1500 51.4721 -42.9277 17.8408 -0.0597501 -0.728019 382.666 0 0
1500 55.4949 44.4119 17.8428 0.0272731 0.726321 382.776 0 0
1500 121.134 4.94465 17.8305 0.977109 0.110035 386.971 0 0
1500 111.226 22.1696 17.8323 0.872075 0.376382 383.919 0 0
1500 93.1566 56.1944 17.8272 0.579122 0.86424 386.07 0 0
1500 51.5136 26.8126 17.8516 -0.0345348 0.459452 382.103 0 0
1500 118.932 -11.41 17.83 0.98317 -0.132145 384.307 0 0
1500 94.2014 50.3664 17.8293 0.609035 0.797719 384.441 0 0
1500 93.5096 19.2249 17.846 0.561801 0.308864 388.797 0 0
1500 121.648 10.6702 17.8291 0.988637 0.193831 386.687 0 0
1500 71.206 65.8786 17.8274 0.256407 1.00527 386.152 0 0
1500 76.4521 29.6316 17.847 0.352617 0.500861 382.431 0 0
1500 80.7422 6.25764 17.9931 0.3773 0.178753 380.971 0 0
1500 52.5484 -48.8073 17.8612 -0.0815985 -0.766738 388.256 0 0
1500 25.6309 -52.6814 17.8518 -0.475091 -0.83918 386.817 0 0
1500 51.55 -57.6146 17.8527 -0.101138 -0.941703 384.576 0 0
1500 57.4015 37.5511 17.9291 0.0335023 0.649552 383.006 0 0
1500 99.2555 55.0171 17.8155 0.679222 0.795252 385.971 0 0
1500 113.936 34.6533 17.8161 0.907216 0.501378 385.108 0 0
1500 7.18315 -42.4455 17.8711 -0.761714 -0.705056 385.524 0 0
1500 56.8296 39.3016 17.9776 0.0481983 0.690102 380.857 0 0
1500 45.2957 -37.2219 17.8607 -0.196319 -0.65252 383.486 0 0
1500 17.6017 -49.4958 17.8467 -0.584969 -0.7891 387.841 0 0
1500 46.5579 16.7157 18.0493 -0.268448 0.343084 376.35 0 0
1500 88.8979 55.1495 18.3131 0.584047 0.978298 380.284 0 0
1500 83.9343 64.7261 17.8424 0.439457 1.00237 387.114 0 0
1500 22.1527 -11.6859 17.8131 -0.598388 -0.113186 383.566 0 0
1500 118.84 30.2405 17.7944 0.874966 0.520819 385.785 0 0
1500 131.385 10.3683 17.8948 1.24535 0.228824 380.911 0 0
1500 61.0448 -55.8494 17.9097 0.0311801 -0.917655 385.393 0 0
1500 38.1105 -57.365 17.9062 -0.313806 -0.933017 385.931 0 0
1500 23.3651 -29.6198 17.9172 -0.546407 -0.526527 384.597 0 0
1500 75.6449 -55.0968 17.9086 0.251877 -0.904269 385.538 0 0
1500 25.5474 -42.0311 17.9119 -0.508796 -0.711122 385.127 0 0
1500 6.25124 -23.3737 17.9103 -0.800082 -0.426016 385.317 0 0
1500 88.8813 41.0566 17.8886 0.51724 0.691713 385.033 0 0
1500 122.254 -14.7481 17.8118 1.01111 -0.244253 387.66 0 0
1500 93.2975 -33.7325 18.0167 0.636496 -0.505375 385.483 0 0
1500 94.8403 -66.627 17.904 0.545794 -1.08603 385.392 0 0
1500 40.7758 -65.2557 17.9515 -0.291885 -1.14073 381.178 0 0
1500 43.7025 -4.05633 18.0208 -0.311275 -0.0573035 379.992 0 0
1500 99.1662 -5.22272 18.3758 0.866927 -0.106926 374.195 0 0
1500 114.532 -36.5128 17.8414 0.907397 -0.522094 388.001 0 0
1500 41.5345 -33.9709 18.0281 -0.324263 -0.527348 382.434 0 0
1500 52.922 78.2415 18.0763 -0.0821118 1.33955 382.268 0 0
1500 85.9471 -14.0125 18.0227 0.416347 -0.282771 385.177 0 0
1500 47.213 -22.5156 18.0241 -0.181208 -0.414492 385.083 0 0
1500 125.484 30.7081 18.0232 1.22323 0.475936 379.252 0 0
1500 78.2573 65.9767 17.8082 0.372524 0.9796 387.961 0 0
1500 110.698 -17.952 17.8842 0.86935 -0.227533 386.364 0 0
1500 55.5489 41.6143 17.959 0.0214879 0.737319 382.533 0 0
1500 15.7576 41.0793 17.7984 -0.672424 0.63306 390.438 0 0
1500 58.9465 14.9234 17.8201 -0.0541975 0.278578 384.813 0 0
1500 63.2256 -38.7696 18.0881 0.0736586 -0.602898 393.421 0 0
1500 93.6678 55.0444 17.8217 0.492738 0.888523 388.213 0 0
1500 82.1002 38.4689 18.0129 0.492215 0.649819 381.89 0 0
1500 12.7434 -47.4436 17.8133 -0.682813 -0.764346 390.271 0 0
1500 -3.3404 -24.9131 17.8126 -0.937403 -0.444012 388.858 0 0
1500 116.366 30.934 17.9506 0.955976 0.477973 389.338 0 0
1500 11.9413 -67.2806 17.9877 -0.726114 -1.11199 386.765 0 0
1500 68.1606 39.4426 17.8398 0.219222 0.655976 387.061 0 0
1500 66.8225 -64.2285 17.831 0.203151 -1.0337 386.902 0 0
1500 71.369 -11.0657 18.1492 0.163165 -0.225236 380.057 0 0
1500 45.3524 -60.4524 17.8983 -0.17942 -0.982008 389.526 0 0
1500 73.9087 -1.69918 17.924 0.258812 -0.104458 387.006 0 0
1500 66.2693 -25.598 17.9206 0.125209 -0.427661 394.422 0 0
1500 37.6785 32.2071 18.0581 -0.381577 0.510363 385.398 0 0
1500 39.6371 37.2327 18.1299 -0.352601 0.602378 384.153 0 0
1500 49.8011 -14.1644 18.3225 -0.0915086 -0.285288 388.611 0 0
1500 52.8756 -56.1483 17.9395 -0.147579 -0.890698 387.316 0 0
1500 120.018 24.3374 17.7988 0.923283 0.425546 392.126 0 0
1500 16.4884 106.229 17.8394 -0.666381 1.73377 387.821 0 0
1500 12.6811 50.8486 17.8095 -0.63642 0.812258 392.3 0 0
1500 108.041 56.9977 17.8416 0.770021 0.847454 394.56 0 0
1500 111.587 36.5784 17.946 0.92352 0.700069 383.242 0 0
1500 -0.924885 -35.5499 17.8724 -0.936527 -0.574728 391.043 0 0
1500 91.201 -4.819 17.988 0.54906 -0.0497695 395.814 0 0
1500 112.356 31.1974 17.9675 0.899395 0.482783 391.451 0 0
1500 -4.12823 10.4213 17.8347 -0.958413 0.191842 393.413 0 0
1500 90.79 18.1327 18.1536 0.60432 0.395466 382.719 0 0
1500 40.1255 10.7884 18.0489 -0.291701 0.230995 389.532 0 0
1500 51.1923 20.7209 18.0492 -0.108248 0.344788 396.98 0 0
1500 124.022 -47.3911 17.928 1.13657 -0.790689 387.305 0 0
1500 53.446 -19.4536 18.1011 -0.151947 -0.355092 383.646 0 0
1500 11.6729 17.0351 18.0211 -0.747181 0.293312 391.373 0 0
1500 50.5561 -21.49 18.0358 -0.158793 -0.29762 390.222 0 0
1500 38.4972 51.4259 18.0176 -0.337421 0.811532 391.75 0 0
1500 62.2743 -27.0669 17.8842 0.14389 -0.449751 390.033 0 0
1500 92.5225 21.9062 17.8768 0.492549 0.379017 396.88 0 0
1500 78.0004 6.46409 17.8636 0.375943 0.0531164 390.085 0 0
1500 96.4818 -52.8981 17.838 0.621884 -0.817852 394.481 0 0
1500 75.067 -49.2652 17.8495 0.300966 -0.74508 396.289 0 0
1500 56.3125 -4.12949 17.8943 -0.049841 -0.119713 397.871 0 0
1500 27.9434 52.0741 17.8701 -0.524955 0.791591 392.942 0 0
1500 82.6464 -12.368 17.8692 0.46354 -0.180881 391.235 0 0
1500 45.628 43.922 18.0098 -0.1388 0.741739 392.693 0 0
1500 224.38 -123.327 18.0209 2.94285 -2.10004 385.431 0 0
1500 140.533 -18.6703 17.8432 1.31376 -0.320859 393.448 0 0
1500 52.0473 -26.8307 17.8373 -0.0396298 -0.442566 397.124 0 0
1500 90.5262 -19.7009 17.8315 0.532099 -0.351438 394.839 0 0
1500 82.8582 -14.4732 17.878 0.342851 -0.286451 392.253 0 0
1500 59.6407 -37.4318 17.8742 -0.0170126 -0.581698 399.14 0 0
1500 156.007 -22.3363 17.7965 1.51545 -0.392162 395.184 0 0
1500 45.2704 4.65365 18.0918 -0.293354 0.117977 386.235 0 0
1500 156.215 54.3629 17.8187 1.53024 0.78293 396.47 0 0
1500 42.6657 12.2729 17.879 -0.313121 0.184157 394.209 0 0
1500 122.634 9.2271 17.93 1.03981 0.121342 398.433 0 0
1500 117.734 -23.3378 17.9319 0.95032 -0.352738 399.659 0 0
1500 23.2434 -41.6811 17.8154 -0.48433 -0.665244 401.206 0 0
1500 77.5985 -63.0996 17.817 0.279062 -1.0096 399.122 0 0
1500 20.7348 6.02371 17.838 -0.591341 0.0167477 396.078 0 0
1500 109.773 -32.8707 17.8218 0.77253 -0.57303 397.718 0 0
1500 85.854 -13.9311 17.8404 0.42168 -0.294123 395.905 0 0
1500 29.7745 -16.8709 17.8405 -0.408 -0.306775 402.841 0 0
1500 45.5495 58.3295 17.8176 -0.144161 0.944936 398.035 0 0
1500 106.771 42.3171 17.8145 0.75407 0.674852 400.693 0 0
1500 108.768 40.3273 17.813 0.801565 0.660995 399.12 0 0
1500 107.371 38.4436 17.8145 0.786535 0.637591 398.626 0 0
1500 36.4827 -34.6545 17.8093 -0.275901 -0.583807 396.782 0 0
1500 66.6472 -8.39619 17.8194 0.173543 -0.158686 403.826 0 0
1500 -2.73316 18.3863 17.8441 -0.980251 0.252055 399.279 0 0
1500 42.6101 -18.4248 17.8673 -0.311268 -0.312099 396.795 0 0
1500 68.6032 -6.57748 17.872 0.0944313 -0.127998 396.491 0 0
1500 22.3154 -40.1111 17.8509 -0.614182 -0.636223 398.205 0 0
1500 -4.31053 6.97009 17.8443 -1.00476 0.0807694 399.223 0 0
1500 6.09077 -21.2727 17.8487 -0.858256 -0.347441 398.467 0 0
1500 66.2671 -61.7221 17.847 0.0558794 -0.958276 398.727 0 0
1500 96.5316 65.0721 17.8434 0.56803 1.06634 398.312 0 0
1500 59.4962 -7.57247 18.0515 0.0418148 -0.173668 405.218 0 0
1500 66.7135 62.1822 18.1476 0.202699 1.14076 391.746 0 0
1500 114.535 -8.60336 17.8004 0.878892 -0.137037 403.127 0 0
1500 103.035 11.0756 17.9672 0.794334 0.181223 397.812 0 0
1500 158.845 -87.1011 17.8697 1.65983 -1.43351 397.247 0 0
1500 92.4901 57.5259 18.1404 0.667457 1.0774 391.393 0 0
1500 48.0125 -17.3287 17.9893 -0.109526 -0.311944 406.12 0 0
1500 96.1655 -31.6217 17.9045 0.663164 -0.510906 400.363 0 0
1500 83.8014 25.2243 18.0172 0.496602 0.388667 400.086 0 0
1500 75.9415 17.0947 18.0224 0.378109 0.265388 399.712 0 0
1500 78.9998 87.3661 18.0511 0.421507 1.50012 395.934 0 0
1500 55.3288 -36.1985 17.9179 0.0197764 -0.61739 400.832 0 0
1500 75.7668 -21.7339 17.8684 0.23252 -0.400679 401.101 0 0
1500 -0.513897 -16.5843 17.8477 -0.926382 -0.310547 403.147 0 0
1500 -2.69444 -20.5575 17.8471 -0.920696 -0.355624 405.925 0 0
1500 31.9526 46.6147 18.0257 -0.410984 0.767055 403.748 0 0
1500 118.536 24.3987 17.9545 0.976789 0.380439 406.918 0 0
1500 6.90542 16.0076 17.8736 -0.824145 0.185562 404.796 0 0
1500 81.2424 -56.2926 17.8678 0.308721 -0.909394 405.534 0 0
1500 -2.49034 -23.7848 17.8638 -0.944726 -0.412656 406.392 0 0
1500 56.2142 -52.3643 17.8728 -0.0702967 -0.858485 404.881 0 0
1500 103.065 -86.0542 17.8444 0.663589 -1.38285 405.851 0 0
1500 106.399 27.4611 18.1543 0.902009 0.414609 401.121 0 0
1500 111.879 -36.9351 17.8841 0.85436 -0.602855 408.249 0 0
1500 88.3892 -6.91573 18.4133 0.502706 -0.134178 417.698 0 0
1500 167.837 -19.0501 17.8028 1.73122 -0.300697 407.331 0 0
1500 105 72.1358 17.9249 0.702695 1.21124 405.346 0 0
1500 3.83305 3.14856 17.8433 -0.8266 -0.000569077 413.795 0 0
1500 102.13 -15.2369 18.0433 0.715542 -0.212944 415.076 0 0
1500 94.4767 0.600384 18.0466 0.662569 0.010325 409.218 0 0
1500 47.5768 -4.14961 18.2136 -0.156947 -0.124766 409.3 0 0
1500 121.781 22.5501 17.7999 0.97095 0.270892 413.358 0 0
1500 120.655 -22.051 17.7984 0.960676 -0.381877 412.92 0 0
1500 -15.9109 -33.9301 17.8159 -1.16354 -0.540734 412.251 0 0
1500 28.2395 -86.8508 18.1374 -0.494495 -1.49788 406.008 0 0
1500 13.5935 109.33 17.8832 -0.761559 1.78096 410.285 0 0
1500 128.326 32.1304 18.0169 1.26376 0.496825 406.397 0 0
1500 26.8319 76.8033 17.835 -0.451266 1.2447 413.455 0 0
1500 60.8465 9.56436 18.2347 -0.0173918 0.157481 405.677 0 0
1500 97.4369 49.2791 17.8103 0.632637 0.751826 417.979 0 0
1500 94.1998 22.732 17.9384 0.635835 0.310375 415.435 0 0
1500 -17.2859 -83.9588 17.8825 -1.18681 -1.31907 419.515 0 0
1500 134.702 -19.2592 17.8867 1.23768 -0.237875 419.447 0 0
1500 79.6355 51.1758 17.9921 0.409064 0.816668 420.926 0 0
1500 122.787 10.8322 17.8825 1.03227 0.179819 422.957 0 0
1500 72.4019 -58.2114 17.9146 0.215629 -0.906253 424.884 0 0
1500 57.762 -50.3672 17.8098 0.0548965 -0.748644 426.296 0 0
1500 105.925 -12.0542 17.8738 0.775822 -0.116764 422.434 0 0
1500 98.2539 49.6519 17.8614 0.639822 0.807575 424.29 0 0
1500 35.5737 63.6952 17.8603 -0.292729 1.00657 424.998 0 0
1500 100.005 42.0972 17.8665 0.656463 0.667737 427.206 0 0
1500 99.9525 -48.8757 18.029 0.750988 -0.883923 419.184 0 0
1500 123.249 -9.80325 17.8475 1.02544 -0.178131 427.311 0 0
1500 73.093 -66.1443 17.815 0.170967 -1.03387 427.146 0 0
1500 8.92643 -43.1241 17.816 -0.770902 -0.684048 427.983 0 0
1500 85.9668 -56.2692 17.932 0.521722 -0.968514 421.42 0 0
1500 75.6289 -20.3368 17.968 0.366679 -0.319203 425.524 0 0
1500 84.658 8.1221 17.9685 0.456433 0.109312 432.601 0 0
1500 91.0689 55.6237 17.8231 0.47173 0.881928 430.599 0 0
1500 53.6872 -61.3462 17.8044 -0.0858348 -0.997984 429.869 0 0
1500 117.924 45.9181 17.828 0.937359 0.72163 435.734 0 0
1500 71.2614 51.263 17.8467 0.277315 0.834725 432.281 0 0
1500 11.1447 42.6076 17.8005 -0.748074 0.588796 438.726 0 0
