Total number of secondary electrons: 1516
1500 88.9768 6.31779 16.0728 0.669929 0.099973 264.366 0 0
1500 95.4281 6.99516 16.3335 0.822273 0.0800901 268.926 0 0
1500 85.1152 11.271 15.3601 0.547946 0.163538 279.932 0 0
1500 90.3987 4.97564 15.2021 0.523014 0.134383 285.907 0 0
1500 96.7399 3.11284 16.481 0.739476 0.028618 291.897 0 0
1500 109.381 17.0104 16.2496 1.07241 0.38238 296.962 0 0
1500 65.2506 -2.53087 14.9413 0.146544 -0.0697963 298.456 0 0
1500 88.936 4.1713 16.159 0.617509 0.0318754 299.618 0 0
1500 46.8134 10.3944 14.3447 -0.162892 0.148083 302.472 0 0
1500 42.5809 -23.4668 14.3473 -0.212072 -0.248282 302.643 0 0
1500 114.301 35.5233 14.531 0.733462 0.515489 303.114 0 0
1500 85.4761 15.1174 15.9861 0.511199 0.202116 304.465 0 0
1500 87.6516 115.972 14.2307 0.419887 1.41116 304.557 0 0
1500 95.3611 -2.56002 15.0545 0.540585 -0.012991 305.08 0 0
1500 86.1827 -1.98121 15.9418 0.527334 -0.0611539 308.057 0 0
1500 77.2265 -17.8382 15.2596 0.326017 -0.251246 308.746 0 0
1500 53.7208 -26.0339 14.8121 -0.0998857 -0.367844 309.583 0 0
1500 92.1226 5.91453 16.0081 0.600898 0.0376288 310.253 0 0
1500 33.131 29.0707 14.7603 -0.335347 0.470731 310.359 0 0
1500 93.7533 15.2802 14.9645 0.539117 0.200214 310.483 0 0
1500 93.3704 20.2062 14.9679 0.534198 0.25772 310.552 0 0
1500 61.8572 -27.1244 14.886 0.116081 -0.381472 311.781 0 0
1500 78.1441 58.8065 14.7666 0.340838 0.817439 312.374 0 0
1500 90.209 -13.2419 14.8141 0.403606 -0.213503 313.24 0 0
1500 69.0287 0.350087 14.9161 0.199282 -0.010303 313.625 0 0
1500 81.2503 14.9257 16.3122 0.490952 0.205328 313.99 0 0
1500 126.584 33.3224 14.8563 0.981042 0.497233 314.188 0 0
1500 90.8686 0.874185 16.1712 0.612079 0.030517 314.285 0 0
1500 118.506 -33.5001 15.2183 0.935271 -0.501706 315.049 0 0
1500 44.6922 -21.8277 14.6884 -0.160417 -0.351403 315.115 0 0
1500 109.196 -23.8914 14.7873 0.700971 -0.311427 315.279 0 0
1500 95.0847 -1.76396 15.8608 0.61815 -0.0642693 315.849 0 0
1500 100.784 14.0405 15.1431 0.60601 0.240616 315.988 0 0
1500 78.837 11.231 15.3509 0.399112 0.197596 317.451 0 0
1500 28.4861 31.5899 14.5999 -0.426019 0.397001 317.976 0 0
1500 116.823 66.7951 14.9292 0.80008 0.958068 319.278 0 0
1500 97.4731 -14.7256 15.4799 0.615034 -0.197228 319.528 0 0
1500 -36.7819 -34.9529 14.7942 -1.16165 -0.377765 321.776 0 0
1500 2.28368 55.465 14.839 -0.722192 0.645134 322.052 0 0
1500 -3.30168 -47.5254 14.8543 -0.787301 -0.584903 322.229 0 0
1500 67.4806 34.77 15.1858 0.0833409 0.479374 322.372 0 0
1500 74.3463 17.0913 15.3047 0.236611 0.282659 322.536 0 0
1500 61.0961 50.4593 14.909 -0.0094232 0.673373 322.811 0 0
1500 19.2636 106.407 15.1051 -0.535625 1.56522 322.943 0 0
1500 87.9858 -14.4994 16.9424 0.619537 -0.197562 323.328 0 0
1500 76.8235 4.69965 15.3912 0.356563 0.0773951 323.497 0 0
1500 64.1693 8.74104 16.2008 0.180051 0.138862 324.393 0 0
1500 138.051 -16.767 16.0536 1.39371 -0.317332 324.966 0 0
1500 118.144 20.1058 16.0711 1.05443 0.308653 325.223 0 0
1500 87.2306 -14.3469 16.3923 0.498463 -0.219586 325.68 0 0
1500 124.639 13.0261 16.4108 1.20281 0.239949 327.866 0 0
1500 89.5033 2.69772 15.8407 0.467143 0.107375 328.921 0 0
1500 101.02 -4.15405 16.7377 0.712979 -0.0429865 329.154 0 0
1500 101.185 8.33899 16.1615 0.652123 0.149885 329.447 0 0
1500 91.1306 33.5736 15.9432 0.47921 0.50466 329.471 0 0
1500 109.598 -9.40189 15.5185 0.727307 -0.130865 329.501 0 0
1500 48.098 -33.7923 15.8995 -0.155378 -0.555808 329.656 0 0
1500 108.476 17.6934 16.0204 0.729813 0.300484 330.063 0 0
1500 70.1134 11.474 15.8178 0.213721 0.144382 330.257 0 0
1500 101.077 -7.06622 16.0513 0.663685 -0.107789 330.408 0 0
1500 66.0319 -64.2704 16.1722 0.0801041 -1.10626 330.445 0 0
1500 73.1361 -8.59226 15.5146 0.262198 -0.119746 330.54 0 0
1500 28.9197 57.7399 15.6454 -0.451945 0.826287 331.053 0 0
1500 97.5075 -6.18085 17.3799 0.844307 -0.0662317 331.429 0 0
1500 118.208 46.2052 15.5499 0.815748 0.564415 331.567 0 0
1500 80.0314 6.04308 16.6967 0.398021 0.0884958 332.056 0 0
1500 65.8268 -21.5803 15.7769 0.161922 -0.334072 332.616 0 0
1500 133.28 -43.1587 15.7787 1.04334 -0.603144 332.932 0 0
1500 88.3018 -8.80108 15.7779 0.449989 -0.168963 332.856 0 0
1500 103.919 58.7603 15.6246 0.619589 0.850248 332.935 0 0
1500 134.114 25.6636 15.6925 1.0174 0.391646 333.312 0 0
1500 89.64 -0.773083 17.6413 0.650199 0.0205456 333.407 0 0
1500 126.925 -43.0295 15.5956 0.898647 -0.53083 333.853 0 0
1500 137.366 17.1348 15.595 1.02508 0.197106 333.845 0 0
1500 109.072 12.5973 15.6756 0.716481 0.199546 334.249 0 0
1500 82.6298 52.3477 15.6832 0.376892 0.705118 334.553 0 0
1500 48.9411 -17.7106 15.8159 -0.172163 -0.280455 335.085 0 0
1500 97.7336 -6.18044 17.1022 0.691735 -0.139875 335.617 0 0
1500 136.651 -8.00875 15.8413 1.11627 -0.146786 335.741 0 0
1500 92.6397 -13.9735 16.4134 0.540226 -0.232938 335.787 0 0
1500 67.1355 -2.45048 16.6188 0.227088 -0.0872362 336.2 0 0
1500 94.2091 -10.6434 17.1473 0.631828 -0.163213 336.33 0 0
1500 82.1233 -43.0372 16.1613 0.33429 -0.615798 336.986 0 0
1500 110.648 55.1748 15.993 0.822733 0.831714 337.259 0 0
1500 60.9234 -3.9694 16.0937 0.0633162 -0.113866 337.493 0 0
1500 78.0079 1.31103 16.5784 0.38063 -0.047564 337.602 0 0
1500 69.0756 45.5654 15.8885 0.0904785 0.607222 337.739 0 0
1500 96.4801 2.66692 15.8646 0.558103 0.0148479 338.394 0 0
1500 67.4498 9.88346 16.0867 0.182041 0.197044 338.648 0 0
1500 77.3013 -43.6041 16.2608 0.259224 -0.68625 338.648 0 0
1500 81.0098 -12.5438 17.2423 0.46895 -0.201551 338.662 0 0
1500 10.8956 -28.0264 16.0404 -0.659558 -0.369171 340.227 0 0
1500 103.862 -9.05397 15.9859 0.646706 -0.148742 340.228 0 0
1500 53.6051 -35.8987 16.1766 -0.0116376 -0.521025 340.232 0 0
1500 59.5697 -48.885 15.9868 0.0745963 -0.66309 340.243 0 0
1500 108.001 24.4891 16.0086 0.696628 0.283075 340.621 0 0
1500 90.1425 71.9136 16.027 0.388015 0.951428 340.927 0 0
1500 63.874 -64.6389 16.0479 0.128441 -0.854948 341.292 0 0
1500 117.366 -6.25195 16.1334 0.815471 -0.116059 341.534 0 0
1500 80.7121 24.5773 16.5853 0.400838 0.348089 341.546 0 0
1500 125.479 51.7382 16.3313 0.988416 0.765665 341.681 0 0
1500 72.1331 -12.2259 16.9657 0.280703 -0.212288 341.804 0 0
1500 101.502 -11.2728 16.8121 0.682028 -0.182933 341.836 0 0
1500 111.44 7.20572 16.0922 0.73166 0.047954 341.832 0 0
1500 122.385 27.0848 16.1771 0.871159 0.305588 342.276 0 0
1500 77.9806 -66.6224 16.1806 0.310748 -0.875942 342.334 0 0
1500 82.5011 -1.32122 17.5079 0.485236 0.0177895 342.358 0 0
1500 71.4687 -8.56864 17.805 0.336951 -0.138525 342.893 0 0
1500 85.5075 -4.4662 17.1316 0.466118 -0.0597084 342.905 0 0
1500 74.0681 -17.5146 16.6287 0.27612 -0.232822 343.047 0 0
1500 88.5249 3.89825 16.2828 0.40786 0.079378 343.046 0 0
1500 115.762 -27.1753 17.2797 1.03112 -0.494678 343.072 0 0
1500 94.1869 19.1407 16.5974 0.564073 0.276094 343.172 0 0
1500 109.806 -17.4751 16.4102 0.741762 -0.251261 343.148 0 0
1500 75.4236 10.3874 16.8996 0.320746 0.146553 343.212 0 0
1500 53.2666 -80.3526 16.1671 -0.00654728 -1.02956 343.244 0 0
1500 49.7097 -16.4006 16.2213 -0.127362 -0.280882 343.25 0 0
1500 92.5634 29.301 16.6073 0.542336 0.403417 343.354 0 0
1500 104.911 -3.17169 16.6121 0.697066 -0.00552824 343.442 0 0
1500 80.1159 -8.53663 16.2848 0.304323 -0.177885 343.429 0 0
1500 30.7267 -5.578 16.229 -0.377868 -0.13733 343.407 0 0
1500 76.2665 -9.86589 16.6509 0.344763 -0.207559 343.411 0 0
1500 120.671 -47.8363 16.1815 0.829059 -0.623525 343.474 0 0
1500 56.7301 -10.8422 16.5155 -0.0299057 -0.101454 343.574 0 0
1500 36.4101 -31.2591 16.8019 -0.301987 -0.472798 343.615 0 0
1500 64.2121 -0.488021 16.6162 0.0880542 -0.0562838 343.986 0 0
1500 31.0239 21.0801 16.541 -0.3609 0.31049 344.084 0 0
1500 127.581 41.304 16.8301 1.19617 0.731795 344.17 0 0
1500 87.4179 -31.516 16.2757 0.375301 -0.478948 344.254 0 0
1500 82.5327 -44.9039 16.2768 0.30271 -0.648708 344.356 0 0
1500 65.3657 -3.81833 17.0502 0.168478 -0.0967534 344.43 0 0
1500 116.288 59.4396 16.2763 0.807364 0.795255 344.597 0 0
1500 31.1189 -49.5168 16.2969 -0.366223 -0.705323 344.743 0 0
1500 80.6235 -54.9579 16.5179 0.29308 -0.81544 344.856 0 0
1500 79.8755 -4.93835 17.2597 0.43399 -0.0158782 345.495 0 0
1500 70.2667 14.4085 16.3408 0.114645 0.217888 345.518 0 0
1500 -6.20131 -26.5659 16.3481 -0.840175 -0.402363 345.707 0 0
1500 64.4001 -13.2192 16.7545 0.0814475 -0.209011 345.785 0 0
1500 37.9401 13.7215 16.555 -0.303584 0.20154 345.785 0 0
1500 39.7431 -41.042 16.6357 -0.264799 -0.556825 346.185 0 0
1500 90.8661 -21.4879 17.0977 0.589973 -0.380924 346.405 0 0
1500 26.5273 24.8092 16.6495 -0.445187 0.318834 346.501 0 0
1500 47.5169 -74.987 16.4108 -0.149291 -1.00848 346.842 0 0
1500 126.422 -19.455 16.4102 0.863252 -0.260499 346.941 0 0
1500 33.8196 22.1246 16.5083 -0.323987 0.273812 346.946 0 0
1500 127.146 10.3109 17.7364 1.32507 0.184816 347.42 0 0
1500 117.749 -22.8288 16.4563 0.754201 -0.298239 347.607 0 0
1500 -12.9801 56.2208 16.443 -0.930033 0.699804 347.644 0 0
1500 110.361 -19.1001 16.4953 0.662724 -0.252611 348.163 0 0
1500 70.7285 -11.1512 17.2404 0.234728 -0.200516 348.162 0 0
1500 34.1064 17.0301 16.8794 -0.330532 0.219848 348.309 0 0
1500 66.082 -36.0328 16.5565 0.142534 -0.446487 349.024 0 0
1500 44.7804 -42.6784 16.6883 -0.214789 -0.597786 348.985 0 0
1500 134.688 50.2278 16.6818 1.16512 0.740434 349.009 0 0
1500 62.1648 -22.661 16.8188 0.0210454 -0.302634 349.347 0 0
1500 87.1716 -72.7738 16.5624 0.34071 -0.94955 349.422 0 0
1500 141.573 -20.154 16.6074 1.19246 -0.286548 349.562 0 0
1500 120.787 -44.5296 17.3692 1.1252 -0.791275 349.773 0 0
1500 29.4223 37.3694 16.8177 -0.461521 0.515646 349.928 0 0
1500 42.3987 -60.892 16.7358 -0.242851 -0.827123 350.065 0 0
1500 -14.924 -1.752 16.6114 -0.943096 -0.000893257 350.4 0 0
1500 44.1905 9.9731 16.6668 -0.207718 0.147898 350.622 0 0
1500 86.4991 -73.1271 16.6129 0.396475 -0.97844 350.614 0 0
1500 109.568 16.7761 17.3719 0.96125 0.274996 350.694 0 0
1500 77.7161 30.2538 16.9213 0.35771 0.425798 350.856 0 0
1500 67.7173 -0.698311 17.2917 0.212092 0.0416413 350.955 0 0
1500 98.2185 -29.385 17.0312 0.573022 -0.465135 351.138 0 0
1500 45.6743 -63.5931 16.6703 -0.163667 -0.819872 351.149 0 0
1500 61.4973 -48.4248 16.8391 0.0467103 -0.746036 351.956 0 0
1500 64.5825 -8.14451 16.8187 0.0384084 -0.0820284 352.204 0 0
1500 111.096 -14.8016 16.977 0.752733 -0.254862 352.331 0 0
1500 32.7255 31.7749 16.8266 -0.427546 0.446477 352.485 0 0
1500 14.1017 31.373 17.0462 -0.634709 0.515111 352.883 0 0
1500 133.925 -4.02411 16.7932 1.03625 -0.0807926 353.084 0 0
1500 73.3346 -3.67631 17.629 0.34747 -0.100225 353.132 0 0
1500 5.29733 -16.1393 16.8553 -0.752072 -0.222375 353.176 0 0
1500 74.8035 -14.9642 17.6344 0.365659 -0.244725 353.275 0 0
1500 79.9254 -14.4658 17.6387 0.430678 -0.237988 353.39 0 0
1500 -14.1761 41.4097 17.1188 -1.12897 0.63657 353.786 0 0
1500 94.463 -13.6783 17.6569 0.613051 -0.226544 353.86 0 0
1500 75.3329 -15.2472 16.9373 0.307396 -0.238545 353.867 0 0
1500 83.701 -12.9026 17.7393 0.503117 -0.199532 354.056 0 0
1500 101.112 -14.6515 16.8404 0.645008 -0.210298 354.083 0 0
1500 8.14526 21.2306 16.8169 -0.670798 0.343889 354.129 0 0
1500 139.038 -17.995 16.978 1.18634 -0.261639 354.265 0 0
1500 58.8413 -60.0308 17.122 0.0385672 -0.966348 354.299 0 0
1500 -1.32504 -26.4828 16.8212 -0.82466 -0.398136 354.328 0 0
1500 154.641 24.2777 16.821 1.3579 0.296706 354.367 0 0
1500 61.9474 -15.7285 17.5638 0.144029 -0.268767 354.487 0 0
1500 40.1596 -16.588 17.0918 -0.271007 -0.226706 354.441 0 0
1500 25.8053 38.275 17.0141 -0.505752 0.508975 354.57 0 0
1500 41.7591 75.4481 16.8308 -0.18417 1.01114 354.924 0 0
1500 53.82 3.69719 17.7193 -0.0242759 0.0736608 354.907 0 0
1500 40.2907 17.6587 17.0735 -0.242272 0.225363 355.249 0 0
1500 67.5 18.716 17.012 0.17729 0.311006 355.318 0 0
1500 34.3419 133.205 16.9968 -0.327684 1.97067 355.501 0 0
1500 91.241 9.54517 17.3438 0.489269 0.136598 355.553 0 0
1500 90.9114 -4.92416 18.3 0.627324 -0.108836 355.57 0 0
1500 -70.0287 -59.6494 16.8841 -1.69989 -0.825517 355.751 0 0
1500 79.8297 -11.658 16.9425 0.364973 -0.174815 356.013 0 0
1500 136.354 13.6096 17.1279 1.14625 0.255783 356.059 0 0
1500 142.464 8.31202 17.1554 1.25758 0.152513 356.169 0 0
1500 62.0115 -33.1703 17.1684 -0.00308897 -0.529682 356.791 0 0
1500 68.4738 -48.3469 16.9703 0.208261 -0.666422 356.82 0 0
1500 77.7494 -46.5831 16.9739 0.332582 -0.641836 356.92 0 0
1500 69.4989 57.3807 16.9567 0.220086 0.774531 356.958 0 0
1500 97.8174 36.5713 17.0606 0.571799 0.545354 357.099 0 0
1500 68.363 -19.9889 17.083 0.145827 -0.338642 357.116 0 0
1500 114.199 32.842 17.0151 0.83877 0.497508 357.34 0 0
1500 110.5 50.4904 17.1339 0.859205 0.790014 357.385 0 0
1500 18.709 -65.606 16.9733 -0.537454 -0.875171 357.636 0 0
1500 80.5004 9.18649 17.2845 0.328618 0.203163 357.733 0 0
1500 87.9995 -29.4811 17.0392 0.470944 -0.429139 357.955 0 0
1500 53.6925 23.5658 17.822 -0.0434095 0.397167 358.084 0 0
1500 62.3562 -10.1918 17.5853 0.134078 -0.200342 358.148 0 0
1500 68.1698 0.0340409 17.3105 0.203078 0.0311094 358.216 0 0
1500 82.4009 -7.00303 18.0393 0.508329 -0.0962416 358.229 0 0
1500 26.7512 38.8577 17.2348 -0.424579 0.595915 358.417 0 0
1500 79.0912 100.444 17.197 0.296072 1.50142 358.466 0 0
1500 22.0222 18.5293 17.2471 -0.570753 0.328559 358.567 0 0
1500 126.792 -12.0948 17.0407 0.968456 -0.174424 358.682 0 0
1500 53.6644 -27.1672 17.3498 -0.0356547 -0.376036 358.704 0 0
1500 83.0847 4.06848 17.8604 0.507359 0.0544177 358.686 0 0
1500 108.503 -52.5014 17.4423 0.892811 -0.845377 359.002 0 0
1500 69.1027 17.3948 17.0885 0.166224 0.306862 359.248 0 0
1500 72.6796 -1.59695 17.3897 0.253303 0.0413051 359.804 0 0
1500 106.02 13.4591 17.364 0.711513 0.256834 359.807 0 0
1500 69.1754 28.9652 17.638 0.227566 0.563674 359.804 0 0
1500 22.844 -35.9721 17.2821 -0.501349 -0.530766 359.851 0 0
1500 92.2042 -69.7492 17.0951 0.505915 -0.915324 359.987 0 0
1500 64.5668 50.0907 17.1753 0.120899 0.739362 360.029 0 0
1500 40.5786 -10.5821 17.4578 -0.300816 -0.161823 359.956 0 0
1500 106.196 9.67282 17.1149 0.668288 0.198265 360.127 0 0
1500 86.9206 37.527 17.1159 0.406185 0.576517 360.159 0 0
1500 74.5419 30.378 17.3863 0.312158 0.487558 360.485 0 0
1500 85.4445 -9.32249 17.6177 0.539513 -0.178378 360.629 0 0
1500 104.66 33.4543 17.1336 0.642299 0.517303 360.713 0 0
1500 10.8639 37.9024 17.1379 -0.62111 0.576264 360.842 0 0
1500 80.5161 -13.1793 18.5373 0.472439 -0.225228 361.163 0 0
1500 71.4001 10.1884 17.1785 0.218325 0.14531 361.206 0 0
1500 65.8561 36.3572 17.7796 0.145266 0.634801 361.304 0 0
1500 104.926 59.7741 17.1677 0.630045 0.814513 361.352 0 0
1500 82.2267 3.32201 18.3856 0.467781 0.058595 361.459 0 0
1500 84.3759 -25.8875 17.5566 0.415053 -0.411611 361.741 0 0
1500 95.9846 -26.7301 17.3396 0.567667 -0.418034 361.786 0 0
1500 100.34 -3.9363 17.2843 0.577119 -0.0199109 361.814 0 0
1500 -12.3398 -13.7696 17.4159 -1.05985 -0.211987 361.853 0 0
1500 129.434 4.22289 17.307 1.01631 0.0478985 362.007 0 0
1500 42.0691 -23.0315 17.5508 -0.207643 -0.377459 362.024 0 0
1500 110.996 -33.4812 17.9052 0.90559 -0.583934 362.214 0 0
1500 74.4649 -28.617 17.3442 0.259102 -0.45534 362.598 0 0
1500 -6.35548 22.5071 17.3284 -0.986966 0.280434 362.994 0 0
1500 48.1914 74.6547 17.222 -0.115152 1.03831 363.172 0 0
1500 5.7813 -12.9595 17.2171 -0.757881 -0.224012 363.268 0 0
1500 118.751 81.3643 17.3347 0.842 1.19848 363.272 0 0
1500 66.0657 -8.43913 17.869 0.202454 -0.177549 363.565 0 0
1500 66.2837 -13.274 17.613 0.121286 -0.234274 363.519 0 0
1500 -1.28765 -32.903 17.2199 -0.861038 -0.435376 363.805 0 0
1500 45.3702 -43.8514 17.5787 -0.210808 -0.674007 363.779 0 0
1500 72.9641 30.2141 17.2498 0.271003 0.432126 363.852 0 0
1500 110.329 -7.2304 17.2794 0.704418 -0.103537 363.875 0 0
1500 56.1162 72.3821 17.2229 -0.0949094 0.968464 363.892 0 0
1500 111.475 -4.08507 17.4548 0.778929 -0.111013 363.905 0 0
1500 92.0745 -17.5794 17.565 0.497943 -0.241317 364.182 0 0
1500 97.9575 -18.0605 17.3019 0.549508 -0.235337 364.308 0 0
1500 87.382 -6.36483 17.6788 0.479504 -0.142472 364.288 0 0
1500 78.3262 5.76079 17.8271 0.366305 0.171797 364.269 0 0
1500 102.792 15.2388 17.2998 0.653172 0.277133 364.379 0 0
1500 86.9007 -5.00819 17.3114 0.442318 -0.0578854 364.404 0 0
1500 75.5237 2.72115 17.6235 0.349221 0.0301171 364.57 0 0
1500 90.3091 -14.9896 18.174 0.61487 -0.277304 364.58 0 0
1500 72.3081 9.55995 17.776 0.315362 0.162567 364.694 0 0
1500 80.8116 -21.5384 17.7187 0.32653 -0.407634 364.771 0 0
1500 111.509 -42.9383 17.4126 0.740887 -0.631154 364.824 0 0
1500 81.3766 3.38865 17.8526 0.444282 0.0749624 364.921 0 0
1500 89.1215 -11.7773 17.9728 0.5252 -0.21554 364.96 0 0
1500 36.3294 -22.8417 17.3573 -0.385086 -0.310495 365.048 0 0
1500 31.2111 -1.26243 17.3692 -0.431111 -0.0335078 365.066 0 0
1500 59.48 -14.4983 17.3439 0.0785385 -0.189968 365.099 0 0
1500 116.324 18.534 17.4765 0.903416 0.219653 365.233 0 0
1500 87.1255 6.03904 18.9372 0.614417 0.0344936 365.468 0 0
1500 65.1551 11.4391 17.8456 0.147401 0.218474 365.634 0 0
1500 114.897 -36.574 17.3085 0.826103 -0.475646 365.893 0 0
1500 63.1075 -29.1674 17.6439 0.0051715 -0.449757 365.979 0 0
1500 21.0308 40.0456 17.3357 -0.483089 0.606241 366.151 0 0
1500 102.824 -20.1189 17.7313 0.69151 -0.317789 366.24 0 0
1500 31.6781 11.0759 17.6491 -0.376893 0.18981 366.289 0 0
1500 111.12 29.6874 17.4407 0.736896 0.494784 366.511 0 0
1500 125.269 -20.2879 17.4356 1.03034 -0.255399 366.552 0 0
1500 105.882 9.94146 17.5123 0.688145 0.186864 366.626 0 0
1500 23.7588 -71.8707 17.8445 -0.570482 -1.26768 366.701 0 0
1500 89.2306 -2.9271 17.8024 0.462255 -0.0797531 366.788 0 0
1500 36.4901 9.15992 17.7022 -0.394793 0.148156 366.811 0 0
1500 81.9022 13.268 18.4314 0.444465 0.234702 367.212 0 0
1500 58.8159 -8.96028 17.5254 0.0539588 -0.156166 367.567 0 0
1500 29.7351 -1.85997 17.5573 -0.44118 -0.00728093 367.684 0 0
1500 84.8416 15.9041 17.9519 0.498876 0.223536 367.748 0 0
1500 132.913 -148.667 17.546 1.11822 -2.35273 367.915 0 0
1500 66.5192 -6.70558 18.03 0.199202 -0.157664 367.951 0 0
1500 89.9953 0.414466 18.0603 0.52732 0.0701086 368.091 0 0
1500 102.957 -54.8611 17.4938 0.616148 -0.814204 368.231 0 0
1500 52.6151 8.1468 17.4517 -0.0538302 0.159791 368.296 0 0
1500 20.5061 -1.30589 17.8399 -0.572485 0.010769 368.395 0 0
1500 39.6551 -55.7532 17.635 -0.275594 -0.898836 368.391 0 0
1500 106.16 46.7514 18.2243 0.867445 0.817528 368.46 0 0
1500 72.5782 -5.86431 18.1779 0.251733 -0.130569 368.598 0 0
1500 94.9387 -2.37375 17.9346 0.604763 -0.0990686 368.636 0 0
1500 65.3116 45.5018 17.4375 0.170724 0.642856 368.76 0 0
1500 64.9886 -6.78021 17.7013 0.0646404 -0.118595 368.842 0 0
1500 81.0971 27.7636 17.6672 0.297164 0.432 368.881 0 0
1500 85.7246 -27.1828 17.744 0.470166 -0.396228 369.021 0 0
1500 73.3659 25.1275 17.6275 0.189788 0.404409 368.986 0 0
1500 53.6385 -6.3127 17.7061 -0.0316556 -0.159041 369.026 0 0
1500 123.768 -27.1087 18.1833 1.26591 -0.497275 369.019 0 0
1500 102.689 9.82302 17.9522 0.729866 0.115577 369.139 0 0
1500 47.0946 11.6753 17.902 -0.159006 0.175133 369.127 0 0
1500 86.6039 -55.467 17.6913 0.412486 -0.924857 369.101 0 0
1500 57.3195 6.37385 17.4778 -0.0820961 0.0738069 369.233 0 0
1500 114.055 45.6564 17.5124 0.780954 0.668215 369.348 0 0
1500 27.2019 -8.01097 17.7097 -0.458733 -0.134854 369.314 0 0
1500 77.4479 -69.4729 17.5331 0.275481 -0.990272 369.557 0 0
1500 64.6027 -23.6373 18.0947 0.145919 -0.381901 369.614 0 0
1500 42.4838 53.1891 17.5882 -0.261191 0.763293 369.576 0 0
1500 95.1028 -49.2199 17.5869 0.564689 -0.773164 369.54 0 0
1500 46.3486 -15.7892 17.5513 -0.126153 -0.289675 369.496 0 0
1500 77.7082 -10.7477 17.8944 0.276086 -0.195048 369.759 0 0
1500 102.782 10.4062 17.7989 0.690209 0.201474 369.818 0 0
1500 45.6181 -38.209 17.8858 -0.223533 -0.673884 369.82 0 0
1500 70.2423 3.62827 17.6647 0.199405 -0.00839439 369.862 0 0
1500 47.5945 68.6564 17.6412 -0.141062 1.06892 369.856 0 0
1500 103.342 -50.1908 17.4644 0.685331 -0.695593 370.061 0 0
1500 99.4635 39.2424 17.7074 0.668098 0.662165 370.151 0 0
1500 88.5769 -38.9681 17.8071 0.516666 -0.720487 370.362 0 0
1500 28.8284 -45.7023 17.4859 -0.40962 -0.617839 370.535 0 0
1500 82.7232 -8.68582 18.3807 0.50838 -0.132242 370.497 0 0
1500 145.896 52.64 17.525 1.25209 0.809748 370.512 0 0
1500 98.5927 43.9274 17.8608 0.70477 0.780865 370.598 0 0
1500 107.037 -52.246 17.4811 0.729413 -0.717375 370.704 0 0
1500 84.06 0.697927 17.8888 0.42435 0.0805752 370.68 0 0
1500 80.7046 -22.2001 18.3269 0.420192 -0.361534 370.802 0 0
1500 -7.63772 -12.9728 17.4909 -0.961896 -0.212694 370.812 0 0
1500 42.0979 -67.8452 17.5168 -0.278588 -0.953846 370.878 0 0
1500 71.8448 2.04812 18.2372 0.302766 0.00275649 371.074 0 0
1500 44.1196 2.46867 17.6505 -0.243394 -0.0076477 370.969 0 0
1500 49.8068 22.5099 17.5882 -0.176881 0.358138 371.053 0 0
1500 85.0925 -3.21735 18.2574 0.507049 -0.0951349 371.131 0 0
1500 -3.74482 36.2564 17.5244 -0.901499 0.467328 371.185 0 0
1500 87.1641 -9.44911 18.4476 0.501324 -0.190852 371.204 0 0
1500 72.5038 -48.4158 17.5874 0.196821 -0.754989 371.331 0 0
1500 107.862 0.662616 17.5185 0.681715 0.0222391 371.361 0 0
1500 70.0389 -12.3439 18.1856 0.260509 -0.237772 371.357 0 0
1500 35.8348 10.6428 17.6983 -0.33858 0.212375 371.408 0 0
1500 30.0852 -3.77013 17.5343 -0.388808 -0.0922185 371.583 0 0
1500 4.12628 -12.4292 17.6111 -0.818993 -0.190574 371.751 0 0
1500 28.3322 -37.434 17.596 -0.482309 -0.503405 371.789 0 0
1500 96.2055 -17.0407 18.0224 0.653519 -0.261582 371.943 0 0
1500 26.1542 -48.429 17.613 -0.507549 -0.696982 371.871 0 0
1500 30.0603 -8.56266 17.558 -0.468066 -0.0841937 371.87 0 0
1500 31.8614 17.2621 17.559 -0.441129 0.291143 371.983 0 0
1500 121.826 -33.0239 17.8373 1.02753 -0.561037 372.04 0 0
1500 123.622 42.0744 17.6331 1.03288 0.691453 372.076 0 0
1500 41.4757 25.4173 17.5591 -0.191455 0.378054 372.148 0 0
1500 69.3639 10.7546 18.7956 0.301221 0.229571 372.243 0 0
1500 74.5232 46.8001 17.7088 0.214361 0.722022 372.358 0 0
1500 57.2867 4.85259 17.6911 -0.0226634 0.00308969 372.331 0 0
1500 49.755 1.76623 18.0338 -0.10259 0.0919532 372.428 0 0
1500 -8.11421 -32.8658 17.5256 -0.906636 -0.501091 372.816 0 0
1500 40.8541 32.4961 17.5681 -0.322485 0.491565 372.777 0 0
1500 104.187 12.1719 18.3314 0.817008 0.252103 372.619 0 0
1500 106.453 18.5227 18.3129 0.857883 0.355474 372.541 0 0
1500 97.8959 30.0495 17.9227 0.717467 0.529572 372.612 0 0
1500 43.4961 253.558 17.914 -0.262338 4.41799 372.574 0 0
1500 115.41 -49.8065 17.8124 0.905968 -0.789168 372.968 0 0
1500 82.3986 36.0966 17.9735 0.417733 0.59925 373.007 0 0
1500 66.5451 59.9953 17.72 0.100144 0.898892 373.155 0 0
1500 69.0982 -11.0493 18.3635 0.280217 -0.217659 373.131 0 0
1500 10.7166 -45.3532 17.6843 -0.709447 -0.655059 373.288 0 0
1500 27.1597 53.1137 17.7217 -0.451198 0.801236 373.263 0 0
1500 48.5182 9.19487 17.8516 -0.153975 0.184283 373.303 0 0
1500 80.519 6.87516 18.1274 0.383007 0.159321 373.654 0 0
1500 110.899 -49.7082 17.6011 0.795251 -0.679873 373.678 0 0
1500 84.7086 -13.8437 18.0174 0.468171 -0.258458 373.675 0 0
1500 40.7186 22.6173 17.8535 -0.26561 0.376752 373.61 0 0
1500 122.141 1.37859 18.4602 1.21509 -0.00247041 373.695 0 0
1500 77.6534 -68.8279 17.632 0.260851 -1.00962 373.748 0 0
1500 109.499 -43.2648 17.7166 0.790342 -0.724142 373.859 0 0
1500 12.7815 9.7391 17.6946 -0.714535 0.180431 373.976 0 0
1500 87.5172 -12.4941 18.0153 0.565085 -0.174916 374.185 0 0
1500 86.2625 -41.4377 17.7096 0.49348 -0.704636 374.194 0 0
1500 -2.90797 -9.25198 17.5856 -0.937579 -0.113783 374.409 0 0
1500 66.8576 -3.92196 17.7868 0.0889519 -0.094563 374.42 0 0
1500 70.0919 -5.9391 18.7846 0.333808 -0.0703579 374.513 0 0
1500 128.493 7.78371 17.6063 1.0704 0.0696292 374.514 0 0
1500 70.5165 44.3905 17.8411 0.206936 0.773881 374.597 0 0
1500 67.9356 45.0045 17.9444 0.240239 0.769048 374.678 0 0
1500 77.8558 -22.1819 17.7892 0.247314 -0.357788 374.813 0 0
1500 74.9184 -1.75441 18.3938 0.399568 0.01863 374.99 0 0
1500 101.133 45.1838 17.6658 0.68981 0.648796 375.081 0 0
1500 95.9355 70.4406 17.6175 0.530095 1.07835 375.262 0 0
1500 71.1559 -11.5217 19.1752 0.327807 -0.187932 375.289 0 0
1500 77.9481 10.8373 18.5573 0.398242 0.140015 375.391 0 0
1500 100.518 12.0003 18.2855 0.737503 0.221169 375.335 0 0
1500 68.6167 -46.3691 17.6093 0.169966 -0.745939 375.334 0 0
1500 45.8904 14.8883 18.0509 -0.191605 0.205779 375.426 0 0
1500 114.737 -26.5482 17.6716 0.878609 -0.338849 375.572 0 0
1500 63.5136 3.80353 17.8258 0.0999691 -0.0174178 375.527 0 0
1500 74.614 18.9028 18.0402 0.326427 0.335034 375.633 0 0
1500 51.7886 -68.9571 17.7299 -0.0980612 -1.0234 375.676 0 0
1500 68.1343 26.1279 18.0404 0.233085 0.438535 375.69 0 0
1500 64.3665 27.0134 18.3371 0.134812 0.441811 375.796 0 0
1500 -36.2066 23.3115 17.6215 -1.40115 0.277372 375.735 0 0
1500 120.512 8.56282 17.6582 0.944875 0.0699504 375.88 0 0
1500 61.1564 -1.64747 17.8478 0.0261025 -0.0812641 375.856 0 0
1500 102.919 -28.8207 18.1057 0.838703 -0.494526 375.856 0 0
1500 68.238 47.2242 18.1714 0.261335 0.844365 375.861 0 0
1500 76.6037 -29.1435 17.7933 0.2499 -0.429219 376.083 0 0
1500 135.006 10.6133 17.8545 1.31088 0.141873 376.235 0 0
1500 100.585 15.4183 18.403 0.758277 0.247522 376.283 0 0
1500 65.0789 64.4136 17.7371 0.118846 1.09645 376.305 0 0
1500 37.3596 -63.5327 17.7344 -0.324293 -0.949045 376.408 0 0
1500 91.7548 -52.1382 17.6801 0.547667 -0.781725 376.405 0 0
1500 94.2379 29.1207 17.9142 0.592749 0.565166 376.404 0 0
1500 119.406 27.2596 17.6584 0.925548 0.427814 376.538 0 0
1500 124.194 39.7605 17.8372 1.13149 0.625003 376.565 0 0
1500 18.5588 2.13291 17.6862 -0.641834 0.0620924 376.611 0 0
1500 138.294 15.4308 17.9866 1.32807 0.27566 376.686 0 0
1500 97.2706 29.6111 17.7751 0.579244 0.500781 376.711 0 0
1500 43.3252 -7.4874 17.7312 -0.279663 -0.135345 376.812 0 0
1500 38.9228 5.35952 17.7313 -0.344632 0.0549268 376.861 0 0
1500 83.737 22.0398 18.2962 0.496639 0.362098 376.913 0 0
1500 58.7093 -10.1863 17.7014 -0.0469931 -0.194833 376.916 0 0
1500 30.6222 19.3552 17.7319 -0.465245 0.260839 377.189 0 0
1500 78.7947 -0.317955 19.1317 0.436795 0.0184112 377.434 0 0
1500 26.6609 23.6412 17.6617 -0.413292 0.371958 377.476 0 0
1500 94.185 0.196842 18.4798 0.642783 -0.0599775 377.56 0 0
1500 94.2436 -6.23168 17.9522 0.626775 -0.0588873 377.503 0 0
1500 84.5191 -46.2928 17.6536 0.45977 -0.66248 377.42 0 0
1500 15.3524 10.4218 17.8372 -0.689041 0.158838 377.661 0 0
1500 37.3086 -35.5372 17.778 -0.357691 -0.636751 377.663 0 0
1500 47.2403 -41.9298 17.7997 -0.130269 -0.683358 377.842 0 0
1500 75.0252 -42.8287 17.7035 0.193067 -0.671105 377.861 0 0
1500 51.5884 -80.0359 17.8416 -0.116652 -1.3183 377.797 0 0
1500 13.2108 -9.31208 17.928 -0.730345 -0.19942 377.912 0 0
1500 -7.93436 -4.94729 17.6544 -0.960345 -0.0500042 377.977 0 0
1500 126.122 -9.43041 17.7184 1.00237 -0.121622 378.053 0 0
1500 96.7413 -1.76578 18.0114 0.672091 -0.0420975 378.047 0 0
1500 78.4339 -63.2119 17.6566 0.35448 -0.932906 378.135 0 0
1500 73.4121 -42.1188 17.6894 0.289956 -0.655942 378.14 0 0
1500 51.8843 -36.0546 17.7338 -0.0827815 -0.532769 378.299 0 0
1500 86.8942 -21.1141 18.3891 0.514327 -0.366214 378.19 0 0
1500 105.579 -47.2842 17.6424 0.702134 -0.737584 378.227 0 0
1500 2.73875 -14.2171 17.6621 -0.809407 -0.279847 378.381 0 0
1500 63.9718 -6.29417 18.9456 0.21542 -0.131385 378.405 0 0
1500 75.2116 3.69828 18.6187 0.392561 0.115861 378.435 0 0
1500 50.0516 -53.2807 17.8031 -0.088466 -0.841008 378.48 0 0
1500 9.89581 -29.9143 17.6625 -0.704476 -0.507951 378.449 0 0
1500 23.2983 105.008 17.6539 -0.531795 1.60122 378.404 0 0
1500 46.3321 -7.25803 17.8734 -0.14655 -0.181389 378.59 0 0
1500 30.8342 14.7301 17.8212 -0.427434 0.304126 378.572 0 0
1500 117.042 9.08607 17.8003 1.03523 0.164333 378.595 0 0
1500 51.7434 -6.21076 17.8828 -0.0930237 -0.13416 378.649 0 0
1500 66.0843 -69.2668 17.6566 0.126542 -1.02651 378.878 0 0
1500 20.7844 -3.4614 17.7484 -0.602921 -0.00308509 379.196 0 0
1500 83.0621 -58.4306 17.8112 0.382918 -0.902687 379.454 0 0
1500 58.3689 44.3675 17.7781 -0.0589804 0.660077 379.414 0 0
1500 115.613 18.3329 18.0837 1.00745 0.366871 379.506 0 0
1500 -3.51237 28.1544 17.7485 -0.935078 0.377146 379.586 0 0
1500 39.036 42.5183 17.7784 -0.343331 0.631054 379.601 0 0
1500 26.6611 -28.0459 17.7059 -0.479715 -0.353728 379.86 0 0
1500 130.561 6.19596 17.6696 1.03198 0.02264 379.966 0 0
1500 -6.09667 -21.6618 17.7513 -0.968573 -0.330573 379.824 0 0
1500 -5.29617 27.5189 17.7197 -0.956269 0.350411 379.945 0 0
1500 120.941 19.5152 17.7013 0.96408 0.243147 379.824 0 0
1500 11.8865 6.6548 17.7787 -0.741636 0.103094 379.714 0 0
1500 63.3487 -27.6455 17.8493 0.0296832 -0.440308 379.729 0 0
1500 63.4523 -13.9562 17.7799 0.162634 -0.224504 379.739 0 0
1500 82.2933 7.24592 17.9229 0.42131 0.172901 380.077 0 0
1500 87.0328 -4.75569 18.2791 0.626534 -0.0796708 380.093 0 0
1500 75.3129 25.1857 18.1192 0.376302 0.425574 380.104 0 0
1500 78.7306 43.5244 17.8134 0.355749 0.699699 380.141 0 0
1500 68.4635 -16.923 17.7143 0.198299 -0.210062 380.364 0 0
1500 86.3245 -2.11199 18.5387 0.530071 -0.0969401 380.408 0 0
1500 58.2199 -21.2617 18.2038 -0.00303916 -0.482078 380.329 0 0
1500 95.5692 10.936 17.7823 0.567002 0.150808 380.521 0 0
1500 91.4711 15.7106 18.1821 0.611966 0.203257 380.532 0 0
1500 94.1835 -18.8665 17.778 0.617761 -0.294817 380.554 0 0
1500 81.0599 30.7578 17.7286 0.3682 0.531808 380.532 0 0
1500 44.6174 -16.193 17.852 -0.257004 -0.266839 380.521 0 0
1500 118.628 36.9841 17.7109 0.919929 0.487658 380.658 0 0
1500 100.081 -29.5072 18.2257 0.791468 -0.530336 380.638 0 0
1500 46.4273 19.5499 18.2755 -0.139666 0.340081 380.71 0 0
1500 94.6668 42.0946 17.8155 0.584483 0.673307 380.693 0 0
1500 92.4865 -9.76758 17.8771 0.599938 -0.171832 380.703 0 0
1500 -0.0440355 -20.5538 17.7838 -0.902246 -0.291905 380.821 0 0
1500 111.189 22.9359 17.8162 0.822954 0.394107 380.829 0 0
1500 110.901 -15.9365 17.8269 0.922411 -0.246881 380.865 0 0
1500 101.725 -17.5953 18.1587 0.705911 -0.330932 380.975 0 0
1500 124.461 8.06158 18.5602 1.28514 0.169576 381.011 0 0
1500 117.934 -35.7647 17.7 0.896352 -0.483862 381.105 0 0
1500 3.63501 -0.378292 17.8523 -0.83715 -0.0360051 381.099 0 0
1500 35.5659 -43.7542 17.919 -0.442356 -0.701159 381.112 0 0
1500 4.00042 35.0523 17.7861 -0.839932 0.50965 381.138 0 0
1500 9.74365 44.6401 17.7871 -0.755826 0.646382 381.272 0 0
1500 50.9419 70.1918 17.7317 -0.069032 1.13083 381.216 0 0
1500 80.5125 -23.1417 18.2835 0.456638 -0.375834 381.353 0 0
1500 27.7096 46.9742 17.777 -0.495059 0.717652 381.34 0 0
1500 111.435 11.2065 17.7284 0.81356 0.236199 381.318 0 0
1500 97.2634 37.951 17.9616 0.664408 0.580074 381.52 0 0
1500 29.475 16.6404 17.9308 -0.475712 0.252757 381.536 0 0
1500 81.2693 -3.76972 17.9299 0.424664 -0.00143088 381.666 0 0
1500 82.2401 46.5711 17.7658 0.438992 0.713242 381.892 0 0
1500 83.417 1.59067 17.7812 0.453666 -0.0167169 381.789 0 0
1500 7.63875 85.5675 17.7701 -0.764491 1.41198 381.943 0 0
1500 72.1059 -51.7857 17.7767 0.287109 -0.782087 381.971 0 0
1500 1.7274 -3.89115 17.8501 -0.880353 -0.0801816 382.096 0 0
1500 43.8508 16.6677 18.0826 -0.178949 0.269301 382.137 0 0
1500 30.2475 51.6557 17.7767 -0.384144 0.83109 382.228 0 0
1500 86.4631 34.9265 17.932 0.528796 0.540629 382.199 0 0
1500 141.558 43.9676 17.8061 1.41071 0.745393 382.224 0 0
1500 17.8817 16.0227 17.8247 -0.588947 0.227339 382.308 0 0
1500 88.5944 43.383 17.877 0.447125 0.710282 382.332 0 0
1500 -16.2928 -27.4745 18.2139 -1.34727 -0.445126 382.293 0 0
1500 -11.5613 18.0884 17.7872 -1.0603 0.275366 382.543 0 0
1500 85.4908 5.17526 18.2562 0.525102 0.0271982 382.624 0 0
1500 97.6147 51.9361 17.8408 0.68505 0.851569 382.606 0 0
1500 67.3964 10.2944 18.3551 0.245908 0.158968 383.017 0 0
1500 57.751 -4.81024 18.7476 0.0670876 -0.0324178 382.895 0 0
1500 71.9209 16.3965 18.068 0.299707 0.301044 382.874 0 0
1500 76.5821 -11.1042 17.9253 0.312326 -0.24326 382.956 0 0
1500 35.7558 24.7297 17.987 -0.378965 0.365195 383.15 0 0
1500 47.0821 -40.4579 17.965 -0.203705 -0.635215 383.187 0 0
1500 77.3633 -4.51234 18.472 0.429317 -0.015845 383.231 0 0
1500 48.1472 -4.76955 18.4793 -0.120787 -0.0599202 383.338 0 0
1500 49.0215 51.5114 18.0946 -0.10913 0.943633 383.233 0 0
1500 51.1183 -10.2128 18.3004 -0.0424171 -0.192211 383.468 0 0
1500 67.9566 -5.23517 18.5984 0.21086 -0.132592 383.481 0 0
1500 74.1274 12.5898 18.2361 0.284946 0.259117 383.56 0 0
1500 77.8336 -26.1449 17.8478 0.374927 -0.437587 383.701 0 0
1500 108.617 -1.73116 18.2706 0.864534 -0.0471554 383.749 0 0
1500 84.3848 77.0452 17.8011 0.353537 1.25896 383.793 0 0
1500 87.702 -33.5152 17.9202 0.474492 -0.575095 383.823 0 0
1500 97.989 27.4284 18.2433 0.657036 0.485017 383.86 0 0
1500 43.884 -23.4323 17.8187 -0.259722 -0.424076 383.941 0 0
1500 30.5819 50.1008 17.7466 -0.381178 0.816991 383.977 0 0
1500 35.6569 -22.1159 17.8092 -0.339555 -0.413016 384.082 0 0
1500 133.989 -3.54735 18.4521 1.4134 -0.0815019 384.018 0 0
1500 21.3164 -3.28886 17.7868 -0.564278 -0.126229 384.118 0 0
1500 65.7089 -9.2726 18.3902 0.218244 -0.128987 384.456 0 0
1500 18.1365 -11.4646 17.8351 -0.588213 -0.175042 384.225 0 0
1500 95.0361 -17.7629 18.1127 0.66402 -0.287967 384.389 0 0
1500 95.2262 40.9672 18.1604 0.615868 0.695461 384.311 0 0
1500 62.5398 60.8619 18.07 0.0620852 1.01801 384.321 0 0
1500 141.628 -17.2249 18.0624 1.48605 -0.293074 384.363 0 0
1500 94.6335 -8.00729 18.1583 0.664593 -0.0613397 384.469 0 0
1500 66.9526 -44.7973 17.8183 0.0909577 -0.78641 384.475 0 0
1500 122.985 24.3215 17.7523 0.939122 0.410494 384.584 0 0
1500 30.6478 3.99685 17.8474 -0.418606 0.0311448 384.691 0 0
1500 67.8858 -35.347 17.7926 0.190111 -0.506686 384.834 0 0
1500 72.548 2.59683 17.9886 0.251413 0.0828258 384.839 0 0
1500 72.5954 10.6441 17.8536 0.274501 0.102949 384.954 0 0
1500 83.0499 21.1513 18.5077 0.517313 0.440895 384.91 0 0
1500 95.5458 -53.0686 17.7769 0.606065 -0.825202 385.002 0 0
1500 104.366 -42.0871 17.9114 0.765231 -0.652547 384.987 0 0
1500 38.0331 -2.68782 18.0286 -0.288347 0.000532843 385.061 0 0
1500 65.5441 -7.36336 17.9213 0.123362 -0.162141 385.176 0 0
1500 44.9549 6.76318 17.8226 -0.224171 0.0511031 385.155 0 0
1500 87.862 0.879696 19.1264 0.607498 0.0793075 385.258 0 0
1500 116.602 12.489 17.8419 0.939793 0.144825 385.326 0 0
1500 141.557 130.734 17.8926 1.45106 2.17675 385.209 0 0
1500 119.753 16.6895 17.8167 0.931855 0.218517 385.332 0 0
1500 132.004 -33.9697 17.8685 1.251 -0.597657 385.544 0 0
1500 59.6116 -57.8251 17.78 0.0195455 -0.936753 385.626 0 0
1500 106.789 -22.9761 18.2469 0.821087 -0.385377 385.812 0 0
1500 10.9814 -40.8679 17.7849 -0.696378 -0.681303 386.2 0 0
1500 120.001 -18.6095 17.9834 0.996089 -0.364964 386.047 0 0
1500 42.7143 18.5028 18.2643 -0.269908 0.372696 386.032 0 0
1500 63.5167 -41.9561 17.8492 0.11403 -0.710169 386.282 0 0
1500 30.4319 11.2685 17.9753 -0.460574 0.212257 386.319 0 0
1500 78.9833 61.9815 17.8056 0.288509 0.943583 386.39 0 0
1500 86.519 11.5776 17.9578 0.51264 0.124499 386.356 0 0
1500 72.8318 -20.5544 18.14 0.236888 -0.334757 386.552 0 0
1500 98.3397 -76.0403 17.7583 0.62601 -1.17027 386.483 0 0
1500 93.1269 -20.1612 18.8654 0.720974 -0.3706 386.459 0 0
1500 120.162 46.398 17.8861 1.04872 0.721391 386.63 0 0
1500 129.05 -15.2 18.3686 1.41502 -0.291116 386.725 0 0
1500 118.744 -23.5418 17.7653 0.929594 -0.326971 386.79 0 0
1500 52.5071 -67.8661 17.8566 -0.0879504 -1.1375 386.91 0 0
1500 26.7567 60.8942 18.0922 -0.521342 1.04672 387.039 0 0
1500 96.9537 -7.74865 17.8496 0.600805 -0.118023 387.062 0 0
1500 120.405 -5.47963 18.0763 1.1635 -0.0864944 387.063 0 0
1500 109.663 -14.2804 17.9945 0.859829 -0.172184 387.1 0 0
1500 103.318 -4.37614 17.9426 0.694605 -0.0839306 387.105 0 0
1500 78.4214 0.160858 18.629 0.40505 0.0443538 387.097 0 0
1500 81.4453 -24.1951 17.9006 0.379971 -0.486252 387.103 0 0
1500 78.1376 -5.37183 18.2538 0.383352 -0.153376 387.263 0 0
1500 65.9981 -36.2664 17.9499 0.132467 -0.625361 387.324 0 0
1500 91.2289 -2.78215 17.9535 0.527268 -0.0619195 387.614 0 0
1500 97.1605 -54.236 17.8076 0.566907 -0.856245 387.618 0 0
1500 132.864 16.8393 18.0179 1.25681 0.225027 387.483 0 0
1500 114.491 30.1076 17.811 0.856254 0.513864 387.641 0 0
1500 113.42 12.1073 18.2014 0.932388 0.197798 387.807 0 0
1500 75.4993 -31.2904 17.9872 0.276668 -0.486687 387.807 0 0
1500 67.6578 11.275 17.9176 0.205808 0.170388 387.951 0 0
1500 108.256 34.2754 17.9925 0.828179 0.543302 387.969 0 0
1500 30.334 -3.81701 17.9027 -0.479578 0.0170589 387.841 0 0
1500 91.3292 26.4725 18.0336 0.51015 0.503587 387.837 0 0
1500 62.8289 -3.29309 18.6555 0.179176 -0.102404 388.157 0 0
1500 68.9459 -42.8455 17.8346 0.198833 -0.721702 388.206 0 0
1500 106.94 -42.2854 17.8575 0.762999 -0.637756 388.316 0 0
1500 95.6224 15.9238 18.103 0.641578 0.368644 388.317 0 0
1500 65.9974 19.1767 18.2708 0.203009 0.362555 388.457 0 0
1500 140.395 -28.2058 18.0731 1.4056 -0.458401 388.468 0 0
1500 89.5002 2.23436 18.9702 0.617866 0.107555 388.528 0 0
1500 66.0045 -44.2104 17.8245 0.171177 -0.646248 388.598 0 0
1500 116.349 -23.2153 18.0137 0.942939 -0.38124 388.593 0 0
1500 94.0612 21.2196 17.9512 0.559567 0.337568 388.733 0 0
1500 72.9093 2.76633 18.8705 0.341578 0.0905415 388.61 0 0
1500 61.6661 5.77082 17.943 0.0856467 0.164608 388.659 0 0
1500 48.3831 16.3278 17.8784 -0.0971216 0.316223 388.629 0 0
1500 113.411 1.08587 17.8556 0.937851 0.0670215 388.576 0 0
1500 101.616 53.2884 18.0224 0.722008 0.92467 388.59 0 0
1500 68.214 12.5004 18.1905 0.157361 0.227427 388.842 0 0
1500 61.8463 17.1608 17.9518 0.0480229 0.295321 388.807 0 0
1500 44.2115 -64.118 17.7966 -0.19522 -0.988321 388.811 0 0
1500 88.8461 20.355 18.2728 0.562176 0.396932 388.873 0 0
1500 61.3652 -6.64876 17.8839 0.0498841 -0.152893 389.113 0 0
1500 83.8986 -24.1061 18.3733 0.473922 -0.448309 389.036 0 0
1500 53.5694 -86.8715 18.0843 -0.071951 -1.58671 388.981 0 0
1500 -1.61266 108.976 18.0858 -1.02253 1.97422 389.036 0 0
1500 84.6073 5.76636 17.8038 0.431506 0.0851924 389.188 0 0
1500 114.503 -18.4096 17.8295 0.877069 -0.345227 389.23 0 0
1500 90.2113 -32.7488 17.9329 0.464339 -0.558667 389.197 0 0
1500 82.1026 -30.2954 17.8251 0.385223 -0.462982 389.291 0 0
1500 61.7575 -72.9822 17.834 0.0958058 -1.13547 389.246 0 0
1500 25.1921 27.6565 17.7764 -0.478128 0.49448 389.354 0 0
1500 82.2205 -1.81389 18.8826 0.562481 -0.0632536 389.362 0 0
1500 115.904 -10.6506 17.8491 0.931719 -0.203517 389.498 0 0
1500 65.9966 -3.58385 18.2404 0.208391 -0.00740423 389.685 0 0
1500 121.986 -1.9766 17.8286 0.982993 -0.0988768 389.637 0 0
1500 1.71588 -28.9346 17.9392 -0.929262 -0.461686 389.697 0 0
1500 32.5496 -53.6014 17.8073 -0.35698 -0.826381 389.79 0 0
1500 66.2744 -66.1247 17.8483 0.147888 -1.0218 389.859 0 0
1500 92.0939 46.0779 18.0672 0.581162 0.734355 389.827 0 0
1500 91.4017 -30.7698 18.2832 0.602849 -0.513226 389.825 0 0
1500 75.8833 -96.8547 17.7927 0.343133 -1.48555 389.888 0 0
1500 87.0254 -33.7443 17.8748 0.514373 -0.550994 389.836 0 0
1500 61.1981 -57.5651 18.0287 0.0578367 -0.923793 389.908 0 0
1500 66.0028 5.42165 17.891 0.175923 0.108118 390.164 0 0
1500 45.5952 -9.91323 17.9106 -0.244244 -0.114738 390.107 0 0
1500 37.855 -23.1661 17.7964 -0.30554 -0.38293 390.209 0 0
1500 98.1712 -50.6854 17.8285 0.623991 -0.816321 390.178 0 0
1500 66.6804 45.7901 18.0744 0.117825 0.738191 390.321 0 0
1500 45.6873 -24.7105 18.046 -0.14211 -0.451308 390.263 0 0
1500 74.9741 -6.38691 17.8946 0.328602 -0.149883 390.266 0 0
1500 72.3056 -46.1252 18.005 0.301066 -0.820285 390.24 0 0
1500 12.6805 8.73182 17.9374 -0.742616 0.172705 390.407 0 0
1500 96.7726 -15.2927 18.1548 0.632775 -0.230653 390.469 0 0
1500 82.5375 -12.6459 18.299 0.449998 -0.150402 390.546 0 0
1500 122.481 -12.4587 17.8059 1.00247 -0.183914 390.715 0 0
1500 80.0079 36.2213 18.0129 0.346241 0.619735 390.62 0 0
1500 22.6247 -29.5084 17.8628 -0.600204 -0.468767 390.609 0 0
1500 76.8463 -9.26271 18.0399 0.393786 -0.14114 390.571 0 0
1500 50.8708 -22.3254 18.2831 -0.102723 -0.464686 390.489 0 0
1500 66.0342 -12.0969 17.9334 0.148794 -0.261671 390.764 0 0
1500 84.4745 7.91894 17.843 0.456764 0.0599839 390.75 0 0
1500 27.2769 8.54277 17.9767 -0.562244 0.224307 390.752 0 0
1500 79.0673 -11.5828 18.0309 0.328079 -0.211939 390.77 0 0
1500 91.2167 39.7316 18.2277 0.533099 0.701716 390.771 0 0
1500 96.3392 -25.7672 17.7985 0.586741 -0.331659 390.979 0 0
1500 27.8407 -38.9184 17.9487 -0.509312 -0.591875 390.896 0 0
1500 113.728 -64.5163 18.0427 0.993212 -1.04956 390.877 0 0
1500 43.8838 6.851 18.6374 -0.209226 0.0793807 391.129 0 0
1500 40.744 19.3569 17.8838 -0.261833 0.376969 391.146 0 0
1500 108.931 -31.0684 18.0529 0.845601 -0.494923 391.219 0 0
1500 111.383 -30.5097 17.8689 0.864022 -0.491026 391.311 0 0
1500 63.1869 14.5828 17.8655 0.128003 0.289324 391.285 0 0
1500 120.45 -26.9389 17.9558 1.06134 -0.494104 391.234 0 0
1500 13.2303 37.0378 17.8589 -0.734426 0.533555 391.338 0 0
1500 28.6778 -27.4624 17.9269 -0.419971 -0.4924 391.42 0 0
1500 87.1694 44.0869 17.9391 0.465622 0.670896 391.482 0 0
1500 100.129 -10.5287 18.0247 0.706371 -0.219481 391.594 0 0
1500 72.8538 -24.355 17.9117 0.213583 -0.443885 391.477 0 0
1500 38.2552 -63.795 17.8362 -0.252772 -0.983466 391.982 0 0
1500 -5.51796 -17.7224 17.8368 -0.996931 -0.285114 392.224 0 0
1500 73.4349 -43.185 17.8597 0.307202 -0.691477 392.221 0 0
1500 85.6276 -19.6288 17.9478 0.396636 -0.362341 392.207 0 0
1500 100.649 68.2336 17.9098 0.751784 1.08145 392.219 0 0
1500 71.1946 19.8812 18.5532 0.282721 0.366213 392.301 0 0
1500 114.509 23.3314 17.9706 0.928446 0.327002 392.366 0 0
1500 114.55 -11.0554 17.8267 0.924467 -0.168104 392.334 0 0
1500 27.096 -17.3946 17.9449 -0.478635 -0.236847 392.43 0 0
1500 87.2307 -28.8912 17.8903 0.530565 -0.44125 392.417 0 0
1500 72.549 -1.93623 18.0577 0.219355 -0.0955512 392.484 0 0
1500 69.7205 -65.4985 17.9027 0.149115 -1.02327 392.469 0 0
1500 89.1105 12.1023 18.5504 0.544647 0.250365 392.596 0 0
1500 104.866 19.7914 18.129 0.803598 0.326692 392.699 0 0
1500 73.5048 2.81122 18.1517 0.346885 0.0771131 392.903 0 0
1500 75.2811 4.3322 17.9835 0.312229 0.138064 392.734 0 0
1500 102.6 -13.3548 18.093 0.858884 -0.194329 392.935 0 0
1500 106.288 36.2623 17.8603 0.760396 0.52971 393.045 0 0
1500 107.389 -12.8528 17.8637 0.81285 -0.237124 393.208 0 0
1500 35.9797 -27.7763 17.9382 -0.385453 -0.387919 392.974 0 0
1500 112.91 -33.0705 17.8069 0.803699 -0.56553 393.321 0 0
1500 39.9892 56.4799 17.8516 -0.222504 0.907321 393.218 0 0
1500 48.531 12.5827 18.2744 -0.118815 0.254444 393.286 0 0
1500 58.9038 -14.603 18.3459 0.0660724 -0.247029 393.472 0 0
1500 117.429 15.1343 17.9166 0.926777 0.220812 393.359 0 0
1500 119.5 -6.52031 17.9432 0.959786 -0.0908742 393.402 0 0
1500 85.414 19.8919 18.1466 0.523001 0.332959 393.419 0 0
1500 102.877 39.4318 18.6551 0.878176 0.747858 393.374 0 0
1500 71.7435 -60.0103 17.8999 0.190683 -0.959172 393.51 0 0
1500 109.435 -39.6259 17.8303 0.805632 -0.642843 393.547 0 0
1500 106.854 43.2809 17.8011 0.795198 0.618732 393.588 0 0
1500 59.0241 1.93789 17.9808 0.0251792 -0.0460914 393.615 0 0
1500 75.1861 -19.1659 17.7929 0.242077 -0.370269 393.639 0 0
1500 125.406 1.55301 17.8306 1.03801 -0.0361597 393.735 0 0
1500 115.813 -5.00764 17.8835 0.946224 -0.0770415 393.698 0 0
1500 26.4904 15.4783 17.8616 -0.544105 0.269559 393.73 0 0
1500 65.5574 9.94872 17.9578 0.0574955 0.143978 393.806 0 0
1500 40.4293 12.9965 17.9314 -0.226693 0.247311 393.835 0 0
1500 104.539 -43.0384 17.7812 0.727465 -0.646071 394.047 0 0
1500 -4.89862 25.7092 17.8967 -0.964952 0.409244 393.831 0 0
1500 33.3001 -54.7773 17.8268 -0.433257 -0.804359 394.04 0 0
1500 75.7022 -16.6845 17.9771 0.279492 -0.329959 393.95 0 0
1500 76.7311 -0.491321 17.9555 0.37708 -0.030969 393.878 0 0
1500 84.7567 31.8969 17.99 0.425925 0.500906 394.1 0 0
1500 87.2559 -27.6737 17.8626 0.436625 -0.449792 394.281 0 0
1500 99.0394 -52.8596 17.9193 0.621594 -0.84162 394.272 0 0
1500 115.222 25.1546 17.8827 0.930438 0.369509 394.201 0 0
1500 102.39 26.9959 17.9721 0.711155 0.474174 394.147 0 0
1500 77.2666 -19.2133 17.9534 0.384094 -0.316355 394.078 0 0
1500 67.6105 26.2049 17.919 0.108528 0.489928 394.152 0 0
1500 65.7329 -3.64697 18.2454 0.208276 -0.0474467 394.34 0 0
1500 86.8587 -3.19474 17.9997 0.482935 -0.0667639 394.324 0 0
1500 119.541 -24.8764 17.8357 0.97376 -0.384562 394.288 0 0
1500 75.9881 -35.2303 18.1541 0.335898 -0.598803 394.307 0 0
1500 39.3411 71.7159 17.8768 -0.25851 1.14828 394.304 0 0
1500 80.2517 -23.1724 17.9395 0.393712 -0.413132 394.306 0 0
1500 70.2026 -39.7209 17.8413 0.161613 -0.675851 394.304 0 0
1500 85.5753 -31.6443 17.959 0.399163 -0.507316 394.682 0 0
1500 19.1053 -15.0407 17.8408 -0.594091 -0.252565 394.4 0 0
1500 95.1712 54.3065 17.7894 0.569544 0.845265 394.501 0 0
1500 90.8977 0.859242 18.2055 0.574714 0.076016 394.462 0 0
1500 65.3592 -46.0525 18.0509 0.166528 -0.747743 394.597 0 0
1500 100.331 -17.7369 18.1136 0.7388 -0.231937 394.713 0 0
1500 53.7296 -31.7921 18.2859 -0.0114476 -0.548816 394.661 0 0
1500 48.786 9.17681 18.2774 -0.144533 0.172704 394.381 0 0
1500 12.0968 18.1414 17.9588 -0.742944 0.293124 394.579 0 0
1500 97.7439 -20.2248 17.9707 0.609247 -0.379909 394.651 0 0
1500 87.7855 28.7807 18.0556 0.601689 0.496048 394.565 0 0
1500 47.4413 -26.7082 17.9686 -0.197089 -0.38037 395.177 0 0
1500 30.6699 8.25121 17.9682 -0.430458 0.105692 395.142 0 0
1500 108.913 -42.6719 17.8334 0.806472 -0.615467 395.123 0 0
1500 126.128 0.31762 17.965 1.09104 0.0360469 395.139 0 0
1500 109.073 34.2816 17.9691 0.799973 0.575141 395.08 0 0
1500 105.658 36.7832 17.8941 0.75846 0.608709 395.08 0 0
1500 93.2484 -9.05087 18.1309 0.62621 -0.0910113 395.245 0 0
1500 97.1668 -12.9491 18.0382 0.695278 -0.141968 395.17 0 0
1500 77.2534 -42.3867 18.3063 0.413246 -0.798553 394.976 0 0
1500 84.0268 -122.358 18.3234 0.519353 -2.31358 394.992 0 0
1500 3.891 8.45149 17.8597 -0.821082 0.0951425 395.339 0 0
1500 19.046 30.0021 17.8111 -0.660919 0.42295 395.337 0 0
1500 92.1632 -13.6061 18.2962 0.589215 -0.197439 395.4 0 0
1500 15.2251 52.0625 17.845 -0.697578 0.761005 395.391 0 0
1500 54.3499 24.2348 18.1436 -0.126287 0.462006 395.459 0 0
1500 78.5645 -8.83521 18.197 0.386052 -0.0925502 395.547 0 0
1500 75.1128 -0.648138 18.4293 0.400988 -0.0450827 395.591 0 0
1500 98.8772 -3.75317 18.5807 0.776409 -0.0087898 395.619 0 0
1500 133.889 28.3432 17.9364 1.29437 0.488934 395.605 0 0
1500 72.4884 -36.2989 18.1039 0.246868 -0.691822 395.533 0 0
1500 67.3414 30.7036 18.1471 0.234969 0.51717 395.639 0 0
1500 35.8527 -28.6333 17.9458 -0.43857 -0.454854 395.639 0 0
1500 53.7536 45.5614 18.0323 -0.0157205 0.739276 396.221 0 0
1500 49.9332 -6.21453 17.9951 -0.120592 -0.145361 395.933 0 0
1500 84.4497 35.8608 17.9526 0.431957 0.525935 396.05 0 0
1500 79.151 -59.5299 17.8754 0.294295 -0.915618 395.876 0 0
1500 77.6113 15.2729 18.0555 0.395969 0.201792 396.005 0 0
1500 152.697 8.97625 17.7888 1.49781 0.14693 395.897 0 0
1500 47.9216 17.2519 18.165 -0.167762 0.306735 395.784 0 0
1500 84.344 -24.4243 17.9836 0.392104 -0.441377 395.806 0 0
1500 134.782 -3.46505 17.9481 1.32653 -0.105603 396.077 0 0
1500 95.8924 59.1531 18.16 0.687558 1.07355 395.792 0 0
1500 63.9304 -5.12491 17.9112 0.126704 -0.0122265 396.471 0 0
1500 98.1387 -48.8495 17.866 0.640195 -0.730056 396.494 0 0
1500 66.4685 -62.2597 17.9639 0.133801 -0.9896 396.312 0 0
1500 31.0659 36.3421 17.8844 -0.426997 0.623491 396.362 0 0
1500 116.671 -2.24557 17.8522 0.901766 -0.0521179 396.568 0 0
1500 74.5847 -18.3236 18.5904 0.305796 -0.331445 396.581 0 0
1500 96.1404 -34.045 17.9776 0.565077 -0.58109 396.547 0 0
1500 78.9669 -49.1454 18.084 0.364709 -0.860758 396.584 0 0
1500 14.376 32.5444 17.8179 -0.645649 0.566979 396.702 0 0
1500 74.5206 45.6868 18.1761 0.275882 0.751274 396.973 0 0
1500 22.0413 11.7998 17.8935 -0.556973 0.143646 396.78 0 0
1500 79.02 51.9959 17.8542 0.34009 0.790832 396.781 0 0
1500 109.115 17.5135 18.1271 0.83932 0.295726 397.062 0 0
1500 -6.04784 -23.6127 17.781 -0.960383 -0.417166 397.006 0 0
1500 59.9544 66.5185 17.8096 -0.0285301 1.02853 397.146 0 0
1500 12.1215 44.609 17.7845 -0.680557 0.738028 397.066 0 0
1500 98.1993 35.2486 17.8733 0.625074 0.605952 396.911 0 0
1500 69.0362 9.75964 18.2415 0.288992 0.181912 396.815 0 0
1500 91.2943 0.112019 18.0128 0.546905 0.0766822 397.056 0 0
1500 49.3474 27.6114 17.8905 -0.0775791 0.485811 396.866 0 0
1500 65.6795 42.8869 17.9673 0.0665037 0.726187 396.962 0 0
1500 67.0183 33.7372 18.0112 0.175792 0.58879 397.208 0 0
1500 79.6354 -10.532 18.0924 0.364042 -0.237 397.17 0 0
1500 69.3916 35.0234 17.8865 0.230562 0.597019 397.213 0 0
1500 84.4722 -5.48332 18.2539 0.464053 -0.033556 397.557 0 0
1500 48.232 32.1089 17.9339 -0.182923 0.476786 397.508 0 0
1500 116.879 -10.1462 17.877 0.897324 -0.184347 397.535 0 0
1500 79.1871 54.3238 17.832 0.287082 0.837204 397.577 0 0
1500 62.1485 -67.1143 17.909 0.0829833 -1.04489 397.466 0 0
1500 26.7436 -51.8168 17.8951 -0.514795 -0.817077 397.443 0 0
1500 80.2021 54.036 17.8788 0.314949 0.879808 397.294 0 0
1500 27.1958 49.6976 17.8785 -0.478479 0.813937 397.367 0 0
1500 30.8885 -22.4711 17.916 -0.480288 -0.324815 397.354 0 0
1500 94.0375 6.93725 17.8147 0.601145 0.168187 397.308 0 0
1500 71.1251 -7.53576 17.8289 0.213429 -0.0440373 397.609 0 0
1500 98.9533 -15.7398 17.8658 0.641732 -0.239418 397.612 0 0
1500 86.7355 47.086 17.8358 0.392047 0.731676 397.889 0 0
1500 111.294 25.5711 17.938 0.893052 0.378347 397.751 0 0
1500 75.6284 12.4916 17.8621 0.345762 0.158558 397.919 0 0
1500 94.6311 9.58448 18.7252 0.65259 0.211315 397.961 0 0
1500 49.157 -65.7311 17.8257 -0.157584 -1.09842 397.99 0 0
1500 173.129 1.22724 17.894 1.89195 -0.0157232 398.001 0 0
1500 89.1806 24.6588 18.7245 0.572776 0.429171 398.06 0 0
1500 72.5367 -16.0931 17.9064 0.193992 -0.288924 398.161 0 0
1500 92.5685 -7.61313 18.3019 0.676905 -0.199682 398.164 0 0
1500 65.4342 1.65558 18.3158 0.229037 0.035159 398.495 0 0
1500 99.8166 19.1296 17.9718 0.630107 0.32663 398.344 0 0
1500 92.0071 19.2835 17.9175 0.550241 0.26491 398.743 0 0
1500 68.1342 -15.2688 17.871 0.229304 -0.207469 398.219 0 0
1500 46.4152 12.8141 18.2753 -0.19315 0.202689 398.457 0 0
1500 17.5721 -0.772333 17.9179 -0.668799 -0.0626427 398.723 0 0
1500 95.9489 -21.1293 17.851 0.653653 -0.36065 398.79 0 0
1500 65.1692 -19.7317 17.8691 0.129335 -0.384476 398.48 0 0
1500 54.2915 -1.28366 17.9426 -0.113155 -0.0589876 398.667 0 0
1500 88.4888 30.5086 17.8718 0.554373 0.447115 398.525 0 0
1500 81.3631 44.6264 18.3533 0.391077 0.783281 398.227 0 0
1500 157.503 -35.1461 18.0517 1.77932 -0.648794 398.717 0 0
1500 75.5267 -35.5763 17.9806 0.31949 -0.617289 398.866 0 0
1500 53.8139 -9.13391 17.8759 -0.109009 -0.080065 398.851 0 0
1500 74.5546 -64.6758 17.9905 0.258401 -1.07363 399.045 0 0
1500 45.2969 58.4704 17.8804 -0.206049 0.888688 399.176 0 0
1500 77.4141 -18.0511 18.4923 0.42902 -0.321529 399.138 0 0
1500 12.2078 16.4428 17.914 -0.747211 0.200996 399.078 0 0
1500 104.92 37.4722 18.1159 0.779189 0.604853 399.184 0 0
1500 49.7901 3.5508 17.8602 -0.125076 0.116427 399.475 0 0
1500 23.8968 12.8349 17.9622 -0.518958 0.208445 399.308 0 0
1500 83.1951 48.6163 17.9376 0.43202 0.79939 399.524 0 0
1500 96.9186 0.628211 18.1573 0.682483 -0.0488601 399.369 0 0
1500 66.4612 37.3422 18.0635 0.206911 0.629208 399.191 0 0
1500 66.2321 -50.7659 17.8731 0.147811 -0.847725 399.346 0 0
1500 108.62 0.930941 17.8469 0.843153 -0.0212316 399.205 0 0
1500 47.987 -44.3765 17.8571 -0.136788 -0.758083 399.404 0 0
1500 28.8748 -39.3361 17.8553 -0.421002 -0.693046 399.456 0 0
1500 54.6223 20.2336 18.0479 -0.113388 0.407683 399.491 0 0
1500 18.922 37.8258 17.8865 -0.574601 0.592618 399.691 0 0
1500 102.397 17.9562 18.0575 0.748464 0.330638 399.764 0 0
1500 107.942 -32.4475 17.8222 0.736576 -0.565628 399.582 0 0
1500 61.1912 -23.6439 18.1148 0.0630276 -0.436784 399.644 0 0
1500 74.3687 50.1818 17.8072 0.323752 0.759808 399.937 0 0
1500 -10.864 -117.238 17.8266 -1.04266 -1.91388 399.935 0 0
1500 111.043 -52.7549 18.0552 0.961938 -0.864458 399.663 0 0
1500 108.602 -31.2823 17.9505 0.920953 -0.533595 399.658 0 0
1500 67.3646 40.9826 18.058 0.113778 0.746626 399.861 0 0
1500 77.1383 28.2153 18.0062 0.306701 0.452971 399.969 0 0
1500 78.9796 -30.9739 18.4149 0.469928 -0.58423 399.962 0 0
1500 45.1814 -57.329 17.9063 -0.239478 -0.914267 400.011 0 0
1500 105.167 37.3801 17.8155 0.782516 0.534792 400.039 0 0
1500 116.515 2.88701 17.8152 0.953991 0.0114087 400.089 0 0
1500 19.6774 25.9779 17.8593 -0.631565 0.461057 400.082 0 0
1500 56.2591 -7.85274 17.9044 -0.0671603 -0.155441 400.209 0 0
1500 91.4627 50.4206 17.7997 0.478205 0.788229 400.16 0 0
1500 149.783 29.588 17.829 1.45488 0.395277 400.147 0 0
1500 -2.2809 -23.0626 17.8179 -0.925066 -0.417854 400.417 0 0
1500 80.8407 -54.2422 17.8476 0.362364 -0.894572 400.513 0 0
1500 69.6941 -62.8521 17.8123 0.242142 -0.97744 400.621 0 0
1500 76.602 26.0738 18.6793 0.345606 0.458909 400.649 0 0
1500 36.2835 62.2586 17.9114 -0.398409 1.06501 400.56 0 0
1500 105.097 6.54961 18.0593 0.738758 0.125308 401.052 0 0
1500 64.319 40.9284 18.0159 0.114944 0.633572 401.468 0 0
1500 100.127 44.6843 18.0489 0.700197 0.720422 401.081 0 0
1500 93.9147 54.8492 17.8758 0.572376 0.849902 401.159 0 0
1500 113.779 19.8456 18.0504 0.907055 0.353935 400.749 0 0
1500 40.1832 -62.3511 17.9024 -0.31074 -0.977077 400.888 0 0
1500 91.4097 -55.0789 17.838 0.566809 -0.857036 400.744 0 0
1500 122.171 -14.6862 17.8371 1.01671 -0.251599 401.363 0 0
1500 85.1134 -4.65711 18.646 0.535388 0.00093297 401.237 0 0
1500 56.9997 -68.2443 17.8103 0.0505598 -1.04511 401.475 0 0
1500 111.995 36.3117 17.8119 0.87676 0.513104 400.743 0 0
1500 104.611 -41.9343 17.8454 0.717366 -0.704028 400.927 0 0
1500 80.8506 -56.1477 17.9072 0.390134 -0.909045 401.449 0 0
1500 76.7641 -50.062 17.9124 0.33254 -0.827045 400.692 0 0
1500 116.022 -11.5042 17.8 0.95071 -0.185602 400.838 0 0
1500 94.351 -48.2856 17.7999 0.622178 -0.743082 400.843 0 0
1500 58.3093 55.3757 17.8535 -0.0375036 0.904243 400.702 0 0
1500 111.105 -8.95725 17.8773 0.841691 -0.208497 401.314 0 0
1500 43.3556 -36.6108 17.826 -0.24496 -0.642518 400.941 0 0
1500 74.4761 29.3161 17.8264 0.330322 0.470284 401.05 0 0
1500 53.1354 43.458 17.9563 -0.0330444 0.750643 401.123 0 0
1500 -2.81843 -48.5291 17.8826 -0.970211 -0.859047 400.806 0 0
1500 52.689 38.9946 18.1589 -0.104405 0.729945 401.041 0 0
1500 118.214 55.9034 17.9755 1.09823 0.929127 401.422 0 0
1500 81.614 -21.6583 18.4232 0.408521 -0.465012 401.042 0 0
1500 23.4613 -16.309 17.8526 -0.548069 -0.212889 401.664 0 0
1500 110.39 -44.7293 17.8168 0.749672 -0.728692 401.697 0 0
1500 90.0107 52.3587 17.7975 0.543133 0.831586 401.537 0 0
1500 47.1422 -14.3656 18.3204 -0.153695 -0.214098 402.031 0 0
1500 90.5422 -62.9101 17.8108 0.442883 -0.983386 402.019 0 0
1500 90.2421 -38.6805 17.8453 0.571659 -0.602602 402.006 0 0
1500 114.845 42.7861 17.8637 0.979011 0.654337 401.885 0 0
1500 51.6308 -1.11358 18.307 -0.121738 -0.108066 402.021 0 0
1500 99.6792 54.2152 17.9147 0.710422 0.834024 402.089 0 0
1500 76.154 -48.3102 18.1018 0.338236 -0.797195 402.084 0 0
1500 44.7905 -25.723 18.0683 -0.280927 -0.510719 402.209 0 0
1500 63.6756 2.94393 18.0783 0.162802 0.0741687 402.261 0 0
1500 81.836 1.05664 17.8991 0.349352 0.0818193 402.244 0 0
1500 95.0288 -12.7124 17.997 0.571181 -0.231173 402.243 0 0
1500 59.9275 42.3363 17.8979 0.0443564 0.659215 402.304 0 0
1500 57.8485 35.53 17.9021 0.0153032 0.562071 402.589 0 0
1500 39.6475 -51.6016 17.8788 -0.285507 -0.79416 402.585 0 0
1500 -5.25367 -19.1109 17.799 -0.987314 -0.23984 402.357 0 0
1500 66.7587 -66.3807 17.8122 0.192058 -0.999633 402.675 0 0
1500 81.9998 -61.7494 17.812 0.414696 -0.932673 402.63 0 0
1500 107.37 23.6477 17.8126 0.825731 0.374639 402.327 0 0
1500 72.0292 -20.1386 18.0706 0.321027 -0.329369 402.294 0 0
1500 126.644 -8.06268 18.3976 1.25244 -0.139766 402.315 0 0
1500 170.122 -39.2588 17.9327 1.83654 -0.712748 402.299 0 0
1500 120.104 -65.9262 17.8475 0.969194 -0.992255 402.923 0 0
1500 13.3982 -45.6474 17.9058 -0.686815 -0.70532 403.095 0 0
1500 46.5962 -50.8537 17.8613 -0.174214 -0.788273 402.909 0 0
1500 -12.2821 58.4032 17.829 -1.12319 0.893312 402.907 0 0
1500 103.979 -14.9034 17.9457 0.785965 -0.257062 402.891 0 0
1500 122.203 12.917 18.1919 1.1073 0.214518 402.873 0 0
1500 94.3665 -6.45022 18.0667 0.557694 -0.14725 403.167 0 0
1500 56.5648 8.69718 17.9116 -0.00250666 0.187819 403.18 0 0
1500 75.1613 -56.7173 17.8276 0.331652 -0.886537 403.29 0 0
1500 69.6511 -54.3262 17.8027 0.250697 -0.837351 403.408 0 0
1500 73.5577 3.61824 18.6005 0.304362 0.113925 403.6 0 0
1500 39.8601 -54.3105 17.8262 -0.280229 -0.846803 403.529 0 0
1500 100.385 16.7908 18.1413 0.730905 0.310721 403.61 0 0
1500 100.995 -31.0376 17.9539 0.712438 -0.53197 403.657 0 0
1500 101.044 1.30444 17.9038 0.697012 -0.0535235 403.607 0 0
1500 134.772 15.8384 18.0549 1.32502 0.218039 403.691 0 0
1500 107.778 -18.8841 17.9613 0.780268 -0.301981 403.798 0 0
1500 113.76 2.78551 17.8248 0.877104 -0.0294013 403.881 0 0
1500 48.5231 -67.0277 17.8218 -0.108011 -1.00255 404.173 0 0
1500 88.2289 -39.7389 17.9642 0.502061 -0.5943 404.079 0 0
1500 20.3697 53.0285 17.9505 -0.570455 0.856664 403.919 0 0
1500 97.9944 -55.5246 17.8049 0.664036 -0.810494 404.169 0 0
1500 116.497 -22.0644 17.8699 0.956754 -0.337483 404.1 0 0
1500 15.5924 46.7009 17.861 -0.706499 0.680496 403.974 0 0
1500 97.7735 -30.4717 17.9536 0.695052 -0.482117 404.211 0 0
1500 65.7717 38.0165 18.0488 0.108037 0.647666 404.022 0 0
1500 34.7368 32.236 17.9183 -0.403835 0.619648 404.192 0 0
1500 105.594 -5.24562 18.5336 1.01519 -0.122029 404.156 0 0
1500 68.7602 -11.6248 18.4476 0.261814 -0.25797 404.396 0 0
1500 77.5236 -21.0626 18.2903 0.339086 -0.35157 404.759 0 0
1500 93.7535 12.6551 18.8107 0.713017 0.222307 404.52 0 0
1500 96.887 -1.28701 18.7319 0.726988 0.0439645 404.561 0 0
1500 86.3596 -58.0964 17.8401 0.370144 -0.92219 404.7 0 0
1500 34.7312 4.23108 18.0304 -0.35853 0.139088 404.737 0 0
1500 25.5855 39.3854 17.9774 -0.48839 0.673678 405.026 0 0
1500 110.413 -2.51189 17.8421 0.866945 -0.0789649 405.155 0 0
1500 99.4925 73.8375 17.8336 0.589737 1.20307 404.894 0 0
1500 63.3875 -2.24513 18.0638 0.0826941 -0.106301 405.112 0 0
1500 59.5802 -48.0645 18.1208 -0.00850424 -0.823639 404.946 0 0
1500 93.9706 -3.54979 18.5019 0.614592 -0.0961883 405.789 0 0
1500 60.6745 11.1503 18.5 0.0819301 0.208476 405.677 0 0
1500 93.1101 -9.0916 18.0509 0.564989 -0.173599 405.517 0 0
1500 41.3351 8.71105 17.932 -0.274151 0.0751805 405.654 0 0
1500 87.1586 16.4634 17.8344 0.47179 0.201414 405.275 0 0
1500 62.1163 -39.9721 17.8624 0.0738685 -0.633158 405.275 0 0
1500 32.8138 -34.058 17.9312 -0.404097 -0.514163 405.675 0 0
1500 76.1129 -37.9286 17.815 0.322594 -0.546857 405.577 0 0
1500 103.124 -19.3216 17.81 0.697492 -0.23622 405.684 0 0
1500 122.188 27.4939 18.0603 1.04597 0.467751 405.541 0 0
1500 130.272 -58.978 17.9932 1.16796 -0.977471 405.472 0 0
1500 74.8187 -29.3773 18.0549 0.257386 -0.521763 405.714 0 0
1500 71.4723 7.05316 17.8783 0.272479 0.0580724 405.172 0 0
1500 86.777 -6.19512 17.8726 0.508749 -0.148189 405.553 0 0
1500 76.2217 -26.129 17.8713 0.344182 -0.457349 405.647 0 0
1500 19.5555 -4.32504 17.9332 -0.589186 -0.0957248 405.844 0 0
1500 49.6453 -14.633 17.9366 -0.0924071 -0.301548 405.862 0 0
1500 53.0751 -43.2185 18.1736 -0.131798 -0.709214 405.807 0 0
1500 102.241 -35.4215 17.8763 0.749535 -0.511298 405.904 0 0
1500 69.8841 -23.2657 18.1586 0.216078 -0.432243 406.132 0 0
1500 81.4031 -0.365782 18.5077 0.441875 -0.0527681 406.21 0 0
1500 38.4998 -44.663 17.8459 -0.248863 -0.747734 406.271 0 0
1500 62.5139 13.6769 18.0638 0.0697035 0.283031 406.454 0 0
1500 66.9502 -32.4531 17.8942 0.186419 -0.56818 406.408 0 0
1500 132.839 17.7844 18.0772 1.35788 0.275623 406.433 0 0
1500 85.0485 -7.29155 18.3795 0.437572 -0.139572 406.542 0 0
1500 73.1113 -17.4399 18.9159 0.340676 -0.293119 406.555 0 0
1500 61.2523 15.6805 17.8743 0.00669536 0.275152 406.622 0 0
1500 110.529 30.4844 17.8717 0.866294 0.485301 406.603 0 0
1500 71.0985 -11.4563 18.436 0.314438 -0.167884 406.948 0 0
1500 41.915 96.2452 17.8439 -0.268725 1.50449 406.683 0 0
1500 98.3963 30.5315 17.9608 0.672651 0.527586 406.889 0 0
1500 -41.7748 -47.4824 17.8051 -1.58984 -0.684372 407.011 0 0
1500 45.3481 -28.9685 18.0316 -0.245758 -0.45741 406.993 0 0
1500 63.7424 17.006 17.8499 0.166357 0.281675 406.805 0 0
1500 69.0226 -28.0701 18.1732 0.264726 -0.462697 407.472 0 0
1500 108.536 -27.187 18.0319 0.854417 -0.433064 407.366 0 0
1500 115.666 19.8254 17.8545 0.931658 0.249264 407.355 0 0
1500 96.3333 18.3087 17.8873 0.665632 0.315184 407.286 0 0
1500 110.506 14.0728 17.9083 0.793616 0.260607 407.717 0 0
1500 117.722 23.3767 17.8621 0.941837 0.325435 407.785 0 0
1500 74.5642 -26.9472 18.1723 0.345526 -0.44473 407.682 0 0
1500 92.8879 17.5728 18.5307 0.683973 0.255005 407.682 0 0
1500 80.3547 0.70858 17.9797 0.43866 0.0324039 407.611 0 0
1500 130.225 52.5548 17.8859 1.1716 0.945103 407.878 0 0
1500 66.1433 -20.0501 18.0594 0.149595 -0.386279 407.929 0 0
1500 62.9305 6.67237 17.9066 0.0720932 0.181424 407.933 0 0
1500 68.0632 52.5656 18.0449 0.15183 0.863417 408.02 0 0
1500 7.89459 -16.6712 18.019 -0.809188 -0.263576 408.077 0 0
1500 5.67595 -6.19179 18.0191 -0.842909 -0.104814 408.069 0 0
1500 59.9527 33.3536 18.0492 0.0522869 0.533789 408.416 0 0
1500 83.1724 -9.14862 17.9184 0.404126 -0.0735585 408.374 0 0
1500 81.7183 54.2987 17.8754 0.406496 0.816759 408.292 0 0
1500 54.806 -64.1115 17.875 -0.00156116 -1.02189 408.714 0 0
1500 63.1573 -3.29411 18.6233 0.107197 -0.0393815 408.482 0 0
1500 72.3876 -57.5459 17.8595 0.246633 -0.940094 408.733 0 0
1500 24.8345 -48.2077 17.8616 -0.47368 -0.802974 408.413 0 0
1500 50.1771 -39.3724 18.0512 -0.0958039 -0.677968 408.539 0 0
1500 98.5622 22.7101 17.848 0.678678 0.293263 408.713 0 0
1500 70.7242 -20.8449 17.8944 0.25297 -0.29788 408.881 0 0
1500 15.6406 -19.8649 17.8499 -0.670015 -0.281129 408.807 0 0
1500 23.8765 -28.8416 17.8539 -0.536654 -0.452353 408.971 0 0
1500 34.4788 -57.8827 17.8211 -0.41076 -0.851938 409.116 0 0
1500 84.5664 -15.8757 17.8278 0.464441 -0.251973 408.981 0 0
1500 85.1605 31.6365 18.476 0.52781 0.533594 408.948 0 0
1500 90.5791 -15.2578 18.3756 0.629134 -0.266497 409.094 0 0
1500 113.821 -20.3492 17.8268 0.919291 -0.29308 408.94 0 0
1500 116.216 -4.79496 17.833 0.940703 -0.0219241 408.803 0 0
1500 115.376 -3.05632 17.9175 0.952541 -0.0386086 409.353 0 0
1500 75.2645 -39.5093 18.1951 0.317798 -0.671957 409.27 0 0
1500 95.9128 -21.8365 17.9749 0.591819 -0.410814 409.05 0 0
1500 61.914 -40.9543 17.9164 0.000151412 -0.662954 408.827 0 0
1500 93.5053 -8.16122 17.9251 0.589704 -0.197017 408.922 0 0
1500 85.9715 5.31966 18.2576 0.552695 0.0406664 409.149 0 0
1500 77.471 -63.3473 17.834 0.25071 -1.04715 408.887 0 0
1500 36.4411 6.13831 17.9773 -0.392625 0.0793836 409.308 0 0
1500 111.26 31.0265 17.8785 0.835416 0.562147 409.049 0 0
1500 70.5022 -4.3817 18.2641 0.288463 -0.0358932 409.878 0 0
1500 72.4624 -18.2988 18.0721 0.294787 -0.270807 409.544 0 0
1500 11.8128 -5.32041 17.9222 -0.71189 -0.0700527 410.336 0 0
1500 81.6083 -0.843863 18.1089 0.433761 -0.0505477 410.54 0 0
1500 69.3586 -23.2689 18.5664 0.245419 -0.41957 409.899 0 0
1500 94.7423 -46.7451 17.9343 0.573112 -0.778317 409.665 0 0
1500 83.0407 -15.2485 18.4577 0.454152 -0.303925 409.923 0 0
1500 105.837 -37.4683 17.8357 0.773204 -0.620463 410.192 0 0
1500 50.5999 -62.4489 17.9016 -0.169962 -0.969617 410.483 0 0
1500 7.35545 -10.0305 17.9108 -0.83222 -0.181809 410.206 0 0
1500 62.5263 -20.5995 18.1487 0.0627731 -0.37658 409.82 0 0
1500 74.879 -5.17414 18.0236 0.342079 -0.0276779 409.458 0 0
1500 70.8865 -29.2413 17.98 0.258178 -0.516164 409.81 0 0
1500 87.8299 -27.463 17.9753 0.516454 -0.485951 410.183 0 0
1500 99.9321 -26.9533 17.8061 0.711552 -0.383569 410.119 0 0
1500 52.8532 15.612 18.007 -0.039355 0.317247 409.716 0 0
1500 49.6298 57.8003 17.8242 -0.212322 0.904524 409.872 0 0
1500 82.6089 127.997 17.8976 0.336516 2.11468 409.907 0 0
1500 131.601 32.1923 18.0326 1.34344 0.610862 409.79 0 0
1500 81.8408 -6.60032 18.2065 0.46566 -0.154177 410.64 0 0
1500 86.979 31.002 17.9641 0.472332 0.485417 410.846 0 0
1500 80.1571 -48.3323 17.9673 0.394068 -0.796277 410.97 0 0
1500 103.372 27.3933 17.9549 0.778594 0.396834 410.962 0 0
1500 68.3901 4.17932 18.7436 0.281262 0.113032 411.27 0 0
1500 97.755 -0.334239 18.18 0.64896 -0.0465138 411.145 0 0
1500 49.6503 -17.3718 17.934 -0.175556 -0.236936 411.29 0 0
1500 27.3279 2.54503 17.8166 -0.475692 -0.021781 411.348 0 0
1500 66.0764 -53.2978 17.8615 0.17144 -0.807062 411.392 0 0
1500 66.4056 -66.0311 17.8849 0.10967 -1.03963 411.06 0 0
1500 70.4015 -6.98343 18.1625 0.246214 -0.176775 411.162 0 0
1500 39.6725 -13.9137 18.0618 -0.283936 -0.285612 411.067 0 0
1500 83.9096 15.275 17.8845 0.457534 0.177577 411.192 0 0
1500 78.1282 13.7079 17.8484 0.350493 0.282892 411.553 0 0
1500 81.1349 -52.7256 17.9359 0.311657 -0.881293 411.381 0 0
1500 123.857 44.2695 17.966 1.14745 0.788517 411.371 0 0
1500 61.792 37.8663 18.4496 0.0960781 0.765834 411.1 0 0
1500 54.2619 9.9129 18.129 -0.013797 0.205204 411.858 0 0
1500 85.3629 -24.4193 18.1035 0.424865 -0.407886 411.67 0 0
1500 63.1462 13.1813 17.9813 0.119825 0.244414 411.973 0 0
1500 106.501 5.5623 18.0407 0.773839 0.0540175 411.687 0 0
1500 21.3447 25.3183 17.8847 -0.582287 0.350745 412.077 0 0
1500 13.7063 49.5528 17.8697 -0.672991 0.80285 411.633 0 0
1500 52.7173 66.0758 17.87 -0.0952902 1.03926 412.151 0 0
1500 93.6372 -1.7136 18.3061 0.643926 -0.0775761 412.061 0 0
1500 21.5481 48.8801 17.9056 -0.612989 0.749824 412.093 0 0
1500 59.4347 -52.5693 17.8418 0.0947929 -0.829457 411.684 0 0
1500 37.9608 35.1988 18.033 -0.379333 0.58001 411.577 0 0
1500 132.798 -15.5016 18.142 1.27401 -0.328435 411.645 0 0
1500 60.6655 62.4992 17.9817 0.0786291 1.00402 412.302 0 0
1500 2.01851 6.2962 18.0195 -0.916063 0.0899988 412.395 0 0
1500 92.3845 -28.6408 17.9643 0.511861 -0.515111 412.318 0 0
1500 65.0141 -6.34326 18.1639 0.127042 -0.155464 413.58 0 0
1500 70.6097 -7.59038 17.9796 0.22866 -0.047278 413.136 0 0
1500 63.0518 32.6034 17.9236 0.139025 0.494521 413.134 0 0
1500 83.01 20.7442 17.8946 0.420006 0.321548 413.574 0 0
1500 97.5916 -18.2399 18.0112 0.622044 -0.309542 413.585 0 0
1500 75.934 -45.4221 17.8695 0.282105 -0.711445 412.976 0 0
1500 98.5779 -5.5086 17.8412 0.642366 -0.0637789 413.68 0 0
1500 117.775 -12.0854 17.9173 0.942149 -0.166592 412.629 0 0
1500 96.9221 -36.1218 17.844 0.60461 -0.568027 413.945 0 0
1500 115.256 -28.4416 17.9087 0.865932 -0.477297 413.38 0 0
1500 128.157 -49.8336 17.8057 1.01527 -0.79861 413.442 0 0
1500 111.533 -22.9796 17.7988 0.882862 -0.366089 412.903 0 0
1500 105.172 34.4988 17.9639 0.793428 0.552524 414.021 0 0
1500 67.8691 52.7232 17.8318 0.186236 0.872131 412.99 0 0
1500 64.211 61.7737 17.7955 0.0903153 1.00555 414.128 0 0
1500 2.52041 10.3869 17.8022 -0.852052 0.235401 413.087 0 0
1500 64.1001 -51.777 17.8082 0.0757533 -0.867962 413.927 0 0
1500 49.5998 16.1554 18.2075 -0.148642 0.213277 413.91 0 0
1500 98.8501 -4.1743 17.8815 0.699584 -0.107002 413.701 0 0
1500 102.867 -3.93037 17.8791 0.75905 -0.102909 413.911 0 0
1500 96.209 44.329 17.9843 0.573779 0.768314 412.709 0 0
1500 8.2653 -38.1478 18.0551 -0.840868 -0.612839 414.095 0 0
1500 72.4849 -35.1809 18.3416 0.251846 -0.6487 412.592 0 0
1500 59.7309 -8.49687 17.8849 0.051271 -0.184203 414.227 0 0
1500 86.3285 58.2585 17.794 0.420564 0.946264 414.574 0 0
1500 54.3427 -52.758 17.9628 -0.0456948 -0.88164 414.358 0 0
1500 60.3168 26.0751 18.0573 -0.012235 0.406059 414.211 0 0
1500 75.6117 10.3804 18.0356 0.374775 0.16267 414.607 0 0
1500 65.3701 18.5825 17.8439 0.0339274 0.292365 414.495 0 0
1500 71.0742 -2.12646 18.6241 0.308626 0.026094 415.802 0 0
1500 60.9978 -16.8016 18.0906 0.035154 -0.29119 415.025 0 0
1500 68.6724 -5.30321 17.9835 0.23092 -0.0543945 415.105 0 0
1500 63.6127 -2.35204 17.9046 0.150426 -0.0550311 415.779 0 0
1500 24.7184 -14.2942 17.922 -0.522178 -0.22709 415.902 0 0
1500 18.9829 1.97368 17.9718 -0.599109 0.013373 416.222 0 0
1500 93.5176 2.6358 17.8357 0.542324 0.092564 415.869 0 0
1500 90.7206 -49.2115 17.9655 0.522652 -0.763671 414.94 0 0
1500 71.8545 13.1222 17.8214 0.254571 0.212348 416.478 0 0
1500 111.875 34.5082 17.8677 0.874178 0.550536 414.872 0 0
1500 103.239 47.8423 17.8871 0.728171 0.752059 415.972 0 0
1500 110.188 -21.9987 17.8709 0.859574 -0.375317 414.818 0 0
1500 72.4783 60.2179 17.8121 0.284627 0.94318 415.702 0 0
1500 85.1531 46.7358 17.8172 0.481439 0.747677 414.974 0 0
1500 97.1201 19.1987 17.9894 0.664081 0.354502 415.666 0 0
1500 79.4588 15.3499 17.9982 0.398459 0.298877 414.969 0 0
1500 17.7377 27.9455 17.9186 -0.678232 0.404898 415.859 0 0
1500 101.949 -28.459 17.8155 0.698197 -0.507318 415.905 0 0
1500 59.4389 -25.3173 17.9237 -0.0418012 -0.37537 416.166 0 0
1500 79.7942 -20.7797 18.1787 0.382518 -0.395988 416.275 0 0
1500 40.0275 5.03317 17.8267 -0.313487 0.151724 415.147 0 0
1500 53.0214 -133.536 17.8788 -0.0320873 -2.14687 416.168 0 0
1500 89.2738 -3.58846 18.1835 0.521966 -0.133931 415.888 0 0
1500 74.3936 -9.47582 17.8245 0.266853 -0.225556 416.343 0 0
1500 122.518 20.6596 18.0513 1.1635 0.387117 414.791 0 0
1500 95.3584 47.1798 18.3641 0.682191 0.862416 415.774 0 0
1500 55.604 77.3732 18.0472 0.027291 1.36934 415.929 0 0
1500 69.0051 -9.79191 18.4634 0.219564 -0.200257 417.148 0 0
1500 72.2616 -13.8498 17.9574 0.188568 -0.260416 416.932 0 0
1500 115.029 26.0461 17.8704 0.89384 0.411768 416.926 0 0
1500 108.972 -6.32237 18.0122 0.831912 -0.113473 417.16 0 0
1500 99.0751 -2.23669 18.6938 0.785746 -0.0119417 416.735 0 0
1500 109.239 -42.7165 17.801 0.730208 -0.694377 417.206 0 0
1500 1.3602 34.9731 17.828 -0.906538 0.518374 416.714 0 0
1500 -3.44637 10.2304 17.9086 -0.983117 0.131142 417.147 0 0
1500 97.6245 78.6996 17.8753 0.6323 1.26151 416.96 0 0
1500 68.1233 45.3506 17.9639 0.201666 0.762674 416.542 0 0
1500 4.38201 -20.9766 17.8081 -0.851027 -0.249578 416.706 0 0
1500 89.4425 4.54118 17.852 0.482314 0.148184 416.692 0 0
1500 45.497 11.1153 17.8358 -0.242715 0.2382 416.813 0 0
1500 83.9879 -14.8645 18.4203 0.467884 -0.298835 417.893 0 0
1500 88.5754 6.03269 18.253 0.576616 0.141026 417.62 0 0
1500 59.2505 -21.4514 18.1329 0.0251798 -0.399071 417.362 0 0
1500 76.4609 -41.264 17.8936 0.365478 -0.654817 417.432 0 0
1500 39.8523 42.4029 17.8217 -0.325597 0.715991 417.892 0 0
1500 82.6909 17.4309 18.4456 0.444438 0.29647 418.854 0 0
1500 76.6741 -2.98605 18.0035 0.333355 -0.083538 419.213 0 0
1500 86.7421 -26.5357 17.8242 0.470881 -0.355083 418.249 0 0
1500 65.8365 4.81515 18.0306 0.199518 0.0462308 419.687 0 0
1500 55.9545 46.9703 17.8747 0.0175189 0.712045 420.027 0 0
1500 66.0658 8.5557 17.8379 0.173729 0.150419 421.035 0 0
1500 86.2934 19.1202 18.0316 0.487386 0.268772 421.563 0 0
1500 58.1422 -12.1572 18.1873 0.0311992 -0.234548 423 0 0
1500 96.4224 -11.7518 17.9295 0.613448 -0.133603 421.373 0 0
1500 75.5879 27.2281 17.9972 0.305981 0.435778 421.886 0 0
1500 59.6262 5.33031 18.4824 0.0785063 0.136556 424.45 0 0
1500 56.9404 5.54641 18.1403 0.0477646 0.13944 424.222 0 0
1500 65.8964 67.6336 17.8102 0.182185 1.03228 419.54 0 0
1500 82.4509 -12.0733 18.1272 0.432758 -0.133084 424.292 0 0
1500 80.5122 -4.24609 18.7869 0.456035 -0.0218586 428.925 0 0
1500 111.573 -1.21018 17.9066 0.842663 -0.0130143 422.411 0 0
1500 53.7882 31.861 17.9745 -0.00564686 0.503698 423.992 0 0
1500 81.0277 6.11172 18.0644 0.414603 0.0934559 424.813 0 0
1500 60.7223 65.5122 17.8088 -0.00412399 1.039 419.943 0 0
1500 105.064 34.9303 17.8164 0.67269 0.595789 418.453 0 0
1500 20.1352 24.8327 17.8249 -0.57954 0.410307 423.456 0 0
1500 7.58783 37.0517 17.8122 -0.774366 0.596602 421.919 0 0
1500 49.7449 64.6085 17.8101 -0.164279 1.00296 421.45 0 0
1500 96.4997 -0.483791 18.0526 0.63179 0.0679702 418.404 0 0
1500 109.685 19.0244 18.0924 0.88383 0.276089 419.893 0 0
1500 122.991 0.651736 17.846 1.04229 0.0239761 420.607 0 0
1500 94.2219 -35.4077 17.8574 0.633296 -0.527889 418.61 0 0
1500 27.7815 20.6661 17.9541 -0.454226 0.395876 418.558 0 0
1500 109.413 -12.4825 18.3556 0.902766 -0.186292 421.854 0 0
1500 9.17365 11.974 17.9048 -0.741924 0.192488 425.621 0 0
1500 47.5996 -23.1475 18.0126 -0.136723 -0.434908 418.947 0 0
1500 17.488 -19.2065 17.8064 -0.625655 -0.37418 418.916 0 0
1500 122.596 8.52235 18.0012 1.04029 0.122093 422.966 0 0
1500 97.1998 33.2993 18.0113 0.693571 0.501973 420.551 0 0
1500 100.227 -4.9032 18.0161 0.744748 -0.0774104 420.081 0 0
1500 114.612 -11.4565 18.0084 0.899821 -0.16556 424.774 0 0
1500 111.295 33.5103 18.0777 0.871885 0.546288 422.498 0 0
1500 96.578 17.4455 18.094 0.619752 0.292744 426.329 0 0
1500 86.9515 32.2319 18.0911 0.527836 0.542941 420.562 0 0
1500 61.8138 75.7739 17.8275 0.111479 1.1449 423.784 0 0
1500 86.5796 3.34151 17.9757 0.501694 0.116365 419.555 0 0
1500 16.4524 10.287 17.8266 -0.638737 0.0947659 425.586 0 0
1500 -3.13174 27.9869 17.8083 -0.968208 0.364839 421.746 0 0
1500 5.31834 -34.8681 17.8108 -0.818037 -0.558641 423.695 0 0
1500 37.6915 118.574 17.8238 -0.261523 1.86401 420.634 0 0
1500 52.7115 -44.2136 17.825 -0.0263225 -0.675544 425.742 0 0
1500 32.3344 -49.201 18.0345 -0.401062 -0.843202 419.143 0 0
1500 45.9933 33.2171 18.013 -0.199603 0.508847 426.855 0 0
1500 -23.4062 -39.3125 17.7927 -1.28589 -0.623931 422.101 0 0
1500 76.3066 27.1452 17.9925 0.378191 0.431527 420.601 0 0
1500 76.1068 35.704 17.9373 0.312248 0.554715 426.889 0 0
1500 66.6356 59.1443 17.9206 0.149457 0.917759 425.628 0 0
1500 50.1101 60.6866 17.9174 -0.0915051 0.984544 422.461 0 0
1500 73.7183 61.9183 17.8111 0.166207 0.984192 420.547 0 0
1500 103.932 -41.4603 17.8225 0.734479 -0.604334 425.307 0 0
1500 100.327 50.9692 17.8533 0.607519 0.813889 424.877 0 0
1500 83.6235 -39.1276 18.2716 0.456862 -0.659952 422.984 0 0
1500 103.034 -26.2812 17.9493 0.773123 -0.416107 422.247 0 0
1500 89.3758 -11.5794 17.9605 0.574778 -0.19602 421.221 0 0
1500 50.8969 66.3844 17.8374 -0.0619055 1.03374 424.771 0 0
1500 71.3602 62.6315 17.8378 0.242868 0.999096 423.381 0 0
1500 43.3479 56.5201 17.8428 -0.178715 0.921174 422.403 0 0
1500 67.8717 57.6159 17.9482 0.16434 0.94259 422.968 0 0
1500 68.6544 -4.17705 17.991 0.213146 -0.00912389 429.234 0 0
1500 39.2631 35.243 18.0742 -0.331625 0.540734 422.397 0 0
1500 112.301 -14.2555 18.2761 0.943853 -0.290646 421.076 0 0
1500 89.7896 -12.5853 18.3923 0.622245 -0.163971 423.861 0 0
1500 45.6622 -60.9631 17.8461 -0.183935 -0.987147 424.112 0 0
1500 50.4195 -56.2683 17.8011 -0.113119 -0.880138 426.959 0 0
1500 101.406 8.44112 18.3359 0.788733 0.112284 424.498 0 0
1500 54.0885 25.1411 18.3777 -0.0496311 0.435909 422.553 0 0
1500 64.1017 65.5401 17.8397 0.0795713 1.03242 426.355 0 0
1500 85.9199 18.6963 17.8626 0.382675 0.33185 429.302 0 0
1500 86.2996 59.9688 17.8391 0.409895 0.962861 425.499 0 0
1500 4.77528 41.3288 17.8391 -0.794074 0.681632 425.964 0 0
1500 45.0772 33.8285 17.8604 -0.191352 0.54568 429.129 0 0
1500 86.5872 -8.47683 17.8744 0.412332 -0.200808 422.528 0 0
1500 93.4955 -47.5078 17.8558 0.506396 -0.787703 424.245 0 0
1500 110.874 -20.1767 18.0059 0.855334 -0.369633 425.34 0 0
1500 101.444 -2.37079 17.8231 0.633967 -0.100677 429.71 0 0
1500 29.3628 -0.475251 17.8462 -0.46859 -0.0831082 422.963 0 0
1500 88.9047 61.0016 17.8965 0.563419 0.974575 423.119 0 0
1500 64.4587 -11.8736 18.2123 0.171041 -0.255156 424.384 0 0
1500 109.154 -51.1542 17.8817 0.865214 -0.886389 421.577 0 0
1500 132.057 -14.1867 18.0883 1.27633 -0.195223 422.677 0 0
1500 79.9091 -45.0781 18.1831 0.340974 -0.79057 421.96 0 0
1500 23.6732 37.5145 17.8612 -0.555482 0.53504 430.587 0 0
1500 40.9541 -26.3649 17.87 -0.339412 -0.407349 424.5 0 0
1500 101.972 97.8972 17.9962 0.741595 1.75021 419.056 0 0
1500 40.0612 5.42135 18.1947 -0.266725 0.094516 434.945 0 0
1500 114.743 -34.7778 17.8006 0.910374 -0.481206 427.163 0 0
1500 73.5086 63.5823 17.8003 0.292288 0.99123 427.24 0 0
1500 -26.9576 123.969 17.9278 -1.44214 2.01815 422.468 0 0
1500 83.3882 41.2843 17.8182 0.460254 0.661451 425.536 0 0
1500 99.8124 2.60098 17.8243 0.655799 0.0611692 431.194 0 0
1500 102.351 -4.89302 17.8975 0.693432 -0.0323065 431.648 0 0
1500 80.5142 19.1254 18.0728 0.441364 0.339592 425.658 0 0
1500 32.7588 3.15723 17.8533 -0.398604 0.0976978 432.384 0 0
1500 5.87419 34.8282 17.8309 -0.818199 0.474462 431.185 0 0
1500 57.7855 -65.7557 17.8269 -0.0721475 -1.01567 428.511 0 0
1500 121.776 -17.8676 17.8041 1.0025 -0.303193 429.869 0 0
1500 123.854 -6.76019 17.8048 1.02638 -0.138147 430.319 0 0
1500 68.4187 39.9875 18.064 0.134483 0.674975 426.642 0 0
1500 89.24 40.2814 17.9598 0.470227 0.695469 427.005 0 0
1500 119.391 -6.86277 17.8629 0.997834 -0.076933 429.004 0 0
1500 76.9345 -60.0239 17.9451 0.34566 -0.993779 427.261 0 0
1500 65.5221 -7.69887 17.817 0.181553 -0.15454 427.378 0 0
1500 81.1598 -38.3516 17.8043 0.400083 -0.593729 431.063 0 0
1500 87.6839 21.7513 17.9793 0.432229 0.398707 427.529 0 0
1500 87.4067 14.7213 17.9814 0.428989 0.291054 427.373 0 0
1500 16.6569 51.3695 17.8025 -0.609044 0.841031 429.608 0 0
1500 43.5229 3.14269 17.831 -0.218246 0.12683 426.403 0 0
1500 23.5535 46.3696 17.8109 -0.486274 0.736421 432.33 0 0
1500 80.6209 5.36793 17.8292 0.324981 0.144528 433.993 0 0
1500 58.0021 65.2942 17.8021 0.00842048 1.04523 429.849 0 0
1500 27.1409 58.7276 17.802 -0.449978 0.945699 429.978 0 0
1500 30.3713 22.8476 17.8225 -0.420747 0.432026 426.977 0 0
1500 40.7129 -45.279 17.8148 -0.243901 -0.715002 433.066 0 0
1500 5.57377 -41.4928 17.8002 -0.779379 -0.692842 429.849 0 0
1500 1.046 -30.8017 17.8021 -0.855074 -0.538649 429.206 0 0
1500 -40.7094 37.3794 17.9857 -1.63203 0.641639 425.28 0 0
1500 46.5059 -55.8763 17.806 -0.179984 -0.925471 428.612 0 0
1500 46.0148 -42.8851 17.8171 -0.174865 -0.679087 433.346 0 0
1500 83.8827 13.6394 18.3779 0.551413 0.229884 426.666 0 0
1500 55.9478 -55.8258 17.8489 0.0383503 -0.906037 427.061 0 0
1500 73.4566 -5.36017 17.9075 0.28195 -0.111146 434.803 0 0
1500 91.1309 -12.744 17.9009 0.532185 -0.21564 434.298 0 0
1500 73.6611 9.06703 18.0483 0.332798 0.198323 425.617 0 0
1500 31.3298 -61.075 17.9183 -0.406769 -0.965668 431.361 0 0
1500 103.694 27.9645 17.9208 0.747395 0.488013 429.19 0 0
1500 79.7653 0.27558 18.0362 0.357873 0.0814663 428.324 0 0
1500 15.8498 44.9776 17.8484 -0.707386 0.659917 429.995 0 0
1500 27.1518 -43.4308 17.8561 -0.505441 -0.637484 434.062 0 0
1500 21.7084 -52.9455 17.7994 -0.569456 -0.863252 430.697 0 0
1500 4.43345 -38.6902 17.7995 -0.811443 -0.637044 432.054 0 0
1500 2.75501 17.4518 17.807 -0.871332 0.194063 429.293 0 0
1500 87.6163 -28.6051 17.8167 0.431659 -0.51711 428.367 0 0
1500 123.488 -34.7146 18.1514 1.12144 -0.578472 428.569 0 0
1500 59.4233 -31.2779 17.9576 0.0469575 -0.505624 435.918 0 0
1500 82.8221 -26.315 17.9536 0.412271 -0.481037 429.259 0 0
1500 75.7111 -31.7245 17.9534 0.302628 -0.564218 429.277 0 0
1500 97.8297 41.4224 17.8222 0.583878 0.704102 430.016 0 0
1500 112.221 11.9376 18.0488 0.886744 0.227564 432.377 0 0
1500 70.4006 -1.11038 18.0702 0.25054 0.0321239 436.859 0 0
1500 99.0926 -16.723 17.9091 0.71666 -0.249359 430.173 0 0
1500 90.0298 35.5836 17.91 0.532075 0.50975 435.746 0 0
1500 115.228 29.1341 17.8954 0.935129 0.44064 432.204 0 0
1500 109.502 5.45145 17.8758 0.802377 0.159635 430.346 0 0
1500 112.695 -21.9991 17.9153 0.900627 -0.290793 431.294 0 0
1500 115.868 30.1144 17.9097 0.927695 0.485284 432.782 0 0
1500 14.3442 40.0147 17.8151 -0.694684 0.67476 431.112 0 0
1500 96.1308 -37.2132 18.0812 0.66837 -0.696826 425.696 0 0
1500 26.9006 59.5766 17.8211 -0.527651 0.898313 433.307 0 0
1500 35.8029 58.74 17.826 -0.389716 0.870286 434.536 0 0
1500 38.5691 53.9897 17.8277 -0.368599 0.844847 430.998 0 0
1500 46.984 66.7298 17.821 -0.235272 1.01606 432.465 0 0
1500 56.3311 -8.70527 17.8508 -0.101272 -0.112711 429.046 0 0
1500 119.819 21.6129 18.595 1.20549 0.468278 421.133 0 0
1500 93.7323 27.836 18.4495 0.626484 0.48615 432.909 0 0
1500 53.1185 64.8191 17.8466 -0.0524316 1.0378 432.936 0 0
1500 18.9461 -52.6415 17.8886 -0.61483 -0.813289 434.66 0 0
1500 58.5429 -23.3577 17.9128 -0.0416057 -0.414359 430.18 0 0
1500 108.326 5.28188 18.3994 0.899708 0.14295 430.59 0 0
1500 41.888 96.7258 17.8207 -0.182686 1.51605 431.613 0 0
1500 80.7113 -42.223 18.1504 0.361803 -0.70926 432.312 0 0
1500 60.5639 -27.1201 18.0444 -0.0428694 -0.504607 423.582 0 0
1500 12.2174 -14.9074 17.9614 -0.743163 -0.180244 432.08 0 0
1500 97.8227 35.8348 17.981 0.763361 0.616455 425.174 0 0
1500 16.9089 -36.971 17.9317 -0.675752 -0.597213 432.793 0 0
1500 93.863 8.15718 18.3863 0.664982 0.17422 433.644 0 0
1500 21.5965 -22.6697 17.8144 -0.584213 -0.34946 438.048 0 0
1500 1.29832 -7.75146 17.8022 -0.935124 -0.148079 433.273 0 0
1500 4.62865 35.8991 17.7986 -0.875533 0.510138 433.947 0 0
1500 108.765 -63.811 17.9538 0.901177 -1.02146 430.188 0 0
1500 148.981 -20.3035 17.8284 1.42391 -0.285538 435.132 0 0
1500 140.984 78.34 17.8169 1.28227 1.15349 436.578 0 0
1500 86.6094 -17.4414 18.2032 0.433811 -0.322572 433.758 0 0
1500 117.082 -4.37722 17.8546 0.941025 -0.128907 434.161 0 0
1500 102.508 -10.8623 17.8659 0.672728 -0.212149 438.826 0 0
1500 13.2978 -26.095 17.9831 -0.716741 -0.475199 432.405 0 0
1500 78.7263 -38.7708 18.2576 0.432695 -0.670021 432.195 0 0
1500 75.3743 18.2111 17.8489 0.291077 0.30695 440.176 0 0
1500 122.041 14.6979 17.8235 1.00455 0.27379 435.981 0 0
1500 122.358 13.8178 17.8246 0.989309 0.255523 437.335 0 0
1500 120.266 -25.8681 17.8238 0.980542 -0.331422 435.814 0 0
1500 57.4752 31.884 17.8468 0.0401732 0.499757 440.022 0 0
1500 91.5771 10.3225 18.1249 0.596961 0.217911 435.356 0 0
1500 82.7099 40.6954 18.1177 0.457289 0.674653 435.99 0 0
1500 119.765 -6.22868 17.8944 1.04999 -0.0334314 431.371 0 0
1500 81.6703 -62.5485 17.8731 0.425697 -0.955101 437.75 0 0
1500 -2.691 -22.5062 17.8414 -0.919327 -0.412692 436.933 0 0
1500 65.9074 -9.6828 17.9042 0.052902 -0.143266 434.355 0 0
1500 -0.490398 -33.2541 17.8741 -0.93023 -0.483221 438.141 0 0
1500 125.519 -3.36983 17.8336 1.04151 -0.112633 438.09 0 0
1500 40.3057 10.0128 17.9125 -0.344779 0.152631 434.94 0 0
1500 49.3542 -23.2257 17.9125 -0.182738 -0.32721 442.361 0 0
1500 79.3458 -55.8247 17.9012 0.360595 -0.856291 440.526 0 0
1500 102.079 -9.76922 17.909 0.734443 -0.209284 435.992 0 0
1500 62.046 -60.6555 17.7967 0.078592 -0.988769 437.059 0 0
1500 93.7617 -36.993 17.8038 0.566166 -0.640836 436.073 0 0
1500 95.8357 1.20366 17.8139 0.606324 -0.0558284 435.175 0 0
1500 76.7621 -5.90519 17.8208 0.312055 -0.16762 434.695 0 0
1500 115.406 -6.47081 17.801 0.89376 -0.171919 436.389 0 0
1500 77.8935 -18.6188 17.8188 0.295782 -0.328986 442.032 0 0
1500 70.7424 52.1155 18.1138 0.255824 0.852875 437.782 0 0
1500 68.3119 -31.8151 18.0194 0.248637 -0.528493 436.431 0 0
1500 101.821 66.1585 17.8451 0.683038 1.05559 438.505 0 0
1500 114.329 10.6883 17.8373 0.861416 0.237372 437.555 0 0
1500 95.9316 -14.0286 18.652 0.688968 -0.283868 438.804 0 0
1500 81.7396 16.0602 18.5924 0.43878 0.279322 446.19 0 0
1500 96.4657 -2.82826 17.9997 0.648221 -0.111 438.02 0 0
1500 -4.06773 -21.8298 17.8148 -0.997293 -0.316068 440.257 0 0
1500 112.36 9.69563 18.0376 0.86705 0.138486 443.722 0 0
1500 70.991 -3.33897 18.0563 0.306386 -0.0504509 437.825 0 0
1500 82.785 35.5714 18.0564 0.37521 0.650991 433.919 0 0
1500 47.7659 -37.7019 17.8942 -0.235941 -0.570035 435.116 0 0
1500 86.0276 3.62663 18.103 0.539349 0.0728843 438.632 0 0
1500 90.4079 -3.28846 18.101 0.60513 -0.0330308 438.779 0 0
1500 106.599 1.27419 17.8268 0.811781 -0.019373 438.575 0 0
1500 14.0503 -47.8851 17.8494 -0.712436 -0.755688 440.824 0 0
1500 90.923 69.5299 17.9303 0.599799 1.158 436.395 0 0
1500 39.2961 39.5639 17.967 -0.318579 0.664301 439.46 0 0
1500 119.557 19.2628 18.0214 0.99484 0.319553 442.199 0 0
1500 70.3526 -54.6545 17.8159 0.193541 -0.8529 444.393 0 0
1500 49.6236 -48.7289 17.8181 -0.111019 -0.822316 439.781 0 0
1500 57.5909 -63.6695 17.8078 0.0110396 -1.02667 441.369 0 0
1500 154.077 -28.3543 17.792 1.47048 -0.487642 441.613 0 0
1500 94.3118 9.34354 18.0862 0.662904 0.132231 440.572 0 0
1500 29.1086 45.5776 17.8862 -0.529169 0.696519 438.327 0 0
1500 108.778 -10.1459 17.917 0.844507 -0.200707 440.848 0 0
1500 83.3538 37.9502 17.9788 0.435952 0.649433 440.749 0 0
1500 26.7994 -15.7209 17.8195 -0.479966 -0.281703 446.241 0 0
1500 92.1986 -25.6615 17.8155 0.4861 -0.463923 439.807 0 0
1500 26.8636 -48.4534 17.8027 -0.516105 -0.80062 441.149 0 0
1500 96.5345 48.3596 17.843 0.548325 0.797567 442.433 0 0
1500 26.4899 15.8028 18.0093 -0.503827 0.30782 441.689 0 0
1500 52.7545 -31.2168 17.851 -0.052665 -0.557762 441.134 0 0
1500 48.8843 -1.60308 17.8593 -0.101284 -0.0874232 448.467 0 0
1500 34.9293 43.6461 17.9818 -0.325432 0.740697 442.705 0 0
1500 61.5329 30.5452 17.9177 0.00399456 0.522029 441.63 0 0
1500 104.338 8.13753 17.9641 0.828941 0.089348 438.919 0 0
1500 131.061 6.27205 18.0028 1.20601 0.160618 441.434 0 0
1500 73.2175 -18.3316 18.144 0.330471 -0.339137 441.832 0 0
1500 74.6423 9.71942 18.2343 0.332404 0.171915 451.19 0 0
1500 103.927 -56.4558 18.0059 0.845138 -0.911124 439.401 0 0
1500 106.265 -37.3935 17.8026 0.76543 -0.543798 447.766 0 0
1500 97.1465 -54.1915 17.798 0.642397 -0.796985 446.837 0 0
1500 123.363 -6.84355 17.8341 1.00273 -0.153552 447.167 0 0
1500 64.584 -47.2234 17.8451 0.154132 -0.782347 443.626 0 0
1500 88.6864 -55.965 17.835 0.495882 -0.866699 447.378 0 0
1500 39.0353 -65.5551 17.8322 -0.229131 -1.02253 446.267 0 0
1500 73.4231 -58.2261 17.8386 0.271681 -0.891471 448.002 0 0
1500 72.4804 -11.5225 18.5051 0.317607 -0.209313 452.486 0 0
1500 -3.29259 -2.18495 17.7995 -0.934834 -0.109278 444.548 0 0
1500 17.2999 -42.9724 17.7987 -0.620433 -0.728354 444.671 0 0
1500 94.4371 0.792108 17.8153 0.56492 -0.0655168 443.019 0 0
1500 65.1591 -24.3173 17.9679 0.096446 -0.450275 443.052 0 0
1500 21.9115 -45.4519 17.8225 -0.510675 -0.723312 450.118 0 0
1500 33.3205 -10.0498 17.839 -0.377696 -0.234484 444.453 0 0
1500 88.4957 24.677 17.839 0.510182 0.455897 444.661 0 0
1500 18.0786 -99.6178 17.8159 -0.568558 -1.5836 446.425 0 0
1500 156.542 -4.56436 17.9854 1.69394 -0.102257 442.36 0 0
1500 65.399 -17.432 18.4321 0.18264 -0.303743 455.309 0 0
1500 132.722 -25.0673 18.1796 1.32481 -0.508849 440.556 0 0
1500 5.79488 39.5284 17.8599 -0.817792 0.616531 450.811 0 0
1500 45.0789 54.8383 17.866 -0.255231 0.875381 448.025 0 0
1500 -4.11282 20.2288 17.8603 -0.960703 0.334507 450.924 0 0
1500 101.911 30.956 18.1757 0.716926 0.536515 449.185 0 0
1500 78.241 -15.4738 17.9093 0.398561 -0.2221 446.764 0 0
1500 -2.20108 6.069 17.8248 -0.984256 0.0913636 449.417 0 0
1500 31.8566 6.63606 17.8453 -0.485664 0.103191 447.317 0 0
1500 13.5601 -41.0591 17.8585 -0.742007 -0.627913 449.434 0 0
1500 -8.29074 -0.95605 17.8546 -1.04213 -0.0217365 451.329 0 0
1500 109.161 28.2779 17.8454 0.796246 0.446388 453.123 0 0
1500 123.032 12.2979 17.8384 1.0181 0.221774 451.578 0 0
1500 67.9531 51.4976 17.8481 0.217539 0.830316 448.898 0 0
1500 93.022 19.03 17.8575 0.554421 0.307993 454.38 0 0
1500 99.2451 10.7421 17.8562 0.643284 0.191369 454.263 0 0
1500 118.079 24.6951 17.8396 0.93884 0.401115 452.049 0 0
1500 65.1297 13.592 17.866 0.178303 0.256317 447.453 0 0
1500 64.3995 7.54602 18.2527 0.185854 0.184596 448.944 0 0
1500 -0.86753 11.4378 17.805 -0.938188 0.235817 449.706 0 0
1500 8.47597 59.8576 17.9463 -0.782359 0.958077 450.074 0 0
1500 56.7709 55.5156 17.8523 0.0411488 0.896273 449.731 0 0
1500 34.0478 21.5983 17.9763 -0.379553 0.405366 449.474 0 0
1500 66.6403 3.02196 18.0474 0.108139 -0.01013 449.227 0 0
1500 32.3065 -43.1239 17.8196 -0.428173 -0.665529 454.449 0 0
1500 16.4092 -2.35616 17.8251 -0.650894 -0.0775514 455.118 0 0
1500 80.6789 -47.119 17.8186 0.28319 -0.762364 450.871 0 0
1500 92.3618 -14.8071 18.0974 0.626565 -0.191773 450.822 0 0
1500 28.7434 -39.3269 17.8715 -0.518932 -0.617829 450.753 0 0
1500 1.77404 -12.4331 17.838 -0.886149 -0.224561 453.496 0 0
1500 33.2688 -40.105 17.8442 -0.436257 -0.651978 451.387 0 0
1500 70.0822 63.8733 17.8417 0.16335 1.02432 452.616 0 0
1500 86.0012 -40.4552 17.8215 0.404639 -0.646077 456.012 0 0
1500 97.3148 -12.4818 17.8251 0.616068 -0.270331 450.249 0 0
1500 80.252 -56.6392 17.8126 0.327839 -0.889799 454.944 0 0
1500 107.168 30.7376 17.9154 0.816133 0.50446 452.605 0 0
1500 94.8881 34.1632 17.9236 0.593058 0.52267 456.848 0 0
1500 129.686 -45.4387 17.8619 1.17342 -0.678354 451.786 0 0
1500 95.747 -34.5313 17.8521 0.565282 -0.612113 450.537 0 0
1500 59.325 -29.2261 18.1491 0.067174 -0.526207 451.608 0 0
1500 57.9039 -18.6125 18.3012 0.00753505 -0.338837 452.654 0 0
1500 50.322 -48.074 17.8354 -0.145737 -0.744249 457.988 0 0
1500 5.23455 8.89172 17.8157 -0.797976 0.184676 457.767 0 0
1500 66.5959 22.2667 17.8295 0.0856388 0.411309 451.697 0 0
1500 41.967 -48.1475 17.8326 -0.294295 -0.796628 453.637 0 0
1500 130.726 -31.5061 17.9693 1.17593 -0.593627 449.625 0 0
1500 57.0029 19.7723 17.973 -0.0200516 0.341185 460.47 0 0
1500 95.443 128.717 17.924 0.685235 2.17912 449.725 0 0
1500 197.377 -17.6541 17.8168 2.17033 -0.209705 455.344 0 0
1500 33.9781 13.5109 17.9783 -0.377193 0.307384 449.292 0 0
1500 112.554 46.926 17.9026 0.9351 0.709899 454.275 0 0
1500 73.3298 -80.4245 17.8524 0.294798 -1.29251 456.029 0 0
1500 64.268 33.0995 17.9446 0.104661 0.533159 463.82 0 0
1500 93.9914 23.0516 18.1231 0.609797 0.421307 458.489 0 0
1500 3.48884 20.939 17.8369 -0.891783 0.351883 459.238 0 0
1500 104.809 -6.36743 18.0143 0.786143 -0.0390532 459.352 0 0
1500 45.2646 23.2538 17.8407 -0.277284 0.352751 457.795 0 0
1500 46.3839 75.2331 18.103 -0.200678 1.29508 455.79 0 0
1500 96.6547 54.6529 18.1513 0.775314 1.01594 452.273 0 0
1500 86.5256 48.7704 17.8755 0.529557 0.837982 458.547 0 0
1500 80.5009 31.9855 18.2646 0.451967 0.632262 457.055 0 0
1500 96.0115 27.02 17.9359 0.668825 0.392713 465.556 0 0
1500 97.2563 -24.4315 18.0585 0.637828 -0.379661 471.943 0 0
1500 -3.11077 -1.51144 17.8248 -0.979692 0.0187006 468.132 0 0
1500 39.9332 61.3933 17.824 -0.325741 0.939548 469.772 0 0
1500 51.3537 -30.7832 17.8796 -0.141736 -0.478285 473.349 0 0
1500 -3.54697 62.7481 18.2286 -1.15658 1.10439 458.885 0 0
1500 97.0556 -46.8531 18.1049 0.693069 -0.853045 463.259 0 0
1500 111.38 -6.70808 17.9874 0.845944 -0.082572 473.394 0 0
1500 72.8988 25.7104 18.0012 0.295014 0.370397 474.666 0 0
1500 121.555 9.20608 17.9892 1.01946 0.18266 471.062 0 0
1500 76.746 23.1514 17.9737 0.234186 0.386598 466.94 0 0
1500 1.25426 56.4504 17.8009 -0.85853 0.9016 472.702 0 0
1500 73.1918 -41.7233 17.9489 0.320932 -0.66279 471.017 0 0
1500 96.38 -4.8879 17.8674 0.628089 -0.00444959 470.766 0 0
1500 84.4077 46.2533 17.8563 0.435671 0.77521 471.802 0 0
1500 119.658 25.1104 17.8488 0.932632 0.434111 474.643 0 0
1500 104.289 -51.1241 17.8151 0.662781 -0.79343 478.638 0 0
1500 127.983 -0.409744 17.925 1.18206 0.0574431 473.578 0 0
1500 13.6932 35.1238 17.8308 -0.699422 0.632242 475.728 0 0
1500 14.4445 32.5207 17.8359 -0.68063 0.539198 480.431 0 0
1500 52.3362 54.2551 17.8131 -0.0424193 0.834057 484.108 0 0
1500 88.0097 90.8693 17.9292 0.560453 1.47316 477.02 0 0
1500 39.316 13.6833 17.8779 -0.263001 0.261098 486.14 0 0
1500 92.9822 41.1252 17.86 0.531659 0.703257 480.203 0 0
