Total number of secondary electrons: 1553
1500 77.95 6.06929 17.1566 0.5423 0.118657 270.842 0 0
1500 115.939 -10.9649 17.0227 1.27892 -0.174273 274.949 0 0
1500 90.6208 -8.49115 14.8308 0.565285 -0.106083 283.118 0 0
1500 109.324 -8.69311 14.7586 0.808483 -0.107247 284.205 0 0
1500 86.6714 15.1317 16.6627 0.695982 0.271956 286.496 0 0
1500 101.612 25.4347 16.3938 1.00288 0.524484 286.533 0 0
1500 89.9199 4.07476 16.1844 0.689374 0.0946493 290.806 0 0
1500 89.0797 -2.25621 16.2107 0.603822 0.00589186 298.913 0 0
1500 94.4086 -9.90288 15.4211 0.649864 -0.154941 298.952 0 0
1500 59.7011 -20.4525 15.4034 0.0780534 -0.303214 300.93 0 0
1500 100.089 -1.93018 15.2632 0.665871 -0.0711553 304.911 0 0
1500 100.206 -109.501 14.556 0.613223 -1.46406 305.326 0 0
1500 102.379 -46.04 16.1946 0.812369 -0.812853 307.43 0 0
1500 93.0004 -22.9297 15.8318 0.619145 -0.348761 307.688 0 0
1500 84.8858 -16.6092 16.1844 0.513953 -0.226251 307.887 0 0
1500 86.2004 6.08962 15.7319 0.490516 0.037776 308.564 0 0
1500 87.0489 4.07098 16.23 0.54504 -0.00472561 311.127 0 0
1500 86.0845 -13.6579 15.6121 0.475803 -0.163738 312.956 0 0
1500 82.7932 -15.2404 16.6515 0.509747 -0.227808 314.31 0 0
1500 -18.6027 -6.87834 15.261 -0.968882 -0.068717 315.571 0 0
1500 30.7915 15.8429 15.5065 -0.358135 0.229758 316.607 0 0
1500 65.4808 41.7302 15.497 0.091751 0.515578 317.237 0 0
1500 83.3492 0.90483 17.4237 0.561178 0.01014 317.447 0 0
1500 27.2549 6.67871 15.41 -0.383913 0.147717 317.689 0 0
1500 -24.097 -11.5876 15.382 -1.01663 -0.109607 317.825 0 0
1500 10.0776 8.25963 15.4317 -0.631209 0.131683 318.744 0 0
1500 38.6386 55.4288 15.4444 -0.282278 0.700411 319.276 0 0
1500 89.173 -39.0952 15.6877 0.456682 -0.478502 321.958 0 0
1500 71.2067 21.4506 16.5372 0.254413 0.298436 322.285 0 0
1500 104.278 30.9903 16.6593 0.851726 0.522991 322.437 0 0
1500 99.0984 -4.22745 17.2396 0.712215 -0.078409 322.65 0 0
1500 79.2276 18.6552 17.3102 0.428563 0.276419 322.821 0 0
1500 55.7144 -88.0255 15.7952 0.0259833 -1.24298 323.082 0 0
1500 92.9116 13.5815 17.4141 0.649698 0.187891 323.723 0 0
1500 17.6954 25.4643 15.8906 -0.523537 0.328505 324.28 0 0
1500 80.8459 2.79713 17.095 0.477914 0.0701163 324.29 0 0
1500 84.1625 22.4583 15.849 0.301489 0.333112 325.266 0 0
1500 117.176 -19.7554 16.8037 0.987878 -0.316113 325.62 0 0
1500 61.403 -11.2391 16.6213 0.0760861 -0.125965 326.594 0 0
1500 83.0988 -38.2847 16.3408 0.365377 -0.519129 327.41 0 0
1500 -11.7774 -9.75067 16.0023 -0.89041 -0.144036 327.789 0 0
1500 81.25 -0.0183728 17.4664 0.510989 0.0118498 327.921 0 0
1500 62.7247 -9.73723 16.5709 0.0785681 -0.109658 327.962 0 0
1500 79.4382 -10.5039 16.0344 0.333042 -0.164626 328.212 0 0
1500 78.6049 13.245 17.6282 0.466337 0.270301 328.505 0 0
1500 59.4968 14.0756 16.5814 0.0416895 0.167172 328.649 0 0
1500 73.6949 5.82538 16.7896 0.270508 0.111054 329.245 0 0
1500 91.6614 -44.8852 16.0461 0.480325 -0.591327 329.5 0 0
1500 97.0513 19.2271 16.9992 0.725884 0.389039 329.579 0 0
1500 84.5581 35.7815 16.2602 0.384177 0.501607 329.818 0 0
1500 80.5964 0.160039 17.6401 0.461186 -0.0289614 329.857 0 0
1500 79.723 1.01794 16.8674 0.421747 0.0417544 330.094 0 0
1500 85.154 -59.2474 16.0536 0.396027 -0.76482 330.114 0 0
1500 86.7892 -7.70898 16.8709 0.50393 -0.0611284 330.303 0 0
1500 134.811 -14.9226 16.3656 1.19093 -0.224358 330.338 0 0
1500 77.5135 8.13985 17.0089 0.39921 0.138388 330.411 0 0
1500 77.2495 12.3911 16.7748 0.327077 0.212108 330.828 0 0
1500 89.7112 -13.6613 17.4187 0.595654 -0.246936 330.841 0 0
1500 95.4308 -12.4595 16.881 0.607869 -0.172754 332.38 0 0
1500 71.8432 22.6329 16.518 0.269804 0.332741 332.345 0 0
1500 79.0705 4.48923 17.4338 0.471859 0.0587123 332.641 0 0
1500 122.448 64.683 16.6225 1.01554 1.08895 333.205 0 0
1500 187.632 -154.322 16.5339 2.06307 -2.41485 333.348 0 0
1500 5.0752 -13.2008 16.4191 -0.736319 -0.215146 333.405 0 0
1500 55.4661 52.925 16.4695 -0.0789268 0.78096 333.426 0 0
1500 127.343 60.5917 16.3291 0.989004 0.812885 333.453 0 0
1500 87.1141 44.4948 16.6331 0.399867 0.660292 334.215 0 0
1500 105.979 -3.25674 17.7387 0.846846 -0.0578414 334.289 0 0
1500 103.57 -13.7391 16.2332 0.584387 -0.243889 334.491 0 0
1500 41.7846 -35.0765 16.325 -0.203542 -0.520754 334.52 0 0
1500 1.80776 -53.0239 16.4175 -0.773226 -0.765221 334.589 0 0
1500 74.8257 -9.3516 17.1833 0.284384 -0.147852 334.653 0 0
1500 95.4664 20.5205 16.4794 0.568867 0.285345 334.713 0 0
1500 98.498 16.3876 16.4821 0.607299 0.232263 334.764 0 0
1500 159.131 36.6994 16.4221 1.44537 0.482365 334.795 0 0
1500 24.2594 -40.7571 16.2569 -0.446613 -0.592531 334.94 0 0
1500 89.4934 -69.8979 16.5042 0.449259 -0.979365 334.973 0 0
1500 144.532 -9.59241 16.5979 1.36058 -0.148382 335.073 0 0
1500 129.016 32.5929 16.3127 0.936664 0.475492 335.148 0 0
1500 124.568 -61.0295 16.3041 0.924229 -0.842722 335.309 0 0
1500 89.9114 8.47088 17.5433 0.582814 0.137348 335.582 0 0
1500 85.6218 -13.6171 17.5531 0.506896 -0.217429 335.738 0 0
1500 39.8872 -52.3691 16.6787 -0.260567 -0.851056 335.779 0 0
1500 116.546 60.2414 16.3202 0.79975 0.738898 335.884 0 0
1500 82.8673 -1.98647 18.0703 0.521018 -0.07594 336.022 0 0
1500 89.8276 33.9089 17.2548 0.608666 0.620628 336.277 0 0
1500 97.5927 -29.9569 17.592 0.802565 -0.559954 338.081 0 0
1500 44.3012 16.393 16.9926 -0.177721 0.256845 338.247 0 0
1500 129.1 8.87658 16.5169 0.96473 0.0778054 338.733 0 0
1500 43.991 20.261 16.5849 -0.202752 0.254498 338.742 0 0
1500 87.196 -0.970955 16.7547 0.486684 0.00354028 339.141 0 0
1500 53.9149 -4.50642 16.5933 -0.0263474 -0.122825 339.224 0 0
1500 75.8844 59.7104 17.2745 0.365518 1.03732 339.223 0 0
1500 74.7481 -79.5055 16.576 0.28397 -1.06619 339.716 0 0
1500 37.6082 -6.75278 16.9175 -0.309957 -0.082573 339.691 0 0
1500 60.2477 7.13331 16.8311 0.00427362 0.126208 339.758 0 0
1500 105.062 1.40529 16.9226 0.745687 0.0669177 340.427 0 0
1500 113.56 40.3091 16.648 0.78803 0.534518 340.54 0 0
1500 94.9417 -12.3965 18.5364 0.721488 -0.179172 341.028 0 0
1500 96.778 -68.985 16.664 0.506352 -0.901268 341.127 0 0
1500 88.6555 200.293 16.6878 0.36273 2.75479 341.463 0 0
1500 69.7384 -18.5025 17.0449 0.200069 -0.310143 341.603 0 0
1500 67.6031 -8.28913 16.9848 0.137461 -0.17116 341.867 0 0
1500 114.184 2.17022 17.0754 0.828018 0.0549332 341.962 0 0
1500 98.2048 -13.0011 17.0686 0.571277 -0.235666 342.202 0 0
1500 87.9543 -31.8274 16.8473 0.399533 -0.488869 342.245 0 0
1500 20.2882 -31.1785 16.8562 -0.501251 -0.478782 342.47 0 0
1500 35.6168 6.49362 16.7524 -0.366331 0.0616568 342.468 0 0
1500 83.4057 -8.67028 17.6467 0.432337 -0.0910401 342.56 0 0
1500 93.5349 -45.5648 17.3955 0.582326 -0.727821 342.71 0 0
1500 96.4996 -4.64288 18.2075 0.70335 -0.0331141 343.103 0 0
1500 41.2472 -72.5974 16.7867 -0.185726 -0.980506 343.418 0 0
1500 94.5145 -18.8568 17.347 0.561643 -0.340295 343.41 0 0
1500 114.001 4.74485 18.3138 1.15489 0.0653608 343.512 0 0
1500 87.178 14.9494 18.246 0.596298 0.234415 343.521 0 0
1500 33.6688 50.3923 16.794 -0.386947 0.649362 343.588 0 0
1500 85.1676 -1.30611 17.4488 0.488068 0.0243689 344.192 0 0
1500 91.3511 5.28802 17.3539 0.558982 0.108461 344.316 0 0
1500 68.1603 -5.46548 17.4448 0.19103 -0.116508 344.812 0 0
1500 93.4405 -23.2958 17.474 0.56756 -0.360019 344.84 0 0
1500 80.4555 13.2544 18.3736 0.444984 0.174304 345.323 0 0
1500 46.083 -103.894 17.037 -0.194352 -1.50414 345.688 0 0
1500 57.8681 6.08531 17.8554 0.0616878 0.081366 345.858 0 0
1500 15.4224 -77.6443 16.8753 -0.548469 -1.05892 346.033 0 0
1500 62.308 2.7263 17.8693 0.137556 -0.0159395 346.208 0 0
1500 34.6681 35.0688 17.0744 -0.401942 0.581269 346.401 0 0
1500 -16.94 -13.1583 16.9146 -1.02604 -0.195261 346.46 0 0
1500 76.9246 -13.3631 17.1935 0.317425 -0.241679 346.703 0 0
1500 90.4321 -9.07344 17.203 0.536697 -0.132681 346.775 0 0
1500 81.4854 -18.1419 17.199 0.378094 -0.305463 346.878 0 0
1500 85.8727 4.44685 17.4883 0.464416 0.117112 346.944 0 0
1500 75.1862 70.6875 17.0677 0.264367 1.07313 347.294 0 0
1500 117.987 -69.9227 17.2963 0.975421 -1.0677 347.379 0 0
1500 107.95 5.99718 17.2289 0.764026 0.068945 347.542 0 0
1500 95.4523 -27.5856 17.2211 0.561133 -0.428781 347.546 0 0
1500 95.558 15.2426 17.5523 0.594997 0.260368 347.64 0 0
1500 83.027 -17.3391 17.4598 0.397825 -0.312276 347.623 0 0
1500 130.82 -23.591 17.0069 0.98432 -0.35603 347.759 0 0
1500 75.7498 -13.536 18.7256 0.430154 -0.362305 348.271 0 0
1500 48.3371 -6.20442 17.6147 -0.116176 -0.089215 348.724 0 0
1500 49.7622 8.18087 17.6789 -0.086336 0.126549 348.824 0 0
1500 57.7496 11.6305 17.1394 -0.048465 0.201893 348.985 0 0
1500 59.4761 -3.61334 17.6022 0.0268801 -0.0499794 349.201 0 0
1500 91.907 11.4264 17.313 0.548274 0.226325 349.469 0 0
1500 70.1367 2.85137 17.2765 0.256515 0.0207676 349.887 0 0
1500 88.1463 -12.614 18.5931 0.63442 -0.178027 350.103 0 0
1500 28.4541 21.9623 17.2121 -0.446264 0.267198 350.148 0 0
1500 87.2873 22.8934 17.2415 0.392088 0.374891 350.524 0 0
1500 94.3504 -11.2315 17.6937 0.619624 -0.141811 351.143 0 0
1500 82.4425 -22.8299 17.3007 0.41771 -0.334971 351.201 0 0
1500 73.8499 -15.1565 18.6179 0.372242 -0.242145 351.433 0 0
1500 31.4321 5.35418 17.4979 -0.448387 0.0546079 351.403 0 0
1500 103.874 -1.30532 17.8199 0.74337 -0.0481979 351.549 0 0
1500 64.7248 -19.6131 17.9201 0.143427 -0.300555 351.653 0 0
1500 71.1622 -54.3579 17.4105 0.177129 -0.83047 351.812 0 0
1500 -137.28 206.278 17.1912 -2.83193 2.91279 351.881 0 0
1500 115.485 -3.5637 17.3388 0.852535 -0.0716544 352.466 0 0
1500 132.257 29.7837 17.3841 1.14039 0.396792 352.651 0 0
1500 83.2904 1.24629 18.3113 0.468108 0.0287313 352.694 0 0
1500 74.8341 -15.2195 18.0374 0.335104 -0.21236 352.745 0 0
1500 82.6032 11.8222 17.7464 0.400595 0.174557 352.754 0 0
1500 97.769 46.5984 17.4487 0.579737 0.71744 352.855 0 0
1500 44.9435 -2.44345 17.3781 -0.227102 -0.0196012 352.929 0 0
1500 80.8304 6.27994 17.4258 0.356226 0.153385 353.133 0 0
1500 100.072 5.53579 18.4234 0.748961 0.0883707 353.203 0 0
1500 29.4509 8.28616 17.3861 -0.439427 0.12826 353.263 0 0
1500 74.1171 25.4182 18.1851 0.289512 0.435958 353.359 0 0
1500 40.8896 30.0015 17.3889 -0.281439 0.426647 353.379 0 0
1500 52.5059 32.909 17.4323 -0.0330738 0.517622 353.396 0 0
1500 43.8192 -1.81511 17.7243 -0.168519 -0.0230819 353.511 0 0
1500 48.6069 30.1281 17.5798 -0.109078 0.447366 353.492 0 0
1500 60.5965 30.4215 17.5787 0.047125 0.451375 353.46 0 0
1500 62.7993 -3.49563 17.3491 0.0122346 -0.0319146 353.577 0 0
1500 67.2714 33.2654 17.5883 0.133635 0.4867 353.734 0 0
1500 131.822 38.2836 17.4407 1.11474 0.589851 353.89 0 0
1500 82.2048 -11.4109 17.8752 0.381943 -0.187911 354.159 0 0
1500 89.2534 27.3421 17.3711 0.510033 0.398969 354.227 0 0
1500 125.369 22.6949 17.2571 0.964144 0.293986 354.295 0 0
1500 55.4445 -11.2157 17.3696 -0.0905252 -0.131121 354.448 0 0
1500 52.8758 31.5535 17.4367 -0.108618 0.473669 354.461 0 0
1500 69.7771 7.78139 17.8849 0.292711 0.146232 354.492 0 0
1500 54.2322 -17.1098 17.4186 -0.0127796 -0.26329 354.618 0 0
1500 99.9198 -57.7522 17.276 0.580399 -0.77191 354.803 0 0
1500 72.799 -15.2438 18.2662 0.247046 -0.224748 354.846 0 0
1500 -1.32187 -23.6042 17.3007 -0.872461 -0.396648 354.878 0 0
1500 115.533 -9.89886 17.3968 0.860162 -0.112309 355.219 0 0
1500 79.4756 -6.68125 17.5685 0.314295 -0.135313 355.557 0 0
1500 57.6665 14.0852 17.568 -0.0394711 0.16927 355.503 0 0
1500 1.4607 17.5389 17.4151 -0.82438 0.218803 355.728 0 0
1500 88.1103 33.5982 17.3514 0.461635 0.530764 355.75 0 0
1500 61.6023 -49.3784 17.7156 0.0638008 -0.790903 355.718 0 0
1500 1.28609 28.2587 17.4033 -0.823184 0.400123 355.818 0 0
1500 24.2057 20.5103 17.4492 -0.517205 0.244945 356.18 0 0
1500 65.2185 -9.12279 17.8296 0.191584 -0.188888 356.244 0 0
1500 55.5885 -16.0956 17.772 -0.0243399 -0.272258 356.284 0 0
1500 106.397 7.72438 17.8213 0.77834 0.0947224 356.445 0 0
1500 75.8531 10.0057 18.2156 0.405875 0.168838 356.558 0 0
1500 75.1584 12.891 18.216 0.396641 0.206805 356.574 0 0
1500 76.3773 4.53392 18.1135 0.381545 0.118649 356.695 0 0
1500 69.2417 12.5869 18.4824 0.243382 0.198449 356.725 0 0
1500 80.7293 43.2124 17.5572 0.307935 0.659134 356.729 0 0
1500 107.456 -18.1813 17.5846 0.774978 -0.228586 356.766 0 0
1500 61.0239 -18.029 18.0437 0.0986644 -0.302401 356.793 0 0
1500 73.6202 20.8055 18.1168 0.34392 0.335792 356.85 0 0
1500 75.55 4.57245 18.811 0.422377 0.055559 356.902 0 0
1500 79.2042 62.3721 17.388 0.329514 0.913563 357.339 0 0
1500 56.7813 -12.3072 18.1192 0.0177109 -0.187676 357.437 0 0
1500 109.884 29.3314 17.845 0.866201 0.457028 357.569 0 0
1500 50.2329 -38.2025 17.6309 -0.145398 -0.673157 357.536 0 0
1500 100.135 36.8082 17.404 0.600747 0.589798 357.641 0 0
1500 113.983 41.2582 17.4016 0.800513 0.619797 357.856 0 0
1500 -0.82784 -33.8846 17.3505 -0.815576 -0.537502 357.809 0 0
1500 79.2909 -62.9025 17.3519 0.291688 -0.937857 357.868 0 0
1500 82.6048 65.3369 17.4037 0.373068 0.946454 357.936 0 0
1500 40.1005 -24.3734 17.6251 -0.268441 -0.401656 357.986 0 0
1500 68.3083 3.41105 17.9785 0.248126 0.0506298 358.038 0 0
1500 90.7932 3.80086 18.3636 0.578772 0.122718 358.09 0 0
1500 42.2624 6.30486 17.7769 -0.243119 0.0980498 358.142 0 0
1500 90.98 -3.31475 17.7 0.575457 -0.110166 358.167 0 0
1500 116.527 30.7332 17.6504 0.905259 0.527213 358.445 0 0
1500 129.925 16.0179 17.4223 1.0073 0.273535 358.598 0 0
1500 76.3746 -13.0884 18.1773 0.304402 -0.228271 358.944 0 0
1500 112.331 43.3497 17.4384 0.793898 0.637923 359.04 0 0
1500 71.7766 -43.6784 17.8074 0.279105 -0.720232 359.159 0 0
1500 85.5658 -39.126 18.3472 0.510274 -0.773186 359.18 0 0
1500 104.738 56.4205 17.4413 0.662272 0.810937 359.234 0 0
1500 63.9825 10.0577 17.7264 0.0546914 0.164078 359.244 0 0
1500 36.607 -69.7925 17.3996 -0.309922 -0.993604 359.343 0 0
1500 -5.1952 -39.8411 17.3969 -0.855227 -0.605178 359.562 0 0
1500 69.0234 -27.2318 17.8321 0.217953 -0.547097 359.59 0 0
1500 97.8678 -15.6789 17.7279 0.668281 -0.20487 359.635 0 0
1500 74.7543 11.5143 18.0746 0.286208 0.227952 359.711 0 0
1500 62.4639 -11.0631 17.7437 0.0309151 -0.150043 359.792 0 0
1500 80.9074 58.3153 17.9052 0.454745 1.06674 359.792 0 0
1500 83.5047 -0.0464893 18.3749 0.485654 -0.0661413 360 0 0
1500 70.8985 15.7118 17.7807 0.157412 0.243374 360.23 0 0
1500 58.5063 4.26349 18.1311 0.0281572 0.0419935 360.384 0 0
1500 18.4071 -55.9156 17.4414 -0.54355 -0.79526 360.596 0 0
1500 73.8245 11.6371 18.1066 0.349093 0.217414 360.614 0 0
1500 93.0173 59.3849 17.4902 0.495797 0.833883 360.729 0 0
1500 81.5137 15.0675 18.2464 0.459641 0.267691 360.882 0 0
1500 87.4523 -5.575 18.1095 0.537467 -0.0228473 360.869 0 0
1500 78.7804 -36.5386 17.5281 0.364674 -0.57191 360.9 0 0
1500 75.1492 4.24694 17.4533 0.314889 0.0770193 360.959 0 0
1500 98.6599 9.38195 17.5008 0.588095 0.147714 361.027 0 0
1500 95.0193 -34.189 17.5115 0.507713 -0.547735 361.092 0 0
1500 47.6264 -22.6635 17.6825 -0.150238 -0.395041 361.09 0 0
1500 49.9364 -50.911 17.5322 -0.0523346 -0.775582 361.28 0 0
1500 -32.4505 -51.2994 17.7858 -1.52401 -0.815936 361.257 0 0
1500 82.8445 1.57069 18.0177 0.466175 -0.0245194 361.339 0 0
1500 57.0624 58.8425 17.5828 0.0394945 0.916077 361.348 0 0
1500 73.313 -30.3092 17.7117 0.266637 -0.564641 361.411 0 0
1500 62.6657 -7.55942 17.9381 0.163036 -0.108717 361.478 0 0
1500 100.845 8.9987 18.0955 0.72231 0.141394 361.786 0 0
1500 53.1152 57.6418 17.9619 -0.0280973 0.985931 361.978 0 0
1500 93.3822 -22.0507 17.6536 0.594616 -0.347122 362.038 0 0
1500 102.773 47.6797 17.5688 0.632173 0.742518 362.413 0 0
1500 70.0043 63.1475 17.5688 0.169984 0.960626 362.417 0 0
1500 79.1955 -16.1215 18.0903 0.445445 -0.240476 362.547 0 0
1500 61.3086 12.1018 17.9244 0.0437813 0.216165 362.362 0 0
1500 68.0202 -11.8051 17.8844 0.212702 -0.23916 362.578 0 0
1500 83.0051 8.7136 18.616 0.539027 0.0894962 362.693 0 0
1500 110.065 67.8551 17.7965 0.857618 1.0998 362.706 0 0
1500 123.195 -11.4523 17.5543 0.97968 -0.203261 362.844 0 0
1500 59.794 72.3909 17.5686 0.0893272 1.12931 362.898 0 0
1500 58.1839 10.9286 17.8897 -0.0310626 0.171798 362.948 0 0
1500 89.5874 62.9925 17.6625 0.567151 0.994626 363.032 0 0
1500 79.2083 -2.24822 18.1878 0.375693 0.0105 363.127 0 0
1500 59.5319 15.456 17.7791 0.000347416 0.27347 363.171 0 0
1500 83.4019 18.3752 18.4258 0.527487 0.288562 363.209 0 0
1500 -2.89099 12.8549 17.5903 -0.923803 0.159155 363.345 0 0
1500 111.599 -2.47984 17.7118 0.893073 -0.00794598 363.407 0 0
1500 15.5956 5.1991 17.677 -0.707414 0.0385095 363.437 0 0
1500 79.0323 6.50013 17.703 0.343379 0.0820032 363.608 0 0
1500 112.219 44.4404 17.5024 0.790544 0.642621 363.585 0 0
1500 60.8707 -22.5895 17.5396 0.0344873 -0.352605 363.71 0 0
1500 85.0405 -8.2763 17.6009 0.46607 -0.083356 363.814 0 0
1500 115.306 38.1693 17.5106 0.828966 0.554957 363.902 0 0
1500 71.2405 -4.88881 17.8494 0.258513 -0.0664987 364.041 0 0
1500 97.7701 1.05316 17.6658 0.689946 0.0274228 364.222 0 0
1500 111.036 25.0688 17.7842 0.827381 0.40575 364.296 0 0
1500 174.815 66.9926 18.3128 2.3209 1.29635 364.292 0 0
1500 116.774 58.5347 17.5554 0.819785 0.865072 364.367 0 0
1500 51.779 57.8069 17.5961 -0.0980536 0.823001 364.375 0 0
1500 31.9042 -12.7471 17.5992 -0.453666 -0.186553 364.46 0 0
1500 104.105 7.29865 18.2174 0.787196 0.137839 365.003 0 0
1500 68.3023 52.1851 17.6089 0.216742 0.791721 364.918 0 0
1500 107.25 -23.756 17.8687 0.817099 -0.41509 365.035 0 0
1500 55.7771 12.8706 18.3934 0.0357157 0.207892 365.543 0 0
1500 29.2507 58.2938 17.5568 -0.358834 0.845092 365.597 0 0
1500 85.6003 -4.36446 18.4045 0.559327 -0.0402 365.613 0 0
1500 0.984251 2.08344 17.5466 -0.897231 0.0118277 365.638 0 0
1500 122.061 19.945 17.6057 0.91923 0.343095 365.723 0 0
1500 50.7848 8.18393 17.8444 -0.164196 0.0865349 365.725 0 0
1500 104.991 -32.6873 17.9793 0.770464 -0.609016 365.699 0 0
1500 85.0351 33.9408 17.5465 0.427806 0.47331 365.824 0 0
1500 35.101 14.8823 17.8674 -0.362887 0.185118 365.832 0 0
1500 113.7 -7.90203 17.6883 0.879552 -0.0858315 365.965 0 0
1500 67.4612 -26.0304 17.89 0.234534 -0.4238 366.113 0 0
1500 47.4297 2.75997 17.9733 -0.177657 0.0644731 366.148 0 0
1500 94.2724 -14.1091 17.5938 0.526413 -0.146314 366.386 0 0
1500 93.6279 4.90217 18.6218 0.687947 0.0416639 366.348 0 0
1500 107.619 -29.6046 17.6378 0.765741 -0.484968 366.682 0 0
1500 81.3165 0.419099 17.9123 0.394397 0.0197963 366.979 0 0
1500 62.6491 4.17586 17.6055 0.111349 0.0909003 366.978 0 0
1500 80.5596 68.9647 17.6195 0.331142 1.02356 366.882 0 0
1500 66.3226 -29.3728 18.0261 0.169504 -0.493588 366.793 0 0
1500 93.0542 -20.113 17.6322 0.50616 -0.371435 366.93 0 0
1500 115.451 34.0812 17.8235 0.931248 0.57961 366.942 0 0
1500 -0.0144953 20.4113 17.5742 -0.907043 0.259854 367.169 0 0
1500 189.562 6.31899 17.6034 2.01503 0.0351299 367.246 0 0
1500 -1.10926 31.3151 17.6416 -0.893199 0.482899 367.424 0 0
1500 104.431 -42.088 17.6041 0.679628 -0.678688 367.369 0 0
1500 81.5113 3.14726 18.3734 0.498416 0.0174261 367.602 0 0
1500 103.345 -8.46286 17.7686 0.751688 -0.107495 367.528 0 0
1500 63.2455 -9.48768 17.7171 0.10186 -0.214462 367.546 0 0
1500 69.5148 42.2635 18.0988 0.260671 0.742668 367.529 0 0
1500 77.4447 36.1646 17.7984 0.276857 0.673715 367.579 0 0
1500 100.76 -35.4419 17.6613 0.673034 -0.491164 367.736 0 0
1500 5.49041 -34.971 17.6938 -0.812579 -0.582988 367.713 0 0
1500 40.6816 -14.8298 17.7392 -0.297838 -0.167658 367.765 0 0
1500 97.3787 -9.94666 18.2009 0.702337 -0.115763 367.791 0 0
1500 103.728 30.1987 17.7006 0.711871 0.504163 367.902 0 0
1500 69.1102 4.38662 18.5603 0.236265 0.142565 367.924 0 0
1500 85.8527 -1.39532 17.9043 0.566742 -0.0268248 367.909 0 0
1500 66.7142 -34.5232 17.6791 0.172512 -0.492516 367.95 0 0
1500 70.2549 -11.5538 18.079 0.27044 -0.152461 368.066 0 0
1500 100.879 3.77526 18.347 0.752669 0.0111264 368.137 0 0
1500 60.1555 -20.6835 18.329 0.126016 -0.367513 368.165 0 0
1500 31.3545 8.79676 18.0681 -0.441045 0.174713 368.162 0 0
1500 118.535 3.89893 17.7031 0.922494 0.120284 368.283 0 0
1500 63.9785 -29.3412 17.7133 0.0680109 -0.446694 368.355 0 0
1500 -11.2917 8.81932 17.5873 -1.0337 0.104982 368.375 0 0
1500 43.8359 -25.0039 17.9536 -0.188126 -0.439706 368.426 0 0
1500 57.64 54.1176 17.892 -0.0578337 0.878294 368.843 0 0
1500 66.176 33.8836 18.0561 0.0902249 0.56225 368.836 0 0
1500 49.6599 4.39709 17.7427 -0.189451 0.052229 368.996 0 0
1500 63.3548 15.8066 17.7024 0.101618 0.31442 368.984 0 0
1500 109.68 27.3203 18.122 0.893187 0.510845 368.969 0 0
1500 30.0242 -39.4509 17.783 -0.395846 -0.65656 369.014 0 0
1500 70.1264 -22.3621 17.7661 0.122301 -0.340593 369.048 0 0
1500 48.7404 40.7796 17.6603 -0.135193 0.685558 369.12 0 0
1500 -7.95368 9.30165 17.6033 -1.00889 0.179875 369.244 0 0
1500 75.0904 -13.1628 17.6817 0.276532 -0.27398 369.166 0 0
1500 116.911 20.3395 18.3479 1.04157 0.38471 369.402 0 0
1500 103.143 -51.5973 17.6473 0.633016 -0.809993 369.392 0 0
1500 110.137 -0.733634 17.7255 0.82781 -0.0680961 369.411 0 0
1500 112.884 12.4576 17.726 0.865393 0.126359 369.646 0 0
1500 113.765 13.805 17.7263 0.877222 0.146008 369.734 0 0
1500 59.1148 -0.0535322 17.9034 -0.0177762 -0.0363633 369.929 0 0
1500 104.742 6.96029 18.337 0.821719 0.108649 370.25 0 0
1500 46.6293 52.1562 17.6339 -0.15479 0.833453 370.259 0 0
1500 63.9516 -41.8121 17.6548 0.0312269 -0.666663 370.327 0 0
1500 17.5984 -56.4748 17.6625 -0.584144 -0.86504 370.595 0 0
1500 107.206 37.7756 17.6699 0.738056 0.625423 370.625 0 0
1500 113.843 -11.3448 17.6797 0.844698 -0.240887 370.679 0 0
1500 56.6344 24.4731 17.7047 0.0140957 0.456012 370.676 0 0
1500 87.8878 14.4177 17.6799 0.490528 0.284738 370.789 0 0
1500 93.6007 -19.3275 17.8971 0.525905 -0.353578 370.952 0 0
1500 80.458 5.70829 18.6343 0.453678 0.0861056 370.853 0 0
1500 10.899 -31.0395 17.6852 -0.778386 -0.440409 370.877 0 0
1500 123.996 -21.5619 17.6394 0.973662 -0.361243 371.137 0 0
1500 26.6065 29.142 17.6797 -0.460544 0.51382 371.152 0 0
1500 96.2589 53.1076 17.8238 0.58276 0.948537 371.197 0 0
1500 84.2879 -40.8512 17.8963 0.384581 -0.669223 371.425 0 0
1500 113.298 -8.25612 17.6777 0.861554 -0.0579809 371.87 0 0
1500 84.3425 22.7571 18.2941 0.478737 0.495462 371.816 0 0
1500 98.1618 -1.28403 18.6152 0.74247 0.0311641 372.121 0 0
1500 81.5405 -64.5087 17.7448 0.389345 -0.970542 372.186 0 0
1500 12.5838 39.8859 17.6525 -0.634154 0.63644 372.178 0 0
1500 56.636 58.4702 17.6515 -0.00844163 0.901353 372.105 0 0
1500 115.697 -15.6417 18.1101 1.03968 -0.260672 372.369 0 0
1500 48.6829 -63.6613 17.6603 -0.0894133 -0.93955 372.404 0 0
1500 -0.615904 -35.1854 17.7492 -0.90315 -0.519799 372.493 0 0
1500 82.1593 -19.3096 17.9187 0.466667 -0.269549 372.607 0 0
1500 101.808 -30.1397 18.2289 0.73739 -0.523045 372.837 0 0
1500 61.2721 -54.8275 17.7043 0.0307867 -0.815516 372.881 0 0
1500 8.29638 1.92955 17.6677 -0.82126 0.00492306 372.998 0 0
1500 86.8076 -28.1383 18.1864 0.524244 -0.568974 372.965 0 0
1500 99.7062 -44.8281 17.7089 0.57939 -0.688038 373.044 0 0
1500 59.786 59.9877 17.7891 0.048398 1.03444 373.047 0 0
1500 70.9558 31.0849 17.7966 0.148947 0.47107 373.073 0 0
1500 99.8886 0.463102 18.3972 0.801643 -0.0262389 373.103 0 0
1500 123.379 -42.4585 17.7068 1.09604 -0.700425 373.205 0 0
1500 160.996 46.3715 17.8547 1.74009 0.70246 373.228 0 0
1500 28.7228 57.2503 17.721 -0.422623 0.91157 373.363 0 0
1500 69.0527 18.0976 18.2207 0.220931 0.294473 373.385 0 0
1500 116.846 -25.7838 17.7636 0.873902 -0.41313 373.518 0 0
1500 99.073 -16.3894 18.2369 0.741377 -0.261191 373.543 0 0
1500 110.001 32.3579 17.6675 0.823416 0.42783 373.426 0 0
1500 130.487 9.21975 17.8939 1.2615 0.20887 373.551 0 0
1500 72.2731 36.7295 17.8286 0.208801 0.559366 373.847 0 0
1500 54.9868 -18.2202 18.176 -0.0649023 -0.347079 373.761 0 0
1500 7.38037 32.5559 17.6529 -0.770281 0.512123 373.897 0 0
1500 61.9786 9.11747 17.8301 0.025671 0.195033 373.903 0 0
1500 80.1033 12.4032 18.0999 0.447309 0.222399 373.949 0 0
1500 91.3626 15.6146 18.0047 0.61171 0.242772 374.045 0 0
1500 44.5489 -48.5886 17.6897 -0.242486 -0.725986 374.146 0 0
1500 91.1113 -1.91792 18.2269 0.554131 -0.0444989 374.325 0 0
1500 57.7404 -22.4482 18.2409 -0.00600573 -0.329087 374.314 0 0
1500 5.82094 34.4234 17.7393 -0.830341 0.576139 374.243 0 0
1500 37.0429 43.0614 17.7829 -0.364367 0.713615 374.326 0 0
1500 66.5762 10.9791 17.8084 0.155853 0.20482 374.368 0 0
1500 85.2859 -42.9526 17.7555 0.48223 -0.718689 374.409 0 0
1500 72.5587 -82.8177 18.0554 0.289686 -1.43532 374.419 0 0
1500 12.8706 -48.8085 17.7347 -0.647637 -0.787425 374.6 0 0
1500 75.7871 9.98191 17.952 0.282448 0.223614 374.537 0 0
1500 88.4007 3.75213 19.1285 0.641123 0.112874 374.64 0 0
1500 110.159 -56.982 17.6738 0.824941 -0.822211 374.623 0 0
1500 30.7836 26.0462 17.8257 -0.444451 0.447911 374.616 0 0
1500 62.946 -30.9049 18.1302 0.152066 -0.529979 374.678 0 0
1500 -12.5906 51.7875 17.737 -1.07362 0.839008 374.659 0 0
1500 92.9386 58.1915 17.6946 0.511715 0.902625 374.768 0 0
1500 73.212 4.23377 18.1401 0.285918 0.107922 374.915 0 0
1500 92.0876 40.9082 18.2423 0.571862 0.719897 375.068 0 0
1500 95.0951 2.28287 17.9396 0.639584 -0.0180849 375.167 0 0
1500 124.711 2.92083 17.6656 0.999399 0.0855425 375.298 0 0
1500 50.1555 4.91415 17.9898 -0.223141 0.0785311 375.448 0 0
1500 112.684 11.3342 18.0004 0.906304 0.19543 375.71 0 0
1500 96.6985 19.5141 18.0992 0.625552 0.375979 375.775 0 0
1500 128.526 -25.6828 18.0677 1.32024 -0.501433 375.698 0 0
1500 60.9264 5.23947 18.4829 0.0193993 0.0425105 375.654 0 0
1500 104.526 -14.6864 17.9629 0.738347 -0.290203 375.804 0 0
1500 61.8004 8.21983 17.6975 0.0332934 0.199843 375.81 0 0
1500 38.4857 -42.2226 17.7405 -0.252117 -0.646977 376.057 0 0
1500 91.0279 -29.5813 17.7426 0.468504 -0.472791 376.158 0 0
1500 62.7933 34.1398 17.6901 0.0142792 0.518663 376.061 0 0
1500 66.82 -18.7777 17.8268 0.109773 -0.322906 376.048 0 0
1500 96.3474 48.1196 17.7106 0.572991 0.736722 376.058 0 0
1500 58.2928 -6.1285 18.0226 0.0491309 -0.146726 376.323 0 0
1500 71.7993 -60.1568 17.7222 0.193252 -0.960442 376.311 0 0
1500 92.7385 40.611 17.7072 0.50331 0.625104 376.739 0 0
1500 82.1277 39.6706 17.8487 0.389242 0.617693 376.785 0 0
1500 9.52972 -47.5336 17.7362 -0.764709 -0.715644 376.833 0 0
1500 7.86427 -44.863 17.7346 -0.791514 -0.679282 376.599 0 0
1500 118.254 -24.3002 17.8142 0.960102 -0.374092 376.584 0 0
1500 100.297 31.7627 18.0143 0.694198 0.532245 376.715 0 0
1500 77.3906 77.5294 17.6859 0.351073 1.18008 376.607 0 0
1500 53.3128 69.2433 17.8661 -0.0809153 1.10635 376.829 0 0
1500 127.745 31.9899 17.9098 1.16695 0.461817 376.854 0 0
1500 70.9754 -4.11435 18.1257 0.262385 -0.104103 376.877 0 0
1500 105.336 -1.64206 17.9102 0.803264 -0.0223035 376.911 0 0
1500 34.5916 -35.1264 17.9852 -0.349527 -0.587825 376.943 0 0
1500 155.599 141.701 17.7409 1.58274 2.25442 376.944 0 0
1500 104.458 1.36447 18.8351 0.868187 0.0238917 377.013 0 0
1500 91.5831 26.7714 17.9141 0.567903 0.461546 377.049 0 0
1500 78.7302 46.4926 18.0897 0.352979 0.755454 377.176 0 0
1500 95.0279 35.6264 17.7667 0.517785 0.56178 377.391 0 0
1500 45.1243 33.9293 17.8325 -0.22005 0.483492 377.44 0 0
1500 105.698 29.164 17.8811 0.799435 0.428059 377.475 0 0
1500 112.261 1.27558 17.8811 0.897072 0.0166431 377.414 0 0
1500 94.155 -4.76356 18.5795 0.648048 -0.140828 377.561 0 0
1500 81.6928 -4.7037 18.1447 0.508438 -0.116876 377.631 0 0
1500 49.4999 -26.0908 17.9743 -0.145183 -0.382634 377.829 0 0
1500 -5.75208 24.4387 17.7176 -0.963945 0.407893 377.804 0 0
1500 19.6465 -100.114 17.7062 -0.570822 -1.60079 377.704 0 0
1500 81.8296 59.4699 17.92 0.423732 0.991703 377.762 0 0
1500 48.598 -22.6506 18.0263 -0.153803 -0.327917 377.938 0 0
1500 76.098 19.3402 17.8679 0.29957 0.327108 378.014 0 0
1500 46.453 -60.1312 17.6936 -0.152788 -0.960476 378.406 0 0
1500 60.1776 12.8722 18.3557 0.0559389 0.215942 378.459 0 0
1500 -2.7099 -19.8965 17.7537 -0.918614 -0.307644 378.587 0 0
1500 45.0403 58.4355 17.8237 -0.164958 0.933655 378.601 0 0
1500 50.2542 33.7105 17.8208 -0.181485 0.506714 378.56 0 0
1500 45.9295 52.2557 17.8439 -0.258098 0.803493 378.599 0 0
1500 62.5591 11.5384 18.1999 0.170521 0.205781 378.805 0 0
1500 31.2864 59.3556 17.7291 -0.423283 0.896794 378.917 0 0
1500 84.4143 23.4174 18.4479 0.439104 0.40144 378.898 0 0
1500 139.336 -24.55 17.7484 1.26842 -0.3739 378.81 0 0
1500 80.5827 -38.7146 17.7762 0.386808 -0.64352 378.733 0 0
1500 76.6519 38.4992 18.0364 0.290322 0.690824 378.769 0 0
1500 59.2223 -84.8742 17.8592 0.09081 -1.41899 378.824 0 0
1500 83.2354 8.15191 18.0103 0.411919 0.148147 378.993 0 0
1500 47.3643 -48.6183 17.756 -0.187547 -0.795521 379.029 0 0
1500 58.0212 17.0911 18.0548 0.0263321 0.329623 378.955 0 0
1500 31.2308 -4.68026 17.8945 -0.420907 -0.00474083 379.102 0 0
1500 27.0494 3.10592 17.8937 -0.483093 0.112664 379.237 0 0
1500 107.767 14.6521 17.7437 0.750835 0.243179 379.268 0 0
1500 69.8413 30.4216 18.4616 0.260584 0.583002 379.307 0 0
1500 95.6388 -2.45544 18.8447 0.727897 -0.0402631 379.403 0 0
1500 5.33819 -22.1172 17.7228 -0.857863 -0.334459 379.398 0 0
1500 95.6028 -4.5514 18.1207 0.639651 -0.00210572 379.651 0 0
1500 86.9866 -50.0933 17.775 0.476094 -0.802787 379.693 0 0
1500 56.0963 8.92179 18.029 -0.0646641 0.119068 379.574 0 0
1500 146.489 -124.49 17.8981 1.47211 -2.04095 379.619 0 0
1500 61.8618 -51.2795 17.7932 0.129484 -0.853878 379.613 0 0
1500 29.7437 84.0774 17.7141 -0.477663 1.24511 379.962 0 0
1500 96.7537 23.2486 18.0501 0.599242 0.416367 379.855 0 0
1500 107.467 -16.6714 17.7968 0.776253 -0.316427 379.926 0 0
1500 37.0541 12.6376 18.0272 -0.350154 0.174382 379.821 0 0
1500 62.9226 -26.7307 18.0269 0.0379806 -0.416082 379.862 0 0
1500 96.7073 -26.6148 18.0424 0.652121 -0.498411 379.992 0 0
1500 41.929 -31.4573 18.2285 -0.274361 -0.595111 379.977 0 0
1500 63.1819 39.2564 17.9504 0.0368987 0.618953 380.445 0 0
1500 23.6429 17.6798 17.9503 -0.554488 0.29602 380.469 0 0
1500 60.8955 38.8155 17.7582 0.0691057 0.657672 380.235 0 0
1500 84.8364 36.0784 18.3376 0.464913 0.667842 380.282 0 0
1500 79.6384 24.1816 18.2189 0.431916 0.395594 380.662 0 0
1500 94.0567 12.1593 18.3296 0.676936 0.17241 380.655 0 0
1500 36.4837 15.5591 17.9207 -0.365638 0.274409 380.504 0 0
1500 47.3261 47.7168 18.0671 -0.173314 0.887043 380.832 0 0
1500 73.6227 -2.22239 18.2359 0.338969 -0.093822 380.919 0 0
1500 125.442 -13.4201 17.7977 1.01668 -0.252738 380.954 0 0
1500 110.862 -31.289 17.9177 0.859561 -0.488494 381.093 0 0
1500 84.715 -16.0488 18.4181 0.482305 -0.307291 381.013 0 0
1500 35.1374 32.8066 17.9182 -0.383255 0.530648 380.967 0 0
1500 59.3896 32.2866 17.8468 -0.0262861 0.534269 381.207 0 0
1500 96.3465 -44.8094 17.7863 0.55992 -0.772961 381.306 0 0
1500 116.612 -26.1431 17.9193 0.937079 -0.410711 381.555 0 0
1500 54.5283 -66.0615 17.7993 -0.012716 -1.02799 381.545 0 0
1500 102.852 9.98822 18.2754 0.794664 0.136299 381.591 0 0
1500 72.6678 -23.066 18.0579 0.261899 -0.419205 381.591 0 0
1500 54.0193 24.2338 18.1176 -0.017838 0.488813 381.368 0 0
1500 121.326 7.94712 18.5754 1.2258 0.10069 381.593 0 0
1500 85.5034 -15.9916 17.9939 0.450297 -0.264533 381.968 0 0
1500 61.1504 -8.3427 18.386 0.0563104 -0.123218 381.853 0 0
1500 74.2295 35.1165 17.9 0.282585 0.597971 381.971 0 0
1500 61.3417 -0.0207973 18.5566 0.086002 -0.0349356 381.853 0 0
1500 79.0484 -52.7012 18.2261 0.39057 -0.926594 381.951 0 0
1500 50.6043 -52.8853 18.0671 -0.198732 -0.963269 381.936 0 0
1500 90.3914 45.2002 17.803 0.543523 0.718252 382.102 0 0
1500 17.548 -74.3211 18.0027 -0.643743 -1.26677 382.278 0 0
1500 64.3578 2.00614 17.9179 0.152473 0.0987335 382.513 0 0
1500 96.8182 9.79274 17.9607 0.622231 0.135627 382.812 0 0
1500 58.6407 -68.3434 17.8059 0.0464596 -1.04562 382.569 0 0
1500 54.131 59.0517 17.8428 -0.103314 0.917343 382.727 0 0
1500 48.3791 34.0189 17.9931 -0.132009 0.58059 382.829 0 0
1500 90.4975 22.2152 18.0709 0.504375 0.364099 382.898 0 0
1500 89.5232 -35.1371 17.8163 0.554408 -0.506697 382.937 0 0
1500 55.444 -33.6429 17.9758 -0.00242088 -0.524795 383.178 0 0
1500 77.0358 57.6438 17.8619 0.280371 0.918529 383.151 0 0
1500 103.416 -12.7133 18.0737 0.765338 -0.235623 383.216 0 0
1500 96.1775 -8.47547 18.4469 0.683252 -0.195706 383.296 0 0
1500 61.8354 20.6209 18.2798 0.114118 0.392803 383.371 0 0
1500 110.03 -27.0522 17.9568 0.909642 -0.387029 383.115 0 0
1500 -23.9048 35.9573 17.839 -1.35228 0.637646 382.959 0 0
1500 92.9 -17.0902 18.1 0.581077 -0.23674 383.382 0 0
1500 41.1599 23.2525 17.7507 -0.253528 0.385142 383.481 0 0
1500 91.697 71.9394 17.9318 0.611692 1.19953 383.481 0 0
1500 41.1295 32.0913 17.9678 -0.247891 0.551786 383.548 0 0
1500 69.7946 -14.8327 18.5412 0.255257 -0.260496 383.638 0 0
1500 76.439 -4.32734 17.9948 0.335862 -0.0889201 383.698 0 0
1500 81.5015 -23.8942 17.9535 0.451579 -0.36314 383.78 0 0
1500 59.6001 13.9719 18.0541 -0.0141357 0.216187 383.679 0 0
1500 39.9595 6.78408 18.4295 -0.293096 0.198067 383.835 0 0
1500 82.1241 21.3839 17.8204 0.390699 0.336361 384.112 0 0
1500 64.4147 65.0796 17.8639 0.0940939 1.01713 383.858 0 0
1500 75.5166 -46.0432 18.1077 0.31643 -0.747936 383.945 0 0
1500 83.5992 -4.07031 18.0041 0.403538 -0.135695 384.133 0 0
1500 129.725 -48.4277 17.9536 1.22985 -0.807287 384.081 0 0
1500 103.313 -33.9964 18.0214 0.833804 -0.570782 384.146 0 0
1500 31.2026 -29.087 17.8087 -0.39444 -0.462196 384.956 0 0
1500 108.732 42.6301 17.7753 0.742899 0.671424 384.56 0 0
1500 94.3485 27.8897 17.9509 0.639013 0.410674 384.343 0 0
1500 89.0638 -0.542582 18.1077 0.575694 -0.0359916 384.672 0 0
1500 42.364 -47.4258 17.7883 -0.256286 -0.781458 384.368 0 0
1500 72.7036 40.5833 18.0086 0.30047 0.658962 384.974 0 0
1500 75.4076 39.3733 18.0086 0.340718 0.640883 384.98 0 0
1500 104.512 -10.463 18.2325 0.793668 -0.221931 384.673 0 0
1500 46.4768 28.4788 17.9329 -0.121004 0.498509 384.643 0 0
1500 57.2813 13.8715 18.058 -0.0371687 0.252722 384.949 0 0
1500 34.0129 -27.5674 17.9008 -0.423224 -0.408596 385.124 0 0
1500 46.9192 16.5925 17.9044 -0.229411 0.261613 384.678 0 0
1500 96.755 -7.44967 17.7715 0.62442 -0.0466094 384.75 0 0
1500 95.7801 47.5381 18.3113 0.685839 0.826575 384.35 0 0
1500 93.4043 -15.7519 17.949 0.636324 -0.211401 385.209 0 0
1500 98.2985 8.37003 18.4286 0.783787 0.22856 385.238 0 0
1500 45.875 -38.6918 17.8496 -0.130686 -0.593208 385.752 0 0
1500 85.5692 49.376 17.9615 0.400323 0.796829 385.929 0 0
1500 108.914 -0.760538 18.432 0.887574 -0.0085158 386.073 0 0
1500 77.7954 -43.256 17.8421 0.308923 -0.659517 385.343 0 0
1500 81.0708 52.0127 17.9615 0.333595 0.83522 385.976 0 0
1500 84.893 18.2253 18.0727 0.501584 0.309761 385.741 0 0
1500 103.994 21.8227 17.9274 0.73732 0.391665 385.685 0 0
1500 70.9551 51.8317 17.9656 0.245177 0.83627 386.062 0 0
1500 47.0871 -12.3892 17.9706 -0.218155 -0.199341 385.375 0 0
1500 63.2014 12.5099 17.8705 0.129139 0.257419 385.43 0 0
1500 68.0183 3.35104 18.2988 0.149829 0.0184025 385.275 0 0
1500 105.455 -58.0554 17.9818 0.830354 -0.963365 385.781 0 0
1500 107.036 -88.3095 17.8597 0.810828 -1.46931 385.987 0 0
1500 103.983 -17.3206 18.1536 0.86672 -0.361866 386.066 0 0
1500 96.9104 15.4033 18.0708 0.67532 0.265886 386.228 0 0
1500 22.4253 -13.1756 17.7955 -0.605617 -0.15615 386.12 0 0
1500 124.457 39.8088 17.9319 1.19395 0.675101 386.279 0 0
1500 52.7918 -10.6981 17.8637 -0.0354592 -0.207184 386.46 0 0
1500 24.1657 24.3015 17.8835 -0.575858 0.377999 386.464 0 0
1500 59.4734 -23.177 17.9898 0.0471289 -0.428911 386.627 0 0
1500 80.8181 -3.56866 17.9904 0.372367 -0.130546 386.569 0 0
1500 46.4987 12.6398 17.9939 -0.226515 0.195701 386.563 0 0
1500 72.5487 -0.456681 17.9216 0.301602 -0.0547835 386.354 0 0
1500 63.237 8.0231 17.8635 0.0696506 0.169137 387.521 0 0
1500 79.4476 -7.91051 18.3871 0.421865 -0.109639 387.452 0 0
1500 42.7351 -9.81606 18.0866 -0.237329 -0.145613 387.566 0 0
1500 88.4777 -22.4736 18.1001 0.499531 -0.350251 387.151 0 0
1500 27.1915 28.8372 17.8864 -0.4671 0.467499 387.585 0 0
1500 89.3982 20.8355 18.3632 0.595632 0.327027 387.434 0 0
1500 103.587 -50.5655 17.8351 0.738303 -0.742512 387.264 0 0
1500 90.3493 56.9088 17.9277 0.520853 0.891352 387.399 0 0
1500 120.478 6.33008 17.9618 0.998147 0.128307 387.145 0 0
1500 65.5681 5.85172 18.3773 0.158154 0.154554 386.988 0 0
1500 72.712 23.5009 18.4923 0.303207 0.419357 388.035 0 0
1500 64.8722 -49.0345 17.9202 0.121178 -0.80999 386.953 0 0
1500 100.668 35.0083 18.0161 0.691093 0.586342 387.923 0 0
1500 69.2052 32.3081 17.9517 0.239967 0.544581 386.836 0 0
1500 88.738 43.0418 17.7912 0.403837 0.696236 386.747 0 0
1500 82.2948 -39.3078 18.1232 0.445061 -0.647461 388.046 0 0
1500 88.9474 36.4192 17.9651 0.552043 0.599803 386.828 0 0
1500 54.9044 32 17.9117 0.014285 0.548491 387.06 0 0
1500 92.2252 -8.14038 17.8236 0.601251 -0.108269 386.988 0 0
1500 75.966 -1.80291 18.4348 0.415897 0.0226603 386.896 0 0
1500 80.6369 2.57285 17.8543 0.425141 0.0109933 387.709 0 0
1500 25.0855 3.88016 17.8827 -0.561336 0.00785828 387.54 0 0
1500 61.1983 -10.2226 17.8234 0.11523 -0.199892 388.103 0 0
1500 -16.1997 -24.7027 17.8566 -1.24596 -0.360991 386.859 0 0
1500 65.422 -96.4712 17.9131 0.127483 -1.61273 387.213 0 0
1500 94.6162 -88.6739 17.9836 0.643241 -1.492 387.903 0 0
1500 46.9651 -34.1751 18.0749 -0.132177 -0.635043 387.304 0 0
1500 36.9805 -54.6882 17.8174 -0.36226 -0.873059 388.284 0 0
1500 101.898 -48.8024 17.9176 0.659689 -0.786813 388.623 0 0
1500 82.2062 3.66125 19.0092 0.4954 -0.00414986 388.666 0 0
1500 86.5952 -29.6516 18.0772 0.473694 -0.44593 388.617 0 0
1500 115.053 -2.6654 18.153 0.952446 -0.0188382 388.966 0 0
1500 47.1346 16.1728 17.9261 -0.146538 0.28606 388.771 0 0
1500 71.9627 -38.1086 18.1652 0.199787 -0.618809 388.546 0 0
1500 48.3526 52.7325 17.7736 -0.22565 0.791787 388.592 0 0
1500 94.1254 -16.0008 17.8068 0.621621 -0.21286 388.53 0 0
1500 76.4503 -15.5767 17.8604 0.356686 -0.201783 388.694 0 0
1500 71.4443 -22.576 17.9109 0.14499 -0.366222 388.883 0 0
1500 42.7135 11.1292 17.8472 -0.229518 0.248533 388.96 0 0
1500 129.53 -8.78382 17.8259 1.19902 -0.160972 388.719 0 0
1500 2.77854 -54.1307 17.8146 -0.955528 -0.873907 388.729 0 0
1500 111.023 33.0422 18.1066 0.958073 0.648024 389.018 0 0
1500 102.889 -19.5811 17.8031 0.749949 -0.265595 389.025 0 0
1500 30.6781 0.78667 17.9094 -0.479119 -0.00793417 389.025 0 0
1500 93.9984 5.45239 19.0005 0.764488 0.207821 389.031 0 0
1500 76.7075 -0.700272 18.1215 0.349758 0.00550022 389.072 0 0
1500 74.9527 -36.9272 17.8482 0.292781 -0.632392 389.088 0 0
1500 70.2772 -20.921 17.9878 0.244222 -0.309215 389.186 0 0
1500 82.6559 11.0911 17.9615 0.40874 0.187851 389.126 0 0
1500 74.2667 1.61087 18.0988 0.299423 -0.0252314 390.35 0 0
1500 91.3653 -13.0742 17.9541 0.530228 -0.211561 389.903 0 0
1500 82.3324 7.85427 18.6144 0.530176 0.088677 389.857 0 0
1500 3.55685 36.9681 17.7687 -0.860025 0.495589 389.466 0 0
1500 120.231 17.7649 17.8139 0.992456 0.277764 389.454 0 0
1500 122.478 -7.28513 17.8356 1.01766 -0.0573135 389.433 0 0
1500 106.272 -7.23687 18.2224 0.840213 -0.122779 390.118 0 0
1500 42.8298 -62.178 17.861 -0.269818 -0.970548 390.025 0 0
1500 7.00767 -30.9509 17.8618 -0.806064 -0.512685 389.491 0 0
1500 90.051 13.5216 18.261 0.609962 0.180601 389.638 0 0
1500 116.662 -26.074 17.8407 0.939167 -0.411953 390.467 0 0
1500 -4.63242 17.0009 17.7687 -0.931113 0.327917 389.798 0 0
1500 53.1308 76.7261 17.8575 -0.136491 1.18587 389.264 0 0
1500 84.8067 5.20999 18.2656 0.504382 0.139767 389.897 0 0
1500 73.6493 18.8544 18.2664 0.337755 0.344465 389.815 0 0
1500 83.9563 -3.43796 18.2662 0.492115 0.0103056 389.834 0 0
1500 117.438 -7.86092 17.7987 0.956524 -0.0864513 390.004 0 0
1500 78.7887 -50.4303 17.8756 0.384652 -0.797599 389.842 0 0
1500 54.7026 57.9177 17.8806 -0.0187944 0.936426 390.284 0 0
1500 91.6567 37.9082 17.9085 0.595484 0.565583 390.072 0 0
1500 102.998 22.1682 17.9278 0.761615 0.30287 390.404 0 0
1500 85.0133 -29.7647 17.8097 0.382818 -0.525533 389.377 0 0
1500 15.778 13.0393 17.8399 -0.6372 0.274771 389.715 0 0
1500 12.7936 4.30848 17.8281 -0.759005 0.053036 389.927 0 0
1500 9.33378 24.3884 17.8248 -0.804715 0.35498 390.486 0 0
1500 33.2136 3.66393 17.8699 -0.399862 -0.0161781 390.072 0 0
1500 44.0649 -2.72895 17.8466 -0.227536 -0.117703 390.023 0 0
1500 23.4654 102.309 17.8214 -0.564629 1.54444 390.751 0 0
1500 113.226 17.7507 17.9293 0.911734 0.26801 390.664 0 0
1500 87.9404 -52.8898 17.8408 0.479301 -0.855407 390.624 0 0
1500 20.7987 29.5451 17.8815 -0.627816 0.431319 390.585 0 0
1500 121.702 20.7269 17.905 0.975761 0.355232 390.966 0 0
1500 105.097 16.7653 17.9961 0.732142 0.265386 391.049 0 0
1500 11.7563 27.5063 17.8153 -0.717799 0.38657 391.172 0 0
1500 23.6581 -58.2151 17.8633 -0.543664 -0.895875 391.236 0 0
1500 118.716 -18.3532 17.8465 0.970673 -0.235771 391.095 0 0
1500 78.4067 1.73419 18.4417 0.408752 0.0968307 391.117 0 0
1500 93.8795 -51.9388 17.8011 0.505267 -0.842718 391.078 0 0
1500 92.0731 0.916027 18.1938 0.60734 0.0728716 390.91 0 0
1500 74.1471 31.8094 18.0073 0.211021 0.547453 391.038 0 0
1500 123.407 -3.36428 17.9653 1.02774 -0.0373963 391.657 0 0
1500 47.6243 24.7039 18.1547 -0.158377 0.365967 391.386 0 0
1500 47.5265 4.38666 18.1201 -0.159869 0.0991145 391.338 0 0
1500 88.7593 17.3071 18.0121 0.469003 0.299188 391.816 0 0
1500 -21.6809 87.7071 17.7798 -1.17373 1.34082 391.621 0 0
1500 113.884 36.3075 17.7994 0.8842 0.561821 391.455 0 0
1500 100.634 -47.9832 17.9235 0.709324 -0.735026 391.972 0 0
1500 90.5077 -25.213 18.2864 0.601738 -0.421034 391.674 0 0
1500 38.7053 -34.9407 17.7943 -0.362277 -0.507706 391.953 0 0
1500 58.316 -48.1011 17.8793 -0.00727189 -0.799173 391.486 0 0
1500 59.9578 19.7801 17.9064 0.0152456 0.375906 391.741 0 0
1500 53.4142 7.84212 17.8146 -0.132636 0.071834 391.266 0 0
1500 120.235 15.3807 18.0826 1.1659 0.288978 391.778 0 0
1500 73.931 -11.0267 18.2287 0.309042 -0.194734 392.342 0 0
1500 65.1286 25.3884 18.0144 0.176221 0.383013 392.292 0 0
1500 69.5409 66.6112 17.8184 0.10625 1.01751 392.181 0 0
1500 9.87293 -40.5096 17.8758 -0.77658 -0.616089 392.001 0 0
1500 64.4178 26.612 18.5337 0.182221 0.480475 392.279 0 0
1500 74.7713 -86.3671 17.9541 0.303107 -1.42002 392.304 0 0
1500 18.3212 24.3323 17.9108 -0.608552 0.346656 392.521 0 0
1500 16.6485 1.38602 17.9144 -0.629734 0.0281818 392.754 0 0
1500 -1.65303 -72.3207 17.8068 -0.902218 -1.08097 392.716 0 0
1500 19.4686 53.7439 17.8732 -0.626724 0.81627 392.508 0 0
1500 113.617 2.72246 17.8689 0.912507 0.020725 392.592 0 0
1500 98.3188 11.2594 17.8476 0.633806 0.246648 392.885 0 0
1500 66.7294 3.42016 18.0155 0.0959169 0.0971158 392.912 0 0
1500 20.3461 -18.2667 18.2003 -0.615871 -0.364588 392.665 0 0
1500 60.8088 88.121 18.0157 -0.0184131 1.55838 392.711 0 0
1500 56.8758 -65.1991 18.1098 0.0442987 -1.18723 392.626 0 0
1500 82.4979 9.69994 18.5095 0.524892 0.250674 392.775 0 0
1500 97.1291 9.75375 18.028 0.628064 0.11178 393.301 0 0
1500 39.0044 -13.2583 18.0088 -0.30545 -0.190288 393.067 0 0
1500 73.0563 -37.6798 17.9181 0.23182 -0.590237 393.261 0 0
1500 17.8754 35.0731 17.8387 -0.575597 0.561648 393.296 0 0
1500 112.352 -18.7336 17.8256 0.840247 -0.270154 393.193 0 0
1500 2.3053 -21.2541 17.7856 -0.866296 -0.309973 393.002 0 0
1500 100.397 49.7968 17.8547 0.675842 0.748976 393.412 0 0
1500 120.814 -16.2973 18.0154 1.04937 -0.256812 393.227 0 0
1500 65.8172 22.0793 18.1351 0.159815 0.410012 393.275 0 0
1500 69.3206 16.9182 18.0799 0.252317 0.317704 393.305 0 0
1500 71.5735 33.1227 17.8856 0.287362 0.533175 393.34 0 0
1500 56.0242 27.906 17.85 0.0319021 0.47864 393.193 0 0
1500 54.2067 5.65614 17.8532 -0.032542 0.161573 393.306 0 0
1500 41.6128 6.42748 17.9857 -0.31121 0.0765359 393.493 0 0
1500 25.0962 8.6647 17.9683 -0.549313 0.0670493 393.038 0 0
1500 17.1097 9.52885 17.8861 -0.702334 0.223933 392.954 0 0
1500 97.5413 21.5884 18.576 0.748112 0.436604 393.099 0 0
1500 98.9102 -21.8746 18.5207 0.713805 -0.386702 393.698 0 0
1500 69.8497 -24.1402 18.0362 0.250995 -0.352171 393.798 0 0
1500 84.9809 2.7243 18.1948 0.475168 0.0556694 394.32 0 0
1500 125.921 39.1365 17.8176 1.01 0.574936 393.957 0 0
1500 82.8519 -55.3244 17.8231 0.41313 -0.823664 393.874 0 0
1500 76.6215 -11.9627 19.1919 0.465589 -0.238106 394.04 0 0
1500 17.7992 -51.0259 17.8098 -0.605358 -0.798323 393.665 0 0
1500 51.9814 -66.2956 17.8316 -0.099877 -1.04158 393.579 0 0
1500 3.26039 -43.5022 17.7992 -0.860692 -0.595527 394.094 0 0
1500 100.049 -37.5764 17.9422 0.718546 -0.554512 393.569 0 0
1500 86.5578 54.06 17.8925 0.410175 0.873702 393.848 0 0
1500 130.563 63.0182 17.7858 1.13792 0.899645 394.361 0 0
1500 192.564 45.1734 17.8206 2.09763 0.719448 393.781 0 0
1500 18.3693 69.411 17.8012 -0.660429 1.08575 394.157 0 0
1500 106.159 -6.94856 17.836 0.802458 -0.0756642 393.569 0 0
1500 57.7539 36.2512 18.0283 0.0579992 0.617431 393.843 0 0
1500 46.7383 46.721 18.0776 -0.168882 0.782243 393.711 0 0
1500 32.012 -35.0728 17.8448 -0.3757 -0.610298 393.953 0 0
1500 76.6707 -22.3039 17.9313 0.284017 -0.418534 394.309 0 0
1500 70.5367 -14.6945 17.8459 0.270188 -0.248151 393.76 0 0
1500 43.9685 55.8806 17.8377 -0.165599 0.937847 393.821 0 0
1500 79.1648 -24.9099 18.3399 0.388857 -0.481567 393.872 0 0
1500 96.8244 45.0876 17.9832 0.705839 0.817441 393.765 0 0
1500 62.0439 47.9956 18.3437 0.0411085 0.908376 393.877 0 0
1500 82.9533 -5.61769 18.5461 0.483014 -0.082543 394.47 0 0
1500 73.3404 7.75559 18.2431 0.321339 0.121732 394.758 0 0
1500 102.467 13.1754 17.8727 0.660344 0.244227 394.662 0 0
1500 113.875 4.87447 17.8258 0.835226 0.0168146 394.458 0 0
1500 85.3047 51.0704 17.8656 0.452232 0.75511 394.532 0 0
1500 113.967 -6.6716 17.9431 0.865043 -0.122244 395.137 0 0
1500 31.7124 -49.623 17.8212 -0.399229 -0.765807 394.792 0 0
1500 119.222 -26.0966 17.9127 0.967027 -0.398486 394.832 0 0
1500 117.535 -30.3053 17.889 0.941246 -0.451227 395.133 0 0
1500 87.9441 -57.2956 17.7994 0.43434 -0.924235 395.15 0 0
1500 95.748 -2.70979 18.1318 0.684105 -0.0334833 394.863 0 0
1500 60.2014 48.7778 17.8383 0.0594089 0.814704 394.683 0 0
1500 94.3177 -33.0569 17.9429 0.590746 -0.57159 395.266 0 0
1500 21.2022 -39.574 17.8779 -0.634835 -0.600467 394.608 0 0
1500 82.5389 -5.60977 17.9065 0.464853 -0.0996061 395.112 0 0
1500 118.759 18.8175 17.8712 1.02853 0.245725 395.182 0 0
1500 3.48883 -33.5714 17.8933 -0.824573 -0.568777 395.766 0 0
1500 81.5734 27.514 17.912 0.403388 0.379045 397.817 0 0
1500 41.3622 -60.1677 17.9027 -0.251486 -0.925162 398.581 0 0
1500 64.8221 -64.8393 17.9185 0.0950476 -1.00324 398.836 0 0
1500 75.0647 40.7081 17.9236 0.223616 0.63089 398.575 0 0
1500 105.252 -44.3752 18.1279 0.798302 -0.734792 395.79 0 0
1500 105.572 -19.5595 18.3209 0.813689 -0.342506 396.186 0 0
1500 46.9456 -3.40393 18.2023 -0.15807 -0.0892177 395.719 0 0
1500 66.9853 17.9875 18.2962 0.214215 0.298518 397.179 0 0
1500 57.3759 18.4683 17.843 0.0538974 0.283587 395.586 0 0
1500 78.6381 22.6106 18.0816 0.376751 0.331965 396.446 0 0
1500 57.9353 22.4027 17.89 0.0645648 0.34253 396.214 0 0
1500 71.6721 -13.9107 18.0688 0.270273 -0.228274 397.014 0 0
1500 40.497 -0.501347 17.846 -0.268809 -0.0703929 396.465 0 0
1500 31.3693 -19.813 17.941 -0.392486 -0.331596 396.689 0 0
1500 40.6774 -7.34628 17.9176 -0.294332 -0.076856 397.237 0 0
1500 52.9287 -51.7351 17.8806 -0.0883001 -0.791029 396.373 0 0
1500 67.0385 -13.7847 17.9862 0.208518 -0.186694 398.055 0 0
1500 60.6688 -18.1079 17.9186 0.0257376 -0.315121 397.996 0 0
1500 -4.52648 10.4292 17.8081 -0.956254 0.186122 395.373 0 0
1500 -3.73505 31.6226 17.8024 -0.951383 0.411444 395.746 0 0
1500 22.875 -35.8649 17.7993 -0.574007 -0.507608 397.155 0 0
1500 14.5303 -39.0443 17.7877 -0.706339 -0.563768 395.784 0 0
1500 93.108 30.7571 18.0319 0.570779 0.484371 397.663 0 0
1500 91.5522 36.2948 18.0289 0.551559 0.565329 397.312 0 0
1500 0.132499 31.6372 17.8413 -0.896592 0.435763 396.952 0 0
1500 36.2591 -63.1174 17.8524 -0.29241 -0.998155 395.667 0 0
1500 93.8671 -46.8136 17.8348 0.527548 -0.733299 398.147 0 0
1500 92.9111 -10.3421 18.3275 0.635896 -0.209758 395.296 0 0
1500 113.874 10.8987 17.8499 0.849358 0.198621 398.931 0 0
1500 124.311 -2.30738 17.8898 1.0382 -0.00935558 397.637 0 0
1500 101.72 48.5623 17.8872 0.723161 0.740736 396.452 0 0
1500 107.233 14.9406 18.1637 0.849532 0.235148 396.067 0 0
1500 78.5681 -2.1223 18.4224 0.379505 -0.106458 395.833 0 0
1500 105.195 -29.4556 17.9397 0.750018 -0.513394 395.74 0 0
1500 40.8747 -64.7108 17.9142 -0.253417 -1.01715 397.759 0 0
1500 79.795 -58.5878 17.9148 0.321212 -0.944902 396.511 0 0
1500 90.128 -59.0965 17.8252 0.546026 -0.89128 397.102 0 0
1500 101.144 -51.5927 17.8258 0.704417 -0.775891 397.507 0 0
1500 99.6808 2.69274 18.1692 0.727064 0.091581 395.91 0 0
1500 128.417 -2.76999 17.8556 1.09464 -0.00131065 397.936 0 0
1500 92.9565 46.3054 17.8969 0.591907 0.746448 396.865 0 0
1500 91.0389 -16.3042 17.9014 0.592784 -0.263559 395.513 0 0
1500 62.9511 41.8447 17.8318 -0.00178466 0.646958 395.277 0 0
1500 97.6467 45.5502 17.9021 0.680825 0.68686 397.174 0 0
1500 77.5861 30.0529 17.9165 0.38909 0.465585 395.521 0 0
1500 28.9989 -8.92833 18.0571 -0.446664 -0.207303 395.791 0 0
1500 43.4559 -44.1031 18.048 -0.222166 -0.738198 396.572 0 0
1500 15.2284 -42.54 17.8414 -0.67909 -0.705691 397.105 0 0
1500 55.515 -28.3761 18.1632 -0.0562303 -0.483578 396.15 0 0
1500 109.391 -9.32721 18.0718 0.854464 -0.212658 396.238 0 0
1500 88.9066 -55.7597 17.7956 0.537011 -0.8295 397.494 0 0
1500 81.6505 -40.5764 17.8554 0.332816 -0.689889 396.743 0 0
1500 -9.84893 35.4995 17.8652 -1.04977 0.59304 398.313 0 0
1500 89.3126 -47.5604 17.8637 0.463239 -0.796024 397.35 0 0
1500 11.9924 -38.4911 17.8615 -0.706964 -0.655102 397.677 0 0
1500 72.1559 -57.9762 17.8612 0.201639 -0.948659 397.73 0 0
1500 84.7778 -29.1894 17.9238 0.481064 -0.499696 396.531 0 0
1500 72.4369 -44.3364 17.8369 0.223457 -0.758647 396.672 0 0
1500 93.0041 -26.7998 18.0613 0.552604 -0.483653 397.335 0 0
1500 51.3701 -7.07474 17.867 -0.11697 -0.187607 395.815 0 0
1500 8.07008 -39.9158 17.8395 -0.761606 -0.672377 398.616 0 0
1500 18.2702 -0.966479 17.8571 -0.628541 -0.0909801 396.501 0 0
1500 34.7729 18.4223 18.233 -0.375442 0.297265 398.172 0 0
1500 67.2962 -42.9872 17.9605 0.181657 -0.731001 397.913 0 0
1500 65.7106 -51.2864 17.9932 0.115394 -0.85002 398.705 0 0
1500 74.8108 13.4451 18.0835 0.366058 0.224299 397.808 0 0
1500 72.4788 -6.54847 18.1159 0.283372 -0.174058 397.867 0 0
1500 54.6525 21.5764 18.0012 0.0107374 0.399321 398.059 0 0
1500 73.2757 45.7287 17.8674 0.176639 0.748128 398.773 0 0
1500 72.0923 -33.67 17.8669 0.260643 -0.58789 398.451 0 0
1500 16.9616 36.2653 17.8821 -0.709165 0.522601 396.878 0 0
1500 63.9754 10.4443 18.03 0.131918 0.237928 398.764 0 0
1500 99.53 37.3711 18.2338 0.698625 0.681562 396.635 0 0
1500 34.6764 -8.27389 17.8231 -0.435947 -0.0905781 398.803 0 0
1500 77.3958 -82.9423 17.8655 0.276197 -1.3895 398.531 0 0
1500 84.3104 -49.0544 17.95 0.450253 -0.894243 396.264 0 0
1500 -32.0854 15.3132 17.9527 -1.52775 0.196741 397.152 0 0
1500 -182.673 0.282274 17.8516 -3.91058 -0.0609002 398.352 0 0
1500 24.5103 3.66374 18.149 -0.584774 0.0118461 398.059 0 0
1500 88.9239 -4.34372 18.0689 0.492753 -0.146743 396.753 0 0
1500 75.3398 36.9432 17.8965 0.235526 0.67571 398.349 0 0
1500 49.044 -26.4027 18.4003 -0.171407 -0.477804 397.863 0 0
1500 16.5844 -29.1018 17.9447 -0.778164 -0.493478 398.308 0 0
1500 109.733 21.1072 17.8474 0.757053 0.366119 399.582 0 0
1500 3.85308 -19.6266 17.8991 -0.822076 -0.309042 399.401 0 0
1500 -5.31912 4.44867 17.8793 -0.977588 0.0578576 400.125 0 0
1500 108.226 -1.73844 17.9586 0.775852 -0.0663494 400.44 0 0
1500 89.6714 15.2597 18.2759 0.543658 0.238395 399.015 0 0
1500 94.4483 13.9276 18.0307 0.582357 0.230314 399.012 0 0
1500 51.001 25.648 17.933 -0.109691 0.418253 399.173 0 0
1500 70.489 12.7078 18.0498 0.246297 0.224839 399.177 0 0
1500 114.374 -5.38294 17.8842 0.873023 -0.0528624 399.793 0 0
1500 49.0459 -44.5496 17.9363 -0.128385 -0.692223 400.754 0 0
1500 19.0436 -49.0074 17.8619 -0.573539 -0.777463 400.784 0 0
1500 86.0647 -59.4897 17.838 0.405338 -0.958759 399.12 0 0
1500 52.3631 -57.6376 17.8436 -0.104862 -0.935571 399.254 0 0
1500 73.3429 -54.0402 17.9903 0.229941 -0.887154 399.049 0 0
1500 108.062 33.1662 18.0615 0.848794 0.510372 400.048 0 0
1500 117.517 17.8816 17.82 0.957624 0.310419 399.559 0 0
1500 8.10093 21.3102 17.8614 -0.817531 0.369179 399.396 0 0
1500 68.8347 47.2309 17.9826 0.186013 0.795084 400.192 0 0
1500 37.2911 29.5996 17.8227 -0.273071 0.518225 398.953 0 0
1500 59.8328 -24.0972 17.8539 0.0989948 -0.405928 399.703 0 0
1500 97.8029 -8.35668 17.8454 0.673914 -0.161238 400.64 0 0
1500 66.1582 53.3377 17.808 0.0550255 0.855619 400.057 0 0
1500 42.7749 25.0148 17.8208 -0.308616 0.428666 398.959 0 0
1500 57.5865 -23.5823 18.0913 -0.040074 -0.401409 399.75 0 0
1500 27.6484 -39.7897 17.8288 -0.543092 -0.598174 400.181 0 0
1500 79.3644 20.6339 18.1486 0.40642 0.38117 400.622 0 0
1500 127.112 -17.6423 18.1474 1.18453 -0.346129 399.38 0 0
1500 116.088 -23.9978 18.14 0.987825 -0.467235 399.999 0 0
1500 18.7585 22.6343 18.0236 -0.702548 0.384278 399.842 0 0
1500 126.295 -49.6843 18.1634 1.21797 -0.814883 400.627 0 0
1500 27.012 41.6425 17.863 -0.580588 0.640958 400.384 0 0
1500 124.892 29.3137 17.9031 1.15365 0.532792 400.319 0 0
1500 162.311 2.41343 17.9313 1.77875 0.00209393 400.642 0 0
1500 75.0394 7.92698 18.6904 0.273736 0.144991 398.992 0 0
1500 78.0849 -42.6584 17.8576 0.250454 -0.663471 401.511 0 0
1500 5.11636 7.85442 17.919 -0.813267 0.141517 401.174 0 0
1500 36.7531 14.7009 18.1186 -0.326649 0.20624 401.059 0 0
1500 80.359 -2.62056 18.3812 0.410322 0.013781 401.127 0 0
1500 83.9962 -13.8947 17.902 0.433138 -0.170168 401.231 0 0
1500 61.7673 -37.2576 17.9411 0.0494766 -0.587165 401.115 0 0
1500 39.7407 -58.2636 17.8293 -0.262144 -0.912981 400.934 0 0
1500 79.0799 62.6405 17.939 0.337849 0.987623 401.373 0 0
1500 116.498 -28.7675 17.9834 0.954628 -0.429722 401.092 0 0
1500 -8.65456 -2.86794 17.8533 -1.04525 0.000965224 401.12 0 0
1500 101.355 32.5044 18.0145 0.737512 0.536272 401.363 0 0
1500 65.9343 38.1962 18.3089 0.20034 0.648506 401.55 0 0
1500 37.6679 56.1682 17.8286 -0.379064 0.878185 401.369 0 0
1500 0.766029 -11.21 17.853 -0.914419 -0.111121 401.228 0 0
1500 91.5534 25.5518 17.9344 0.565444 0.45925 400.876 0 0
1500 88.4527 39.7337 17.8914 0.54868 0.59222 401.162 0 0
1500 56.8932 -23.6828 18.1239 0.0249741 -0.44038 401.509 0 0
1500 91.8993 -36.6913 17.9185 0.51286 -0.65635 401.292 0 0
1500 96.7353 56.653 18.1523 0.754186 1.01282 401.393 0 0
1500 90.8933 17.9021 17.942 0.534184 0.242963 402.133 0 0
1500 58.1074 -3.15195 17.8722 -0.0310817 -0.104191 402.592 0 0
1500 40.5173 -34.7592 17.8613 -0.278676 -0.549618 401.813 0 0
1500 23.9179 -33.506 17.8532 -0.495184 -0.54467 402.478 0 0
1500 -9.05307 -4.23337 17.8537 -1.038 -0.0190542 401.974 0 0
1500 102.493 47.8482 17.9713 0.67928 0.782474 402.039 0 0
1500 87.128 -42.5419 17.8394 0.500912 -0.665536 402.084 0 0
1500 99.6282 33.107 17.8396 0.688275 0.459214 401.918 0 0
1500 -6.89555 10.0881 17.7978 -1.03111 0.186538 402.191 0 0
1500 101.318 36.6531 18.073 0.753089 0.568789 401.715 0 0
1500 14.1796 47.3974 17.8175 -0.730884 0.722766 401.891 0 0
1500 96.7048 -31.0697 18.2455 0.704136 -0.489347 402.514 0 0
1500 111.8 -2.32822 18.0238 0.899611 0.00726678 401.925 0 0
1500 47.1015 35.8386 17.9709 -0.220961 0.582603 401.703 0 0
1500 55.9148 41.9175 18.0015 -0.0863864 0.652844 402.084 0 0
1500 105.818 25.5048 17.8174 0.694221 0.458511 402.138 0 0
1500 43.3927 -27.0035 17.8806 -0.185564 -0.488093 402.266 0 0
1500 113.707 -46.2432 17.8753 0.946671 -0.697403 402.125 0 0
1500 32.1483 -18.3546 17.8514 -0.467212 -0.325696 402.385 0 0
1500 103.635 74.6742 17.8595 0.761532 1.26043 402.185 0 0
1500 89.1057 32.7402 17.9581 0.44618 0.581707 402.364 0 0
1500 101.62 5.21693 18.2478 0.806473 0.0155147 401.991 0 0
1500 69.8331 56.2181 18.0459 0.218547 1.0229 401.605 0 0
1500 108.936 22.4093 18.0267 0.941807 0.36106 402.436 0 0
1500 99.8649 12.84 18.1589 0.692627 0.176128 403.423 0 0
1500 76.7646 -12.6197 18.2096 0.341657 -0.182784 403.403 0 0
1500 73.585 -17.255 18.1688 0.220483 -0.297837 404.096 0 0
1500 64.1574 -7.98131 18.1716 0.0904798 -0.169734 404.296 0 0
1500 33.43 12.1552 18.084 -0.377302 0.188675 403.704 0 0
1500 36.9553 -24.5556 17.8809 -0.306302 -0.412803 402.778 0 0
1500 56.5154 -28.3084 17.8623 -0.0326084 -0.46593 403.241 0 0
1500 81.8999 21.9263 18.4681 0.456605 0.339945 406.119 0 0
1500 39.5979 -48.88 17.8946 -0.289544 -0.739494 404.59 0 0
1500 70.9747 -27.6924 17.8749 0.252303 -0.423883 403.771 0 0
1500 34.7419 1.63029 17.9466 -0.375597 -0.000201883 405.917 0 0
1500 43.1078 55.2151 17.8626 -0.267113 0.831555 403.655 0 0
1500 58.3923 33.8075 17.8764 -0.0476429 0.51575 404.965 0 0
1500 100.563 1.57913 18.1402 0.699103 0.0224775 405.575 0 0
1500 15.1803 -37.9682 17.8656 -0.661322 -0.5921 403.608 0 0
1500 82.1398 -44.5056 17.8338 0.363202 -0.702081 404.354 0 0
1500 60.8719 42.6882 17.9886 0.0597365 0.669227 405.758 0 0
1500 -6.7335 7.52068 17.7991 -1.0143 0.146349 403.147 0 0
1500 45.1555 66.2828 17.8237 -0.260502 1.01181 402.653 0 0
1500 10.2457 -13.959 17.8378 -0.745258 -0.173273 405.748 0 0
1500 11.5968 45.4852 17.8254 -0.744721 0.68895 403.984 0 0
1500 48.4014 55.1434 17.8346 -0.203896 0.812913 405.406 0 0
1500 78.6107 64.7775 17.846 0.261349 1.01517 403.083 0 0
1500 121.242 -8.74185 17.9958 1.0298 -0.138608 403.165 0 0
1500 35.1206 -62.2798 17.8348 -0.400936 -0.965225 402.853 0 0
1500 96.0979 -36.8168 17.8908 0.618325 -0.538697 406.171 0 0
1500 99.3106 47.8713 17.8911 0.703141 0.714223 403.058 0 0
1500 105.479 -23.549 17.9661 0.791034 -0.402764 403.173 0 0
1500 64.5691 -37.2514 18.1698 0.101345 -0.629405 402.632 0 0
1500 41.76 58.2677 17.8118 -0.271966 0.90424 406.262 0 0
1500 106.472 -17.9089 18.0378 0.797955 -0.336209 403.22 0 0
1500 105.439 -25.7431 18.055 0.758547 -0.438438 406.072 0 0
1500 37.6459 9.90363 18.1304 -0.330728 0.0995304 402.702 0 0
1500 -6.0385 -4.21182 17.8852 -1.0166 -0.0949025 404.791 0 0
1500 -2.03671 -28.1354 17.8844 -0.9353 -0.442264 406.329 0 0
1500 124.516 -0.890038 17.8583 1.03148 -0.0789567 404.986 0 0
1500 99.0037 24.3869 18.0819 0.70402 0.425339 404.037 0 0
1500 110.359 27.7121 18.0343 0.832042 0.486567 404.844 0 0
1500 106.139 3.86645 18.0427 0.780693 0.131682 403.834 0 0
1500 4.30808 -30.2779 17.8323 -0.871436 -0.494849 404.483 0 0
1500 38.3494 -53.8433 17.85 -0.331084 -0.88325 404.068 0 0
1500 66.1513 -58.0318 17.8496 0.0904194 -0.94598 404.122 0 0
1500 -0.013732 -26.7224 17.846 -0.902644 -0.466741 404.81 0 0
1500 18.0775 29.6531 17.8515 -0.621165 0.534493 402.929 0 0
1500 71.5434 53.4176 17.8188 0.26039 0.867124 404.032 0 0
1500 125.194 -8.66529 17.811 1.04399 -0.0772755 406.215 0 0
1500 124.458 7.28867 17.8114 1.02932 0.157654 406.465 0 0
1500 121.994 3.75327 18.0114 1.04085 0.0468039 406.529 0 0
1500 85.6309 -2.63168 18.1178 0.53577 -0.0534866 403.967 0 0
1500 113.572 -71.4685 17.9659 0.92198 -1.18231 403.016 0 0
1500 35.6285 -31.7108 18.1237 -0.336283 -0.551991 404.568 0 0
1500 34.921 -40.2302 18.1192 -0.345082 -0.677977 404.946 0 0
1500 59.1722 5.57961 18.1352 0.0229529 0.0167543 403.768 0 0
1500 62.883 54.1771 18.0406 0.0776282 0.888449 405.295 0 0
1500 81.4939 1.72161 18.0752 0.415479 -0.0471857 404.022 0 0
1500 93.7873 -26.661 17.8683 0.593173 -0.476572 404.243 0 0
1500 70.4166 50.6643 17.8562 0.260288 0.810993 404.686 0 0
1500 71.3845 -1.25815 17.8996 0.269319 -0.0762943 403.448 0 0
1500 64.7372 -9.67818 17.8998 0.165554 -0.207822 403.434 0 0
1500 106.446 32.3347 17.9772 0.823074 0.477992 406.152 0 0
1500 -53.3917 42.1552 17.8799 -1.77907 0.705416 404.27 0 0
1500 70.7767 -54.3769 17.9225 0.27219 -0.861649 405.979 0 0
1500 45.8553 7.72417 18.2076 -0.190809 0.173747 405.278 0 0
1500 78.9201 13.9449 18.2047 0.315517 0.268396 405.468 0 0
1500 66.2646 33.1683 18.2004 0.121366 0.559824 405.774 0 0
1500 46.356 -1.71294 17.912 -0.185354 0.0504896 404.658 0 0
1500 74.7003 -40.8333 17.9955 0.338729 -0.668118 406.462 0 0
1500 26.4303 -18.1453 17.8638 -0.521839 -0.349882 405.621 0 0
1500 46.1365 -4.97679 17.9995 -0.22991 -0.036169 405.57 0 0
1500 44.5291 31.3266 17.8936 -0.205935 0.562358 405.819 0 0
1500 91.8521 20.3138 17.8667 0.485739 0.379888 405.774 0 0
1500 89.2172 30.2772 17.8421 0.557778 0.481407 406.154 0 0
1500 68.9923 -66.1419 17.8691 0.250564 -1.05066 406.217 0 0
1500 36.9823 18.3395 17.8907 -0.349983 0.357 406.667 0 0
1500 55.2824 25.8104 17.836 -0.0157199 0.475444 406.735 0 0
1500 33.3713 -30.8469 18.0951 -0.464917 -0.473799 404.957 0 0
1500 46.1491 17.3593 18.2029 -0.187699 0.366079 406.51 0 0
1500 102.254 48.2203 18.02 0.771937 0.893647 405.59 0 0
1500 43.9151 -0.146705 18.0344 -0.33119 -0.03177 403.704 0 0
1500 125.483 75.4205 17.9672 1.16988 1.36808 405.395 0 0
1500 57.0787 19.0105 17.8517 -0.0782924 0.29064 406.891 0 0
1500 92.0973 -16.7697 17.9458 0.560675 -0.227509 406.877 0 0
1500 98.4756 -1.67307 18.0346 0.647785 0.0159 407.131 0 0
1500 100.272 44.19 17.8058 0.599932 0.708936 407.092 0 0
1500 93.2415 53.302 17.9752 0.562701 0.862157 406.98 0 0
1500 67.1478 65.314 17.8695 0.192516 1.02436 407.202 0 0
1500 -15.9169 -10.0239 17.8251 -1.22005 -0.132351 406.843 0 0
1500 85.5777 -3.73096 17.9708 0.475972 -0.128012 406.95 0 0
1500 46.4805 26.1167 17.8478 -0.201315 0.481283 406.981 0 0
1500 152.179 -64.5231 17.8859 1.50123 -1.12182 407.165 0 0
1500 70.0561 -5.10546 18.0445 0.247663 -0.0317581 407.904 0 0
1500 44.6058 8.0043 17.9125 -0.242162 0.081727 409.65 0 0
1500 21.7707 13.531 17.9047 -0.564977 0.160049 409.059 0 0
1500 45.305 11.6331 17.9123 -0.23246 0.13231 409.638 0 0
1500 10.6464 -21.8603 17.8962 -0.729235 -0.34088 408.28 0 0
1500 73.765 -57.4992 17.8641 0.264885 -0.889671 407.497 0 0
1500 54.9997 -57.2815 17.8665 -0.00478218 -0.882659 407.803 0 0
1500 62.4495 22.2861 18.0965 0.137997 0.359724 410.253 0 0
1500 63.5322 33.441 18.0518 0.122049 0.532302 409.866 0 0
1500 41.9106 -50.3477 17.8422 -0.289277 -0.754469 408.219 0 0
1500 13.3073 -24.983 17.8426 -0.696432 -0.392843 408.258 0 0
1500 49.7941 -7.7151 18.195 -0.134615 -0.130631 411.144 0 0
1500 77.7442 -7.54421 17.8251 0.308207 -0.0463095 410.332 0 0
1500 61.8012 -15.0394 17.881 0.126297 -0.212437 410.26 0 0
1500 89.754 6.67278 18.1175 0.542451 0.0806366 410.764 0 0
1500 122.903 -14.5266 17.8711 1.01316 -0.267478 407.281 0 0
1500 116.344 7.53186 17.9222 0.908411 0.0728032 409.956 0 0
1500 85.938 -41.1786 17.9286 0.468611 -0.617365 410.692 0 0
1500 59.9047 -44.557 17.9199 0.0279602 -0.69833 411.471 0 0
1500 61.5479 -64.244 17.9038 0.0539737 -1.03016 407.741 0 0
1500 73.5287 -27.6393 17.9264 0.21842 -0.456248 412.015 0 0
1500 34.4861 60.474 17.883 -0.353228 0.973603 407.841 0 0
1500 122.259 -15.9575 17.8403 1.00955 -0.20583 409.041 0 0
1500 74.7061 56.6469 17.9537 0.285017 0.884079 410.213 0 0
1500 66.888 58.8751 17.9521 0.1774 0.943904 408.181 0 0
1500 75.0548 -63.6059 17.846 0.217558 -0.990972 409.735 0 0
1500 82.9549 -56.3737 17.8504 0.328711 -0.875271 410.55 0 0
1500 65.3521 -56.2948 17.8535 0.0749084 -0.868882 410.97 0 0
1500 20.4547 55.9538 17.7977 -0.527196 0.899521 408.196 0 0
1500 -1.74835 29.5023 17.8466 -0.921512 0.498871 408.802 0 0
1500 111.41 -27.6785 17.8309 0.882615 -0.404612 407.44 0 0
1500 97.6353 -10.9815 18.1509 0.717797 -0.176147 407.74 0 0
1500 55.9668 54.2295 17.8314 0.0207834 0.884191 407.289 0 0
1500 97.0807 -54.6521 17.8094 0.563589 -0.87747 409.985 0 0
1500 97.2812 50.0694 17.9347 0.631543 0.775927 411.466 0 0
1500 98.1848 24.4365 17.906 0.644684 0.448524 407.549 0 0
1500 34.7681 50.3189 17.9007 -0.324254 0.837874 408.114 0 0
1500 30.1256 43.6233 17.8769 -0.448324 0.736449 407.848 0 0
1500 92.0834 38.0525 18.0295 0.541064 0.597254 413.318 0 0
1500 112.16 11.9373 18.0002 0.922558 0.165972 408.135 0 0
1500 119.519 -22.9324 18.1378 1.04172 -0.387066 408.329 0 0
1500 79.7611 32.7956 18.0661 0.367346 0.577 408.136 0 0
1500 118.984 8.77114 17.8185 0.902805 0.193396 412.093 0 0
1500 79.3515 -10.088 18.3296 0.407782 -0.226519 408.67 0 0
1500 44.0134 39.7187 17.8406 -0.237667 0.68711 407.538 0 0
1500 53.4529 65.2912 17.8257 -0.0871624 1.02546 411.101 0 0
1500 83.4808 54.7017 17.8315 0.346384 0.856156 412.248 0 0
1500 7.77344 37.5506 17.8293 -0.746745 0.612367 411.905 0 0
1500 40.1542 58.3815 17.8299 -0.27804 0.912204 412.012 0 0
1500 69.1546 45.4419 17.8407 0.138193 0.71242 413.27 0 0
1500 79.1523 9.72476 18.269 0.453033 0.129581 408.575 0 0
1500 106.717 -28.6105 18.0733 0.776954 -0.502937 409.934 0 0
1500 109.15 -23.281 17.8103 0.819535 -0.417784 408.974 0 0
1500 38.2594 -62.9145 17.804 -0.255853 -1.00268 410.221 0 0
1500 122.136 146.182 17.8642 1.06797 2.32224 407.578 0 0
1500 57.1992 76.7702 17.8334 0.0455694 1.1737 411.652 0 0
1500 25.2915 57.3164 17.8223 -0.532717 0.894536 411.605 0 0
1500 88.1302 -45.3784 17.8955 0.483613 -0.763178 409.405 0 0
1500 93.3678 -39.1674 17.8996 0.527019 -0.62591 413.92 0 0
1500 23.6707 12.3488 18.1117 -0.564254 0.178186 409.169 0 0
1500 57.3046 -4.62875 18.1211 -0.0504105 -0.0822447 408.527 0 0
1500 73.6492 7.63352 17.8518 0.290591 0.0558713 407.661 0 0
1500 67.2105 32.0271 17.9076 0.139421 0.488381 419.155 0 0
1500 92.8393 28.1824 17.8755 0.563456 0.422713 414.563 0 0
1500 103.173 41.488 17.8616 0.754789 0.649778 410.327 0 0
1500 42.6312 64.3382 17.8235 -0.219856 1.02489 411.606 0 0
1500 2.45645 39.6893 17.8235 -0.813964 0.66048 411.6 0 0
1500 99.2375 17.0401 17.8395 0.644267 0.33983 408.759 0 0
1500 106.478 11.7551 17.8366 0.753015 0.257217 409.019 0 0
1500 106.104 -5.88714 18.1244 0.780076 -0.0842158 415.346 0 0
1500 21.7837 25.4974 17.8545 -0.616144 0.439854 408.94 0 0
1500 69.2124 -47.9343 17.8483 0.230773 -0.78649 409.222 0 0
1500 68.4072 -57.2064 17.8449 0.20416 -0.868069 413.777 0 0
1500 98.7374 -6.69171 17.8532 0.688311 -0.15496 408.779 0 0
1500 124.141 15.4413 17.8365 1.03044 0.178166 411.933 0 0
1500 123.992 15.929 17.8367 1.02631 0.185 412.06 0 0
1500 67.894 -10.3209 18.0971 0.198271 -0.203858 416.492 0 0
1500 58.4772 61.9199 17.8524 -0.0414466 0.98749 410.463 0 0
1500 18.4864 -38.2835 17.8061 -0.623488 -0.658668 409.807 0 0
1500 53.0911 0.00223379 17.8927 -0.075109 0.0782095 408.188 0 0
1500 30.5926 28.5593 17.8826 -0.384249 0.47232 415.338 0 0
1500 60.1452 65.648 17.8631 0.0329729 1.03277 412.699 0 0
1500 15.0403 -27.7955 17.8946 -0.664132 -0.513741 408.163 0 0
1500 102.463 -21.6971 18.1074 0.779733 -0.305085 410.641 0 0
1500 116.514 -29.5541 17.9039 0.93485 -0.425544 413.073 0 0
1500 100.013 -24.3487 17.8507 0.691859 -0.435304 409.72 0 0
1500 95.0527 4.20882 17.8586 0.622267 0.00275427 409.04 0 0
1500 62.4857 -2.57351 18.0101 0.0984962 -0.117349 409.06 0 0
1500 65.6401 -17.9091 18.0067 0.147009 -0.35443 409.28 0 0
1500 80.8748 2.16654 18.127 0.463537 0.0143426 410.136 0 0
1500 79.9138 -23.9466 18.1234 0.446973 -0.384805 410.401 0 0
1500 90.5998 -29.7875 17.8145 0.526364 -0.402816 415.642 0 0
1500 75.8217 17.1942 17.8659 0.317819 0.215854 416.276 0 0
1500 60.4864 27.9716 17.9879 0.102027 0.495476 409.772 0 0
1500 101.307 29.8788 17.8313 0.65877 0.484266 415.149 0 0
1500 47.3332 66.4352 17.8192 -0.115131 1.04123 412.762 0 0
1500 31.6556 48.6449 17.8282 -0.358652 0.805398 410.5 0 0
1500 114.33 31.1712 17.8202 0.885673 0.527179 411.894 0 0
1500 51.1368 65.6506 17.8196 -0.059499 1.03912 412.144 0 0
1500 108.726 -19.1691 17.962 0.85135 -0.25193 411.113 0 0
1500 121.392 -6.44676 17.9547 1.02375 -0.0580391 412.372 0 0
1500 103.029 -13.8667 17.9666 0.770668 -0.172847 410.63 0 0
1500 87.2211 35.3892 18.0159 0.539353 0.575882 410.563 0 0
1500 95.7263 6.20116 17.864 0.672315 0.0694416 408.338 0 0
1500 111.25 33.1467 17.8356 0.835403 0.449884 414.879 0 0
1500 97.8694 0.374539 17.8863 0.674761 0.0616828 410.486 0 0
1500 55.1616 43.4706 17.8845 0.0155129 0.725141 410.642 0 0
1500 113.396 33.6238 17.8702 0.86237 0.542177 414.396 0 0
1500 82.8272 -12.954 17.9792 0.486201 -0.203394 409.077 0 0
1500 28.9123 -8.74626 17.9569 -0.507011 -0.162519 410.642 0 0
1500 122.061 -7.43566 17.9992 1.0483 -0.14132 412.946 0 0
1500 88.2089 -4.82775 17.9301 0.463645 -0.150714 410.577 0 0
1500 91.5963 -51.8769 17.9095 0.499793 -0.852571 412.692 0 0
1500 116.124 0.531736 17.9632 0.965268 -0.00493879 412.739 0 0
1500 110.408 -37.9712 17.9591 0.866135 -0.574614 413.758 0 0
1500 25.6669 -34.6547 17.9782 -0.489925 -0.603832 411.701 0 0
1500 29.7364 -41.6406 17.976 -0.426409 -0.70818 411.914 0 0
1500 134.601 35.318 18.0046 1.33163 0.564908 408.179 0 0
1500 48.3461 40.7007 17.8893 -0.21678 0.648223 411.072 0 0
1500 17.0158 -50.3346 17.8952 -0.652495 -0.802253 413.573 0 0
1500 92.4794 -10.0107 17.8164 0.587348 -0.100542 410.676 0 0
1500 36.3653 -13.1512 17.8349 -0.4089 -0.241072 410.715 0 0
1500 73.6361 38.2542 17.9441 0.322702 0.622875 411.912 0 0
1500 107.167 42.3038 17.8998 0.815604 0.635412 414.068 0 0
1500 59.0186 -32.6303 18.4111 0.0203382 -0.582254 408.551 0 0
1500 100.171 -3.98483 17.9029 0.723877 -0.0227101 412.226 0 0
1500 66.9209 19.5254 17.9139 0.192705 0.307511 418.87 0 0
1500 89.8943 -75.0199 17.8153 0.439827 -1.18974 413.93 0 0
1500 82.511 58.0236 17.7977 0.436069 0.902337 413.563 0 0
1500 115.294 -27.3981 17.7975 0.929669 -0.385436 413.615 0 0
1500 58.2374 11.7397 17.8245 0.0729213 0.21281 410.948 0 0
1500 121.505 -20.8377 17.7958 0.997454 -0.279364 415.332 0 0
1500 64.7445 64.7774 17.7989 0.161867 0.966556 416.144 0 0
1500 71.4713 33.8699 17.817 0.252142 0.503274 418.155 0 0
1500 103.646 -34.7241 17.8024 0.763556 -0.501993 412.799 0 0
1500 70.8278 53.2371 17.804 0.263694 0.842289 412.608 0 0
1500 77.4787 48.2094 17.8056 0.366422 0.767406 412.434 0 0
1500 111.548 -15.4316 17.8027 0.884557 -0.207797 412.765 0 0
1500 107.524 -31.3001 17.8359 0.82122 -0.501652 413.316 0 0
1500 61.1691 -17.6052 17.8595 0.110273 -0.271762 418.798 0 0
1500 89.6936 -35.4685 17.8439 0.559393 -0.573074 412.358 0 0
1500 98.7151 -43.1472 17.8661 0.68119 -0.694721 413.558 0 0
1500 115.606 -2.52489 17.8677 0.939632 -0.0819828 413.309 0 0
1500 70.6535 -6.45477 17.89 0.266693 -0.145901 411.324 0 0
1500 73.2191 -22.4876 17.8857 0.305373 -0.394502 411.616 0 0
1500 71.8532 -55.0675 18.0285 0.26703 -0.895211 414.31 0 0
1500 48.7984 8.44097 17.932 -0.163915 0.0595514 411.238 0 0
1500 109.867 -35.7093 17.8341 0.823808 -0.525256 416.893 0 0
1500 109.112 -36.3041 17.8344 0.812278 -0.533475 416.944 0 0
1500 75.8155 31.1085 17.8592 0.354239 0.46417 412.124 0 0
1500 98.6976 5.90894 18.0735 0.667246 0.0851062 419.693 0 0
1500 79.3564 17.1226 18.0788 0.436678 0.265913 413.194 0 0
1500 89.1185 -13.3889 17.9152 0.500681 -0.284058 412.796 0 0
1500 66.8567 -65.4354 17.8938 0.148662 -1.03769 416.032 0 0
1500 102.549 45.4058 17.8159 0.68319 0.755114 414.828 0 0
1500 93.3821 33.8351 17.8263 0.558243 0.594912 413.315 0 0
1500 63.9465 28.0329 17.8387 0.096976 0.462502 419.406 0 0
1500 47.4228 65.1939 17.8528 -0.120752 1.01793 416.815 0 0
1500 85.7754 -65.7602 17.8329 0.505474 -1.0244 413.011 0 0
1500 61.8886 66.0689 17.8847 0.0242805 1.04618 415.464 0 0
1500 44.1599 12.2664 17.9882 -0.243349 0.184382 420.439 0 0
1500 88.1571 66.7488 17.9594 0.509767 1.06147 415.26 0 0
1500 62.6893 8.27198 18.1667 0.0801606 0.178473 421.264 0 0
1500 23.195 5.74685 17.8826 -0.607016 0.0641523 413.23 0 0
1500 83.181 -64.2158 17.8009 0.314686 -0.998815 416.344 0 0
1500 16.3728 -43.7924 17.8065 -0.657481 -0.681451 417.891 0 0
1500 26.1136 41.8384 17.8134 -0.550242 0.591599 413.679 0 0
1500 48.9769 -61.4901 17.7973 -0.157155 -0.998793 415.244 0 0
1500 79.688 6.04908 17.9608 0.379156 0.0212116 413.243 0 0
1500 114.118 -34.8954 17.9346 0.86383 -0.580885 416.953 0 0
1500 76.3449 24.0105 17.8269 0.353091 0.403165 413.38 0 0
1500 150.288 -53.4494 17.794 1.34698 -0.869091 415.512 0 0
1500 55.0478 99.527 17.8642 -0.0920775 1.59697 413.694 0 0
1500 148.806 -81.569 17.8364 1.39289 -1.32352 414.382 0 0
1500 48.9287 -34.0756 18.0695 -0.0829349 -0.594506 414.255 0 0
1500 118.229 -20.9192 17.8157 0.929064 -0.260956 418.161 0 0
1500 60.8462 14.5424 17.8394 0.106842 0.27307 412.882 0 0
1500 49.7451 -46.7511 18.1546 -0.135204 -0.760467 415.334 0 0
1500 48.6078 -3.82224 18.17 -0.155121 -0.113489 414.173 0 0
1500 22.6185 -36.5896 17.8327 -0.54341 -0.637583 414.573 0 0
1500 81.3117 20.7624 18.7629 0.434498 0.344992 423.865 0 0
1500 34.0763 -4.16016 18.1475 -0.383046 -0.115781 414.563 0 0
1500 68.29 -19.3307 18.4375 0.188874 -0.326611 423.08 0 0
1500 63.5988 -29.6003 18.2818 0.117407 -0.473828 422.527 0 0
1500 66.6734 49.1683 17.8285 0.189904 0.80521 414.887 0 0
1500 77.7876 -10.7128 17.8444 0.328904 -0.103826 421.142 0 0
1500 52.1319 33.5118 17.8385 -0.0337055 0.572383 414.039 0 0
1500 121.622 15.251 17.8186 0.983038 0.270853 418.213 0 0
1500 86.6093 42.6493 17.827 0.494634 0.703414 415.049 0 0
1500 92.008 46.2377 17.8227 0.572561 0.752147 415.588 0 0
1500 95.3926 46.6939 17.8209 0.621271 0.755811 415.872 0 0
1500 77.9455 39.7124 17.971 0.388795 0.646537 415.141 0 0
1500 104.579 45.2307 17.9576 0.755313 0.69344 418.677 0 0
1500 114.524 -0.80312 17.9625 0.93493 0.0264692 416.074 0 0
1500 97.5707 51.5837 17.8894 0.63964 0.824266 417.265 0 0
1500 -5.73393 -5.75361 17.8035 -1.02573 -0.115047 416.713 0 0
1500 22.2775 -48.1436 17.8067 -0.613369 -0.758063 415.961 0 0
1500 35.935 -16.3578 17.8275 -0.377394 -0.256983 421.076 0 0
1500 22.8904 -55.6775 17.8028 -0.594384 -0.858099 417.04 0 0
1500 85.5841 0.647739 18.4091 0.544728 -0.0435826 416.34 0 0
1500 74.5316 44.3996 17.9963 0.202239 0.747294 411.192 0 0
1500 64.2954 -43.5908 17.9024 0.0973223 -0.745846 415.199 0 0
1500 50.7307 18.6862 17.8433 -0.052505 0.339892 413.918 0 0
1500 104.402 5.09218 18.08 0.862655 0.0471589 410.443 0 0
1500 8.09492 -2.76278 17.8745 -0.837129 -0.0194151 415.219 0 0
1500 103.337 -22.2593 18.1447 0.796187 -0.315899 416.798 0 0
1500 115.611 -28.1109 17.8232 0.892956 -0.366563 419.624 0 0
1500 91.2578 24.4023 18.0864 0.545095 0.388924 422.2 0 0
1500 29.0709 -73.1508 17.8558 -0.416953 -1.17957 416.761 0 0
1500 82.5631 59.3815 17.8944 0.362358 0.932541 419.691 0 0
1500 64.0981 11.1027 17.8425 0.163043 0.211912 414.472 0 0
1500 69.8051 -10.0192 17.8479 0.230173 -0.164428 422.277 0 0
1500 115.135 -25.3397 18.0643 0.93579 -0.417898 418.516 0 0
1500 106.132 -17.2467 17.8129 0.745331 -0.215849 421.4 0 0
1500 80.2534 46.2931 17.9558 0.388371 0.771246 416.949 0 0
1500 5.5726 35.9868 17.9534 -0.8114 0.596578 418.165 0 0
1500 66.723 55.9821 17.9585 0.102981 0.906458 417.329 0 0
1500 154.92 33.1071 18.02 1.65654 0.568229 413.078 0 0
1500 95.4838 30.5759 18.1651 0.654006 0.519658 417.68 0 0
1500 33.9637 -2.64821 17.8512 -0.44368 -0.00481068 415.478 0 0
1500 65.0396 -54.4296 17.8571 0.151755 -0.8292 421.592 0 0
1500 74.7602 -43.1437 17.8598 0.31275 -0.719358 416.603 0 0
1500 108.157 -37.3991 17.8806 0.761328 -0.605183 421.021 0 0
1500 46.0739 38.7443 18.0038 -0.129855 0.6979 412.51 0 0
1500 76.6442 117.498 17.7961 0.345048 1.79227 418.415 0 0
1500 117.554 17.0919 17.8937 0.966502 0.215315 418.498 0 0
1500 93.1752 -21.6617 17.909 0.562503 -0.344053 422.95 0 0
1500 62.4066 -30.1355 18.0496 0.0560687 -0.613905 409.054 0 0
1500 74.9763 -61.3987 17.8844 0.276462 -0.9892 419.007 0 0
1500 42.6714 10.5819 17.8727 -0.268323 0.107147 423.603 0 0
1500 38.3635 59.2851 17.9221 -0.273372 0.962387 418.811 0 0
1500 66.4039 60.6824 17.9247 0.1406 0.943086 421.659 0 0
1500 80.0546 -27.6535 17.9635 0.433004 -0.433383 417.033 0 0
1500 5.5455 -46.0544 17.8092 -0.790878 -0.716223 422.451 0 0
1500 87.4588 -35.8228 18.027 0.449017 -0.572215 423.581 0 0
1500 99.9584 -0.253653 18.0267 0.758041 0.0507085 414.013 0 0
1500 130.921 28.6078 17.9953 1.30867 0.427993 410.505 0 0
1500 108.226 -15.894 17.9271 0.851791 -0.184316 414.447 0 0
1500 65.1766 -38.5169 18.0522 0.140622 -0.665134 418.052 0 0
1500 -89.8991 5.82827 17.8004 -2.29134 0.0426752 419.032 0 0
1500 66.3169 -21.7909 18.3977 0.226668 -0.400008 418.834 0 0
1500 90.054 15.1311 18.1505 0.600116 0.258925 418.414 0 0
1500 53.3654 29.9346 18.1603 -0.166339 0.553414 408.791 0 0
1500 66.9604 -41.1836 17.9941 0.110583 -0.638533 424.165 0 0
1500 48.1823 8.98652 18.2358 -0.228759 0.158846 411.023 0 0
1500 100.092 -54.2378 18.4614 0.841083 -0.98623 411.523 0 0
1500 20.5852 14.8297 17.9662 -0.624612 0.265647 418.303 0 0
1500 0.749432 31.8893 17.9494 -0.8979 0.509874 420.582 0 0
1500 77.353 62.8086 17.8052 0.288882 1.00676 420.579 0 0
1500 14.8122 23.4625 17.8182 -0.663173 0.437987 418.201 0 0
1500 125.088 15.0885 17.8054 1.00044 0.29901 420.392 0 0
1500 112.586 37.6275 17.9293 0.844691 0.620537 421.43 0 0
1500 70.4996 55.772 17.9352 0.232393 0.911304 419.628 0 0
1500 94.1199 54.835 17.9299 0.569003 0.866798 421.948 0 0
1500 107.099 0.833927 17.9524 0.819345 -0.0400637 419.201 0 0
1500 93.8785 51.5881 17.8912 0.632116 0.919709 414.344 0 0
1500 63.9728 -64.8709 17.8015 0.0882599 -1.04051 421.016 0 0
1500 75.5076 -8.52093 17.8294 0.244553 -0.189335 425.268 0 0
1500 101.722 -49.8592 17.8015 0.650437 -0.816944 421.016 0 0
1500 61.3475 -43.2402 17.8189 0.0467784 -0.683531 424.439 0 0
1500 95.5648 -54.6709 17.8013 0.557393 -0.886463 421.178 0 0
1500 100.623 -22.7737 17.8149 0.655982 -0.427872 418.773 0 0
1500 34.8048 -52.1301 17.8074 -0.353506 -0.868923 419.613 0 0
1500 107.939 29.6558 17.9384 0.765475 0.487348 423.778 0 0
1500 63.6062 58.2783 17.9587 0.147956 0.937109 420.432 0 0
1500 78.0484 25.2206 17.9759 0.33898 0.407454 425.618 0 0
1500 102.529 5.08323 18.1621 0.720276 0.107554 425.755 0 0
1500 102.165 -10.3176 18.0561 0.799919 -0.106333 414.307 0 0
1500 62.3475 61.5156 17.8441 0.12406 0.977999 420.458 0 0
1500 114.967 28.2313 17.8419 0.910461 0.472312 420.98 0 0
1500 94.409 13.8601 17.8585 0.622882 0.265821 418.83 0 0
1500 93.5793 -3.31264 18.3316 0.672138 -0.0297478 420.874 0 0
1500 20.905 52.0817 17.8289 -0.57081 0.852905 421.243 0 0
1500 53.1443 65.5529 17.8276 -0.0872418 1.04407 421.916 0 0
1500 32.5671 41.3977 17.8423 -0.375892 0.657418 424.852 0 0
1500 119.703 -2.33309 17.9153 1.00701 -0.054992 421.315 0 0
1500 120.213 -18.5698 17.9142 0.987546 -0.289938 423.15 0 0
1500 72.3045 -21.4707 18.1178 0.276206 -0.351635 426.695 0 0
1500 59.982 0.248261 18.1345 0.0295626 0.0700393 419.597 0 0
1500 122.578 4.12976 18.1691 1.1558 0.0373356 416.726 0 0
1500 17.4416 -11.2462 17.9727 -0.671486 -0.172565 420.971 0 0
1500 84.2447 -46.116 18.0418 0.455489 -0.856348 414.663 0 0
1500 23.3935 20.5498 18.0463 -0.577781 0.319772 420.417 0 0
1500 93.8352 19.8958 17.8492 0.619801 0.34863 419.833 0 0
1500 71.627 -8.92642 17.8614 0.250508 -0.0872664 426.645 0 0
1500 75.6285 43.5747 17.846 0.337179 0.711177 420.116 0 0
1500 123.397 -14.4713 17.8326 1.03296 -0.174738 422.551 0 0
1500 -29.7671 21.8234 17.8291 -1.37251 0.271889 421.429 0 0
1500 69.2537 32.4122 18.0451 0.227589 0.568748 420.383 0 0
1500 96.9313 53.3251 17.8657 0.639134 0.815407 423.598 0 0
1500 82.694 62.339 17.8651 0.432888 0.951836 423.272 0 0
1500 119.84 -9.88804 17.8674 0.999469 -0.112313 421.879 0 0
1500 58.265 -3.55303 17.9691 0.049678 -0.110943 427.368 0 0
1500 40.432 -58.6414 17.8478 -0.249897 -0.957978 421.712 0 0
1500 131.849 -10.8021 18.2283 1.35369 -0.148509 415.026 0 0
1500 123.197 -12.5168 18.017 1.12249 -0.162339 418.888 0 0
1500 64.4818 3.79261 17.8333 0.146674 0.0911779 427.251 0 0
1500 91.9762 36.6584 17.8143 0.582924 0.604427 420.88 0 0
1500 26.5354 52.2213 17.8342 -0.444129 0.859128 422.007 0 0
1500 52.0735 65.7471 17.8375 -0.103063 1.0375 424.12 0 0
1500 80.936 3.19916 17.8643 0.341356 0.125781 420.081 0 0
1500 -0.983762 32.5028 17.8372 -0.889787 0.55331 423.584 0 0
1500 72.042 64.0436 17.8375 0.19271 1.02482 423.3 0 0
1500 96.2125 23.0012 17.8536 0.572992 0.429877 420.866 0 0
1500 71.7545 61.308 17.797 0.272053 0.957711 422.583 0 0
1500 104.346 -48.7091 17.9132 0.76304 -0.78153 422.979 0 0
1500 67.1598 22.5155 17.8362 0.104371 0.377227 428.859 0 0
1500 92.057 -16.4741 17.8641 0.596594 -0.23025 422.014 0 0
1500 33.9992 -16.0164 17.9624 -0.351193 -0.286115 428.27 0 0
1500 60.5193 -50.1223 17.9488 0.0204507 -0.832089 422.218 0 0
1500 75.2836 24.9285 19.0362 0.407376 0.554767 410.523 0 0
1500 -5.24774 -16.5899 17.8428 -1.01175 -0.224663 423.774 0 0
1500 14.6786 45.2163 17.8445 -0.720115 0.702424 423.259 0 0
1500 62.684 23.3704 17.8686 0.00136065 0.38862 420.777 0 0
1500 78.2238 13.3458 18.0958 0.356267 0.281264 421.845 0 0
1500 82.959 52.0796 18.0765 0.417363 0.852939 423.671 0 0
1500 67.3423 57.9254 17.8634 0.166838 0.948166 422.998 0 0
1500 19.832 54.3846 17.8593 -0.543479 0.881981 423.948 0 0
1500 78.5246 -4.83276 17.8859 0.346828 -0.00044231 420.905 0 0
1500 80.4925 -15.8196 17.9663 0.459599 -0.249122 416.666 0 0
1500 48.5184 64.4926 17.8308 -0.182988 1.02266 424.015 0 0
1500 65.4107 -16.7762 17.9307 0.17903 -0.318363 421.208 0 0
1500 109.665 -4.64737 17.9166 0.790867 -0.118145 427.451 0 0
1500 52.367 9.25775 17.947 -0.122209 0.206004 421.155 0 0
1500 -61.7551 -43.5621 17.8787 -1.94023 -0.77288 419.533 0 0
1500 76.9304 13.7477 18.1296 0.361507 0.212018 429.481 0 0
1500 69.7165 71.4814 17.865 0.257111 1.15122 421.235 0 0
1500 49.586 -52.8318 17.9542 -0.221291 -0.867141 417.548 0 0
1500 124.117 -0.715287 17.9565 1.17543 0.0173785 418.001 0 0
1500 90.479 -40.1787 17.8038 0.570915 -0.60732 422.768 0 0
1500 112.132 11.9919 17.8024 0.843128 0.181142 427.433 0 0
1500 98.227 -46.408 17.7968 0.68061 -0.693508 423.661 0 0
1500 123.847 -1.64529 17.8201 1.04697 -0.044502 425.159 0 0
1500 115 28.2154 17.8222 0.928446 0.403617 424.241 0 0
1500 80.401 17.3506 17.9502 0.450741 0.265072 418.959 0 0
1500 25.427 41.765 17.8769 -0.468391 0.710707 423.228 0 0
1500 55.1888 -51.3422 17.9368 -0.0497339 -0.794411 428.779 0 0
1500 78.316 57.0919 18.0269 0.327942 0.927067 425.236 0 0
1500 115.165 15.2869 17.8474 0.949392 0.229805 423.989 0 0
1500 38.4497 -49.3524 17.9852 -0.373866 -0.774204 421.432 0 0
1500 107.091 -5.19426 17.9209 0.778754 -0.16149 421.501 0 0
1500 129.401 -8.10327 18.0824 1.2154 -0.0738063 421.909 0 0
1500 65.5633 -4.37092 18.1092 0.0748253 -0.0700723 423.606 0 0
1500 118.013 26.7528 17.8305 0.909462 0.488908 423.776 0 0
1500 64.787 -42.6259 18.2027 0.155412 -0.719456 425.458 0 0
1500 79.0166 64.6516 17.8145 0.388318 1.01075 425.15 0 0
1500 63.03 55.8569 17.9564 0.148635 0.941352 422.466 0 0
1500 -3.76124 -12.1359 17.836 -0.957608 -0.209492 428.55 0 0
1500 22.0787 -36.3721 17.8452 -0.573208 -0.550844 429.768 0 0
1500 72.8748 -66.1272 17.7901 0.164985 -1.035 426.89 0 0
1500 33.8503 -7.48087 17.816 -0.39203 -0.155711 430.708 0 0
1500 79.1821 -63.645 17.7907 0.260399 -1.00509 426.425 0 0
1500 61.9658 52.1633 17.8314 0.11435 0.783467 429.822 0 0
1500 65.1016 51.2952 17.8504 0.071359 0.793851 429.949 0 0
1500 5.79299 40.1142 17.8387 -0.793288 0.65162 428.127 0 0
1500 112.395 42.2101 17.9492 0.976951 0.735397 420.163 0 0
1500 94.7212 40.6996 17.9611 0.555059 0.710236 423.447 0 0
1500 74.1646 37.9401 17.9384 0.35035 0.643679 420.088 0 0
1500 116.562 2.80603 18.168 1.03989 0.106091 421.772 0 0
1500 27.6941 35.0666 17.8589 -0.505231 0.491584 429.279 0 0
1500 5.41183 5.45727 17.8219 -0.87266 0.119501 425.636 0 0
1500 111.884 -35.1982 17.7982 0.773971 -0.598395 426.403 0 0
1500 121.892 9.1138 17.8658 1.08197 0.140273 424.163 0 0
1500 143.182 -48.6121 17.9041 1.36751 -0.743519 426.849 0 0
1500 96.2692 -1.34812 17.8315 0.607735 -0.0333255 431.399 0 0
1500 58.7367 -0.344011 18.0404 0.0524051 -0.0710988 432.943 0 0
1500 58.6644 -31.5625 18.0335 0.0517724 -0.506087 432.432 0 0
1500 1.07195 -31.4197 17.8239 -0.857606 -0.524069 429.304 0 0
1500 16.8715 -48.0542 17.8249 -0.625769 -0.763841 429.512 0 0
1500 93.3152 8.61344 17.9207 0.590146 0.0635649 425.296 0 0
1500 66.5266 -18.6734 17.9269 0.158676 -0.323208 432.329 0 0
1500 86.9879 -13.6655 18.3031 0.576383 -0.221113 426.623 0 0
1500 47.1399 9.51754 18.0523 -0.216097 0.163942 425.449 0 0
1500 56.0372 -65.875 17.8145 -0.0303265 -1.04406 428.888 0 0
1500 33.142 -35.3161 17.8854 -0.414114 -0.512812 431.958 0 0
1500 100.586 3.64606 17.8775 0.669123 0.082583 431.914 0 0
1500 100.191 17.2576 17.8731 0.721729 0.298854 426.203 0 0
1500 90.8215 26.9057 17.943 0.527897 0.489119 426.237 0 0
1500 64.6869 2.38878 17.9566 0.128647 0.114489 425.258 0 0
1500 64.8397 54.4278 17.9371 0.119554 0.844467 431.416 0 0
1500 95.239 7.25782 17.9464 0.598294 0.188325 425.956 0 0
1500 76.1048 41.967 17.9405 0.300976 0.71791 426.456 0 0
1500 95.5157 46.5066 17.8486 0.55281 0.739621 430.683 0 0
1500 114.199 -17.7992 18.333 0.996315 -0.368999 422.407 0 0
1500 55.7966 63.5967 17.828 0.0314081 1.04135 424.411 0 0
1500 42.6995 -0.027344 17.9648 -0.296058 -0.039096 424.798 0 0
1500 94.8391 14.9685 17.9744 0.582933 0.327306 420.828 0 0
1500 94.6429 -9.3444 17.9272 0.653192 -0.143421 426.447 0 0
1500 158.645 -90.5327 17.8887 1.58746 -1.53939 423.118 0 0
1500 98.3777 -45.5661 18.0977 0.76242 -0.807337 421.644 0 0
1500 97.4911 41.6779 17.9908 0.692511 0.677076 427.113 0 0
1500 58.8635 -62.0193 17.853 0.0273351 -1.00585 428.665 0 0
1500 6.32323 8.73311 17.8853 -0.835007 0.0775431 427.702 0 0
1500 87.933 91.7415 17.8736 0.536219 1.52829 424.61 0 0
1500 116.027 30.005 17.9057 0.93947 0.461991 430.408 0 0
1500 100.861 -17.4598 18.0398 0.666533 -0.340992 428.361 0 0
1500 42.153 40.2773 17.8772 -0.276766 0.609445 433.593 0 0
1500 52.737 -31.2597 17.9426 -0.0712872 -0.483536 437.755 0 0
1500 100.167 45.673 18.0913 0.706424 0.797716 426.345 0 0
1500 123.167 5.03892 17.9238 1.02239 0.112311 431.814 0 0
1500 111.36 -14.4181 17.9305 0.886133 -0.177922 429.058 0 0
1500 29.7832 -32.183 18.1402 -0.42836 -0.605524 424.756 0 0
1500 94.8762 50.3543 17.9361 0.67115 0.909833 422.912 0 0
1500 4.12945 34.3461 17.8733 -0.824834 0.548792 432.529 0 0
1500 45.0902 46.8677 17.8851 -0.226785 0.714317 434.053 0 0
1500 87.5502 -6.75379 18.0102 0.479636 -0.135636 436.115 0 0
1500 82.4409 -6.38691 18.0503 0.35959 -0.15776 435.775 0 0
1500 70.8842 64.1724 17.8079 0.168431 1.04876 429.422 0 0
1500 29.1749 34.2075 17.8793 -0.506733 0.55968 428.771 0 0
1500 19.4038 -54.755 17.9067 -0.615989 -0.840106 432.286 0 0
1500 84.7028 -47.8006 17.9561 0.448517 -0.889222 423.434 0 0
1500 78.5627 -29.0246 18.0522 0.305898 -0.511966 429.416 0 0
1500 66.286 -26.7305 18.0795 0.112522 -0.432568 436.484 0 0
1500 22.0391 -4.40128 17.914 -0.578243 0.0027287 428.999 0 0
1500 41.9021 11.1798 17.8395 -0.330997 0.18351 428.35 0 0
1500 30.0634 17.5679 17.8356 -0.464432 0.255019 435.472 0 0
1500 25.7167 -60.6671 17.8126 -0.553192 -0.89041 431.928 0 0
1500 77.5135 51.0496 18.1474 0.346663 0.950947 423.395 0 0
1500 73.7912 -4.00181 18.2358 0.332827 -0.146224 423.514 0 0
1500 101.383 -8.92074 18.0255 0.705138 -0.224678 426.147 0 0
1500 17.8658 19.2754 17.8999 -0.666489 0.244704 429.695 0 0
1500 68.8597 -53.5583 17.8317 0.0939309 -0.850952 429.916 0 0
1500 54.3708 56.2514 17.9125 -0.10938 0.977305 426.695 0 0
1500 111.259 14.8256 18.104 0.905184 0.241678 432.289 0 0
1500 95.0766 -0.769343 18.1177 0.61659 0.00784205 437.338 0 0
1500 120.714 14.8043 17.8319 0.988508 0.293187 431.483 0 0
1500 28.0391 36.1799 17.8584 -0.502359 0.617512 431.044 0 0
1500 14.7705 41.935 17.8516 -0.661875 0.661673 435.395 0 0
1500 52.7599 -6.54596 18.0904 -0.0537724 -0.184535 428.563 0 0
1500 117.037 34.6928 17.8225 0.868278 0.58597 433.808 0 0
1500 3.28266 35.0433 17.8241 -0.824224 0.600606 432.741 0 0
1500 84.7007 59.5402 17.8242 0.386259 0.941635 434.613 0 0
1500 121.504 -4.57265 17.8576 1.00823 -0.122276 433.159 0 0
1500 123.618 12.3419 17.8562 1.03226 0.130253 433.653 0 0
1500 97.8313 -39.567 17.9546 0.694368 -0.597865 433.165 0 0
1500 26.4163 53.5473 17.9054 -0.474895 0.836117 436.561 0 0
1500 44.4441 62.29 17.9039 -0.216275 0.96584 436.282 0 0
1500 90.6477 41.5528 17.9111 0.47633 0.702851 432.669 0 0
1500 30.6028 16.3421 18.0459 -0.509791 0.211106 426.34 0 0
1500 117.7 -50.2371 17.855 0.910867 -0.833784 433.599 0 0
1500 119.454 20.421 17.9025 1.06371 0.281364 429.174 0 0
1500 81.4379 -41.0774 17.8522 0.337028 -0.704165 432.809 0 0
1500 17.7434 -40.2361 17.8476 -0.598159 -0.643692 437.612 0 0
1500 54.0662 -57.2464 17.847 -0.0781605 -0.888274 437.532 0 0
1500 29.6564 -56.1502 17.8422 -0.432518 -0.881619 436.815 0 0
1500 27.0954 -6.96451 17.8329 -0.489447 -0.18621 432.007 0 0
1500 60.0206 -61.2588 17.8126 0.0228508 -0.998643 434.167 0 0
1500 87.9183 -57.4181 17.8107 0.44007 -0.93365 434.671 0 0
1500 132.629 -29.4645 17.9701 1.20351 -0.489719 434.284 0 0
1500 104.812 -46.9455 17.9167 0.720492 -0.758409 436.207 0 0
1500 153.554 -35.3503 17.9807 1.55953 -0.610476 432.639 0 0
1500 53.8304 49.6044 17.8604 -0.0167587 0.763058 439.464 0 0
1500 117.056 14.1523 17.9344 0.91059 0.230164 439.836 0 0
1500 24.481 -93.8293 17.8917 -0.602343 -1.50192 432.614 0 0
1500 53.3301 35.7475 17.9256 -0.0767177 0.568236 441.447 0 0
1500 68.5243 -42.6674 17.8548 0.12747 -0.725382 435.084 0 0
1500 82.3419 -35.9825 18.1207 0.413747 -0.559598 442.043 0 0
1500 82.9643 27.5347 17.9261 0.472044 0.408174 435.164 0 0
1500 117.74 -20.6794 17.9093 0.945194 -0.314918 439.53 0 0
1500 98.0925 -33.569 17.9185 0.648818 -0.492076 440.832 0 0
1500 117.717 30.1118 17.8134 0.956128 0.429079 437.89 0 0
1500 79.2444 -7.13869 17.8391 0.406449 -0.12982 434.45 0 0
1500 93.2664 -41.3754 17.8218 0.611393 -0.649689 435.928 0 0
1500 55.2793 -8.72377 17.8401 -0.0904872 -0.199344 434.666 0 0
1500 112.168 -29.5152 17.8589 0.834072 -0.537417 435.17 0 0
1500 106.51 -44.1822 17.9234 0.801801 -0.670656 438.903 0 0
1500 101.63 14.1222 17.9369 0.755364 0.197798 436.602 0 0
1500 112.177 36.0542 17.8118 0.883195 0.523815 438.49 0 0
1500 27.2917 -60.9323 17.8354 -0.434185 -1.01048 436.321 0 0
1500 125.214 13.6925 17.9128 1.08788 0.177841 438.996 0 0
1500 127.363 -3.39122 18.0774 1.27602 -0.0702671 431.068 0 0
1500 108.078 40.7156 17.8339 0.784431 0.642595 441.074 0 0
1500 15.9556 10.9855 17.974 -0.643536 0.163886 443.765 0 0
1500 82.1141 27.7449 18.4939 0.397613 0.505534 431.894 0 0
1500 79.5418 62.0742 17.793 0.360763 0.982628 440.645 0 0
1500 121.174 -1.09289 17.796 0.994854 0.0440183 439.629 0 0
1500 67.1822 35.3934 17.8123 0.184848 0.611942 437.782 0 0
1500 14.6759 49.5721 17.795 -0.611186 0.806508 439.829 0 0
1500 124.682 0.727253 17.7935 1.03673 0.070742 440.337 0 0
1500 79.0355 32.0566 17.8133 0.335649 0.509579 444.168 0 0
1500 96.0005 53.7968 17.7929 0.6037 0.856992 440.845 0 0
1500 -3.30904 -14.1152 17.8347 -1.02795 -0.246962 438.188 0 0
1500 44.8192 56.3972 18.0142 -0.250919 0.905356 438.712 0 0
1500 80.4758 -56.7576 18.4702 0.457846 -1.03894 433.596 0 0
1500 89.9681 -50.8202 18.021 0.480368 -0.848916 439.908 0 0
1500 97.114 45.1447 17.8916 0.658768 0.723531 441.462 0 0
1500 98.7169 -18.3961 17.9312 0.700628 -0.323203 440.38 0 0
1500 180.562 -49.6749 18.1119 2.19401 -0.828915 433.616 0 0
1500 109 15.2088 17.8135 0.83023 0.175901 440.566 0 0
1500 35.4426 -62.8414 17.805 -0.283263 -0.971237 443.908 0 0
1500 25.2292 39.6349 17.9992 -0.633392 0.711517 434.353 0 0
1500 74.576 31.8988 18.2028 0.315447 0.660839 431.575 0 0
1500 47.1713 23.4975 17.9472 -0.177778 0.385719 447.555 0 0
1500 72.4981 26.4789 17.9449 0.194859 0.474355 440.446 0 0
1500 29.3978 51.1456 17.927 -0.460203 0.833895 442.184 0 0
1500 41.8747 47.9071 17.9353 -0.255308 0.736745 446.533 0 0
1500 78.4358 74.6653 18.0915 0.396869 1.34207 435.862 0 0
1500 47.4564 46.6505 17.8798 -0.10781 0.77574 442.063 0 0
1500 36.0369 -61.5833 17.8041 -0.282347 -0.956755 446.097 0 0
1500 101.186 -14.5488 17.8183 0.648695 -0.265501 447.885 0 0
1500 73.7152 -39.3927 17.8195 0.258729 -0.616857 447.994 0 0
1500 23.6029 -40.1199 17.9432 -0.506612 -0.68647 443.39 0 0
1500 95.7023 49.9897 17.8761 0.648597 0.752702 444.392 0 0
1500 86.878 39.2588 17.8844 0.524475 0.614212 443.443 0 0
1500 63.9514 37.1456 17.8212 0.159198 0.610837 442.577 0 0
1500 57.1112 66.9713 17.8037 0.0497573 1.00861 446.751 0 0
1500 72.3318 -18.5542 17.8281 0.291562 -0.256045 442.085 0 0
1500 117.672 -25.4669 17.8049 0.929463 -0.338173 447.006 0 0
1500 47.6315 59.9566 17.8805 -0.134989 0.976325 444.795 0 0
1500 60.9181 -20.4429 17.9967 0.0143102 -0.337485 450.466 0 0
1500 26.6651 -23.8105 17.9897 -0.464932 -0.38718 449.923 0 0
1500 59.2148 -52.3037 17.9797 -0.0102176 -0.852698 444.327 0 0
1500 89.6098 -25.4696 18.0298 0.613675 -0.39551 439.152 0 0
1500 61.8412 -57.0862 17.8514 -0.012485 -0.889997 444.832 0 0
1500 32.1187 -61.3599 17.8434 -0.455073 -0.933435 446.358 0 0
1500 71.516 -45.4636 17.8585 0.13651 -0.720623 444.118 0 0
1500 36.6212 -33.3149 17.861 -0.402673 -0.535077 443.91 0 0
1500 -1.5854 16.0644 17.846 -0.967674 0.222595 445.636 0 0
1500 93.9813 39.8081 17.8308 0.614841 0.646169 445.268 0 0
1500 71.8254 11.2663 18.019 0.279397 0.174417 451.897 0 0
1500 90.7112 -58.0266 17.871 0.543474 -0.889443 448.563 0 0
1500 84.9778 52.8018 18.0608 0.512468 0.873373 444.819 0 0
1500 100.541 -17.5367 17.8327 0.65129 -0.347694 445.972 0 0
1500 80.3188 -24.7845 17.8387 0.341712 -0.462968 445.494 0 0
1500 76.4188 -4.12051 17.931 0.327788 -0.0938996 453.657 0 0
1500 51.3819 14.2303 18.098 -0.117688 0.286713 447.145 0 0
1500 53.1564 57.4208 17.8275 -0.0725778 0.94838 449.423 0 0
1500 92.0272 20.0357 17.9773 0.62225 0.367552 448.573 0 0
1500 124.641 -13.1963 17.8254 1.01146 -0.267066 453.637 0 0
1500 111.05 4.01906 17.9142 0.847937 -0.00883904 452.42 0 0
1500 10.335 -23.0515 17.9338 -0.762754 -0.406666 454.224 0 0
1500 114.003 -25.1331 17.9168 0.922725 -0.349704 457.84 0 0
1500 -5.59867 -13.5047 17.8009 -0.998759 -0.138216 459.328 0 0
1500 61.443 23.031 18.029 0.0636996 0.431618 458.313 0 0
1500 39.5335 62.6057 17.9425 -0.356409 1.10596 459.171 0 0
1500 20.2105 -36.9427 17.8946 -0.571079 -0.583004 471.926 0 0
