Total number of secondary electrons: 1565
1500 88.64 -1.85941 18.1853 0.884263 -0.0421124 248.065 0 0
1500 108.209 23.3763 17.7605 1.31536 0.619413 254.901 0 0
1500 117.149 -24.5945 17.176 1.39165 -0.474528 269.263 0 0
1500 83.2497 8.59639 15.7099 0.560654 0.236418 277.029 0 0
1500 88.9487 -0.348692 16.0824 0.717683 -0.0256633 277.847 0 0
1500 98.4922 -3.61106 15.4632 0.709576 -0.0610779 286.797 0 0
1500 90.9611 -12.8624 16.3204 0.744684 -0.218317 287.268 0 0
1500 91.9707 -9.35078 15.661 0.649566 -0.126877 290.105 0 0
1500 62.1256 39.4525 14.2941 0.0745366 0.602776 297.499 0 0
1500 83.8086 -8.74369 15.6521 0.513086 -0.115096 297.627 0 0
1500 95.1763 1.82542 15.6887 0.680803 0.00227123 297.937 0 0
1500 89.2844 7.93967 15.4711 0.591204 0.0604277 299.398 0 0
1500 85.0462 4.38328 15.7951 0.577199 0.0216403 299.574 0 0
1500 99.8542 8.80374 16.045 0.764844 0.10389 303.08 0 0
1500 69.9803 16.8807 14.1492 0.209063 0.242467 303.342 0 0
1500 42.3393 -9.72767 14.1001 -0.240152 -0.0811629 303.575 0 0
1500 70.3183 -21.2916 15.4578 0.28564 -0.421255 303.769 0 0
1500 107.94 -10.4222 16.7786 0.971216 -0.156584 304.128 0 0
1500 45.5837 -25.1882 14.5867 -0.119635 -0.385635 304.683 0 0
1500 86.5182 5.31888 16.6741 0.658334 0.0830585 305.28 0 0
1500 83.686 17.6936 15.4525 0.483105 0.232247 307.235 0 0
1500 110.158 -33.2511 14.4011 0.642433 -0.456878 307.304 0 0
1500 93.2082 -4.62103 15.459 0.587075 -0.0142689 307.425 0 0
1500 150.083 13.015 14.3033 1.16129 0.11327 308.523 0 0
1500 104.147 -12.9234 16.6322 0.970035 -0.176188 308.678 0 0
1500 64.108 -21.0465 14.4661 0.133262 -0.301495 308.879 0 0
1500 104.815 -37.7682 14.4465 0.629368 -0.45486 309.738 0 0
1500 47.8277 -8.28285 14.473 -0.111788 -0.135093 310.018 0 0
1500 31.372 6.71102 14.4475 -0.353951 0.0976167 310.251 0 0
1500 97.5481 -11.7063 16.6121 0.831032 -0.172993 310.668 0 0
1500 89.5395 -5.37245 16.2796 0.599949 -0.0713452 310.828 0 0
1500 47.1664 33.486 14.4478 -0.167864 0.407645 310.921 0 0
1500 29.1303 25.9109 14.4509 -0.371444 0.314824 312.26 0 0
1500 125.281 12.8088 14.3686 0.805713 0.215794 312.688 0 0
1500 97.7377 75.5338 14.495 0.525479 1.00414 313.149 0 0
1500 120.604 -14.9659 15.6737 1.04902 -0.205286 314.799 0 0
1500 90.9438 19.3959 15.1896 0.525651 0.268396 314.877 0 0
1500 87.2216 -4.32275 15.4756 0.478905 -0.105867 314.974 0 0
1500 43.8626 85.5316 14.3807 -0.15136 1.03181 315.085 0 0
1500 81.9209 10.3003 15.1567 0.403857 0.19502 315.347 0 0
1500 79.2403 3.15247 15.9767 0.47549 0.0819835 316.244 0 0
1500 80.9992 1.6071 16.0634 0.491839 0.0701509 316.803 0 0
1500 92.5243 3.99183 15.9046 0.620836 0.029364 316.931 0 0
1500 100.825 -16.3262 15.9896 0.851332 -0.34134 317.722 0 0
1500 90.031 2.52396 14.5581 0.476967 0.0393938 319.152 0 0
1500 116.168 11.824 16.0734 1.19829 0.243038 319.796 0 0
1500 134.158 50.9702 14.4921 1.0156 0.694844 320.466 0 0
1500 61.9449 -49.0818 14.5403 0.0305937 -0.694871 320.719 0 0
1500 100.787 -3.36843 14.6018 0.570554 -0.103209 321.233 0 0
1500 72.4104 14.1572 14.4987 0.249951 0.224776 321.662 0 0
1500 86.227 2.96933 16.3098 0.61302 0.00989421 321.863 0 0
1500 99.8753 -9.1102 15.088 0.641394 -0.11002 321.997 0 0
1500 74.9063 -0.348256 15.708 0.379698 0.00917792 322.323 0 0
1500 76.4329 1.21846 15.2804 0.393126 0.0156586 322.52 0 0
1500 28.4504 17.0276 14.263 -0.319975 0.23666 322.565 0 0
1500 83.5909 4.60972 15.911 0.53254 0.088347 322.742 0 0
1500 41.5948 -54.4883 14.5536 -0.224375 -0.729718 322.767 0 0
1500 33.9817 -9.72289 14.305 -0.31413 -0.172542 323.885 0 0
1500 76.4178 -58.5837 14.3398 0.195994 -0.749586 325.511 0 0
1500 101.33 1.41125 15.7437 0.707056 0.0170099 326.071 0 0
1500 76.3924 -4.86638 14.7425 0.33142 -0.0476577 326.148 0 0
1500 104.301 -8.3576 16.1378 0.956039 -0.151529 326.426 0 0
1500 127.895 -23.8102 14.7623 0.990228 -0.360641 326.697 0 0
1500 99.1589 25.4935 15.9255 0.809579 0.504246 327.153 0 0
1500 120.636 12.9234 15.6706 1.06 0.173912 327.429 0 0
1500 147.358 9.69808 14.6777 1.20514 0.156865 329.514 0 0
1500 84.1155 -2.375 14.8754 0.415171 -0.0738045 330.195 0 0
1500 82.2343 7.8391 16.348 0.494223 0.151781 331.134 0 0
1500 -4.63588 10.5529 14.8286 -0.796966 0.100489 331.745 0 0
1500 77.5459 16.3818 15.6951 0.377558 0.233804 332.691 0 0
1500 87.7478 -10.8854 15.3276 0.45426 -0.18089 332.907 0 0
1500 88.6003 -1.37834 15.9916 0.544351 -0.00172437 333.457 0 0
1500 40.0319 33.2774 15.2773 -0.2552 0.564097 333.701 0 0
1500 84.0266 -6.45843 15.8437 0.363668 -0.0701975 334.995 0 0
1500 101.89 24.6597 15.7709 0.718555 0.454439 335.058 0 0
1500 80.8201 3.64529 16.331 0.392486 0.00363138 335.232 0 0
1500 90.4994 5.63619 16.7647 0.592502 0.099147 335.406 0 0
1500 98.2654 -4.20919 16.1399 0.652577 -0.0364404 335.84 0 0
1500 4.43945 -56.3832 15.1043 -0.708605 -0.666842 336.159 0 0
1500 92.3046 -16.9077 16.0937 0.557952 -0.241178 336.74 0 0
1500 -9.06993 -48.2995 15.1882 -0.861343 -0.562042 337.187 0 0
1500 95.3807 -5.00384 16.4505 0.656926 -0.0256072 337.366 0 0
1500 81.4044 36.7744 15.5015 0.313647 0.513433 337.521 0 0
1500 47.6 13.4142 15.417 -0.161803 0.203117 337.573 0 0
1500 93.1229 37.3583 15.5282 0.45578 0.518294 337.886 0 0
1500 156.926 10.6853 15.6515 1.47949 0.117101 337.9 0 0
1500 30.9007 23.9257 15.451 -0.368804 0.332811 338.053 0 0
1500 94.5477 41.4081 15.5452 0.471902 0.566302 338.116 0 0
1500 128.902 -55.1397 15.4462 0.944963 -0.700293 339.015 0 0
1500 64.3414 -44.4348 16.1112 0.110935 -0.67081 339.3 0 0
1500 107.292 11.5748 17.0226 0.856701 0.21987 339.791 0 0
1500 73.9838 -0.0772275 17.228 0.369675 -0.0213345 340.881 0 0
1500 120.329 -2.30302 15.7449 0.832592 -0.0676848 341.672 0 0
1500 65.5839 18.2373 15.7472 0.149217 0.215131 341.772 0 0
1500 112.387 14.6499 15.771 0.750315 0.204346 341.999 0 0
1500 91.9398 -15.2087 15.9195 0.447101 -0.24942 342.036 0 0
1500 72.5551 -33.3142 15.9204 0.206124 -0.47437 342.051 0 0
1500 66.8413 -38.791 15.9286 0.134912 -0.541598 342.175 0 0
1500 116.347 -0.223691 15.9221 0.801146 0.0308781 342.392 0 0
1500 80.8004 -2.97294 16.0828 0.316426 -0.076809 342.695 0 0
1500 97.3736 6.71284 17.1468 0.681693 0.0983509 344.037 0 0
1500 75.7824 -8.15958 17.5496 0.44225 -0.145275 344.791 0 0
1500 92.356 30.3964 16.3223 0.538755 0.403477 345.412 0 0
1500 80.9608 -1.12891 16.989 0.40869 -0.001179 345.827 0 0
1500 69.9487 -51.2307 15.9909 0.194228 -0.701908 346.11 0 0
1500 110.346 0.402141 15.9689 0.723437 -0.0275333 346.236 0 0
1500 10.2344 -53.5462 15.995 -0.647934 -0.668724 346.381 0 0
1500 80.4496 137.187 16.0373 0.241369 1.90344 346.514 0 0
1500 81.0971 6.99451 16.9879 0.464444 0.057657 346.805 0 0
1500 91.9605 -57.3669 16.0332 0.483555 -0.751291 347.276 0 0
1500 30.0239 17.874 16.248 -0.440979 0.286642 347.361 0 0
1500 87.9269 18.4351 17.4624 0.602954 0.339206 347.767 0 0
1500 95.3578 12.2617 16.9167 0.62463 0.158746 347.851 0 0
1500 69.0223 31.0759 16.2371 0.196508 0.451485 347.852 0 0
1500 144.068 40.4594 16.2404 1.23446 0.561654 348.909 0 0
1500 86.4975 -9.5923 17.6542 0.563377 -0.15419 349.221 0 0
1500 87.2321 28.7633 17.6696 0.608761 0.481966 349.559 0 0
1500 63.9603 -5.71245 16.4377 0.146317 -0.0515547 349.771 0 0
1500 62.1717 -0.13682 17.0767 0.114994 0.0265074 349.871 0 0
1500 50.0008 -18.8164 16.3865 -0.0746104 -0.309599 350.139 0 0
1500 88.1951 -24.6959 16.3536 0.478529 -0.320561 350.137 0 0
1500 56.0429 57.3804 16.2226 -0.0242644 0.800243 350.174 0 0
1500 91.5665 -2.2709 16.6993 0.520992 0.0234064 350.33 0 0
1500 56.8083 -28.7293 16.3975 0.0139748 -0.437416 350.356 0 0
1500 72.1633 -17.3404 16.9762 0.26786 -0.276895 350.883 0 0
1500 88.558 -9.41943 17.1326 0.526557 -0.161868 350.905 0 0
1500 101.849 -19.0026 16.4328 0.593414 -0.308402 351.041 0 0
1500 66.3992 35.3808 16.5667 0.164286 0.515275 351.081 0 0
1500 90.0959 -10.1207 16.9931 0.488308 -0.186643 351.198 0 0
1500 82.0194 14.2391 16.7515 0.403748 0.232095 351.294 0 0
1500 80.827 -14.8644 16.5427 0.343783 -0.255744 351.331 0 0
1500 23.9718 63.4317 16.2955 -0.428637 0.863664 351.456 0 0
1500 78.8235 17.3748 17.1511 0.337749 0.272328 352.557 0 0
1500 61.8665 -64.3986 16.4966 0.0136372 -0.897206 352.574 0 0
1500 122.871 51.2653 16.7508 0.982594 0.76254 352.606 0 0
1500 109.509 11.1864 17.0114 0.819665 0.158387 353.089 0 0
1500 58.6655 -3.24169 16.5874 0.0401052 -0.108127 353.13 0 0
1500 61.9823 22.2162 16.6062 0.0415287 0.348897 353.549 0 0
1500 61.4467 3.25371 17.5466 0.13015 0.0611231 353.945 0 0
1500 72.512 10.5357 17.0974 0.255807 0.196483 354.201 0 0
1500 69.0424 -8.66504 17.4147 0.250649 -0.138209 354.436 0 0
1500 84.7929 81.8269 16.7621 0.396113 1.20964 354.548 0 0
1500 109.216 -29.9756 17.1112 0.812812 -0.499218 355.176 0 0
1500 63.977 -64.7463 16.6019 0.0360589 -0.875528 355.341 0 0
1500 92.5703 -6.52877 17.4439 0.605822 -0.103694 355.503 0 0
1500 87.4471 -12.4083 17.3422 0.493372 -0.215513 355.754 0 0
1500 93.4922 -14.8755 17.3354 0.588686 -0.231605 356.339 0 0
1500 100.464 18.3108 16.8167 0.641811 0.231011 356.694 0 0
1500 153.177 -16.1025 17.072 1.46768 -0.27766 357.164 0 0
1500 107.104 32.8454 16.6764 0.707895 0.41288 357.475 0 0
1500 88.7367 2.39352 16.8195 0.406294 -0.0147337 357.496 0 0
1500 75.5924 7.06722 16.9108 0.32982 0.0851725 357.493 0 0
1500 137.005 -45.6476 16.9326 1.20655 -0.65881 357.675 0 0
1500 85.3394 -1.15072 16.8027 0.436962 0.00811436 358.226 0 0
1500 109.49 -22.5334 16.9918 0.714474 -0.352996 358.695 0 0
1500 -36.4099 -8.00487 16.7171 -1.22063 -0.129926 359.211 0 0
1500 101.465 -52.234 16.7557 0.608641 -0.720446 359.246 0 0
1500 95.7102 67.1918 16.7331 0.522324 0.897664 359.337 0 0
1500 27.3116 25.2785 16.8824 -0.432169 0.382882 359.633 0 0
1500 71.3179 13.2226 17.29 0.23825 0.194808 359.817 0 0
1500 81.7171 12.7461 16.8078 0.317701 0.19268 359.976 0 0
1500 46.5691 -104.137 16.7821 -0.185789 -1.38068 359.983 0 0
1500 61.1852 -22.2232 16.8102 0.0966188 -0.336003 360.155 0 0
1500 107.068 -16.3876 17.2388 0.744155 -0.232143 360.394 0 0
1500 57.5373 -91.9913 17.4991 -0.0336295 -1.51592 360.772 0 0
1500 66.0722 9.04254 17.33 0.179585 0.148109 360.924 0 0
1500 82.9953 19.3847 17.2783 0.336927 0.297719 360.996 0 0
1500 105.56 -11.8701 17.077 0.670324 -0.215166 361.5 0 0
1500 113.9 41.8265 17.0396 0.762407 0.591403 362.028 0 0
1500 34.8433 -47.7756 17.0876 -0.293993 -0.685186 362.185 0 0
1500 62.5482 44.1938 17.1005 0.110138 0.726022 362.429 0 0
1500 75.2678 -9.24923 17.4074 0.311603 -0.180949 362.49 0 0
1500 68.9188 -11.6025 17.4242 0.20106 -0.215367 362.578 0 0
1500 120.898 35.3695 16.9185 0.865361 0.419741 362.731 0 0
1500 56.5152 -72.3076 16.9233 0.032983 -0.970963 362.838 0 0
1500 42.3919 29.9599 17.0103 -0.164535 0.456408 363.022 0 0
1500 49.6462 48.8792 17.0025 -0.124868 0.710977 363.324 0 0
1500 131.822 -23.0167 17.5344 1.20236 -0.369186 363.523 0 0
1500 79.9427 6.3564 17.4386 0.385711 0.135294 363.783 0 0
1500 79.3396 -19.2179 17.266 0.32916 -0.257445 363.878 0 0
1500 105.72 -61.1277 16.9883 0.656454 -0.812063 364.227 0 0
1500 63.863 -6.47627 17.7931 0.14836 -0.128412 364.344 0 0
1500 81.9338 29.2794 17.0204 0.326381 0.391257 364.44 0 0
1500 81.8075 1.50309 17.8677 0.404427 0.0582756 364.78 0 0
1500 61.2796 -5.91093 18.054 0.138588 -0.118993 365.002 0 0
1500 128.155 18.2594 17.6791 1.18841 0.277714 365.319 0 0
1500 131.444 -26.8799 17.0431 0.96909 -0.372477 365.334 0 0
1500 145.074 -14.3859 17.2608 1.37374 -0.161801 365.355 0 0
1500 100.972 11.8113 17.3364 0.651932 0.112929 365.487 0 0
1500 24.9859 26.7608 17.2403 -0.49101 0.355456 365.64 0 0
1500 79.2249 -13.7794 18.0549 0.438871 -0.220091 365.933 0 0
1500 88.3484 -10.1983 17.4549 0.509746 -0.161037 366.018 0 0
1500 77.2842 -74.6494 17.0813 0.28902 -0.960984 366.079 0 0
1500 89.322 -17.7615 18.0684 0.563617 -0.269069 366.304 0 0
1500 -6.57138 -50.0267 17.24 -0.900369 -0.754568 366.746 0 0
1500 96.9555 36.5714 18.0177 0.679272 0.601118 366.829 0 0
1500 77.5082 -0.0497117 18.8401 0.436029 0.0432507 367.198 0 0
1500 85.9451 1.90471 18.0636 0.522727 0.06744 367.359 0 0
1500 70.7128 15.8407 17.4775 0.252247 0.270016 367.339 0 0
1500 104.956 -26.4152 17.4837 0.695297 -0.450024 367.388 0 0
1500 91.697 3.08472 18.5722 0.759515 0.0364145 367.397 0 0
1500 64.4682 64.9017 17.2769 0.0806911 0.918256 367.52 0 0
1500 70.0036 -2.95351 17.198 0.233393 -0.0640861 367.647 0 0
1500 88.5771 0.739309 18.4417 0.606405 0.00788889 367.745 0 0
1500 61.3551 -32.8683 17.616 0.0495934 -0.484035 368.172 0 0
1500 92.1161 -13.4453 17.3849 0.55127 -0.211435 368.204 0 0
1500 58.4612 -51.0905 17.2345 0.0601952 -0.744478 368.252 0 0
1500 72.2164 -12.0355 17.6198 0.270056 -0.242939 368.63 0 0
1500 52.6844 57.1895 17.4778 -0.0159456 0.908688 368.642 0 0
1500 94.8153 -45.9886 17.2528 0.551923 -0.669086 368.878 0 0
1500 85.2542 31.6744 17.5546 0.427457 0.589395 368.867 0 0
1500 75.2668 -15.605 17.6209 0.252636 -0.270941 368.969 0 0
1500 86.5582 -13.3212 18.1459 0.505738 -0.233014 369.215 0 0
1500 100.521 0.572335 17.8884 0.731292 0.084454 369.206 0 0
1500 90.1967 -16.0386 18.593 0.704866 -0.324884 369.606 0 0
1500 113.676 7.63657 17.6293 0.850519 0.139516 369.698 0 0
1500 72.9484 -19.1635 17.4811 0.240385 -0.333289 369.849 0 0
1500 99.0214 -11.7094 17.9608 0.67508 -0.199066 369.982 0 0
1500 79.4192 -13.1689 18.4603 0.401795 -0.218986 370.161 0 0
1500 62.7463 -32.8177 17.4867 0.0992031 -0.520016 370.096 0 0
1500 70.2462 -6.61786 17.7173 0.253457 -0.152017 370.176 0 0
1500 79.7114 -9.33265 18.5531 0.489498 -0.156355 370.204 0 0
1500 -9.26131 -6.6304 17.2813 -0.956791 -0.0462301 370.268 0 0
1500 121.608 -32.2948 17.2981 0.897507 -0.474583 370.293 0 0
1500 76.9423 -26.9943 17.9951 0.316992 -0.425484 370.314 0 0
1500 62.0634 -3.4974 17.504 0.0546645 -0.0977866 370.51 0 0
1500 79.9862 -23.9712 17.7278 0.383757 -0.386019 370.633 0 0
1500 64.433 -4.46456 17.9584 0.0917072 -0.062012 370.633 0 0
1500 37.7724 -57.5074 17.434 -0.292665 -0.833631 370.846 0 0
1500 45.9125 58.6799 17.6058 -0.157131 0.907101 370.968 0 0
1500 89.0134 27.2805 18.0305 0.519051 0.423372 371.033 0 0
1500 138.049 38.7668 17.6524 1.27556 0.598085 371.049 0 0
1500 64.709 13.6539 17.4699 0.157481 0.244512 371.31 0 0
1500 73.7181 -7.62529 18.359 0.322873 -0.0977771 371.5 0 0
1500 -9.19558 38.2844 17.2851 -0.940794 0.470277 371.458 0 0
1500 66.751 -52.0053 17.4812 0.179386 -0.755628 371.7 0 0
1500 126.583 24.3174 17.4036 0.958589 0.377227 372.06 0 0
1500 74.1369 -40.684 17.8741 0.244299 -0.662887 372.078 0 0
1500 94.8857 31.2325 17.6106 0.576342 0.506024 372.111 0 0
1500 56.5007 20.7358 17.666 -0.0351811 0.376136 372.735 0 0
1500 45.3515 -21.4365 17.5474 -0.163411 -0.307516 372.749 0 0
1500 98.0353 -58.7578 17.4053 0.562965 -0.795951 373.15 0 0
1500 77.1363 -23.3226 17.452 0.344504 -0.311905 373.258 0 0
1500 14.6922 -28.0072 17.4607 -0.648316 -0.34781 373.448 0 0
1500 102.056 -55.9282 17.4534 0.603513 -0.77345 373.771 0 0
1500 74.599 -15.3302 17.8216 0.245955 -0.268805 373.786 0 0
1500 62.5541 -47.3443 17.5008 0.113258 -0.71488 373.775 0 0
1500 133.208 -27.7939 17.4418 1.11876 -0.360227 373.863 0 0
1500 88.2071 -7.62001 17.872 0.455151 -0.16221 374.22 0 0
1500 83.8001 10.6484 17.4475 0.396213 0.214141 374.208 0 0
1500 67.2743 -12.655 18.8953 0.260657 -0.300751 374.227 0 0
1500 97.7336 -2.30137 18.0077 0.652362 0.0248998 374.288 0 0
1500 72.398 -57.1855 17.6323 0.218103 -0.846112 374.27 0 0
1500 78.3875 3.32029 18.4274 0.388968 0.00066991 374.293 0 0
1500 162.266 -44.7756 17.6417 1.72964 -0.701565 374.475 0 0
1500 39.5976 -32.2055 17.9454 -0.332952 -0.565743 374.511 0 0
1500 79.626 -26.3284 17.8091 0.328877 -0.36824 374.702 0 0
1500 69.1103 -18.9595 17.8035 0.218738 -0.263442 374.686 0 0
1500 22.6398 -31.7252 17.6404 -0.563601 -0.445965 374.679 0 0
1500 57.747 -45.5125 17.4303 -0.0266326 -0.626944 374.711 0 0
1500 185.697 -36.1866 17.5325 1.97652 -0.580668 374.786 0 0
1500 110.969 -27.8392 17.4842 0.802608 -0.367424 374.799 0 0
1500 47.5897 -8.7277 17.738 -0.110135 -0.191305 374.819 0 0
1500 131.425 27.2529 17.6211 1.2042 0.479111 374.831 0 0
1500 104.247 -50.9498 18.4113 0.823741 -0.990035 374.892 0 0
1500 76.7764 41.8736 17.7526 0.240733 0.659649 374.953 0 0
1500 31.4452 64.5025 17.504 -0.405735 0.913194 375.242 0 0
1500 66.955 -40.6959 17.484 0.0699132 -0.610211 375.384 0 0
1500 73.9959 34.4085 17.8807 0.207147 0.53 375.374 0 0
1500 -7.89151 50.2064 17.5295 -0.974389 0.779905 375.676 0 0
1500 85.4543 -18.3742 17.6676 0.414585 -0.250846 375.704 0 0
1500 87.3787 35.5096 17.4931 0.381403 0.506104 375.718 0 0
1500 117.07 9.89792 17.4771 0.84789 0.199359 375.698 0 0
1500 81.7471 -48.9439 17.7339 0.351889 -0.736659 375.861 0 0
1500 70.0911 -57.8374 17.4603 0.0994406 -0.821501 375.943 0 0
1500 174.867 -63.7615 17.521 1.7184 -0.890818 376.009 0 0
1500 44.8059 -29.337 17.5241 -0.235496 -0.458322 376.054 0 0
1500 15.2175 -38.3984 17.6293 -0.63613 -0.535481 376.121 0 0
1500 108.464 39.4834 18.2912 0.903728 0.783193 376.142 0 0
1500 68.8924 1.27316 17.9385 0.195656 -0.042538 376.227 0 0
1500 76.0782 12.4909 17.7315 0.341157 0.215755 376.215 0 0
1500 128.329 8.83296 17.5231 1.01997 0.134218 376.327 0 0
1500 36.3043 -26.576 17.7075 -0.384875 -0.453784 376.388 0 0
1500 63.7741 18.3842 17.9269 0.0570351 0.266407 376.753 0 0
1500 78.575 -9.86707 18.253 0.445227 -0.140473 376.796 0 0
1500 70.9196 -23.7762 17.693 0.222971 -0.400914 376.899 0 0
1500 76.7362 -37.4173 17.5383 0.219494 -0.578776 376.883 0 0
1500 50.0829 19.1525 17.9252 -0.0685802 0.3328 376.961 0 0
1500 66.5567 35.2929 18.0508 0.169511 0.546591 377.08 0 0
1500 80.4047 -56.2937 17.513 0.327455 -0.844025 377.086 0 0
1500 47.8936 11.5239 17.6585 -0.194002 0.171182 377.019 0 0
1500 30.7011 -27.8216 17.8774 -0.451723 -0.392404 377.094 0 0
1500 41.8116 -38.075 17.7179 -0.305749 -0.555365 377.105 0 0
1500 130.552 10.1835 17.5491 1.03737 0.15059 377.225 0 0
1500 53.4559 11.8774 17.7067 -0.0497759 0.237087 377.31 0 0
1500 95.2807 -62.8514 17.607 0.52917 -0.902256 377.348 0 0
1500 36.5893 9.77565 17.7086 -0.286872 0.207088 377.443 0 0
1500 87.4122 21.4805 17.7137 0.514127 0.329298 377.665 0 0
1500 83.956 22.3788 17.7139 0.377378 0.382446 377.792 0 0
1500 113.26 48.0597 18.2602 1.06258 0.813802 377.889 0 0
1500 74.3567 -5.95015 18.1616 0.309513 -0.114309 378.061 0 0
1500 81.4176 64.847 17.6649 0.324234 0.944619 378.19 0 0
1500 7.51662 -2.5217 17.6774 -0.751712 -0.0266522 378.174 0 0
1500 98.7798 -7.72804 18.8101 0.747275 -0.117785 378.222 0 0
1500 33.957 -38.895 17.6545 -0.424344 -0.576837 378.314 0 0
1500 124.233 27.6967 17.5849 0.939108 0.378028 378.356 0 0
1500 116.465 5.06308 17.6665 0.879725 0.0330093 378.418 0 0
1500 106.789 -1.4204 17.6674 0.793576 -0.0640097 378.5 0 0
1500 57.5089 7.3798 17.7317 -0.0526645 0.0849179 378.572 0 0
1500 111.381 37.0215 17.5438 0.770659 0.567751 378.618 0 0
1500 59.9604 24.2237 17.9693 0.0454683 0.394884 378.699 0 0
1500 90.9743 -5.59463 17.7193 0.545861 -0.0463697 378.778 0 0
1500 78.0861 -60.0074 17.7298 0.314791 -0.88439 378.843 0 0
1500 35.1823 32.809 17.5489 -0.30096 0.530785 379.004 0 0
1500 180.047 79.7254 17.5322 1.73251 1.14475 379.055 0 0
1500 84.8172 62.2713 17.7266 0.480994 0.967472 379.211 0 0
1500 103.23 15.0865 17.774 0.719881 0.210551 379.285 0 0
1500 44.4665 -11.889 17.7956 -0.201872 -0.166891 379.329 0 0
1500 80.471 -3.07684 17.8098 0.408862 -0.0744756 379.347 0 0
1500 100.35 -4.14791 17.5522 0.654868 -0.020715 379.344 0 0
1500 119.864 57.7087 17.7826 0.944547 0.875856 379.47 0 0
1500 95.4147 -57.0494 17.9607 0.639612 -0.956652 379.448 0 0
1500 -12.9335 13.4907 17.5545 -1.00408 0.161286 379.508 0 0
1500 34.1132 8.01125 17.6924 -0.384702 0.151048 379.559 0 0
1500 69.535 -13.2395 18.2214 0.257885 -0.248247 379.751 0 0
1500 79.6244 -0.203378 17.8126 0.382141 -0.0537911 379.701 0 0
1500 21.4925 12.3538 17.7762 -0.619182 0.240627 379.88 0 0
1500 71.7817 24.2971 17.6944 0.169783 0.366202 379.988 0 0
1500 3.23848 24.0188 17.5645 -0.743545 0.400953 379.942 0 0
1500 68.473 43.8993 17.7167 0.159149 0.683848 380.004 0 0
1500 111.555 20.9126 17.8769 0.835676 0.301246 380.057 0 0
1500 95.8441 -11.3928 18.4767 0.687634 -0.148924 380.142 0 0
1500 64.6554 56.7101 17.5656 0.148268 0.83082 380.139 0 0
1500 109.243 15.8199 17.6559 0.723612 0.216611 380.35 0 0
1500 82.6413 3.37341 18.5446 0.487757 -0.0134186 380.366 0 0
1500 123.612 21.0061 17.7129 0.97246 0.270766 380.256 0 0
1500 126.16 -42.7138 17.6581 1.0483 -0.705195 380.248 0 0
1500 85.7682 -40.3308 17.9366 0.52477 -0.637254 380.398 0 0
1500 73.6201 -16.0309 18.1117 0.330522 -0.271545 380.473 0 0
1500 -2.46223 -28.3444 17.5874 -0.854117 -0.387243 380.515 0 0
1500 79.5501 70.0698 17.5912 0.324345 0.996608 380.501 0 0
1500 15.5927 49.6675 17.5771 -0.565683 0.752612 380.595 0 0
1500 225.722 37.8385 17.6332 2.49051 0.536788 380.538 0 0
1500 78.4459 139.918 17.8504 0.273663 2.25797 380.661 0 0
1500 28.2129 7.10364 17.6922 -0.418198 0.126557 380.77 0 0
1500 69.2899 65.6415 17.5858 0.177119 0.96833 381.009 0 0
1500 55.856 -22.8492 17.7003 0.000131318 -0.347129 381.206 0 0
1500 86.6183 -3.82707 18.2405 0.512414 -0.00469669 381.136 0 0
1500 126.317 17.1879 17.6758 1.00267 0.226618 381.216 0 0
1500 115.226 -5.07938 17.8738 0.884225 -0.0511141 381.195 0 0
1500 110.928 -39.0354 17.6001 0.798272 -0.539322 381.185 0 0
1500 42.9957 54.266 17.7303 -0.245846 0.800226 381.184 0 0
1500 25.6266 35.903 17.7169 -0.473932 0.566493 381.23 0 0
1500 59.4368 68.7031 17.5921 0.0412465 1.00647 381.299 0 0
1500 75.0141 66.0912 17.5911 0.255095 0.971233 381.255 0 0
1500 93.2483 37.6343 17.7181 0.474497 0.590156 381.307 0 0
1500 61.3642 68.8203 17.593 0.0676524 1.00757 381.336 0 0
1500 87.631 3.3592 17.8976 0.476235 -0.0185123 381.416 0 0
1500 91.6604 8.48028 17.7003 0.534768 0.173579 381.387 0 0
1500 45.3377 50.468 17.6521 -0.132928 0.703882 381.475 0 0
1500 104.395 -34.3495 17.7711 0.713503 -0.518484 381.615 0 0
1500 23.6658 63.6725 17.6029 -0.446614 0.931511 381.765 0 0
1500 84.0834 66.4365 17.6104 0.424527 0.91178 381.67 0 0
1500 101.358 -56.282 17.6136 0.660344 -0.770941 381.81 0 0
1500 75.038 14.0433 18.0589 0.253467 0.234949 382.027 0 0
1500 67.3024 -55.8166 17.7487 0.135676 -0.847414 382.216 0 0
1500 74.6352 -10.6718 17.9232 0.236459 -0.213442 382.149 0 0
1500 86.9384 -22.6917 17.7817 0.464696 -0.382424 382.175 0 0
1500 63.2317 -39.7994 17.7829 0.127931 -0.624396 382.279 0 0
1500 77.394 6.58543 17.8779 0.280743 0.16062 382.05 0 0
1500 88.3849 16.2011 17.6779 0.477027 0.295847 382.262 0 0
1500 53.3614 11.3686 17.6818 -0.116966 0.112372 382.229 0 0
1500 31.5343 -28.0121 17.9551 -0.448792 -0.46901 382.302 0 0
1500 60.7578 72.6547 17.6169 0.0585359 1.04582 382.336 0 0
1500 84.7265 9.37862 18.279 0.494641 0.180237 382.405 0 0
1500 57.1991 -73.3539 17.6529 0.0165876 -1.04262 382.532 0 0
1500 80.0331 -41.6877 17.9835 0.450578 -0.722546 382.496 0 0
1500 86.9574 67.2655 17.6913 0.449232 0.946577 382.565 0 0
1500 125.834 30.3315 17.6226 0.935976 0.471955 382.555 0 0
1500 87.6191 47.775 17.8296 0.486623 0.708754 382.554 0 0
1500 116.53 43.1187 17.6187 0.845051 0.619537 382.581 0 0
1500 48.8642 48.7118 17.6825 -0.111995 0.76038 382.582 0 0
1500 3.66391 19.3561 17.7909 -0.798809 0.307913 382.673 0 0
1500 52.9617 18.0971 18.0246 -0.0950793 0.245237 382.68 0 0
1500 73.3651 20.4627 18.2379 0.308653 0.349233 382.862 0 0
1500 71.5122 4.85422 18.1626 0.310329 0.109636 382.846 0 0
1500 25.6985 46.2813 17.7021 -0.518942 0.630808 382.865 0 0
1500 97.4298 37.5374 18.1951 0.653785 0.660679 382.884 0 0
1500 98.4554 60.6155 17.6365 0.562804 0.874232 383.075 0 0
1500 14.0478 37.9435 17.7048 -0.681767 0.511635 383.052 0 0
1500 43.7843 68.4694 17.7538 -0.21311 0.995406 383.241 0 0
1500 63.0953 0.036283 18.0535 0.0982756 0.0678164 383.224 0 0
1500 32.947 52.62 17.7634 -0.43861 0.771194 383.216 0 0
1500 130.026 -11.4647 17.6521 1.03102 -0.153761 383.369 0 0
1500 77.3806 -0.229116 17.691 0.296772 0.0683054 383.415 0 0
1500 58.07 46.491 17.7987 -0.0311556 0.714212 383.452 0 0
1500 110.261 -30.7364 17.8011 0.780097 -0.486828 383.595 0 0
1500 64.1627 -35.071 17.7807 0.105697 -0.576008 383.652 0 0
1500 49.4965 70.9866 17.6549 -0.0920599 1.00444 383.72 0 0
1500 73.594 35.4372 18.0447 0.340301 0.640974 383.664 0 0
1500 85.4334 9.30496 18.2643 0.537541 0.128907 383.835 0 0
1500 84.4446 16.5725 18.5456 0.521907 0.268591 383.971 0 0
1500 121.808 26.4951 17.7413 0.929999 0.414896 383.954 0 0
1500 70.9521 15.175 18.2299 0.300586 0.26293 384.119 0 0
1500 82.5517 1.79653 18.2957 0.437249 0.0897514 384.154 0 0
1500 102.165 -2.47512 18.056 0.719546 -0.0903445 384.126 0 0
1500 29.0885 -28.7189 17.7437 -0.492272 -0.38544 384.165 0 0
1500 53.6217 -17.6082 17.7579 -0.0997185 -0.262688 384.231 0 0
1500 66.094 -26.6344 18.2323 0.0743807 -0.513673 384.252 0 0
1500 40.8087 -2.32411 17.8952 -0.248594 0.00284 384.344 0 0
1500 48.7476 70.5588 17.6698 -0.0700749 0.966846 384.405 0 0
1500 69.5989 5.19551 18.016 0.136935 0.0935886 384.371 0 0
1500 11.5361 18.3016 17.6972 -0.658773 0.335014 384.424 0 0
1500 12.0483 -13.246 17.9679 -0.745256 -0.15839 384.412 0 0
1500 84.3493 18.1592 17.7228 0.369027 0.285259 384.477 0 0
1500 110.781 2.77128 18.3942 0.992722 0.0962727 384.525 0 0
1500 69.2219 15.0916 18.1061 0.147449 0.236687 384.638 0 0
1500 67.65 63.5202 17.687 0.14693 0.89291 384.766 0 0
1500 111.121 12.0951 17.74 0.800884 0.11194 384.74 0 0
1500 86.2856 -1.26817 17.7847 0.486135 0.0155007 384.762 0 0
1500 99.6699 -13.586 18.6133 0.852503 -0.305913 384.761 0 0
1500 66.465 65.7103 17.6857 0.162708 0.896792 384.916 0 0
1500 40.3953 -55.2014 17.7927 -0.232136 -0.850905 384.846 0 0
1500 103.642 -35.0155 17.6981 0.626019 -0.569411 384.907 0 0
1500 27.0614 24.5458 17.8384 -0.504395 0.365937 384.84 0 0
1500 29.9713 32.5004 17.8392 -0.46144 0.480101 384.969 0 0
1500 86.016 12.1702 17.9328 0.499794 0.151218 385.13 0 0
1500 142.183 -9.53424 17.8471 1.3282 -0.141637 385.13 0 0
1500 25.1324 86.6671 17.7174 -0.51975 1.23037 385.165 0 0
1500 46.8669 -38.2716 17.7559 -0.170437 -0.632016 385.16 0 0
1500 82.3894 -10.1502 18.638 0.528386 -0.221011 385.164 0 0
1500 25.9854 -60.1356 17.7186 -0.493012 -0.887748 385.308 0 0
1500 36.0201 -64.7957 17.7188 -0.353297 -0.952515 385.316 0 0
1500 93.4737 3.1148 17.9338 0.60595 0.0200479 385.337 0 0
1500 62.1915 -30.3231 17.9156 0.110748 -0.507994 385.199 0 0
1500 96.5923 42.8445 17.7067 0.521849 0.61731 385.365 0 0
1500 111.712 31.7589 17.7078 0.776484 0.521409 385.488 0 0
1500 84.9966 17.331 18.6617 0.631434 0.322056 385.457 0 0
1500 116.478 -8.56082 17.7056 0.812002 -0.076454 385.525 0 0
1500 65.0795 28.4864 17.9282 0.102022 0.421633 385.636 0 0
1500 111.164 28.4289 18.1843 0.905983 0.464402 385.824 0 0
1500 75.9791 -56.1099 17.83 0.260309 -0.86636 385.77 0 0
1500 60.5911 34.369 17.8318 -0.00812472 0.556015 385.933 0 0
1500 60.4784 -27.8035 17.9919 0.0516899 -0.411766 385.936 0 0
1500 96.4616 29.0643 17.7269 0.516215 0.43494 385.952 0 0
1500 -121.045 -110.462 17.7122 -2.56869 -1.59774 386.001 0 0
1500 29.7622 -41.4856 17.806 -0.37854 -0.682924 386.222 0 0
1500 74.5154 85.5957 17.9222 0.224268 1.43732 386.111 0 0
1500 102.349 5.46165 17.7324 0.621907 0.104892 386.304 0 0
1500 89.9995 54.48 17.9626 0.505588 0.892965 386.265 0 0
1500 76.9213 24.9134 18.6599 0.354672 0.463846 386.359 0 0
1500 101.071 19.2252 17.7454 0.617795 0.24785 386.373 0 0
1500 48.3816 -12.7528 18.662 -0.105345 -0.228994 386.39 0 0
1500 93.2205 14.2263 17.9899 0.542765 0.296079 386.481 0 0
1500 62.2801 -60.5287 17.7651 0.0538292 -0.938493 386.54 0 0
1500 42.0564 -52.7205 17.849 -0.205622 -0.79965 386.619 0 0
1500 83.8411 -1.67706 17.7564 0.349795 0.0381227 386.767 0 0
1500 99.4734 48.5256 17.9101 0.694382 0.769531 386.789 0 0
1500 110.692 -10.4613 18.0522 0.837668 -0.196058 386.828 0 0
1500 1.6542 -27.2434 17.7331 -0.870791 -0.339967 386.899 0 0
1500 15.3983 31.6732 17.8341 -0.665898 0.508759 386.923 0 0
1500 58.1549 -64.7781 17.7701 -0.00525376 -0.992326 387.037 0 0
1500 79.7609 14.8403 17.9456 0.309919 0.248955 387.087 0 0
1500 19.6784 -59.806 17.7405 -0.553933 -0.874942 387.128 0 0
1500 80.9359 -6.52816 17.7748 0.306905 -0.164711 387.161 0 0
1500 57.3483 12.9002 18.0241 -0.0179124 0.255176 387.208 0 0
1500 63.4933 15.9184 18.0049 0.0393789 0.2157 387.198 0 0
1500 50.1108 -45.747 17.8419 -0.166591 -0.721883 387.274 0 0
1500 99.7316 39.2635 17.8052 0.616922 0.644673 387.366 0 0
1500 69.0917 21.3413 18.0232 0.156627 0.379859 387.403 0 0
1500 73.6095 14.9977 18.8371 0.327902 0.268127 387.475 0 0
1500 98.5618 38.4971 17.948 0.671606 0.58956 387.761 0 0
1500 82.5433 54.5042 17.8067 0.364897 0.862815 387.675 0 0
1500 91.7427 -5.34685 17.7988 0.565516 -0.125883 387.658 0 0
1500 146.279 -56.3728 17.8233 1.36032 -0.855976 388.157 0 0
1500 94.9469 -19.4746 18.4936 0.634124 -0.339984 388.299 0 0
1500 68.5802 -68.6669 17.7876 0.162595 -0.998323 388.426 0 0
1500 115.161 43.5083 17.7501 0.86576 0.575043 388.382 0 0
1500 66.6289 8.63108 17.9126 0.0918273 0.166344 388.702 0 0
1500 -3.96179 -8.43236 17.8109 -0.957041 -0.194392 388.757 0 0
1500 76.6547 4.41897 18.3034 0.420842 0.0583994 388.834 0 0
1500 69.5287 -40.3804 18.1685 0.239454 -0.690009 388.908 0 0
1500 119.93 -45.4388 17.8735 1.03418 -0.69238 388.833 0 0
1500 85.6471 48.705 17.9304 0.457721 0.776051 388.958 0 0
1500 83.7484 14.9507 17.9965 0.397169 0.232207 389.033 0 0
1500 108.579 -11.2172 18.0273 0.834481 -0.12936 389.008 0 0
1500 111.585 -15.716 17.7988 0.844959 -0.275378 389.051 0 0
1500 12.7467 29.3106 17.8538 -0.68368 0.505466 388.999 0 0
1500 -0.536103 -15.0572 17.8669 -0.90506 -0.262804 389.129 0 0
1500 85.3524 4.611 18.1829 0.522749 0.0984252 389.187 0 0
1500 68.4058 31.2234 18.09 0.141165 0.51927 389.194 0 0
1500 20.0843 -7.9185 17.8962 -0.596723 -0.185426 389.179 0 0
1500 94.4697 -44.3899 18.242 0.711592 -0.864293 389.251 0 0
1500 85.1934 -3.04628 18.1901 0.419671 -0.0907952 389.319 0 0
1500 116.923 -33.817 17.7741 0.856531 -0.561273 389.33 0 0
1500 52.0783 59.7256 17.905 -0.109948 0.93377 389.283 0 0
1500 33.2389 -3.58418 17.918 -0.472375 -0.113362 389.329 0 0
1500 77.1773 12.2335 17.9171 0.360988 0.238409 389.362 0 0
1500 -1.25825 -38.9561 17.7675 -0.816362 -0.601493 389.399 0 0
1500 11.1089 -41.1091 17.7713 -0.727531 -0.665911 389.55 0 0
1500 49.6199 -44.6298 18.0822 -0.152576 -0.804449 389.614 0 0
1500 68.4445 -1.35821 18.09 0.118641 -0.0246051 389.718 0 0
1500 91.8444 -62.3704 17.7733 0.54587 -0.891245 389.803 0 0
1500 97.834 9.48247 18.3523 0.720732 0.145896 389.831 0 0
1500 82.8902 -101.366 17.7721 0.36241 -1.5514 389.801 0 0
1500 115.017 -22.1922 17.8648 0.915996 -0.322056 389.826 0 0
1500 44.8904 16.2948 17.9003 -0.183937 0.326433 389.764 0 0
1500 72.9156 -9.44721 17.9618 0.23928 -0.175118 389.925 0 0
1500 114.158 -5.2854 17.8716 0.944482 -0.153007 389.891 0 0
1500 26.8177 55.3356 17.7872 -0.480609 0.803757 389.939 0 0
1500 109.064 -2.31703 18.4054 0.940825 -0.0326764 390.068 0 0
1500 133.809 -24.0215 18.1258 1.39649 -0.401705 390.015 0 0
1500 101.568 2.52913 18.1227 0.728112 -0.0242826 390.345 0 0
1500 41.8635 34.4756 18.1531 -0.222962 0.617664 390.476 0 0
1500 39.1035 16.444 18.0523 -0.276894 0.233332 390.673 0 0
1500 66.6752 2.01323 18.1763 0.176106 -0.0311942 390.591 0 0
1500 118.622 3.3688 17.861 0.956342 -0.00101267 390.614 0 0
1500 115.075 -4.94384 17.8697 0.933778 -0.117246 390.533 0 0
1500 118.878 -20.0884 17.7866 0.888461 -0.318383 390.769 0 0
1500 105.622 20.7796 17.8346 0.772467 0.366291 390.74 0 0
1500 12.9895 -1.63151 17.9513 -0.712909 0.0320278 390.78 0 0
1500 106.52 24.2228 17.8905 0.762394 0.360566 390.997 0 0
1500 35.4911 -9.28837 18.0502 -0.381448 -0.107136 390.969 0 0
1500 56.915 60.2772 17.8324 0.038858 0.951822 391.373 0 0
1500 7.07138 43.1402 17.8004 -0.842021 0.63649 391.36 0 0
1500 57.9036 -11.8521 17.8502 -0.02647 -0.214814 391.4 0 0
1500 121.024 -14.0417 17.8152 0.942258 -0.179687 391.4 0 0
1500 118.382 0.0733756 17.8324 0.954995 0.0540363 391.406 0 0
1500 143.348 2.47568 18.5828 1.65538 0.0680035 391.433 0 0
1500 47.5617 -21.9283 17.8788 -0.099953 -0.342187 391.534 0 0
1500 67.5487 2.15113 18.0009 0.197714 0.055531 391.538 0 0
1500 18.8054 55.7819 17.8371 -0.569107 0.856744 391.624 0 0
1500 113.287 8.52854 17.8917 0.904514 0.158366 391.627 0 0
1500 81.9811 -13.2745 18.1627 0.459816 -0.253715 391.569 0 0
1500 61.4778 -50.2593 17.9069 0.0483364 -0.89257 391.624 0 0
1500 85.7549 -43.4919 17.7987 0.493456 -0.671595 391.653 0 0
1500 68.1817 -31.5803 17.951 0.138034 -0.477995 391.736 0 0
1500 108.115 36.6227 17.8319 0.797491 0.595457 391.782 0 0
1500 30.1538 -14.4025 17.9593 -0.486903 -0.200953 391.764 0 0
1500 51.308 -63.4997 17.8024 -0.0893408 -0.955304 391.888 0 0
1500 34.8075 -23.4655 18.2237 -0.369576 -0.435777 391.925 0 0
1500 35.1812 -15.4867 17.8834 -0.361925 -0.192556 392.03 0 0
1500 38.5437 36.2938 17.9709 -0.349393 0.574261 391.974 0 0
1500 116.748 27.6481 18.1103 1.00487 0.437308 391.991 0 0
1500 66.1295 2.97957 18.1181 0.147177 -0.0244777 392.114 0 0
1500 55.9116 -65.5185 17.7911 -0.107922 -0.987819 392.14 0 0
1500 81.8712 30.7629 17.8518 0.365466 0.549144 392.154 0 0
1500 27.1791 38.3992 18.0177 -0.535869 0.583674 392.256 0 0
1500 6.52578 44.0837 17.8285 -0.755218 0.69046 392.173 0 0
1500 116.124 -23.4785 17.8902 0.938361 -0.317169 392.238 0 0
1500 103.239 -30.7264 17.9861 0.771798 -0.456916 392.246 0 0
1500 89.3038 17.6674 17.8873 0.551474 0.326061 392.265 0 0
1500 38.0968 61.4764 17.8468 -0.293279 0.927398 392.375 0 0
1500 29.9253 -32.8004 17.8357 -0.383138 -0.510207 392.464 0 0
1500 86.6352 49.6606 17.9044 0.477156 0.765683 392.426 0 0
1500 79.6902 -19.9151 18.0363 0.329107 -0.321888 392.68 0 0
1500 88.6403 18.2356 17.9019 0.462807 0.28925 392.693 0 0
1500 81.8676 -40.9396 17.9459 0.38929 -0.694306 392.62 0 0
1500 89.7331 22.9139 17.9407 0.536409 0.416443 392.633 0 0
1500 124.581 19.1707 18.3406 1.28273 0.32901 392.622 0 0
1500 87.583 44.2289 18.1881 0.592724 0.879356 392.698 0 0
1500 101.043 -10.1846 17.9396 0.707895 -0.0887815 392.745 0 0
1500 82.3244 -10.2677 18.0389 0.363168 -0.195281 392.773 0 0
1500 3.7852 -31.4073 17.8001 -0.79743 -0.500177 392.755 0 0
1500 56.6959 23.38 18.156 -0.0108077 0.45485 392.81 0 0
1500 78.4896 8.28477 18.1875 0.432566 0.11057 392.922 0 0
1500 61.2982 2.8857 18.0313 0.113243 0.110982 393.035 0 0
1500 71.3521 53.7944 17.8952 0.145852 0.896417 392.943 0 0
1500 124.105 2.94505 17.8908 1.04177 0.0731893 393.197 0 0
1500 104.144 -34.5914 17.8162 0.65379 -0.586237 393.338 0 0
1500 82.3322 18.2832 17.9167 0.454325 0.246258 393.174 0 0
1500 52.1022 -39.6623 18.008 -0.121763 -0.725762 393.1 0 0
1500 110.724 10.7417 17.9338 0.846306 0.227733 393.454 0 0
1500 78.6946 -53.5152 17.8148 0.266196 -0.871207 393.537 0 0
1500 48.1634 24.4617 18 -0.177083 0.437948 393.449 0 0
1500 116.797 1.81611 18.093 1.11695 0.0512872 393.485 0 0
1500 75.9003 19.6281 18.2465 0.306543 0.312379 393.568 0 0
1500 104.513 49.3404 17.8885 0.690884 0.787769 393.552 0 0
1500 73.7829 46.2384 17.8181 0.170249 0.742626 393.646 0 0
1500 49.58 3.28318 18.0671 -0.203541 0.101676 393.674 0 0
1500 90.731 -50.9956 17.8136 0.447051 -0.830198 393.762 0 0
1500 99.2523 46.1902 18.0009 0.66332 0.773979 393.713 0 0
1500 116.069 -52.6189 18.1241 1.01041 -0.871683 393.726 0 0
1500 84.6185 -11.3238 18.0586 0.388852 -0.215177 393.841 0 0
1500 107.484 27.4326 17.8932 0.880416 0.475908 393.815 0 0
1500 59.2597 46.4188 17.8729 0.00268959 0.701361 393.946 0 0
1500 99.4476 -14.6024 18.0229 0.646883 -0.299127 394.037 0 0
1500 99.8617 12.9944 17.9245 0.714537 0.243624 394.245 0 0
1500 71.6973 47.2337 17.9013 0.175983 0.714568 394.334 0 0
1500 62.063 52.5789 17.8675 0.0327061 0.786019 394.396 0 0
1500 117.189 25.2925 17.8435 0.896985 0.411468 394.415 0 0
1500 82.1242 -7.3268 17.8953 0.458771 -0.103707 394.423 0 0
1500 12.171 -79.9749 18.1188 -0.783727 -1.38148 394.424 0 0
1500 56.2013 15.8198 17.8695 -0.00780577 0.271989 394.545 0 0
1500 122.899 6.53023 17.898 1.00328 0.12299 394.622 0 0
1500 19.0331 11.4342 17.9163 -0.603995 0.25056 394.518 0 0
1500 100.239 -1.63398 18.0506 0.662759 -0.0328862 394.627 0 0
1500 93.1588 -16.2918 18.7285 0.627647 -0.309515 394.748 0 0
1500 93.7917 29.221 18.0494 0.61793 0.502307 394.857 0 0
1500 118.955 32.0014 17.8923 1.00306 0.44801 394.876 0 0
1500 84.9265 -49.9272 18.2443 0.513202 -0.868628 394.89 0 0
1500 101.79 -37.6193 17.9005 0.735506 -0.601706 394.893 0 0
1500 82.4948 14.4406 18.8787 0.505409 0.215617 395.048 0 0
1500 108.399 33.4531 17.8199 0.807359 0.452153 394.965 0 0
1500 78.6061 41.6124 17.9116 0.308486 0.708974 394.969 0 0
1500 21.9314 -3.24572 17.83 -0.555881 -0.127945 395.146 0 0
1500 60.6377 -27.8378 18.3661 0.00991634 -0.445903 395.138 0 0
1500 71.5924 27.5034 18.7395 0.310598 0.47579 395.219 0 0
1500 81.2144 -15.529 18.1021 0.399836 -0.239169 395.296 0 0
1500 116.81 17.5346 17.9038 0.907656 0.277827 395.277 0 0
1500 72.9826 46.6652 17.884 0.312244 0.725843 395.32 0 0
1500 81.2334 -29.5953 17.8273 0.365655 -0.536228 395.349 0 0
1500 22.2564 -49.2608 17.9166 -0.540011 -0.851561 395.297 0 0
1500 88.7904 28.321 17.8635 0.495149 0.38679 395.452 0 0
1500 45.3219 4.83724 17.9221 -0.224619 0.0913997 395.464 0 0
1500 22.4169 -52.4335 17.8926 -0.515933 -0.858361 395.423 0 0
1500 92.0268 6.99474 18.4953 0.584906 0.109053 395.6 0 0
1500 59.426 -2.4923 17.8479 0.0176465 0.0340685 395.546 0 0
1500 47.2553 -60.711 17.9686 -0.154364 -0.978637 395.518 0 0
1500 48.2525 58.8015 17.8159 -0.189001 0.953518 395.473 0 0
1500 75.5273 -39.6247 17.8729 0.251144 -0.683829 395.514 0 0
1500 102.486 19.9835 18.6949 0.978648 0.419162 395.579 0 0
1500 70.1131 -23.9605 18.2136 0.234452 -0.378167 395.727 0 0
1500 111.297 -36.9858 17.8966 0.863146 -0.581733 396.084 0 0
1500 51.4259 19.298 17.8176 -0.104353 0.380336 396.145 0 0
1500 96.2516 21.9485 17.8649 0.583694 0.354879 396.17 0 0
1500 43.941 18.0181 17.817 -0.221382 0.360057 396.188 0 0
1500 14.9358 47.3092 17.8128 -0.685019 0.770821 396.235 0 0
1500 36.6843 40.1868 17.8128 -0.342635 0.695869 396.219 0 0
1500 87.1651 -3.89668 18.768 0.542244 -0.0329916 396.256 0 0
1500 115.775 -2.41677 17.8759 0.954773 -0.0265856 396.264 0 0
1500 76.7245 -49.707 17.8171 0.291412 -0.835806 396.302 0 0
1500 67.9456 36.9044 17.8499 0.114741 0.637777 396.284 0 0
1500 78.6846 15.6319 18.0455 0.307334 0.27997 396.624 0 0
1500 83.4187 31.5882 17.8674 0.404198 0.487936 396.331 0 0
1500 67.7622 26.289 17.8747 0.185647 0.411793 396.779 0 0
1500 -8.4766 1.18498 17.8145 -1.00815 -0.0405072 396.581 0 0
1500 121.336 -17.5685 17.8965 1.00614 -0.292974 396.452 0 0
1500 50.7107 65.7522 17.8313 -0.118055 1.03552 396.774 0 0
1500 39.1084 -53.3397 17.8148 -0.282247 -0.887331 396.597 0 0
1500 -26.9522 25.8482 17.9659 -1.41447 0.43779 396.703 0 0
1500 45.318 -12.3559 18.2699 -0.256367 -0.202892 396.731 0 0
1500 56.0166 7.57117 18.6453 -0.0268348 0.0664351 396.7 0 0
1500 89.442 -52.3113 17.8611 0.456029 -0.861363 396.864 0 0
1500 61.298 -58.6742 17.8129 0.0551512 -0.964457 396.872 0 0
1500 29.6701 41.358 17.8417 -0.47278 0.698815 397.018 0 0
1500 97.5488 23.2415 17.8062 0.609506 0.436196 397.006 0 0
1500 40.1633 19.1046 17.9284 -0.230046 0.331467 397.252 0 0
1500 63.7702 25.1323 17.9319 0.151373 0.374439 397.365 0 0
1500 122.589 13.4043 17.912 1.01279 0.238245 397.441 0 0
1500 11.6954 62.9456 17.8798 -0.68623 1.01609 397.305 0 0
1500 93.9349 -52.0665 17.8102 0.545115 -0.857175 397.424 0 0
1500 90.3769 -53.4226 17.8106 0.492488 -0.879048 397.311 0 0
1500 57.1638 10.0921 17.9327 0.00394295 0.20672 397.496 0 0
1500 68.1799 -25.7604 18.1768 0.219733 -0.517066 397.572 0 0
1500 88.4293 91.6063 17.8445 0.498678 1.42425 397.598 0 0
1500 105.604 11.5508 17.9742 0.804536 0.12995 397.749 0 0
1500 84.8491 46.9096 17.7996 0.409092 0.793579 397.677 0 0
1500 108.418 34.6239 17.9562 0.914717 0.591336 397.665 0 0
1500 28.5759 -15.7313 18.3214 -0.506714 -0.327313 397.795 0 0
1500 93.845 1.26145 18.3754 0.613034 0.0281512 397.935 0 0
1500 -0.0350405 17.731 17.8127 -0.903591 0.284936 398.056 0 0
1500 84.332 8.50277 18.0579 0.419603 0.204477 398.041 0 0
1500 -2.47584 24.3924 17.9158 -0.962999 0.356515 398.097 0 0
1500 84.1797 10.1242 18.5215 0.452943 0.220165 398.269 0 0
1500 59.5101 62.2435 17.9145 0.0551124 1.00373 398.432 0 0
1500 14.9226 46.1208 17.7935 -0.650373 0.770117 398.645 0 0
1500 0.803599 -93.9226 17.8565 -0.921028 -1.47128 398.718 0 0
1500 76.6044 21.1709 18.7189 0.370427 0.396694 398.592 0 0
1500 53.5674 63.2055 17.7925 -0.0678876 1.02341 398.911 0 0
1500 42.8283 117.796 17.8362 -0.281537 1.83658 398.869 0 0
1500 40.0332 -32.3374 17.8818 -0.236386 -0.574831 399.105 0 0
1500 83.9604 -10.3401 18.0614 0.506795 -0.138475 399.149 0 0
1500 72.2004 -23.4251 18.9438 0.310551 -0.47958 399.136 0 0
1500 84.9913 124.287 18.1037 0.555805 2.19623 399.192 0 0
1500 13.3137 -43.5389 17.8242 -0.669944 -0.698642 399.254 0 0
1500 26.2843 -56.9369 17.9356 -0.482426 -0.914765 399.375 0 0
1500 64.6843 17.4053 17.8884 0.181093 0.302646 399.341 0 0
1500 87.2759 -30.2611 17.9498 0.414656 -0.492848 399.671 0 0
1500 82.745 -4.82989 18.4037 0.452605 -0.0688601 399.708 0 0
1500 38.904 -34.1764 17.9003 -0.326738 -0.496329 399.781 0 0
1500 100.21 46.037 17.8756 0.686014 0.673183 399.487 0 0
1500 41.0702 -62.0422 17.8594 -0.263736 -0.970449 399.443 0 0
1500 53.4434 -63.1256 17.8115 -0.0612377 -0.989477 399.702 0 0
1500 -8.5182 -5.11211 17.8764 -1.04376 -0.0676312 399.586 0 0
1500 -1.50201 30.2437 17.8309 -0.914889 0.508938 399.539 0 0
1500 84.63 5.31593 18.2298 0.518073 0.0345627 399.598 0 0
1500 63.0171 3.45252 18.1742 0.111476 0.129433 399.695 0 0
1500 49.5683 13.8321 17.9526 -0.0802027 0.283671 399.484 0 0
1500 137.448 36.3695 18.103 1.39366 0.594497 399.716 0 0
1500 92.8852 -5.46962 18.1967 0.589343 -0.0888982 399.823 0 0
1500 38.7759 -53.6892 17.9242 -0.309554 -0.880273 399.853 0 0
1500 96.4376 29.114 17.8411 0.673804 0.453582 399.878 0 0
1500 94.8462 -11.1972 17.8796 0.645464 -0.142297 399.966 0 0
1500 58.9472 -60.8898 17.8627 -0.00400854 -0.94536 400.051 0 0
1500 6.32158 43.3102 17.7914 -0.763468 0.712391 400.078 0 0
1500 23.4945 -48.2717 17.8641 -0.512984 -0.761403 400.258 0 0
1500 25.3077 -57.1302 17.8267 -0.503371 -0.907584 400.305 0 0
1500 100.332 -34.0151 17.9388 0.732106 -0.511858 400.463 0 0
1500 90.9122 32.3804 17.8746 0.580804 0.527637 400.396 0 0
1500 92.0222 24.7102 17.8771 0.59985 0.411259 400.178 0 0
1500 83.9234 -0.212524 17.9353 0.472902 0.0473844 400.314 0 0
1500 117.27 -26.0078 17.8515 0.95477 -0.414104 400.774 0 0
1500 66.3345 14.7555 17.8923 0.0683299 0.26992 400.625 0 0
1500 62.4329 29.8813 18.0283 0.151153 0.535886 400.814 0 0
1500 60.9831 8.61649 18.7119 0.125378 0.177861 400.923 0 0
1500 69.5494 -53.7481 17.9003 0.199277 -0.832234 401.147 0 0
1500 117.84 26.5897 17.795 0.867553 0.458629 401.14 0 0
1500 17.1307 -4.75024 17.9207 -0.689409 -0.101831 401.027 0 0
1500 79.5725 -27.5714 17.8338 0.409607 -0.410835 401.032 0 0
1500 167.043 23.1492 17.9317 1.82063 0.379909 401.169 0 0
1500 70.1221 -16.8038 18.5865 0.277441 -0.2858 401.214 0 0
1500 84.874 -35.9095 17.8285 0.488825 -0.536955 401.456 0 0
1500 130.239 -95.0365 17.8915 1.13633 -1.6206 401.422 0 0
1500 52.2991 -41.9293 17.8266 -0.0758494 -0.663883 401.53 0 0
1500 102.549 39.0969 17.9192 0.668722 0.628365 401.499 0 0
1500 45.7455 -36.5681 17.8772 -0.189831 -0.582032 401.615 0 0
1500 66.4094 45.7097 17.8789 0.0684463 0.742077 401.611 0 0
1500 9.47255 -13.4166 17.9717 -0.802276 -0.224888 401.904 0 0
1500 59.0012 -66.7684 17.9181 -0.00369341 -1.0443 401.987 0 0
1500 65.1923 -65.9714 17.8148 0.144673 -1.03804 402.021 0 0
1500 90.9774 24.1559 18.2592 0.54213 0.439017 402.219 0 0
1500 67.2308 -17.457 19.129 0.266813 -0.314711 402.33 0 0
1500 118.588 2.07841 17.9147 0.979104 0.0803345 402.392 0 0
1500 36.7224 -46.5714 17.948 -0.312111 -0.725217 402.687 0 0
1500 74.9583 -63.7647 17.8153 0.287221 -0.998939 402.459 0 0
1500 90.9119 -31.5935 17.8086 0.559997 -0.539597 402.466 0 0
1500 94.9505 -33.2275 17.8059 0.619762 -0.562518 402.728 0 0
1500 38.7884 -45.6344 17.8079 -0.243401 -0.755317 402.532 0 0
1500 30.8341 -34.0273 17.8438 -0.407224 -0.548321 402.825 0 0
1500 90.4025 53.5755 17.8421 0.558555 0.827288 403.093 0 0
1500 105.508 -11.4786 17.8362 0.745059 -0.176149 403.177 0 0
1500 82.6094 18.6087 18.1205 0.449072 0.352622 403.253 0 0
1500 95.9667 -46.5961 17.8714 0.653746 -0.713971 403.402 0 0
1500 23.1961 -23.7602 17.8124 -0.515769 -0.404435 403.461 0 0
1500 72.2223 20.3985 18.5554 0.353982 0.355472 403.572 0 0
1500 65.5077 16.8393 17.8191 0.103948 0.306056 403.614 0 0
1500 70.9829 21.9234 18.1398 0.225045 0.371169 403.888 0 0
1500 80.506 -8.06716 19.2615 0.577806 -0.130116 403.832 0 0
1500 119.972 10.8865 17.9858 0.987762 0.222205 403.907 0 0
1500 88.4303 -8.62891 18.0062 0.559416 -0.0981781 403.924 0 0
1500 76.4008 -6.43699 18.146 0.371646 -0.158278 404.024 0 0
1500 79.7831 13.638 18.1936 0.402993 0.221419 404.353 0 0
1500 70.4874 -0.659432 17.8509 0.243038 -0.021969 404.384 0 0
1500 82.2285 30.7808 17.9458 0.39173 0.490655 404.22 0 0
1500 126.5 -30.7875 17.8372 1.04845 -0.441466 404.339 0 0
1500 64.8116 67.1193 17.819 0.0378544 1.04018 404.392 0 0
1500 106.905 -23.9386 17.9217 0.820305 -0.398051 404.286 0 0
1500 76.8529 -5.53611 17.9249 0.361228 -0.138472 404.349 0 0
1500 33.8205 -34.5628 18.3247 -0.401851 -0.589163 404.359 0 0
1500 73.9266 -29.1912 18.1404 0.331636 -0.504535 404.421 0 0
1500 80.3377 -29.1573 18.3842 0.501356 -0.572562 404.511 0 0
1500 123.402 14.5646 17.7952 1.02715 0.166594 404.599 0 0
1500 91.4301 55.9537 17.8413 0.560974 0.843407 404.637 0 0
1500 133.489 10.6526 17.8272 1.17577 0.200217 404.673 0 0
1500 75.5287 26.1416 17.8717 0.353477 0.410176 404.725 0 0
1500 36.3543 -33.671 17.8025 -0.268172 -0.551177 404.808 0 0
1500 14.4177 -99.5464 17.8186 -0.646972 -1.62129 404.832 0 0
1500 114.689 40.5394 17.7947 0.891635 0.550953 405.009 0 0
1500 53.9197 -32.2022 17.941 -0.0746188 -0.514059 405.18 0 0
1500 15.2889 -8.25735 17.8764 -0.667281 -0.0998584 405.276 0 0
1500 74.5988 41.3214 17.8653 0.336394 0.641012 405.229 0 0
1500 109.153 -8.32289 18.4013 0.924462 -0.083011 405.494 0 0
1500 75.9195 -66.4353 18.0864 0.37869 -1.15935 405.469 0 0
1500 59.1287 2.15242 18.237 -0.0400739 0.0835741 405.175 0 0
1500 96.0179 -4.33791 17.8466 0.603723 -0.0292829 405.766 0 0
1500 85.4135 1.15665 18.0428 0.491033 0.0824238 405.796 0 0
1500 63.1109 -65.9717 17.7962 0.124646 -1.01499 405.959 0 0
1500 101.15 -44.6688 17.8874 0.625078 -0.741127 405.931 0 0
1500 61.4779 -7.95498 17.8796 0.0732206 -0.201261 406.02 0 0
1500 104.091 32.6018 17.8559 0.779383 0.499099 406.202 0 0
1500 66.554 -16.4302 17.8445 0.0617657 -0.28993 406.204 0 0
1500 57.4195 17.7794 17.8451 -0.0813474 0.246009 406.167 0 0
1500 77.069 21.4127 18.4828 0.332491 0.352394 406.361 0 0
1500 89.4101 -21.985 17.8823 0.510936 -0.281207 406.364 0 0
1500 82.6327 -19.3056 17.8854 0.414212 -0.242698 406.606 0 0
1500 120.229 22.8829 17.7977 0.955176 0.283457 406.326 0 0
1500 37.2563 -27.7356 18.1014 -0.359512 -0.424531 406.501 0 0
1500 24.5017 10.1493 18.1008 -0.55455 0.155832 406.547 0 0
1500 38.62 24.9346 18.0345 -0.349755 0.383616 406.499 0 0
1500 35.1454 17.7996 18.0354 -0.403653 0.273985 406.438 0 0
1500 46.4007 -26.7143 18.0596 -0.229224 -0.433823 406.397 0 0
1500 81.7688 14.2801 17.8859 0.401899 0.227911 406.642 0 0
1500 46.751 -62.5497 17.7996 -0.113504 -0.95484 406.68 0 0
1500 68.1584 7.67862 18.5427 0.203542 0.168683 406.962 0 0
1500 75.8178 50.2341 17.8253 0.321953 0.732438 406.879 0 0
1500 118.953 9.19533 17.9747 0.999974 0.158937 406.784 0 0
1500 113.081 54.4942 18.7163 1.1247 1.04215 406.795 0 0
1500 117.363 6.9333 17.9156 0.926568 0.0689011 407.089 0 0
1500 92.5916 22.0951 18.542 0.590231 0.399956 407.076 0 0
1500 138.62 -16.4725 18.1789 1.40799 -0.30974 407.232 0 0
1500 73.6903 19.9614 18.4893 0.281368 0.337923 407.442 0 0
1500 71.9103 24.0081 18.1125 0.294065 0.430494 407.432 0 0
1500 87.5029 -29.6107 18.347 0.488341 -0.515867 407.637 0 0
1500 86.0132 -5.52437 18.374 0.56047 -0.0477129 407.769 0 0
1500 1.75621 -3.89895 18.0195 -0.898668 -0.0592278 407.861 0 0
1500 66.0367 42.2447 17.9771 0.0913629 0.705175 407.946 0 0
1500 22.4309 22.5296 17.9774 -0.577206 0.403138 407.922 0 0
1500 69.641 66.8759 18.0551 0.198725 1.11651 407.864 0 0
1500 -2.2739 0.318888 17.8924 -0.973529 -0.0093031 407.996 0 0
1500 66.0696 43.6596 17.9763 0.0917662 0.726065 408.017 0 0
1500 10.6332 36.1034 17.8391 -0.734549 0.567054 408.317 0 0
1500 27.5347 -57.7504 17.8847 -0.467887 -0.905164 408.365 0 0
1500 0.797512 15.568 17.8212 -0.937023 0.204445 408.323 0 0
1500 100.377 2.77956 18.0888 0.753339 0.0483729 408.266 0 0
1500 44.7338 -14.58 18.104 -0.1953 -0.297261 408.366 0 0
1500 45.3965 -22.4468 18.1443 -0.277343 -0.380527 408.22 0 0
1500 98.5432 -8.40414 18.3123 0.809416 -0.201196 408.187 0 0
1500 92.6915 -9.07215 18.0319 0.540499 -0.123552 408.452 0 0
1500 74.4393 13.5465 18.722 0.339636 0.272 408.478 0 0
1500 64.9502 -13.3667 18.4433 0.200956 -0.239715 408.582 0 0
1500 73.017 -26.4287 17.8187 0.259265 -0.419769 408.677 0 0
1500 91.5061 13.4241 18.5754 0.615385 0.27073 408.676 0 0
1500 67.0949 24.0058 18.3541 0.219842 0.437762 408.747 0 0
1500 11.9967 28.9426 17.9696 -0.72867 0.49567 408.685 0 0
1500 91.437 12.6666 17.8235 0.587803 0.16522 408.658 0 0
1500 90.1505 -11.4161 18.4 0.576954 -0.152959 409.078 0 0
1500 107.781 9.25817 17.9095 0.771636 0.0894017 409.086 0 0
1500 100.391 -49.0214 17.7995 0.697724 -0.765792 408.893 0 0
1500 57.801 55.5327 18.0127 -0.00322193 0.908681 409.098 0 0
1500 87.0748 1.99745 17.9597 0.532595 0.0685088 409.058 0 0
1500 72.3057 -23.0756 17.9739 0.200243 -0.390623 409.178 0 0
1500 120.166 -14.8055 17.8519 0.9785 -0.211246 409.233 0 0
1500 99.9311 -0.245734 18.5131 0.783954 0.00790898 409.677 0 0
1500 12.7833 -19.708 17.8809 -0.724672 -0.368214 409.324 0 0
1500 117.508 -34.3054 17.8359 0.972349 -0.478345 409.761 0 0
1500 85.5986 -7.79137 18.0354 0.507925 -0.171388 409.631 0 0
1500 39.4469 -15.127 17.8953 -0.350721 -0.205983 409.679 0 0
1500 119.825 -27.9294 17.8503 0.927354 -0.483133 410.081 0 0
1500 31.9331 -51.3278 17.8744 -0.426395 -0.842706 410.085 0 0
1500 48.3761 -38.5459 17.9827 -0.106349 -0.665242 409.841 0 0
1500 59.3203 37.3582 17.8899 -0.0439882 0.598674 410.171 0 0
1500 71.7349 27.7227 17.8936 0.146751 0.453634 409.825 0 0
1500 26.8849 3.01258 18.1091 -0.498971 -0.00476082 410.031 0 0
1500 35.2993 27.0025 18.1178 -0.326494 0.487481 410.47 0 0
1500 65.8577 21.9338 18.1221 0.1414 0.411906 410.164 0 0
1500 60.4399 -5.30182 18.5529 0.0200928 -0.192436 410.148 0 0
1500 55.0743 42.4676 17.8869 -0.108435 0.673608 410.486 0 0
1500 78.127 20.1123 17.8389 0.347829 0.337425 410.661 0 0
1500 121.543 10.4521 17.8131 0.992567 0.177706 410.744 0 0
1500 93.0828 42.1499 17.8931 0.557551 0.714267 410.666 0 0
1500 35.768 45.3997 17.9951 -0.37835 0.746322 410.793 0 0
1500 104.097 18.6423 17.8601 0.752808 0.376347 410.785 0 0
1500 51.1415 20.718 18.056 -0.180614 0.418743 410.605 0 0
1500 55.4721 -6.06477 18.5213 -0.0638223 -0.111598 410.831 0 0
1500 105.048 -0.988097 17.8646 0.740896 -0.0103577 410.913 0 0
1500 92.8591 -4.41365 18.5646 0.649095 -0.131454 410.957 0 0
1500 107.883 36.2943 18.0908 0.930184 0.681449 411.009 0 0
1500 69.3333 -2.48364 18.0085 0.188016 -0.0998426 411.469 0 0
1500 72.3289 -24.3549 17.923 0.261376 -0.387588 411.593 0 0
1500 109.661 27.0797 17.8872 0.861087 0.427019 411.664 0 0
1500 78.4545 23.0552 17.8756 0.36562 0.421918 411.415 0 0
1500 65.6096 12.2616 17.8571 0.151063 0.263618 411.517 0 0
1500 71.5115 5.04944 17.8574 0.243488 0.150801 411.499 0 0
1500 103.049 -64.1188 18.0571 0.827978 -1.06525 411.471 0 0
1500 108.492 33.8064 17.7977 0.766806 0.588302 411.874 0 0
1500 12.6331 29.7547 17.8786 -0.737522 0.469064 412.019 0 0
1500 94.7748 23.0367 18.1025 0.65873 0.388401 412.119 0 0
1500 93.1656 27.6495 17.868 0.588369 0.488564 412.032 0 0
1500 81.7796 -5.06967 18.1186 0.398709 -0.154662 412.163 0 0
1500 56.178 -14.6694 18.1211 0.00528095 -0.302966 411.996 0 0
1500 102.22 24.4485 17.8644 0.723658 0.436962 412.386 0 0
1500 21.318 26.4962 17.8452 -0.534794 0.479872 412.382 0 0
1500 57.8756 13.4592 17.9128 -0.0597447 0.168563 412.257 0 0
1500 101.505 -31.5608 17.9405 0.750305 -0.480015 412.418 0 0
1500 84.1353 -46.1937 18.0112 0.461963 -0.759984 412.47 0 0
1500 68.776 29.7767 18.3081 0.165944 0.497508 412.754 0 0
1500 63.3292 -27.4538 18.2039 0.124017 -0.446759 412.917 0 0
1500 115.444 11.5018 17.9364 0.953585 0.171689 412.981 0 0
1500 97.7784 34.1636 17.8384 0.639213 0.592229 413.041 0 0
1500 137.12 -5.45106 18.2113 1.39329 -0.135012 413.096 0 0
1500 25.7022 -22.0173 17.8361 -0.521103 -0.340245 413.183 0 0
1500 115.16 32.4598 17.8823 0.922964 0.496856 413.182 0 0
1500 90.9256 -29.8538 18.0735 0.528535 -0.530019 413.334 0 0
1500 56.1928 65.6769 17.7931 -0.0257048 1.04793 413.363 0 0
1500 33.4109 22.0567 17.9601 -0.368437 0.417862 413.361 0 0
1500 15.1893 42.4834 17.8347 -0.618601 0.714216 413.515 0 0
1500 52.8542 65.067 17.887 -0.0511345 1.01726 413.582 0 0
1500 63.726 65.6193 17.7932 0.0856639 1.04288 413.634 0 0
1500 116.178 26.1539 17.8551 0.9169 0.453048 413.829 0 0
1500 121.638 13.9714 17.8546 0.996037 0.270055 414.002 0 0
1500 117.813 20.2627 17.8315 0.930789 0.37389 414.07 0 0
1500 159.116 -7.8482 17.8222 1.56558 -0.184881 414.21 0 0
1500 19.181 -33.7455 17.8933 -0.648729 -0.555622 413.796 0 0
1500 41.4552 -30.1187 18.045 -0.296893 -0.494041 413.755 0 0
1500 95.2116 -1.32193 17.9672 0.65625 -0.0580769 413.825 0 0
1500 56.0629 29.894 17.9909 -0.0804236 0.537852 414.006 0 0
1500 129.272 28.3246 17.9454 1.23095 0.530496 413.569 0 0
1500 81.9434 18.3344 18.69 0.474522 0.467576 414.337 0 0
1500 89.6287 -22.526 18.3172 0.613187 -0.481931 414.432 0 0
1500 84.1146 -8.94836 18.7239 0.485762 -0.181153 414.604 0 0
1500 84.1354 3.26641 18.3761 0.482137 0.076875 414.649 0 0
1500 81.3433 21.1325 18.029 0.324527 0.359742 414.667 0 0
1500 33.8821 18.5131 18.1136 -0.461021 0.392068 414.565 0 0
1500 71.6351 5.23709 18.3797 0.310197 0.103414 414.921 0 0
1500 122.212 18.4482 17.8292 0.98562 0.342637 414.835 0 0
1500 46.203 -62.6909 17.8854 -0.232295 -0.979785 414.965 0 0
1500 59.5752 -56.2738 17.9476 -0.0436856 -0.911069 415.203 0 0
1500 29.7135 6.93885 18.094 -0.428951 0.108471 415.327 0 0
1500 113.179 -13.3189 17.8913 0.865247 -0.173107 415.412 0 0
1500 55.4131 59.5169 17.7996 -0.0362553 0.930616 415.244 0 0
1500 114.717 35.1338 17.8289 0.868372 0.586958 415.281 0 0
1500 104.615 15.3808 18.2521 0.826838 0.235983 415.34 0 0
1500 66.6388 -31.5634 18.2855 0.188951 -0.553683 415.452 0 0
1500 90.405 -8.98536 18.0306 0.597906 -0.121077 415.393 0 0
1500 71.454 32.0997 17.8216 0.26715 0.54697 415.273 0 0
1500 -6.29079 -13.3293 17.8836 -1.01079 -0.237868 415.519 0 0
1500 89.3697 12.9848 17.8166 0.550948 0.161615 415.653 0 0
1500 126.33 -11.3172 18.2243 1.19754 -0.228928 415.675 0 0
1500 49.0468 -0.577256 17.8986 -0.153915 -0.0683876 415.824 0 0
1500 72.0553 -39.7039 17.983 0.235108 -0.62443 415.952 0 0
1500 85.4396 23.0958 17.9071 0.408033 0.392707 416.062 0 0
1500 68.2555 61.5646 17.8581 0.192849 0.948734 416.237 0 0
1500 -6.9184 -14.6794 17.8831 -1.01499 -0.25664 415.859 0 0
1500 86.2189 -51.0419 18.0249 0.488114 -0.828336 415.985 0 0
1500 111.355 -31.5652 17.8133 0.856205 -0.527129 415.87 0 0
1500 64.7031 13.4595 18.0472 0.0756224 0.262821 415.819 0 0
1500 80.9127 12.1712 17.9918 0.380738 0.188958 416.339 0 0
1500 108.388 -40.6453 17.949 0.82562 -0.637086 416.444 0 0
1500 96.2127 -52.6856 17.9492 0.646298 -0.815877 416.376 0 0
1500 101.099 -38.7292 17.8801 0.671669 -0.659307 416.321 0 0
1500 67.5618 -57.5392 17.8076 0.161919 -0.952604 416.462 0 0
1500 49.6518 6.41606 17.9155 -0.193337 0.144504 416.542 0 0
1500 75.4084 5.07153 19.0035 0.459039 0.126335 416.938 0 0
1500 16.623 84.6327 17.7904 -0.674598 1.31156 416.834 0 0
1500 57.298 42.6247 18.0354 -0.0385122 0.705023 416.673 0 0
1500 64.8416 72.6035 17.9341 0.146449 1.17284 417.187 0 0
1500 65.0878 28.2913 18.1877 0.151339 0.507939 416.948 0 0
1500 50.7345 -3.74399 18.1552 -0.0848366 -0.133356 416.875 0 0
1500 -37.7407 8.32445 17.8459 -1.5414 0.0967462 417.045 0 0
1500 77.2765 -33.7708 17.8564 0.321621 -0.596441 416.957 0 0
1500 107.344 -7.63988 18.0675 0.845271 -0.187688 417.017 0 0
1500 116.943 30.6925 18.0911 1.03183 0.564881 416.827 0 0
1500 59.2214 29.8853 18.0404 -0.0446822 0.481718 417.222 0 0
1500 83.6603 8.70486 18.5575 0.483026 0.164994 417.913 0 0
1500 83.8998 2.3475 18.205 0.457352 -0.00671629 417.563 0 0
1500 1.30225 -28.8103 17.8866 -0.872967 -0.455019 417.441 0 0
1500 63.3801 66.5345 17.8714 0.128169 1.03643 417.554 0 0
1500 84.4425 5.75772 18.807 0.531757 0.157011 417.937 0 0
1500 105.734 32.1566 17.949 0.809197 0.4651 417.839 0 0
1500 96.2305 -14.4834 18.1433 0.608155 -0.294964 417.721 0 0
1500 40.4721 -17.926 17.9353 -0.337282 -0.287882 417.73 0 0
1500 65.9513 21.4867 17.8801 0.15455 0.358246 418.486 0 0
1500 64.8621 41.3284 17.8474 0.125868 0.648886 418.37 0 0
1500 55.3998 47.4695 17.8444 -0.00789314 0.738559 418.094 0 0
1500 46.0838 45.9123 17.8448 -0.140003 0.716114 418.129 0 0
1500 96.7732 -48.8643 17.9313 0.668731 -0.741759 418.07 0 0
1500 66.2825 64.8626 18.0593 0.173152 1.15413 418.368 0 0
1500 77.6951 3.28689 17.9717 0.289115 0.114216 418.667 0 0
1500 62.4402 1.02485 17.8883 0.12377 0.0534266 419.249 0 0
1500 105.114 -4.96493 18.1699 0.818843 -0.112882 418.966 0 0
1500 33.2283 10.772 18.2006 -0.394529 0.206618 419.277 0 0
1500 63.1759 5.26185 18.2055 0.063612 0.122989 418.954 0 0
1500 44.4684 -19.4352 18.1225 -0.247335 -0.291681 419.005 0 0
1500 90.7642 -15.5403 17.8847 0.57137 -0.29033 419.245 0 0
1500 112.301 -60.638 18.0215 0.944738 -0.981734 419.239 0 0
1500 96.3793 -73.8743 17.8722 0.572702 -1.26211 418.743 0 0
1500 124.169 43.6036 18.072 1.09834 0.828185 418.821 0 0
1500 44.8037 -11.6794 18.0403 -0.200059 -0.217844 419.318 0 0
1500 122.415 10.9783 17.9292 1.02492 0.150264 419.88 0 0
1500 124.355 -13.8294 17.8485 1.00871 -0.276303 419.752 0 0
1500 -24.9765 -21.9687 17.8074 -1.30528 -0.346826 419.92 0 0
1500 84.9834 -53.2873 17.8521 0.472475 -0.848734 419.584 0 0
1500 65.2016 3.43619 17.8667 0.150839 0.122035 419.51 0 0
1500 88.0639 23.0089 18.6896 0.524432 0.416403 419.886 0 0
1500 124.143 -23.2191 17.9266 1.15093 -0.435126 419.539 0 0
1500 73.1997 4.00947 17.8424 0.261539 0.00737121 421.016 0 0
1500 118.255 5.59996 17.872 0.944211 0.0912505 420.242 0 0
1500 123.534 -7.68353 17.9304 1.03956 -0.0841388 420.556 0 0
1500 63.0075 22.1542 18.7554 0.15746 0.391578 420.268 0 0
1500 87.7397 6.7477 18.5927 0.615105 0.0845302 420.387 0 0
1500 69.5363 6.52005 18.5864 0.231747 0.160739 420.749 0 0
1500 10.0708 35.9058 17.9962 -0.774468 0.59849 420.558 0 0
1500 84.1764 15.9308 17.8225 0.482172 0.239981 420.915 0 0
1500 45.3528 6.04734 17.952 -0.241098 0.145989 421.216 0 0
1500 68.0743 14.5211 17.9303 0.111515 0.281948 421.395 0 0
1500 67.0929 -46.9821 17.8143 0.213752 -0.732989 421.57 0 0
1500 82.5529 19.5616 17.9476 0.336437 0.354728 421.512 0 0
1500 152.368 62.9831 17.8449 1.55948 1.03309 421.476 0 0
1500 138.942 -12.7201 18.3691 1.48452 -0.193757 421.555 0 0
1500 85.0469 22.7549 17.8884 0.454792 0.330039 421.968 0 0
1500 91.5331 -26.1783 18.1507 0.622548 -0.417763 421.976 0 0
1500 88.6507 -13.8514 18.2577 0.591548 -0.23462 422.023 0 0
1500 18.3281 4.06428 18.077 -0.648197 0.0817859 422.119 0 0
1500 83.4242 -14.9412 17.8909 0.430794 -0.19898 422.166 0 0
1500 111.529 5.31251 18.1431 0.914032 0.0583358 422.791 0 0
1500 102.942 -7.44952 18.1484 0.79268 -0.133739 422.194 0 0
1500 106.967 -35.8274 17.8036 0.812756 -0.549999 422.856 0 0
1500 28.1934 43.4298 17.9333 -0.496436 0.711039 422.74 0 0
1500 -4.5425 45.6406 17.8323 -0.963201 0.782449 422.408 0 0
1500 37.1284 -12.4064 17.9519 -0.359647 -0.133249 422.182 0 0
1500 19.7172 7.54138 17.8273 -0.657826 0.0709309 422.659 0 0
1500 32.0911 3.8524 17.9262 -0.447998 0.00626319 422.525 0 0
1500 82.6309 -42.3954 18.2054 0.391303 -0.740229 422.384 0 0
1500 -17.1251 -18.8366 17.8962 -1.24638 -0.368936 422.531 0 0
1500 110.028 -21.096 18.3872 0.992174 -0.338481 422.272 0 0
1500 67.4128 -29.536 17.862 0.153584 -0.482233 423.492 0 0
1500 35.6288 -45.2376 17.8616 -0.344051 -0.707839 423.793 0 0
1500 95.0534 34.4783 17.9011 0.565204 0.552756 424.847 0 0
1500 111.668 3.02064 18.203 0.918171 0.0267931 424.09 0 0
1500 76.9386 65.1618 17.8008 0.354952 0.967888 423.522 0 0
1500 54.5597 57.6969 17.9303 -0.094976 0.922785 423.111 0 0
1500 11.5441 36.6256 17.9288 -0.742956 0.602189 423.329 0 0
1500 68.8338 -65.5949 17.8618 0.138201 -1.02973 425.325 0 0
1500 106.619 -32.1316 18.0186 0.797359 -0.547114 423.732 0 0
1500 92.4739 -0.213859 18.372 0.630141 0.0602962 424.087 0 0
1500 84.8125 -46.1841 18.001 0.406194 -0.771575 424.96 0 0
1500 47.5397 -30.8838 18.0131 -0.160764 -0.548887 423.881 0 0
1500 29.3257 -27.4289 17.9382 -0.508625 -0.459855 423.043 0 0
1500 76.1171 1.10806 17.8777 0.358973 0.0250806 424.769 0 0
1500 117.314 11.1812 18.2771 1.03669 0.170973 425.154 0 0
1500 45.4056 48.9494 17.8951 -0.161507 0.825771 424.426 0 0
1500 83.7639 21.6216 18.0754 0.443984 0.405713 424.861 0 0
1500 91.5442 2.95067 17.8961 0.59716 0.0141473 424.172 0 0
1500 23.9511 2.94964 17.9336 -0.575931 -0.00104459 424.345 0 0
1500 62.8712 -19.2027 17.9395 0.0259938 -0.34573 423.937 0 0
1500 59.7155 -6.18523 17.9075 -0.000758002 -0.165622 424.31 0 0
1500 36.8422 -9.68074 17.8349 -0.376702 -0.0865355 424.094 0 0
1500 62.2803 36.5382 17.8279 0.0210445 0.631528 424.591 0 0
1500 47.7468 0.75172 17.8377 -0.206712 0.0768689 423.914 0 0
1500 36.318 31.788 17.8263 -0.381203 0.556729 424.715 0 0
1500 84.931 -8.3156 17.9779 0.448218 -0.204701 425.097 0 0
1500 95.1661 68.9775 17.8276 0.65158 1.13119 424.096 0 0
1500 119.47 32.5132 18.1987 1.07178 0.597607 423.233 0 0
1500 143.29 2.01625 17.9416 1.4413 0.0198957 424.756 0 0
1500 107.957 -1.58666 18.2809 0.884176 -0.0954268 424.746 0 0
1500 83.9453 23.1893 17.8777 0.495261 0.359967 425.112 0 0
1500 61.6076 5.80916 17.9511 0.0752121 0.177753 424.597 0 0
1500 33.7323 -6.67504 18.0921 -0.471463 -0.0467776 422.935 0 0
1500 111.8 59.7643 18.0406 0.971251 1.06747 425.262 0 0
1500 43.2992 -16.7027 18.1256 -0.330433 -0.276972 424.226 0 0
1500 89.5131 -30.3766 18.0068 0.552047 -0.522519 425.503 0 0
1500 105.187 14.3586 17.917 0.801672 0.188582 425.458 0 0
1500 81.2792 -8.23532 18.5967 0.471877 -0.125552 427.122 0 0
1500 81.8803 3.27729 18.1304 0.432247 0.0599986 425.839 0 0
1500 90.3524 14.2089 18.2449 0.601003 0.183307 426.106 0 0
1500 100.589 12.9197 18.3514 0.767033 0.224043 425.851 0 0
1500 117.065 -19.1652 17.8996 0.968818 -0.283346 426.094 0 0
1500 90.7031 -6.38641 18.3555 0.595748 -0.163436 426.083 0 0
1500 113.815 24.8144 17.9091 0.919026 0.342892 426.485 0 0
1500 110.942 7.94325 17.9139 0.884915 0.0901292 425.802 0 0
1500 79.7253 61.3073 17.8098 0.282113 0.982191 426.808 0 0
1500 60.973 -57.1187 17.8152 0.104421 -0.915361 425.847 0 0
1500 68.2645 -17.9753 18.5123 0.212546 -0.338467 426.872 0 0
1500 2.63799 5.84222 17.8054 -0.881895 0.0195738 425.862 0 0
1500 81.8184 16.5514 17.8562 0.435111 0.211793 425.682 0 0
1500 13.2094 16.2149 17.8645 -0.754701 0.218563 426.913 0 0
1500 34.4713 -0.773566 17.9927 -0.372085 0.0606592 426.764 0 0
1500 173.668 1.29779 18.1192 2.03074 0.020519 427.088 0 0
1500 59.5233 26.8312 18.0297 -0.000451142 0.427077 427.32 0 0
1500 93.5199 -33.09 18.0614 0.603333 -0.568097 427.181 0 0
1500 36.7428 1.34461 17.984 -0.388447 0.0152273 427.141 0 0
1500 39.9097 41.9859 17.9123 -0.335914 0.731471 427.224 0 0
1500 106.52 7.74173 18.0776 0.778362 0.131843 427.755 0 0
1500 68.8919 14.6283 17.8586 0.219417 0.227091 428.138 0 0
1500 54.5838 42.4043 17.9425 -0.0879375 0.642762 428.131 0 0
1500 116.689 -28.0621 17.9054 0.946433 -0.444772 427.596 0 0
1500 122.938 -1.30966 17.9056 1.04112 -0.0492176 427.449 0 0
1500 48.2827 -61.2302 17.8813 -0.169327 -0.968663 427.893 0 0
1500 120.005 -23.4664 17.8879 0.954773 -0.417569 427.492 0 0
1500 107.683 42.981 17.8012 0.812679 0.649423 427.562 0 0
1500 1.89333 -25.8199 17.8253 -0.91961 -0.397618 427.704 0 0
1500 36.157 -58.4644 17.845 -0.38961 -0.920108 427.75 0 0
1500 65.3733 -42.8853 18.0602 0.178907 -0.719798 427.505 0 0
1500 27.1411 31.2185 17.9741 -0.531266 0.473019 427.875 0 0
1500 75.3905 -7.26482 17.8636 0.315832 -0.179176 428.168 0 0
1500 -10.9603 -23.6657 18.1093 -1.18289 -0.398589 427.752 0 0
1500 84.7247 -40.6306 18.7994 0.624112 -0.821551 427.819 0 0
1500 76.5597 13.2697 18.5143 0.367122 0.238122 428.223 0 0
1500 71.4861 3.22496 18.1639 0.289836 0.0249378 428.622 0 0
1500 63.2101 12.4317 17.8597 0.139793 0.196143 428.221 0 0
1500 75.7403 31.2059 18.1278 0.270503 0.501549 428.806 0 0
1500 71.0339 3.45543 18.2674 0.296835 0.0584162 430.276 0 0
1500 88.6014 14.4907 17.9278 0.463877 0.248474 430.932 0 0
1500 61.8381 25.9324 17.8813 0.112696 0.406297 428.797 0 0
1500 41.6804 6.47555 17.9492 -0.270397 0.0480143 429.58 0 0
1500 94.3363 16.7242 17.9167 0.590589 0.238606 430.388 0 0
1500 118.812 -13.3744 17.8035 0.950044 -0.187732 428.481 0 0
1500 -68.2164 40.2524 17.8017 -1.90699 0.605972 428.747 0 0
1500 16.356 -41.7735 17.8848 -0.627641 -0.668371 429.247 0 0
1500 77.286 -35.9768 17.8975 0.247669 -0.571455 430.833 0 0
1500 92.544 56.797 17.8111 0.459985 0.886607 428.905 0 0
1500 11.4071 45.8121 17.8093 -0.725486 0.731982 428.419 0 0
1500 111.07 -21.8972 17.8167 0.817811 -0.357189 429.834 0 0
1500 115.499 -31.6192 17.8091 0.900038 -0.507294 428.393 0 0
1500 106.816 2.69793 18.3518 0.858295 0.0220136 428.743 0 0
1500 116.109 23.5581 17.9388 0.898929 0.393465 430.319 0 0
1500 14.4235 46.9902 17.8269 -0.702778 0.671691 430.367 0 0
1500 18.0571 -53.0833 17.8424 -0.647507 -0.820829 429.233 0 0
1500 52.0649 -53.6347 17.8637 -0.0330343 -0.856687 428.518 0 0
1500 78.3537 60.6293 17.8256 0.262825 0.973251 428.511 0 0
1500 86.6855 -57.7403 17.8452 0.380914 -0.921672 428.848 0 0
1500 25.0754 -72.5942 17.8516 -0.485792 -1.14796 430.193 0 0
1500 94.3812 55.0899 17.8172 0.587484 0.861637 430.903 0 0
1500 96.9247 50.322 17.8181 0.636181 0.805755 429.698 0 0
1500 30.831 59.6556 17.8189 -0.355041 0.948655 429.481 0 0
1500 59.9205 -56.2692 17.8721 0.0993269 -0.903123 428.418 0 0
1500 71.5182 38.6303 17.9435 0.260124 0.659814 428.385 0 0
1500 104.147 8.10736 18.0076 0.738248 0.199082 428.926 0 0
1500 83.839 58.0321 17.9947 0.416957 0.934764 430.738 0 0
1500 98.3198 48.9449 17.9949 0.632412 0.800533 430.683 0 0
1500 35.7647 7.14987 17.9462 -0.408945 0.101638 428.422 0 0
1500 26.5343 -25.6323 17.9382 -0.547291 -0.403687 429.006 0 0
1500 85.8515 -1.07145 17.9476 0.466198 0.0581005 428.516 0 0
1500 47.869 -63.6435 17.838 -0.10946 -1.01635 430.919 0 0
1500 95.7777 -10.521 17.8548 0.628152 -0.227799 428.8 0 0
1500 89.6281 -14.7524 18.0959 0.585857 -0.190353 429.879 0 0
1500 62.6471 -33.3004 17.9158 0.1415 -0.564336 429.331 0 0
1500 46.8911 -32.5708 17.9148 -0.120525 -0.576893 428.283 0 0
1500 15.84 23.2328 17.8874 -0.714331 0.3391 430.245 0 0
1500 28.5726 -22.1581 17.9918 -0.498357 -0.379908 430.881 0 0
1500 45.0164 -14.7014 17.9433 -0.25505 -0.187032 430.578 0 0
1500 107.427 -51.6142 17.9818 0.874111 -0.830839 429.795 0 0
1500 102.439 -31.3246 18.3052 0.812894 -0.585172 429.214 0 0
1500 98.6141 -45.6433 17.9913 0.741171 -0.749587 430.628 0 0
1500 105.816 -11.7964 18.2019 0.888327 -0.138393 428.342 0 0
1500 82.8448 57.2419 17.8961 0.482867 0.955076 430.962 0 0
1500 92.481 -27.4183 18.3498 0.639593 -0.53435 430.459 0 0
1500 133.969 -1.83762 18.3169 1.439 -0.0278093 430.654 0 0
1500 28.5817 -34.1046 17.9805 -0.451033 -0.522834 431.128 0 0
1500 20.9324 2.12637 17.9351 -0.62431 0.0742297 431.155 0 0
1500 48.035 41.5176 17.8702 -0.192783 0.616016 431.939 0 0
1500 93.611 0.543517 18.014 0.562125 -0.0464038 431.617 0 0
1500 78.4611 5.54084 18.0194 0.34866 0.0232039 432.035 0 0
1500 47.1923 -16.6052 17.905 -0.176119 -0.294983 431.469 0 0
1500 49.2499 2.63879 17.9077 -0.146877 -0.0253253 431.671 0 0
1500 31.6164 -27.6843 17.9288 -0.386235 -0.453542 431.375 0 0
1500 88.1022 2.97347 17.8393 0.49188 0.0501845 431.436 0 0
1500 71.3099 -4.76127 17.8822 0.239926 -0.118951 432.61 0 0
1500 6.85976 -28.2455 17.9038 -0.792446 -0.415323 432.844 0 0
1500 129.152 -76.0429 17.8167 1.08585 -1.16746 431.447 0 0
1500 115.375 32.7937 17.9273 0.888057 0.542285 431.733 0 0
1500 -7.10846 7.74556 17.9213 -1.02847 0.106126 431.311 0 0
1500 9.90151 -0.72141 17.918 -0.768808 -0.0316832 432.523 0 0
1500 64.097 18.1631 18.5723 0.195738 0.346752 432.981 0 0
1500 28.8666 55.0189 17.9186 -0.487982 0.865472 433.006 0 0
1500 23.8413 49.0585 17.9202 -0.565853 0.77952 432.711 0 0
1500 68.9144 -20.1955 17.9191 0.123462 -0.368416 431.282 0 0
1500 145.112 52.8291 17.8733 1.45985 0.862521 432.301 0 0
1500 52.3185 33.8831 18.0174 -0.153734 0.521629 431.274 0 0
1500 94.2341 30.1116 17.9412 0.671232 0.460576 431.419 0 0
1500 87.9736 20.1486 18.3064 0.57686 0.441223 432.307 0 0
1500 103.489 -12.4842 18.4715 0.964714 -0.223559 432.426 0 0
1500 27.1029 -22.349 17.9788 -0.485362 -0.317731 434.123 0 0
1500 86.7675 33.8375 17.834 0.457797 0.528537 433.524 0 0
1500 99.3413 19.3203 17.8171 0.636674 0.321471 434.21 0 0
1500 92.4521 15.5893 17.9441 0.514098 0.286117 435.346 0 0
1500 89.1181 4.68291 17.8609 0.476291 0.00673165 435.427 0 0
1500 32.166 -42.3253 17.8113 -0.441888 -0.602317 435.498 0 0
1500 -4.24752 23.1406 17.9157 -0.971549 0.382198 433.904 0 0
1500 90.8691 -9.17491 18.0498 0.557021 -0.0774256 434.928 0 0
1500 88.6065 -30.6252 18.161 0.473884 -0.53233 433.403 0 0
1500 121.436 4.26086 17.8911 1.02855 0.0595253 435.077 0 0
1500 114.025 -37.981 17.8105 0.892172 -0.518359 435.154 0 0
1500 63.0214 49.4627 17.8214 0.132405 0.811027 433.43 0 0
1500 115.31 -0.665232 18.1155 0.963782 -0.0293431 435.497 0 0
1500 13.2808 20.7659 17.8374 -0.76098 0.301833 433.581 0 0
1500 74.6168 -4.60318 18.3778 0.399332 -0.0652294 434.435 0 0
1500 92.9694 51.3671 17.8916 0.600067 0.803993 435.405 0 0
1500 46.6156 48.5957 17.8172 -0.113008 0.789388 433.735 0 0
1500 110.637 -3.37488 17.919 0.886898 -0.0577681 434.615 0 0
1500 116.739 -1.9693 17.9147 0.970772 -0.0360905 435.213 0 0
1500 101.988 22.6808 17.9218 0.759005 0.339563 434.313 0 0
1500 53.6904 27.3637 18.274 0.000883414 0.491553 435.008 0 0
1500 37.4527 -11.7036 17.9616 -0.376228 -0.207495 433.779 0 0
1500 55.0886 32.9086 17.8832 -0.084888 0.573358 434.663 0 0
1500 70.8685 3.42427 18.1636 0.269376 0.123894 435.547 0 0
1500 -6.87618 -67.0813 17.848 -1.0725 -1.12795 433.769 0 0
1500 52.8545 22.8044 18.0265 -0.0188019 0.428032 434.678 0 0
1500 111.613 -35.1346 17.9099 0.922563 -0.514175 435.349 0 0
1500 144.004 23.9363 17.8847 1.48606 0.412298 433.492 0 0
1500 96.5167 -40.993 18.067 0.613152 -0.735746 434.77 0 0
1500 146.637 37.7272 17.9536 1.56197 0.60911 434.847 0 0
1500 102.831 -20.9699 18.1188 0.781754 -0.446118 435.053 0 0
1500 75.0602 -7.83528 18.2387 0.328262 -0.0573097 436.129 0 0
1500 50.6352 1.0955 17.9504 -0.159301 0.00683132 436.006 0 0
1500 91.0445 19.9769 18.0953 0.553538 0.310424 436.256 0 0
1500 91.6265 29.3416 18.0922 0.563806 0.442592 435.981 0 0
1500 59.2667 28.8752 18.2072 0.0145168 0.44783 437.999 0 0
1500 74.6071 0.867464 18.105 0.277842 0.0786946 438.583 0 0
1500 21.418 2.14663 17.9372 -0.560306 0.0677126 437.693 0 0
1500 84.6059 -9.99339 18.0857 0.453068 -0.181399 438.449 0 0
1500 64.9063 -4.51522 18.0252 0.162333 -0.114594 439.466 0 0
1500 121.255 -9.17725 17.9004 0.985805 -0.095415 437.008 0 0
1500 105.883 50.8065 17.8368 0.740055 0.738516 438.93 0 0
1500 22.2993 57.8694 17.8398 -0.49705 0.921919 435.945 0 0
1500 22.9194 28.6945 17.949 -0.529494 0.454463 439.239 0 0
1500 98.1204 29.2924 17.8182 0.628809 0.455481 438.989 0 0
1500 81.5036 10.8255 17.9358 0.408455 0.145161 440.405 0 0
1500 120.698 -6.96979 17.9134 0.989612 -0.106957 437.948 0 0
1500 41.4678 63.8586 17.8753 -0.279967 1.00737 436.315 0 0
1500 36.5453 4.72121 18.0019 -0.346414 0.0553787 441.565 0 0
1500 26.8312 32.8116 18.0179 -0.464814 0.565227 435.753 0 0
1500 84.4259 -47.3077 17.9641 0.404182 -0.741092 439.748 0 0
1500 84.5675 -1.89366 18.4372 0.480863 0.0235614 442.769 0 0
1500 48.2572 -17.6706 18.2385 -0.123745 -0.299564 442.58 0 0
1500 -5.00336 6.39557 17.8627 -0.967982 0.0562207 439.184 0 0
1500 32.7853 -55.7327 17.862 -0.440688 -0.877854 436.283 0 0
1500 26.8847 -0.947305 17.8519 -0.498883 0.0190288 441.218 0 0
1500 6.65276 -36.4229 17.8316 -0.841229 -0.514917 436.3 0 0
1500 46.6185 -81.153 17.8712 -0.179988 -1.25613 438.682 0 0
1500 76.4525 28.0635 18.1557 0.352224 0.498401 436.098 0 0
1500 31.2507 60.4295 17.8931 -0.392434 0.96862 438.048 0 0
1500 34.5392 1.50099 18.0471 -0.36124 0.0548885 442.757 0 0
1500 71.6967 34.4123 18.0411 0.170331 0.566182 435.727 0 0
1500 60.3635 -46.604 18.0246 0.0325598 -0.779909 436.413 0 0
1500 34.7962 41.6232 17.8601 -0.379454 0.6371 441.499 0 0
1500 113.785 -14.0356 18.1235 0.943515 -0.198292 438.158 0 0
1500 90.9426 -37.6134 18.1514 0.56629 -0.635222 437.534 0 0
1500 84.1631 -14.2393 18.068 0.508784 -0.214938 436.226 0 0
1500 14.0493 -15.4653 17.8818 -0.71136 -0.268545 438.888 0 0
1500 23.3659 -27.7534 17.8839 -0.556329 -0.438867 440.843 0 0
1500 42.9509 -20.8689 17.8921 -0.287851 -0.357962 437.22 0 0
1500 21.9719 12.5623 17.8883 -0.570601 0.143391 441.559 0 0
1500 85.8798 48.1582 17.8297 0.364128 0.744352 442.743 0 0
1500 79.7488 0.326114 18.2012 0.416885 0.0724105 437.398 0 0
1500 29.6152 -47.7949 17.8857 -0.445498 -0.735463 442.216 0 0
1500 117.482 -29.3261 17.9242 0.916923 -0.502804 439.938 0 0
1500 86.9756 -19.2484 17.904 0.531381 -0.316053 436.952 0 0
1500 120.229 22.3702 17.8841 0.999565 0.313041 439.927 0 0
1500 68.7464 -17.8691 17.8615 0.245045 -0.298521 436.325 0 0
1500 114.311 -32.0714 17.8065 0.886302 -0.498616 440.801 0 0
1500 111.308 -20.2966 17.9577 0.880387 -0.350881 438.755 0 0
1500 101.377 -23.5384 17.9595 0.67445 -0.439688 437.162 0 0
1500 64.8679 41.501 17.822 0.0984652 0.658123 443.058 0 0
1500 116.019 29.4031 17.9993 1.00542 0.441937 436.3 0 0
1500 100.553 38.9678 17.8779 0.725151 0.603707 438.735 0 0
1500 145.01 6.83946 17.8094 1.35951 0.0770567 440.064 0 0
1500 95.9313 -31.6143 18.0959 0.682474 -0.488708 438.989 0 0
1500 112.847 -42.5937 17.8301 0.884461 -0.656085 440.207 0 0
1500 63.2616 -16.1813 17.9598 0.154274 -0.240317 444.719 0 0
1500 123.953 -14.4623 17.8075 1.03374 -0.166298 440.493 0 0
1500 74.1387 -8.29924 17.836 0.276876 -0.0704402 444.619 0 0
1500 59.6328 -37.3018 18.0913 0.0613517 -0.588053 445.387 0 0
1500 80.8998 27.4526 18.2583 0.386176 0.482406 440.674 0 0
1500 49.8113 -28.3133 18.0264 -0.0713114 -0.46016 445.606 0 0
1500 105.893 30.8194 17.8436 0.804592 0.47582 439.679 0 0
1500 44.8824 -43.416 17.9933 -0.243575 -0.71562 438.864 0 0
1500 116.211 14.5655 17.7979 0.93285 0.273033 440.074 0 0
1500 82.9365 60.2293 17.7941 0.422349 0.950758 441.06 0 0
1500 48.3051 64.4685 17.7968 -0.0922301 0.987754 442.843 0 0
1500 120.615 31.5406 17.8425 0.952437 0.4968 444.113 0 0
1500 89.3833 -41.6607 18.0168 0.574765 -0.733403 436.418 0 0
1500 65.3497 -51.2242 17.9016 0.181442 -0.864668 437.415 0 0
1500 122.666 10.9886 17.8254 1.01293 0.221453 441.831 0 0
1500 66.8392 36.6294 17.8456 0.169757 0.570637 445.764 0 0
1500 29.0778 -39.9848 17.9244 -0.482406 -0.738638 436.108 0 0
1500 62.8103 14.1434 17.9331 0.114437 0.255587 447.081 0 0
1500 35.8913 57.8824 17.8063 -0.409612 0.908871 441.068 0 0
1500 87.4007 -58.0522 17.9242 0.463131 -0.912278 444.306 0 0
1500 44.5625 49.4562 18.0309 -0.205486 0.809241 442.388 0 0
1500 50.8544 -62.8502 17.8059 -0.119368 -1.01714 442.461 0 0
1500 57.2159 -53.7539 17.8127 -0.0243749 -0.896607 441.279 0 0
1500 22.8077 -47.5225 17.8092 -0.545757 -0.795507 441.767 0 0
1500 114.3 -44.8656 17.9226 0.956495 -0.728506 440.177 0 0
1500 68.0101 -1.62911 18.3056 0.259829 -0.0301441 449.134 0 0
1500 13.0814 12.2575 18.0141 -0.776186 0.186569 438.68 0 0
1500 87.734 4.56144 18.1821 0.570107 0.065206 442.458 0 0
1500 109.401 -15.5273 17.9173 0.781213 -0.279144 446.6 0 0
1500 77.7712 -59.2028 17.9102 0.336369 -0.912448 445.627 0 0
1500 224.231 36.3746 17.9083 2.81386 0.586488 437.05 0 0
1500 47.6707 0.273442 18.036 -0.177199 -0.0608071 440.957 0 0
1500 41.0095 -24.0657 18.031 -0.251454 -0.392895 448.408 0 0
1500 61.6755 -6.83285 17.9955 0.0638922 -0.16385 448.642 0 0
1500 78.7691 -50.0592 17.8033 0.363464 -0.822461 442.01 0 0
1500 79.1614 -51.1194 17.8025 0.36889 -0.837369 442.11 0 0
1500 43.6349 46.8359 17.8794 -0.289314 0.791785 439.601 0 0
1500 116.828 13.0091 17.8035 0.883259 0.128298 446.252 0 0
1500 76.6715 -63.3405 17.795 0.315917 -0.999535 444.115 0 0
1500 88.228 111.201 17.7952 0.516794 1.65839 444.269 0 0
1500 84.1448 -11.1652 18.2309 0.520977 -0.224199 440.521 0 0
1500 109.285 21.6398 18.1714 0.880754 0.416338 440.017 0 0
1500 104.969 -46.0828 17.9253 0.76325 -0.712155 445.269 0 0
1500 96.9269 -22.8271 17.9388 0.674922 -0.388724 442.297 0 0
1500 91.8433 -40.8871 17.9365 0.55405 -0.61706 447.38 0 0
1500 94.2974 -31.2547 17.9371 0.633106 -0.516378 442.46 0 0
1500 62.3312 15.1059 18.09 0.132596 0.311778 440.161 0 0
1500 68.8976 66.9253 17.8263 0.110734 1.04116 445.202 0 0
1500 -7.04426 -8.52659 17.8292 -0.994221 -0.0708377 446.249 0 0
1500 27.3843 50.0248 17.8337 -0.488817 0.77153 446.986 0 0
1500 105.949 48.0233 17.8483 0.810762 0.714708 442.612 0 0
1500 85.3124 -2.89835 17.8438 0.399571 -0.118519 442.316 0 0
1500 45.0644 -13.225 17.8457 -0.203049 -0.254803 448.178 0 0
1500 73.5869 -27.446 17.8417 0.201616 -0.458505 447.794 0 0
1500 53.809 -20.4383 17.9532 0.00618204 -0.331012 449.664 0 0
1500 60.0817 54.3969 18.1483 0.072248 0.982904 438.321 0 0
1500 76.2559 57.1213 17.8295 0.300425 0.884544 447.617 0 0
1500 72.4939 62.0581 17.8245 0.255958 0.993454 444.977 0 0
1500 62.4763 66.3149 17.8232 0.104447 1.04251 445.918 0 0
1500 87.5067 30.7208 18.3004 0.599059 0.508681 441.67 0 0
1500 110.602 -40.6177 17.7976 0.768134 -0.66639 446.967 0 0
1500 29.0033 -36.9459 17.8119 -0.412185 -0.59567 448.929 0 0
1500 41.9737 -62.5114 17.7979 -0.234301 -0.985379 447.028 0 0
1500 73.5941 -64.0869 17.7961 0.229476 -1.01823 446.365 0 0
1500 66.0399 -15.5185 17.9908 0.124613 -0.284808 450.619 0 0
1500 96.7599 -19.638 17.813 0.589713 -0.381169 443.35 0 0
1500 29.9021 -21.1163 17.8746 -0.453788 -0.264993 450.015 0 0
1500 12.7488 -37.797 17.8584 -0.751307 -0.539938 444.645 0 0
1500 116.724 -23.0136 17.8066 0.900559 -0.385116 447.878 0 0
1500 56.3627 -64.586 17.8042 0.0257735 -1.0223 445.578 0 0
1500 122.781 -11.0574 17.956 1.02802 -0.203174 447.136 0 0
1500 30.7079 -1.69052 17.9956 -0.542837 -0.0826332 437.071 0 0
1500 70.7105 -48.3384 18.1169 0.234055 -0.804328 445.525 0 0
1500 78.2113 -20.3584 18.0315 0.430093 -0.33877 439.654 0 0
1500 93.185 12.0491 18.4303 0.633311 0.293428 436.49 0 0
1500 42.3802 -25.5863 18.0805 -0.2156 -0.41841 451.49 0 0
1500 119.201 -4.21448 17.8578 0.999053 -0.057138 445.944 0 0
1500 73.6881 54.8537 17.8103 0.177387 0.885423 444.954 0 0
1500 55.7844 -61.0123 17.8058 -0.0204201 -0.99459 445.762 0 0
1500 52.057 -15.872 18.1378 -0.182885 -0.297904 436.665 0 0
1500 67.3723 -28.7739 17.975 0.180329 -0.462653 451.353 0 0
1500 94.9105 -38.3851 17.9625 0.573807 -0.60647 450.209 0 0
1500 116.538 -20.2227 17.9541 0.9285 -0.367896 446.566 0 0
1500 69.983 -0.515418 18.287 0.284675 -0.0169035 453.079 0 0
1500 -18.6694 12.3441 17.9407 -1.34556 0.271911 439.534 0 0
1500 48.2861 50.641 18.0011 -0.173937 0.826373 445.96 0 0
1500 12.0548 20.4491 17.8379 -0.719259 0.401682 443.674 0 0
1500 31.0266 7.29274 17.9563 -0.409372 0.187937 445.624 0 0
1500 121.886 15.2951 17.9373 1.02365 0.216668 448.896 0 0
1500 66.8716 0.219007 17.9268 0.167018 0.0615201 453.15 0 0
1500 153.637 66.254 17.8591 1.55347 1.00615 445.561 0 0
1500 12.6603 -12.3086 18.0325 -0.752006 -0.271233 442.621 0 0
1500 94.1685 -49.7244 17.8539 0.594607 -0.729914 450.396 0 0
1500 112.921 -30.7307 17.8032 0.897568 -0.442766 447.441 0 0
1500 81.3221 27.0538 17.8205 0.433938 0.44156 445.482 0 0
1500 69.8144 51.5414 17.8138 0.234062 0.754113 451.278 0 0
1500 114.785 12.3426 17.8057 0.931966 0.208103 446.993 0 0
1500 92.7861 -26.8367 17.8189 0.557669 -0.36058 451.759 0 0
1500 111.162 -21.1466 17.807 0.879533 -0.301161 446.802 0 0
1500 117.188 -11.832 17.8044 0.965409 -0.158384 447.201 0 0
1500 60.7005 68.4279 17.8006 0.108793 1.03908 448.289 0 0
1500 84.0771 28.5573 17.8189 0.475801 0.464001 445.609 0 0
1500 65.2671 -19.1472 18.0798 0.146674 -0.331717 453.527 0 0
1500 -4.13202 25.0654 17.8208 -0.934338 0.43624 449.654 0 0
1500 44.3564 -6.95897 17.9672 -0.23249 -0.057142 453.433 0 0
1500 -1.85837 7.69604 17.9431 -0.947469 0.158648 447.881 0 0
1500 51.8007 -88.096 17.8332 -0.144004 -1.35826 448.877 0 0
1500 110.986 14.2608 17.8112 0.826321 0.217303 451.398 0 0
1500 131.524 -7.04506 18.3126 1.32621 -0.116506 443.375 0 0
1500 73.2852 -27.4947 17.8239 0.31074 -0.407398 445.23 0 0
1500 75.3222 -51.47 17.9735 0.328731 -0.83731 447.929 0 0
1500 143.476 -26.1817 17.8511 1.42863 -0.392225 445.439 0 0
1500 102.88 35.1981 18.1597 0.810126 0.697934 439.968 0 0
1500 87.7282 -2.94172 18.0412 0.542212 -0.0954026 447.689 0 0
1500 106.19 -32.5384 18.0237 0.804172 -0.535932 449.465 0 0
1500 80.6105 6.07841 18.3583 0.482658 0.0663438 449.04 0 0
1500 71.8346 44.8649 17.8088 0.262491 0.746804 448.027 0 0
1500 72.6787 -3.58457 17.8242 0.280531 0.000510943 446.862 0 0
1500 124.561 -14.5186 17.7962 1.02545 -0.160232 451.144 0 0
1500 64.4379 -31.1894 17.8138 0.0579957 -0.554026 447.587 0 0
1500 7.30735 -28.5207 17.7997 -0.768315 -0.473101 452.924 0 0
1500 59.058 -47.3891 17.8073 -0.023566 -0.73569 453.76 0 0
1500 31.6351 -59.4257 17.7929 -0.426026 -0.934538 451.671 0 0
1500 66.1501 -63.4397 17.8233 0.171661 -1.00736 450.247 0 0
1500 67.2117 -58.828 17.8289 0.179948 -0.900048 453.075 0 0
1500 105.665 -23.4905 17.8625 0.760279 -0.429104 449.092 0 0
1500 104.788 -5.78758 17.8673 0.752434 -0.160124 448.61 0 0
1500 73.9296 -37.9907 17.8696 0.278893 -0.657238 448.408 0 0
1500 34.6128 -63.0267 17.8536 -0.3113 -0.991942 451.767 0 0
1500 28.1468 -58.4407 17.8542 -0.413778 -0.94218 450.502 0 0
1500 33.4603 -62.1044 17.8543 -0.326885 -0.974508 452.041 0 0
1500 121.336 -18.7396 17.8552 0.952675 -0.339919 452.308 0 0
1500 57.2774 62.2566 18.0068 0.00959799 1.04579 447.94 0 0
1500 81.4838 35.6033 17.9478 0.330867 0.631315 446.023 0 0
1500 85.4768 33.6386 17.9421 0.41761 0.590872 449.214 0 0
1500 44.0297 22.236 17.9516 -0.198585 0.377915 455.756 0 0
1500 57.9991 10.2882 17.9555 -0.00373138 0.210456 456.035 0 0
1500 16.7028 33.4862 17.9361 -0.632297 0.583323 449.796 0 0
1500 75.7412 -12.3727 18.1405 0.34892 -0.180294 456.645 0 0
1500 94.5691 -22.801 17.8999 0.589709 -0.299767 455.784 0 0
1500 92.9537 12.2387 17.9001 0.62105 0.212593 449.602 0 0
1500 78.3344 -9.27121 17.9082 0.357566 -0.108074 456.446 0 0
1500 48.3954 -34.7553 17.9488 -0.115968 -0.610919 450.011 0 0
1500 109.073 -42.7763 17.929 0.779645 -0.698775 453.336 0 0
1500 62.7887 -17.664 17.9558 0.106778 -0.350079 449.513 0 0
1500 80.8029 -13.637 17.9478 0.400068 -0.185126 457 0 0
1500 122.93 -0.7903 17.9236 1.03074 -0.00610271 454.025 0 0
1500 116.363 -2.36781 18.1088 0.974324 -0.0636271 452.585 0 0
1500 48.1804 33.6528 17.8221 -0.119787 0.592107 449.99 0 0
1500 89.3356 25.2043 17.8897 0.527001 0.456102 450.625 0 0
1500 75.7379 61.1862 17.8756 0.298239 0.949928 454.785 0 0
1500 83.3797 -19.2387 18.0069 0.356044 -0.348317 451.026 0 0
1500 73.1151 -31.1053 17.8648 0.263929 -0.487876 457.482 0 0
1500 75.9339 -57.4966 17.8466 0.325896 -0.922188 452.61 0 0
1500 56.2519 -64.3244 17.8463 0.0275906 -0.983708 455.408 0 0
1500 88.9175 5.7851 18.2801 0.577527 0.0290456 452.882 0 0
1500 106.93 -19.2719 17.8293 0.814402 -0.331053 452.675 0 0
1500 116.917 23.8601 17.8248 0.915471 0.310586 456.36 0 0
1500 71.05 16.2902 17.8907 0.252988 0.25134 458.875 0 0
1500 97.9202 39.9251 18.1028 0.62219 0.714944 448.154 0 0
1500 92.4526 45.7423 17.8615 0.53897 0.692344 458.624 0 0
1500 124.517 -41.5268 17.9209 1.15208 -0.632603 449.483 0 0
1500 30.6291 38.794 17.9765 -0.516165 0.590613 447.545 0 0
1500 112.296 34.015 17.8989 0.862078 0.552055 455.954 0 0
1500 123.039 8.98643 17.7995 1.01591 0.104897 456.562 0 0
1500 91.9831 -63.3742 17.8721 0.561315 -1.09218 450.752 0 0
1500 112.194 35.0088 17.8269 0.875784 0.555705 455.327 0 0
1500 120.193 7.07932 18.0226 1.06174 0.19274 449.347 0 0
1500 79.6759 60.2177 17.8673 0.327015 0.973978 455.462 0 0
1500 84.477 46.6686 17.8749 0.406658 0.78699 454.155 0 0
1500 75.5699 8.94825 17.8428 0.339699 0.181836 452.565 0 0
1500 118.086 -30.3253 17.8166 0.957141 -0.411858 455.727 0 0
1500 75.1371 37.7935 17.8353 0.300949 0.572048 459.362 0 0
1500 95.5097 -6.682 17.8352 0.645951 -0.0620196 453.111 0 0
1500 75.4994 64.1642 17.8164 0.322069 0.99414 455.847 0 0
1500 74.025 62.6605 17.8193 0.293196 0.949288 457.44 0 0
1500 -1.25474 69.3617 17.992 -0.988384 1.17349 451.034 0 0
1500 54.0511 -17.8401 17.9949 -0.00715298 -0.346258 453.547 0 0
1500 98.0045 -15.3513 17.8529 0.6583 -0.170098 453.8 0 0
1500 123.358 15.6175 17.8351 1.00554 0.295622 456.682 0 0
1500 189.903 -153.469 17.9512 2.23362 -2.5255 450.609 0 0
1500 86.1481 -22.0622 18.2936 0.501137 -0.407064 455.495 0 0
1500 12.6197 -34.8396 17.8388 -0.760145 -0.551448 455.305 0 0
1500 102.385 -19.6263 17.8218 0.736076 -0.356113 454.399 0 0
1500 96.6777 -18.5792 18.2804 0.648366 -0.336622 458.782 0 0
1500 11.0624 -74.01 17.9746 -0.788072 -1.19659 454.005 0 0
1500 112.862 -26.7599 18.0022 1.01836 -0.467566 448.934 0 0
1500 58.9441 48.7448 17.8126 0.0771026 0.790489 455.381 0 0
1500 120.566 -21.3225 17.8017 0.971674 -0.273127 459.007 0 0
1500 84.2477 59.6954 17.8016 0.442135 0.908585 458.992 0 0
1500 88.5852 -35.9335 17.8356 0.547559 -0.552596 455.441 0 0
1500 89.0273 -57.2086 17.9645 0.480968 -0.9205 458.079 0 0
1500 110.882 37.9967 17.7969 0.838995 0.546623 459.457 0 0
1500 81.1742 -25.6949 17.9844 0.373475 -0.471097 456.013 0 0
1500 67.859 29.4642 18.4144 0.185148 0.577025 450.103 0 0
1500 71.2053 26.1631 18.2048 0.217389 0.50548 452.026 0 0
1500 50.9382 -10.5218 18.1889 -0.196453 -0.218759 448.185 0 0
1500 57.1356 -29.6167 18.0779 0.0516017 -0.559666 451.898 0 0
1500 66.6047 -64.4082 17.9034 0.120913 -1.00597 460.855 0 0
1500 37.3338 38.0181 18.032 -0.284288 0.656907 457.982 0 0
1500 82.2411 54.7288 18.0198 0.393221 0.892997 459.386 0 0
1500 16.0749 -0.704516 18.0302 -0.741655 0.056518 452.226 0 0
1500 61.9794 49.7727 17.9101 0.0454365 0.831878 458.085 0 0
1500 66.3694 53.1668 17.9103 0.104718 0.822849 462.929 0 0
1500 38.8223 62.5176 17.8992 -0.299381 0.997336 459.999 0 0
1500 114.376 5.62976 18.3079 0.965913 0.0955986 460.628 0 0
1500 81.8994 -21.7356 17.8279 0.397307 -0.285074 464.433 0 0
1500 130.686 -39.7657 17.8015 1.14437 -0.630838 459.939 0 0
1500 55.8066 64.7962 17.8632 0.0248817 1.09554 454.778 0 0
1500 95.0173 25.586 17.9043 0.65256 0.377257 458.059 0 0
1500 117.835 28.6915 17.8902 0.954612 0.40447 461.355 0 0
1500 49.1979 -8.66858 18.1551 -0.175751 -0.147494 456.909 0 0
1500 20.4747 12.9489 17.8106 -0.662677 0.193297 458.218 0 0
1500 20.2281 49.8468 17.7989 -0.621647 0.713516 462.875 0 0
1500 90.05 -11.4988 17.9846 0.546289 -0.237669 460.025 0 0
1500 41.8593 43.7037 17.9092 -0.248001 0.682082 465.227 0 0
1500 8.02036 31.3775 17.8988 -0.776669 0.54327 460.622 0 0
1500 68.4475 58.9622 17.9003 0.129498 0.910465 464.234 0 0
1500 74.0401 51.9345 17.9046 0.208044 0.803577 464.77 0 0
1500 47.0198 -51.5693 17.9718 -0.110907 -0.894833 456.134 0 0
1500 16.8798 48.1982 17.8524 -0.688623 0.704659 461.012 0 0
1500 27.5594 -36.3027 17.8621 -0.537476 -0.579856 459.796 0 0
1500 6.51313 40.8059 17.8502 -0.83849 0.588713 461.519 0 0
1500 65.2473 -37.0138 17.8696 0.0416951 -0.596514 459.169 0 0
1500 45.3352 55.0642 17.9856 -0.23763 0.867583 460.84 0 0
1500 41.5944 28.0169 18.0011 -0.271263 0.423003 466.428 0 0
1500 84.2172 61.269 17.8509 0.453661 0.924057 463.176 0 0
1500 -30.3165 84.162 17.8146 -1.3748 1.30332 461.938 0 0
1500 -32.678 41.2666 17.9047 -1.5075 0.766529 455.25 0 0
1500 33.476 48.5187 17.8598 -0.336723 0.808729 460.585 0 0
1500 69.122 -1.95586 17.88 0.212482 0.0395238 458.955 0 0
1500 37.0825 -0.261275 17.9496 -0.383086 -0.0336842 459.414 0 0
1500 44.3619 -27.8259 18.1145 -0.18921 -0.446069 467.415 0 0
1500 120.605 14.4873 17.9512 1.01608 0.192575 462.639 0 0
1500 68.6562 -1.95196 17.979 0.257295 -0.0537438 459.547 0 0
1500 82.1891 56.616 17.9028 0.316996 0.925105 459.978 0 0
1500 61.0148 43.5245 18.1324 -0.00330251 0.746048 457.844 0 0
1500 115.9 -29.9343 17.818 0.929763 -0.474079 464.752 0 0
1500 109.842 -50.1975 17.9799 0.887534 -0.780086 463.043 0 0
1500 99.3126 -3.96907 18.6178 0.791969 0.00931902 460.213 0 0
1500 75.9187 -14.4571 17.8542 0.260652 -0.271873 469.465 0 0
1500 20.3584 -18.6797 17.8453 -0.571652 -0.365693 462.692 0 0
1500 73.8241 -22.6546 17.8511 0.257307 -0.430116 462.253 0 0
1500 81.8266 5.47719 17.854 0.383145 0.008137 462.055 0 0
1500 87.2374 -23.1629 17.8468 0.463965 -0.435883 462.57 0 0
1500 7.2828 -26.5318 17.8354 -0.762613 -0.48004 463.654 0 0
1500 22.6876 -44.1172 17.8347 -0.527088 -0.747168 463.738 0 0
1500 148.088 26.0153 17.808 1.45368 0.429689 463.042 0 0
1500 60.8054 -51.7651 17.8665 0.0822886 -0.85838 463.566 0 0
1500 81.5788 -58.7238 17.8598 0.379056 -0.91524 467.101 0 0
1500 113.888 33.9793 17.8703 0.889431 0.526584 466.708 0 0
1500 97.385 18.6889 18.0298 0.685016 0.333022 464.026 0 0
1500 84.6579 -13.6403 17.868 0.365654 -0.270158 462.912 0 0
1500 61.6443 -58.4647 17.8516 0.00644454 -0.890764 468.527 0 0
1500 125.114 -17.5278 17.9585 1.15136 -0.35384 460.039 0 0
1500 42.4016 75.8115 17.9084 -0.237456 1.30081 461.259 0 0
1500 79.3661 32.7568 17.9956 0.411119 0.546661 465.004 0 0
1500 99.9768 45.4995 17.91 0.69733 0.728243 466.615 0 0
1500 92.1727 0.787776 17.9282 0.599339 0.0610298 464.519 0 0
1500 83.7385 4.78238 18.1158 0.450507 0.098273 472.079 0 0
1500 97.9139 -39.236 17.9844 0.607277 -0.680117 464.538 0 0
1500 92.6008 15.5972 17.8852 0.591953 0.298467 465.222 0 0
1500 68.4429 -2.31161 17.8964 0.19736 0.0196851 472.246 0 0
1500 43.7262 39.7245 17.8576 -0.168606 0.624182 472.106 0 0
1500 27.694 60.2783 17.8386 -0.414998 0.960802 468.68 0 0
1500 104.992 -34.0237 17.8121 0.784308 -0.491038 467.419 0 0
1500 100.762 16.5219 17.819 0.728295 0.281906 466.662 0 0
1500 89.4113 -27.0852 18.1371 0.577694 -0.556029 459.305 0 0
1500 11.0941 3.10389 17.8073 -0.782839 0.100591 466.798 0 0
1500 75.2327 -39.3193 17.9434 0.300341 -0.607235 473.201 0 0
1500 30.1982 -54.6788 17.7957 -0.438777 -0.856851 471.328 0 0
1500 32.7673 -59.7146 17.7923 -0.405853 -0.939701 470.599 0 0
1500 2.52514 -37.5756 17.8097 -0.836613 -0.630746 469.859 0 0
1500 21.3989 -6.07883 17.9808 -0.612996 -0.172147 464.653 0 0
1500 -3.52351 20.7216 17.8422 -0.940276 0.383231 469.646 0 0
1500 115.294 -1.43016 17.9901 1.02256 0.0432443 462.394 0 0
1500 152.276 -20.9708 17.8028 1.49176 -0.379766 468.826 0 0
1500 88.6045 -11.894 17.8188 0.473486 -0.220861 474.656 0 0
1500 127.885 6.2544 18.0394 1.22074 0.0723529 465.885 0 0
1500 63.1581 -19.2477 17.9809 0.0935993 -0.336882 475.901 0 0
1500 92.1623 -16.7296 17.9728 0.549719 -0.333989 468.984 0 0
1500 86.0135 4.01388 17.9785 0.458056 -0.0149955 468.57 0 0
1500 51.9423 -39.5652 17.9734 -0.0628563 -0.624507 475.309 0 0
1500 92.0175 -43.5833 17.9613 0.538181 -0.734365 470.109 0 0
1500 101.464 -10.3673 17.9696 0.689937 -0.235144 469.254 0 0
1500 61.8893 23.264 17.8331 0.108733 0.423382 468.031 0 0
1500 94.4561 25.7744 17.8248 0.560304 0.419722 474.571 0 0
1500 99.0319 -5.143 17.8276 0.622976 -0.0184845 474.819 0 0
1500 73.4157 -52.9277 17.8695 0.303014 -0.847557 469.88 0 0
1500 76.1385 -42.1089 17.8427 0.218219 -0.709513 467.784 0 0
1500 36.3817 37.8417 17.9206 -0.333417 0.591999 475.801 0 0
1500 85.6391 30.1519 17.8621 0.485114 0.518777 469.782 0 0
1500 123.714 8.738 17.8456 1.03079 0.180983 472.414 0 0
1500 72.1783 -28.494 18.7917 0.223402 -0.66289 454.824 0 0
1500 47.6412 -24.7399 17.8879 -0.115833 -0.451777 470.92 0 0
1500 95.5922 1.69804 17.9146 0.622437 -0.0440958 471.992 0 0
1500 116.451 -27.9499 17.8958 0.910732 -0.48407 474.403 0 0
1500 52.3507 -45.4519 17.909 -0.0452411 -0.76693 472.46 0 0
1500 109.769 19.7573 18.0776 0.886015 0.275641 474.22 0 0
1500 112.637 4.12813 17.8469 0.909566 0.0678266 474.219 0 0
1500 63.8719 23.4502 17.8664 0.153956 0.332725 479.976 0 0
1500 100.886 -52.037 17.8403 0.702766 -0.756787 476.834 0 0
1500 120.686 -31.6172 17.8662 1.06588 -0.477814 472.501 0 0
1500 122.416 -6.72593 17.8062 1.0094 -0.113061 478.975 0 0
1500 92.1925 -58.2324 17.8044 0.574408 -0.874492 478.232 0 0
1500 78.1987 -16.51 17.9925 0.265082 -0.293798 475.067 0 0
1500 1.03152 -21.3696 17.9707 -0.901389 -0.357526 477.155 0 0
1500 27.1562 -10.8654 17.9671 -0.531884 -0.19432 475.576 0 0
1500 -60.141 -85.0942 17.8495 -1.84641 -1.32947 478.061 0 0
1500 124.483 4.11457 17.8397 1.0199 0.113615 481.026 0 0
1500 60.824 17.4903 17.8329 0.108058 0.257758 483.36 0 0
1500 93.2551 46.5797 17.8278 0.57632 0.678535 482.496 0 0
1500 113.58 9.21861 17.8256 0.919748 0.150978 478.571 0 0
1500 96.3296 29.2262 17.8313 0.568095 0.524119 477.905 0 0
1500 89.7656 49.2559 17.8232 0.460565 0.821157 478.811 0 0
1500 39.3352 13.1596 17.8441 -0.281793 0.251688 484.346 0 0
1500 28.684 19.5328 17.8377 -0.47767 0.37788 477.379 0 0
1500 75.7763 3.83222 18.2008 0.356112 0.0518586 486.169 0 0
1500 75.5022 -1.79319 18.2009 0.352296 -0.0254692 486.178 0 0
1500 74.1196 -57.2508 17.8935 0.181717 -0.926975 477.238 0 0
1500 15.5589 -47.7103 17.8286 -0.683252 -0.719741 483.396 0 0
1500 93.2217 50.5273 17.9603 0.624436 0.802319 480.321 0 0
1500 41.4209 -13.9156 17.8338 -0.308638 -0.279719 478.894 0 0
1500 4.22095 28.7382 17.8625 -0.812702 0.471217 484.711 0 0
1500 41.0275 -17.9911 17.966 -0.24546 -0.354452 480.339 0 0
1500 48.3373 -47.5032 17.9531 -0.130319 -0.794525 481.556 0 0
1500 0.316932 15.4686 17.9506 -1.02265 0.280583 476.299 0 0
1500 115.099 -17.0266 17.8983 0.940162 -0.279378 484.991 0 0
1500 102.065 41.6585 17.8411 0.656398 0.669149 488.874 0 0
1500 64.4291 54.2781 17.8453 0.113403 0.844186 489.428 0 0
1500 23.381 24.5966 17.8525 -0.511932 0.454463 484.128 0 0
1500 52.1334 27.7009 17.8824 -0.0680591 0.457478 491.377 0 0
1500 79.1269 9.73069 18.1987 0.438203 0.11035 486.371 0 0
1500 1.94181 -35.2012 17.8743 -0.869981 -0.560334 490.358 0 0
1500 70.4916 19.7419 18.2048 0.236318 0.378079 488.355 0 0
