Total number of secondary electrons: 1639
1500 87.1213 -0.463123 17.9324 0.777998 0.0200059 280.262 0 0
1500 88.3889 11.7442 17.4259 0.742548 0.182839 283.141 0 0
1500 86.1905 3.88925 16.6359 0.614506 0.0359701 298.02 0 0
1500 130.329 9.22189 16.0934 1.29053 0.146291 298.632 0 0
1500 93.9964 3.11615 15.7741 0.641075 0.0497081 299.835 0 0
1500 31.6204 -10.5229 15.9211 -0.415259 -0.104345 303.363 0 0
1500 95.0305 -11.9203 17.1267 0.75982 -0.175454 305.738 0 0
1500 104.081 0.794689 17.1408 0.852557 0.0207413 306.013 0 0
1500 91.525 -6.62452 16.0244 0.575288 -0.0774268 308.3 0 0
1500 93.3306 -0.543534 17.0805 0.69392 -0.0447165 309.218 0 0
1500 78.8864 15.2217 16.7371 0.428137 0.261824 310.16 0 0
1500 123.53 -24.4682 16.7078 1.19174 -0.442848 310.938 0 0
1500 95.6801 -16.205 16.0945 0.578332 -0.22249 311.741 0 0
1500 86.5308 -2.49992 17.1169 0.59239 -0.0619955 315.982 0 0
1500 77.2446 -4.79581 17.2281 0.442625 -0.0892423 317.581 0 0
1500 118.456 -15.1258 16.1754 0.895888 -0.203017 318.062 0 0
1500 72.9304 30.2876 16.1348 0.254898 0.414814 318.879 0 0
1500 81.5559 -10.5355 17.0109 0.392832 -0.178491 319.052 0 0
1500 70.559 2.68939 16.9249 0.284844 0.0923879 319.498 0 0
1500 85.953 26.1423 16.7608 0.447573 0.385201 319.73 0 0
1500 73.0612 16.0123 17.1741 0.359141 0.262656 320.64 0 0
1500 66.973 32.1796 16.1937 0.0920419 0.446284 321.29 0 0
1500 26.396 2.93653 16.0771 -0.454119 -0.0168117 322.788 0 0
1500 149.298 -14.0542 16.9012 1.59585 -0.222502 323.029 0 0
1500 89.6856 -11.1516 17.2706 0.601625 -0.173703 323.557 0 0
1500 35.6118 16.2968 16.1571 -0.283444 0.279986 323.692 0 0
1500 88.665 -42.2949 16.4192 0.462001 -0.599007 324.629 0 0
1500 100.444 -4.93703 16.5452 0.611257 -0.0661836 324.78 0 0
1500 95.8674 12.2263 17.2694 0.674088 0.160203 324.874 0 0
1500 84.2256 -5.75183 17.1779 0.524838 -0.0695345 325.001 0 0
1500 45.3853 -48.1113 16.2825 -0.115732 -0.678555 325.342 0 0
1500 46.5127 -5.12773 16.5336 -0.234294 -0.0689459 325.485 0 0
1500 110.011 -10.9691 17.6675 0.911904 -0.205774 325.904 0 0
1500 83.6533 23.2367 16.5652 0.41166 0.355326 326.041 0 0
1500 119.363 -8.8925 16.3278 0.833222 -0.1688 326.186 0 0
1500 78.0873 11.0718 16.3031 0.318592 0.182484 326.957 0 0
1500 116.997 3.77027 16.417 0.860543 -0.00788692 327.025 0 0
1500 83.8563 -8.66652 16.9667 0.404569 -0.171407 327.204 0 0
1500 131.376 -13.7377 16.405 0.969967 -0.226859 327.566 0 0
1500 99.4206 25.3445 16.3875 0.511554 0.38273 327.584 0 0
1500 84.5742 -40.5058 17.0501 0.433081 -0.607069 327.634 0 0
1500 92.9317 -17.5889 17.1237 0.583579 -0.352871 328.053 0 0
1500 84.8708 2.37725 17.566 0.499028 0.0446376 328.397 0 0
1500 128.317 -9.39368 16.4979 0.964188 -0.132167 328.44 0 0
1500 86.8457 -12.538 17.1916 0.443081 -0.254742 328.687 0 0
1500 22.9375 0.454229 16.5789 -0.47706 -0.0359149 328.885 0 0
1500 84.8141 64.6091 16.4343 0.393831 0.854943 329.428 0 0
1500 77.933 21.9947 17.445 0.372588 0.332226 329.468 0 0
1500 116.474 23.803 17.1609 1.04016 0.432183 329.615 0 0
1500 126.802 -0.4048 17.6954 1.27027 -0.00756374 329.881 0 0
1500 85.9135 12.5249 17.3696 0.55153 0.161447 330.077 0 0
1500 76.1395 -2.60181 17.8209 0.413701 0.000574201 330.074 0 0
1500 72.9573 -40.0069 16.632 0.182714 -0.636446 330.114 0 0
1500 89.2184 68.4391 16.4742 0.445612 0.895402 330.139 0 0
1500 112.244 52.2213 16.4811 0.733575 0.690758 330.259 0 0
1500 130.986 21.0535 16.4862 0.967418 0.299718 330.349 0 0
1500 106.117 35.5776 16.5001 0.65168 0.508978 330.781 0 0
1500 92.2047 76.4829 16.5672 0.509428 1.00549 330.925 0 0
1500 78.1445 -77.2672 16.5664 0.301983 -1.03259 330.989 0 0
1500 33.0009 -19.6776 16.6483 -0.414232 -0.26207 331.244 0 0
1500 62.9277 51.85 16.5425 0.0956751 0.712793 331.409 0 0
1500 95.8064 -18.2966 17.1996 0.606987 -0.26435 331.54 0 0
1500 82.1902 -15.7311 17.7639 0.460172 -0.208367 332.098 0 0
1500 117.44 -102.951 16.9506 0.982438 -1.60402 332.761 0 0
1500 88.7443 -20.4109 16.6534 0.457074 -0.25037 332.777 0 0
1500 130.698 18.7895 16.6942 0.979206 0.242485 332.793 0 0
1500 51.0167 3.81808 16.6968 -0.105417 -0.01304 333.104 0 0
1500 60.5133 16.5243 17.2333 0.0474471 0.224056 333.243 0 0
1500 84.2898 -8.20041 17.4886 0.430456 -0.139473 333.375 0 0
1500 -159.261 -57.5732 16.6974 -2.93612 -0.780045 333.498 0 0
1500 134.097 6.96589 16.6805 0.967283 0.118534 333.576 0 0
1500 76.0644 -11.2073 17.1609 0.33986 -0.185418 333.583 0 0
1500 88.3876 -12.6441 16.8035 0.397079 -0.197318 333.917 0 0
1500 83.037 -0.423863 16.8186 0.334943 -0.0676011 334.141 0 0
1500 75.8706 28.7959 16.7927 0.295611 0.411284 334.361 0 0
1500 85.6782 2.78171 17.7822 0.513548 0.0837889 334.382 0 0
1500 80.98 0.122041 16.9976 0.381054 -0.0400177 334.47 0 0
1500 62.7108 3.14745 16.8866 0.0184618 0.0688408 334.857 0 0
1500 57.8259 30.871 17.1683 0.024504 0.450426 334.919 0 0
1500 80.0433 47.5862 16.8287 0.346448 0.649552 335.148 0 0
1500 77.8723 5.26117 17.8173 0.442972 0.0548642 335.161 0 0
1500 91.3213 -0.810659 17.7648 0.592722 0.0176903 335.352 0 0
1500 17.7292 -17.7303 16.9144 -0.628686 -0.305184 335.63 0 0
1500 130.841 -38.0758 16.8925 1.04115 -0.52733 335.867 0 0
1500 103.987 68.7468 16.9617 0.670195 0.970638 335.973 0 0
1500 73.3562 41.2757 16.843 0.229373 0.515925 336.077 0 0
1500 78.4525 22.1836 17.4109 0.362121 0.329545 336.15 0 0
1500 158 -5.39664 17.8137 1.80297 -0.104846 336.725 0 0
1500 92.7442 11.9976 17.8902 0.61554 0.169013 336.767 0 0
1500 59.1433 7.42862 16.9575 -0.0411375 0.104486 336.83 0 0
1500 76.7341 -24.5203 17.3403 0.307527 -0.376774 337.283 0 0
1500 82.1273 4.35814 17.8501 0.526443 0.120025 337.488 0 0
1500 78.297 11.7291 17.77 0.339958 0.186153 337.574 0 0
1500 137.38 12.3644 16.9368 1.04042 0.128079 337.862 0 0
1500 94.4185 26.0235 16.9898 0.45935 0.403114 338.02 0 0
1500 87.0509 34.6312 17.2843 0.53046 0.559015 338.036 0 0
1500 93.5563 -12.0734 17.5616 0.586385 -0.253807 338.052 0 0
1500 70.8702 -17.8508 17.5851 0.291222 -0.274025 338.107 0 0
1500 136.006 10.1175 16.8968 1.00004 0.188504 338.152 0 0
1500 96.9285 24.8532 16.9989 0.50077 0.332074 338.422 0 0
1500 76.5685 33.1121 17.288 0.298035 0.509705 338.596 0 0
1500 100.987 6.61084 17.3964 0.668961 0.0770163 338.723 0 0
1500 89.0926 -73.4181 16.9511 0.396948 -0.969993 338.749 0 0
1500 125.382 51.4023 17.0344 0.909688 0.693565 339.11 0 0
1500 58.3788 -9.83204 17.4373 -0.00262175 -0.126364 339.305 0 0
1500 76.3182 -37.6141 17.9832 0.355403 -0.635964 339.298 0 0
1500 74.9909 0.201786 18.191 0.358942 -0.058307 339.363 0 0
1500 76.7877 -2.05524 18.403 0.386688 -0.0752351 339.472 0 0
1500 60.6333 1.5584 17.9287 0.109162 -0.023073 339.586 0 0
1500 89.3863 15.1962 17.6253 0.477828 0.256686 339.591 0 0
1500 53.9249 3.05532 17.7826 -0.0117249 0.0556323 339.748 0 0
1500 87.1782 -2.38707 17.7477 0.458454 0.00614895 339.911 0 0
1500 61.5543 12.0386 17.4941 0.121165 0.221839 340.255 0 0
1500 74.1899 8.35696 18.2135 0.403303 0.136654 340.289 0 0
1500 36.8745 -24.485 17.1481 -0.335781 -0.293243 340.433 0 0
1500 2.32669 52.6237 17.0186 -0.708007 0.696423 340.47 0 0
1500 75.0337 2.93319 17.483 0.342871 0.0220872 340.515 0 0
1500 53.46 41.5444 17.714 -0.0882867 0.673115 340.575 0 0
1500 61.3064 -24.3112 17.8615 0.137807 -0.453419 340.752 0 0
1500 70.3668 50.8636 17.2998 0.145595 0.785797 340.942 0 0
1500 73.4587 -0.543028 17.6804 0.260288 -0.0689334 340.995 0 0
1500 91.0777 -6.91791 18.2461 0.616123 -0.165788 341.173 0 0
1500 34.5247 -78.0469 17.0733 -0.281085 -0.990187 341.351 0 0
1500 95.7702 8.64208 18.0039 0.677881 0.0880963 341.463 0 0
1500 111.454 28.2527 17.1415 0.769966 0.336092 341.475 0 0
1500 115.985 -7.36954 17.1419 0.830267 -0.138891 341.485 0 0
1500 111.831 -16.1904 18.054 1.06233 -0.330379 341.577 0 0
1500 99.3879 -49.051 17.1182 0.570965 -0.711779 341.667 0 0
1500 30.9956 23.5296 17.4061 -0.398796 0.373915 341.908 0 0
1500 8.9954 -51.3351 17.1358 -0.621992 -0.737448 342.136 0 0
1500 84.0216 19.0876 17.8698 0.54732 0.338989 342.418 0 0
1500 86.7397 -7.36509 18.1155 0.538541 -0.0537805 342.499 0 0
1500 96.4021 -18.6292 17.9315 0.647116 -0.365088 342.543 0 0
1500 116.134 -14.3388 17.205 0.855598 -0.20423 342.89 0 0
1500 25.4912 -11.4534 17.3105 -0.498217 -0.127658 342.937 0 0
1500 89.8976 6.44044 18.0848 0.553253 0.138292 343.119 0 0
1500 45.7767 53.1579 17.1951 -0.229865 0.767247 343.368 0 0
1500 87.4342 2.8662 17.9174 0.521525 0.0873379 343.549 0 0
1500 67.997 8.27343 18.2909 0.267819 0.135589 343.57 0 0
1500 76.9909 6.41145 18.6257 0.411514 0.104865 343.695 0 0
1500 91.7161 18.8959 17.2112 0.411148 0.279481 343.797 0 0
1500 86.4619 -15.1357 17.8594 0.453623 -0.263842 343.809 0 0
1500 70.5671 10.3781 17.5219 0.186837 0.175713 343.886 0 0
1500 116.641 -17.6978 17.8863 1.06631 -0.275964 343.918 0 0
1500 84.5624 12.9759 17.6055 0.416565 0.245784 343.935 0 0
1500 65.0893 -54.061 17.2682 0.164261 -0.778899 343.983 0 0
1500 79.5353 9.56864 17.3131 0.355494 0.0794297 344.444 0 0
1500 57.1932 11.6043 18.2383 0.0605477 0.174764 344.619 0 0
1500 68.8756 30.6223 17.7043 0.181258 0.598511 344.74 0 0
1500 117.379 -19.3279 17.2893 0.876724 -0.29597 344.782 0 0
1500 90.618 51.9874 17.3574 0.472484 0.845348 344.802 0 0
1500 107.816 -27.0203 17.532 0.766895 -0.399544 344.962 0 0
1500 83.6761 -30.3795 18.1523 0.53363 -0.510642 345.21 0 0
1500 109.721 -28.2836 17.3799 0.746355 -0.453845 345.238 0 0
1500 126.115 62.3432 17.4309 1.07113 1.05671 345.325 0 0
1500 59.0651 30.5877 18.1222 0.0565705 0.523239 345.463 0 0
1500 94.0021 29.9941 17.6642 0.68393 0.503076 345.554 0 0
1500 79.3733 2.54266 18.0313 0.372914 -0.000240368 345.644 0 0
1500 88.4123 5.96551 17.9824 0.536588 0.176124 345.622 0 0
1500 105.444 -43.2612 17.5754 0.739944 -0.715094 345.69 0 0
1500 46.5776 -23.187 18.1117 -0.130581 -0.447432 345.711 0 0
1500 78.1627 16.908 18.4573 0.432328 0.28554 345.773 0 0
1500 86.5629 0.838929 17.4644 0.493199 0.0364305 345.768 0 0
1500 25.9617 -28.1452 17.3523 -0.532289 -0.41708 346.06 0 0
1500 97.2484 29.8174 17.3099 0.526378 0.386472 346.107 0 0
1500 50.3073 -2.16886 17.7931 -0.0747578 -0.0926454 346.116 0 0
1500 98.4328 -26.1741 17.8684 0.685144 -0.443078 346.159 0 0
1500 37.3356 -45.5257 17.3596 -0.339532 -0.702046 346.482 0 0
1500 45.4543 -3.6051 17.6359 -0.18069 0.00579627 346.632 0 0
1500 90.9817 29.853 17.8358 0.536747 0.534963 346.747 0 0
1500 33.0912 26.059 17.4562 -0.414611 0.365729 347.237 0 0
1500 52.5925 35.2714 17.4551 -0.135224 0.498407 347.151 0 0
1500 96.3895 6.13916 17.7745 0.681461 0.0829816 347.288 0 0
1500 94.4976 -46.3989 17.529 0.562091 -0.679392 347.306 0 0
1500 98.2253 1.03853 17.8621 0.70024 0.0268294 347.382 0 0
1500 67.5925 -2.43289 17.4795 0.225986 -0.0337363 347.575 0 0
1500 72.2652 5.41155 17.4803 0.29345 0.0799889 347.653 0 0
1500 51.8626 9.59885 17.9625 -0.0374956 0.196497 347.882 0 0
1500 82.0428 -11.5602 18.2663 0.491351 -0.202581 347.988 0 0
1500 31.3115 11.9898 17.8626 -0.442313 0.18285 348.001 0 0
1500 47.5636 -11.3791 17.7594 -0.122865 -0.17655 348.45 0 0
1500 69.4651 -6.56977 17.6326 0.180243 -0.164696 348.437 0 0
1500 60.1193 -72.328 17.421 0.0351468 -1.04726 348.739 0 0
1500 88.9313 50.1802 17.5174 0.469767 0.770942 348.816 0 0
1500 84.6741 -21.9616 17.5781 0.477886 -0.326739 348.784 0 0
1500 48.8979 32.938 17.5749 -0.135766 0.54087 349.08 0 0
1500 66.6356 -2.05615 17.6073 0.133474 0.0326757 349.275 0 0
1500 102.008 13.2672 19.1182 0.960602 0.235221 349.387 0 0
1500 59.9247 30.4058 17.4922 0.0284192 0.514295 349.406 0 0
1500 72.4463 25.7276 17.5699 0.295814 0.401505 349.537 0 0
1500 56.0194 -130.235 17.6322 0.0200351 -2.12756 349.645 0 0
1500 95.9174 17.5669 17.9501 0.681582 0.256992 349.778 0 0
1500 114.388 26.1389 17.5122 0.875464 0.368407 349.896 0 0
1500 100.701 36.9211 17.4956 0.633795 0.515499 350.077 0 0
1500 90.698 -12.8938 18.69 0.660096 -0.177928 350.144 0 0
1500 46.8462 -69.2376 17.402 -0.198119 -1.05142 350.186 0 0
1500 127.464 -6.31633 17.4623 1.02517 -0.0443056 350.25 0 0
1500 34.0682 -54.946 17.5501 -0.314467 -0.847972 350.421 0 0
1500 52.4439 -69.0388 17.4413 -0.0370232 -1.02092 350.421 0 0
1500 36.0987 34.3625 17.4357 -0.336752 0.570715 350.433 0 0
1500 81.7732 46.063 17.7715 0.40641 0.712169 350.546 0 0
1500 109.146 -40.1004 17.4326 0.773017 -0.614202 350.577 0 0
1500 89.1565 -3.78432 19.0042 0.632066 -0.0367664 350.675 0 0
1500 97.6903 -15.8585 17.4977 0.562475 -0.23005 350.679 0 0
1500 72.2958 15.9921 17.7781 0.276415 0.287995 350.843 0 0
1500 101.247 -14.8617 17.6219 0.704423 -0.249947 350.849 0 0
1500 101.449 -12.3559 18.4736 0.949482 -0.262657 351.009 0 0
1500 73.7744 12.0494 18.0896 0.255821 0.218546 351.382 0 0
1500 90.0351 -48.4893 17.7816 0.549725 -0.870915 351.48 0 0
1500 81.2888 -82.1208 17.521 0.310165 -1.24932 351.818 0 0
1500 76.4532 8.25933 18.2213 0.365559 0.239403 351.985 0 0
1500 87.6373 -30.1002 18.8474 0.627049 -0.542508 352.298 0 0
1500 66.6849 -30.9344 17.5311 0.0637404 -0.494402 352.361 0 0
1500 85.5685 -30.4915 17.682 0.485952 -0.47603 352.378 0 0
1500 110.193 21.1787 17.8326 0.8475 0.308803 352.42 0 0
1500 92.4785 7.70786 19.2484 0.703082 0.125249 352.446 0 0
1500 77.3759 13.4035 17.5913 0.300907 0.142735 352.463 0 0
1500 94.9884 -18.2178 17.7816 0.619367 -0.296067 352.439 0 0
1500 29.5066 -18.9918 17.7914 -0.495617 -0.288161 352.493 0 0
1500 95.0276 25.6741 17.8073 0.58146 0.413881 352.573 0 0
1500 63.9615 -0.0783856 17.7004 0.0539167 0.0465547 352.939 0 0
1500 88.8556 4.47412 17.9605 0.559098 0.122494 353.112 0 0
1500 26.8552 -5.37958 17.4821 -0.511582 -0.0243674 353.166 0 0
1500 55.3647 -12.3212 17.5764 -0.0275351 -0.220861 353.327 0 0
1500 88.9982 -54.0697 17.5242 0.451887 -0.777129 353.672 0 0
1500 123.602 -13.0912 17.5059 0.93463 -0.223333 353.779 0 0
1500 96.3985 -0.368833 17.6867 0.686214 0.00411418 353.821 0 0
1500 87.295 40.4348 17.4871 0.375752 0.64456 353.861 0 0
1500 23.5008 -44.8392 17.5485 -0.472647 -0.653826 353.92 0 0
1500 75.3888 -4.59168 17.921 0.358791 -0.0178497 353.892 0 0
1500 123.854 -25.8951 17.5178 1.02925 -0.349088 353.961 0 0
1500 79.4744 23.4508 18.2208 0.383107 0.402593 354.067 0 0
1500 72.5693 5.46879 17.9513 0.331559 0.117027 354.096 0 0
1500 51.4197 -5.98982 18.0258 -0.0853253 -0.127973 354.113 0 0
1500 -12.6814 -50.0341 17.5791 -1.14611 -0.737706 354.126 0 0
1500 64.0094 -44.2954 17.7825 0.0912657 -0.703014 354.83 0 0
1500 49.5057 -11.3577 18.0385 -0.076571 -0.196855 354.889 0 0
1500 87.041 29.5115 18.138 0.545048 0.527543 354.967 0 0
1500 110.05 3.80493 17.9245 0.852008 0.0214109 355.029 0 0
1500 109.775 14.404 18.3781 1.01196 0.313746 355.04 0 0
1500 92.2202 -12.8614 18.901 0.687489 -0.196417 355.105 0 0
1500 64.641 -22.7867 17.7751 0.188436 -0.372675 355.459 0 0
1500 102.708 -8.82206 17.6594 0.674201 -0.200338 355.591 0 0
1500 88.1869 -8.55837 17.6577 0.469225 -0.203944 355.601 0 0
1500 42.9865 -31.1114 17.6214 -0.195036 -0.470749 355.746 0 0
1500 77.7824 47.0302 18.0988 0.358474 0.834762 355.809 0 0
1500 9.6885 96.767 17.6048 -0.762419 1.45784 355.888 0 0
1500 102.553 7.5648 18.013 0.763271 0.0960852 355.986 0 0
1500 88.8094 -9.52077 18.4447 0.596576 -0.194863 356.158 0 0
1500 50.047 18.1549 17.7594 -0.121426 0.283171 356.272 0 0
1500 68.3561 -20.1256 18.6646 0.249204 -0.334172 356.374 0 0
1500 93.0518 -3.70625 17.9425 0.579369 0.014619 356.405 0 0
1500 41.5123 -23.7737 17.8647 -0.245448 -0.401292 356.361 0 0
1500 111.361 23.293 17.7366 0.855684 0.332983 356.532 0 0
1500 72.0864 18.6019 18.4805 0.30051 0.285485 356.609 0 0
1500 107.992 -37.8165 17.5751 0.788723 -0.521116 356.689 0 0
1500 111.143 -20.3648 17.6196 0.814985 -0.389412 356.63 0 0
1500 36.9356 19.3772 17.8537 -0.340018 0.298157 356.743 0 0
1500 82.7404 34.0907 17.9448 0.428704 0.555624 356.773 0 0
1500 80.1322 -14.8214 18.946 0.519236 -0.243513 356.801 0 0
1500 83.9689 28.4473 17.7267 0.417852 0.398171 356.946 0 0
1500 36.4352 29.4958 17.7704 -0.370367 0.425715 356.952 0 0
1500 48.6649 -3.89008 17.7163 -0.0987102 -0.114746 356.994 0 0
1500 103.182 -32.9911 17.639 0.728537 -0.501834 357.054 0 0
1500 129.902 -12.9996 18.0317 1.22705 -0.259263 357.087 0 0
1500 -12.6435 -14.736 17.5345 -1.03268 -0.15323 357.192 0 0
1500 76.1077 -57.3477 17.6409 0.337221 -0.850544 357.254 0 0
1500 60.7043 -16.7271 17.8907 0.0308554 -0.264781 357.231 0 0
1500 80.6368 -12.1368 17.7402 0.372252 -0.131903 357.361 0 0
1500 76.5947 -0.602342 18.2159 0.370447 0.0578001 357.533 0 0
1500 68.1221 -11.989 18.2171 0.257252 -0.177837 357.575 0 0
1500 89.3774 5.14486 17.8949 0.503656 0.0301944 357.639 0 0
1500 88.3748 7.37811 17.8958 0.490318 0.0594292 357.671 0 0
1500 57.8841 37.9819 17.6995 0.0157352 0.630639 357.827 0 0
1500 47.703 52.8568 17.7099 -0.180721 0.817868 357.981 0 0
1500 117.651 -23.4301 17.6505 0.926368 -0.356783 357.993 0 0
1500 59.7285 -31.4839 17.776 0.0444874 -0.450278 358.041 0 0
1500 82.6639 -16.0457 17.6217 0.436717 -0.267482 358.082 0 0
1500 73.2461 67.5544 17.556 0.160523 0.978344 358.205 0 0
1500 92.2237 7.82727 17.6011 0.581026 0.11243 358.385 0 0
1500 62.5117 48.4273 17.7653 0.103466 0.773361 358.511 0 0
1500 91.9396 -25.9805 17.674 0.580284 -0.394514 358.627 0 0
1500 94.5065 -16.2602 18.2424 0.698648 -0.224847 358.577 0 0
1500 75.4492 -28.3405 17.9814 0.381476 -0.490312 358.638 0 0
1500 76.7762 15.0208 18.1722 0.41333 0.241776 358.734 0 0
1500 116.198 -12.4788 17.6394 0.872023 -0.249744 358.739 0 0
1500 87.9278 37.8646 17.7736 0.506658 0.602407 358.779 0 0
1500 75.5885 48.0026 17.645 0.205677 0.747539 358.67 0 0
1500 75.3517 -27.4276 17.8632 0.222785 -0.433758 358.711 0 0
1500 58.3983 2.60196 18.5599 0.0622804 0.0351318 358.875 0 0
1500 82.0284 -42.9484 17.8699 0.340328 -0.725399 358.853 0 0
1500 15.3682 -26.1154 17.5867 -0.692966 -0.347172 358.949 0 0
1500 107.066 0.687163 18.524 0.911905 -0.0533007 359.071 0 0
1500 44.2001 -60.8091 17.9784 -0.23999 -1.06537 359.124 0 0
1500 49.4188 -3.56836 18.2045 -0.108224 -0.00354867 359.174 0 0
1500 83.9762 -9.35126 18 0.49003 -0.0958766 359.214 0 0
1500 126.256 12.6224 17.6154 1.01362 0.19569 359.25 0 0
1500 77.2713 12.8659 18.7396 0.422943 0.246817 359.314 0 0
1500 77.8539 1.96359 18.2848 0.389482 -0.0416989 359.263 0 0
1500 86.2261 12.7981 17.863 0.51914 0.194573 359.247 0 0
1500 88.2832 -33.2877 17.8773 0.548198 -0.5004 359.451 0 0
1500 76.4603 -13.932 17.8189 0.260233 -0.269662 359.5 0 0
1500 76.1341 -66.9676 17.6829 0.243227 -1.01032 359.556 0 0
1500 105.747 -0.386874 18.3131 0.827962 -0.0243736 359.675 0 0
1500 93.961 21.1757 17.8644 0.628334 0.315138 359.677 0 0
1500 62.6604 29.625 17.8148 0.101896 0.524388 359.68 0 0
1500 83.2499 43.6407 17.6659 0.324594 0.691168 359.829 0 0
1500 24.0901 3.00138 17.8043 -0.525372 -0.00828666 359.825 0 0
1500 123.95 -16.4201 17.6282 0.973452 -0.204669 359.862 0 0
1500 78.831 -9.03982 18.0832 0.380979 -0.0981288 360.238 0 0
1500 63.5509 -33.4841 17.7404 0.0863416 -0.507213 360.278 0 0
1500 59.9482 41.5158 17.6124 -0.0213551 0.602979 360.378 0 0
1500 66.5942 -47.4356 17.7033 0.169626 -0.751989 360.42 0 0
1500 81.5972 12.6761 17.9984 0.407282 0.255788 360.295 0 0
1500 24.0463 14.2101 17.6165 -0.498899 0.238608 360.52 0 0
1500 58.3122 38.051 17.8705 0.0788181 0.647228 360.603 0 0
1500 -7.83495 17.381 17.6628 -0.986993 0.290798 360.653 0 0
1500 45.9171 -34.4778 17.7865 -0.26604 -0.575625 360.662 0 0
1500 92.1719 20.3926 17.9996 0.557368 0.365588 360.764 0 0
1500 13.6618 -11.1002 17.8056 -0.686851 -0.19739 360.713 0 0
1500 -33.1453 -84.4985 17.6957 -1.38301 -1.30112 360.728 0 0
1500 46.2289 -21.9606 17.8633 -0.191145 -0.301658 360.897 0 0
1500 74.6103 -36.3597 17.9157 0.242279 -0.608527 361.304 0 0
1500 67.2337 -27.3055 18.0625 0.152911 -0.459066 361.411 0 0
1500 66.0461 3.87647 17.9279 0.102902 0.108978 361.419 0 0
1500 95.519 -4.97556 17.7854 0.633258 -0.0885806 361.458 0 0
1500 125.356 17.1242 17.6849 1.00178 0.280253 361.489 0 0
1500 86.656 -9.15456 18.511 0.545759 -0.194374 361.821 0 0
1500 35.7373 -48.7613 17.7329 -0.386187 -0.72359 361.999 0 0
1500 111.136 6.41036 17.7298 0.785472 0.0617036 362.153 0 0
1500 103.249 49.5825 17.6993 0.686217 0.724781 362.267 0 0
1500 77.5679 -73.4694 18.1435 0.323047 -1.26506 362.415 0 0
1500 123.703 46.392 17.7858 1.14023 0.811615 362.408 0 0
1500 125.548 1.02568 18.2911 1.22637 0.0150421 362.424 0 0
1500 95.6945 54.5461 17.7033 0.580464 0.791045 362.467 0 0
1500 0.0477874 -3.32869 17.7355 -0.901346 -0.0595382 362.467 0 0
1500 63.9 -66.0162 17.683 0.129259 -1.00387 362.559 0 0
1500 73.2462 -18.0621 17.851 0.277438 -0.336729 362.534 0 0
1500 88.3833 -6.48025 18.1401 0.514298 -0.0940253 362.613 0 0
1500 81.8777 -2.15773 19.0369 0.560598 -0.0726765 362.667 0 0
1500 98.4535 4.41188 17.7667 0.648796 0.00145453 362.717 0 0
1500 49.5478 -42.7575 17.8902 -0.192781 -0.701265 362.844 0 0
1500 76.5683 18.9783 17.8522 0.344145 0.340064 362.986 0 0
1500 91.2182 -10.7504 17.7533 0.511938 -0.166804 363.031 0 0
1500 115.691 23.8463 17.8711 0.913477 0.37243 363.218 0 0
1500 83.9839 6.53096 18.1205 0.461752 0.170136 363.195 0 0
1500 57.3251 -50.1874 17.7679 0.0403364 -0.799246 363.276 0 0
1500 47.5522 -82.7316 17.8397 -0.191791 -1.33167 363.306 0 0
1500 83.0596 3.7264 17.7631 0.40313 0.0276743 363.364 0 0
1500 62.0464 -20.5304 18.5551 0.112273 -0.325296 363.406 0 0
1500 103.933 -51.6945 17.6958 0.691935 -0.787348 363.587 0 0
1500 142.464 8.8519 17.6496 1.26556 0.160428 363.689 0 0
1500 81.4009 -10.6369 17.7222 0.435736 -0.186679 363.743 0 0
1500 74.2528 -20.7448 18.1977 0.28384 -0.330911 363.867 0 0
1500 82.2512 13.5382 17.7069 0.43338 0.169533 363.899 0 0
1500 95.1806 -33.0084 17.732 0.601582 -0.601942 363.968 0 0
1500 99.3243 1.09063 18.127 0.658958 0.0244463 364.192 0 0
1500 37.6954 -24.6358 17.7061 -0.373343 -0.336349 364.279 0 0
1500 105.994 -7.60418 17.9137 0.764309 -0.196074 364.587 0 0
1500 3.81011 -5.13711 17.6994 -0.867916 -0.059855 364.723 0 0
1500 76.8813 -10.3341 18.2858 0.373601 -0.153707 365.245 0 0
1500 96.3024 4.8181 17.878 0.57541 0.1128 365.095 0 0
1500 -30.0093 -9.47565 17.6634 -1.29556 -0.0701391 365.077 0 0
1500 37.7016 24.3706 17.7399 -0.370907 0.338659 365.052 0 0
1500 23.1597 -55.7244 17.7021 -0.536744 -0.807724 365.399 0 0
1500 24.3999 4.15366 17.7573 -0.52218 0.133681 365.401 0 0
1500 43.2593 1.41512 17.8094 -0.264914 0.0728242 365.379 0 0
1500 -37.7661 -35.8764 17.7035 -1.42847 -0.589856 365.426 0 0
1500 71.5052 -62.3292 17.7294 0.228394 -0.912389 365.524 0 0
1500 37.901 -9.54755 17.809 -0.345242 -0.0924232 365.476 0 0
1500 35.1937 -6.51767 17.8093 -0.390701 -0.0273621 365.568 0 0
1500 79.102 -18.4624 18.4425 0.372653 -0.333937 365.68 0 0
1500 85.1037 -4.24701 18.1202 0.487924 -0.127009 365.703 0 0
1500 97.4977 -31.5995 17.9545 0.618584 -0.549119 365.654 0 0
1500 85.0514 -16.612 17.8468 0.459183 -0.312913 365.722 0 0
1500 24.2172 26.4715 17.8769 -0.530251 0.444225 365.937 0 0
1500 7.60006 29.2572 17.8435 -0.759568 0.48526 365.966 0 0
1500 68.4364 -58.2492 17.74 0.184998 -0.850548 366.024 0 0
1500 112.799 -22.2783 17.821 0.83229 -0.320221 366.034 0 0
1500 21.9428 -59.5097 17.7172 -0.571969 -0.878412 366.088 0 0
1500 104.486 -17.9096 17.7311 0.766236 -0.275688 366.069 0 0
1500 41.7432 -19.8636 17.9765 -0.235858 -0.36461 366.182 0 0
1500 21.029 24.5156 17.8066 -0.591826 0.415384 366.326 0 0
1500 50.8807 -19.2605 17.9826 -0.121768 -0.282036 366.483 0 0
1500 75.8943 54.0654 17.6827 0.335245 0.791856 366.513 0 0
1500 21.7397 2.58375 17.9955 -0.577272 0.0299615 366.472 0 0
1500 124.825 -1.44348 17.8632 1.03794 -0.0446478 366.584 0 0
1500 136.044 18.8942 17.6747 1.11295 0.34048 366.571 0 0
1500 83.0097 -6.41261 19.3204 0.54202 -0.118062 366.793 0 0
1500 96.7865 7.27362 18.0986 0.702582 0.174729 366.797 0 0
1500 89.9884 63.3639 17.8885 0.55155 1.09681 366.789 0 0
1500 98.0204 -29.9278 17.7531 0.56507 -0.511725 366.968 0 0
1500 68.2117 -62.0958 17.6842 0.219233 -0.92451 367.112 0 0
1500 134.129 42.3167 17.759 1.28284 0.6822 367.104 0 0
1500 111.378 27.1708 17.7441 0.769051 0.431319 367.148 0 0
1500 -1.68738 26.705 17.7328 -0.864235 0.426238 367.205 0 0
1500 57.2596 -24.1089 17.9594 -0.0469417 -0.417724 367.237 0 0
1500 48.2104 -40.2461 17.9647 -0.0950458 -0.668071 367.428 0 0
1500 35.3493 23.0952 17.8568 -0.387436 0.386771 367.439 0 0
1500 79.1077 -17.5218 17.7772 0.32367 -0.289204 367.569 0 0
1500 98.0379 5.75622 18.8716 0.773122 0.0923734 367.488 0 0
1500 86.1942 -4.01539 18.121 0.5231 -0.109183 367.535 0 0
1500 106.421 -40.2724 18.1181 0.796562 -0.692804 367.568 0 0
1500 113.84 58.7047 17.7071 0.862304 0.946693 367.599 0 0
1500 72.9328 11.5836 17.7977 0.161697 0.198557 367.679 0 0
1500 69.8317 -9.49554 17.7839 0.199154 -0.181433 367.817 0 0
1500 80.8341 28.7276 17.7181 0.310045 0.503782 367.816 0 0
1500 45.349 16.5238 17.7967 -0.257985 0.273237 367.819 0 0
1500 41.0967 30.1575 17.9138 -0.307848 0.560788 367.838 0 0
1500 84.8148 -49.653 17.7316 0.343708 -0.803527 368.039 0 0
1500 75.0286 3.95183 17.9261 0.351137 0.0306125 368.068 0 0
1500 63.9911 -51.8054 17.9639 0.137365 -0.83103 368.101 0 0
1500 56.7013 53.5062 18.0848 0.0354349 0.91704 368.127 0 0
1500 99.184 33.0583 17.7863 0.692829 0.496855 368.204 0 0
1500 94.1753 14.8987 18.2977 0.600485 0.256228 368.352 0 0
1500 55.3085 57.6313 17.8347 -0.0453131 0.917724 368.455 0 0
1500 96.563 -45.9154 18.0101 0.644223 -0.795906 368.51 0 0
1500 62.4916 -33.0933 17.8042 0.0640349 -0.508283 368.663 0 0
1500 50.5347 -62.5909 17.7324 -0.15353 -0.975189 368.624 0 0
1500 21.234 -5.04396 17.8582 -0.602301 -0.113898 368.641 0 0
1500 69.957 22.9134 17.8849 0.204961 0.426366 368.637 0 0
1500 85.0695 -62.1327 17.7384 0.443753 -0.903033 368.695 0 0
1500 89.3724 -1.24648 17.9614 0.527091 0.0510319 368.779 0 0
1500 77.1309 -33.9341 18.6396 0.333 -0.657438 368.875 0 0
1500 44.3248 -49.9529 17.7765 -0.260674 -0.78776 368.96 0 0
1500 121.854 -5.12768 17.9451 1.01648 -0.0623238 369.002 0 0
1500 25.5493 4.90546 18.0767 -0.511005 0.0528007 369.059 0 0
1500 60.3792 27.9848 18.3805 -0.00597321 0.46897 369.2 0 0
1500 106.189 -56.9811 17.7313 0.761288 -0.824697 369.33 0 0
1500 94.9836 -1.17312 18.5046 0.69673 0.0394206 369.271 0 0
1500 62.1127 57.119 17.7912 -0.00306786 0.870828 369.295 0 0
1500 42.8107 9.72033 18.0364 -0.214383 0.174241 369.599 0 0
1500 80.568 -3.06079 18.1524 0.419446 -0.0311502 369.519 0 0
1500 5.28764 -43.3791 17.7622 -0.789274 -0.686724 369.481 0 0
1500 90.1241 -31.0809 18.1131 0.498727 -0.527401 369.494 0 0
1500 142.908 -147.775 17.7275 1.34302 -2.30784 369.534 0 0
1500 15.9585 54.6912 17.7812 -0.653199 0.805824 369.716 0 0
1500 91.2954 -58.5623 17.7798 0.516852 -0.914323 369.703 0 0
1500 64.2838 1.14494 18.466 0.193169 -0.0291804 369.862 0 0
1500 76.117 -31.0771 17.9609 0.31018 -0.592644 369.989 0 0
1500 116.649 12.4702 17.921 0.948502 0.15416 370.204 0 0
1500 25.1209 -59.8528 17.7605 -0.508207 -0.913649 370.321 0 0
1500 19.9005 -53.8114 17.779 -0.610384 -0.825255 370.592 0 0
1500 80.4125 1.58916 17.9478 0.362367 0.0965522 370.602 0 0
1500 93.8723 -23.3169 18.027 0.556782 -0.419184 370.617 0 0
1500 117.423 -5.3856 17.7748 0.89559 -0.084026 370.779 0 0
1500 119.009 15.6204 17.7452 0.913903 0.201426 370.993 0 0
1500 88.9674 6.95266 18.1625 0.520663 0.176682 370.937 0 0
1500 78.8611 0.568885 18.077 0.35643 0.0899105 370.992 0 0
1500 69.0417 -17.0828 18.7383 0.28495 -0.273485 371.264 0 0
1500 112.097 -15.7865 17.7303 0.814679 -0.228895 371.312 0 0
1500 114.429 -1.43422 18.1027 0.937542 -0.00983242 371.451 0 0
1500 84.3702 -52.7597 17.953 0.449126 -0.8346 371.639 0 0
1500 81.0753 61.0288 17.829 0.299517 0.947909 371.831 0 0
1500 68.7274 37.479 17.793 0.218744 0.617542 371.774 0 0
1500 29.3338 15.6096 18.0884 -0.508267 0.313356 371.914 0 0
1500 61.5165 6.16266 17.8475 -0.00211684 0.133416 371.959 0 0
1500 64.4708 -42.023 18.2921 0.0726273 -0.795521 371.949 0 0
1500 105.385 14.306 18.5155 0.902419 0.283031 372.019 0 0
1500 76.8664 26.155 18.3191 0.395 0.441665 372.305 0 0
1500 1.48362 16.3484 17.783 -0.868496 0.307315 372.145 0 0
1500 82.2822 11.4604 17.9566 0.449896 0.127564 372.31 0 0
1500 48.9661 4.61572 18.6514 -0.147894 0.097677 372.279 0 0
1500 75.6565 -1.28127 18.5131 0.347007 -0.0313723 372.694 0 0
1500 134.905 20.9031 18.0636 1.29691 0.375232 372.837 0 0
1500 95.357 -0.313068 18.0321 0.680687 0.0448768 372.837 0 0
1500 69.9634 91.6791 18.0029 0.278114 1.59121 372.764 0 0
1500 107.768 22.572 18.6343 0.998537 0.432897 372.865 0 0
1500 62.4736 -30.6186 18.2469 0.112541 -0.609541 372.957 0 0
1500 45.934 -4.23589 18.1123 -0.279443 -0.0238173 372.808 0 0
1500 77.9564 -19.7423 17.9052 0.343289 -0.277797 373.16 0 0
1500 53.5765 51.8698 17.7722 -0.125099 0.820121 373.189 0 0
1500 61.0116 34.0362 17.9295 0.123151 0.558195 373.452 0 0
1500 22.3326 -15.3493 17.8252 -0.583872 -0.176789 373.353 0 0
1500 94.4658 -36.0178 17.9522 0.621786 -0.575593 373.51 0 0
1500 80.9402 50.3524 17.8351 0.327594 0.817326 373.672 0 0
1500 33.3035 -10.9233 18.117 -0.435244 -0.133955 373.512 0 0
1500 86.6947 -47.5131 17.952 0.504928 -0.742153 373.797 0 0
1500 131.377 -51.3814 17.8426 1.15545 -0.873427 373.868 0 0
1500 51.0946 -53.5463 17.8885 -0.0981161 -0.944042 373.886 0 0
1500 66.2161 60.2913 17.8403 0.067242 0.927445 374.039 0 0
1500 109.055 2.23435 17.8154 0.823603 -0.0143914 374.035 0 0
1500 38.6251 -24.3125 17.7737 -0.279352 -0.444253 373.973 0 0
1500 48.7125 -18.6574 17.8571 -0.0891739 -0.346353 374.196 0 0
1500 66.5187 -18.2098 17.8568 0.182063 -0.339336 374.234 0 0
1500 133.366 -27.7453 17.9141 1.27389 -0.498549 374.27 0 0
1500 74.2959 -0.864172 18.9626 0.37098 0.0390475 374.38 0 0
1500 66.0058 -19.4957 18.1178 0.0921654 -0.310255 374.432 0 0
1500 50.5737 -73.7668 18.1223 -0.0675356 -1.35228 374.452 0 0
1500 33.5412 -2.55066 18.1173 -0.388701 -0.0588354 374.543 0 0
1500 97.0677 34.1145 17.8367 0.561927 0.578731 374.637 0 0
1500 84.7581 5.72754 18.074 0.475278 0.150695 374.623 0 0
1500 122.687 46.1798 18.0903 1.17034 0.819965 374.632 0 0
1500 77.2152 -25.9562 17.8956 0.378827 -0.404278 374.715 0 0
1500 76.4003 -21.4464 18.2261 0.331881 -0.391493 374.828 0 0
1500 76.8834 4.41134 19.072 0.43814 0.0159033 374.913 0 0
1500 80.6791 19.3658 17.9279 0.41761 0.33175 374.9 0 0
1500 91.3263 -13.6046 17.8263 0.570002 -0.251739 375.011 0 0
1500 59.9867 -37.4378 18.2858 0.0270744 -0.653611 374.949 0 0
1500 40.4942 -18.0286 18.0865 -0.258052 -0.275374 375.133 0 0
1500 20.2057 -12.9428 17.8449 -0.621623 -0.244506 375.02 0 0
1500 14.8954 12.9763 17.8559 -0.653181 0.184281 375.203 0 0
1500 96.6144 -17.2869 17.8928 0.667382 -0.271224 375.191 0 0
1500 88.3378 -27.3113 18.2237 0.505045 -0.474974 375.304 0 0
1500 98.0485 23.6912 18.0968 0.68707 0.39664 375.267 0 0
1500 101.705 1.84006 18.1761 0.862357 0.0711572 375.324 0 0
1500 37.9699 -21.457 17.8531 -0.332054 -0.272845 375.368 0 0
1500 39.0837 66.0125 17.8452 -0.325858 0.99063 375.488 0 0
1500 78.0204 67.5558 17.7781 0.232203 1.02047 375.413 0 0
1500 26.0451 -60.7202 17.7686 -0.446526 -0.947503 375.529 0 0
1500 -21.0375 67.867 17.7542 -1.13892 1.06428 375.768 0 0
1500 103.926 26.4167 17.8225 0.75243 0.351104 375.766 0 0
1500 95.7534 42.804 17.8182 0.521852 0.664341 375.877 0 0
1500 91.5879 57.7726 17.7509 0.510475 0.907539 375.87 0 0
1500 99.7194 -33.2114 17.8904 0.707038 -0.505341 375.847 0 0
1500 80.6727 16.7211 18.5986 0.400856 0.283012 375.914 0 0
1500 44.1729 -4.16033 17.948 -0.224518 -0.0967351 376.339 0 0
1500 27.6477 61.1253 17.7839 -0.490698 0.917948 376.135 0 0
1500 109.62 42.1345 17.9313 0.816044 0.650713 376.42 0 0
1500 35.3782 93.9835 17.82 -0.314055 1.44354 375.958 0 0
1500 113.805 33.1381 17.9099 0.890192 0.51252 376.465 0 0
1500 10.3288 43.3204 17.8366 -0.719277 0.701581 376.042 0 0
1500 76.7197 62.2156 17.8368 0.252302 0.977297 376.102 0 0
1500 86.7001 -58.7806 17.7935 0.480574 -0.902015 376.283 0 0
1500 16.5595 -53.6213 17.7609 -0.677542 -0.753334 376.454 0 0
1500 75.7323 -55.5513 17.8487 0.313403 -0.882741 376.116 0 0
1500 85.2946 34.5699 17.8894 0.425873 0.595641 376.051 0 0
1500 35.07 -16.3427 18.1139 -0.378589 -0.253363 376.448 0 0
1500 17.2023 1.60417 17.8183 -0.649631 0.0945037 376.465 0 0
1500 39.9306 -8.85828 17.8456 -0.348098 -0.117412 376.233 0 0
1500 71.9897 2.79583 17.8497 0.224362 -0.0338568 376.447 0 0
1500 96.6756 -10.0794 18.5578 0.694527 -0.2071 376.499 0 0
1500 90.856 -17.3764 17.959 0.568163 -0.316796 376.509 0 0
1500 71.7253 4.99381 18.5723 0.347938 0.130671 376.532 0 0
1500 57.565 -17.7546 18.4641 0.0741071 -0.334812 376.569 0 0
1500 112.616 39.1514 17.9332 0.855518 0.60535 376.71 0 0
1500 122.201 28.4568 18.2852 1.2573 0.556011 376.792 0 0
1500 44.7793 -8.58157 18.212 -0.268703 -0.243448 376.651 0 0
1500 79.2573 31.6417 19.0115 0.523247 0.703717 376.662 0 0
1500 45.0191 39.913 18.233 -0.212783 0.754042 376.872 0 0
1500 119.829 9.86115 17.8279 0.960618 0.167839 376.913 0 0
1500 85.3462 -11.6981 18.101 0.530945 -0.195266 376.921 0 0
1500 82.7317 -18.8521 17.8796 0.352713 -0.356893 376.989 0 0
1500 73.8941 1.10899 18.7586 0.338589 0.0757791 377.034 0 0
1500 61.304 69.9741 17.8311 0.0978137 1.06029 377.02 0 0
1500 94.9602 9.97635 17.9575 0.651387 0.131996 377.027 0 0
1500 64.2532 -7.76658 17.8307 0.0489763 -0.180129 377.147 0 0
1500 93.5598 -14.9161 18.0401 0.577512 -0.218075 377.341 0 0
1500 117.337 18.8138 17.832 0.918485 0.294472 377.392 0 0
1500 82.8332 8.84019 18.1284 0.397143 0.206173 377.41 0 0
1500 92.915 -67.2234 18.0517 0.627188 -1.12267 377.312 0 0
1500 108.13 -29.7547 17.7736 0.791898 -0.504069 377.447 0 0
1500 43.6673 -28.9882 18.5348 -0.21798 -0.506035 377.532 0 0
1500 67.9958 10.0896 17.8198 0.183589 0.172858 377.484 0 0
1500 80.6762 -20.4351 19.1506 0.510638 -0.354131 377.49 0 0
1500 64.9741 60.6917 17.846 0.121311 0.970517 377.513 0 0
1500 85.7468 26.3313 17.9229 0.444726 0.510559 377.509 0 0
1500 98.5375 0.832139 18.3628 0.73365 -0.0205885 377.745 0 0
1500 51.7616 -65.7448 17.8463 -0.146593 -1.00194 377.785 0 0
1500 114.373 31.8226 17.8461 0.847916 0.541111 377.824 0 0
1500 74.0042 -57.6682 17.7733 0.280837 -0.919011 377.627 0 0
1500 104.594 26.8879 17.8558 0.702443 0.474999 377.777 0 0
1500 92.673 23.8204 17.8668 0.551932 0.431344 377.787 0 0
1500 74.568 5.12096 18.022 0.228384 0.13449 377.891 0 0
1500 51.4179 -37.2687 17.7904 -0.174305 -0.539203 377.89 0 0
1500 93.3059 -11.2396 17.9295 0.56382 -0.15566 378.003 0 0
1500 84.0397 -62.2102 17.8004 0.429728 -0.927365 377.977 0 0
1500 91.7461 -12.0295 18.0883 0.616873 -0.197308 377.97 0 0
1500 75.4079 -22.9285 17.8225 0.271278 -0.428861 378.075 0 0
1500 -17.91 112.768 18.0284 -1.29824 1.92188 378.133 0 0
1500 111.517 -14.7391 17.9518 0.886305 -0.2372 378.156 0 0
1500 113.995 15.1284 17.8428 0.858608 0.238487 378.386 0 0
1500 24.8203 -58.7014 17.7818 -0.458538 -0.906596 378.425 0 0
1500 114.373 -37.3306 17.7861 0.883594 -0.563187 378.391 0 0
1500 73.191 32.3655 18.3419 0.278068 0.55139 378.473 0 0
1500 98.3731 -46.3048 17.8189 0.623917 -0.758854 378.455 0 0
1500 89.4884 -0.506845 18.0809 0.58329 0.0127087 378.481 0 0
1500 56.7377 29.0196 17.956 0.0286289 0.454972 378.561 0 0
1500 116.196 4.59756 17.9382 0.925358 0.128534 378.541 0 0
1500 122.359 -20.8192 17.8598 0.967062 -0.355048 378.677 0 0
1500 94.0321 -47.968 17.8347 0.545573 -0.789625 378.672 0 0
1500 -27.0429 3.8134 17.7809 -1.31239 0.130674 378.737 0 0
1500 44.9964 -42.2712 17.8168 -0.193854 -0.718684 378.733 0 0
1500 62.7715 -21.5126 17.8324 -0.000688088 -0.31305 378.755 0 0
1500 56.7974 -50.3662 18.4375 0.0316989 -0.914593 378.685 0 0
1500 118.029 -26.1338 17.8443 0.921559 -0.350259 378.893 0 0
1500 42.7187 -4.98302 18.2025 -0.222509 -0.0475975 378.823 0 0
1500 123.065 -2.9121 17.8433 0.994114 -0.0220515 378.796 0 0
1500 92.4167 -46.2018 17.8367 0.591678 -0.710963 378.954 0 0
1500 24.5969 -17.6 18.1069 -0.535022 -0.290142 379 0 0
1500 46.6365 57.8899 17.8112 -0.249079 0.901449 379.009 0 0
1500 90.9774 0.93555 17.9545 0.588546 0.0505589 378.994 0 0
1500 47.2828 24.2296 17.8301 -0.238825 0.391249 378.965 0 0
1500 123.748 -12.0494 17.7911 1.00949 -0.195182 379.065 0 0
1500 73.4182 0.956567 18.5884 0.324866 0.0881309 379.069 0 0
1500 76.1015 -27.7 18.2542 0.382205 -0.465738 379.116 0 0
1500 81.2345 -46.3038 17.8139 0.354621 -0.774456 379.204 0 0
1500 31.1541 143.038 17.8743 -0.399778 2.3875 379.166 0 0
1500 53.6289 1.73316 17.9044 -0.0738424 0.102098 379.254 0 0
1500 44.0436 -5.38814 18.0924 -0.213721 -0.14505 379.395 0 0
1500 82.3672 40.0923 17.8586 0.407234 0.580862 379.48 0 0
1500 18.7408 73.7455 17.7979 -0.545538 1.13713 379.504 0 0
1500 101.865 -0.553132 18.0496 0.756899 0.0233299 379.481 0 0
1500 41.9855 9.77002 17.821 -0.323261 0.127669 379.556 0 0
1500 65.7526 -4.40615 18.4961 0.172645 -0.12122 379.605 0 0
1500 16.2018 -10.0259 17.9942 -0.67506 -0.117313 379.703 0 0
1500 82.2478 8.51457 18.0845 0.401356 0.21178 379.69 0 0
1500 127.831 -13.7507 18.3948 1.30155 -0.204682 379.613 0 0
1500 37.653 -59.968 17.8602 -0.332654 -0.893424 380.018 0 0
1500 114.077 -22.6029 17.8739 0.833856 -0.373743 379.943 0 0
1500 35.7381 -63.9332 17.8348 -0.301726 -0.990739 380.163 0 0
1500 167.052 -6.98604 17.7994 1.67617 -0.0506842 379.99 0 0
1500 53.0693 -32.9526 18.2693 -0.0498736 -0.557823 380.044 0 0
1500 86.9398 -20.2336 18.2688 0.455842 -0.367429 380.105 0 0
1500 55.6166 -45.1895 17.8602 -0.0410772 -0.760277 380.094 0 0
1500 59.6715 -18.5602 18.0038 -0.0275894 -0.288727 379.927 0 0
1500 5.56923 -25.0458 17.8687 -0.779739 -0.395396 380.367 0 0
1500 97.3432 -53.8932 17.8364 0.58336 -0.843627 380.375 0 0
1500 92.7701 65.2811 17.826 0.565407 1.01499 380.54 0 0
1500 57.0336 -47.5059 17.8511 -0.0937722 -0.783536 380.597 0 0
1500 96.5476 -0.393505 17.8421 0.587201 -0.0450885 380.639 0 0
1500 79.0546 -7.44487 17.9899 0.354989 -0.0577892 380.747 0 0
1500 78.4886 30.3797 17.8886 0.260406 0.479027 380.767 0 0
1500 118.883 -3.46573 18.0114 1.02891 -0.0732584 380.722 0 0
1500 59.4271 -62.9534 17.7896 0.0604545 -0.950933 380.934 0 0
1500 122.409 5.05214 17.7893 0.955987 0.0156205 380.906 0 0
1500 57.4312 -3.56872 18.0031 -0.0636747 -0.0511843 380.891 0 0
1500 57.8779 45.9021 18.1852 -0.0173538 0.754483 380.877 0 0
1500 114.042 -32.9976 17.8421 0.815569 -0.538809 381.012 0 0
1500 86.4596 17.6293 18.2253 0.545011 0.299163 381.014 0 0
1500 8.90982 -3.61655 17.9928 -0.790505 -0.0588796 381.104 0 0
1500 48.3084 77.0119 18.0208 -0.131426 1.30505 381.072 0 0
1500 82.5492 12.336 17.8668 0.374053 0.205436 381.288 0 0
1500 29.9813 57.4944 17.869 -0.410878 0.884587 381.185 0 0
1500 90.444 10.0777 18.6646 0.653171 0.124653 381.324 0 0
1500 1.29655 -39.0617 17.8119 -0.825605 -0.644344 381.34 0 0
1500 116.615 -35.1917 17.8018 0.846587 -0.5908 381.329 0 0
1500 43.114 -34.3824 17.9112 -0.186462 -0.597225 381.313 0 0
1500 -1.13729 37.3617 17.8336 -0.967872 0.518334 381.288 0 0
1500 43.5399 49.3505 17.8965 -0.181647 0.839048 381.333 0 0
1500 92.8534 3.35078 17.9207 0.546406 0.0810344 381.498 0 0
1500 93.0184 16.4652 17.9365 0.560291 0.215147 381.503 0 0
1500 -2.18914 -11.7086 17.7931 -0.938664 -0.241437 381.428 0 0
1500 127.321 24.4416 18.0897 1.14591 0.417633 381.571 0 0
1500 96.3359 17.3413 18.7514 0.732712 0.291463 381.696 0 0
1500 75.5448 0.55601 18.2523 0.354166 0.0764339 381.626 0 0
1500 64.4589 41.8541 18.0431 0.174558 0.696246 381.693 0 0
1500 -73.2649 -32.6851 17.8671 -2.15156 -0.498436 381.678 0 0
1500 71.0536 -10.3094 18.0278 0.245845 -0.242012 381.644 0 0
1500 113.205 -28.6993 17.8586 0.834319 -0.502051 381.816 0 0
1500 46.1124 -41.7438 18.1946 -0.197013 -0.768776 381.781 0 0
1500 72.7778 -4.73452 17.9072 0.248196 -0.119996 381.956 0 0
1500 78.8197 39.1082 17.9243 0.301175 0.608924 382.055 0 0
1500 9.75418 -46.1375 17.8543 -0.713721 -0.750746 382.194 0 0
1500 90.5795 -14.9684 17.8939 0.542392 -0.286532 381.963 0 0
1500 33.4637 -48.7221 17.9381 -0.382954 -0.8004 382.061 0 0
1500 81.6662 -39.8129 17.8698 0.347497 -0.681665 382.131 0 0
1500 111.673 -29.8608 18.0769 0.901473 -0.563328 381.849 0 0
1500 177.374 34.4917 18.156 2.16237 0.566331 382.031 0 0
1500 81.6969 -33.6705 18.3068 0.471831 -0.548801 382.285 0 0
1500 63.0153 -45.1754 17.8081 0.109288 -0.684692 382.328 0 0
1500 50.4767 -30.7584 17.9052 -0.101097 -0.544801 382.314 0 0
1500 38.2774 -27.6728 17.904 -0.275742 -0.516801 382.285 0 0
1500 54.1279 -25.5107 17.8677 0.00519545 -0.390278 382.653 0 0
1500 9.61671 18.2952 18.2247 -0.851588 0.354983 382.567 0 0
1500 89.4872 28.8778 18.548 0.55951 0.494831 382.871 0 0
1500 36.4367 -39.2108 17.8638 -0.281383 -0.612448 382.702 0 0
1500 115.245 -33.6083 17.8874 0.899039 -0.512939 382.727 0 0
1500 -4.71601 -26.2109 17.8203 -0.981189 -0.363135 382.751 0 0
1500 96.8392 22.6772 18.2422 0.665553 0.404381 382.656 0 0
1500 124.182 -0.310659 17.8502 1.02112 0.0598199 383.026 0 0
1500 89.0004 8.5576 18.1121 0.566404 0.0807716 382.698 0 0
1500 83.3391 -44.141 18.017 0.465014 -0.751525 383.025 0 0
1500 -23.8002 -81.8759 17.9346 -1.38489 -1.36985 383.121 0 0
1500 107.602 -25.4074 17.9284 0.881577 -0.36469 383.098 0 0
1500 25.431 -52.2926 17.826 -0.458994 -0.813696 383.37 0 0
1500 80.4902 -63.3869 17.8587 0.320064 -0.986872 383.389 0 0
1500 78.5948 61.6654 17.8432 0.364288 0.961572 383.306 0 0
1500 104.173 21.4463 18.0435 0.812021 0.292491 383.375 0 0
1500 71.5841 72.8049 17.9342 0.18695 1.22588 383.248 0 0
1500 -42.256 158.617 18.0096 -1.74449 2.67722 383.283 0 0
1500 127.96 12.1685 17.8254 1.09563 0.208341 383.462 0 0
1500 105.705 -32.2002 17.8637 0.787654 -0.52436 383.472 0 0
1500 0.138723 -10.9858 17.8233 -0.902865 -0.236988 383.491 0 0
1500 104.31 14.0413 17.9434 0.778475 0.165094 383.522 0 0
1500 70.1994 1.39754 18.0682 0.285673 -0.0163129 383.577 0 0
1500 86.0713 1.61174 17.824 0.439644 0.103192 383.58 0 0
1500 80.0813 29.8352 18.0376 0.37777 0.455893 383.767 0 0
1500 35.9991 -47.3598 17.8965 -0.314924 -0.780955 383.727 0 0
1500 119.645 -13.6416 17.9028 1.01691 -0.240647 383.736 0 0
1500 73.5349 -5.79602 18.6137 0.299834 -0.141669 384.058 0 0
1500 88.6579 16.6955 18.164 0.582547 0.233744 383.94 0 0
1500 124.886 10.1373 18.2852 1.18988 0.22786 384.023 0 0
1500 97.7736 -35.0745 18.029 0.638835 -0.654541 384.08 0 0
1500 77.7042 19.589 18.851 0.396894 0.316732 384.24 0 0
1500 94.3238 -14.6619 18.0572 0.608001 -0.183357 384.182 0 0
1500 84.2433 4.31776 18.6879 0.543067 0.00445012 384.241 0 0
1500 120.733 -7.9331 17.8609 1.0032 -0.157218 384.185 0 0
1500 89.6302 -7.25687 17.8739 0.508383 -0.118041 384.412 0 0
1500 105.684 -29.8787 17.8954 0.718945 -0.516167 384.25 0 0
1500 89.8844 -18.9073 17.9734 0.594946 -0.288631 384.441 0 0
1500 61.4438 -33.0432 18.2764 0.0364703 -0.573849 384.357 0 0
1500 16.0643 28.4047 18.1169 -0.690021 0.549595 384.452 0 0
1500 67.6232 -23.1183 18.2263 0.228318 -0.356379 385.178 0 0
1500 81.0499 -2.74554 18.1882 0.38961 0.0199163 384.612 0 0
1500 69.7938 -8.7309 18.1262 0.260033 -0.133759 384.954 0 0
1500 63.3012 65.5562 17.8611 0.0993752 1.01778 385.284 0 0
1500 60.9794 -56.1635 17.8953 0.0569259 -0.900033 384.639 0 0
1500 125.419 -8.35368 17.807 1.01537 -0.197642 384.747 0 0
1500 116.24 -34.0427 17.8068 0.873314 -0.576664 385.16 0 0
1500 49.916 -143.477 17.8062 -0.18814 -2.17644 384.666 0 0
1500 4.21856 -63.2105 17.8009 -0.764799 -1.00537 384.966 0 0
1500 78.5365 65.9729 17.9303 0.371799 1.04599 384.693 0 0
1500 38.3923 -58.9686 17.8364 -0.254289 -0.951849 384.643 0 0
1500 91.7425 5.27488 18.3389 0.620064 0.0193263 384.747 0 0
1500 76.6282 1.48051 18.4717 0.420119 -0.0283292 384.88 0 0
1500 17.2364 42.8886 17.8766 -0.598045 0.724255 385.263 0 0
1500 48.4038 39.808 18.1143 -0.181997 0.630071 384.998 0 0
1500 84.7829 -8.98151 17.9958 0.504638 -0.169039 384.957 0 0
1500 91.3159 -15.8395 17.836 0.59174 -0.229662 384.773 0 0
1500 127.399 -3.68579 17.8317 1.15782 -0.0123743 384.985 0 0
1500 69.8592 -69.5163 18.0949 0.268865 -1.21049 384.569 0 0
1500 151.477 -2.76284 18.0905 1.62013 -0.104655 384.805 0 0
1500 28.1086 47.7879 18.295 -0.636369 0.902705 384.622 0 0
1500 89.6976 -58.9987 17.8609 0.531094 -0.90163 385.409 0 0
1500 -10.4523 -7.01687 17.8192 -1.03387 -0.172059 385.361 0 0
1500 81.2625 -52.8203 17.8379 0.381057 -0.84795 385.398 0 0
1500 62.0859 -33.7104 17.8516 0.0250442 -0.59032 385.341 0 0
1500 71.9011 -72.1871 17.9267 0.292297 -1.1708 385.314 0 0
1500 67.6067 53.4763 17.9084 0.128964 0.819169 385.646 0 0
1500 1.65441 -36.5413 17.8196 -0.853339 -0.604853 385.55 0 0
1500 -4.91945 -24.4191 17.8441 -0.992467 -0.32225 385.509 0 0
1500 83.6178 -2.18224 18.0848 0.440479 -0.000997772 385.969 0 0
1500 49.3914 47.3105 17.8441 -0.0790518 0.718344 385.74 0 0
1500 44.0583 -52.4031 17.8788 -0.185312 -0.807407 385.801 0 0
1500 86.8652 5.95683 18.6194 0.600228 0.0601801 385.678 0 0
1500 115.516 -0.11781 18.0442 0.960088 0.0228281 385.974 0 0
1500 97.9344 14.4338 18.0739 0.708281 0.179778 385.876 0 0
1500 45.0866 16.4695 17.9521 -0.238349 0.197785 385.926 0 0
1500 70.0385 -7.63336 17.8483 0.149353 -0.172378 386.075 0 0
1500 51.8369 -54.383 17.9 -0.0759616 -0.855166 386.122 0 0
1500 44.3951 -64.2247 17.8212 -0.22443 -1.00354 386.064 0 0
1500 107.465 -4.87664 18.6034 0.982291 -0.0272509 386.144 0 0
1500 77.6208 -8.14786 18.1525 0.417022 -0.107114 386.17 0 0
1500 54.4857 15.5003 18.1523 -0.0698178 0.245366 386.829 0 0
1500 63.5566 10.1323 17.9314 0.0705916 0.206353 387.189 0 0
1500 40.8466 -29.0108 17.9052 -0.299177 -0.44268 386.717 0 0
1500 36.0548 -5.00297 17.9101 -0.364759 -0.100549 387.212 0 0
1500 93.9475 51.3102 17.8517 0.53112 0.810104 387.233 0 0
1500 115.18 29.8106 17.9762 0.93851 0.448379 386.654 0 0
1500 86.3107 59.1034 17.9379 0.454586 0.942487 387.008 0 0
1500 71.8724 -29.3596 18.4944 0.269487 -0.509762 387.179 0 0
1500 101.537 -14.0664 18.099 0.767391 -0.191214 386.751 0 0
1500 6.07617 -80.1141 17.9164 -0.831581 -1.27879 386.305 0 0
1500 81.8349 48.9175 17.8007 0.391273 0.811485 386.977 0 0
1500 53.8149 18.2264 18.1944 -0.0871571 0.310864 386.484 0 0
1500 40.7428 24.662 18.1904 -0.286449 0.407875 386.753 0 0
1500 46.8582 -26.1443 17.9476 -0.209791 -0.463056 386.23 0 0
1500 74.7544 4.99333 18.0765 0.351704 0.0312774 386.595 0 0
1500 81.1409 -22.8714 17.8937 0.310419 -0.409111 386.681 0 0
1500 33.0601 -15.7327 17.8224 -0.466673 -0.267319 386.925 0 0
1500 -1.32656 -3.25943 18.0226 -0.971421 -0.0126014 386.872 0 0
1500 22.5751 -16.142 18.0263 -0.602424 -0.309332 386.927 0 0
1500 116.198 23.8605 17.9175 1.0095 0.448914 386.197 0 0
1500 118.298 -24.069 18.0685 1.08039 -0.376653 387.087 0 0
1500 74.5547 -47.1901 18.1762 0.233259 -0.804464 387.243 0 0
1500 -27.1841 -87.8973 17.8929 -1.47075 -1.41658 387.054 0 0
1500 97.5209 10.3875 18.681 0.768219 0.258481 386.715 0 0
1500 164.663 33.9668 18.0533 1.8529 0.646519 386.648 0 0
1500 100.178 19.3654 17.8812 0.613383 0.339391 387.442 0 0
1500 49.8005 24.7115 18.0291 -0.158849 0.350261 387.333 0 0
1500 79.5919 10.074 18.2558 0.400761 0.168689 387.947 0 0
1500 60.5121 4.98527 17.908 0.0277711 0.136449 387.944 0 0
1500 52.9651 28.6783 17.9013 -0.0766824 0.465659 387.528 0 0
1500 64.9933 -23.5128 17.8542 0.16439 -0.343046 387.995 0 0
1500 -2.1947 26.8117 17.846 -0.962948 0.40956 387.497 0 0
1500 95.9938 6.83551 18.5588 0.683413 0.171617 387.662 0 0
1500 94.9734 -31.7218 18.1386 0.591248 -0.553885 387.765 0 0
1500 82.2981 43.0943 18.108 0.383571 0.723945 387.792 0 0
1500 83.5453 -36.0298 18.0266 0.456304 -0.612874 387.285 0 0
1500 79.0267 -6.73976 18.1607 0.380335 -0.178466 387.435 0 0
1500 80.7205 -46.623 17.813 0.272886 -0.739998 387.683 0 0
1500 16.8718 -6.51097 17.8158 -0.713281 -0.122621 387.436 0 0
1500 46.5032 -49.3768 17.8116 -0.253611 -0.780722 387.824 0 0
1500 91.7064 3.60209 17.8881 0.571511 -0.0086764 387.591 0 0
1500 83.3686 0.648982 18.2596 0.520641 -0.0228766 387.313 0 0
1500 67.51 -35.9002 17.9689 0.109692 -0.656496 387.801 0 0
1500 83.3327 35.1763 18.5959 0.464288 0.66154 387.309 0 0
1500 38.1355 2.61568 17.969 -0.405066 -0.0108474 387.702 0 0
1500 72.4916 -13.1649 17.9212 0.214789 -0.253599 388.295 0 0
1500 92.7759 2.27005 17.8878 0.549994 -0.00487093 388.658 0 0
1500 92.0515 51.5091 17.8434 0.563587 0.752682 388.517 0 0
1500 4.61959 31.5309 17.8053 -0.76902 0.526798 388.915 0 0
1500 86.947 -60.6688 17.8518 0.497811 -0.908279 388.358 0 0
1500 -6.96994 3.75838 17.8 -1.04221 0.0320395 388.138 0 0
1500 9.57325 -44.8449 17.7997 -0.790709 -0.688243 388.552 0 0
1500 47.038 -51.7887 17.8209 -0.105677 -0.829673 388.322 0 0
1500 54.8018 -35.7036 18.2773 -0.0509884 -0.586283 388.523 0 0
1500 62.9232 -24.9445 17.8245 0.122288 -0.445521 388.199 0 0
1500 32.4483 18.2317 17.8473 -0.474563 0.274863 388.576 0 0
1500 66.8509 17.814 17.8511 0.0621821 0.296318 388.643 0 0
1500 36.8907 8.00462 17.8714 -0.34749 0.0493642 388.664 0 0
1500 41.7683 59.0287 17.874 -0.20754 0.992682 388.707 0 0
1500 82.7271 33.0912 18.3978 0.442511 0.608119 388.374 0 0
1500 95.1927 -58.7636 18.0976 0.652165 -1.03103 388.125 0 0
1500 120.166 57.1801 17.9746 1.11798 0.947921 388.311 0 0
1500 99.8354 23.274 18.1197 0.739545 0.498631 388.447 0 0
1500 89.8095 -1.72517 18.3402 0.53909 0.0247093 389.004 0 0
1500 108.153 22.2961 17.8099 0.758053 0.376001 389.032 0 0
1500 40.897 -9.72914 18.1998 -0.253604 -0.161246 389.967 0 0
1500 69.6439 -34.8222 18.0134 0.203161 -0.551721 389.792 0 0
1500 83.6424 50.8568 17.8793 0.385094 0.797817 389.163 0 0
1500 96.409 39.7863 17.8115 0.613738 0.546671 390.043 0 0
1500 81.8293 59.3662 17.821 0.414749 0.874086 389.41 0 0
1500 51.5201 66.0402 17.9298 -0.0774817 1.04538 389.197 0 0
1500 106.958 -43.5585 17.9391 0.804734 -0.670283 389.212 0 0
1500 103.343 5.02998 18.6391 0.836648 0.104487 389.98 0 0
1500 92.1851 -46.7089 17.8717 0.564699 -0.769375 389.217 0 0
1500 113.278 -28.6761 17.8689 0.876888 -0.492809 389.731 0 0
1500 86.4973 -3.56915 18.3938 0.5771 -0.0679102 389.816 0 0
1500 17.5192 38.5131 17.8285 -0.643738 0.657298 389.196 0 0
1500 30.311 -32.0319 18.1165 -0.436997 -0.541889 389.342 0 0
1500 103.712 0.333527 17.9453 0.784306 0.0340457 389.358 0 0
1500 84.8809 -9.34153 18.0773 0.509255 -0.184282 389.219 0 0
1500 44.1532 17.6656 18.2727 -0.20134 0.328636 389.741 0 0
1500 23.6822 -54.4728 17.831 -0.498162 -0.914019 390.133 0 0
1500 -1.25111 3.21256 17.9888 -0.975022 0.0926409 389.682 0 0
1500 84.1248 -16.6073 18.0128 0.511476 -0.25858 389.926 0 0
1500 99.3159 42.3711 17.9391 0.689171 0.78992 389.912 0 0
1500 72.9966 76.0592 18.1198 0.331259 1.33155 389.776 0 0
1500 49.5208 -19.3769 18.1668 -0.206604 -0.400218 389.881 0 0
1500 69.9174 21.9594 18.5201 0.208389 0.346246 390.186 0 0
1500 52.9862 66.5343 17.8168 -0.0328671 1.03716 390.656 0 0
1500 53.4972 55.0303 17.8477 -0.0343701 0.89875 390.218 0 0
1500 109.94 13.1863 18.0635 0.877014 0.158495 390.477 0 0
1500 19.7255 -42.1772 17.8041 -0.562712 -0.715673 390.211 0 0
1500 10.8666 25.8563 17.8165 -0.783149 0.439836 390.314 0 0
1500 59.6165 54.7599 17.8172 -0.0389834 0.88228 390.225 0 0
1500 101.792 29.6264 17.893 0.744031 0.417101 390.665 0 0
1500 89.5914 -6.89293 17.9022 0.516828 -0.181995 390.274 0 0
1500 126.392 -7.24167 17.8589 1.13678 -0.180092 390.209 0 0
1500 79.5237 -23.2097 18.5463 0.354143 -0.438354 390.422 0 0
1500 82.1304 -43.0671 18.4511 0.380735 -0.794431 390.378 0 0
1500 67.4322 -7.16541 18.8094 0.222048 -0.158295 391.136 0 0
1500 72.3456 0.569347 17.8284 0.201566 0.077795 391.074 0 0
1500 82.3942 62.0247 17.8683 0.427626 0.957026 390.793 0 0
1500 86.6359 -61.5609 17.825 0.495335 -0.922944 391.067 0 0
1500 120.433 13.2761 17.8101 0.996856 0.153514 391.179 0 0
1500 52.172 62.4725 17.8112 -0.150709 0.986573 391.127 0 0
1500 101.771 45.2311 17.8272 0.734049 0.666918 391.263 0 0
1500 96.1217 28.9241 18.0316 0.674751 0.468652 390.885 0 0
1500 18.1427 -36.7511 17.8665 -0.673228 -0.587393 390.994 0 0
1500 99.6591 -22.8308 17.9488 0.626049 -0.421312 390.956 0 0
1500 35.5891 -39.0314 17.8951 -0.317743 -0.674405 390.841 0 0
1500 96.5933 -21.378 17.8953 0.620149 -0.403188 390.82 0 0
1500 125.394 4.13471 17.7975 1.03102 -0.0127609 391.421 0 0
1500 62.8378 -5.26527 18.1258 0.0623122 -0.140186 391.252 0 0
1500 61.5727 -10.7342 17.9615 0.110108 -0.234156 391.156 0 0
1500 62.2206 -4.02892 17.9625 0.120309 -0.129923 391.094 0 0
1500 39.4767 21.1692 17.8265 -0.362085 0.363563 391.093 0 0
1500 72.8224 9.91171 17.8586 0.193496 0.222708 391.066 0 0
1500 61.102 7.92618 17.9045 0.119393 0.16899 391.457 0 0
1500 98.1363 -39.1315 18.2255 0.665287 -0.697275 391.325 0 0
1500 59.2679 19.2597 18.3895 -0.0243593 0.294829 391 0 0
1500 63.649 32.0415 17.9604 0.132142 0.504246 391.758 0 0
1500 83.1155 31.8669 17.8473 0.367115 0.519473 391.917 0 0
1500 109.855 39.1537 17.8697 0.822415 0.611202 391.682 0 0
1500 82.3426 0.955052 18.2719 0.463283 -0.0484438 391.808 0 0
1500 55.1596 -28.2702 18.0965 0.0296511 -0.500135 391.639 0 0
1500 90.3706 -31.0337 17.9531 0.509223 -0.579817 391.683 0 0
1500 76.2983 -17.5873 18.6072 0.365322 -0.298106 392.141 0 0
1500 90.5224 -2.70428 18.6317 0.601426 -0.0381123 391.998 0 0
1500 78.4259 39.6116 17.9468 0.304744 0.628109 392.261 0 0
1500 85.6918 -37.64 17.9549 0.469933 -0.557691 392.297 0 0
1500 34.0236 -55.818 17.8065 -0.417648 -0.824877 392.15 0 0
1500 45.4452 65.0629 17.8016 -0.17084 1.03335 392.335 0 0
1500 -2.43906 2.92657 17.9595 -0.965142 0.0528117 392.13 0 0
1500 97.9888 -44.4079 17.8842 0.629067 -0.742494 392.117 0 0
1500 73.1222 -56.9317 17.8845 0.254431 -0.932169 392.054 0 0
1500 111.742 21.4402 17.8233 0.882354 0.287795 392.225 0 0
1500 96.3141 -10.899 18.0901 0.65659 -0.231635 392.135 0 0
1500 11.7302 -0.973816 17.8452 -0.750859 0.0515511 392.062 0 0
1500 48.8544 -24.8984 17.9474 -0.20592 -0.387693 392.13 0 0
1500 39.3657 -11.7767 18.072 -0.321546 -0.292223 392.304 0 0
1500 61.4889 13.1642 18.9815 0.163322 0.236254 393.477 0 0
1500 95.0208 -0.0725916 18.2404 0.627209 -0.0202452 392.944 0 0
1500 60.3368 -3.67279 17.9249 0.107086 -0.0287268 392.803 0 0
1500 82.0947 2.30503 17.9649 0.414351 0.00537447 393.131 0 0
1500 72.107 21.5269 17.8418 0.236858 0.359785 393.811 0 0
1500 101.482 -18.0276 17.8405 0.686852 -0.269483 393.792 0 0
1500 111.422 -32.0606 17.9345 0.845763 -0.498269 393.339 0 0
1500 112.834 38.8112 17.8016 0.824119 0.644601 392.415 0 0
1500 -0.680868 -31.8164 17.8237 -0.931693 -0.45004 392.983 0 0
1500 8.18755 38.7734 17.8267 -0.792711 0.578154 393.756 0 0
1500 -6.27443 15.2113 17.8083 -1.01318 0.268927 392.36 0 0
1500 13.0365 47.5775 17.8092 -0.720489 0.741055 392.999 0 0
1500 87.9865 3.3654 18.6406 0.590561 -0.00707588 393.547 0 0
1500 112.547 -31.3077 17.8825 0.844422 -0.542361 392.44 0 0
1500 74.8457 -2.18064 18.4498 0.385555 -0.0894668 392.525 0 0
1500 97.7667 21.2976 18.4144 0.723411 0.366071 393.808 0 0
1500 97.1425 17.2122 18.2661 0.691695 0.316211 393.77 0 0
1500 66.1038 -30.488 18.4016 0.193408 -0.534102 393.498 0 0
1500 48.1476 -60.3657 17.8604 -0.187297 -0.970684 393.626 0 0
1500 -6.64569 -10.4853 17.8094 -1.02612 -0.089234 392.403 0 0
1500 20.5312 27.3485 17.9193 -0.600016 0.486223 393.086 0 0
1500 59.3698 -30.6638 17.8646 0.0339523 -0.553447 392.378 0 0
1500 108.306 -13.4609 17.99 0.817436 -0.283359 393.671 0 0
1500 78.8307 43.1194 17.9415 0.414248 0.711693 392.971 0 0
1500 112.28 -44.786 18.0731 0.973018 -0.740915 392.823 0 0
1500 60.5461 -61.2013 17.935 0.0182335 -1.06805 392.546 0 0
1500 15.3655 67.6071 17.9109 -0.765967 1.09933 393.146 0 0
1500 115.503 31.7128 18.0492 0.979926 0.589916 393.684 0 0
1500 98.3739 15.5355 17.8785 0.61449 0.192187 394.425 0 0
1500 45.4907 -31.5107 17.8897 -0.131253 -0.500391 394.386 0 0
1500 94.1335 -1.57689 18.6375 0.676104 -0.0786919 393.965 0 0
1500 101.022 42.1534 17.8785 0.715854 0.677933 393.905 0 0
1500 89.6784 0.0197806 18.327 0.607144 -0.0402917 394.321 0 0
1500 96.3866 -21.3433 18.0107 0.684248 -0.311687 394.459 0 0
1500 106.476 -9.11987 17.8039 0.779892 -0.0730126 394.644 0 0
1500 58.7886 31.6792 17.8952 -0.0430126 0.538199 394.302 0 0
1500 81.5084 11.9433 17.8699 0.33157 0.254419 393.975 0 0
1500 33.8776 24.614 17.8645 -0.408906 0.449351 394.361 0 0
1500 67.0831 35.1037 17.864 0.105875 0.611663 394.395 0 0
1500 76.0306 25.3335 17.8672 0.245401 0.461907 394.165 0 0
1500 68.1272 16.7864 18.1914 0.206049 0.346631 394.179 0 0
1500 58.1431 22.1071 18.0809 0.0771666 0.42385 394.239 0 0
1500 91.6675 -31.3741 18.6416 0.692591 -0.676361 394.259 0 0
1500 35.266 -35.467 17.841 -0.386541 -0.528877 395.083 0 0
1500 13.6208 10.2891 17.8248 -0.688625 0.187869 395.306 0 0
1500 0.756251 -28.6572 17.9459 -0.893682 -0.483286 394.717 0 0
1500 86.5422 -4.56634 18.7393 0.536778 -0.142674 394.704 0 0
1500 106.08 7.81207 18.2044 0.845189 0.114228 395.128 0 0
1500 54.2322 55.2581 18.0288 -0.0788829 0.891388 395.473 0 0
1500 83.3505 40.8785 18.0345 0.363663 0.68061 394.874 0 0
1500 92.5489 -8.69275 18.0274 0.590836 -0.201432 394.791 0 0
1500 49.1218 -37.3914 17.8433 -0.208129 -0.550877 395.085 0 0
1500 61.1897 49.3249 17.8559 0.0143897 0.822978 395.106 0 0
1500 102.64 -3.43126 17.8553 0.756349 -0.0908403 395.142 0 0
1500 57.4128 12.6645 18.1561 -0.0234482 0.247546 395.301 0 0
1500 99.3837 -34.6499 18.5193 0.798561 -0.68713 394.852 0 0
1500 134.051 1.05292 18.326 1.48134 0.0571751 394.781 0 0
1500 80.0886 -16.0442 18.3382 0.417979 -0.26 396.632 0 0
1500 82.4061 -24.8138 18.0764 0.427149 -0.382322 395.947 0 0
1500 101.166 -6.06203 17.9076 0.648649 -0.13488 396.558 0 0
1500 42.7387 23.1078 17.8507 -0.283465 0.316123 395.61 0 0
1500 78.8892 6.16983 17.9096 0.360959 0.0541311 396.765 0 0
1500 90.7544 -31.371 17.8967 0.487233 -0.511549 396.578 0 0
1500 73.8258 -46.0894 17.8318 0.285273 -0.690509 396.893 0 0
1500 111.277 38.2104 17.8756 0.846105 0.601457 395.797 0 0
1500 59.1015 66.8571 17.9052 -0.0085985 1.04802 395.803 0 0
1500 62.8015 -6.33364 18.6427 0.104286 -0.0878982 396.236 0 0
1500 124.994 23.1318 17.8639 1.08242 0.329605 396.309 0 0
1500 114.311 -19.7196 18.012 0.902049 -0.361533 396.435 0 0
1500 61.139 -55.2031 18.0155 0.106918 -0.899384 395.937 0 0
1500 54.1781 -54.07 17.9027 -0.0140848 -0.888812 395.535 0 0
1500 121.439 -27.814 17.7907 0.979087 -0.349962 396.73 0 0
1500 105.346 38.1944 17.85 0.684022 0.645601 395.79 0 0
1500 90.674 7.76268 18.0002 0.583351 0.168275 395.48 0 0
1500 30.3145 42.4469 17.9518 -0.433111 0.7173 396.598 0 0
1500 45.4226 53.4795 17.8153 -0.217386 0.887682 396.562 0 0
1500 104.75 11.0486 17.8846 0.759936 0.101585 396.122 0 0
1500 98.8224 26.4349 17.9982 0.647321 0.478379 396.719 0 0
1500 48.3113 40.4249 18.1028 -0.115092 0.691495 396.774 0 0
1500 107.073 -41.663 17.8444 0.721475 -0.71293 395.765 0 0
1500 36.208 30.8695 18.0088 -0.368464 0.525728 396.984 0 0
1500 51.1382 -18.4736 17.9392 -0.169554 -0.308031 396.242 0 0
1500 93.4558 11.4412 17.9322 0.53318 0.249302 396.935 0 0
1500 66.555 16.8403 17.8407 0.0803387 0.322016 396.716 0 0
1500 47.0755 -67.6356 17.9131 -0.150323 -1.18337 395.915 0 0
1500 86.5489 -14.9539 18.1681 0.498591 -0.328153 396.549 0 0
1500 54.6701 -6.76504 17.9099 -0.0221438 -0.161609 397.618 0 0
1500 67.8237 10.0428 18.2021 0.238872 0.169351 398.95 0 0
1500 38.9094 18.2052 17.9955 -0.256149 0.322256 398.413 0 0
1500 69.4602 25.2653 17.9945 0.169006 0.42091 398.337 0 0
1500 63.1222 -0.911183 18.5617 0.15212 0.0549661 401.048 0 0
1500 29.6753 -4.48615 18.0416 -0.432772 -0.0896875 399.124 0 0
1500 73.0732 0.51984 18.7344 0.347924 0.0611331 401.981 0 0
1500 62.5048 34.5719 17.8975 0.126888 0.525627 398.733 0 0
1500 62.2699 68.3819 17.8339 0.0671034 1.04038 398.092 0 0
1500 25.5136 10.6431 17.9449 -0.5123 0.147741 399.152 0 0
1500 35.8019 -3.0395 17.9328 -0.332815 0.0186867 399.593 0 0
1500 50.9458 11.5923 18.0311 -0.0487874 0.224226 400.864 0 0
1500 83.329 -12.5538 18.7068 0.457851 -0.249025 398.545 0 0
1500 73.4938 -3.37588 18.6661 0.373079 -0.032783 403.861 0 0
1500 65.9551 26.1039 17.8765 0.128828 0.434449 400.967 0 0
1500 76.0061 -7.83494 17.8424 0.303151 -0.0724166 402.268 0 0
1500 121.066 -18.6568 17.8949 0.976498 -0.342207 397.232 0 0
1500 33.1222 -9.02493 17.8942 -0.411125 -0.139865 401.184 0 0
1500 17.6885 -54.2846 17.8688 -0.659409 -0.813021 397.68 0 0
1500 18.8762 53.5643 17.9068 -0.624059 0.839542 397.422 0 0
1500 62.56 25.7106 17.8698 0.0323431 0.421302 401.258 0 0
1500 63.8457 65.366 17.8445 0.0535304 1.0384 397.019 0 0
1500 123.032 -3.03237 17.8413 1.03588 -0.0819839 397.295 0 0
1500 17.8821 45.8508 17.8368 -0.644058 0.692496 399.567 0 0
1500 122.202 -2.37755 17.9222 1.00521 -0.0700363 399.408 0 0
1500 68.9858 45.3531 17.9316 0.179272 0.709704 401.232 0 0
1500 107.666 23.8115 17.9323 0.755778 0.399619 400.972 0 0
1500 103.051 34.3989 18.167 0.773218 0.557901 397.998 0 0
1500 64.5405 10.3595 18.6485 0.171277 0.216021 399.774 0 0
1500 67.2063 17.6913 17.9683 0.117465 0.310931 402.819 0 0
1500 71.4804 14.4388 17.9685 0.176867 0.265631 402.836 0 0
1500 29.6226 58.6812 17.8081 -0.447377 0.944069 398.154 0 0
1500 105.788 -42.2221 17.8203 0.737651 -0.671891 399.751 0 0
1500 103.278 -6.18859 17.9469 0.696535 -0.141246 401.972 0 0
1500 58.8722 50.539 18.0969 0.0453093 0.838414 397.328 0 0
1500 47.6239 -63.6896 17.9275 -0.157493 -0.990709 400.222 0 0
1500 51.1716 -7.58476 17.9544 -0.101968 -0.172019 403.072 0 0
1500 108.953 -27.7189 17.9281 0.827379 -0.477495 397.473 0 0
1500 42.65 -89.1382 17.8131 -0.174628 -1.3854 397.9 0 0
1500 -0.434337 -27.6019 17.8801 -0.938833 -0.392116 398.142 0 0
1500 122.556 -10.9237 17.797 1.03045 -0.176495 398.556 0 0
1500 94.14 -19.8683 18.1616 0.579675 -0.356229 400.945 0 0
1500 47.504 63.7219 17.9422 -0.176196 1.01276 398.839 0 0
1500 36.9294 2.60099 18.277 -0.333116 0.0704024 397.323 0 0
1500 97.9615 43.0774 17.9796 0.619714 0.722851 398.595 0 0
1500 72.5341 60.5342 17.914 0.203508 0.977648 398.946 0 0
1500 30.3302 60.0546 17.9113 -0.423076 0.956851 399.895 0 0
1500 55.3801 -10.4289 18.4224 -0.00958756 -0.217176 398.217 0 0
1500 117.177 19.8087 17.914 0.934918 0.303435 401.565 0 0
1500 117.877 18.6685 17.8354 0.922602 0.354708 398.601 0 0
1500 111.377 39.9614 17.8326 0.801427 0.656892 400.516 0 0
1500 48.6667 65.6845 17.8137 -0.18714 1.01829 401.007 0 0
1500 76.4407 -61.1602 17.8436 0.295747 -0.956475 402.041 0 0
1500 117.839 20.2944 17.8516 0.957534 0.251983 399.61 0 0
1500 91.3424 -1.55893 18.1507 0.559263 -0.0996974 398.729 0 0
1500 -15.9035 -44.8816 17.8393 -1.18122 -0.640651 399.465 0 0
1500 62.0217 -67.3682 17.7948 0.0014358 -1.04825 400.86 0 0
1500 65.103 -61.8642 17.8186 0.157222 -0.939438 402.606 0 0
1500 108.039 -42.9642 17.8132 0.795689 -0.682004 401.023 0 0
1500 102.833 -15.2144 17.8261 0.747673 -0.282685 398.403 0 0
1500 124.582 7.50263 17.9556 1.09416 0.0490388 397.266 0 0
1500 75.4668 -1.04368 18.7361 0.448398 0.00859461 400.875 0 0
1500 86.2118 29.8707 18.1538 0.53508 0.491928 399.448 0 0
1500 3.69235 -12.2236 17.8374 -0.894387 -0.217711 399.244 0 0
1500 28.3924 42.2572 17.8428 -0.523439 0.616807 398.638 0 0
1500 45.3262 -65.4368 17.8309 -0.255778 -1.00672 400.585 0 0
1500 6.66765 -41.1921 17.8312 -0.817899 -0.634207 401.753 0 0
1500 67.0868 -20.3413 18.564 0.233486 -0.37941 400.725 0 0
1500 49.1696 -5.40688 18.0369 -0.174914 -0.128446 398.486 0 0
1500 128.328 -25.5086 17.8318 1.07165 -0.454042 400.884 0 0
1500 108.285 3.96884 17.8326 0.846664 0.0601608 399.34 0 0
1500 82.2361 20.1445 17.8443 0.454631 0.312743 398.338 0 0
1500 35.9613 6.56427 17.9847 -0.395199 0.0736222 398.6 0 0
1500 122.866 -11.3399 17.901 1.03332 -0.15362 402.345 0 0
1500 119.924 -17.9089 17.9015 1.00408 -0.253444 401.4 0 0
1500 58.8184 41.5272 18.1284 -0.0116456 0.674754 399.85 0 0
1500 85.7848 -39.9261 18.0381 0.54024 -0.659802 397.036 0 0
1500 93.8676 -34.5802 17.8463 0.520859 -0.561641 404.762 0 0
1500 39.337 -24.261 17.9504 -0.276541 -0.452694 399.017 0 0
1500 32.2334 -46.7399 17.937 -0.379534 -0.786167 400.194 0 0
1500 56.6389 -55.0585 17.9352 -0.00866123 -0.90956 400.412 0 0
1500 103.222 15.6256 17.8712 0.759165 0.285575 399.664 0 0
1500 39.3073 3.72125 18.3775 -0.287427 0.0660037 400.326 0 0
1500 106.418 -28.8348 17.8742 0.784696 -0.498739 400.414 0 0
1500 82.6299 -27.9537 18.2651 0.500483 -0.447471 401.003 0 0
1500 114.77 -6.00344 18.2517 0.964101 -0.113339 402.504 0 0
1500 91.9479 13.3125 18.0281 0.606209 0.220885 401.796 0 0
1500 71.6055 -9.15394 18.1451 0.275948 -0.212891 400.197 0 0
1500 14.2562 48.2476 17.8961 -0.656553 0.76534 404.094 0 0
1500 123.503 9.58559 17.822 1.01398 0.0755425 402.051 0 0
1500 31.2823 -52.5871 17.8356 -0.450072 -0.841862 402.273 0 0
1500 86.3461 -51.8594 18.0421 0.479602 -0.844501 402.674 0 0
1500 83.5816 -18.3904 18.3464 0.407042 -0.336825 402.02 0 0
1500 19.0731 54.3371 17.8612 -0.648808 0.811292 403.127 0 0
1500 146.753 2.82759 17.9573 1.52498 0.00241793 397.162 0 0
1500 20.0073 -33.3996 17.9004 -0.64778 -0.517518 401.417 0 0
1500 -7.17185 6.20649 17.8895 -1.03421 0.085323 403.246 0 0
1500 116.174 -7.24439 18.1757 1.00271 -0.195568 397.62 0 0
1500 91.4041 11.9254 17.8955 0.569853 0.121974 400.772 0 0
1500 58.4924 -66.643 17.8744 0.0572791 -1.04575 403.824 0 0
1500 69.7316 -43.7317 17.9915 0.266217 -0.706168 401.812 0 0
1500 25.3216 15.7871 17.9923 -0.558376 0.229011 401.422 0 0
1500 -6.63483 8.16536 17.8224 -1.02407 0.0723373 403.398 0 0
1500 49.9614 -61.3742 17.8112 -0.199184 -0.941405 402.741 0 0
1500 22.2819 57.414 17.8067 -0.608579 0.845331 403.853 0 0
1500 -0.0916881 32.0289 17.8064 -0.938381 0.464965 404.124 0 0
1500 40.1918 -66.3759 17.8065 -0.337989 -0.989957 404.559 0 0
1500 79.0992 55.8911 17.8027 0.317506 0.921978 402.891 0 0
1500 41.9087 -46.9018 17.8939 -0.309378 -0.820058 398.828 0 0
1500 109.569 -8.97445 17.8947 0.825842 -0.206805 402.522 0 0
1500 74.2553 -40.2844 18.0362 0.306522 -0.683229 402.601 0 0
1500 36.7825 19.9613 17.9498 -0.391724 0.314603 401.81 0 0
1500 91.3481 -5.48601 17.8871 0.597894 -0.101725 401.917 0 0
1500 82.5754 -10.3179 17.8905 0.463816 -0.177219 401.671 0 0
1500 100.579 6.11867 17.8821 0.73618 0.0774798 402.326 0 0
1500 99.1882 -8.5009 18.0092 0.687407 -0.198322 402.921 0 0
1500 97.3663 -18.0112 18.1057 0.667301 -0.341518 403.651 0 0
1500 102.557 -65.332 17.805 0.638318 -1.05743 403.833 0 0
1500 14.942 -2.89522 17.8788 -0.73137 -0.0661706 402.798 0 0
1500 48.9649 1.00765 18.0135 -0.204975 0.0341783 400.367 0 0
1500 121.106 -14.3879 17.8338 0.995515 -0.156715 404.461 0 0
1500 106.608 30.8084 17.8372 0.78476 0.527492 403.852 0 0
1500 32.5585 -32.1637 17.8189 -0.345688 -0.556356 402.487 0 0
1500 97.6362 33.0983 17.9097 0.721019 0.507554 399.502 0 0
1500 0.536331 28.4294 17.8371 -0.933497 0.414961 404.843 0 0
1500 100.482 10.9549 18.048 0.75082 0.164203 403.851 0 0
1500 109.277 -33.464 17.9076 0.85267 -0.519145 404.87 0 0
1500 114.019 30.6871 17.8623 0.857943 0.534152 404.997 0 0
1500 114.921 23.4145 18.1385 0.938792 0.450261 401.728 0 0
1500 98.8681 36.2469 17.832 0.692411 0.583869 404.352 0 0
1500 60.6367 8.3118 17.9342 -0.0091295 0.177759 402.889 0 0
1500 61.0477 32.8086 17.938 0.0321937 0.579203 403.853 0 0
1500 65.0685 21.6513 18.0775 0.112815 0.405587 404.054 0 0
1500 75.8674 -15.2511 18.3033 0.313457 -0.305138 404.951 0 0
1500 88.8584 44.0986 17.8875 0.528109 0.726449 405.014 0 0
1500 132.086 42.7202 18.0815 1.31863 0.759705 399.342 0 0
1500 86.0454 53.0462 18.1413 0.501006 0.974457 398.891 0 0
1500 54.7347 8.73402 18.0264 -0.059658 0.205724 403.936 0 0
1500 37.2549 -10.431 17.9243 -0.304967 -0.239727 403.808 0 0
1500 71.4689 24.564 18.0453 0.162296 0.405426 404.977 0 0
1500 36.2847 14.5442 18.0448 -0.380413 0.250695 405.009 0 0
1500 128.312 -48.81 18.2183 1.2488 -0.834231 402.051 0 0
1500 117.717 5.43805 18.5264 1.09822 0.155865 401.841 0 0
1500 47.9695 -4.83166 17.9449 -0.221458 -0.0729521 404.641 0 0
1500 50.4876 -5.31883 17.8431 -0.13592 -0.160033 404.656 0 0
1500 139.938 -1.94859 17.9608 1.41184 -0.00718238 402.692 0 0
1500 78.7765 -2.22946 17.8895 0.336748 -0.112466 405.05 0 0
1500 128.643 -38.1772 17.907 1.21384 -0.601965 403.694 0 0
1500 84.568 8.78264 18.2342 0.53406 0.179978 405.054 0 0
1500 110.754 10.2882 18.0151 0.933749 0.113151 403.249 0 0
1500 78.6796 20.9737 18.2156 0.35346 0.441263 400.245 0 0
1500 73.0686 36.8913 18.022 0.253443 0.722924 400.474 0 0
1500 130.622 -6.97414 18.6383 1.42296 -0.157183 402.29 0 0
1500 50.1849 32.6995 18.0273 -0.149926 0.633915 404.705 0 0
1500 43.289 11.9159 18.1552 -0.285719 0.27502 404.267 0 0
1500 45.4604 4.04699 18.2753 -0.267838 0.0928891 404.473 0 0
1500 64.8749 -27.1099 18.8609 0.148591 -0.622578 398.303 0 0
1500 79.0922 -18.2429 18.2907 0.332712 -0.317861 406.741 0 0
1500 25.1232 2.56079 17.982 -0.507069 0.0104201 405.739 0 0
1500 66.4385 -40.8717 17.9462 0.129709 -0.644775 405.524 0 0
1500 62.6477 -32.786 17.9503 0.0760597 -0.528585 405.865 0 0
1500 79.1441 -7.91876 17.9547 0.305397 -0.179854 406.202 0 0
1500 93.9269 -14.4341 17.9352 0.523964 -0.26422 407.244 0 0
1500 29.4148 43.9986 17.9062 -0.427561 0.689012 405.565 0 0
1500 97.7532 -12.9542 17.8595 0.602734 -0.1612 408.904 0 0
1500 -3.56451 -13.5683 17.8932 -0.951485 -0.202453 405.303 0 0
1500 72.4971 -23.3046 17.9496 0.176439 -0.3834 407.787 0 0
1500 38.8726 -53.0887 17.9367 -0.288825 -0.830347 405.732 0 0
1500 89.0491 -25.2547 17.9782 0.519204 -0.391851 407.373 0 0
1500 17.3758 -48.8563 17.8103 -0.663016 -0.718863 405.746 0 0
1500 94.5196 -34.0794 18.0346 0.568586 -0.543868 408.003 0 0
1500 45.2621 -64.1859 17.7992 -0.190999 -1.01487 405.966 0 0
1500 86.9121 -25.5382 17.8194 0.404091 -0.431031 408.642 0 0
1500 -0.235771 -32.1856 17.8632 -0.923135 -0.494656 405.746 0 0
1500 101.849 2.9783 17.8497 0.664054 0.0981242 408.668 0 0
1500 101.598 -49.2424 17.8007 0.687071 -0.777957 406.079 0 0
1500 38.8352 -64.8047 17.8011 -0.234677 -1.00437 406.233 0 0
1500 -4.24139 -21.5669 17.8362 -0.98304 -0.326824 406.34 0 0
1500 84.61 4.18973 18.0583 0.4648 0.0559198 410.15 0 0
1500 82.4645 51.648 17.8436 0.376118 0.808071 408.035 0 0
1500 99.7134 -10.3745 17.8336 0.651482 -0.113733 409.361 0 0
1500 76.5155 42.4019 17.8409 0.327013 0.630053 409.312 0 0
1500 76.3171 46.7782 18.0634 0.281148 0.778931 405.204 0 0
1500 95.7624 44.5127 17.8842 0.628721 0.727706 405.47 0 0
1500 84.6938 -54.4445 17.943 0.382485 -0.885851 405.726 0 0
1500 97.157 -47.8646 17.903 0.579773 -0.760162 409.051 0 0
1500 67.0379 30.2751 18.335 0.133141 0.487332 405.82 0 0
1500 100.905 72.0454 17.856 0.72009 1.14066 405.485 0 0
1500 10.6405 20.9337 17.9881 -0.765214 0.354251 405.768 0 0
1500 42.5655 -56.7816 17.9129 -0.291334 -0.893318 406.359 0 0
1500 104.682 -35.7052 17.877 0.711852 -0.573786 410.137 0 0
1500 48.1099 -16.2841 18.0814 -0.12772 -0.32808 405.291 0 0
1500 20.5495 -53.6239 17.8233 -0.564022 -0.847759 409.73 0 0
1500 71.4696 -57.5006 17.8208 0.177175 -0.897486 410.407 0 0
1500 103.467 49.4905 17.8033 0.736976 0.7215 409.121 0 0
1500 83.7608 -43.8427 17.8183 0.323901 -0.706716 405.853 0 0
1500 -7.44189 -0.503123 17.8046 -1.04441 -0.0375396 408.157 0 0
1500 27.2517 -10.2717 17.8257 -0.552034 -0.191188 405.247 0 0
1500 50.039 -37.9796 17.8234 -0.197041 -0.620478 405.423 0 0
1500 51.2152 -64.1607 17.8646 -0.0868717 -1.00459 409.782 0 0
1500 44.2602 -38.2352 17.8795 -0.199532 -0.66667 405.779 0 0
1500 65.9188 -67.6106 17.7994 0.1905 -1.04363 406.79 0 0
1500 11.6453 -47.2909 17.849 -0.714866 -0.766312 408.99 0 0
1500 75.9854 3.39794 17.8982 0.362278 0.0326572 405.595 0 0
1500 74.4708 -53.0622 17.9223 0.264781 -0.863944 408.963 0 0
1500 51.7762 56.686 17.8191 -0.099435 0.937071 407.615 0 0
1500 93.4564 55.0945 17.8137 0.524331 0.896727 408.802 0 0
1500 120.459 -2.91088 17.8398 0.974783 -0.113089 408.263 0 0
1500 63.4527 -9.51834 17.865 0.118479 -0.220716 405.897 0 0
1500 34.8113 -62.4273 17.8362 -0.313238 -0.996028 409.293 0 0
1500 22.6974 -36.7417 17.8482 -0.509263 -0.634102 407.185 0 0
1500 30.438 -2.37845 18.1623 -0.474748 -0.0502292 405.302 0 0
1500 51.3072 44.585 18.1432 -0.0825607 0.747629 408.285 0 0
1500 149.929 -4.15947 17.9056 1.48113 -0.0586029 408.228 0 0
1500 118.078 -19.3917 17.9767 0.986182 -0.281873 409.965 0 0
1500 0.0454746 -20.9246 17.9212 -0.911268 -0.367423 409.23 0 0
1500 37.0162 61.4284 17.8561 -0.309598 0.989661 409.952 0 0
1500 91.1402 29.8495 17.8708 0.513335 0.536513 407.784 0 0
1500 21.6158 -52.6151 17.9598 -0.56105 -0.848411 410.21 0 0
1500 66.6205 -62.4686 17.9605 0.109596 -0.997861 410.03 0 0
1500 64.8317 -56.4725 17.9649 0.0837927 -0.918307 409.301 0 0
1500 49.1765 10.2613 17.9248 -0.170031 0.0945302 407.188 0 0
1500 81.3578 -31.416 17.9514 0.389759 -0.558268 408.38 0 0
1500 116.904 -13.4783 17.8396 0.946403 -0.149873 409.481 0 0
1500 76.4666 15.0206 17.8596 0.343891 0.290092 407.579 0 0
1500 69.6671 65.3328 17.8346 0.226244 1.02218 410.871 0 0
1500 88.7833 -10.4119 17.857 0.534419 -0.106196 407.763 0 0
1500 101.666 -8.32848 17.8503 0.728774 -0.0732005 408.29 0 0
1500 10.1064 24.0075 17.8943 -0.765029 0.426798 409.32 0 0
1500 36.6981 16.4422 18.0381 -0.363506 0.20588 408.417 0 0
1500 93.0356 22.1101 17.8924 0.620891 0.360769 408.745 0 0
1500 121.361 -13.238 17.8768 1.02161 -0.177346 410.997 0 0
1500 95.1063 102.511 17.8159 0.64789 1.62615 407.939 0 0
1500 105.86 50.3432 17.8721 0.848386 0.799927 405.966 0 0
1500 119.059 -5.92557 17.8522 0.994842 -0.0699638 410.408 0 0
1500 -68.5669 52.7261 17.8142 -1.97696 0.832291 410.367 0 0
1500 56.3607 -117.554 17.7996 0.0206856 -1.82384 410.649 0 0
1500 151.8 28.4434 17.8735 1.52702 0.425432 409.348 0 0
1500 -139.362 -51.4534 17.8322 -3.09616 -0.855398 409.279 0 0
1500 109.809 -4.67921 17.8132 0.815928 0.00157561 409.577 0 0
1500 8.34038 -53.9677 17.9027 -0.820172 -0.817699 410.419 0 0
1500 42.0687 2.352 17.8674 -0.291401 0.103984 408.033 0 0
1500 58.9547 45.5111 17.9422 0.0108125 0.77093 409.98 0 0
1500 73.543 -59.2142 17.9574 0.301894 -1.04556 405.421 0 0
1500 99.9379 9.81893 18.1215 0.726823 0.0936954 410.6 0 0
1500 75.6383 -27.9874 18.1263 0.360057 -0.483146 410.208 0 0
1500 30.5289 23.8688 17.8812 -0.403134 0.453757 407.186 0 0
1500 78.6563 -36.4927 17.8777 0.289456 -0.632156 410.298 0 0
1500 72.7748 31.869 17.9239 0.306993 0.529355 410.479 0 0
1500 53.4097 20.0627 18.3973 -0.0308322 0.380677 411.042 0 0
1500 117.466 -46.0134 17.9835 1.03707 -0.830684 406.979 0 0
1500 149.127 47.8895 17.9628 1.50458 0.85974 408.041 0 0
1500 100.351 28.7892 17.9382 0.739862 0.532483 408.333 0 0
1500 16.7097 87.7371 17.8409 -0.721018 1.36109 411.208 0 0
1500 162.276 -43.006 17.9918 1.83469 -0.708231 406.703 0 0
1500 11.668 -70.8916 17.9388 -0.731909 -1.2314 410.622 0 0
1500 125.782 -18.857 17.9269 1.19098 -0.300235 410.771 0 0
1500 130.904 -9.89523 18.1536 1.37125 -0.181855 407.717 0 0
1500 160.531 29.8311 18.3927 1.95592 0.635157 410.286 0 0
1500 80.6253 -19.6648 18.3021 0.348037 -0.335812 412.085 0 0
1500 39.5297 5.73641 18.0252 -0.264025 0.14224 411.631 0 0
1500 64.8048 -52.7466 17.873 0.1034 -0.822568 411.498 0 0
1500 45.467 -23.2804 17.8619 -0.145956 -0.390356 413.392 0 0
1500 90.1571 -9.10482 17.8592 0.481556 -0.192291 413.189 0 0
1500 64.4783 -48.0708 17.9179 0.0875634 -0.749251 412.97 0 0
1500 29.9731 25.8148 17.8767 -0.391427 0.433496 413.913 0 0
1500 64.4803 51.9353 17.8676 0.0951477 0.810544 413.072 0 0
1500 78.7221 5.62529 17.8694 0.293502 0.147623 414.761 0 0
1500 77.4389 59.5515 17.8388 0.33309 0.913316 412.577 0 0
1500 92.4108 31.5503 17.8502 0.53881 0.498189 413.972 0 0
1500 77.6419 15.4431 17.8603 0.325502 0.266607 414.812 0 0
1500 58.2298 66.5116 17.8856 -0.0317925 1.03876 411.517 0 0
1500 88.6249 0.554331 18.5264 0.588057 0.0553051 412.956 0 0
1500 117.821 2.10357 17.8823 0.935682 0.0492077 413.384 0 0
1500 89.5512 32.4032 17.8929 0.520465 0.476436 414.582 0 0
1500 82.1257 -1.44893 17.9021 0.411195 -0.0017938 415.333 0 0
1500 122.102 0.54602 17.8785 1.00735 0.027098 412.683 0 0
1500 66.3947 4.92709 18.305 0.22581 0.107166 417.492 0 0
1500 71.6685 22.3524 17.9817 0.219229 0.353267 420.245 0 0
1500 98.2957 -12.6714 17.8649 0.611428 -0.237203 415.493 0 0
1500 73.6108 -15.4395 18.132 0.297504 -0.263526 417.16 0 0
1500 88.1933 5.53992 18.1294 0.500195 0.0262013 416.963 0 0
1500 52.8354 26.2818 17.9849 -0.0746223 0.432873 416.71 0 0
1500 106.822 38.1773 17.8094 0.755309 0.604505 414.015 0 0
1500 105.188 -31.1976 18.0799 0.808251 -0.495396 411.832 0 0
1500 53.7228 11.8353 18.0927 -0.00172877 0.226421 417.521 0 0
1500 104.473 -45.9599 17.9207 0.776327 -0.688413 412.732 0 0
1500 112.021 -6.20721 17.9275 0.906723 -0.100499 411.366 0 0
1500 -5.44096 6.17085 17.808 -0.996044 0.109307 414.128 0 0
1500 98.3052 -48.9776 17.9445 0.653758 -0.790718 412.763 0 0
1500 91.2694 -59.2171 17.8604 0.463193 -0.940396 413.219 0 0
1500 34.3243 -52.5575 17.8661 -0.387251 -0.863729 411.521 0 0
1500 82.8387 55.6882 17.9074 0.450092 0.873313 412.257 0 0
1500 96.8313 25.2735 18.1724 0.621067 0.456494 412.049 0 0
1500 -10.9219 -17.9152 17.8483 -1.10821 -0.326679 411.348 0 0
1500 87.6732 -9.46485 17.8536 0.441587 -0.198795 417.396 0 0
1500 47.1385 -53.8017 17.8057 -0.151757 -0.895342 411.718 0 0
1500 40.1177 -56.4991 17.8026 -0.257232 -0.930474 412.143 0 0
1500 18.8218 -47.5532 17.8018 -0.578792 -0.792999 412.295 0 0
1500 122.172 -21.9576 17.7989 0.954818 -0.393511 414.36 0 0
1500 74.9818 -6.50342 17.8263 0.250674 -0.159254 417.594 0 0
1500 56.0578 -1.29763 17.8286 -0.0143228 -0.0861574 417.751 0 0
1500 106.319 -43.1064 17.799 0.737656 -0.718745 412.938 0 0
1500 68.9961 18.8076 17.9909 0.228459 0.299512 418.189 0 0
1500 37.5242 -22.9109 17.9586 -0.341753 -0.310215 417.695 0 0
1500 73.1324 -50.2039 17.919 0.182379 -0.813307 411.82 0 0
1500 120.288 24.3667 17.8544 0.99384 0.329525 413.92 0 0
1500 101.09 37.3937 17.8622 0.728696 0.536683 412.136 0 0
1500 87.407 -0.700552 18.1311 0.502048 0.0648208 411.945 0 0
1500 82.0021 17.63 18.1315 0.378655 0.312219 418.94 0 0
1500 69.9683 38.4607 18.1268 0.213252 0.603686 418.557 0 0
1500 96.4664 -49.883 17.853 0.650692 -0.77534 413.457 0 0
1500 73.2553 -16.3545 18.1219 0.308763 -0.250603 419.193 0 0
1500 86.7187 28.1628 18.0516 0.475998 0.422541 419.886 0 0
1500 62.8871 27.9504 18.4553 0.163095 0.508669 412.111 0 0
1500 106.383 -10.5793 18.4375 0.857787 -0.158792 416.134 0 0
1500 85.8074 5.27635 17.8602 0.4609 0.0852187 418.842 0 0
1500 41.6208 24.6031 17.8485 -0.248386 0.460622 411.898 0 0
1500 95.1295 54.2159 17.9755 0.613827 0.849775 415.844 0 0
1500 44.0231 10.0669 17.9275 -0.254025 0.128796 419.497 0 0
1500 1.05799 31.9294 17.9005 -0.912904 0.46403 414.743 0 0
1500 52.0195 -22.7646 17.9253 -0.159287 -0.366804 411.998 0 0
1500 45.9461 -7.91652 17.928 -0.227148 -0.121632 419.526 0 0
1500 73.3593 -5.82303 18.1539 0.309714 -0.112223 420.309 0 0
1500 159.684 22.6723 17.8094 1.55309 0.291605 415.945 0 0
1500 130.44 25.2703 17.8534 1.2065 0.41352 412.239 0 0
1500 74.8203 -27.6618 17.91 0.309147 -0.412134 420.108 0 0
1500 119.096 -25.5649 17.9267 0.940678 -0.448925 416.427 0 0
1500 74.1199 36.4347 17.9325 0.21954 0.626353 413.975 0 0
1500 102.279 -40.5508 17.9225 0.747275 -0.637805 415.668 0 0
1500 81.0968 9.28688 17.9436 0.443121 0.114475 413.558 0 0
1500 134.412 26.4203 17.8252 1.1979 0.466042 415.009 0 0
1500 99.7292 -10.7134 18.386 0.743337 -0.217439 416.159 0 0
1500 104.36 -3.04233 18.3842 0.810243 -0.102729 416.339 0 0
1500 58.9138 -68.684 17.8898 0.0756758 -1.13395 412.86 0 0
1500 118.189 -48.2051 17.9354 0.971259 -0.769958 416.137 0 0
1500 89.4125 -49.7473 18.0976 0.525307 -0.812873 416.383 0 0
1500 42.0522 -57.6126 17.9288 -0.23505 -0.893657 419.262 0 0
1500 76.4203 -56.6438 17.9267 0.270258 -0.925435 415.817 0 0
1500 24.4804 18.8645 17.8399 -0.49283 0.359305 415.695 0 0
1500 90.523 24.2743 17.838 0.500643 0.438117 416.124 0 0
1500 59.6375 26.2622 17.844 0.0381039 0.475253 415.096 0 0
1500 43.0995 32.9276 17.84 -0.211838 0.571561 415.693 0 0
1500 22.3456 27.6256 17.8363 -0.516379 0.483412 416.808 0 0
1500 -5.70275 20.0797 17.89 -0.974491 0.343188 417.999 0 0
1500 89.0067 -32.71 17.9088 0.559395 -0.485446 415.057 0 0
1500 100.429 10.9776 17.9104 0.679172 0.169447 420.352 0 0
1500 100.165 29.3917 17.906 0.680033 0.433075 419.874 0 0
1500 106.631 36.1358 17.8973 0.808065 0.553778 416.761 0 0
1500 84.9426 26.4008 18.3447 0.456026 0.42737 422.482 0 0
1500 111.126 -53.7874 18.3066 0.963974 -0.927613 411.879 0 0
1500 107.524 13.0221 18.3758 0.861794 0.239764 417.575 0 0
1500 27.9565 -18.0183 17.9222 -0.515873 -0.23181 414.602 0 0
1500 23.4876 -23.2493 17.9189 -0.582797 -0.311575 414.85 0 0
1500 -3.66351 18.7707 17.9019 -0.969355 0.325539 416.996 0 0
1500 124.132 -2.28617 17.8074 1.04663 -0.0190395 417.765 0 0
1500 73.5404 19.6367 17.8324 0.317011 0.322254 414.062 0 0
1500 110.729 -26.684 17.8125 0.872277 -0.389774 415.937 0 0
1500 99.1453 50.482 17.8082 0.686887 0.770327 416.861 0 0
1500 94.7684 -4.40548 17.8284 0.58577 -0.0480863 420.924 0 0
1500 100.984 -34.3141 17.8159 0.729445 -0.509062 415.483 0 0
1500 66.8797 -35.5715 18.0762 0.147902 -0.564603 422.77 0 0
1500 73.9962 15.4568 18.1739 0.338135 0.295643 416.521 0 0
1500 88.8411 -25.6645 17.9345 0.572192 -0.39958 415.102 0 0
1500 24.9859 15.9492 17.9222 -0.523633 0.224834 422.618 0 0
1500 79.753 58.9223 17.8102 0.283341 0.965498 416.465 0 0
1500 106.043 0.558869 18.3235 0.830434 0.0647496 418.49 0 0
1500 96.0218 -50.8548 17.9393 0.580179 -0.833237 418.713 0 0
1500 97.2502 -14.6244 18.1976 0.709657 -0.188092 417.903 0 0
1500 89.9702 18.2181 18.3613 0.551503 0.30248 424.314 0 0
1500 84.2831 -21.6097 18.1835 0.517562 -0.35398 417.575 0 0
1500 75.4852 -14.0561 18.2925 0.324178 -0.246232 425.962 0 0
1500 98.5166 45.2416 17.9311 0.642228 0.78772 415.642 0 0
1500 81.0315 13.0631 17.9025 0.390007 0.216807 423.434 0 0
1500 121.032 2.12726 17.8791 1.01552 0.0682358 418.797 0 0
1500 75.6159 14.7707 18.058 0.352205 0.284537 416.843 0 0
1500 99.6101 79.5967 17.8533 0.604356 1.31246 415.743 0 0
1500 96.372 -25.6299 17.9875 0.643604 -0.49921 413.504 0 0
1500 38.2376 -35.4115 17.8424 -0.257289 -0.566941 423.688 0 0
1500 57.565 -9.52562 17.8518 0.0172158 -0.223834 416.643 0 0
1500 98.9769 -17.5183 18.0747 0.69819 -0.32812 419.092 0 0
1500 118.579 -18.1841 17.8603 0.947926 -0.339897 419.945 0 0
1500 83.946 -47.6557 17.8658 0.433826 -0.792883 419.056 0 0
1500 80.7139 0.120739 17.8851 0.353356 -0.0606271 424.878 0 0
1500 26.6402 -39.396 17.8706 -0.441512 -0.672503 418.539 0 0
1500 102.037 -41.7744 17.8637 0.671047 -0.665684 422.78 0 0
1500 100.769 0.0807849 17.8307 0.681798 0.0779238 417.349 0 0
1500 118.225 -0.18739 17.7976 0.927825 -0.0373473 422.752 0 0
1500 39.0437 3.19884 17.9659 -0.366778 0.109676 414.352 0 0
1500 42.0303 28.4011 18.2463 -0.22285 0.531292 416.454 0 0
1500 105.285 -37.2681 17.9847 0.783067 -0.607424 420.705 0 0
1500 98.9117 -30.4046 17.9939 0.650186 -0.477221 424.575 0 0
1500 79.9667 47.9282 18.1661 0.356583 0.791985 420.611 0 0
1500 30.9086 -35.3427 18.0399 -0.455724 -0.570287 419.629 0 0
1500 16.175 -8.88772 18.0411 -0.681497 -0.166941 419.533 0 0
1500 77.8751 -24.9797 18.1958 0.393996 -0.474023 416.353 0 0
1500 100.705 7.40721 17.8547 0.699666 0.106641 422.708 0 0
1500 73.821 29.6477 17.957 0.333436 0.482853 418.808 0 0
1500 16.866 34.6548 17.9337 -0.700901 0.508601 418.38 0 0
1500 101.276 30.3862 18.3322 0.756173 0.505574 421.809 0 0
1500 99.7472 29.7804 17.8731 0.624946 0.488919 424.655 0 0
1500 98.6873 15.2505 18.2116 0.716795 0.283098 420.65 0 0
1500 112.684 17.3916 17.8178 0.866188 0.196632 419.799 0 0
1500 62.772 -36.8574 17.8281 0.105123 -0.64174 418.832 0 0
1500 106.27 -9.52616 18.3518 0.85644 -0.236092 416.044 0 0
1500 122.689 15.4337 17.8501 1.02243 0.18008 422.159 0 0
1500 132.832 17.768 17.8673 1.20896 0.319472 420.413 0 0
1500 26.9006 -57.463 17.9084 -0.476184 -1.0075 416.913 0 0
1500 57.1136 0.404139 18.5983 -0.0261647 -0.00827356 413.34 0 0
1500 -26.4467 -41.3672 17.8465 -1.32294 -0.702131 420.722 0 0
1500 119.747 20.3256 17.8807 0.981427 0.408286 417.16 0 0
1500 130.645 -1.47209 17.8015 1.1489 -0.0292505 422.781 0 0
1500 58.1656 -73.8611 17.8503 0.0543882 -1.16182 423 0 0
1500 96.5952 -18.3069 18.0396 0.68867 -0.29971 421.829 0 0
1500 107.892 28.5253 18.0193 0.863339 0.570905 415.236 0 0
1500 95.9677 -39.7071 17.8087 0.534466 -0.635743 427.018 0 0
1500 41.4525 -25.5517 17.9801 -0.313769 -0.516921 415.368 0 0
1500 145.39 -3.95167 18.2668 1.56705 -0.0880999 417.386 0 0
1500 6.65822 -24.5986 17.8277 -0.829804 -0.431659 422.955 0 0
1500 104.241 4.08768 18.1093 0.773373 0.128383 423.251 0 0
1500 43.4613 24.7431 18.0616 -0.225578 0.391232 429.423 0 0
1500 62.1192 -71.308 18.1648 0.13248 -1.23996 418.613 0 0
1500 45.0374 -51.1446 17.9265 -0.173717 -0.833405 425.411 0 0
1500 81.6164 21.9784 18.3187 0.383968 0.462872 413.566 0 0
1500 247.346 131.352 17.821 2.98277 2.01876 423.276 0 0
1500 48.6286 32.98 17.8973 -0.211179 0.484826 422.79 0 0
1500 65.7787 -56.1396 17.8074 0.0926531 -0.927137 424.216 0 0
1500 41.1809 -40.2793 17.8159 -0.285736 -0.695426 423.299 0 0
1500 94.4159 18.3573 18.0974 0.64407 0.33148 424.393 0 0
1500 78.9186 -30.7452 18.1999 0.368563 -0.485316 431.056 0 0
1500 106.559 -56.5459 18.0282 0.86014 -0.997529 419.7 0 0
1500 99.2766 -31.3958 18.1725 0.681988 -0.571161 422.643 0 0
1500 153.305 -59.3535 17.9135 1.57937 -1.0265 421.024 0 0
1500 53.3143 -18.6689 17.879 -0.130208 -0.242607 423.086 0 0
1500 16.245 -2.73959 17.8674 -0.700667 0.00637509 423.921 0 0
1500 80.1268 36.6076 18.063 0.358029 0.625105 425.688 0 0
1500 56.8462 -28.8248 17.95 -0.104166 -0.488656 418.864 0 0
1500 51.8722 72.0557 17.8055 -0.169087 1.08778 426.118 0 0
1500 58.5031 -25.9053 18.271 0.0314364 -0.559135 414.647 0 0
1500 25.3586 52.2055 17.8214 -0.524448 0.805505 428.643 0 0
1500 46.3343 65.7614 17.8167 -0.225454 1.021 427.323 0 0
1500 97.3105 19.598 17.9275 0.686618 0.326933 424.723 0 0
1500 89.5903 -14.846 17.8665 0.473482 -0.302724 424.732 0 0
1500 74.0697 -20.4957 17.8704 0.21761 -0.359609 430.122 0 0
1500 87.9583 23.5519 17.8884 0.428446 0.401442 430.644 0 0
1500 76.961 -32.4284 18.1254 0.332595 -0.570051 425.185 0 0
1500 56.2679 -26.7626 18.316 0.0309129 -0.483583 425.212 0 0
1500 87.3511 65.149 17.8888 0.531787 1.02829 424.555 0 0
1500 8.56453 -17.7552 18.0032 -0.779335 -0.324624 425.889 0 0
1500 66.1278 -4.39307 18.1241 0.203273 -0.0893206 433.567 0 0
1500 115.268 30.2499 17.8117 0.896307 0.479999 428.66 0 0
1500 71.1845 57.6959 17.8179 0.248856 0.866965 429.741 0 0
1500 111.804 25.3311 18.0038 0.873098 0.439182 427.592 0 0
1500 85.9386 21.6376 18.0191 0.498473 0.39373 425.926 0 0
1500 27.6695 -29.7511 18.1038 -0.490245 -0.494115 426.472 0 0
1500 150.971 1.31737 18.3531 1.81911 0.0973923 413.906 0 0
1500 62.7153 0.13961 17.9045 0.0851752 -0.0663728 433.077 0 0
1500 50.4542 -53.2555 17.8855 -0.0874545 -0.828188 431.465 0 0
1500 93.0116 -53.66 17.8752 0.54336 -0.873901 428.255 0 0
1500 102.859 -47.6435 17.8758 0.673269 -0.764793 429.949 0 0
1500 61.3067 51.9895 17.8455 0.116304 0.837755 426.658 0 0
1500 110.519 9.04893 17.8622 0.866202 0.18581 426.8 0 0
1500 92.121 -55.6725 17.9359 0.562689 -0.859624 430.233 0 0
1500 85.6864 -29.8013 17.9535 0.453389 -0.467317 432.625 0 0
1500 119.893 -19.0531 17.9352 0.984908 -0.333613 428.938 0 0
1500 121.279 -14.8588 17.9351 1.00496 -0.271345 428.971 0 0
1500 23.1813 -87.5227 17.9044 -0.52062 -1.44376 425.527 0 0
1500 17.452 -20.6072 17.9628 -0.64982 -0.376486 426.881 0 0
1500 66.0644 59.7375 17.8956 0.163193 0.966777 428.109 0 0
1500 109.155 33.9024 17.8949 0.809924 0.57672 428.254 0 0
1500 103.404 18.5679 17.9038 0.736816 0.352788 427.056 0 0
1500 101.662 35.5587 18.0192 0.69555 0.609196 428.115 0 0
1500 66.4697 4.58175 18.0415 0.170888 0.147291 426.191 0 0
1500 73.8513 -39.2189 18.1903 0.273398 -0.667814 427.899 0 0
1500 49.955 -15.8396 18.2016 -0.0893283 -0.318127 427.053 0 0
1500 65.5573 3.07602 18.2039 0.150165 -0.0282631 426.901 0 0
1500 120.758 19.7931 17.8808 0.970205 0.344186 430.563 0 0
1500 97.6444 31.285 18.0042 0.667293 0.536343 427.993 0 0
1500 118.218 21.5443 17.9951 0.957144 0.379962 429.509 0 0
1500 44.738 -70.4071 18.0396 -0.236204 -1.20415 424.111 0 0
1500 108.199 -1.98964 18.0715 0.853884 0.010313 428.433 0 0
1500 78.6868 30.1704 18.1227 0.379803 0.565103 424.332 0 0
1500 79.0229 3.10267 17.9707 0.356943 -0.000357126 434.968 0 0
1500 246.232 -25.3026 17.8894 3.08607 -0.362977 424.82 0 0
1500 113.478 -36.4516 18.1078 0.9921 -0.612541 424.989 0 0
1500 98.5584 21.6602 17.9917 0.714748 0.318228 428.099 0 0
1500 87.0128 -0.288322 18.0019 0.492189 -0.0150679 434.292 0 0
1500 83.0696 9.92553 18.0029 0.436783 0.127119 434.368 0 0
1500 116.564 -27.3628 17.9795 0.940074 -0.408002 431.535 0 0
1500 117.584 0.0629941 17.9817 0.985972 -0.0109238 429.357 0 0
1500 32.243 63.6189 17.7995 -0.325443 0.981283 430.735 0 0
1500 48.9404 40.6795 17.8163 -0.0849081 0.680621 427.135 0 0
1500 104.949 39.8655 17.8014 0.761839 0.650129 428.911 0 0
1500 39.3119 64.5289 17.7993 -0.225764 1.01281 429.512 0 0
1500 118.243 -32.6062 17.7998 0.935224 -0.430133 430.83 0 0
1500 122.852 13.7922 17.7987 1.01639 0.253168 429.915 0 0
1500 122.703 -2.67268 17.9783 1.04533 -0.0475673 430.715 0 0
1500 70.6709 -57.3977 17.8551 0.151799 -0.884962 432.737 0 0
1500 34.4978 47.2916 18.0028 -0.450718 0.783816 424.227 0 0
1500 115.627 29.6246 17.9876 0.911537 0.500392 430.692 0 0
1500 99.3498 68.2554 17.8149 0.63884 1.04075 432.456 0 0
1500 111.585 -8.19323 18.0599 0.906778 -0.147345 429.731 0 0
1500 103.283 22.7509 17.8863 0.686011 0.423729 428.473 0 0
1500 50.4514 61.3797 17.8764 -0.120829 0.995067 429.812 0 0
1500 31.9683 39.2402 17.887 -0.406885 0.677056 428.402 0 0
1500 33.1188 -50.5832 17.8456 -0.470611 -0.769616 426.135 0 0
1500 81.2334 -33.9987 17.9187 0.401849 -0.504087 434.497 0 0
1500 241.08 -38.4923 17.8805 3.02673 -0.600113 425.547 0 0
1500 86.0258 -38.2746 17.8712 0.457642 -0.660086 429.042 0 0
1500 68.3965 77.6877 18.2152 0.205988 1.42282 422.063 0 0
1500 111.439 18.8939 18.0384 0.91052 0.365199 427.276 0 0
1500 114.839 13.4694 18.0543 0.929811 0.256774 431.075 0 0
1500 84.3239 25.3086 18.0702 0.441481 0.404259 435.955 0 0
1500 74.369 12.6438 18.0761 0.300826 0.226338 436.424 0 0
1500 120.232 -14.6481 17.931 1.00812 -0.186641 431.5 0 0
1500 121.63 -28.6015 17.8898 0.992225 -0.432827 433.846 0 0
1500 74.9024 -7.90229 18.1347 0.368054 -0.0999669 430.768 0 0
1500 101.375 -3.21109 18.1238 0.734861 -0.0279982 433.689 0 0
1500 58.6821 -43.278 18.0475 0.042549 -0.735806 430.346 0 0
1500 9.647 -37.201 17.8933 -0.756826 -0.546443 434.926 0 0
1500 11.5898 -48.5988 17.887 -0.750334 -0.730924 432.94 0 0
1500 33.4543 -3.65457 17.913 -0.403864 -0.0630832 436.852 0 0
1500 22.2909 23.5426 17.9036 -0.616907 0.349183 430.229 0 0
1500 37.6319 -36.74 17.9042 -0.38103 -0.579315 430.178 0 0
1500 -37.9122 40.9087 17.8157 -1.55297 0.62979 430.367 0 0
1500 96.1033 24.9363 17.928 0.671803 0.390535 430.64 0 0
1500 31.0269 -31.6669 18.2491 -0.45298 -0.606125 425.032 0 0
1500 64.055 41.8542 18.1323 0.0888228 0.817715 422.614 0 0
1500 30.9828 12.5143 18.2089 -0.430163 0.227318 431.15 0 0
1500 64.7495 5.82433 18.1503 0.198071 0.0787904 438.744 0 0
1500 71.0816 54.3166 17.9887 0.238726 0.891583 432.46 0 0
1500 95.9257 28.8504 17.997 0.572581 0.473892 437.179 0 0
1500 131.849 37.0076 17.7978 1.18661 0.533717 432.079 0 0
1500 -87.7884 -17.0944 18.0205 -2.57011 -0.279746 424.856 0 0
1500 60.6317 12.2841 18.0575 0.0483792 0.264649 430.909 0 0
1500 100.868 -24.6939 18.4225 0.757156 -0.428924 433.569 0 0
1500 111.032 -6.0397 18.2365 0.914291 -0.109513 433.969 0 0
1500 92.2859 28.3731 17.8741 0.60919 0.430688 431.843 0 0
1500 112.792 38.3828 17.859 0.885269 0.559759 434.742 0 0
1500 66.8898 41.7184 17.9902 0.216597 0.689007 431.971 0 0
1500 19.6333 -27.2441 17.876 -0.659467 -0.429318 432.181 0 0
1500 152.889 16.3893 17.8516 1.5435 0.327534 430.13 0 0
1500 102.363 -84.4483 18.1288 0.867947 -1.48758 424.423 0 0
1500 96.5816 -36.3666 17.8308 0.666239 -0.557344 433.444 0 0
1500 65.5208 -54.4698 17.8223 0.174572 -0.877378 433.595 0 0
1500 78.5658 -24.9635 17.8353 0.380662 -0.434858 432.401 0 0
1500 98.0824 -41.3201 17.8221 0.631834 -0.636506 437.724 0 0
1500 45.8618 -32.6831 18.0527 -0.18298 -0.512083 439.961 0 0
1500 115.212 77.5368 17.8851 0.909714 1.20162 435.58 0 0
1500 133.533 2.79327 18.0559 1.30988 0.0153062 430.556 0 0
1500 66.7023 26.1179 18.1202 0.0867316 0.461453 428.239 0 0
1500 74.0642 -45.5826 17.8337 0.197079 -0.760175 433.496 0 0
1500 35.9178 -10.1907 17.8463 -0.355226 -0.196393 439.842 0 0
1500 44.6234 -6.33658 17.8483 -0.260417 -0.158989 432.382 0 0
1500 51.6532 -40.1684 17.8374 -0.148519 -0.680258 433.172 0 0
1500 89.7509 -32.6954 17.909 0.557798 -0.546795 433.929 0 0
1500 93.0878 -37.9499 17.9077 0.564243 -0.581277 439.098 0 0
1500 72.9893 5.29157 17.9239 0.273509 0.0321244 440.472 0 0
1500 119.511 -7.97644 17.8999 0.953115 -0.157918 438.088 0 0
1500 99.4238 -48.7892 17.8978 0.667699 -0.750348 437.675 0 0
1500 102.972 -21.5134 17.9088 0.703423 -0.347296 439.216 0 0
1500 18.9907 24.2509 17.9306 -0.629805 0.457358 432.117 0 0
1500 129.307 77.3319 17.9086 1.17338 1.24371 433.378 0 0
1500 116.228 39.0572 18.2376 1.03347 0.69772 430.624 0 0
1500 80.8788 -59.8246 18.0106 0.407217 -1.09783 427.918 0 0
1500 49.3935 -33.3008 17.9101 -0.164833 -0.580713 433.65 0 0
1500 61.7617 -55.5395 17.8973 0.0259626 -0.907603 434.865 0 0
1500 30.6432 -35.7979 17.904 -0.451333 -0.614589 434.149 0 0
1500 60.6121 -66.6112 17.8896 0.0082857 -1.04728 436.651 0 0
1500 81.502 81.3737 17.8649 0.305324 1.32887 432.407 0 0
1500 63.7676 40.6449 17.9857 0.170455 0.668116 434.423 0 0
1500 80.2325 60.8508 17.8746 0.348436 0.971476 437.133 0 0
1500 70.7791 19.7895 17.8989 0.219734 0.384067 433.764 0 0
1500 72.2644 -0.48799 17.9026 0.243746 0.0691209 433.52 0 0
1500 44.3093 52.0247 17.8851 -0.175858 0.811865 439.572 0 0
1500 36.0806 11.6729 18.1302 -0.434893 0.269198 426.923 0 0
1500 0.672336 3.35021 17.9117 -0.931887 0.0496292 435.93 0 0
1500 10.5681 -4.38033 17.9184 -0.791264 -0.0680962 435.172 0 0
1500 41.0351 2.45602 17.9886 -0.305064 0.0881085 434.478 0 0
1500 6.8353 -3.17277 17.8096 -0.803109 -0.0609946 440.592 0 0
1500 35.7914 56.3518 17.8031 -0.41565 0.840607 436.247 0 0
1500 111.12 0.714864 18.0473 0.880577 -0.0454425 436.808 0 0
1500 74.8369 -10.4679 18.0045 0.359516 -0.147346 434.849 0 0
1500 89.9813 58.4119 17.8493 0.446016 0.936753 437.896 0 0
1500 80.0617 33.3722 17.9249 0.350669 0.532712 441.925 0 0
1500 81.3206 -2.09123 17.9316 0.407244 0.0376631 435.136 0 0
1500 83.5648 -40.1287 18.0448 0.368184 -0.709388 431.299 0 0
1500 43.1137 -75.4666 17.8012 -0.161329 -1.13814 439.949 0 0
1500 80.8489 76.175 17.8611 0.297893 1.23886 435.067 0 0
1500 116.646 -22.7174 17.8057 0.91494 -0.306076 440.144 0 0
1500 113.671 29.9604 17.8045 0.874708 0.458109 439.919 0 0
1500 69.8755 48.0965 17.939 0.140003 0.787501 436.846 0 0
1500 20.869 27.5808 17.9428 -0.56156 0.437286 442.347 0 0
1500 91.7151 54.3075 18.0148 0.560447 0.867239 439.02 0 0
1500 54.3394 -66.6864 17.9187 -0.0773732 -1.12652 434.912 0 0
1500 133.52 19.0996 17.845 1.19209 0.244634 438.596 0 0
1500 82.0887 -54.4546 18.0051 0.47247 -0.924988 433.706 0 0
1500 29.4084 24.8048 17.9263 -0.448238 0.38889 443.221 0 0
1500 37.5626 28.2704 17.9259 -0.367423 0.481621 436.699 0 0
1500 54.3034 41.9371 17.9226 -0.108333 0.689925 436.966 0 0
1500 153.437 -55.8986 17.8819 1.56855 -0.857729 436.168 0 0
1500 44.5307 39.5641 18.2024 -0.224581 0.74385 431.5 0 0
1500 74.6151 26.4974 18.0157 0.211265 0.425187 444.45 0 0
1500 85.4217 -52.0088 17.8475 0.494546 -0.781699 438.496 0 0
1500 112.955 -1.01489 17.8481 0.913996 -0.00674359 438.422 0 0
1500 15.593 -36.4311 17.8636 -0.709557 -0.519179 438.298 0 0
1500 51.841 54.8485 17.8203 -0.0893202 0.911599 438.395 0 0
1500 111.916 37.0564 18.1662 0.972309 0.671935 433.76 0 0
1500 143.149 36.932 17.8853 1.35675 0.538434 440.643 0 0
1500 84.748 -42.7515 18.0603 0.465899 -0.714902 440.096 0 0
1500 95.4035 48.5243 17.9776 0.618727 0.785907 441.138 0 0
1500 50.8307 -71.3758 17.8809 -0.0574848 -1.18608 437.658 0 0
1500 72.788 -62.4085 17.8913 0.254654 -0.969484 443.417 0 0
1500 110.321 -34.8226 17.9043 0.877817 -0.613907 437.916 0 0
1500 89.6143 -57.6236 17.8176 0.477322 -0.916298 442.902 0 0
1500 43.1146 -64.8883 17.9047 -0.2064 -1.02581 443.382 0 0
1500 122.1 45.5227 17.8958 1.0611 0.780336 438.82 0 0
1500 92.3628 -35.7941 17.9143 0.496183 -0.577347 446.044 0 0
1500 94.6903 -54.7104 17.9011 0.544201 -0.869145 444.086 0 0
1500 108.763 -13.6619 17.911 0.785491 -0.284861 440.898 0 0
1500 -15.3842 -70.5716 17.8682 -1.15633 -1.20756 438.348 0 0
1500 95.6537 -81.6309 18.1172 0.641916 -1.40313 438.259 0 0
1500 -11.7548 15.0103 17.8303 -1.05832 0.272821 445.557 0 0
1500 116.601 1.15117 17.8742 0.926781 -0.0513197 443.025 0 0
1500 72.9582 61.2657 17.9151 0.176695 0.990261 441.855 0 0
1500 51.8763 57.0082 17.8562 -0.16525 0.929727 440.995 0 0
1500 132.553 18.5836 17.9974 1.27586 0.259713 440.561 0 0
1500 114.511 -12.9634 17.8279 0.928033 -0.222333 443.855 0 0
1500 88.788 -18.1694 18.0587 0.488505 -0.360483 442.071 0 0
1500 103.983 39.6795 17.8528 0.770276 0.575321 444.628 0 0
1500 125.498 11.9654 17.8955 1.15494 0.157793 441.276 0 0
1500 66.3903 -1.04063 18.008 0.170458 -0.0585273 454.631 0 0
1500 90.2649 -0.33746 17.8283 0.5221 -0.009331 450.502 0 0
1500 123.092 -10.9388 17.8412 1.03743 -0.136182 446.975 0 0
1500 55.7479 56.9146 17.9237 0.00423662 0.931627 445.893 0 0
1500 92.0173 23.3474 17.9362 0.51382 0.394317 450.888 0 0
1500 112.063 36.8045 17.8345 0.860096 0.564413 448.16 0 0
1500 89.5543 15.6425 17.8532 0.562932 0.270324 444.275 0 0
1500 60.7353 66.7721 17.892 0.00305947 1.04584 447.803 0 0
1500 62.9854 -16.6111 17.8686 0.0020256 -0.259577 444.182 0 0
1500 46.8279 48.2762 17.8533 -0.246403 0.742528 445.33 0 0
1500 46.4474 9.33605 17.8685 -0.229175 0.130729 451.88 0 0
1500 -6.89677 2.21322 17.8415 -1.01665 0.0326065 448.891 0 0
1500 41.6576 -3.53689 17.8673 -0.33132 -0.054906 444.263 0 0
1500 27.7369 -45.4604 17.9585 -0.51158 -0.719261 446.243 0 0
1500 2.89751 5.38688 17.862 -0.85448 0.0849645 450.629 0 0
1500 50.9163 5.79974 17.8816 -0.164552 0.0887008 452.335 0 0
1500 -5.74151 16.6072 17.8528 -1.001 0.251038 449.012 0 0
1500 8.18372 26.3409 17.8615 -0.779647 0.384613 450.568 0 0
1500 58.0831 -55.1098 17.7972 0.0646092 -0.874579 446.483 0 0
1500 34.4126 37.8033 18.0579 -0.447065 0.749433 438.559 0 0
1500 8.61775 -52.7536 17.8787 -0.836192 -0.840298 446.263 0 0
1500 92.5386 25.6612 17.8823 0.607456 0.426403 447.325 0 0
1500 122.526 -17.0245 17.8673 1.01924 -0.219651 450.487 0 0
1500 79.6433 31.3433 17.9389 0.305687 0.549513 447.879 0 0
1500 27.8761 -40.9599 17.8514 -0.553264 -0.611105 445.782 0 0
1500 -46.6789 3.98387 17.904 -1.70253 0.0454099 448.227 0 0
1500 113.603 52.8432 17.8187 0.830843 0.846687 452.72 0 0
1500 108.212 -29.6953 17.8118 0.751389 -0.532466 450.329 0 0
1500 14.1102 45.2583 17.9177 -0.670698 0.747752 452.473 0 0
1500 12.6506 9.56625 17.8657 -0.788134 0.120089 449.48 0 0
1500 17.4094 -25.4191 17.9658 -0.690753 -0.432815 450.047 0 0
1500 123.434 -1.27936 17.9221 1.03676 0.00369813 455.809 0 0
1500 98.6052 51.9307 17.8032 0.653482 0.819664 459.024 0 0
1500 79.2609 50.0031 17.8847 0.394024 0.80596 457.533 0 0
1500 34.4048 18.4728 17.9571 -0.370444 0.301458 465.459 0 0
1500 11.6684 38.0852 17.9374 -0.741217 0.619883 460.305 0 0
1500 115.646 149.314 17.8293 0.876057 2.3109 461.41 0 0
1500 70.3876 50.5077 17.9023 0.213512 0.843732 470.846 0 0
