Total number of secondary electrons: 1635
1500 99.4045 1.417 16.7116 0.989408 -0.0114309 304.803 0 0
1500 83.7575 -5.7509 14.2967 0.465276 -0.0925095 309.058 0 0
1500 96.4388 1.70682 16.3497 0.858343 -0.0410514 310.698 0 0
1500 122.525 -4.74447 14.2467 0.949517 -0.0763567 311.712 0 0
1500 128.295 11.2146 14.2381 1.07383 0.221197 311.809 0 0
1500 78.8534 -14.4392 14.4118 0.272159 -0.259112 318.088 0 0
1500 108.956 -3.01043 15.2167 0.825889 -0.00395515 321.381 0 0
1500 113.67 41.0329 14.2485 0.763704 0.54309 324.427 0 0
1500 396.711 -145.312 14.998 5.7013 -2.40612 324.905 0 0
1500 100.505 -57.6918 14.3286 0.579481 -0.851816 326.618 0 0
1500 90.3731 0.671611 15.3715 0.544571 0.0365016 330.174 0 0
1500 68.1236 11.1216 15.2597 0.246213 0.188583 330.325 0 0
1500 97.5279 6.55586 16.2359 0.734929 0.121824 334.994 0 0
1500 36.8855 4.20919 14.0293 -0.321545 0.0611912 336.475 0 0
1500 114.592 -5.32061 16.0793 1.14244 -0.0460442 338.799 0 0
1500 86.5374 -10.3609 16.1075 0.616608 -0.160021 338.921 0 0
1500 80.7903 -27.0166 14.1078 0.250413 -0.342414 339.595 0 0
1500 96.6458 18.1282 14.5634 0.594146 0.210059 339.649 0 0
1500 19.7421 -68.4615 13.8483 -0.510676 -0.7948 339.718 0 0
1500 96.2518 11.5261 16.1363 0.748079 0.147184 339.913 0 0
1500 -28.4412 7.20385 13.7236 -1.04392 0.0911764 342.39 0 0
1500 85.9732 5.9805 14.915 0.503081 0.108931 342.614 0 0
1500 14.5825 43.5302 13.7494 -0.5001 0.572439 343.368 0 0
1500 84.5958 4.56426 15.5946 0.58254 0.04554 344.932 0 0
1500 -74.5312 -125.48 13.6604 -1.51406 -1.51073 346.1 0 0
1500 84.879 31.8766 14.182 0.384443 0.424122 346.397 0 0
1500 125.164 15.5283 13.7183 0.837233 0.203721 349.372 0 0
1500 101.97 -3.30715 15.9047 0.911458 -0.0621324 351.012 0 0
1500 68.5247 -9.64416 14.8773 0.245193 -0.157622 351.139 0 0
1500 73.877 3.20324 14.749 0.340286 0.082483 351.868 0 0
1500 -186.932 -162.168 14.0202 -3.30995 -2.22921 353.584 0 0
1500 86.1078 8.87463 14.6396 0.443499 0.153903 354.029 0 0
1500 88.4813 26.0875 14.6606 0.46837 0.348126 354.429 0 0
1500 89.02 -12.9456 14.2656 0.45575 -0.187565 354.894 0 0
1500 145.982 9.06129 13.932 1.03319 0.118783 354.921 0 0
1500 77.2417 -0.509766 15.9389 0.468123 -0.0160992 355.413 0 0
1500 104.836 15.1462 15.7703 0.951895 0.332274 356.654 0 0
1500 82.0013 -10.7347 15.9572 0.496762 -0.163699 356.815 0 0
1500 90.4213 -6.7235 14.6325 0.460181 -0.134203 357.139 0 0
1500 90.3048 -3.39457 16.2316 0.705715 -0.092475 357.269 0 0
1500 99.0767 -13.164 14.5209 0.585603 -0.12674 357.499 0 0
1500 93.3042 -37.9431 14.6375 0.582308 -0.531446 357.84 0 0
1500 273.766 103.904 14.31 2.58226 1.22046 359.848 0 0
1500 35.1434 26.6871 14.3828 -0.271512 0.383121 360.27 0 0
1500 84.4234 -26.63 14.7211 0.411315 -0.359491 360.552 0 0
1500 102.086 52.0879 14.6904 0.568702 0.704635 361.195 0 0
1500 59.4454 -38.949 14.587 -0.0263074 -0.482391 362.036 0 0
1500 59.9325 10.7152 14.7374 -0.00560248 0.11867 362.775 0 0
1500 16.0995 -33.646 14.6144 -0.546257 -0.414235 362.816 0 0
1500 96.3051 -3.58282 16.2041 0.790693 -0.0859946 362.985 0 0
1500 86.0042 16.2118 14.8181 0.351034 0.257461 365.563 0 0
1500 111.893 34.9997 14.8743 0.729169 0.445158 366.19 0 0
1500 73.1085 -11.1572 16.2289 0.342078 -0.149487 366.366 0 0
1500 80.7576 6.94195 16.3795 0.46303 0.127695 367.048 0 0
1500 3.52586 -47.3843 14.7749 -0.696907 -0.585492 367.272 0 0
1500 126.766 -16.3826 15.6914 1.12553 -0.238426 367.404 0 0
1500 84.4677 -4.25167 15.7697 0.48424 -0.0113002 367.626 0 0
1500 60.4237 -41.2794 14.758 0.0650274 -0.565506 368.234 0 0
1500 103.26 -6.35056 16.9995 0.89181 -0.0703152 368.605 0 0
1500 58.4248 -12.6862 15.4629 0.040631 -0.16461 368.907 0 0
1500 86.6461 -11.8685 15.2771 0.447123 -0.200675 369.226 0 0
1500 31.4618 69.4387 14.8149 -0.319513 0.89276 369.342 0 0
1500 80.4076 62.7038 14.7658 0.234847 0.815621 369.527 0 0
1500 68.4701 28.3983 14.9466 0.189858 0.394659 370.352 0 0
1500 95.9252 5.28602 16.083 0.64974 0.126541 370.378 0 0
1500 86.4008 -18.4551 16.6388 0.632158 -0.398379 370.394 0 0
1500 112.07 -25.5129 16.3693 1.06307 -0.484827 370.411 0 0
1500 90.2386 -11.1736 15.8768 0.540196 -0.175803 370.43 0 0
1500 102.836 6.17518 15.3213 0.660316 0.0744553 370.824 0 0
1500 -50.5626 -97.228 14.9251 -1.44934 -1.30957 370.908 0 0
1500 107.888 -75.9223 14.9195 0.669402 -1.00457 370.964 0 0
1500 95.9247 -27.0286 15.9827 0.706229 -0.444976 371.653 0 0
1500 34.5573 -44.6051 15.0252 -0.345351 -0.562957 371.77 0 0
1500 143.478 47.2657 15.0131 1.14327 0.612532 372.054 0 0
1500 148.917 65.6564 15.2415 1.39681 0.976621 372.31 0 0
1500 100.183 -32.1532 14.9572 0.525262 -0.458701 372.757 0 0
1500 9.48865 11.8058 14.9447 -0.627532 0.108419 373.052 0 0
1500 13.114 -22.9044 14.9511 -0.582386 -0.306173 373.303 0 0
1500 68.0686 -16.1465 15.7536 0.241764 -0.24002 373.677 0 0
1500 130.583 30.411 15.0524 0.92013 0.401818 373.926 0 0
1500 36.5535 -21.0863 14.9776 -0.316733 -0.310925 374.033 0 0
1500 125.25 -2.10633 16.2742 1.14524 -0.0498391 374.436 0 0
1500 21.0625 -25.6119 14.9901 -0.50859 -0.365392 374.612 0 0
1500 48.0206 30.8742 15.1112 -0.135217 0.370373 374.815 0 0
1500 42.6473 25.441 15.1151 -0.193023 0.311561 374.881 0 0
1500 95.0026 -13.4836 16.1819 0.597885 -0.228 375.394 0 0
1500 126.277 0.733127 15.2427 0.923875 0.0288763 375.399 0 0
1500 55.5919 24.2468 16.045 0.00677774 0.355832 376.369 0 0
1500 55.0538 0.214257 15.9547 0.019654 -0.022253 376.761 0 0
1500 125.776 -44.7093 15.3499 0.926842 -0.642238 376.807 0 0
1500 -9.8602 -29.8788 15.1258 -0.871271 -0.407239 376.89 0 0
1500 12.0924 -5.2513 15.1987 -0.567131 -0.0910747 377.358 0 0
1500 89.9167 17.3544 15.8509 0.529168 0.219977 377.401 0 0
1500 33.7539 44.2556 15.6309 -0.324746 0.651043 377.892 0 0
1500 83.0441 -1.99935 17.0506 0.561382 -0.0462639 377.934 0 0
1500 99.0363 31.9079 15.3221 0.550785 0.453734 378.253 0 0
1500 83.8975 4.87786 16.2207 0.477587 0.0223878 378.507 0 0
1500 40.332 17.1491 15.3187 -0.242028 0.161517 378.672 0 0
1500 71.2302 11.1881 16.4198 0.296266 0.145273 378.884 0 0
1500 57.3701 -42.0246 15.5158 -0.0449951 -0.539263 379.084 0 0
1500 28.2279 -52.321 15.4641 -0.395796 -0.68014 379.856 0 0
1500 116.807 57.6389 15.4546 0.723895 0.749565 380.57 0 0
1500 107.202 19.3965 15.4807 0.600854 0.201983 380.77 0 0
1500 117.432 1.70335 17.5195 1.12293 0.013055 380.792 0 0
1500 85.4095 9.39083 16.331 0.450675 0.171712 380.873 0 0
1500 9.00679 -64.5542 15.4556 -0.611362 -0.790947 380.919 0 0
1500 69.1292 71.0541 15.6664 0.157445 0.988874 381.82 0 0
1500 2.32218 -51.7206 15.5974 -0.731802 -0.650719 381.969 0 0
1500 123.327 -6.21261 15.6851 0.876575 -0.0974432 382.961 0 0
1500 112.109 -40.1099 15.6952 0.735997 -0.517256 383.107 0 0
1500 58.9533 79.6731 15.6616 0.0288037 0.983401 383.159 0 0
1500 135.49 16.4885 15.6336 0.953844 0.170687 383.274 0 0
1500 21.1682 -17.0439 15.6982 -0.437829 -0.235765 383.42 0 0
1500 61.641 -58.5672 15.7283 0.0957508 -0.782393 383.846 0 0
1500 100.053 -40.9118 15.7349 0.580508 -0.55852 383.948 0 0
1500 100.427 -61.2715 15.6899 0.541443 -0.728491 383.959 0 0
1500 134.237 -21.5374 15.7432 0.987172 -0.277571 384.209 0 0
1500 334.48 242.06 15.7861 3.67505 3.24649 384.759 0 0
1500 71.9017 54.4109 16.117 0.261821 0.8305 385.409 0 0
1500 23.7571 11.5697 15.9325 -0.448696 0.211307 385.634 0 0
1500 82.6818 -30.6392 17.0457 0.437856 -0.473457 385.911 0 0
1500 64.9927 27.3682 16.1235 0.103684 0.411522 386.115 0 0
1500 94.4802 42.6086 15.9699 0.457848 0.6041 386.609 0 0
1500 44.233 2.65698 15.9872 -0.185017 -0.0091877 386.809 0 0
1500 43.9762 -10.2074 16.2275 -0.187865 -0.168472 386.956 0 0
1500 156.804 -6.42782 16.9235 1.67555 -0.0818234 386.984 0 0
1500 19.5768 34.8801 16.0141 -0.529946 0.478159 387.13 0 0
1500 110.484 -43.13 15.8864 0.634492 -0.603436 387.169 0 0
1500 72.1663 -0.650622 17.0253 0.314253 -0.0676021 387.524 0 0
1500 51.0882 -11.5093 16.4819 -0.0678767 -0.22978 387.599 0 0
1500 78.094 64.6503 15.9902 0.251203 0.886415 387.892 0 0
1500 95.0614 -2.73697 16.3899 0.588465 -0.0179922 387.948 0 0
1500 117.367 -55.4225 15.926 0.757557 -0.703167 388.288 0 0
1500 67.4716 -37.7936 16.1438 0.0961553 -0.519079 388.441 0 0
1500 31.7944 -9.83039 16.0025 -0.365781 -0.07171 388.479 0 0
1500 107.391 6.41647 16.3938 0.737179 0.095957 388.574 0 0
1500 169.785 14.5023 15.9504 1.55179 0.169955 388.664 0 0
1500 13.6987 15.7142 16.0052 -0.595813 0.258754 389.235 0 0
1500 -5.93124 -44.6301 15.9149 -0.805527 -0.571193 389.509 0 0
1500 80.8253 43.308 16.278 0.405119 0.670491 389.639 0 0
1500 121.803 15.8271 16.3143 0.973896 0.220186 389.694 0 0
1500 132.724 4.57358 16.8719 1.30743 0.0739642 389.737 0 0
1500 75.0018 12.4398 17.3924 0.384502 0.199093 390.146 0 0
1500 102.707 -49.5894 15.9806 0.565652 -0.615443 390.72 0 0
1500 85.0785 -2.53829 16.7908 0.444889 -0.0930746 390.856 0 0
1500 89.929 8.3842 16.287 0.5007 0.14617 390.89 0 0
1500 92.4277 17.7482 16.2881 0.531107 0.264917 391.108 0 0
1500 113.655 -12.4927 16.0105 0.687005 -0.18247 391.465 0 0
1500 81.7239 -9.86806 17.9112 0.536293 -0.213052 392.074 0 0
1500 15.8963 6.70821 16.2054 -0.570204 0.0506234 392.121 0 0
1500 93.8652 -20.7758 17.0305 0.566734 -0.314152 393.07 0 0
1500 -1.26915 -19.9649 16.1926 -0.790923 -0.321243 393.028 0 0
1500 61.684 49.3877 16.6581 0.0249438 0.849032 393.385 0 0
1500 96.5189 17.9585 16.3524 0.552585 0.285258 393.467 0 0
1500 108.107 24.0596 17.2517 0.842135 0.392937 393.726 0 0
1500 65.5117 39.7775 16.381 0.0835216 0.552959 393.744 0 0
1500 91.4894 -2.71414 17.3023 0.609647 -0.00504873 394.008 0 0
1500 118.802 -81.4545 16.2816 0.849917 -1.09785 394.225 0 0
1500 122.666 39.4996 16.2005 0.822776 0.556334 394.374 0 0
1500 94.7073 28.3775 16.9225 0.576267 0.464764 394.397 0 0
1500 67.0546 -60.1514 16.2348 0.146754 -0.763403 394.681 0 0
1500 32.7089 4.66147 16.6904 -0.355548 0.0599069 394.827 0 0
1500 81.4998 4.97036 16.2535 0.357346 0.106703 395.415 0 0
1500 28.7991 17.5882 16.5491 -0.480542 0.221066 395.672 0 0
1500 74.0833 -3.17078 16.7285 0.277783 -0.0678801 395.722 0 0
1500 102.685 -13.4257 17.2899 0.715673 -0.204966 396.153 0 0
1500 82.2239 -29.4292 16.5269 0.401482 -0.393076 396.427 0 0
1500 90.6036 -18.739 16.5281 0.508726 -0.255993 396.45 0 0
1500 46.2052 116.399 16.3323 -0.145931 1.57223 396.808 0 0
1500 57.2414 -18.079 17.0733 0.0365203 -0.267928 397.531 0 0
1500 58.4677 40.2256 16.4011 0.0495941 0.574224 397.608 0 0
1500 84.7947 -18.9102 18.2208 0.550294 -0.296316 397.658 0 0
1500 62.4292 -1.82332 17.2104 0.115599 0.0156784 397.71 0 0
1500 56.4819 14.0035 17.1964 0.0313052 0.19892 397.755 0 0
1500 37.4399 -4.86423 16.6056 -0.297976 -0.0430872 397.771 0 0
1500 87.0714 -13.8384 17.1121 0.471013 -0.315351 397.842 0 0
1500 107.695 48.8098 16.4621 0.673684 0.66522 398.066 0 0
1500 51.2763 15.457 16.4808 -0.094784 0.271032 398.103 0 0
1500 58.0266 26.1385 16.8578 -0.00598949 0.34084 398.314 0 0
1500 90.8772 17.2841 17.4219 0.568589 0.258085 398.349 0 0
1500 33.2326 -52.1722 16.7979 -0.370078 -0.755252 398.336 0 0
1500 189.484 -272.639 16.5279 1.89838 -3.82408 398.376 0 0
1500 89.8729 -13.6813 16.6641 0.487224 -0.135923 399.119 0 0
1500 101.881 -51.8655 16.4813 0.624858 -0.660047 399.195 0 0
1500 51.9575 20.2584 16.7268 -0.0263475 0.286501 399.293 0 0
1500 95.7447 11.0223 17.4782 0.635377 0.172215 399.519 0 0
1500 82.7063 8.392 16.9212 0.377686 0.127201 399.54 0 0
1500 64.9518 5.79983 16.5948 0.0435159 0.0388436 400.064 0 0
1500 95.4404 43.32 16.8023 0.534558 0.69067 400.448 0 0
1500 79.2297 -31.7275 17.0867 0.36187 -0.459765 400.559 0 0
1500 58.9775 12.9129 17.1334 0.0413185 0.186954 400.612 0 0
1500 98.6821 -15.3317 17.0983 0.605911 -0.251737 400.801 0 0
1500 73.6019 2.48628 17.5459 0.291217 -0.0173084 401.699 0 0
1500 88.965 -2.89793 17.2252 0.504303 -0.0879483 402.223 0 0
1500 60.887 51.5675 16.8411 0.00786794 0.78622 402.238 0 0
1500 52.5525 34.7711 16.6694 -0.0685244 0.461438 402.371 0 0
1500 83.4265 13.2504 17.615 0.49826 0.182803 402.379 0 0
1500 69.1561 30.7802 17.1012 0.141062 0.427159 402.406 0 0
1500 77.7997 -2.52887 17.517 0.416364 -0.0066648 402.419 0 0
1500 7.34447 -39.7209 16.6833 -0.622971 -0.546134 402.433 0 0
1500 57.7146 26.1652 16.8609 -0.00203273 0.401177 402.58 0 0
1500 72.5627 -4.88371 17.6209 0.287384 -0.120702 402.817 0 0
1500 97.3326 -0.431024 17.3962 0.629721 -0.0728807 403.204 0 0
1500 85.6236 6.94314 17.74 0.515354 0.13085 403.518 0 0
1500 90.7497 8.72312 16.7448 0.454019 0.17488 403.612 0 0
1500 108.766 -21.8863 17.5328 0.850094 -0.314616 403.897 0 0
1500 148.098 4.66651 17.2252 1.39043 0.0671573 403.887 0 0
1500 82.3345 2.03872 18.0266 0.52038 0.0416707 404.042 0 0
1500 59.0896 -7.87231 17.6133 0.094491 -0.139273 404.075 0 0
1500 49.0607 -18.0633 17.0637 -0.122905 -0.279125 404.189 0 0
1500 83.5773 -32.3343 16.948 0.402526 -0.410763 404.217 0 0
1500 92.2415 -0.356382 16.9882 0.532838 -0.0159666 404.406 0 0
1500 94.4227 -31.0799 16.9877 0.511817 -0.45676 404.5 0 0
1500 81.787 -27.0944 17.0792 0.298698 -0.394032 404.546 0 0
1500 121.571 -33.1967 16.816 0.870087 -0.433611 404.835 0 0
1500 93.9128 8.56696 16.9826 0.551753 0.108084 405.013 0 0
1500 73.3451 14.6341 17.6373 0.265659 0.235265 405.151 0 0
1500 64.5441 -26.247 16.8653 0.0734828 -0.368315 405.353 0 0
1500 101.067 15.5769 16.9986 0.641478 0.198016 405.375 0 0
1500 68.1556 -21.7973 17.1169 0.198929 -0.339014 405.511 0 0
1500 57.8093 184.763 17.3621 0.0228754 3.04016 405.588 0 0
1500 97.4259 -10.4209 17.0302 0.563578 -0.137013 405.702 0 0
1500 31.8572 -19.4044 16.9419 -0.353264 -0.225409 405.781 0 0
1500 104.11 -26.2838 17.0152 0.677485 -0.340415 405.746 0 0
1500 78.6254 -4.83562 17.818 0.391432 -0.0681803 405.991 0 0
1500 84.7348 -9.49944 17.6977 0.501002 -0.104376 406.412 0 0
1500 17.4814 -15.2041 17.0154 -0.575165 -0.224419 406.675 0 0
1500 49.4288 -41.8974 17.4339 -0.138497 -0.723389 406.708 0 0
1500 87.0018 67.8323 16.9744 0.350065 0.915172 406.831 0 0
1500 93.6844 19.1605 18.4047 0.796985 0.335949 407.041 0 0
1500 61.5098 20.2049 17.4007 0.132905 0.318455 407.167 0 0
1500 18.4167 54.4451 17.0145 -0.542528 0.737682 407.259 0 0
1500 87.81 -24.6511 17.0767 0.484329 -0.312418 407.353 0 0
1500 84.1916 35.8103 17.8083 0.475413 0.606856 407.473 0 0
1500 92.9682 7.79129 17.4864 0.575341 0.0796957 407.536 0 0
1500 7.52636 46.1796 17.083 -0.691782 0.630351 407.563 0 0
1500 111.486 2.44106 17.6989 0.879231 0.0907719 407.751 0 0
1500 71.0201 -7.25588 17.013 0.229412 -0.0574014 408.032 0 0
1500 82.694 -15.4073 17.7398 0.413797 -0.198703 408.283 0 0
1500 55.5609 16.9705 17.0755 -0.0336952 0.303913 408.382 0 0
1500 4.64045 9.69114 17.1318 -0.740213 0.143172 408.603 0 0
1500 23.943 -30.0198 17.219 -0.526246 -0.441866 408.614 0 0
1500 85.6752 79.9277 17.0864 0.414377 1.08108 408.665 0 0
1500 91.7442 -8.20963 17.4627 0.607259 -0.0837441 408.853 0 0
1500 58.1813 -51.7359 17.1875 -0.011542 -0.727885 408.957 0 0
1500 54.0022 -31.0385 17.0553 -0.0898633 -0.401676 409.037 0 0
1500 74.8413 -2.85684 17.6479 0.334229 0.0153361 409.076 0 0
1500 89.5513 -0.360595 18.3326 0.603867 -0.0314593 409.245 0 0
1500 46.3681 52.955 17.3533 -0.182984 0.778657 409.268 0 0
1500 109.718 34.289 17.1197 0.681024 0.510934 409.523 0 0
1500 69.8848 3.31075 17.9983 0.280383 0.0747143 409.7 0 0
1500 76.1876 6.54836 18.6731 0.443199 0.0951655 409.837 0 0
1500 149.386 -13.4408 17.1172 1.32779 -0.209004 409.967 0 0
1500 93.8167 9.02365 17.5137 0.570479 0.078647 409.996 0 0
1500 188.241 4.38387 17.1225 1.83888 0.130293 410.075 0 0
1500 78.4116 -12.5675 18.1515 0.425694 -0.207671 410.233 0 0
1500 5.57227 -59.4105 17.0888 -0.68299 -0.785922 410.219 0 0
1500 76.1376 66.4516 17.1521 0.241905 0.919962 410.294 0 0
1500 92.5351 -1.57001 17.8668 0.583473 -0.0611389 410.532 0 0
1500 44.1799 -4.66178 17.5642 -0.184772 -0.0803429 410.52 0 0
1500 73.3738 -56.0396 17.0958 0.266497 -0.757054 410.612 0 0
1500 99.7762 -57.5941 17.1259 0.629629 -0.764399 410.838 0 0
1500 86.4011 61.0509 17.2277 0.360763 0.85207 411.013 0 0
1500 35.2748 -11.2688 17.303 -0.307735 -0.216751 411.093 0 0
1500 86.2598 7.82295 17.9272 0.467186 0.0843769 411.274 0 0
1500 -16.6855 18.7382 17.1538 -1.00581 0.209666 411.277 0 0
1500 31.3194 1.21895 17.3574 -0.393831 -0.0132778 411.298 0 0
1500 20.1094 32.8763 17.4349 -0.589905 0.458793 411.996 0 0
1500 79.1826 38.5874 17.2396 0.251489 0.579103 412.018 0 0
1500 24.8677 -4.39058 17.2718 -0.5069 -0.0264944 412.124 0 0
1500 76.3684 5.5673 18.2322 0.385371 0.129746 412.384 0 0
1500 58.0273 -4.32371 17.5265 -0.00602865 -0.107812 412.438 0 0
1500 72.2644 19.2508 18.2352 0.333582 0.300941 412.467 0 0
1500 85.0899 4.91595 18.1814 0.540977 0.160834 412.532 0 0
1500 80.8457 -6.24283 18.5588 0.50789 -0.107306 412.64 0 0
1500 94.2796 69.9353 17.1854 0.528405 0.890739 412.894 0 0
1500 21.0721 -8.85898 17.2993 -0.571778 -0.101131 413.05 0 0
1500 77.8182 126.988 17.4874 0.255235 2.07419 413.147 0 0
1500 46.7151 12.5547 17.313 -0.126706 0.242131 413.232 0 0
1500 32.302 -65.6802 17.2789 -0.346692 -0.935213 413.308 0 0
1500 66.2175 -10.1875 17.3164 0.0553798 -0.174059 413.516 0 0
1500 82.101 39.8408 17.3183 0.398203 0.587985 413.796 0 0
1500 113.711 -30.1787 17.4393 0.938732 -0.457521 414.116 0 0
1500 58.0715 45.541 17.3328 0.033171 0.698434 414.183 0 0
1500 109.637 8.73323 17.4251 0.780872 0.156219 414.368 0 0
1500 9.71271 11.3758 17.4184 -0.718486 0.165764 414.383 0 0
1500 56.6082 18.3753 17.4065 0.0398088 0.312723 414.538 0 0
1500 15.3152 -5.60955 17.3439 -0.646878 -0.0401475 414.607 0 0
1500 68.4278 -3.43179 18.2684 0.252158 -0.112861 414.647 0 0
1500 37.3213 43.5204 17.3838 -0.352977 0.615935 414.653 0 0
1500 76.2372 -28.2843 17.5229 0.327124 -0.413523 414.685 0 0
1500 90.7604 -6.10423 17.5237 0.519806 -0.118924 414.713 0 0
1500 70.1915 -11.234 17.8733 0.208138 -0.217466 415.02 0 0
1500 117.784 -28.612 17.3527 0.876386 -0.353879 415.131 0 0
1500 82.7883 -14.2181 17.6282 0.390459 -0.266939 415.139 0 0
1500 60.2082 13.6885 17.4145 0.0245716 0.265892 415.071 0 0
1500 124.313 -32.8664 17.2922 0.888535 -0.422711 415.284 0 0
1500 90.8641 10.7382 17.6404 0.495624 0.218103 415.275 0 0
1500 38.9438 50.6247 17.3916 -0.304571 0.752623 415.283 0 0
1500 6.77507 20.7721 17.3929 -0.750476 0.337997 415.341 0 0
1500 94.6035 14.6122 17.4405 0.592046 0.183197 415.376 0 0
1500 103.684 18.5552 17.9733 0.788875 0.263684 415.539 0 0
1500 128.431 -14.5374 17.3074 0.936347 -0.192516 415.602 0 0
1500 109.076 46.6112 17.3706 0.751506 0.663744 415.759 0 0
1500 75.794 7.69824 18.3506 0.344402 0.131507 415.922 0 0
1500 67.7856 -28.6557 17.3886 0.0826386 -0.453334 415.929 0 0
1500 78.8013 5.45948 17.9292 0.356102 0.0451051 416.258 0 0
1500 95.0561 -6.28037 17.8872 0.615344 -0.0843892 416.305 0 0
1500 73.2169 17.9892 17.5389 0.306546 0.278538 416.309 0 0
1500 -8.42316 33.4106 17.3961 -0.936903 0.463211 416.42 0 0
1500 104.349 -13.63 17.5788 0.685144 -0.214127 416.368 0 0
1500 69.4607 25.9921 17.5402 0.252489 0.392422 416.405 0 0
1500 84.5028 11.7318 18.363 0.590193 0.172586 416.457 0 0
1500 100.966 39.1446 17.4568 0.619157 0.659595 416.851 0 0
1500 -46.78 -111.353 17.346 -1.44748 -1.47002 416.971 0 0
1500 -18.5796 44.3074 17.3584 -1.08843 0.593148 416.904 0 0
1500 117.857 18.0664 17.4339 0.876869 0.308271 417.019 0 0
1500 110.248 -16.8507 17.3819 0.696579 -0.217281 417.107 0 0
1500 13.5818 34.7863 17.4063 -0.687326 0.453817 417.107 0 0
1500 52.5189 8.46221 17.4985 -0.057115 0.159176 417.201 0 0
1500 128.253 36.0873 17.4007 1.09118 0.504472 417.305 0 0
1500 75.1197 -0.105915 18.3379 0.408703 -0.0285172 417.485 0 0
1500 63.7827 73.6094 17.4199 0.107881 1.04258 417.41 0 0
1500 66.674 -1.34801 17.9952 0.172753 0.0462991 417.806 0 0
1500 61.0771 -18.1935 17.9 0.0577354 -0.306908 417.844 0 0
1500 143.099 0.0173891 17.6855 1.3847 0.00412327 417.777 0 0
1500 77.7955 8.02144 17.9244 0.339203 0.107876 418.122 0 0
1500 22.8863 -18.9018 17.4796 -0.557013 -0.318085 418.085 0 0
1500 75.9685 5.93715 17.8401 0.269802 0.143327 418.254 0 0
1500 -15.375 -7.68787 17.4443 -1.03966 -0.126981 418.327 0 0
1500 99.7869 -51.0435 17.4384 0.631417 -0.761207 418.273 0 0
1500 81.6936 -4.45417 17.9705 0.408495 -0.132569 418.406 0 0
1500 67.1146 -39.6961 17.6876 0.0994021 -0.681725 418.343 0 0
1500 51.8648 -67.7214 17.4711 -0.0825177 -1.09503 418.421 0 0
1500 98.1235 -7.11859 18.8054 0.911832 -0.200058 418.458 0 0
1500 90.7638 52.8257 17.4469 0.486985 0.718957 418.574 0 0
1500 103.083 13.6245 17.7487 0.738062 0.159903 418.609 0 0
1500 73.6291 29.2075 17.7003 0.310436 0.466022 418.635 0 0
1500 49.4482 -8.46749 17.5456 -0.157159 -0.0649264 418.599 0 0
1500 75.7245 25.1013 18.3089 0.34813 0.395443 418.753 0 0
1500 65.737 -70.9915 17.4399 0.0509737 -1.02128 418.818 0 0
1500 119.41 26.3047 17.5862 0.930849 0.382566 419.027 0 0
1500 90.6826 -26.0195 17.4275 0.527699 -0.340823 419.03 0 0
1500 69.6899 -58.3126 17.4933 0.116914 -0.873856 419.131 0 0
1500 115.641 37.4884 18.3341 1.09963 0.669445 419.267 0 0
1500 113.404 4.31611 18.3963 1.04679 0.116846 419.371 0 0
1500 58.9535 -21.3224 17.7933 0.0596427 -0.310386 419.49 0 0
1500 75.5646 16.1538 17.7993 0.237335 0.270548 419.47 0 0
1500 89.6023 -16.2593 18.6174 0.716055 -0.334983 419.653 0 0
1500 89.3424 -9.24332 17.4913 0.432386 -0.137838 419.689 0 0
1500 79.3084 23.8818 17.7961 0.40894 0.37992 419.689 0 0
1500 79.0703 21.4826 18.2263 0.373763 0.368315 419.729 0 0
1500 82.9585 18.4107 17.5013 0.354115 0.259378 419.805 0 0
1500 9.55308 -53.3485 17.4715 -0.713928 -0.763261 420.122 0 0
1500 96.2867 3.42503 18.3507 0.689119 0.00720733 420.195 0 0
1500 92.6569 -5.36105 18.1314 0.632834 -0.102052 420.16 0 0
1500 63.1452 -60.5756 17.5505 0.0215006 -0.898991 420.322 0 0
1500 105.12 15.9017 17.9104 0.804734 0.200956 420.368 0 0
1500 26.1729 9.86037 17.512 -0.51848 0.0920467 420.457 0 0
1500 46.3875 -37.0022 17.5026 -0.242625 -0.529196 420.571 0 0
1500 104.934 11.1127 17.5442 0.652864 0.173561 420.616 0 0
1500 110.88 -16.263 17.5156 0.822213 -0.261413 420.577 0 0
1500 104.122 23.782 18.6418 0.856516 0.446361 420.587 0 0
1500 94.4799 -17.1112 18.4745 0.693053 -0.342947 420.746 0 0
1500 16.7761 36.0559 17.5625 -0.706083 0.520458 420.861 0 0
1500 77.2265 -13.0609 18.037 0.41603 -0.195145 421.01 0 0
1500 70.5084 -2.82807 18.6336 0.330405 -0.105858 421.139 0 0
1500 83.5051 -19.1145 17.9121 0.483459 -0.264934 421.232 0 0
1500 27.13 14.0099 17.5542 -0.439451 0.276528 421.214 0 0
1500 27.4957 58.9338 17.6377 -0.446478 0.970846 421.206 0 0
1500 85.1568 3.09014 17.9253 0.514419 0.0246231 421.276 0 0
1500 75.2713 -7.56678 18.1854 0.318656 -0.166873 421.323 0 0
1500 47.926 2.23231 17.7614 -0.157944 -0.0334452 421.316 0 0
1500 78.4377 -0.00940989 18.0998 0.345229 -0.0428941 421.369 0 0
1500 86.4743 26.4509 17.5661 0.389636 0.392969 421.405 0 0
1500 49.0563 -39.7323 17.9074 -0.0872144 -0.667093 421.411 0 0
1500 152.782 -21.0814 17.5029 1.37211 -0.292638 421.444 0 0
1500 80.4911 -48.2447 17.4887 0.398042 -0.704413 421.468 0 0
1500 -8.06803 -15.43 17.51 -0.936101 -0.243109 421.492 0 0
1500 43.3139 -8.97405 17.865 -0.183374 -0.152194 421.545 0 0
1500 -6.65173 -30.9901 17.5379 -0.937195 -0.469433 421.503 0 0
1500 143.872 3.16795 17.5603 1.35109 -0.00301349 421.683 0 0
1500 111.36 -47.8261 17.707 0.854593 -0.814964 421.558 0 0
1500 15.8437 40.3228 17.5014 -0.677532 0.550957 422.008 0 0
1500 64.1066 -69.2431 17.5588 0.0999162 -1.00161 422.23 0 0
1500 -4.46646 -6.54493 17.5287 -0.944252 -0.145816 422.322 0 0
1500 61.0074 19.5253 17.7731 0.126253 0.339494 422.366 0 0
1500 36.2389 -35.3438 17.6583 -0.336757 -0.579376 422.433 0 0
1500 55.9997 5.99637 18.1481 0.0253156 0.151891 422.452 0 0
1500 62.0539 70.7958 17.5024 0.0270185 1.04718 422.635 0 0
1500 62.2336 -16.9578 18.2692 0.106067 -0.260591 422.888 0 0
1500 -8.18687 27.3966 17.5061 -0.946321 0.443243 422.814 0 0
1500 57.2629 68.1586 17.5514 -0.0218376 1.06905 422.958 0 0
1500 37.0532 37.3305 18.0272 -0.30989 0.630154 422.823 0 0
1500 128.655 -63.3458 17.554 1.14389 -1.01301 422.76 0 0
1500 81.6602 25.9782 17.614 0.345633 0.386086 422.994 0 0
1500 112.193 -40.2168 17.5609 0.80106 -0.552121 423.057 0 0
1500 86.6766 17.8326 18.5166 0.549628 0.316111 423.226 0 0
1500 54.9017 -3.93345 18.2899 -0.00559748 -0.0932283 423.209 0 0
1500 113.441 -37.2835 17.729 0.898099 -0.623387 423.578 0 0
1500 16.1206 0.868923 17.666 -0.704196 0.0521801 423.63 0 0
1500 92.7441 34.8552 17.881 0.605698 0.530914 423.704 0 0
1500 104.375 -23.0139 17.583 0.64352 -0.355552 423.887 0 0
1500 100.889 -13.4603 18.4057 0.747453 -0.245572 423.924 0 0
1500 107.946 -14.9213 17.9425 0.810817 -0.263376 423.993 0 0
1500 67.7156 -29.5198 17.699 0.219002 -0.48094 424.007 0 0
1500 90.8605 -39.6396 17.8996 0.527277 -0.636986 424.188 0 0
1500 52.5714 -28.8298 17.7861 -0.122649 -0.438619 424.201 0 0
1500 86.6189 10.6373 18.0681 0.545006 0.179833 424.225 0 0
1500 79.9559 12.6592 18.0993 0.43808 0.232681 424.339 0 0
1500 101.641 3.22037 17.616 0.721277 0.0410947 424.277 0 0
1500 16.2948 -27.1103 17.79 -0.631069 -0.481895 424.209 0 0
1500 134.788 27.107 18.1012 1.40006 0.524428 424.436 0 0
1500 117.029 -6.21051 17.7846 0.970508 -0.106253 424.522 0 0
1500 87.439 -13.6174 18.655 0.577775 -0.247789 424.574 0 0
1500 35.1683 28.2444 17.735 -0.370315 0.462141 424.612 0 0
1500 52.0951 -4.23045 17.8622 -0.0473429 -0.116474 424.695 0 0
1500 107.474 -8.81774 17.7021 0.792176 -0.17552 424.746 0 0
1500 77.0012 -35.0427 17.5789 0.355899 -0.519774 424.754 0 0
1500 79.2935 -11.7055 17.8306 0.418728 -0.221451 424.75 0 0
1500 37.3659 6.76808 17.835 -0.276723 0.135884 425.205 0 0
1500 78.1851 -6.67327 18.5267 0.403628 -0.0545866 425.107 0 0
1500 75.4797 5.51646 18.1371 0.320079 0.116069 425.159 0 0
1500 84.1942 -16.5045 17.9371 0.499824 -0.255397 425.159 0 0
1500 84.8457 27.9285 17.9895 0.448444 0.514066 425.193 0 0
1500 70.7732 3.72982 18.6065 0.299076 0.103316 425.224 0 0
1500 105.668 -14.7407 17.6517 0.742717 -0.279799 425.346 0 0
1500 77.7293 -39.7942 17.9123 0.380827 -0.742891 425.326 0 0
1500 83.1488 0.06121 17.8865 0.409299 0.0355386 425.462 0 0
1500 34.7876 -15.0513 17.651 -0.347863 -0.237054 425.519 0 0
1500 95.1473 -2.21483 18.1547 0.648013 0.0269043 425.687 0 0
1500 93.3038 -28.7662 17.9667 0.62765 -0.433947 425.595 0 0
1500 45.6209 1.97013 17.9299 -0.205313 0.0547125 425.585 0 0
1500 17.9213 19.2042 17.6866 -0.657947 0.275473 425.554 0 0
1500 90.4244 14.6211 17.9297 0.58083 0.247033 425.7 0 0
1500 61.3174 -42.2862 17.5625 -0.00842099 -0.676926 425.717 0 0
1500 79.7654 -11.2342 18.4496 0.402705 -0.184296 425.785 0 0
1500 104.259 12.5334 17.9406 0.782501 0.164956 425.959 0 0
1500 64.4201 31.3164 17.9303 0.0704097 0.483064 425.962 0 0
1500 91.2846 24.3891 18.1058 0.612689 0.371878 426.103 0 0
1500 57.3431 -7.30026 17.8194 -0.0256673 -0.0492802 426.11 0 0
1500 123.752 -38.7181 17.6523 1.07046 -0.675703 426.155 0 0
1500 26.8035 22.9819 17.5859 -0.480009 0.318533 426.229 0 0
1500 92.4424 -9.81491 18.0683 0.610695 -0.200118 426.252 0 0
1500 55.1746 -10.0787 18.1046 -0.0228107 -0.171834 426.334 0 0
1500 100.423 -23.8879 17.6876 0.663713 -0.415197 426.414 0 0
1500 115.698 -33.3934 17.7197 0.888211 -0.518975 426.565 0 0
1500 103.866 -36.1377 17.5974 0.736832 -0.528913 426.743 0 0
1500 63.5056 1.98412 18.2137 0.142913 -0.0376268 426.911 0 0
1500 112.702 28.9517 17.804 0.876449 0.432997 426.819 0 0
1500 51.9834 -4.16603 18.4973 -0.0318754 -0.0900703 427.07 0 0
1500 102.552 46.2813 17.7063 0.691228 0.721486 426.846 0 0
1500 92.1622 -8.68031 17.6903 0.587513 -0.11647 426.909 0 0
1500 55.2275 68.3608 17.8853 -0.0921113 1.13871 427.002 0 0
1500 21.8935 226.363 17.9016 -0.659627 3.9517 426.804 0 0
1500 118.403 -17.0814 18.4641 1.28394 -0.34992 427.107 0 0
1500 10.3743 -50.3384 17.6111 -0.747647 -0.719019 427.177 0 0
1500 82.6229 24.4866 18.1904 0.405719 0.418784 427.336 0 0
1500 8.91171 -21.9052 17.7271 -0.86314 -0.317833 427.691 0 0
1500 94.907 47.8357 17.7038 0.536236 0.71101 427.816 0 0
1500 -3.04401 -34.2953 17.6233 -0.927516 -0.484568 428.032 0 0
1500 126.207 17.2351 17.6506 1.06671 0.333876 427.818 0 0
1500 90.0037 -92.2785 17.6316 0.509524 -1.35311 428.221 0 0
1500 109.027 -46.9532 17.684 0.758473 -0.71956 428.355 0 0
1500 74.3962 28.0664 18.1799 0.254153 0.449683 428.349 0 0
1500 52.2659 -29.1304 17.7985 -0.134039 -0.445261 428.27 0 0
1500 81.8777 0.168509 18.0556 0.485754 -0.0353292 428.269 0 0
1500 77.3251 38.0533 17.7293 0.314501 0.555028 428.392 0 0
1500 63.1089 46.7188 17.8169 0.0783092 0.743591 428.748 0 0
1500 132.78 -130.86 17.6435 1.08751 -2.05316 428.823 0 0
1500 92.1603 21.3493 17.8325 0.596539 0.296939 429.107 0 0
1500 34.9252 -5.80801 17.6255 -0.397244 -0.0284586 429.287 0 0
1500 80.193 13.0166 17.9861 0.399905 0.16503 429.361 0 0
1500 86.9515 -1.72176 18.4704 0.543773 0.0423102 429.39 0 0
1500 122.226 16.8406 17.7089 0.994166 0.250649 429.414 0 0
1500 46.1347 -35.2209 17.804 -0.23516 -0.538333 429.388 0 0
1500 77.6332 -47.0817 17.9918 0.305897 -0.799788 429.451 0 0
1500 112.231 -3.8704 17.7462 0.81264 -0.0526665 429.897 0 0
1500 67.5538 -69.0811 17.6103 0.0789545 -1.01028 429.951 0 0
1500 87.8629 98.3421 17.8022 0.49102 1.63707 429.946 0 0
1500 97.3294 -20.2165 18.5755 0.809984 -0.461415 429.952 0 0
1500 84.6455 8.17109 18.0024 0.447766 0.136263 430.265 0 0
1500 122.853 23.8083 17.7218 0.989656 0.345064 430.368 0 0
1500 75.047 -2.71426 18.371 0.398731 -0.0777768 430.408 0 0
1500 53.8031 -35.8383 18.1078 -0.0269803 -0.585735 430.402 0 0
1500 85.9213 47.1717 17.6277 0.454817 0.745766 430.439 0 0
1500 52.2363 22.5584 18.1998 -0.110222 0.370923 430.294 0 0
1500 81.2818 -9.83153 18.2852 0.404833 -0.174615 430.578 0 0
1500 81.4139 44.473 17.6781 0.420372 0.663473 430.58 0 0
1500 79.9925 6.11312 17.7341 0.341651 0.166233 430.622 0 0
1500 65.1369 33.1259 18.1971 0.112548 0.55338 430.476 0 0
1500 103.497 -3.95788 17.7986 0.676402 -0.0966085 430.643 0 0
1500 107.755 -3.66715 17.6784 0.807188 -0.0456316 430.683 0 0
1500 84.2576 -47.1028 17.6787 0.461033 -0.683748 430.761 0 0
1500 50.6692 27.2715 18.1867 -0.13075 0.468359 430.812 0 0
1500 75.4438 -25.3286 18.4192 0.294906 -0.407097 430.887 0 0
1500 72.1337 -11.9826 18.322 0.230742 -0.212493 431.01 0 0
1500 30.8986 39.6202 17.6498 -0.434295 0.6525 430.909 0 0
1500 79.3396 -6.36612 17.8322 0.402275 -0.132208 430.957 0 0
1500 66.8578 -31.1022 17.8319 0.215954 -0.498215 431.192 0 0
1500 90.6921 -48.145 18.4736 0.633811 -0.859127 431.214 0 0
1500 67.5467 11.0026 17.7854 0.204648 0.14536 431.402 0 0
1500 105.238 24.1151 17.9522 0.734405 0.418335 431.37 0 0
1500 96.2193 -43.0709 17.8041 0.625885 -0.6698 431.276 0 0
1500 88.3025 -52.3332 17.8058 0.509632 -0.800808 431.523 0 0
1500 19.2218 48.6238 17.6338 -0.611985 0.762227 431.56 0 0
1500 76.9419 54.7922 17.7665 0.353599 0.828294 431.473 0 0
1500 104.087 37.5953 17.682 0.74548 0.555518 431.391 0 0
1500 84.6312 -3.79897 18.4238 0.544158 -0.0107728 431.45 0 0
1500 46.5001 59.3102 17.7002 -0.117018 0.91949 431.512 0 0
1500 45.5551 -39.0141 17.6668 -0.139021 -0.638708 431.328 0 0
1500 123.806 -10.6911 17.8519 1.02153 -0.165184 431.613 0 0
1500 -4.61798 12.3672 17.6345 -0.956733 0.235901 431.642 0 0
1500 86.8077 -6.02392 18.1859 0.495356 -0.0488746 432.338 0 0
1500 114.002 -13.9501 17.7151 0.819189 -0.232511 432.435 0 0
1500 121.372 -18.9407 17.8134 0.973825 -0.31596 432.385 0 0
1500 86.7754 53.3421 17.7684 0.494257 0.80362 431.782 0 0
1500 110.048 -0.375342 18.0158 0.865116 -0.00945246 432.274 0 0
1500 92.6561 51.4918 17.7029 0.55151 0.80124 431.897 0 0
1500 91.1643 -3.16782 18.2012 0.616346 -0.0136128 431.724 0 0
1500 84.3266 -38.3748 17.8325 0.470067 -0.599974 431.866 0 0
1500 29.5471 48.3783 17.7361 -0.404191 0.78088 432.17 0 0
1500 40.8627 25.2397 18.0256 -0.273393 0.40439 432.472 0 0
1500 52.1643 -27.237 17.9301 -0.127942 -0.393276 432.124 0 0
1500 47.835 -11.8848 17.9307 -0.192737 -0.166047 431.923 0 0
1500 27.1488 -0.261151 17.9298 -0.497871 0.00685121 432.278 0 0
1500 94.7732 -5.00448 18.0254 0.618375 -0.137078 432.542 0 0
1500 23.2325 1.76002 18.0879 -0.641172 -0.0412128 432.608 0 0
1500 92.0432 -61.3968 18.1845 0.619212 -1.04511 433.006 0 0
1500 65.8038 -1.03538 18.1241 0.138293 -0.0752906 432.9 0 0
1500 77.6496 4.32233 18.0895 0.336388 0.116111 432.99 0 0
1500 113.898 51.6138 17.681 0.797344 0.818769 432.959 0 0
1500 73.5805 11.0369 17.7409 0.306115 0.202092 432.649 0 0
1500 94.4881 -22.7124 18.1102 0.665359 -0.503253 432.908 0 0
1500 120.105 26.7409 17.7807 0.957689 0.410836 433.13 0 0
1500 82.0669 64.38 17.7152 0.391143 0.970023 433.158 0 0
1500 52.2919 7.029 18.1295 -0.0358701 0.176907 433.079 0 0
1500 62.3338 35.3778 18.0247 0.0673975 0.584606 433.209 0 0
1500 87.5802 12.4227 17.847 0.530478 0.161302 433.108 0 0
1500 63.6824 34.4495 17.7397 0.155906 0.551948 433.041 0 0
1500 73.3412 -40.0424 17.8952 0.301399 -0.644724 433.278 0 0
1500 38.885 -10.3815 17.8698 -0.337424 -0.173245 433.295 0 0
1500 62.638 69.5738 17.7172 0.114793 1.04152 433.315 0 0
1500 87.9756 59.4033 17.7451 0.44198 0.923927 433.522 0 0
1500 108.083 -15.0238 18.0269 0.803071 -0.280144 433.391 0 0
1500 25.7068 -0.639367 17.8056 -0.544617 -0.0165266 433.426 0 0
1500 5.14749 40.9231 17.742 -0.796573 0.700054 433.426 0 0
1500 42.9447 10.6558 18.3547 -0.355272 0.203457 433.468 0 0
1500 93.645 6.28609 17.7952 0.552215 0.0944712 433.929 0 0
1500 114.492 39.2309 17.7902 0.868831 0.581871 433.877 0 0
1500 95.893 54.1448 17.7924 0.558556 0.848341 433.655 0 0
1500 126.114 -2.47215 17.6783 1.0257 -0.090447 433.734 0 0
1500 35.3132 47.8036 17.8037 -0.39374 0.714735 433.756 0 0
1500 25.2731 22.8068 17.7865 -0.551046 0.324685 433.616 0 0
1500 46.4029 2.4574 17.8689 -0.207418 -0.0162259 433.625 0 0
1500 66.1494 26.4565 17.7487 0.141421 0.47281 433.738 0 0
1500 58.2436 -33.6355 17.989 0.0642832 -0.586279 433.643 0 0
1500 81.6059 38.9694 17.9036 0.365941 0.6834 433.843 0 0
1500 64.6346 53.0274 17.9016 0.0824896 0.907137 433.917 0 0
1500 70.9395 53.014 17.7395 0.260641 0.817517 434.084 0 0
1500 34.472 -42.6122 17.8048 -0.409497 -0.638202 434.078 0 0
1500 135.836 7.5205 18.1843 1.42782 0.123743 434.076 0 0
1500 61.1347 65.9681 17.6896 0.0928298 0.959467 434.136 0 0
1500 86.8299 62.4832 17.7282 0.452699 0.930469 434.111 0 0
1500 71.4873 16.6656 18.1534 0.290192 0.240746 434.156 0 0
1500 89.9112 40.4391 17.7218 0.4454 0.66882 434.212 0 0
1500 -10.4318 -19.4902 18.03 -1.14572 -0.38394 434.197 0 0
1500 78.5154 11.1556 18.0631 0.330505 0.209053 434.393 0 0
1500 128.064 -1.58475 17.6846 1.0446 -0.0769943 434.344 0 0
1500 35.5949 -49.4897 17.7863 -0.392384 -0.745724 434.4 0 0
1500 83.701 -37.6904 17.6964 0.456326 -0.551681 434.335 0 0
1500 81.1612 -14.6978 17.8785 0.448743 -0.202179 434.531 0 0
1500 204.11 16.9964 17.8105 2.35944 0.25326 434.326 0 0
1500 9.8305 17.8268 17.7025 -0.705222 0.288164 434.622 0 0
1500 55.9869 -63.3388 17.6838 0.0354968 -0.956547 434.688 0 0
1500 75.0475 -17.2473 18.0983 0.24448 -0.300796 434.614 0 0
1500 69.7161 -0.70514 18.1229 0.284549 -0.0573402 434.702 0 0
1500 67.3314 13.1633 18.2663 0.22836 0.220163 434.878 0 0
1500 87.4135 6.25966 18.619 0.569278 0.15212 434.78 0 0
1500 65.806 -15.7571 18.1855 0.161224 -0.30523 434.855 0 0
1500 56.6808 -21.016 17.7568 0.0389856 -0.370495 434.81 0 0
1500 37.2446 28.0389 18.1589 -0.329866 0.583338 434.976 0 0
1500 104.592 -3.78748 17.7446 0.685002 -0.0537985 435.65 0 0
1500 32.6321 31.9247 17.7154 -0.392967 0.476044 435.153 0 0
1500 99.769 15.8916 18.0529 0.716232 0.273435 435.59 0 0
1500 115.029 5.17915 17.6968 0.912653 0.0897662 435.314 0 0
1500 76.8394 46.151 17.9064 0.311036 0.75299 435.583 0 0
1500 106.864 -10.6044 18.1191 0.807504 -0.228378 435.183 0 0
1500 84.6806 11.5282 17.9344 0.467415 0.234701 435.352 0 0
1500 20.8471 1.08439 18.0132 -0.586985 0.030218 435.823 0 0
1500 69.4918 13.1288 18.0159 0.136525 0.210825 435.266 0 0
1500 20.2422 7.26908 17.893 -0.606746 0.0696191 435.677 0 0
1500 33.408 -14.6791 17.8942 -0.411651 -0.259649 435.392 0 0
1500 65.2579 -33.1299 17.8937 0.0664853 -0.535804 435.503 0 0
1500 99.644 -5.27143 17.7218 0.660757 -0.146175 435.317 0 0
1500 92.0297 13.6822 17.7539 0.573232 0.156789 435.689 0 0
1500 48.5665 -18.7704 17.7654 -0.16018 -0.358552 435.351 0 0
1500 108.31 65.6277 18.0739 0.879197 1.13374 435.382 0 0
1500 110.085 -21.4701 18.4943 1.00655 -0.359123 435.696 0 0
1500 48.3849 11.0607 18.0283 -0.199312 0.126689 435.231 0 0
1500 25.3363 -7.89043 17.8777 -0.603122 -0.0708801 435.197 0 0
1500 76.5097 59.1593 17.7494 0.288485 0.936218 435.833 0 0
1500 16.9195 -7.02107 17.8924 -0.654739 -0.143672 435.85 0 0
1500 34.9882 33.8314 17.8883 -0.397147 0.492109 435.993 0 0
1500 89.8173 -27.9711 17.7623 0.462347 -0.493624 435.988 0 0
1500 52.3612 -23.4788 18.3329 -0.110743 -0.401313 436.027 0 0
1500 58.5326 3.77617 18.0415 0.0388806 0.117522 436.237 0 0
1500 81.8983 27.4898 18.0785 0.406911 0.479475 436.162 0 0
1500 76.552 -3.00555 18.1888 0.37044 -0.109423 436.262 0 0
1500 101.277 -32.4313 17.7233 0.714056 -0.504238 436.326 0 0
1500 106.938 -17.6221 17.7531 0.760116 -0.200535 436.408 0 0
1500 8.67235 -9.79073 17.7611 -0.754656 -0.218615 436.389 0 0
1500 47.5065 -25.9678 17.7678 -0.176542 -0.467744 436.469 0 0
1500 98.1027 5.67989 18.0201 0.701769 0.10479 436.567 0 0
1500 116.102 11.8195 17.7528 0.915989 0.124705 436.636 0 0
1500 50.1213 8.86217 17.7556 -0.192234 0.10702 436.755 0 0
1500 72.4196 -37.6046 18.186 0.306176 -0.61534 436.945 0 0
1500 79.904 53.0545 17.7944 0.311246 0.794731 436.863 0 0
1500 97.5414 -24.9411 17.7772 0.653611 -0.334806 436.942 0 0
1500 137.411 28.8266 18.1789 1.3961 0.493452 436.869 0 0
1500 61.6599 -23.6638 17.9029 0.116267 -0.358169 437.288 0 0
1500 92.5978 -0.91974 17.8949 0.529919 -0.055949 436.971 0 0
1500 81.2138 -11.0385 17.9009 0.376695 -0.190475 437.209 0 0
1500 42.4089 21.5773 17.7254 -0.255502 0.342887 436.971 0 0
1500 80.2572 -19.8619 17.7749 0.367642 -0.259119 437.169 0 0
1500 77.5424 49.9735 17.8002 0.277826 0.749617 437.149 0 0
1500 33.7761 -55.6709 17.8811 -0.347025 -0.963487 437.157 0 0
1500 65.0113 -7.01463 17.784 0.162142 -0.0861931 437.527 0 0
1500 71.8112 2.61602 17.7823 0.253238 0.0425459 437.461 0 0
1500 45.046 -65.0007 17.7534 -0.132489 -0.999416 437.872 0 0
1500 75.0963 -18.5101 18.1307 0.303285 -0.3499 437.564 0 0
1500 71.9417 14.8661 17.8765 0.261784 0.293641 437.604 0 0
1500 50.0491 42.9432 17.7306 -0.123489 0.731118 437.573 0 0
1500 117.734 -15.2076 17.9728 1.02477 -0.193073 437.504 0 0
1500 96.3777 -12.3377 17.8412 0.688813 -0.178742 437.559 0 0
1500 121.834 21.0408 18.0353 1.07786 0.299683 438.467 0 0
1500 99.1622 -25.243 18.1268 0.652413 -0.443938 438.498 0 0
1500 69.1462 -13.3543 18.0577 0.218323 -0.15856 438.822 0 0
1500 68.9522 -17.1956 18.0453 0.173599 -0.293109 438.278 0 0
1500 81.6981 -60.517 17.7414 0.384992 -0.946646 438.39 0 0
1500 90.8253 25.4574 18.286 0.559414 0.444617 438.884 0 0
1500 78.9768 -53.7064 17.7622 0.386191 -0.82529 438.39 0 0
1500 25.76 -52.0604 17.747 -0.546309 -0.798681 439.08 0 0
1500 33.1066 -38.3103 17.9087 -0.348713 -0.647939 438.451 0 0
1500 51.8748 -19.5199 18.0225 -0.132377 -0.30938 438.684 0 0
1500 60.327 -16.6495 17.9239 0.095746 -0.318568 438.657 0 0
1500 43.3194 -95.3988 17.7715 -0.176473 -1.55534 438.805 0 0
1500 105.588 -41.4021 18.1703 0.829952 -0.731229 438.871 0 0
1500 113.935 26.4561 18.2586 1.02329 0.440292 439.015 0 0
1500 101.857 -32.0721 18.0512 0.786423 -0.586468 439.065 0 0
1500 72.338 27.481 18.6508 0.301534 0.558694 438.194 0 0
1500 95.5605 -1.43196 18.0579 0.723559 -0.0773005 438.767 0 0
1500 53.9598 -33.3682 17.8046 -0.130665 -0.484914 440.367 0 0
1500 104.497 0.308825 18.5847 0.835992 0.0360734 440.624 0 0
1500 75.0634 0.611439 18.7028 0.42125 -0.0431903 439.282 0 0
1500 80.1624 9.46331 18.3166 0.417191 0.144969 440.637 0 0
1500 47.0815 -0.438436 18.0242 -0.181952 0.00379146 440.048 0 0
1500 83.9047 5.09391 19.0696 0.591309 0.0834201 439.8 0 0
1500 67.7997 -41.0158 17.8626 0.117396 -0.62107 440.741 0 0
1500 95.2862 50.9048 17.7327 0.587243 0.723929 439.194 0 0
1500 104.587 -37.0694 17.7395 0.713132 -0.502652 439.605 0 0
1500 103.465 -28.387 17.8179 0.690796 -0.430611 440.774 0 0
1500 72.9962 -63.2459 17.746 0.243044 -0.954729 439.803 0 0
1500 112.598 -36.128 17.7762 0.825136 -0.557406 439.841 0 0
1500 115.769 -2.62302 17.7613 0.87084 -0.0568943 440.867 0 0
1500 86.2288 -55.76 17.7558 0.461398 -0.801378 440.516 0 0
1500 117.581 -28.967 17.7714 0.899328 -0.457249 440.109 0 0
1500 94.8839 -0.507388 18.7317 0.718398 -0.0356838 439.785 0 0
1500 33.1661 -57.5632 17.789 -0.363993 -0.875397 440.822 0 0
1500 33.9386 -60.6824 17.7835 -0.355222 -0.924554 440.407 0 0
1500 62.7563 -68.0771 17.7507 0.106034 -1.03663 439.744 0 0
1500 -4.44684 -24.586 17.7303 -0.949418 -0.422888 439.948 0 0
1500 51.9103 -56.937 17.9066 -0.0664836 -0.914379 439.346 0 0
1500 122.501 -10.6199 17.7315 1.01643 -0.165371 440.382 0 0
1500 51.8172 115.952 17.7744 -0.0828044 1.79681 439.627 0 0
1500 89.872 -49.3662 17.9139 0.528894 -0.791726 440.725 0 0
1500 62.0027 43.6468 17.8098 0.0667077 0.735081 439.248 0 0
1500 81.028 9.06464 18.1969 0.397822 0.210255 440.007 0 0
1500 98.2493 24.8652 17.9985 0.656252 0.441893 440.78 0 0
1500 81.3456 -10.3006 18.1519 0.442908 -0.222943 439.623 0 0
1500 144.564 -69.7182 17.834 1.37375 -1.10349 440.401 0 0
1500 62.7448 -2.1192 18.123 0.0578049 0.0139623 440.382 0 0
1500 99.5993 51.9015 17.7591 0.716354 0.82421 439.463 0 0
1500 86.9567 -6.05198 17.8342 0.507416 -0.144681 440.404 0 0
1500 21.1458 25.9154 17.7434 -0.634841 0.427773 440.806 0 0
1500 108.566 -24.9907 17.7898 0.751687 -0.455457 440.72 0 0
1500 37.6838 15.079 17.8459 -0.380353 0.238919 440.699 0 0
1500 7.22174 -13.7116 17.8552 -0.823592 -0.268751 440.722 0 0
1500 101.738 45.9521 17.9818 0.78303 0.770479 439.562 0 0
1500 50.1208 -18.9744 18.0031 -0.140557 -0.360165 440.723 0 0
1500 131.971 -29.9418 18.0815 1.35726 -0.522605 439.52 0 0
1500 85.9208 7.97166 17.9427 0.398045 0.174924 441.895 0 0
1500 99.3034 -18.8762 18.2495 0.743867 -0.262933 441.758 0 0
1500 86.1296 5.86853 18.9363 0.55207 0.0990297 441.542 0 0
1500 81.7325 17.133 18.694 0.442898 0.279154 441.884 0 0
1500 60.5954 21.6298 18.2635 0.0575619 0.340639 440.891 0 0
1500 75.5025 -11.3722 18.2715 0.342786 -0.187119 441.428 0 0
1500 62.2056 35.4659 17.8984 0.0877279 0.546078 441.095 0 0
1500 77.663 -59.8665 17.7744 0.324046 -0.895213 441.468 0 0
1500 14.1235 -50.8101 17.7604 -0.693602 -0.753031 441.514 0 0
1500 91.2527 -21.1157 18.5924 0.606573 -0.375252 441.549 0 0
1500 12.65 -49.5564 17.7479 -0.697312 -0.77557 441.918 0 0
1500 102.918 -46.6714 17.8874 0.710282 -0.743724 441.757 0 0
1500 96.0125 -17.3661 18.3649 0.653532 -0.326073 441.69 0 0
1500 96.9572 -5.33051 18.1965 0.702445 -0.110413 441.544 0 0
1500 70.7182 2.76598 18.1875 0.316448 0.0674438 441.032 0 0
1500 42.0108 -44.22 17.9496 -0.218296 -0.740243 441.316 0 0
1500 47.5663 -45.7779 17.7603 -0.0937378 -0.724158 441.915 0 0
1500 91.3478 -6.90586 17.7626 0.567203 -0.144145 441.212 0 0
1500 113.04 15.456 17.8249 0.888129 0.181098 441.806 0 0
1500 111.946 -0.467817 17.7818 0.827784 -0.0822075 441.56 0 0
1500 109.935 7.91599 17.7714 0.826397 0.183779 441.638 0 0
1500 86.5219 -13.5097 18.0056 0.51817 -0.262446 441.536 0 0
1500 18.5619 21.8108 17.9356 -0.630812 0.420158 441.217 0 0
1500 42.6261 5.07861 18.1247 -0.29982 0.126895 441.444 0 0
1500 96.1242 -51.3367 17.8565 0.558196 -0.793363 442.725 0 0
1500 86.5698 18.3152 18.3646 0.502257 0.278904 442.516 0 0
1500 78.6823 -24.1093 18.1896 0.375581 -0.36366 442.22 0 0
1500 85.8172 -19.5194 17.8525 0.406126 -0.331394 442.424 0 0
1500 80.0793 -30.6238 17.819 0.287205 -0.485319 442.59 0 0
1500 63.6476 -1.22822 17.8326 0.0616504 -0.0820663 443.247 0 0
1500 34.7323 -2.78054 17.8278 -0.331767 -0.103447 443.023 0 0
1500 99.3979 49.7994 17.7963 0.633387 0.761479 441.967 0 0
1500 11.3137 -5.17889 17.7896 -0.711882 -0.0979097 443.664 0 0
1500 87.08 -42.3911 17.7672 0.471524 -0.600007 443.985 0 0
1500 62.7854 -68.0183 17.7482 0.0266831 -1.04164 441.954 0 0
1500 51.5214 68.1609 17.7681 -0.159967 1.00765 443.515 0 0
1500 106.485 12.9827 18.2139 0.845104 0.185418 442.727 0 0
1500 110.978 -36.8037 17.8233 0.841623 -0.592123 443.039 0 0
1500 84.206 15.4884 18.2931 0.515911 0.278819 442.384 0 0
1500 -2.62924 -23.8497 17.7927 -0.963842 -0.326097 442.854 0 0
1500 101.905 -18.7105 18.3297 0.791543 -0.309989 442.721 0 0
1500 53.7336 -57.0956 17.7887 -0.129158 -0.893904 442.175 0 0
1500 78.67 7.64044 17.7929 0.367031 0.061615 442.676 0 0
1500 79.0838 -46.3016 17.827 0.396724 -0.723982 442.689 0 0
1500 18.9407 -47.1491 17.8902 -0.626336 -0.741975 443.909 0 0
1500 95.6513 -32.8296 17.912 0.616667 -0.561099 443.206 0 0
1500 112.988 -7.19632 18.0382 0.903813 -0.155891 444.245 0 0
1500 93.9191 -38.0845 18.1439 0.610538 -0.630094 444.425 0 0
1500 81.6633 -14.257 18.0805 0.471497 -0.229531 442.994 0 0
1500 102.338 49.0582 17.8683 0.669904 0.803407 444.159 0 0
1500 25.1531 -35.4462 17.9425 -0.540411 -0.568029 443.431 0 0
1500 33.0072 -37.8538 17.8278 -0.410327 -0.649429 442.415 0 0
1500 86.9018 -17.4572 18.1613 0.440397 -0.323454 443.768 0 0
1500 62.9329 2.76769 17.8908 0.0146985 0.021758 442.448 0 0
1500 101.524 -1.64418 17.8649 0.743769 -0.0444006 443.682 0 0
1500 75.6664 -35.0539 17.9069 0.29525 -0.607298 443.815 0 0
1500 64.333 -35.6028 18.1747 0.0782358 -0.566211 444.586 0 0
1500 28.9702 -1.25933 18.1769 -0.454445 -0.0506298 444.35 0 0
1500 73.9942 -8.24832 18.6256 0.284321 -0.157743 442.544 0 0
1500 43.3645 2.95751 17.9305 -0.235872 0.116411 443.633 0 0
1500 87.6797 28.7285 17.8118 0.530081 0.421139 444.168 0 0
1500 192.092 -74.2198 17.7595 2.10609 -1.10234 444.546 0 0
1500 23.2101 -13.1773 17.823 -0.587566 -0.153048 444.138 0 0
1500 74.5344 -11.9733 17.7944 0.197783 -0.240368 442.275 0 0
1500 72.3147 -58.0142 17.9686 0.198398 -0.961882 444.016 0 0
1500 125.969 42.0816 18.2469 1.19991 0.734016 442.141 0 0
1500 -60.9651 62.9044 17.8152 -1.91093 1.08527 443.999 0 0
1500 69.7397 66.9152 18.1515 0.171911 1.15685 442.629 0 0
1500 127.935 47.1661 17.9175 1.24849 0.820439 442.146 0 0
1500 71.0474 -61.0878 18.0229 0.284117 -1.09142 442.455 0 0
1500 44.6416 38.4847 17.9371 -0.299965 0.622824 444.145 0 0
1500 114.049 57.4936 18.0066 1.00678 1.0269 443.894 0 0
1500 95.7007 -51.6879 18.2611 0.739298 -0.982679 443.678 0 0
1500 15.1876 -11.6884 17.7934 -0.651808 -0.117649 447.042 0 0
1500 104.432 -5.74304 17.8595 0.690269 -0.140037 446.892 0 0
1500 50.0258 -22.1397 17.9382 -0.0580601 -0.360817 446.445 0 0
1500 69.2235 13.0132 18.461 0.202243 0.231776 445.895 0 0
1500 67.4884 1.66642 18.3459 0.240538 -0.0203501 445.791 0 0
1500 75.9759 -30.2161 17.8343 0.272226 -0.456722 446.347 0 0
1500 86.5443 4.47416 18.5023 0.518074 0.0226211 447.538 0 0
1500 53.4424 -41.0389 17.7802 -0.0405309 -0.633162 444.623 0 0
1500 45.0813 -23.4147 17.7927 -0.218312 -0.379527 445.299 0 0
1500 97.0693 -10.1011 18.0349 0.620662 -0.17712 446.236 0 0
1500 71.1024 -44.464 17.7825 0.224797 -0.676603 446.18 0 0
1500 69.1643 -52.8664 17.7756 0.199029 -0.799538 445.697 0 0
1500 69.6157 -6.4529 18.1448 0.216521 -0.152427 448.6 0 0
1500 79.6631 2.66952 17.9672 0.383208 0.0492358 447.921 0 0
1500 67.4103 -32.1674 17.8624 0.187733 -0.492319 447.382 0 0
1500 82.9121 -1.06408 17.8721 0.385936 -0.0739768 447.681 0 0
1500 -5.0045 -14.4308 17.844 -0.962857 -0.19931 445.661 0 0
1500 95.6576 20.0606 18.3852 0.626612 0.361519 445.861 0 0
1500 74.7633 -64.592 17.9094 0.292907 -1.00526 445.414 0 0
1500 98.5533 -24.4635 18.27 0.695829 -0.426101 445.006 0 0
1500 89.3005 -54.2892 17.883 0.494181 -0.832132 447.557 0 0
1500 -1.57855 -32.9604 17.8768 -0.920559 -0.497034 446.62 0 0
1500 99.4113 -17.1015 18.3855 0.759962 -0.2464 445.832 0 0
1500 68.7454 -65.9639 17.9039 0.180229 -1.02032 447.448 0 0
1500 112.681 -38.9345 17.8996 0.824147 -0.640501 446.46 0 0
1500 66.0926 57.548 17.9161 0.109675 0.926243 445.612 0 0
1500 62.5754 55.162 17.917 0.0574877 0.893981 445.365 0 0
1500 119.869 -70.8253 17.8065 0.968992 -1.04187 447.922 0 0
1500 62.5684 36.1053 18.006 0.0603274 0.612427 445.036 0 0
1500 90.4455 48.437 17.8802 0.553182 0.800326 444.698 0 0
1500 86.0602 -57.5124 17.9766 0.464904 -0.909508 447.63 0 0
1500 93.7298 -53.5803 17.9766 0.576346 -0.850598 447.736 0 0
1500 13.6494 -3.16389 18.0632 -0.70246 -0.068663 445.935 0 0
1500 3.42967 23.8868 17.9554 -0.85408 0.389869 446.806 0 0
1500 69.2948 21.3979 17.8496 0.224184 0.391628 444.737 0 0
1500 36.9341 -12.9481 18.038 -0.359378 -0.223973 445.441 0 0
1500 66.8256 -31.6323 17.9311 0.204836 -0.536706 445.522 0 0
1500 78.7432 -27.318 18.4106 0.443388 -0.452657 447.623 0 0
1500 100.594 39.8863 17.8549 0.718539 0.579509 447.134 0 0
1500 109.814 -38.4902 17.8535 0.84316 -0.584124 448.192 0 0
1500 121.948 -15.4639 17.8542 1.01509 -0.243275 448.649 0 0
1500 69.8098 59.3543 17.8598 0.121789 0.954449 445.122 0 0
1500 54.8891 48.2752 18.1354 -0.0256887 0.789183 447.577 0 0
1500 52.4639 25.3443 18.1431 -0.0626708 0.454023 446.646 0 0
1500 114.769 -30.6664 17.785 0.914146 -0.449014 447.932 0 0
1500 122.465 40.8859 17.8198 1.0512 0.587995 446.292 0 0
1500 42.7297 -36.8836 17.8294 -0.221797 -0.638412 446.195 0 0
1500 43.0992 6.78451 18.0704 -0.253212 0.0590515 446.318 0 0
1500 110.95 1.71107 17.8905 0.854079 -0.0339551 447.301 0 0
1500 65.9073 12.865 18.2354 0.134338 0.25622 447.134 0 0
1500 104.336 -6.3088 17.8812 0.752297 -0.0230228 444.934 0 0
1500 80.8699 -13.7246 18.0506 0.39683 -0.282097 447.028 0 0
1500 85.5804 19.9262 17.9579 0.515102 0.294115 447.296 0 0
1500 55.4688 23.7881 18.1354 -0.0554509 0.404281 447.618 0 0
1500 66.6588 5.95617 17.8999 0.218404 0.115165 446.735 0 0
1500 68.8962 -0.820564 17.805 0.226248 0.037614 446.618 0 0
1500 92.8066 -19.3893 17.7979 0.58975 -0.24697 447.32 0 0
1500 13.1748 -43.9499 17.8866 -0.700248 -0.766441 446.01 0 0
1500 67.2889 44.6905 17.8434 0.209013 0.720742 448.423 0 0
1500 79.5991 -48.163 17.8868 0.428893 -0.779941 445.183 0 0
1500 130.076 109.51 17.8013 1.09703 1.73466 448.64 0 0
1500 45.0538 21.7001 17.8424 -0.24413 0.392252 447.73 0 0
1500 93.1411 23.859 17.8383 0.491392 0.422636 448.159 0 0
1500 52.1537 24.7374 17.9069 -0.127513 0.435967 448.036 0 0
1500 48.7634 -2.06426 17.7979 -0.192124 -0.0937218 447.387 0 0
1500 136.076 -21.4356 18.2105 1.35824 -0.386688 445.525 0 0
1500 44.4241 39.9841 18.0619 -0.247795 0.65201 447.532 0 0
1500 93.0949 23.4539 18.2031 0.590874 0.442965 447.17 0 0
1500 55.9794 35.1051 17.8359 0.0258305 0.607032 446.788 0 0
1500 92.2859 -43.6459 18.0629 0.528982 -0.760748 446.632 0 0
1500 81.9025 -26.9757 17.8618 0.466572 -0.427804 445.696 0 0
1500 119.738 -57.14 18.2505 1.11678 -0.984863 445.818 0 0
1500 83.8311 29.5847 18.0719 0.526314 0.482143 446.163 0 0
1500 64.7988 41.7709 17.9288 0.0314364 0.691862 445.356 0 0
1500 55.819 98.1168 18.0133 0.00974454 1.63902 447.967 0 0
1500 47.3268 12.2921 18.2443 -0.22509 0.234064 445.72 0 0
1500 65.7706 -60.5577 18.2172 0.162984 -1.09816 447.272 0 0
1500 32.4666 -0.83223 18.1696 -0.466703 -0.0874535 448.232 0 0
1500 154.55 -2.02972 17.7687 1.41472 -0.0826854 448.742 0 0
1500 121.784 -98.0758 17.7646 0.901669 -1.51118 448.805 0 0
1500 80.5282 -23.7815 18.3061 0.473891 -0.373661 448.926 0 0
1500 48.1047 72.3864 17.8477 -0.141531 1.17945 448.854 0 0
1500 106.871 -98.913 18.0254 0.769769 -1.6884 448.783 0 0
1500 138.045 29.6862 18.1482 1.42745 0.489773 448.801 0 0
1500 92.7171 -26.8871 18.1891 0.703185 -0.454392 448.781 0 0
1500 93.2682 5.89195 18.1585 0.567846 0.164656 455.783 0 0
1500 22.8338 30.3739 18.1131 -0.555205 0.506263 456.664 0 0
1500 90.961 16.8835 18.1042 0.555033 0.218916 449.794 0 0
1500 55.7678 -10.6691 17.9842 -0.0720769 -0.177015 450.135 0 0
1500 69.8602 -18.3204 17.9122 0.224788 -0.298944 450.043 0 0
1500 70.7257 10.4836 17.9149 0.236209 0.0973946 450.195 0 0
1500 46.3474 -18.669 17.8474 -0.133815 -0.317576 451.22 0 0
1500 59.8117 4.23701 17.8935 0.0559189 -0.00639084 450.988 0 0
1500 54.3797 26.2387 17.9488 0.00597137 0.415297 451.549 0 0
1500 70.0825 2.08669 17.8857 0.202398 -0.0333425 451.554 0 0
1500 93.5453 -29.0525 18.0061 0.54342 -0.465983 451.54 0 0
1500 14.9552 33.5301 17.8113 -0.625476 0.540077 450.373 0 0
1500 118.414 9.01429 17.8683 0.933636 0.111366 450.826 0 0
1500 101.936 12.2666 17.9005 0.685051 0.200205 452.125 0 0
1500 110.267 15.6827 17.8605 0.793211 0.273439 451.121 0 0
1500 54.4849 -21.4231 18.0986 -0.0714486 -0.331497 454.037 0 0
1500 73.5967 62.3297 17.7838 0.19477 0.958844 450.654 0 0
1500 71.3298 -5.22383 18.6571 0.340563 -0.0765172 456.637 0 0
1500 120.577 8.88006 17.9479 1.01142 0.122024 449.599 0 0
1500 106.422 14.4519 17.8526 0.750507 0.187346 453.088 0 0
1500 87.7252 12.0388 18.3333 0.528037 0.145068 455.668 0 0
1500 111.524 -9.71892 18.2979 0.916419 -0.160972 450.314 0 0
1500 109.841 40.8763 17.8564 0.829645 0.634037 450.135 0 0
1500 123.798 12.6456 17.7948 1.00461 0.229708 451.186 0 0
1500 56.8578 15.0097 17.8351 0.0356775 0.251926 454.467 0 0
1500 92.4048 52.6563 17.8016 0.544389 0.798143 452.026 0 0
1500 102.782 -49.391 17.8265 0.717508 -0.716104 451.745 0 0
1500 95.0135 -7.98025 17.9807 0.598152 -0.108539 454.61 0 0
1500 115.135 10.1277 17.9869 0.953948 0.158821 449.199 0 0
1500 91.7817 -18.6513 18.2361 0.626035 -0.31171 449.689 0 0
1500 123.2 3.17942 17.8354 1.00234 0.0774084 452.29 0 0
1500 84.7927 29.6799 18.5063 0.477628 0.506178 451.064 0 0
1500 52.481 45.1084 17.9193 -0.0432736 0.692893 454.532 0 0
1500 14.7357 51.075 17.8311 -0.67466 0.801655 451.131 0 0
1500 -2.68394 -17.3376 17.8301 -0.94826 -0.20127 449.739 0 0
1500 0.680544 30.0232 17.8296 -0.890051 0.500018 450.347 0 0
1500 123.007 -3.61666 17.8041 1.00169 -0.071795 452.332 0 0
1500 117.314 -30.1803 17.8007 0.926114 -0.456188 451.869 0 0
1500 106.892 -32.5604 17.8337 0.73036 -0.545676 451.408 0 0
1500 2.5416 24.6753 17.7829 -0.880059 0.310476 449.411 0 0
1500 40.7258 -60.0313 17.795 -0.291767 -0.91347 452.873 0 0
1500 100.843 -4.29864 18.5464 0.79253 -0.0719707 451.59 0 0
1500 95.2259 9.52858 18.5482 0.713674 0.129695 451.315 0 0
1500 60.3644 -17.3735 18.4269 0.115507 -0.333254 450.055 0 0
1500 107.94 15.4296 17.8825 0.833223 0.24993 449.601 0 0
1500 117.013 3.32844 17.8966 0.911714 0.0641518 453.819 0 0
1500 97.0944 -8.14221 17.9139 0.619013 -0.0960636 455.125 0 0
1500 107.947 -29.7154 17.9326 0.781609 -0.446642 454.246 0 0
1500 124.568 2.05751 17.9194 1.03792 0.000633965 452.717 0 0
1500 114.835 -32.0154 17.9151 0.912311 -0.49742 451.618 0 0
1500 106.11 17.3283 17.9183 0.806553 0.230078 449.771 0 0
1500 96.77 -49.3266 17.9147 0.654502 -0.757711 450.965 0 0
1500 122.262 19.5154 17.8916 1.00437 0.257507 452.745 0 0
1500 75.0937 -56.2089 17.9055 0.329051 -0.879994 450.509 0 0
1500 81.9089 44.22 17.9498 0.371119 0.682214 455.398 0 0
1500 101.665 -45.9035 17.8732 0.71256 -0.72144 451.483 0 0
1500 18.4604 -3.4649 17.8779 -0.603995 -0.0834469 455.979 0 0
1500 44.6274 -6.02827 17.8887 -0.238543 -0.117967 456.632 0 0
1500 27.265 -60.6176 17.8453 -0.504591 -0.918493 452.72 0 0
1500 31.2783 23.4651 18.0283 -0.440513 0.394109 450.099 0 0
1500 97.0926 34.4844 17.8965 0.667294 0.499823 451.299 0 0
1500 124.797 -0.891458 17.8296 1.01859 -0.0583572 453.716 0 0
1500 63.8163 -66.9671 17.8299 0.141404 -1.00825 453.75 0 0
1500 123.358 14.5723 17.8309 0.995415 0.163657 453.889 0 0
1500 65.7033 -14.3075 18.1578 0.19188 -0.285962 450.318 0 0
1500 105.161 31.5514 17.9021 0.787117 0.492644 451.545 0 0
1500 33.0653 -48.8441 17.8234 -0.417178 -0.713925 455.581 0 0
1500 102.823 -47.1059 17.9081 0.683119 -0.736509 454.719 0 0
1500 71.8612 53.888 17.9712 0.273367 0.861441 452.284 0 0
1500 81.5516 8.08733 18.1972 0.459201 0.173337 451.69 0 0
1500 104.401 -3.45965 17.8511 0.780798 -0.0338316 451.338 0 0
1500 64.8332 -60.7149 17.801 0.100847 -0.935013 455.679 0 0
1500 93.3102 -44.9317 17.7876 0.53435 -0.74993 451.973 0 0
1500 86.5683 -59.6794 17.7933 0.415357 -0.931834 454.808 0 0
1500 23.0123 -13.8932 17.9595 -0.567695 -0.262286 451.384 0 0
1500 91.6945 3.92851 18.3284 0.63015 0.0988035 452.977 0 0
1500 110.287 22.1723 18.0258 0.875498 0.334423 453.31 0 0
1500 84.8351 -27.8524 17.8158 0.449357 -0.471444 452.886 0 0
1500 44.8497 -47.2892 17.8174 -0.143513 -0.744745 454.366 0 0
1500 42.4826 -46.0832 17.8162 -0.17898 -0.731009 454.005 0 0
1500 50.1896 63.9227 17.8065 -0.0956454 0.984501 455.738 0 0
1500 79.38 31.2932 17.8046 0.344193 0.552409 451.299 0 0
1500 92.8853 36.871 17.7998 0.544958 0.631054 451.988 0 0
1500 35.0775 53.9947 17.797 -0.326571 0.88161 452.628 0 0
1500 30.6402 56.3883 17.7961 -0.390365 0.911175 453.09 0 0
1500 70.0893 33.6268 17.8053 0.202381 0.588805 451.22 0 0
1500 26.3616 49.142 17.936 -0.50904 0.78212 453.35 0 0
1500 14.8964 31.4185 17.9378 -0.684244 0.521904 452.898 0 0
1500 98.809 13.1149 17.8458 0.647701 0.171912 456.951 0 0
1500 72.5753 36.7327 17.8059 0.243333 0.631807 451.882 0 0
1500 116.117 -25.1515 17.8605 0.92171 -0.47117 450.138 0 0
1500 47.2573 -68.1038 17.8041 -0.0960688 -1.03801 454.394 0 0
1500 94.7266 21.7124 17.8113 0.624592 0.292257 451.847 0 0
1500 118.75 -7.0164 17.8038 0.968398 -0.142791 453.39 0 0
1500 49.7696 -40.966 17.8119 -0.0615296 -0.664925 451.779 0 0
1500 121.307 18.7029 17.858 0.994549 0.36753 450.793 0 0
1500 14.3324 -47.6927 17.9419 -0.672672 -0.835587 449.433 0 0
1500 123.316 -10.9986 17.8996 1.016 -0.187072 456.008 0 0
1500 70.306 0.757139 17.9107 0.270605 -0.0191388 451.537 0 0
1500 102.965 -20.455 17.8988 0.757028 -0.338286 452.899 0 0
1500 109.908 16.7159 17.8972 0.857741 0.220661 453.198 0 0
1500 87.5942 18.0695 17.9052 0.532214 0.245149 452.059 0 0
1500 99.5536 -29.6115 18.0397 0.696422 -0.499718 453.762 0 0
1500 86.1351 60.2178 17.8185 0.458415 0.99845 451.789 0 0
1500 78.3083 -21.9408 18.3614 0.432173 -0.372666 454.025 0 0
1500 75.8842 -17.8231 18.2539 0.378026 -0.321414 453.461 0 0
1500 90.782 -27.8184 18.2475 0.595275 -0.466444 454.185 0 0
1500 33.5256 -15.8311 17.987 -0.380776 -0.31234 452.59 0 0
1500 85.5116 -36.1079 17.825 0.493825 -0.532768 452.632 0 0
1500 53.9434 67.4767 17.7912 -0.0167315 1.0355 456.023 0 0
1500 70.7636 60.4008 17.7876 0.234031 0.960055 454.067 0 0
1500 62.9648 1.49358 17.806 0.122169 0.0832904 451.529 0 0
1500 150.322 35.4669 17.8187 1.49586 0.505473 451.607 0 0
1500 75.3442 23.425 17.8971 0.25876 0.422488 454.537 0 0
1500 53.1912 5.06693 17.9006 -0.0718862 0.15105 453.719 0 0
1500 98.2034 -35.258 17.9222 0.723228 -0.562825 450.65 0 0
1500 -34.3975 55.1367 17.848 -1.4801 0.837849 453.255 0 0
1500 81.697 -65.9215 17.7999 0.352159 -1.02596 456.776 0 0
1500 69.4283 14.8276 18.2634 0.273186 0.28578 454.057 0 0
1500 27.9948 55.6831 17.9067 -0.455717 0.896051 455.264 0 0
1500 41.7123 43.3027 17.9141 -0.258227 0.729048 453.736 0 0
1500 79.5318 61.3201 17.9064 0.307059 0.97587 455.523 0 0
1500 74.4474 -14.673 18.2583 0.331306 -0.292731 454.064 0 0
1500 57.04 3.19371 18.1521 -0.0223997 -0.00976053 452.913 0 0
1500 100.251 53.8804 17.8762 0.763422 0.881233 449.838 0 0
1500 77.9584 -54.8034 17.9535 0.307567 -0.892624 455.128 0 0
1500 86.9154 52.5061 17.8493 0.503629 0.821194 454.904 0 0
1500 118.05 -11.8055 17.8488 0.968177 -0.142293 455.044 0 0
1500 66.7513 -16.2321 18.0509 0.136607 -0.320439 453.487 0 0
1500 129.762 85.9618 17.9029 1.20976 1.4112 451.165 0 0
1500 92.6237 55.9107 17.9359 0.576841 0.86893 456.429 0 0
1500 108.517 2.14947 17.8293 0.803195 -0.0356745 453.912 0 0
1500 106.713 -4.20704 18.1398 0.825776 -0.013567 455.246 0 0
1500 85.4857 8.04494 17.988 0.417076 0.1959 453.608 0 0
1500 91.4602 35.8357 17.9786 0.501535 0.613336 454.54 0 0
1500 93.414 23.8444 17.982 0.534156 0.434534 454.159 0 0
1500 45.1396 65.539 17.7898 -0.248233 1.01656 456.205 0 0
1500 121.901 -17.4415 17.8112 1.03231 -0.298138 454.533 0 0
1500 45.4772 25.4463 17.9235 -0.223337 0.455169 453.481 0 0
1500 84.7801 34.5558 17.9181 0.377966 0.590642 453.985 0 0
1500 74.4867 39.0361 17.8551 0.279959 0.669438 453.877 0 0
1500 74.9683 4.17605 17.8649 0.291227 0.138145 453.001 0 0
1500 27.4697 -10.2362 18.0027 -0.484243 -0.221816 453.912 0 0
1500 117.147 -23.0389 17.8736 0.934448 -0.442592 451.886 0 0
1500 77.8888 80.5591 18.0667 0.408865 1.37007 449.733 0 0
1500 35.2537 -4.37269 17.9285 -0.41096 -0.0943256 453.579 0 0
1500 85.3751 12.5283 17.8444 0.498281 0.17276 453.517 0 0
1500 117.267 6.99881 17.8296 0.963571 0.0848952 455.364 0 0
1500 111.738 -6.14545 17.8324 0.887553 -0.113473 454.836 0 0
1500 121.105 20.0455 17.8275 1.00475 0.276365 456.456 0 0
1500 111.157 27.9338 17.9585 0.86679 0.517279 452.276 0 0
1500 97.246 50.1977 17.8443 0.649176 0.787019 456.058 0 0
1500 29.021 -7.88328 17.8936 -0.508923 -0.153518 453.735 0 0
1500 22.3873 -37.7659 17.8833 -0.601196 -0.603935 454.807 0 0
1500 61.6865 -21.2337 18.4176 0.123231 -0.393023 455.596 0 0
1500 82.5317 -33.4934 17.8854 0.39757 -0.588367 454.253 0 0
1500 19.1774 -123.348 17.7927 -0.531599 -1.88382 456.558 0 0
1500 116.856 4.56247 17.9882 0.950083 0.123077 456.083 0 0
1500 56.4114 6.86662 18.3698 -0.0160614 0.0621902 455.28 0 0
1500 3.18255 31.2229 17.8602 -0.850238 0.53131 456.185 0 0
1500 18.0885 4.41168 17.8731 -0.645779 0.134732 454.306 0 0
1500 95.059 1.2992 17.9686 0.662046 -0.0113077 453.799 0 0
1500 89.4976 -43.635 17.8764 0.582785 -0.685879 451.918 0 0
1500 89.1543 -38.7998 17.8608 0.503623 -0.662643 455.087 0 0
1500 101.017 -1.5547 17.8497 0.703762 -0.0922071 454.105 0 0
1500 127.468 -10.1985 18.0114 1.14087 -0.2255 453.958 0 0
1500 26.0261 -47.9761 17.9061 -0.532031 -0.76643 456.047 0 0
1500 -7.54577 121.517 18.0606 -1.08196 2.11717 449.446 0 0
1500 53.3353 7.96556 18.0775 -0.0937079 0.0670522 454.667 0 0
1500 53.0888 40.9571 18.15 -0.0788936 0.743547 451.297 0 0
1500 28.838 -37.4265 17.8424 -0.522156 -0.563503 455.197 0 0
1500 44.3902 31.7756 17.8489 -0.286202 0.50238 454.61 0 0
1500 96.1685 -3.11486 17.9118 0.611029 0.0278454 454.953 0 0
1500 -2.95604 -35.8166 18.0676 -1.05196 -0.612133 451.458 0 0
1500 64.5377 -46.844 18.0232 0.1754 -0.76731 456.253 0 0
1500 113.621 151.322 17.8448 0.957403 2.43747 453.255 0 0
1500 60.9255 26.165 18.1228 0.0219124 0.447845 455.88 0 0
1500 94.7004 -5.25695 17.8468 0.563827 -0.157895 455.692 0 0
1500 52.1199 32.9112 17.9502 -0.186925 0.577586 449.757 0 0
1500 63.9458 -14.0142 17.8313 0.141432 -0.278641 454.724 0 0
1500 93.6043 -3.473 18.1318 0.600272 -0.127035 456.587 0 0
1500 47.3495 30.7482 18.4603 -0.170809 0.573278 451.027 0 0
1500 22.1881 -8.4915 17.8528 -0.599188 -0.187821 456.281 0 0
1500 80.0317 51.6426 18.0365 0.384671 0.972303 449.512 0 0
1500 73.4747 -7.03522 18.1678 0.342346 -0.180313 450.941 0 0
1500 151.526 -13.9524 17.9037 1.55856 -0.253438 454.639 0 0
1500 97.1123 -35.0491 17.8933 0.572122 -0.606147 456.624 0 0
1500 1.54206 59.0982 17.8684 -0.910698 1.04204 453.02 0 0
1500 90.0336 34.853 17.8883 0.574061 0.520908 456.754 0 0
1500 102.001 -12.2045 17.888 0.757344 -0.201272 456.788 0 0
1500 50.6767 24.0331 17.9756 -0.051408 0.440557 455.378 0 0
1500 -3.65854 -104.184 17.9685 -0.98199 -1.80132 452.608 0 0
1500 50.7883 -15.4165 18.0067 -0.160984 -0.206514 456.713 0 0
1500 -1.47681 -50.6608 17.8293 -0.993103 -0.844819 456.312 0 0
1500 74.868 -33.7749 17.9442 0.231941 -0.61985 454.3 0 0
1500 60.9276 12.4767 17.9562 0.0122512 0.266059 455.99 0 0
1500 -6.20783 -102.503 17.8659 -1.02197 -1.72663 455.963 0 0
1500 49.2614 -14.1088 18.6522 -0.140408 -0.302991 451.401 0 0
1500 63.2481 -46.167 18.043 0.0220165 -0.767296 455.25 0 0
1500 148.07 10.1496 18.2774 1.62604 0.164391 454.163 0 0
1500 88.3733 -36.9414 18.2468 0.569365 -0.694509 454.486 0 0
1500 33.4425 21.8013 18.1505 -0.390589 0.439201 456.2 0 0
1500 54.1534 2.92361 18.0093 -0.0778358 -0.0357334 453.408 0 0
1500 68.2961 16.1743 18.5991 0.214292 0.358419 454.963 0 0
1500 73.3037 1.87333 18.565 0.226648 0.0572137 452.111 0 0
1500 109.106 15.2099 18.198 0.990825 0.23326 456.299 0 0
1500 22.8275 -58.6465 17.8307 -0.593455 -0.858737 457.491 0 0
1500 31.7826 62.8746 17.8324 -0.453593 0.927008 458.56 0 0
1500 84.6034 20.3701 17.8429 0.42697 0.246834 458.468 0 0
1500 59.6714 35.6944 17.9377 0.0828761 0.544552 460.039 0 0
1500 57.0219 -44.2679 18.1269 0.0421539 -0.744466 456.997 0 0
1500 76.11 -8.30513 18.68 0.377237 -0.164854 458.797 0 0
1500 54.1836 3.5997 17.968 -0.0100209 0.111188 457.505 0 0
1500 62.5604 11.1338 17.9899 0.123199 0.204519 457.688 0 0
1500 71.1465 -11.8609 18.1965 0.281414 -0.189017 458.857 0 0
1500 56.285 13.0201 18.4249 0.0281793 0.238818 459.895 0 0
1500 64.7431 17.1406 17.8407 0.108699 0.303378 458.334 0 0
1500 90.4828 32.8986 17.8263 0.469882 0.527478 457.434 0 0
1500 37.8574 13.2704 17.8397 -0.262673 0.250145 458.277 0 0
1500 106.212 -16.1696 17.9191 0.748226 -0.254128 458.02 0 0
1500 118.834 -9.63445 17.8549 0.927097 -0.0986577 457.237 0 0
1500 71.6286 -0.373557 18.5065 0.282978 0.0577556 461.818 0 0
1500 97.0125 19.7161 17.8461 0.613373 0.292131 458.604 0 0
1500 103.585 16.5828 17.8425 0.707888 0.249255 458.338 0 0
1500 120.695 -16.7218 17.799 0.937803 -0.183717 457.071 0 0
1500 34.4203 22.5695 17.9401 -0.336837 0.378632 459.997 0 0
1500 105.378 31.7915 17.9212 0.730574 0.499494 458.724 0 0
1500 90.439 54.0848 17.8566 0.53145 0.806918 458.041 0 0
1500 121.254 -23.8976 17.8245 0.952461 -0.413018 456.996 0 0
1500 51.8227 53.809 17.8075 -0.143774 0.810453 458.97 0 0
1500 66.2594 53.1807 17.8619 0.142545 0.819177 459.192 0 0
1500 74.1738 9.73676 17.8633 0.292243 0.116488 460.815 0 0
1500 122.068 -17.6085 17.8285 1.00945 -0.277566 457.095 0 0
1500 9.23789 44.4217 17.8624 -0.737033 0.70656 458.255 0 0
1500 6.24552 42.252 17.8611 -0.783951 0.678225 457.94 0 0
1500 92.2578 12.7963 18.4433 0.654526 0.228651 457.132 0 0
1500 7.68743 -30.1231 17.8412 -0.788768 -0.420674 459.973 0 0
1500 -7.92584 5.50944 17.8318 -1.03554 0.0905975 458.375 0 0
1500 25.5973 8.53164 17.8568 -0.522421 0.129144 461.367 0 0
1500 88.9696 -58.153 17.8045 0.504843 -0.918109 458.29 0 0
1500 7.80212 23.7316 17.8079 -0.735343 0.409222 460.878 0 0
1500 55.6257 40.9211 17.8161 -0.0511869 0.647702 461.659 0 0
1500 32.9191 55.576 17.799 -0.397082 0.912085 457.221 0 0
1500 43.8955 29.2264 17.8202 -0.215989 0.480119 461.993 0 0
1500 67.2553 -3.29891 18.6023 0.279267 -0.0649973 465.347 0 0
1500 79.2273 -59.502 17.8597 0.343287 -0.961356 457.811 0 0
1500 53.5354 -17.2027 18.141 -0.00970361 -0.303699 463.649 0 0
1500 112.351 -20.2732 18.0533 0.914126 -0.319691 458.001 0 0
1500 74.3969 -23.9981 18.0849 0.312399 -0.373706 463.174 0 0
1500 0.748386 3.67946 17.841 -0.90498 -0.000790685 457.981 0 0
1500 39.3255 8.59615 17.8614 -0.307565 0.068437 462.27 0 0
1500 78.0255 24.0361 18.559 0.375095 0.430487 458.589 0 0
1500 86.34 -39.613 17.8896 0.477287 -0.573877 462.225 0 0
1500 66.4058 28.2152 17.9806 0.193096 0.429706 463.34 0 0
1500 81.3986 23.8016 17.9784 0.40306 0.369031 463.173 0 0
1500 103.38 15.5666 17.9679 0.774038 0.276766 457.275 0 0
1500 94.8953 44.6304 17.9614 0.637068 0.710753 458.073 0 0
1500 92.9236 -10.4471 17.9775 0.564685 -0.109679 463.101 0 0
1500 95.1866 20.3046 17.9739 0.598951 0.321891 462.789 0 0
1500 26.6813 20.6487 17.9455 -0.469073 0.346297 462.873 0 0
1500 121.938 13.0687 17.905 1.02566 0.212835 459.852 0 0
1500 90.0635 -2.75408 18.0507 0.53562 -0.0441798 464.695 0 0
1500 83.3591 -34.3639 18.2233 0.415509 -0.596666 457.929 0 0
1500 6.01958 -29.0042 17.8852 -0.809787 -0.506764 458.587 0 0
1500 97.8105 22.982 18.274 0.723448 0.37406 459.209 0 0
1500 85.2937 39.4581 17.8557 0.406073 0.606739 464.949 0 0
1500 48.0555 -0.899565 18.0099 -0.16986 -0.0588561 464.772 0 0
1500 119.679 0.200051 18.0066 0.979512 0.00697602 462.498 0 0
1500 72.1728 63.9453 17.9274 0.232779 1.00166 461.629 0 0
1500 75.4581 61.93 17.8757 0.301428 0.957947 461.919 0 0
1500 87.7646 17.8648 17.8933 0.511884 0.33973 457.626 0 0
1500 105.672 10.4998 17.8854 0.780801 0.223423 458.303 0 0
1500 77.6599 37.4026 17.889 0.353603 0.638585 457.977 0 0
1500 94.2225 50.6629 17.8773 0.571026 0.790762 462.242 0 0
1500 -34.3133 -17.0083 17.7991 -1.43606 -0.20137 460.003 0 0
1500 96.2239 -25.8815 17.9149 0.562493 -0.410061 466.47 0 0
1500 80.7753 10.4834 18.4776 0.413629 0.234867 458.354 0 0
1500 63.5 3.49882 17.976 0.156284 0.110767 457.411 0 0
1500 75.1134 35.438 17.9661 0.303678 0.547704 464.469 0 0
1500 63.3156 14.952 18.1295 0.163474 0.24615 465.831 0 0
1500 95.7637 -47.512 17.8754 0.614666 -0.778143 459.819 0 0
1500 108.531 -35.6593 17.8769 0.773442 -0.575155 462.677 0 0
1500 111.951 -15.3992 17.8822 0.814269 -0.280073 463.401 0 0
1500 54.9398 -51.9003 17.8824 0.000675954 -0.856708 458.844 0 0
1500 65.9511 -22.6228 18.3858 0.127476 -0.358041 466.774 0 0
1500 61.5827 -61.5039 17.9175 0.0731451 -0.955483 462.94 0 0
1500 101.3 17.4198 18.0191 0.758971 0.268097 459.575 0 0
1500 76.1181 -25.5456 18.2014 0.393629 -0.420243 459.548 0 0
1500 125.849 40.2668 17.8905 1.09368 0.587512 460.995 0 0
1500 106.067 -0.874006 18.2109 0.842963 0.00875058 460.622 0 0
1500 93.3133 -41.1759 17.8253 0.568435 -0.698041 459.5 0 0
1500 33.0518 9.80051 17.8708 -0.401733 0.179908 465.48 0 0
1500 80.0522 0.787278 17.9324 0.365201 0.0892715 458.33 0 0
1500 32.9021 16.9032 17.9294 -0.367104 0.338894 458.534 0 0
1500 104.719 47.535 17.906 0.704882 0.768467 462.347 0 0
1500 72.5892 16.6476 17.8575 0.300865 0.239454 459.587 0 0
1500 71.1342 -35.4098 18.0569 0.168102 -0.587436 459.369 0 0
1500 58.3207 15.4337 18.0662 -0.0285947 0.193844 458.73 0 0
1500 69.9862 -8.61081 18.0779 0.251886 -0.0953488 467.796 0 0
1500 76.062 -32.3186 17.8767 0.28921 -0.517979 465.282 0 0
1500 42.1451 25.6474 18.1872 -0.272262 0.385998 459.68 0 0
1500 97.8464 4.53734 17.9241 0.696074 0.0634265 459.827 0 0
1500 108.582 4.84832 17.9174 0.849113 0.0673182 460.658 0 0
1500 105.149 -0.374836 17.8542 0.749926 0.0681294 459.478 0 0
1500 51.6765 -48.3098 17.9522 -0.0456516 -0.804974 460.08 0 0
1500 61.1182 -11.3982 17.9683 0.100337 -0.246357 458.836 0 0
1500 113.68 -18.2478 17.945 0.888995 -0.341765 460.932 0 0
1500 100.908 29.6305 17.8841 0.753615 0.428286 456.97 0 0
1500 46.3164 63.5841 17.8125 -0.154442 0.997446 463.26 0 0
1500 78.076 34.5531 17.8299 0.299015 0.556772 465.424 0 0
1500 60.2793 -52.8223 17.8636 0.0855741 -0.80269 464.971 0 0
1500 114.669 2.75168 17.8583 0.918052 -0.0126162 460.497 0 0
1500 104.719 -38.5307 17.8568 0.72685 -0.606692 464.115 0 0
1500 17.3425 -45.5799 17.8178 -0.584384 -0.759154 460.701 0 0
1500 80.1782 -59.6381 17.8139 0.364006 -0.960585 461.508 0 0
1500 76.6502 23.8395 17.9585 0.380456 0.358023 459.445 0 0
1500 137.941 -31.913 17.838 1.34294 -0.507902 457.93 0 0
1500 149.251 102.767 17.7994 1.32759 1.58103 463.077 0 0
1500 67.0993 -37.2378 18.034 0.189992 -0.642578 460.292 0 0
1500 98.2143 75.5617 17.7955 0.655952 1.09166 463.45 0 0
1500 68.2874 13.5759 17.8742 0.208647 0.227311 466.188 0 0
1500 81.6345 -1.88777 18.5289 0.51249 -0.0331118 463.228 0 0
1500 -1.10695 -23.7256 17.8253 -0.931196 -0.348313 463.998 0 0
1500 -0.400731 23.6634 17.8261 -0.918806 0.339216 464.158 0 0
1500 97.4805 14.7075 18.1038 0.673387 0.289561 460.983 0 0
1500 61.9263 -32.2706 18.1795 0.0274699 -0.554108 457.139 0 0
1500 19.0091 -20.5184 17.8728 -0.659354 -0.27142 460.104 0 0
1500 73.5824 18.0062 18.0273 0.215404 0.337404 460.002 0 0
1500 118.417 -24.7875 17.8817 0.973921 -0.333716 462.413 0 0
1500 77.1968 -27.9369 17.9648 0.307337 -0.451353 467.45 0 0
1500 96.2611 45.0619 18.0824 0.642397 0.735187 462.53 0 0
1500 83.9569 18.2652 18.0993 0.471633 0.345117 460.742 0 0
1500 -6.10557 12.2369 17.7976 -0.989475 0.255145 462.054 0 0
1500 85.6027 0.595291 17.9102 0.455668 0.0409487 467.025 0 0
1500 96.5966 -8.59973 17.9053 0.612777 -0.0881561 466.638 0 0
1500 71.8102 83.9979 17.8835 0.237413 1.30131 463.668 0 0
1500 116.454 27.9537 17.8049 0.898747 0.357835 464.759 0 0
1500 58.4902 2.48861 17.831 0.0571014 -0.0106132 467.295 0 0
1500 42.5275 -19.7515 17.8224 -0.219677 -0.382526 459.837 0 0
1500 57.4159 25.1517 18.051 0.0450941 0.460139 460.75 0 0
1500 76.0262 12.4398 17.9544 0.263602 0.264582 460.407 0 0
1500 60.1402 13.1343 17.9562 0.0168125 0.27586 460.293 0 0
1500 35.6711 45.7492 17.9384 -0.356182 0.766594 461.709 0 0
1500 112.242 -37.1726 17.799 0.839909 -0.601278 464.211 0 0
1500 107.643 0.893122 17.916 0.786817 0.00760666 466.433 0 0
1500 111.1 27.8253 17.9088 0.847725 0.395953 465.457 0 0
1500 106.702 -38.6115 17.9055 0.80963 -0.579885 463.289 0 0
1500 107.132 42.1936 17.8051 0.778174 0.687951 463.133 0 0
1500 97.287 43.7718 17.8092 0.640704 0.722253 462.137 0 0
1500 55.1413 10.0996 17.8343 0.00177248 0.195461 467.686 0 0
1500 69.1374 41.3661 17.8347 0.195469 0.714851 460.749 0 0
1500 11.223 -55.4901 17.8889 -0.820501 -0.889318 459.212 0 0
1500 70.8652 59.2814 17.89 0.239253 0.997225 460.433 0 0
1500 158.622 11.3229 17.8605 1.64149 0.146382 460.658 0 0
1500 120.814 2.68841 18.2927 1.1601 0.0256998 457.451 0 0
1500 90.1061 59.7076 17.9287 0.512253 0.930347 465.518 0 0
1500 112.147 38.038 17.8334 0.877391 0.53382 463.66 0 0
1500 63.993 -45.6542 17.8469 0.161347 -0.739696 461.759 0 0
1500 73.0741 7.84722 18.0165 0.333357 0.128798 461.592 0 0
1500 34.5222 40.8467 17.9144 -0.328854 0.64731 467.971 0 0
1500 81.7168 -52.0755 17.9078 0.439669 -0.816844 463.361 0 0
1500 39.2798 -50.1736 17.9143 -0.321262 -0.914728 457.834 0 0
1500 99.7656 32.9035 17.8871 0.671265 0.462074 467.949 0 0
1500 74.047 -16.2916 17.9876 0.335453 -0.228978 464.327 0 0
1500 90.6524 5.31732 17.9829 0.571237 0.0931052 465.89 0 0
1500 77.9344 -13.1776 17.987 0.393164 -0.181959 464.433 0 0
1500 54.4203 -34.5972 17.8705 -0.127593 -0.554971 462.121 0 0
1500 29.4231 46.3427 17.859 -0.507692 0.690655 463.127 0 0
1500 70.5515 8.9291 17.9507 0.181524 0.193513 469.621 0 0
1500 60.5609 42.775 18.2608 0.0593437 0.783855 458.331 0 0
1500 70.7816 -57.7518 18.0554 0.247345 -1.02819 458.8 0 0
1500 152.832 51.9902 17.7975 1.38183 0.833134 466.562 0 0
1500 136.686 39.7936 18.0935 1.37755 0.66862 459.986 0 0
1500 91.2292 -71.6906 18.0732 0.617422 -1.21351 460.453 0 0
1500 105.542 5.71213 17.899 0.79903 0.0431781 463.876 0 0
1500 100.786 -42.365 18.1615 0.757609 -0.79761 458.01 0 0
1500 36.8906 -4.23018 17.9806 -0.421146 -0.0202766 458.272 0 0
1500 86.3194 57.2123 17.9874 0.495244 1.03469 458.971 0 0
1500 107.86 -6.85273 18.2914 0.884054 -0.176183 462.552 0 0
1500 71.9813 43.5696 17.8565 0.26434 0.645541 469.964 0 0
1500 100.313 43.6024 17.8428 0.708824 0.688344 465.617 0 0
1500 48.711 -47.9414 17.8064 -0.120631 -0.809495 464.39 0 0
1500 76.0558 -24.1286 17.8185 0.274353 -0.40563 470.433 0 0
1500 49.1091 31.1363 17.8293 -0.215871 0.463547 463.617 0 0
1500 117.002 -9.20058 17.8472 0.948282 -0.0842479 465.516 0 0
1500 63.5355 6.66516 18.0469 0.129812 0.181715 462.992 0 0
1500 86.1515 46.1598 17.8123 0.503109 0.723472 464.855 0 0
1500 98.7932 -27.771 17.8605 0.704199 -0.411878 464.85 0 0
1500 40.9608 -13.3554 17.9552 -0.297984 -0.15282 466.013 0 0
1500 105.323 22.4155 18.1088 0.796007 0.453399 460.172 0 0
1500 61.842 117.853 17.8884 0.104384 1.90441 463.947 0 0
1500 84.528 -25.4977 18.3362 0.436406 -0.418162 472.609 0 0
1500 64.4006 12.3895 17.979 0.0603861 0.24592 464.614 0 0
1500 104.236 38.5672 17.8292 0.737222 0.561969 469.769 0 0
1500 104.281 12.1349 17.8358 0.779929 0.244269 464.321 0 0
1500 57.1645 -45.4406 17.9867 -0.0407452 -0.858798 459.121 0 0
1500 85.4911 21.1281 18.4751 0.558422 0.355843 467.634 0 0
1500 15.1947 22.4417 17.8933 -0.661945 0.374505 469.902 0 0
1500 89.0732 57.9724 17.9412 0.45761 0.931167 468.246 0 0
1500 59.732 2.064 17.9708 0.0238174 0.107613 464.974 0 0
1500 65.3233 7.38658 17.9698 0.110818 0.19035 465.037 0 0
1500 101.058 32.6445 17.8452 0.713891 0.54911 466.473 0 0
1500 7.18974 37.0991 17.8017 -0.738346 0.629323 466.856 0 0
1500 112.813 4.32579 17.8063 0.870535 0.133984 466.224 0 0
1500 34.6778 -8.44189 18.0004 -0.467321 -0.198259 459.352 0 0
1500 64.5548 103.475 17.8101 0.153767 1.58664 468.279 0 0
1500 118.937 21.3798 17.994 0.979127 0.359951 469.114 0 0
1500 113.101 29.7924 17.9951 0.899373 0.487365 468.64 0 0
1500 118.555 -3.88911 17.9971 0.987085 -0.0127248 468.179 0 0
1500 92.5035 29.3324 18.0071 0.6092 0.493165 466.915 0 0
1500 99.8952 17.5827 18.1136 0.717196 0.386411 459.63 0 0
1500 106.883 29.9135 17.9627 0.749494 0.487424 471.674 0 0
1500 52.4548 34.0053 17.9807 -0.0302052 0.537828 473.092 0 0
1500 65.9263 0.0826673 18.4262 0.167341 0.0703478 467.656 0 0
1500 100.387 116.064 17.8005 0.646202 1.79096 469.074 0 0
1500 76.5118 -20.879 17.8972 0.343937 -0.38284 466.181 0 0
1500 65.681 -63.8029 17.8766 0.165924 -0.987512 470.136 0 0
1500 78.5683 -49.4401 17.8826 0.367906 -0.808098 467.567 0 0
1500 75.9067 -26.0938 17.8971 0.303284 -0.420309 472.836 0 0
1500 45.7696 -18.5269 18.1 -0.179509 -0.357835 466.618 0 0
1500 87.6232 -22.9493 18.0936 0.461557 -0.422917 467.079 0 0
1500 70.3007 5.2733 17.9204 0.177319 0.156538 465.972 0 0
1500 103.803 43.9716 17.8943 0.6737 0.731727 468.49 0 0
1500 94.1827 52.13 17.8938 0.528424 0.852926 468.592 0 0
1500 58.2138 54.3152 17.8995 -0.0110154 0.89754 467.712 0 0
1500 69.926 61.1086 17.894 0.16479 0.987875 468.57 0 0
1500 75.091 28.1807 17.9934 0.262119 0.508231 466.893 0 0
1500 81.9453 21.5857 18.1224 0.488072 0.330559 465.958 0 0
1500 -5.95174 -27.299 17.857 -1.01278 -0.462187 468.618 0 0
1500 66.7747 -39.8427 18.2449 0.112142 -0.679189 463.623 0 0
1500 85.5181 -4.35684 17.8794 0.489246 -0.120759 466.473 0 0
1500 92.3203 -31.1967 17.869 0.587337 -0.531178 467.314 0 0
1500 81.8523 -7.22399 17.8816 0.389038 -0.148817 473.614 0 0
1500 87.303 -11.9264 18.0694 0.493656 -0.273274 464.132 0 0
1500 84.3095 -67.0797 17.9321 0.397162 -1.06288 470.176 0 0
1500 64.4254 -47.8317 18.0691 0.0851904 -0.78774 468.294 0 0
1500 91.5116 48.8941 18.0253 0.575154 0.824707 467.286 0 0
1500 76.1451 11.7998 17.8467 0.357398 0.156571 466.111 0 0
1500 85.2918 -15.017 17.8574 0.47622 -0.174031 467.029 0 0
1500 124.529 4.69323 17.835 1.02096 0.124753 471.191 0 0
1500 82.3996 5.50344 18.3901 0.50611 0.122445 469.228 0 0
1500 106.926 36.9201 17.9607 0.795862 0.609517 469.921 0 0
1500 42.4719 64.096 17.8802 -0.250163 1.0154 470.717 0 0
1500 85.4732 39.3475 17.8308 0.49289 0.575147 467.938 0 0
1500 101.346 -10.0338 18.1996 0.710368 -0.170507 475.002 0 0
1500 86.5232 49.9113 17.8658 0.426539 0.831927 469.139 0 0
1500 39.2581 46.9705 17.8702 -0.292579 0.793742 468.607 0 0
1500 41.6491 45.4869 17.8744 -0.237417 0.715017 473.734 0 0
1500 38.3851 61.35 17.8604 -0.298475 0.988891 470.24 0 0
1500 74.7519 20.9571 17.8839 0.254491 0.403077 467.466 0 0
1500 64.4902 62.2515 17.8636 0.0880798 0.971225 472.387 0 0
1500 109.98 43.413 17.8596 0.763885 0.716167 470.725 0 0
1500 66.4914 8.99908 17.8885 0.126553 0.218038 467.165 0 0
1500 109.635 16.6763 18.3021 0.899714 0.25643 470.911 0 0
1500 107.105 -9.2567 18.305 0.867103 -0.127894 470.535 0 0
1500 80.4846 8.22424 18.3192 0.480137 0.134666 469.273 0 0
1500 109.97 9.77377 17.9008 0.809322 0.173997 474.08 0 0
1500 89.5323 25.8507 18.2386 0.557037 0.460335 470.196 0 0
1500 101.241 -22.098 18.1154 0.739874 -0.389953 470.365 0 0
1500 74.0639 20.8143 18.0122 0.311009 0.314938 475.72 0 0
1500 122.289 13.6347 17.8908 1.00256 0.266579 471.466 0 0
1500 54.7953 3.81585 17.8478 -0.0691656 0.118963 475.901 0 0
1500 51.9259 65.0275 17.8188 -0.114409 1.01985 472.661 0 0
1500 98.0248 53.6802 17.8192 0.558833 0.852399 472.781 0 0
1500 84.8909 31.1835 18.1101 0.426548 0.501721 476.372 0 0
1500 75.7783 -12.7096 17.8819 0.308128 -0.264348 470.28 0 0
1500 85.5118 7.44341 18.292 0.461959 0.163963 477.741 0 0
1500 80.4577 25.5427 17.8183 0.413114 0.425178 469.907 0 0
1500 81.5998 -2.36812 18.144 0.35987 0.0222456 460.703 0 0
1500 47.5572 -7.9703 17.8638 -0.201738 -0.151287 476.641 0 0
1500 54.5417 -9.48871 17.8645 -0.104113 -0.172388 476.686 0 0
1500 117.143 -20.0651 18.0093 1.00115 -0.408747 466.078 0 0
1500 80.0434 -6.34371 18.0247 0.387525 -0.123442 477.109 0 0
1500 22.9285 32.0247 17.9303 -0.550847 0.485224 475.473 0 0
1500 31.9009 50.8867 17.9222 -0.446071 0.793839 471.884 0 0
1500 91.8994 -57.1236 17.826 0.566656 -0.844533 473.722 0 0
1500 94.5635 25.7632 18.1008 0.693739 0.406622 467.733 0 0
1500 101.146 -13.3247 18.161 0.761761 -0.23551 471.539 0 0
1500 96.6624 11.3966 18.0264 0.730801 0.142613 463.798 0 0
1500 40.711 2.20619 17.9189 -0.334236 0.0106075 469.549 0 0
1500 118.276 14.6066 17.9056 0.980291 0.182756 472.064 0 0
1500 118.577 -6.69938 17.8245 0.933219 -0.176108 471.481 0 0
1500 57.3799 -63.793 17.8218 0.0044144 -0.998816 474.361 0 0
1500 41.467 6.73431 18.0371 -0.270708 0.170261 470.197 0 0
1500 81.1406 48.8744 18.0189 0.335567 0.803808 471.702 0 0
1500 136.521 11.8887 17.8839 1.25726 0.150328 472.408 0 0
1500 92.7592 -42.3414 17.8012 0.509187 -0.676109 475.739 0 0
1500 107.484 -33.3586 18.1142 0.912079 -0.614288 465.64 0 0
1500 252.274 44.6129 17.8931 3.22362 0.669443 467.288 0 0
1500 86.7782 -40.4057 17.9882 0.443783 -0.638113 476.918 0 0
1500 67.7506 -24.4876 18.2886 0.146124 -0.390088 479.112 0 0
1500 79.2327 10.1226 17.9863 0.435718 0.151338 468.091 0 0
1500 99.3982 -4.46312 17.9971 0.656005 -0.104557 477.81 0 0
1500 12.3827 -44.4632 17.9364 -0.728909 -0.704212 473.539 0 0
1500 40.6238 22.6341 17.9154 -0.273352 0.367856 479.135 0 0
1500 109.155 13.0648 18.1537 0.833675 0.242548 475.568 0 0
1500 70.6401 -22.4651 18.0237 0.144408 -0.366299 471.313 0 0
1500 -23.7601 -64.3522 17.8287 -1.32141 -1.01304 472.103 0 0
1500 -20.9042 17.6305 18.0466 -1.39803 0.305358 466.257 0 0
1500 104.013 -14.7461 18.2541 0.814553 -0.24533 473.738 0 0
1500 120.223 -35.7566 17.9207 1.06319 -0.530643 470.147 0 0
1500 54.0612 51.4491 18.0406 -0.0159127 0.852427 473.205 0 0
1500 62.496 19.0216 18.1641 0.0430001 0.299893 479.97 0 0
1500 107.01 -47.879 17.9894 0.824633 -0.778329 473.073 0 0
1500 85.2319 14.9426 18.2461 0.494574 0.201835 479.933 0 0
1500 106.04 37.7663 18.0692 0.782379 0.627858 474.7 0 0
1500 99.8374 -17.9659 17.8186 0.645518 -0.210723 478.241 0 0
1500 103.372 -11.4558 17.8176 0.696535 -0.118661 478.145 0 0
1500 72.5221 -47.4693 17.8428 0.25866 -0.723537 478.16 0 0
1500 92.503 9.14664 17.851 0.537098 0.0803208 478.887 0 0
1500 65.3267 -9.39355 17.8577 0.153712 -0.17924 479.385 0 0
1500 30.2404 -22.2175 18.0777 -0.461431 -0.375677 473.188 0 0
1500 44.5601 -40.9245 18.0739 -0.24092 -0.659192 473.493 0 0
1500 21.3637 27.1784 18.2168 -0.643499 0.501297 467.924 0 0
1500 117.79 -20.5375 17.8385 0.970659 -0.284241 474.567 0 0
1500 97.291 -62.7457 17.9614 0.705755 -1.0027 471.846 0 0
1500 91.9242 -82.2211 18.0265 0.641392 -1.37585 469.55 0 0
1500 50.7042 -34.0356 18.1515 -0.129894 -0.565327 473.792 0 0
1500 89.3776 -63.1257 18.0689 0.569401 -1.12179 468.647 0 0
1500 121.997 3.44901 17.9136 1.00083 0.0152321 477.414 0 0
1500 81.029 -25.0352 17.9331 0.394977 -0.384317 479.688 0 0
1500 110.702 7.74423 17.9198 0.879356 0.0812683 474.114 0 0
1500 68.1751 53.543 17.8688 0.0888511 0.872063 472.006 0 0
1500 88.7565 20.4545 17.8535 0.422655 0.357281 479.555 0 0
1500 40.2234 17.9116 17.8573 -0.259163 0.320177 479.849 0 0
1500 76.721 30.8315 17.8532 0.253401 0.503472 479.53 0 0
1500 80.2118 -39.3899 17.9021 0.388651 -0.670049 473.725 0 0
1500 84.3448 -56.8757 17.89 0.440884 -0.915079 475.375 0 0
1500 74.2771 -62.3247 17.889 0.288953 -0.99202 475.683 0 0
1500 87.756 -51.0999 17.8925 0.49566 -0.834995 474.87 0 0
1500 18.9906 52.6278 17.7991 -0.599377 0.856179 475.742 0 0
1500 66.023 21.6879 17.8256 0.0949146 0.37284 479.848 0 0
1500 31.6633 49.4608 17.8056 -0.420211 0.827691 474.228 0 0
1500 49.5155 -67.4295 17.933 -0.109732 -1.14598 471.687 0 0
1500 123.177 21.5268 17.8219 1.0521 0.272705 473.489 0 0
1500 85.6334 28.1369 17.9782 0.420982 0.505932 473.849 0 0
1500 22.9841 49.1038 17.9642 -0.529494 0.80938 475.357 0 0
1500 89.1222 -43.8926 17.8095 0.436591 -0.739721 474.026 0 0
1500 94.3384 27.159 17.9128 0.573659 0.428199 480.075 0 0
1500 62.7813 65.0438 17.8231 0.0185307 0.997645 477.915 0 0
1500 7.30936 -11.7727 17.9817 -0.810847 -0.224897 475.087 0 0
1500 69.0103 31.1242 17.8158 0.220155 0.451702 480.4 0 0
1500 99.4244 -40.208 17.799 0.70205 -0.598227 474.959 0 0
1500 102.91 44.8132 17.796 0.719029 0.664437 478.257 0 0
1500 82.7771 -18.1595 18.0717 0.451284 -0.343936 474.574 0 0
1500 -3.42877 -60.006 17.8806 -0.978149 -1.04854 471.33 0 0
1500 66.238 19.3722 18.0725 0.164377 0.333453 481.682 0 0
1500 111.207 76.4274 18.0198 0.883051 1.26191 473.663 0 0
1500 12.6454 -64.3668 17.8113 -0.700035 -1.00942 477.734 0 0
1500 15.9279 21.4067 17.8874 -0.714574 0.336244 474.935 0 0
1500 20.5806 5.39924 17.9677 -0.684205 0.0315355 469.523 0 0
1500 52.3103 111.35 17.8515 -0.151689 1.74064 475.217 0 0
1500 57.9171 -16.3454 17.9546 -0.0620648 -0.275365 474.125 0 0
1500 108.869 -27.2602 18.0102 0.862553 -0.405857 476.672 0 0
1500 63.7303 27.2676 17.9796 0.0456013 0.469332 474.739 0 0
1500 108.453 -35.1352 18.0206 0.932032 -0.56919 470.125 0 0
1500 185.91 -43.4269 17.8243 2.08983 -0.67996 473.655 0 0
1500 28.8941 31.2816 18.0006 -0.549219 0.472594 469.8 0 0
1500 58.2375 -52.9207 18.0403 -0.00569204 -0.862295 476.71 0 0
1500 96.3704 -12.9762 17.9741 0.679083 -0.173578 475.582 0 0
1500 57.1182 4.44936 18.1026 -0.0494465 0.0360841 475.103 0 0
1500 95.8898 47.9485 17.8058 0.535992 0.763354 480.195 0 0
1500 51.0367 21.0949 17.8902 -0.0432095 0.344272 482.609 0 0
1500 73.3708 -31.8608 17.8851 0.309287 -0.534169 475.639 0 0
1500 64.7678 49.6083 18.085 0.195594 0.859096 472.612 0 0
1500 31.8114 -61.7989 17.816 -0.358895 -0.976669 479.235 0 0
1500 44.8769 -65.3638 17.8157 -0.167328 -1.03199 479.042 0 0
1500 93.77 -45.3515 17.8211 0.569812 -0.758923 477.083 0 0
1500 107.298 25.2085 17.8153 0.81911 0.350748 476.731 0 0
1500 70.2307 -23.3245 18.2259 0.288043 -0.412903 477.175 0 0
1500 62.1995 -3.33352 18.232 0.148813 -0.0972501 484.602 0 0
1500 52.1782 16.1092 17.9139 -0.159537 0.261012 475.904 0 0
1500 123.146 -60.9054 17.7987 0.994322 -0.971013 479.31 0 0
1500 120.183 19.3306 17.8323 0.994712 0.31575 479.164 0 0
1500 94.4235 70.1493 17.9906 0.667485 1.15397 474.718 0 0
1500 56.8217 64.5943 17.958 0.0211915 1.03013 479.613 0 0
1500 -12.9264 -0.0271786 17.8753 -1.14315 -0.075246 475.729 0 0
1500 107.973 36.3593 17.8566 0.786654 0.615222 478.955 0 0
1500 69.4499 14.4827 17.8815 0.192631 0.265934 484.033 0 0
1500 64.9476 -4.04249 17.884 0.129405 0.00709541 484.212 0 0
1500 71.8369 64.5544 17.8541 0.237334 1.01401 480.609 0 0
1500 55.7659 47.6129 17.8692 0.00146909 0.739162 483.03 0 0
1500 40.3259 63.1984 17.8545 -0.228627 1.00998 479.538 0 0
1500 82.4784 60.4674 17.855 0.391463 0.949149 480.96 0 0
1500 86.2568 -42.9644 18.1955 0.464944 -0.775028 473.803 0 0
1500 50.1309 43.4563 17.8797 -0.173886 0.718959 477.535 0 0
1500 18.4713 37.3711 17.8742 -0.637708 0.63207 478.317 0 0
1500 62.221 50.4659 17.8772 0.0281186 0.835576 477.982 0 0
1500 53.3306 47.1453 17.8817 -0.0998257 0.726406 483.238 0 0
1500 43.301 56.2982 17.8741 -0.244684 0.866175 482.406 0 0
1500 25.5145 16.5294 17.8857 -0.539481 0.320256 477.228 0 0
1500 40.1163 4.46615 17.8941 -0.282856 0.120529 484.244 0 0
1500 20.0619 44.726 17.8737 -0.578044 0.700976 482.349 0 0
1500 40.2929 53.9803 17.8757 -0.213709 0.895806 476.514 0 0
1500 89.4951 1.26632 18.0542 0.57252 0.0864798 475.35 0 0
1500 102.6 11.8181 18.328 0.89357 0.274984 468.199 0 0
1500 129.464 75.3856 17.822 1.06402 1.13202 483.083 0 0
1500 17.2492 29.5921 17.8906 -0.640125 0.436523 483.632 0 0
1500 67.3999 -33.0737 18.2735 0.110176 -0.570576 471.733 0 0
1500 52.9115 44.7536 17.8285 -0.0921371 0.765516 478.277 0 0
1500 82.9469 -7.26829 18.2267 0.483651 -0.0851907 482.363 0 0
1500 25.8006 21.0322 17.9829 -0.514542 0.420351 475.39 0 0
1500 118.036 25.6942 17.9754 1.0475 0.431982 476.249 0 0
1500 35.4951 -2.91956 17.9464 -0.359439 -0.00174538 485.515 0 0
1500 88.5404 56.9286 17.7961 0.466836 0.899926 482.262 0 0
1500 -8.5381 -0.658168 17.8624 -1.04777 -0.0326867 481.568 0 0
1500 -5.98001 -17.9046 17.8626 -1.00495 -0.285957 481.908 0 0
1500 107.136 41.7961 17.883 0.871988 0.690904 475.798 0 0
1500 122.065 33.3789 17.8309 0.991076 0.479844 483.76 0 0
1500 88.143 28.5407 17.8343 0.541045 0.45593 478.852 0 0
1500 109.595 -40.1106 17.9882 0.845627 -0.752882 473.987 0 0
1500 93.9057 51.106 17.9161 0.542596 0.809563 483.693 0 0
1500 57.6288 7.2478 18.1911 -0.03243 0.0874426 479.533 0 0
1500 57.3149 15.9403 18.19 -0.0372169 0.220898 479.605 0 0
1500 95.797 -38.3423 17.8963 0.584321 -0.659658 480.247 0 0
1500 38.7577 -62.3435 17.8892 -0.270963 -0.978579 483.36 0 0
1500 116.269 -26.1437 17.8901 0.883396 -0.467384 481.177 0 0
1500 45.2156 -63.7202 17.8678 -0.180685 -1.02249 481.813 0 0
1500 70.2652 24.4607 17.8206 0.199677 0.457241 479.033 0 0
1500 5.06302 10.4957 17.8081 -0.800045 0.235812 480.187 0 0
1500 116.748 23.8416 17.8016 0.866252 0.420267 483.217 0 0
1500 30.2424 55.148 17.8004 -0.406226 0.897897 481.655 0 0
1500 18.2211 49.8837 17.7998 -0.579211 0.809925 482.424 0 0
1500 80.005 56.3125 17.8022 0.328965 0.892419 483.371 0 0
1500 120.98 17.3902 17.878 0.971133 0.330489 481.744 0 0
1500 98.2312 3.83802 18.1377 0.741155 0.0119072 477.263 0 0
1500 82.9755 47.9774 17.9406 0.434916 0.777099 481.698 0 0
1500 115.615 21.3799 17.8029 0.939239 0.298566 481.11 0 0
1500 78.0433 8.76894 17.8266 0.344294 0.100083 486.289 0 0
1500 84.2007 50.4922 17.8083 0.469796 0.747359 480.341 0 0
1500 54.9712 -35.6456 17.8207 0.0231162 -0.580073 479.222 0 0
1500 67.3388 61.8094 17.9653 0.140411 0.993846 482.117 0 0
1500 64.1385 -6.94706 17.9595 0.157083 -0.0595016 487.25 0 0
1500 35.7888 11.9274 18.2931 -0.408423 0.172931 474.95 0 0
1500 84.7395 14.3416 17.9777 0.507975 0.220606 480.139 0 0
1500 67.9167 -15.2029 18.0677 0.1281 -0.292949 479.302 0 0
1500 100.795 29.1071 18.1247 0.738644 0.486196 481.993 0 0
1500 11.0806 10.078 18.1423 -0.783483 0.237056 476.233 0 0
1500 74.2873 45.5337 17.8594 0.25292 0.714554 486.099 0 0
1500 120.76 25.4195 17.8448 0.946574 0.445136 483.56 0 0
1500 75.5169 -1.53199 17.8729 0.297847 0.051335 479.599 0 0
1500 86.3442 5.32559 17.9814 0.449056 0.161583 479.106 0 0
1500 101.128 45.4841 17.9388 0.665766 0.754344 482.646 0 0
1500 107.874 -15.1153 18.063 0.800051 -0.231953 486.677 0 0
1500 101.918 15.8128 18.0645 0.770055 0.219662 481.704 0 0
1500 47.962 58.7458 17.9107 -0.176633 0.95657 482.274 0 0
1500 47.7086 63.7048 17.8072 -0.205125 0.976693 485.191 0 0
1500 46.2777 1.76825 17.8337 -0.217211 0.0726836 487.954 0 0
1500 47.2458 15.1334 17.8321 -0.203992 0.260023 487.841 0 0
1500 9.67016 -34.7239 17.8111 -0.793928 -0.476552 482.126 0 0
1500 4.82752 4.7037 17.8134 -0.871467 0.124375 481.84 0 0
1500 77.6014 40.2999 17.9754 0.311718 0.634559 487.62 0 0
1500 48.8171 6.8693 18.216 -0.217216 0.148931 474.601 0 0
1500 86.9527 24.9097 17.8453 0.460639 0.398905 487.714 0 0
1500 119.964 15.1147 17.8264 0.984306 0.277089 483.533 0 0
1500 49.1175 34.4516 17.8476 -0.072827 0.53208 487.902 0 0
1500 50.956 10.6157 18.005 -0.157166 0.128709 481.54 0 0
1500 30.3563 -18.4267 17.9971 -0.473245 -0.319809 482.076 0 0
1500 60.9574 33.4594 17.9673 0.0923288 0.527613 488.828 0 0
1500 88.8087 46.4319 17.8331 0.489151 0.779962 483.081 0 0
1500 78.9333 60.9671 17.8281 0.324467 0.958571 486 0 0
1500 11.4705 33.3271 17.8341 -0.688985 0.581637 482.958 0 0
1500 30.3051 5.19441 17.918 -0.479389 0.130235 481.957 0 0
1500 96.7918 -8.46178 17.8186 0.644541 -0.0686927 482.051 0 0
1500 32.8571 12.7029 18.0498 -0.435505 0.181401 482.623 0 0
1500 51.3166 -23.4068 18.0523 -0.13578 -0.337212 489.91 0 0
1500 62.1101 -63.0826 17.9648 0.097744 -1.01174 484.994 0 0
1500 106.039 1.36433 18.1199 0.804858 -0.0431491 484.199 0 0
1500 29.5931 -85.6579 17.9595 -0.482106 -1.43296 481.185 0 0
1500 19.341 47.9588 17.8207 -0.564979 0.797933 484.558 0 0
1500 54.4323 65.9353 17.8172 -0.0334236 1.03967 486.47 0 0
1500 74.7793 -26.8383 17.9877 0.25656 -0.488628 483.174 0 0
1500 69.7825 -5.25554 17.9082 0.255596 -0.130609 481.881 0 0
1500 51.9077 66.4982 17.8018 -0.0240284 1.0193 485.675 0 0
1500 84.0571 -17.6685 17.9147 0.421279 -0.298687 490.335 0 0
1500 110.603 -20.1733 17.8443 0.871626 -0.333665 484.926 0 0
1500 11.2413 -46.7162 17.8482 -0.79256 -0.810123 481.904 0 0
1500 86.8564 30.8329 17.8705 0.413585 0.505572 490.012 0 0
1500 105.021 15.4914 17.8648 0.728789 0.314506 484.285 0 0
1500 35.8183 30.5607 17.8728 -0.305763 0.500357 490.206 0 0
1500 20.9723 20.3587 17.8692 -0.564828 0.391559 483.897 0 0
1500 83.3774 -13.3564 17.9394 0.417925 -0.283495 483.869 0 0
1500 41.1942 -49.5838 17.95 -0.215385 -0.826063 485.163 0 0
1500 74.2729 -56.655 17.9443 0.284477 -0.923189 485.904 0 0
1500 30.7799 63.8453 17.963 -0.384896 1.08648 482.306 0 0
1500 99.2875 -51.0359 17.9106 0.656868 -0.816562 487.305 0 0
1500 1.9183 11.3968 17.8437 -0.924231 0.181935 485.478 0 0
1500 56.781 33.0178 17.8607 -0.0941961 0.522792 483.859 0 0
1500 14.9665 0.541187 17.8557 -0.676735 0.0160644 490.302 0 0
1500 71.7825 13.7585 17.8666 0.139991 0.224634 483.463 0 0
1500 52.8709 -11.4538 17.8394 -0.141579 -0.175467 491.114 0 0
1500 79.7223 37.4144 18.0612 0.409821 0.62763 485.389 0 0
1500 47.0562 60.6326 17.9024 -0.132994 0.98255 486.525 0 0
1500 56.8961 -15.9151 17.9702 -0.0337188 -0.311117 485.4 0 0
1500 34.2384 -41.5048 17.9564 -0.366603 -0.677541 487.769 0 0
1500 20.2645 -28.8488 17.9569 -0.575369 -0.493288 487.446 0 0
1500 89.549 59.026 18.0879 0.584334 1.09982 477.888 0 0
1500 92.8521 -44.6221 17.8644 0.502044 -0.747807 485.835 0 0
1500 39.8344 -24.4829 17.8802 -0.280954 -0.406633 491.434 0 0
1500 13.5184 -25.4215 18.0193 -0.766486 -0.361898 482.46 0 0
1500 86.5831 43.1525 17.9639 0.525981 0.672573 486.433 0 0
1500 111.35 40.0358 17.8261 0.89556 0.581285 484.535 0 0
1500 29.5666 0.969863 17.8519 -0.46389 0.0393416 492.104 0 0
1500 56.1242 -32.7892 17.9377 -0.10711 -0.526734 482.409 0 0
1500 77.0009 -56.7423 18.0168 0.320716 -0.922452 488.055 0 0
1500 70.3784 -30.6171 18.0353 0.206462 -0.495255 492.984 0 0
1500 -47.7391 19.9891 17.8551 -1.75291 0.33156 484.488 0 0
1500 52.8801 -9.75804 17.9272 -0.0453816 -0.226044 485.578 0 0
1500 118.957 1.82184 17.8069 0.915797 -0.0328899 490.924 0 0
1500 80.6038 54.8 17.935 0.357455 0.884015 489.426 0 0
1500 36.7205 -54.8948 17.919 -0.353611 -0.993469 482.125 0 0
1500 81.91 -54.304 18.0177 0.400302 -0.872713 489.695 0 0
1500 36.2586 -61.2625 17.8639 -0.304391 -0.97286 490.175 0 0
1500 57.7967 -22.0654 17.888 0.0127512 -0.420302 486.399 0 0
1500 2.89434 -49.5408 17.8483 -0.85449 -0.856411 486.198 0 0
1500 86.1854 -25.9725 18.3496 0.544105 -0.534034 480.508 0 0
1500 14.3514 41.3688 17.901 -0.650514 0.699996 489.222 0 0
1500 151.174 -40.41 17.991 1.5238 -0.66591 488.071 0 0
1500 -7.86001 9.22459 17.8931 -1.02585 0.136881 492.317 0 0
1500 102.033 -42.3521 17.9231 0.751041 -0.67561 489.704 0 0
1500 107.827 42.2965 17.9383 0.787599 0.688139 492.119 0 0
1500 51.982 40.7934 17.9198 -0.0827929 0.704305 489.594 0 0
1500 72.643 59.1873 17.9064 0.22941 0.963818 491.171 0 0
1500 77.4985 58.0299 17.886 0.307294 0.947198 491.12 0 0
1500 92.0087 -64.6727 17.8664 0.495394 -1.01508 493.297 0 0
1500 78.6985 -47.853 17.9014 0.364984 -0.793042 490.578 0 0
1500 89.1044 -7.74775 18.3556 0.557607 -0.10161 497.936 0 0
1500 77.1369 -20.7318 17.9106 0.323999 -0.340577 496.719 0 0
1500 55.7767 -48.466 17.899 0.0274784 -0.797569 490.545 0 0
1500 33.6126 -35.812 17.8996 -0.443315 -0.536909 490.591 0 0
1500 91.6255 -40.9038 17.8606 0.554445 -0.619339 495.432 0 0
1500 105.269 11.2764 17.9252 0.738131 0.199357 497.115 0 0
1500 72.6612 -68.1497 17.8496 0.29491 -1.11874 489.877 0 0
1500 100.888 19.2753 17.8037 0.733404 0.294264 491.643 0 0
1500 119.568 -5.94383 17.7951 0.960011 -0.0886981 495.782 0 0
1500 64.1362 -17.4123 17.8183 0.169979 -0.275814 490.529 0 0
1500 116.029 -29.9278 17.7909 0.937132 -0.449745 493.691 0 0
1500 116.938 -9.02275 17.7946 0.964235 -0.139417 492.753 0 0
1500 82.5254 -0.868653 17.8154 0.45692 -0.0163818 490.722 0 0
1500 -87.9582 33.2278 17.8873 -2.3287 0.549968 491.229 0 0
1500 42.174 59.7378 17.9268 -0.279363 0.947283 493.745 0 0
1500 43.3606 14.5529 17.9498 -0.270788 0.278739 491.473 0 0
1500 -42.3723 -102.064 17.8128 -1.61688 -1.55889 492.418 0 0
1500 100.122 -2.30657 17.9062 0.656594 -0.0763457 498.154 0 0
1500 73.6168 -6.1055 17.9151 0.313197 -0.143639 491.349 0 0
1500 72.3649 31.8867 17.8437 0.271465 0.458135 498.392 0 0
1500 14.637 38.8203 17.8384 -0.732802 0.579925 493.633 0 0
1500 67.369 -46.2912 17.8481 0.0692304 -0.724117 492.608 0 0
1500 20.1893 6.308 17.8453 -0.629909 0.170227 492.223 0 0
1500 24.7899 -48.4577 17.833 -0.458826 -0.797855 494.418 0 0
1500 93.0951 -45.3536 17.8317 0.578954 -0.748488 494.605 0 0
1500 57.2219 -43.681 17.844 0.0322579 -0.674025 499.404 0 0
1500 80.4005 -61.2699 17.8263 0.378993 -0.971219 495.88 0 0
1500 26.7569 -47.5025 17.8343 -0.429944 -0.785236 494.258 0 0
1500 67.1004 79.9363 17.9064 0.0901805 1.34743 490.756 0 0
1500 49.0379 -61.5719 17.7967 -0.148828 -1.00122 495.594 0 0
1500 51.2887 63.6107 17.9129 -0.129977 1.0115 497.144 0 0
1500 91.8811 39.33 17.923 0.486796 0.663981 495.642 0 0
1500 50.029 -15.6604 17.854 -0.0719233 -0.3048 492.924 0 0
1500 56.7991 -137.435 17.8565 -0.025678 -2.16181 496.32 0 0
1500 129.964 -65.7238 18.0216 1.17227 -1.14759 492.211 0 0
1500 94.3354 22.5034 17.9805 0.607614 0.448983 492.956 0 0
1500 64.9346 9.01893 17.8792 0.120184 0.180847 507.103 0 0
1500 93.9965 -28.9625 17.9328 0.54962 -0.519087 498.275 0 0
1500 46.2718 -60.6628 17.9209 -0.177808 -0.982436 499.772 0 0
1500 76.6634 -50.9282 17.9265 0.281158 -0.84737 498.921 0 0
1500 79.7489 50.1769 18.0707 0.394658 0.820094 499.585 0 0
1500 39.214 10.417 17.9602 -0.292022 0.237883 497.637 0 0
1500 76.1949 -19.0607 17.8737 0.365976 -0.293155 497.372 0 0
1500 37.1167 -6.22429 17.9113 -0.351948 -0.0711203 505.755 0 0
1500 -4.5408 -25.2786 17.8846 -0.979698 -0.353795 502.366 0 0
1500 89.4986 -3.38414 17.8497 0.487198 -0.127333 499.888 0 0
1500 26.0036 31.61 17.9388 -0.469336 0.570171 498.185 0 0
1500 19.8967 22.5822 17.8078 -0.590892 0.426499 498.961 0 0
1500 23.011 52.6994 17.7938 -0.527865 0.867807 500.782 0 0
1500 83.8021 -70.3223 17.8219 0.463 -1.06241 501.019 0 0
1500 10.8138 25.0798 17.8676 -0.732916 0.434788 502.567 0 0
1500 85.6027 11.9599 17.882 0.389621 0.249057 500.188 0 0
1500 121.08 -62.6496 17.8848 1.09194 -0.987843 498.047 0 0
1500 55.5295 58.2903 17.8254 -0.0698983 0.954849 502.538 0 0
1500 81.5904 -0.415371 17.9562 0.454858 0.0316501 499.959 0 0
1500 152.982 70.4549 17.8108 1.48884 1.13513 502.451 0 0
1500 30.3382 33.2258 18.1107 -0.53183 0.621129 495.237 0 0
1500 38.6273 -62.3663 17.9513 -0.327704 -0.974923 505.256 0 0
1500 112.969 -36.0653 17.81 0.874962 -0.532376 509.261 0 0
1500 84.0261 25.2959 17.8134 0.450297 0.452162 521.345 0 0
