Total number of secondary electrons: 1600
1500 100.31 6.7611 16.6685 0.941298 0.126026 263.106 0 0
1500 106.151 -9.73283 14.5395 0.758955 -0.184648 273.003 0 0
1500 88.7216 -10.7662 16.3351 0.649357 -0.159382 276.694 0 0
1500 108.14 -16.8561 16.3943 1.03356 -0.281212 283.738 0 0
1500 96.829 -2.8985 15.5956 0.697196 -0.0443923 285.574 0 0
1500 86.2081 -46.454 13.8476 0.347464 -0.598505 288.013 0 0
1500 102.211 -10.6447 14.5791 0.616542 -0.157044 288.357 0 0
1500 105.664 -1.02383 16.7119 1.01144 0.00848386 288.748 0 0
1500 17.3205 -55.4625 13.8567 -0.45347 -0.696382 288.934 0 0
1500 132.994 -1.41896 13.8585 0.880469 -0.0705595 289.399 0 0
1500 109.26 -15.1286 16.4102 1.09005 -0.23863 290.263 0 0
1500 8.19782 -76.0785 13.8954 -0.536679 -0.897561 292.535 0 0
1500 147.052 -23.7582 13.9187 0.999969 -0.314401 293.076 0 0
1500 7.73727 -31.6726 14.1262 -0.614398 -0.383291 293.108 0 0
1500 116.47 17.2629 16.2072 1.24213 0.371874 293.126 0 0
1500 108.685 -13.6562 14.5228 0.712608 -0.191347 295.649 0 0
1500 116.176 -48.425 14.1574 0.630973 -0.561859 297.097 0 0
1500 112.102 -52.4424 14.1589 0.587786 -0.604228 297.114 0 0
1500 84.674 -65.9568 14.1833 0.296706 -0.744327 297.467 0 0
1500 44.7099 -41.4461 14.2243 -0.122067 -0.477708 299.147 0 0
1500 37.1662 -37.1078 14.2257 -0.20002 -0.432546 299.205 0 0
1500 85.6728 -16.5584 14.2324 0.300722 -0.219281 299.521 0 0
1500 51.0212 -0.470355 14.2432 -0.0562688 -0.053172 299.967 0 0
1500 88.3022 -13.7754 15.9282 0.656278 -0.280452 300.944 0 0
1500 51.1668 -28.5089 14.6793 -0.122923 -0.356142 301.336 0 0
1500 136.764 38.3908 14.5178 1.09209 0.514123 301.594 0 0
1500 72.5727 -44.0971 14.5717 0.197588 -0.56663 303.696 0 0
1500 144.762 1.86225 14.4852 1.17059 0.0537718 303.971 0 0
1500 58.2446 -55.8332 14.3666 -0.0232044 -0.773036 306.375 0 0
1500 84.613 6.76512 16.2249 0.559703 0.107479 306.575 0 0
1500 76.6434 -20.9404 14.9635 0.330506 -0.29153 306.609 0 0
1500 2.42161 -4.1086 14.2605 -0.706806 -0.0272404 307.331 0 0
1500 112.657 -7.69516 14.2588 0.713451 -0.0524204 309.699 0 0
1500 78.4146 -3.66125 15.9287 0.480829 -0.0743444 309.827 0 0
1500 63.7801 34.1463 14.4805 0.0497762 0.535381 309.835 0 0
1500 86.758 -14.1342 14.8695 0.480135 -0.183896 311.136 0 0
1500 85.9859 -14.0746 14.2517 0.404431 -0.144632 311.405 0 0
1500 79.1306 -19.2695 15.3868 0.394771 -0.269755 311.767 0 0
1500 83.0231 -9.15795 15.79 0.504015 -0.242149 312.088 0 0
1500 131.592 37.7068 14.2685 0.906179 0.474966 312.898 0 0
1500 69.8064 -12.9821 15.2295 0.263384 -0.205015 313.374 0 0
1500 22.0908 24.894 14.3576 -0.476597 0.313809 313.554 0 0
1500 80.5556 -4.31935 15.9939 0.461379 -0.101606 314.667 0 0
1500 67.6706 -31.5101 14.6197 0.193695 -0.425469 315.02 0 0
1500 85.3052 11.8739 15.2525 0.480633 0.126602 316.091 0 0
1500 80.267 -10.3078 15.8132 0.483536 -0.139615 316.611 0 0
1500 37.9002 19.4738 14.4947 -0.291073 0.259155 316.99 0 0
1500 92.3671 5.29482 14.5062 0.480825 0.0263395 317.037 0 0
1500 100.791 -7.07178 15.6596 0.691986 -0.128441 317.366 0 0
1500 130.495 27.1701 15.8635 1.29514 0.430208 318.502 0 0
1500 84.8968 -5.12042 16.0717 0.54448 -0.0158634 319.547 0 0
1500 144.74 0.160576 14.4039 1.04712 -0.0298445 320.39 0 0
1500 80.5824 10.5781 16.1973 0.487919 0.166819 320.925 0 0
1500 82.7361 21.0076 14.9504 0.415257 0.283746 321.147 0 0
1500 106.005 -23.9797 15.0594 0.745649 -0.31233 321.177 0 0
1500 90.9561 -8.46412 14.8978 0.511014 -0.129543 322.382 0 0
1500 31.9088 56.0397 14.5378 -0.370626 0.776523 322.385 0 0
1500 53.5689 8.30781 14.7539 -0.0774923 0.100136 322.567 0 0
1500 143.352 -5.23839 14.8869 1.22868 -0.0504007 324.322 0 0
1500 92.3659 63.8636 15.0574 0.524162 0.993486 324.722 0 0
1500 85.6749 -7.51807 15.4865 0.408541 -0.161537 325.362 0 0
1500 89.6149 -10.701 15.4303 0.508461 -0.221164 326.347 0 0
1500 83.7014 4.39928 16.4432 0.562669 0.0803095 326.406 0 0
1500 68.2591 30.0872 14.6606 0.131626 0.449773 327.835 0 0
1500 95.3403 51.1308 14.7973 0.520338 0.680195 327.993 0 0
1500 85.9736 9.46664 16.9742 0.607165 0.142593 328.055 0 0
1500 110.326 -3.06318 17.076 1.11152 -0.0530164 328.129 0 0
1500 93.2169 6.6104 16.6589 0.676693 0.0682436 328.773 0 0
1500 51.5291 -30.3354 14.959 -0.1276 -0.36262 330.004 0 0
1500 75.1279 -13.3814 15.7656 0.363604 -0.207955 330.226 0 0
1500 62.3893 10.5685 15.1809 0.122216 0.139038 330.53 0 0
1500 89.3312 -14.0152 16.6466 0.583368 -0.208208 330.605 0 0
1500 107.941 6.02314 17.1708 1.01896 0.0990983 330.785 0 0
1500 62.9457 -75.4633 14.9334 0.00589986 -0.958984 331.096 0 0
1500 70.7509 7.82375 16.0517 0.266638 0.14455 331.372 0 0
1500 69.8543 -0.182989 15.2729 0.223529 -0.0500972 331.714 0 0
1500 73.3346 10.0953 15.1474 0.229494 0.131224 331.781 0 0
1500 79.0118 9.85635 15.2982 0.362784 0.129453 332.269 0 0
1500 79.4494 -15.575 15.2962 0.307666 -0.275329 332.345 0 0
1500 48.883 -5.09005 15.5723 -0.0723517 -0.0998974 333.15 0 0
1500 202.844 -197.775 15.1019 1.81959 -2.46304 333.548 0 0
1500 93.031 11.831 15.5563 0.54427 0.119072 333.772 0 0
1500 132.8 1.96522 15.3282 1.03751 0.063608 333.838 0 0
1500 95.8901 29.8815 15.7439 0.574119 0.430239 334.059 0 0
1500 94.5527 -33.6233 15.6002 0.558886 -0.442544 334.391 0 0
1500 112.95 60.7256 15.1881 0.649714 0.776985 334.416 0 0
1500 22.3663 72.4375 15.1995 -0.420479 0.913983 334.551 0 0
1500 94.2435 0.23669 16.8743 0.669052 0.00751867 334.981 0 0
1500 50.2318 -13.7307 15.9805 -0.11569 -0.251676 335.075 0 0
1500 74.6858 14.7192 16.5214 0.316644 0.197364 335.088 0 0
1500 72.8926 4.90791 15.8212 0.236224 0.00234323 335.603 0 0
1500 155.475 -46.5904 15.3029 1.28349 -0.639463 335.787 0 0
1500 106.741 -7.65992 15.5012 0.679171 -0.134921 336.007 0 0
1500 106.209 52.2652 15.3405 0.558213 0.662947 336.205 0 0
1500 89.6285 -78.0419 16.196 0.590196 -1.32842 336.557 0 0
1500 74.0862 4.08171 16.3454 0.323495 0.109358 336.874 0 0
1500 120.674 -0.574199 15.5626 0.843988 -0.0459693 336.873 0 0
1500 81.238 2.1789 16.038 0.397331 -0.0254719 337.326 0 0
1500 60.3527 -17.8878 15.5974 -0.00489497 -0.259148 337.341 0 0
1500 120.243 41.1467 15.4953 0.819053 0.536514 337.81 0 0
1500 79.7518 -9.1772 15.4929 0.339177 -0.11158 338.063 0 0
1500 89.7127 -26.3415 16.2289 0.517048 -0.369717 338.455 0 0
1500 133.832 22.2893 15.5514 0.976588 0.302572 338.564 0 0
1500 120.025 -28.995 15.7598 0.842671 -0.369903 338.972 0 0
1500 95.8228 4.42829 16.665 0.602847 0.108227 340.144 0 0
1500 -57.6034 -1.58413 15.8921 -1.63638 -0.0136338 340.43 0 0
1500 80.0281 34.8705 16.1719 0.320313 0.489506 340.895 0 0
1500 113.864 -21.6275 16.0909 0.769256 -0.327189 341.635 0 0
1500 105.839 -55.5183 15.8336 0.585219 -0.772374 341.986 0 0
1500 45.2289 -24.5479 16.5941 -0.164261 -0.406189 342.639 0 0
1500 109.248 27.9596 17.3728 0.99828 0.497418 342.798 0 0
1500 58.8263 9.17468 16.1989 0.0429929 0.17864 342.987 0 0
1500 104.019 62.217 15.8664 0.583948 0.758743 342.998 0 0
1500 68.7848 -10.4294 16.1348 0.205724 -0.111582 343.012 0 0
1500 72.6614 8.52703 16.7251 0.280217 0.163556 343.309 0 0
1500 76.6145 20.4628 16.74 0.327205 0.307447 343.554 0 0
1500 16.7862 -51.6657 15.9552 -0.513774 -0.711466 343.993 0 0
1500 99.1581 2.32235 16.8789 0.665002 0.0534785 344.246 0 0
1500 87.1932 5.60403 17.0077 0.48491 0.0395382 344.263 0 0
1500 102.109 9.93589 16.972 0.73271 0.168422 344.527 0 0
1500 79.217 -20.2832 16.7216 0.386797 -0.299587 344.706 0 0
1500 96.1459 -1.75236 16.3839 0.566912 0.0128051 344.87 0 0
1500 63.2522 4.54652 16.2956 0.0428285 0.0817958 344.982 0 0
1500 144.638 15.7195 16.2001 1.18673 0.224148 345.506 0 0
1500 105.283 -54.903 16.7795 0.82282 -0.960557 345.803 0 0
1500 63.1741 17.2108 16.8632 0.140813 0.240129 346.475 0 0
1500 71.7678 12.1458 17.4136 0.318986 0.17497 346.606 0 0
1500 87.3604 -5.33172 16.3607 0.40527 -0.0740369 346.809 0 0
1500 91.1349 25.1297 16.3214 0.51099 0.325836 347.063 0 0
1500 -10.9933 -43.9031 16.1616 -0.878897 -0.528368 347.132 0 0
1500 90.8914 -4.23009 16.5908 0.527662 -0.0404561 347.185 0 0
1500 99.1348 54.6584 16.1473 0.565533 0.736931 347.291 0 0
1500 101.708 40.0273 16.2991 0.571176 0.574221 347.663 0 0
1500 64.1088 -0.000839059 17.1434 0.168918 -0.054727 348.044 0 0
1500 -14.1053 -3.88131 16.2395 -0.963757 -0.106997 348.181 0 0
1500 22.075 -46.632 16.2495 -0.538187 -0.608808 348.176 0 0
1500 127.794 88.7735 16.3411 1.01151 1.26195 348.412 0 0
1500 87.8382 59.6196 16.3882 0.401071 0.881989 348.535 0 0
1500 64.1472 177.58 16.2407 0.0214094 2.29608 348.589 0 0
1500 98.1135 46.711 16.3075 0.510238 0.66152 348.667 0 0
1500 102.351 8.0229 17.174 0.726182 0.128437 348.76 0 0
1500 48.957 -15.4317 16.4751 -0.141316 -0.282794 348.775 0 0
1500 72.5474 79.6049 16.3012 0.224647 1.02309 349.045 0 0
1500 -16.0263 -28.8853 16.2775 -0.955174 -0.349363 349.408 0 0
1500 91.4259 11.7685 16.8399 0.553833 0.148183 349.51 0 0
1500 82.2435 10.9 16.7406 0.320384 0.174957 349.6 0 0
1500 77.5677 -21.6856 16.7234 0.353629 -0.325879 349.645 0 0
1500 85.7322 13.5168 16.8527 0.479753 0.151125 349.785 0 0
1500 61.2719 -62.8925 16.6303 0.0500274 -0.894433 350.224 0 0
1500 80.6756 4.32863 17.357 0.405734 0.0414777 350.9 0 0
1500 132.76 23.9258 16.4051 0.940884 0.365289 351.435 0 0
1500 41.4817 51.0839 16.4781 -0.251585 0.710313 351.605 0 0
1500 104.841 0.174205 16.6688 0.691304 0.00988098 352.074 0 0
1500 48.267 60.1236 16.5019 -0.162831 0.822283 352.071 0 0
1500 98.2011 17.9971 17.7877 0.831825 0.385026 352.281 0 0
1500 84.5624 44.2956 16.6269 0.414818 0.600981 352.552 0 0
1500 92.361 -7.45571 17.4949 0.59321 -0.135454 352.911 0 0
1500 114.797 -15.4308 16.6492 0.799534 -0.167098 352.997 0 0
1500 36.6773 -1.5623 16.8308 -0.285091 -0.0648361 353.155 0 0
1500 52.1861 10.6564 16.6794 -0.100858 0.191355 353.341 0 0
1500 116.171 -0.834142 16.8866 0.825038 -0.0355098 353.463 0 0
1500 122.575 16.8226 16.7413 0.902707 0.219821 353.496 0 0
1500 115.815 60.1823 16.568 0.829754 0.785933 353.513 0 0
1500 -13.8282 33.2663 16.587 -0.931125 0.430325 353.576 0 0
1500 44.1835 -33.7204 16.8415 -0.148372 -0.489347 353.552 0 0
1500 53.8214 -42.9097 16.8621 -0.0626808 -0.594754 353.827 0 0
1500 76.3202 25.9178 17.1944 0.311616 0.404461 353.977 0 0
1500 85.0552 -6.29409 17.6267 0.463693 -0.187738 354.575 0 0
1500 136.784 10.3364 16.7889 1.11884 0.0894953 354.638 0 0
1500 -43.6418 3.25848 17.0577 -1.58331 0.0766147 354.876 0 0
1500 107.179 37.3169 16.7421 0.704395 0.488641 354.903 0 0
1500 111.922 -15.6595 16.8131 0.73551 -0.260813 355.163 0 0
1500 91.4386 0.565138 17.2079 0.55841 -0.0167811 355.182 0 0
1500 125.442 33.9116 16.7262 0.954229 0.439598 355.843 0 0
1500 126.516 -109.953 16.6982 0.928061 -1.46979 356.153 0 0
1500 81.4008 20.9959 17.3422 0.356434 0.324455 356.362 0 0
1500 59.4903 -3.86867 17.0186 0.0131461 -0.0998469 356.524 0 0
1500 98.5123 15.5498 17.1282 0.616197 0.237737 356.605 0 0
1500 95.2094 0.460759 17.1608 0.527212 -0.0110899 356.756 0 0
1500 111.718 -29.7769 17.0626 0.785591 -0.428756 356.829 0 0
1500 26.1432 -73.2763 16.7429 -0.439147 -0.944911 357.15 0 0
1500 106.845 -43.204 16.9486 0.675763 -0.597482 357.484 0 0
1500 122.222 -18.0259 17.6652 1.06718 -0.283567 357.724 0 0
1500 88.6758 -4.99025 17.6159 0.490237 -0.041315 357.751 0 0
1500 101.171 13.9373 17.0506 0.623505 0.233855 358.102 0 0
1500 124.264 1.13348 16.8437 0.851268 0.0258914 358.356 0 0
1500 83.2442 4.40917 17.3789 0.404614 0.0497432 358.543 0 0
1500 71.7163 -12.8111 17.4843 0.242499 -0.222603 359.055 0 0
1500 17.5009 31.3505 16.9111 -0.512132 0.414827 359.1 0 0
1500 43.7083 6.80934 17.2021 -0.219467 0.165038 359.122 0 0
1500 71.3777 0.735121 18.3196 0.332869 -0.0383004 359.145 0 0
1500 88.6 44.3064 16.8813 0.458315 0.612071 359.526 0 0
1500 82.3001 19.3088 17.2085 0.395922 0.303389 360.07 0 0
1500 98.6005 51.7987 17.0145 0.584882 0.72411 360.088 0 0
1500 112.554 -19.0495 17.1954 0.811212 -0.278088 360.237 0 0
1500 59.5419 -17.1194 17.2307 0.0424373 -0.2569 360.386 0 0
1500 48.2294 -39.4745 17.0782 -0.123828 -0.572211 360.453 0 0
1500 83.8623 -15.0958 17.1554 0.376607 -0.155792 360.633 0 0
1500 -9.91676 6.7555 16.969 -0.93912 0.0712226 360.73 0 0
1500 69.3198 17.9194 17.1673 0.207636 0.226331 360.816 0 0
1500 85.5702 52.5975 17.1876 0.403366 0.738917 360.866 0 0
1500 123.598 10.8875 17.0981 0.922549 0.141556 361.019 0 0
1500 107.269 -58.0843 16.9581 0.688106 -0.719075 361.288 0 0
1500 73.7803 21.7382 17.4342 0.30642 0.332765 361.399 0 0
1500 47.2312 13.5717 17.4362 -0.131602 0.22667 361.592 0 0
1500 115.394 33.8636 17.1312 0.814252 0.468961 362.174 0 0
1500 42.8826 11.5451 17.6481 -0.206105 0.188016 362.273 0 0
1500 98.1247 -8.29936 18.1061 0.692109 -0.0876653 362.429 0 0
1500 29.1726 3.68306 17.0872 -0.399326 0.117999 362.384 0 0
1500 74.1349 3.6287 17.1885 0.30476 0.0536606 362.436 0 0
1500 73.4537 21.711 17.8592 0.283632 0.336358 362.467 0 0
1500 72.3947 -8.46658 17.4303 0.261874 -0.115553 362.561 0 0
1500 83.9066 66.3524 17.0508 0.31935 0.926966 362.678 0 0
1500 64.3731 51.4997 17.6649 0.161684 0.865301 362.656 0 0
1500 9.65755 48.1632 17.0752 -0.629106 0.616933 362.862 0 0
1500 71.2031 -0.288086 17.4674 0.276197 0.0409866 362.92 0 0
1500 135.351 -18.5443 17.0522 1.0234 -0.205177 363.262 0 0
1500 105.803 -38.4224 17.3266 0.705263 -0.540749 363.455 0 0
1500 85.9803 5.20171 18.1494 0.510192 0.130545 363.462 0 0
1500 19.5182 114.922 17.1646 -0.49236 1.66957 363.612 0 0
1500 59.2911 -8.89986 17.4091 0.0732564 -0.185131 363.716 0 0
1500 81.2194 39.9433 17.5557 0.3751 0.587089 363.812 0 0
1500 99.9965 10.6863 17.71 0.656946 0.191686 363.804 0 0
1500 88.5904 6.00343 17.242 0.47208 0.0285265 363.993 0 0
1500 60.7348 13.7006 17.775 0.0557881 0.176831 364.028 0 0
1500 65.7844 -29.9129 17.8134 0.139191 -0.519641 364.065 0 0
1500 101.89 -10.7978 17.4173 0.666945 -0.0960827 364.411 0 0
1500 101.8 -43.6197 17.454 0.675756 -0.710159 364.515 0 0
1500 40.0689 63.5417 17.1597 -0.243499 0.907793 364.546 0 0
1500 88.2444 -55.3525 17.7072 0.562964 -0.913914 364.766 0 0
1500 104.865 2.61466 17.5591 0.700619 0.093195 364.996 0 0
1500 96.7707 -9.60422 17.5856 0.627456 -0.184616 365.22 0 0
1500 110.954 1.33827 17.5098 0.799515 -0.014019 365.554 0 0
1500 133.976 -35.6494 17.3524 1.1132 -0.50317 365.895 0 0
1500 72.8056 -39.4879 17.3546 0.180323 -0.533756 366.06 0 0
1500 69.6151 67.5523 17.2105 0.0939288 0.918823 366.092 0 0
1500 110.88 56.6205 17.2295 0.678556 0.796989 366.354 0 0
1500 7.82686 16.5556 17.2266 -0.745465 0.252348 366.31 0 0
1500 135.008 -57.6694 17.7658 1.26977 -0.963939 366.918 0 0
1500 82.7769 -11.2592 17.732 0.374865 -0.174109 366.992 0 0
1500 88.5739 5.87502 17.6348 0.532716 0.0477693 367.17 0 0
1500 39.007 28.0599 17.4691 -0.302189 0.373964 367.463 0 0
1500 84.4493 -1.04067 17.3848 0.444072 -0.02581 367.475 0 0
1500 261.71 45.6324 17.39 3.02972 0.738719 367.428 0 0
1500 56.3092 -34.4745 17.7483 -0.0467185 -0.566158 367.516 0 0
1500 144.776 -67.8702 17.3541 1.24917 -1.02258 367.521 0 0
1500 3.72288 -49.0748 17.3058 -0.717934 -0.714425 367.761 0 0
1500 111.326 28.6014 18.308 1.02017 0.502938 367.88 0 0
1500 64.2859 24.0544 17.7985 0.0842316 0.331345 368.041 0 0
1500 56.2549 -39.2852 17.5473 -0.0850638 -0.586548 368.131 0 0
1500 61.3251 -8.13292 18.16 0.0436149 -0.144426 368.139 0 0
1500 72.2722 -8.96361 18.3561 0.341064 -0.19863 368.236 0 0
1500 83.897 24.2316 17.9196 0.466223 0.366679 368.915 0 0
1500 91.9515 -2.8043 18.0991 0.599331 -0.078987 369.013 0 0
1500 112.968 24.087 17.4276 0.818188 0.312675 369.053 0 0
1500 65.332 28.0868 17.6393 0.0972534 0.435588 369.144 0 0
1500 89.2842 -39.2711 18.2216 0.601942 -0.671407 369.233 0 0
1500 100.372 -11.8411 17.6001 0.673169 -0.121499 369.354 0 0
1500 62.7599 45.5836 17.4283 0.134307 0.696776 369.379 0 0
1500 77.1558 -68.1564 17.5884 0.323324 -1.02685 369.435 0 0
1500 54.121 77.9322 17.3378 -0.110967 1.04049 369.596 0 0
1500 87.5462 3.89039 17.9571 0.535621 0.0719621 369.718 0 0
1500 85.07 0.830359 18.5627 0.481967 0.0412065 370.098 0 0
1500 84.6703 23.0081 17.4655 0.439856 0.343734 370.157 0 0
1500 68.8356 -8.92031 17.4646 0.171763 -0.191921 370.035 0 0
1500 87.3808 49.5428 17.4049 0.395204 0.773461 370.108 0 0
1500 78.0233 0.556669 17.8229 0.39813 -0.0222621 370.197 0 0
1500 82.3026 27.4254 17.786 0.401724 0.432508 370.212 0 0
1500 76.8722 9.87305 17.5527 0.272509 0.204106 370.245 0 0
1500 82.1856 17.1258 18.4948 0.460974 0.280981 370.342 0 0
1500 50.8594 -52.0266 17.5888 -0.156589 -0.776963 370.42 0 0
1500 24.7446 56.4772 17.368 -0.486327 0.81591 370.493 0 0
1500 36.2475 -17.8423 17.4518 -0.341928 -0.298638 370.604 0 0
1500 116.985 -8.05615 17.547 0.903327 -0.0551181 370.709 0 0
1500 49.5394 -62.673 17.5288 -0.132718 -0.895419 370.761 0 0
1500 65.326 34.5414 17.4328 0.0379653 0.501616 370.85 0 0
1500 18.9178 9.70506 17.5774 -0.578622 0.146576 370.968 0 0
1500 10.0975 5.4782 17.5858 -0.695802 0.0884321 371.313 0 0
1500 125.713 -31.8973 17.5083 0.957771 -0.426089 371.523 0 0
1500 43.9085 -74.6955 17.3976 -0.158167 -1.03203 371.598 0 0
1500 72.8126 5.0444 17.7815 0.285934 0.125404 371.757 0 0
1500 121.374 32.9936 17.4606 0.910454 0.451957 371.895 0 0
1500 92.8798 5.86175 17.8396 0.562644 0.133652 371.879 0 0
1500 96.2208 1.85805 17.4457 0.594556 0.0521985 371.797 0 0
1500 9.76472 18.6807 17.6061 -0.697292 0.278211 371.976 0 0
1500 102.096 -4.02256 17.5048 0.650893 0.00369418 372.052 0 0
1500 106.928 -32.0345 17.5152 0.697169 -0.497699 372.109 0 0
1500 68.8703 31.2593 17.547 0.172571 0.501791 372.118 0 0
1500 64.9998 -10.6897 17.9166 0.165019 -0.177957 372.127 0 0
1500 60.7417 -7.0006 18.1524 0.0611875 -0.135636 372.145 0 0
1500 64.8885 58.1776 17.515 0.136222 0.84832 372.28 0 0
1500 108.527 -14.2465 17.6886 0.799785 -0.20854 372.305 0 0
1500 97.2606 5.61076 17.9016 0.650719 0.0599108 372.374 0 0
1500 90.2484 35.866 17.5117 0.485231 0.55215 372.361 0 0
1500 83.1046 15.8832 18.304 0.43525 0.274144 372.402 0 0
1500 99.2891 33.1965 17.4623 0.630734 0.482668 372.533 0 0
1500 28.4348 46.7061 17.4642 -0.428398 0.609925 372.631 0 0
1500 17.4429 20.8591 17.6239 -0.602315 0.301633 372.578 0 0
1500 88.5916 -24.5234 17.9785 0.54568 -0.440609 372.642 0 0
1500 97.2896 30.5387 17.5617 0.561201 0.487208 372.798 0 0
1500 68.3032 -4.82332 17.6295 0.217976 -0.109091 372.955 0 0
1500 58.6846 2.45919 17.8226 -0.0476253 0.0579098 373.069 0 0
1500 -5.85493 -30.0166 17.5203 -0.892419 -0.45075 373.251 0 0
1500 95.9903 -44.7623 17.9095 0.598688 -0.736693 373.156 0 0
1500 100.318 -14.1436 18.7815 0.805207 -0.235175 373.28 0 0
1500 86.181 21.6792 17.733 0.375316 0.358348 373.316 0 0
1500 88.6832 -18.2549 18.3907 0.622649 -0.357215 373.362 0 0
1500 119.856 15.8998 17.7363 0.969551 0.304427 373.48 0 0
1500 122.536 0.470413 18.4991 1.17725 0.0336669 373.473 0 0
1500 -27.8982 29.3407 17.4565 -1.21468 0.398396 373.501 0 0
1500 78.175 -25.9846 18.0111 0.38824 -0.397387 373.546 0 0
1500 51.6554 -22.8408 17.6376 -0.106879 -0.400971 373.768 0 0
1500 78.3691 11.1965 18.6173 0.451906 0.194973 373.879 0 0
1500 59.5944 3.5 18.2705 0.0603424 0.0726402 374.007 0 0
1500 89.3474 6.67394 18.3476 0.594855 0.110032 374.003 0 0
1500 33.4347 31.7037 17.788 -0.410982 0.491733 373.992 0 0
1500 8.5882 -25.4488 17.5819 -0.739661 -0.330916 374.286 0 0
1500 -2.54815 30.9295 17.5177 -0.886652 0.416471 374.32 0 0
1500 80.4039 -47.9437 17.6561 0.379945 -0.698889 374.333 0 0
1500 100.209 -40.7085 17.5593 0.59451 -0.62708 374.349 0 0
1500 129.41 10.0018 17.5642 0.995959 0.191188 374.387 0 0
1500 83.4438 63.5189 17.6026 0.362929 0.91944 374.433 0 0
1500 52.957 13.2791 18.1189 -0.0286992 0.23742 374.531 0 0
1500 21.6995 -39.3561 17.6159 -0.559578 -0.532418 374.581 0 0
1500 44.7031 0.0483638 17.7536 -0.230393 -0.00590099 374.626 0 0
1500 82.7025 14.4535 17.6343 0.41926 0.166505 374.703 0 0
1500 57.203 -18.9366 18.1628 0.00375827 -0.26339 374.815 0 0
1500 95.06 59.1686 17.6075 0.49655 0.861802 374.833 0 0
1500 56.6541 17.716 17.9642 0.0471431 0.312501 374.877 0 0
1500 138.137 25.8258 17.6426 1.21871 0.406539 374.916 0 0
1500 79.7889 6.85699 17.6152 0.278483 0.158195 374.938 0 0
1500 69.3089 -21.0429 17.8854 0.194855 -0.31122 375.094 0 0
1500 85.3724 0.144129 17.917 0.421423 0.0405616 375.051 0 0
1500 129.295 -5.62304 17.641 1.02744 -0.072055 375.025 0 0
1500 88.6821 -3.13776 18.4151 0.520097 -0.0473062 375.124 0 0
1500 79.5839 7.76425 17.7915 0.319159 0.148525 375.17 0 0
1500 60.6627 70.9348 17.6161 0.0338886 1.01573 375.146 0 0
1500 25.3159 -59.4513 17.5798 -0.429154 -0.874237 375.206 0 0
1500 97.9796 -11.578 17.6665 0.567893 -0.153783 375.432 0 0
1500 88.8504 -1.96458 18.6109 0.633289 -0.101229 375.423 0 0
1500 122.445 37.3312 17.5485 0.910601 0.517591 375.615 0 0
1500 79.3113 -1.51727 19.1068 0.48113 0.00491314 375.863 0 0
1500 80.938 16.8078 17.6871 0.35482 0.196703 375.885 0 0
1500 111.758 -39.5294 17.65 0.777643 -0.591354 375.682 0 0
1500 91.5702 -5.27409 18.0501 0.540781 -0.137742 375.653 0 0
1500 33.5818 28.2012 17.6656 -0.343629 0.500997 375.722 0 0
1500 90.9933 -74.5458 18.1691 0.611954 -1.31137 375.831 0 0
1500 75.005 11.3082 17.9554 0.276586 0.26853 375.775 0 0
1500 72.6105 -10.0416 18.7196 0.341255 -0.145967 376.033 0 0
1500 81.6291 13.3089 18.4125 0.43283 0.17554 376.095 0 0
1500 69.6923 -10.5145 18.9889 0.297562 -0.187079 376.074 0 0
1500 81.8144 -17.9205 18.0313 0.33858 -0.298802 376.04 0 0
1500 97.0495 -35.5041 18.1347 0.652778 -0.616373 376.143 0 0
1500 70.1807 -1.12028 18.0022 0.147659 -0.043745 376.274 0 0
1500 126.942 -10.0742 18.5295 1.37659 -0.175564 376.436 0 0
1500 50.4291 12.6131 17.8239 -0.151743 0.170467 376.507 0 0
1500 103.586 -2.32179 17.9274 0.72246 0.0159493 376.568 0 0
1500 -2.79047 34.0111 17.6064 -0.839692 0.45761 376.624 0 0
1500 0.343472 18.1123 17.642 -0.835769 0.311104 376.735 0 0
1500 76.8957 27.2972 17.7023 0.344202 0.427369 376.678 0 0
1500 109.533 50.3332 17.5908 0.728215 0.677946 376.866 0 0
1500 94.4015 43.0285 17.6199 0.558424 0.597637 376.896 0 0
1500 19.8968 43.8553 17.8748 -0.566979 0.722854 376.853 0 0
1500 49.5065 -19.807 18.2565 -0.145453 -0.354882 376.901 0 0
1500 90.9302 9.8786 18.0606 0.585656 0.105401 376.941 0 0
1500 74.074 -53.6294 17.6456 0.226181 -0.790611 376.983 0 0
1500 83.5456 10.6999 18.3682 0.505491 0.173252 377.007 0 0
1500 105.095 -0.88627 17.6132 0.743457 -0.000417403 377.076 0 0
1500 132.227 -23.2039 17.6426 1.1611 -0.301234 377.042 0 0
1500 80.6615 12.8082 17.6722 0.344846 0.171492 377.366 0 0
1500 76.5627 -1.17073 18.038 0.339834 0.050319 377.774 0 0
1500 104.502 16.0216 18.0186 0.840428 0.218139 377.772 0 0
1500 91.7824 50.9167 17.6274 0.467631 0.787854 377.801 0 0
1500 50.1516 25.226 17.7464 -0.145621 0.325913 377.827 0 0
1500 79.5528 3.44906 18.0386 0.38184 0.115772 377.856 0 0
1500 82.3498 -55.4883 18.1896 0.449996 -0.9304 377.897 0 0
1500 83.0274 8.3748 18.0396 0.430356 0.185297 377.98 0 0
1500 61.719 -19.5922 17.6592 0.105237 -0.340422 377.983 0 0
1500 15.5914 -6.47208 17.8016 -0.6939 -0.182451 377.971 0 0
1500 107.199 -9.34787 18.0247 0.773957 -0.18374 378.039 0 0
1500 80.0361 21.7156 18.0409 0.387196 0.373361 378.129 0 0
1500 100.053 -48.9175 17.6286 0.660385 -0.677237 378.223 0 0
1500 74.9787 29.9109 18.0419 0.315276 0.488385 378.237 0 0
1500 73.1332 -22.8103 18.0363 0.252281 -0.39366 378.231 0 0
1500 61.3835 64.6706 17.6355 0.0387895 0.974779 378.309 0 0
1500 -5.88619 21.2369 17.6354 -0.902959 0.36685 378.299 0 0
1500 86.8263 -13.1636 18.0371 0.446161 -0.256284 378.328 0 0
1500 -7.77784 4.37901 17.6421 -0.985062 0.0773013 378.358 0 0
1500 110.49 -33.0722 17.7292 0.779309 -0.524342 378.38 0 0
1500 98.1546 53.4165 17.6374 0.552674 0.81602 378.416 0 0
1500 123.48 -16.9298 18.0643 1.14099 -0.317531 378.498 0 0
1500 75.9319 -47.297 17.666 0.321451 -0.716716 378.613 0 0
1500 46.4176 0.557449 17.858 -0.175188 0.0352148 378.686 0 0
1500 74.0154 22.9315 17.6796 0.260917 0.293488 378.684 0 0
1500 91.1974 59.7404 17.6425 0.453599 0.900764 378.706 0 0
1500 81.5642 64.9379 17.6379 0.396641 0.919687 378.798 0 0
1500 105.023 -18.4108 17.6537 0.652911 -0.334166 378.696 0 0
1500 41.5011 14.9269 17.87 -0.207335 0.289329 378.822 0 0
1500 97.1976 -51.425 18.181 0.678385 -0.858656 378.794 0 0
1500 99.5599 2.83729 17.7152 0.658119 -0.0127524 379.057 0 0
1500 100.568 36.6437 18.1472 0.754826 0.667791 379.139 0 0
1500 64.8283 -19.9995 17.932 0.0732109 -0.292407 379.264 0 0
1500 135.877 -54.474 17.6917 1.15507 -0.830953 379.253 0 0
1500 42.6889 19.633 17.8976 -0.239392 0.341328 379.218 0 0
1500 43.8107 -13.5161 18.0451 -0.188754 -0.18565 379.509 0 0
1500 45.5286 10.8108 17.686 -0.198707 0.234082 379.391 0 0
1500 179.115 0.672586 17.7337 1.9427 -0.0335443 379.504 0 0
1500 81.1276 -24.9703 18.5199 0.420229 -0.408912 379.547 0 0
1500 53.0186 -12.0662 17.7116 -0.122437 -0.165094 379.694 0 0
1500 74.4328 2.0724 19.0976 0.388979 0.0769758 379.77 0 0
1500 79.4442 -1.19028 18.6399 0.473016 0.0255291 379.75 0 0
1500 100.311 10.1768 17.914 0.696368 0.10551 379.837 0 0
1500 25.7733 17.8388 17.687 -0.488451 0.335893 379.917 0 0
1500 50.0374 1.77659 18.1557 -0.120124 -0.00052328 379.974 0 0
1500 72.2139 -15.57 18.1561 0.198413 -0.249463 380.138 0 0
1500 6.13329 -1.94173 17.7161 -0.773037 0.041034 380.133 0 0
1500 67.4001 37.4656 17.694 0.108545 0.619881 380.159 0 0
1500 6.69624 15.2332 17.7173 -0.762754 0.289848 380.322 0 0
1500 126.039 22.1028 17.6691 0.99845 0.311671 380.478 0 0
1500 111.341 47.6692 17.6538 0.808747 0.656575 380.424 0 0
1500 97.6891 -33.7711 17.9184 0.653525 -0.520538 380.397 0 0
1500 50.7967 -21.2391 17.9147 -0.146607 -0.338526 380.445 0 0
1500 35.3698 12.3063 17.9147 -0.372588 0.15336 380.496 0 0
1500 54.2166 -6.35607 17.857 -0.0705032 -0.027835 380.476 0 0
1500 58.6083 9.65523 17.857 -0.00543523 0.209155 380.545 0 0
1500 96.5644 39.7391 18.0391 0.74323 0.727433 380.55 0 0
1500 51.5195 -64.1469 17.7295 -0.0396242 -0.964506 380.655 0 0
1500 125.469 5.81122 17.8508 1.15011 0.0468171 380.699 0 0
1500 68.5202 -69.8147 17.7182 0.164153 -1.001 380.754 0 0
1500 14.1771 -33.1466 17.7812 -0.657548 -0.539752 380.773 0 0
1500 83.3809 -40.1057 18.0112 0.508576 -0.69748 380.767 0 0
1500 56.0204 17.2959 18.6563 0.0144717 0.386666 380.816 0 0
1500 69.6083 -12.8726 17.7525 0.21271 -0.146921 381.035 0 0
1500 106.352 41.2974 17.7239 0.673936 0.660084 381.109 0 0
1500 98.3992 41.9754 17.6931 0.57233 0.679821 381.11 0 0
1500 46.1883 -39.4371 17.9589 -0.209741 -0.597486 381.157 0 0
1500 45.403 -27.8488 18.3354 -0.20995 -0.470566 381.155 0 0
1500 115.057 -41.4848 17.6929 0.834561 -0.548032 381.392 0 0
1500 63.2055 51.3581 17.9613 0.0417798 0.814624 381.532 0 0
1500 91.6976 -14.2895 17.868 0.493719 -0.211392 381.554 0 0
1500 42.4981 -24.9614 18.2788 -0.26692 -0.434563 381.59 0 0
1500 1.63903 -33.3397 17.7904 -0.826432 -0.534893 381.764 0 0
1500 107.877 -142.498 17.6927 0.771037 -2.12235 381.772 0 0
1500 69.8883 -4.8021 18.3856 0.268433 -0.13897 381.789 0 0
1500 139.77 -17.4212 17.937 1.31704 -0.243705 381.92 0 0
1500 171.06 -64.6859 18.0267 1.99479 -1.14093 382.011 0 0
1500 74.8433 52.4769 17.861 0.229376 0.823298 382.154 0 0
1500 57.3863 23.5211 18.301 0.0277399 0.40601 382.184 0 0
1500 29.1008 60.5169 17.7056 -0.423877 0.9311 382.399 0 0
1500 129.681 44.5095 17.9131 1.17253 0.67548 382.272 0 0
1500 13.0422 -14.4181 17.7408 -0.649863 -0.176944 382.586 0 0
1500 54.2316 58.3169 17.7336 -0.0579074 0.836523 382.521 0 0
1500 69.77 58.8593 17.8638 0.15508 0.909931 382.582 0 0
1500 41.0058 -33.7673 17.8444 -0.308466 -0.515999 382.528 0 0
1500 94.186 -60.4072 17.7615 0.550341 -0.884903 382.758 0 0
1500 59.0173 61.5004 17.865 0.000597871 0.94553 382.754 0 0
1500 58.2487 9.55871 18.0134 -0.0269378 0.163848 382.764 0 0
1500 8.85751 51.9168 17.7443 -0.688651 0.827506 382.876 0 0
1500 91.655 -17.4456 17.9727 0.556539 -0.319539 383.192 0 0
1500 61.6031 -28.962 17.765 0.107714 -0.449906 383.295 0 0
1500 63.8751 -48.0259 17.913 0.0767129 -0.765675 383.347 0 0
1500 101.928 -22.2891 17.8293 0.716061 -0.363145 383.412 0 0
1500 66.3869 7.57655 18.0319 0.0890613 0.131861 383.475 0 0
1500 52.9622 -54.0947 17.8016 -0.129688 -0.850363 383.455 0 0
1500 25.7595 62.2989 17.7567 -0.465125 0.929369 383.487 0 0
1500 92.5152 54.0767 17.7257 0.454714 0.848287 383.491 0 0
1500 110.126 23.5128 17.7264 0.757942 0.30629 383.632 0 0
1500 119.193 -10.3268 17.7544 0.880766 -0.171878 383.635 0 0
1500 49.312 69.3526 17.727 -0.150156 1.03605 383.669 0 0
1500 71.8517 2.71312 18.4445 0.305761 0.0377662 383.721 0 0
1500 34.6481 65.7464 17.7242 -0.338615 0.98696 383.718 0 0
1500 97.6805 4.44173 17.7591 0.581832 0.069294 383.727 0 0
1500 92.4759 -3.00151 18.1604 0.621558 -0.0053487 383.841 0 0
1500 29.7523 46.8739 17.8884 -0.498618 0.706808 383.974 0 0
1500 120.131 6.40653 17.7415 0.88989 0.10246 384.095 0 0
1500 59.1787 -0.593087 17.785 -0.0568608 -0.013576 384.053 0 0
1500 74.7191 -5.02255 18.6434 0.420684 -0.128715 384.054 0 0
1500 165.768 -1.52933 17.9658 1.90979 -0.0641912 384.112 0 0
1500 72.0787 13.8349 17.7775 0.245206 0.190708 384.297 0 0
1500 80.762 -7.52095 17.7801 0.370729 -0.148529 384.189 0 0
1500 79.4561 -66.3016 18.0018 0.384722 -1.1251 384.347 0 0
1500 81.9441 -28.4558 17.7807 0.375397 -0.395396 384.396 0 0
1500 58.1834 24.4047 17.9845 0.00804099 0.431596 384.413 0 0
1500 64.6756 -15.764 17.7961 0.133691 -0.305845 384.421 0 0
1500 -33.5873 40.3332 17.8885 -1.56373 0.621853 384.556 0 0
1500 78.6452 5.94559 17.9488 0.388614 0.0475825 384.618 0 0
1500 62.8354 -28.1393 17.79 0.124411 -0.389715 384.696 0 0
1500 91.5001 21.4128 18.3142 0.619686 0.331407 384.664 0 0
1500 100.593 -16.8281 18.367 0.738881 -0.2834 384.731 0 0
1500 112.53 29.0422 18.1957 1.0149 0.45615 384.945 0 0
1500 26.7849 62.0058 17.7733 -0.453951 0.944561 384.987 0 0
1500 65.0772 10.0253 18.9422 0.227727 0.204902 385.286 0 0
1500 59.0187 -23.0982 17.9776 -0.0338972 -0.326784 385.069 0 0
1500 32.2951 -55.2892 17.748 -0.318625 -0.819931 385.643 0 0
1500 105.901 -11.11 17.8049 0.761991 -0.218918 385.685 0 0
1500 104.155 -29.2278 18.9388 1.03224 -0.665893 385.716 0 0
1500 39.2978 54.5758 17.7653 -0.265899 0.807323 385.818 0 0
1500 56.0819 58.0331 17.9416 -0.0465566 0.900741 385.777 0 0
1500 81.9115 31.7605 18.0589 0.457407 0.486991 385.936 0 0
1500 68.2688 16.8907 18.0843 0.119165 0.259725 385.944 0 0
1500 83.8508 29.4275 17.7833 0.353777 0.456638 386.113 0 0
1500 126.39 -10.0049 17.8505 1.03323 -0.176619 386.092 0 0
1500 65.8363 -54.8091 17.8053 0.168119 -0.860155 386.106 0 0
1500 64.8502 -15.696 18.6624 0.172138 -0.283371 386.149 0 0
1500 55.7047 -46.7951 17.7923 0.00923416 -0.759525 386.273 0 0
1500 67.1231 22.0407 18.1289 0.106802 0.326494 386.642 0 0
1500 74.9927 34.5862 17.8259 0.208214 0.522898 386.582 0 0
1500 82.116 13.5178 18.2905 0.397445 0.267001 386.453 0 0
1500 118.968 -11.5198 17.796 0.922006 -0.234533 386.52 0 0
1500 48.6465 -2.29008 17.969 -0.193836 -0.0547879 386.696 0 0
1500 58.8466 48.5808 17.9276 0.0347197 0.791442 386.78 0 0
1500 89.9621 -16.0908 18.1241 0.58287 -0.332894 386.744 0 0
1500 115.127 28.0837 18.6812 1.142 0.491677 386.793 0 0
1500 85.4015 -52.9461 17.7748 0.352034 -0.787651 386.846 0 0
1500 79.5759 19.2346 18.1162 0.436564 0.282756 387.026 0 0
1500 79.7038 -50.0623 18.044 0.331022 -0.85876 387.041 0 0
1500 38.1924 -26.9016 18.1508 -0.35565 -0.456221 387.104 0 0
1500 108.644 20.837 17.9753 0.928081 0.317922 387.126 0 0
1500 69.3366 2.97301 17.867 0.214391 0.0667262 387.178 0 0
1500 -5.31144 -6.58484 17.7626 -0.914799 -0.0350427 387.253 0 0
1500 75.9246 -35.1201 18.0238 0.367431 -0.558497 387.328 0 0
1500 65.4516 -32.0518 17.8212 0.0735942 -0.479583 387.352 0 0
1500 78.6195 5.31928 17.9849 0.410343 0.0866254 387.405 0 0
1500 32.8716 -16.0412 18.1408 -0.385174 -0.340727 387.525 0 0
1500 86.8855 11.8731 17.8568 0.401596 0.219174 387.597 0 0
1500 35.1617 3.88365 17.8095 -0.330518 0.112919 387.523 0 0
1500 2.54824 37.5385 17.7842 -0.796799 0.617764 387.542 0 0
1500 22.3545 37.046 17.9003 -0.565949 0.604415 387.502 0 0
1500 88.9797 -34.0326 17.9362 0.552531 -0.521018 387.526 0 0
1500 88.2469 -34.4616 17.9363 0.541716 -0.527512 387.513 0 0
1500 129.639 43.6695 18.0041 1.26713 0.684194 387.664 0 0
1500 26.1974 -2.63301 17.8518 -0.472199 -0.071356 387.93 0 0
1500 62.94 -17.9313 17.8032 0.127053 -0.332267 388.063 0 0
1500 90.7886 43.1635 17.9565 0.502534 0.765261 387.849 0 0
1500 121.971 -37.2072 18.1606 1.15394 -0.61057 387.904 0 0
1500 -7.13608 84.9932 17.9532 -1.09582 1.45258 387.817 0 0
1500 93.1334 -14.4635 18.6106 0.622742 -0.275124 388.209 0 0
1500 29.5723 35.527 17.8346 -0.395729 0.544671 388.361 0 0
1500 116.811 6.93617 17.8147 0.901083 0.032924 388.083 0 0
1500 52.7142 14.1608 18.074 -0.108738 0.170902 388.195 0 0
1500 52.4259 22.5036 17.8928 -0.0188031 0.395825 388.352 0 0
1500 110.716 -14.3526 18.1127 0.880225 -0.211484 388.459 0 0
1500 63.7317 -3.1953 18.1652 0.159182 0.00510373 388.56 0 0
1500 46.3311 -9.98289 18.0335 -0.18974 -0.15515 388.48 0 0
1500 75.1868 19.1022 17.9647 0.206691 0.312765 388.501 0 0
1500 90.4674 31.46 18.0406 0.5436 0.627736 388.623 0 0
1500 100.026 8.32965 18.0676 0.727922 0.0930717 388.642 0 0
1500 91.6122 -4.38151 18.0676 0.547553 -0.0630184 388.757 0 0
1500 71.4713 24.2425 18.2564 0.23877 0.432711 388.722 0 0
1500 81.2062 45.3895 18 0.338184 0.796531 388.697 0 0
1500 69.9005 -67.1415 17.8305 0.21756 -0.994317 389.333 0 0
1500 79.9283 -17.806 18.9638 0.514388 -0.291121 389.047 0 0
1500 67.3738 19.3083 18.1956 0.199941 0.307608 388.919 0 0
1500 60.688 6.38514 17.8588 0.0233913 0.149873 389.339 0 0
1500 128.24 49.612 17.7938 1.01413 0.762972 389.358 0 0
1500 103.564 2.59836 18.332 0.794194 0.0733868 389.026 0 0
1500 77.905 -61.2201 17.8154 0.317001 -0.966189 389.147 0 0
1500 94.7513 -32.802 18.0658 0.645582 -0.516887 389.031 0 0
1500 82.737 -39.5493 18.01 0.396468 -0.665624 388.795 0 0
1500 37.0281 8.11142 18.0504 -0.366104 0.116495 389.135 0 0
1500 93.9846 -13.692 17.9618 0.559327 -0.284888 389.258 0 0
1500 27.6839 -18.6623 18.3238 -0.507089 -0.336961 389.182 0 0
1500 88.3407 -22.7663 18.3331 0.566445 -0.512617 388.967 0 0
1500 85.3636 9.95435 18.5213 0.491532 0.273379 389.026 0 0
1500 46.979 11.7725 18.0326 -0.139812 0.218585 389.472 0 0
1500 98.7473 -14.1601 18.2666 0.695183 -0.273085 389.424 0 0
1500 71.8552 25.6603 18.2788 0.197132 0.408382 389.706 0 0
1500 77.8783 -56.8526 18.0046 0.313136 -0.907837 389.625 0 0
1500 98.8534 -30.1483 18.1692 0.713256 -0.477813 389.731 0 0
1500 51.1981 -68.7835 17.8073 -0.0552837 -1.03574 389.645 0 0
1500 98.4245 -22.7068 18.0807 0.780149 -0.353998 389.712 0 0
1500 98.0119 -64.1856 18.112 0.714201 -1.08339 389.958 0 0
1500 89.9026 -1.34532 18.4087 0.585637 -0.0773102 390.227 0 0
1500 37.9171 -4.9015 17.9027 -0.306647 -0.152789 390.34 0 0
1500 177.337 -24.9776 17.8984 2.00671 -0.389704 390.524 0 0
1500 102.585 3.27816 18.4291 0.779003 0.10442 390.768 0 0
1500 45.8343 -66.6963 17.8069 -0.166826 -1.02955 391.112 0 0
1500 111.514 41.0119 17.7871 0.844222 0.557045 390.696 0 0
1500 113.303 -8.47677 17.8244 0.906933 -0.146114 390.709 0 0
1500 10.308 1.11142 17.9217 -0.784186 -0.00816048 391.128 0 0
1500 122.935 11.2008 17.8155 1.06685 0.181591 390.867 0 0
1500 102.19 47.8889 18.0773 0.78537 0.781012 390.8 0 0
1500 71.88 2.61012 17.8519 0.155035 0.0882201 391.025 0 0
1500 98.1311 21.742 18.6088 0.841927 0.351055 391.088 0 0
1500 89.4051 1.22046 17.8454 0.463892 -0.0370037 391.306 0 0
1500 138.467 31.9024 17.7912 1.20832 0.420495 391.261 0 0
1500 90.1407 -27.1454 18.1115 0.510546 -0.48412 391.326 0 0
1500 99.8904 11.2488 19.0798 0.869952 0.216716 391.228 0 0
1500 39.5148 -5.90293 18.0142 -0.331202 -0.125496 391.299 0 0
1500 62.1062 -37.4164 17.819 0.0932036 -0.648377 391.233 0 0
1500 93.952 -12.6412 18.1121 0.645079 -0.138858 391.286 0 0
1500 45.7721 -49.3603 17.9961 -0.17432 -0.887556 391.372 0 0
1500 78.4641 -53.1549 17.8319 0.324061 -0.793154 391.452 0 0
1500 102.505 -16.4271 18.0301 0.772316 -0.254284 391.451 0 0
1500 42.6752 20.1786 18.1436 -0.24207 0.366037 391.461 0 0
1500 68.3226 -36.6531 18.1678 0.149246 -0.624415 391.443 0 0
1500 44.3511 90.9515 17.8932 -0.164772 1.55072 391.831 0 0
1500 66.6055 23.4382 18.3107 0.156364 0.371858 392.111 0 0
1500 42.8093 62.7055 17.9102 -0.207041 1.00008 392.079 0 0
1500 42.154 -50.7916 17.8875 -0.235232 -0.840314 391.983 0 0
1500 61.755 -17.4795 17.9392 0.0753606 -0.349552 392.108 0 0
1500 135.657 7.21161 18.0621 1.31515 0.139517 391.915 0 0
1500 40.0307 -69.9934 18.0325 -0.375018 -1.16767 392.079 0 0
1500 113.78 17.8847 17.8093 0.87775 0.203015 392.268 0 0
1500 89.4868 25.9216 17.9028 0.569798 0.395704 392.207 0 0
1500 87.5266 -6.1806 17.9373 0.542141 -0.120689 392.179 0 0
1500 92.9346 -12.0232 18.1162 0.651797 -0.29442 392.273 0 0
1500 34.8301 -44.2593 17.8486 -0.425626 -0.651921 392.292 0 0
1500 20.6474 55.0823 17.8105 -0.563799 0.867292 392.553 0 0
1500 88.0257 -61.0153 17.8219 0.512374 -0.913727 392.469 0 0
1500 5.80246 -33.2872 17.807 -0.760565 -0.572252 392.625 0 0
1500 101.737 9.60225 17.8477 0.723483 0.0875107 392.502 0 0
1500 86.6674 4.52095 17.8589 0.429214 0.00622028 392.891 0 0
1500 70.3066 -23.0064 18.2218 0.202768 -0.417546 392.721 0 0
1500 98.8663 -26.0583 17.8353 0.638084 -0.476869 392.891 0 0
1500 54.2517 42.7967 17.8329 0.00999924 0.696891 392.83 0 0
1500 67.7943 39.7728 17.8333 0.219595 0.65045 392.797 0 0
1500 115.523 36.1377 17.8241 0.907299 0.507779 393.13 0 0
1500 34.3354 -0.451673 17.8636 -0.402273 -0.0768542 393.232 0 0
1500 119.838 -21.7442 18.0898 1.03415 -0.421863 393.189 0 0
1500 72.6172 -52.2308 17.84 0.271084 -0.85596 393.279 0 0
1500 100.968 22.8364 18.1533 0.713799 0.423624 393.298 0 0
1500 102.348 20.7492 17.8274 0.74812 0.353083 393.337 0 0
1500 107.637 -44.2749 17.8255 0.789534 -0.658941 393.399 0 0
1500 78.1437 20.2237 17.9097 0.247732 0.334929 393.596 0 0
1500 68.7162 -49.8999 17.8478 0.119889 -0.758212 393.467 0 0
1500 93.3121 0.590506 18.079 0.554913 -0.0356505 393.513 0 0
1500 119.042 -22.7354 17.8038 0.94086 -0.407523 393.451 0 0
1500 113.588 -20.3684 17.8905 0.920204 -0.30946 393.641 0 0
1500 49.0564 33.0214 17.9891 -0.163935 0.570313 393.495 0 0
1500 41.2902 -26.6597 17.8593 -0.292383 -0.483655 393.527 0 0
1500 101.685 -42.5346 18.0181 0.743836 -0.675136 393.721 0 0
1500 -3.93026 0.366202 17.8383 -0.998883 0.032494 393.715 0 0
1500 117.481 2.78868 17.8902 0.977727 0.0389911 393.713 0 0
1500 119.516 -23.1172 17.9851 0.982297 -0.366049 393.748 0 0
1500 103.705 -45.634 17.8837 0.673757 -0.742517 393.78 0 0
1500 112.144 12.7645 18.1637 0.927325 0.235971 393.787 0 0
1500 87.3009 -15.2 18.1996 0.56795 -0.214097 393.873 0 0
1500 52.8931 29.3122 18.0534 -0.0286238 0.462724 394.36 0 0
1500 56.7723 23.274 18.3687 0.0250594 0.368682 394.005 0 0
1500 92.9891 -4.11306 18.169 0.576154 -0.0579455 393.99 0 0
1500 93.0868 -39.6459 17.8092 0.541077 -0.60922 394.325 0 0
1500 85.362 49.7214 17.8257 0.364684 0.770338 394.281 0 0
1500 110.879 -35.9004 17.8294 0.829342 -0.533046 393.994 0 0
1500 104.647 -2.70417 17.9913 0.761806 -0.0673822 394.06 0 0
1500 13.2843 -51.9245 17.8031 -0.632824 -0.835011 394.145 0 0
1500 22.3623 -122.856 17.809 -0.606309 -1.88444 394.071 0 0
1500 72.3069 11.3852 18.4634 0.350274 0.226659 394.362 0 0
1500 61.9196 20.6963 18.8096 0.123166 0.365951 393.901 0 0
1500 66.2063 -45.821 18.0013 0.142861 -0.847731 393.966 0 0
1500 72.818 -39.5312 18.4235 0.303821 -0.817893 394.295 0 0
1500 83.6388 35.1255 17.8169 0.372168 0.617503 394.441 0 0
1500 51.0496 -55.6227 18.04 -0.0887492 -0.911107 394.531 0 0
1500 99.7965 21.8898 17.8645 0.714523 0.368331 394.535 0 0
1500 46.9617 -32.4264 17.9079 -0.228341 -0.541968 394.504 0 0
1500 26.827 107.982 17.8639 -0.522482 1.7719 394.728 0 0
1500 73.1317 20.9213 18.6253 0.374154 0.37132 394.948 0 0
1500 51.2396 -41.5229 17.8189 -0.0487269 -0.629399 395.034 0 0
1500 77.083 -78.7944 17.8133 0.310012 -1.20469 394.992 0 0
1500 109.316 -45.7046 18.0517 0.88956 -0.718581 394.995 0 0
1500 97.7472 26.6916 17.8276 0.688987 0.415247 395.006 0 0
1500 66.3226 -18.4268 18.6372 0.162377 -0.444811 394.988 0 0
1500 84.4232 5.13582 18.3876 0.472842 0.100974 395.343 0 0
1500 89.8552 46.795 17.9896 0.549738 0.761448 395.306 0 0
1500 16.5992 -37.3732 17.9228 -0.632998 -0.640766 395.204 0 0
1500 66.092 -81.5676 18.0085 0.131713 -1.40755 395.345 0 0
1500 56.8681 52.7363 17.9299 0.000631572 0.810984 395.568 0 0
1500 91.8927 -0.0497288 18.1311 0.5604 0.0231442 395.53 0 0
1500 2.35928 35.2254 17.8249 -0.872985 0.560166 395.414 0 0
1500 46.4081 12.0729 18.3117 -0.186738 0.206481 395.567 0 0
1500 37.5678 -93.4136 17.8741 -0.39348 -1.46947 395.691 0 0
1500 54.3042 -35.0669 18.4701 -0.0525509 -0.608837 395.673 0 0
1500 113.94 -39.4004 17.9081 0.906959 -0.633986 395.775 0 0
1500 21.7527 -36.8599 18.0426 -0.59281 -0.597626 395.792 0 0
1500 70.3474 44.2718 17.9956 0.26572 0.727209 395.831 0 0
1500 68.7713 16.7474 17.9247 0.100107 0.264136 395.803 0 0
1500 113.086 2.09855 17.846 0.853576 0.0200568 395.862 0 0
1500 58.2327 -50.1578 18.0869 0.00671371 -0.905324 395.864 0 0
1500 85.3635 -29.3951 17.8508 0.450426 -0.427758 395.925 0 0
1500 83.1919 -31.1051 17.8364 0.327876 -0.529224 395.932 0 0
1500 100.588 -6.2725 18.1139 0.779529 -0.0965741 395.899 0 0
1500 56.7137 -25.6994 18.4614 0.00982608 -0.508747 395.969 0 0
1500 63.9355 54.1142 17.9697 0.120828 0.893203 396.024 0 0
1500 5.99366 37.2159 17.8273 -0.812387 0.584011 396.034 0 0
1500 98.8993 -40.4969 17.9249 0.629939 -0.6355 396.323 0 0
1500 96.902 9.91272 17.9234 0.599404 0.185248 396.203 0 0
1500 83.3684 19.8473 17.8555 0.420655 0.259148 396.247 0 0
1500 116.008 -0.310318 18.2015 0.978134 0.0180939 396.359 0 0
1500 17.0364 -40.6605 17.8226 -0.684413 -0.570808 396.256 0 0
1500 33.3563 -35.7945 17.9042 -0.343099 -0.573185 396.755 0 0
1500 61.5079 9.38847 18.132 0.111075 0.188587 396.913 0 0
1500 62.5457 -17.2532 17.8609 0.130388 -0.255742 396.585 0 0
1500 122.889 5.53935 17.8346 1.04033 0.0709628 396.518 0 0
1500 77.0461 29.0358 18.6296 0.369648 0.503148 396.739 0 0
1500 99.9275 12.4296 18.0252 0.72695 0.246857 396.419 0 0
1500 6.47182 -30.9569 17.9025 -0.863183 -0.549437 396.881 0 0
1500 123.614 22.9727 18.094 1.14168 0.425761 396.707 0 0
1500 -86.2881 31.3312 17.9275 -2.39903 0.517582 396.79 0 0
1500 92.1596 46.8026 18.2477 0.650949 0.842708 397.085 0 0
1500 64.8331 -32.4499 18.2451 0.174478 -0.550811 397.257 0 0
1500 81.2761 -5.81364 18.3386 0.443782 -0.0162755 397.307 0 0
1500 83.1124 21.8507 18.1708 0.503139 0.331829 397.29 0 0
1500 38.5138 24.6038 17.9983 -0.336957 0.430881 397.212 0 0
1500 -4.02502 12.8287 17.8158 -0.989088 0.241868 397.378 0 0
1500 47.0825 4.91413 18.4015 -0.145141 0.0854501 397.542 0 0
1500 70.052 1.88702 18.2321 0.256984 -0.0217101 397.449 0 0
1500 73.284 -1.14706 18.0101 0.255041 0.0476966 397.593 0 0
1500 118.989 -9.98741 17.8212 0.944217 -0.111657 397.428 0 0
1500 91.5065 -13.1206 18.2899 0.59174 -0.269225 397.72 0 0
1500 105.553 30.5437 18.8379 0.94089 0.571298 397.729 0 0
1500 30.1714 -21.6921 17.8858 -0.471921 -0.397304 397.863 0 0
1500 58.4327 33.2624 18.0521 -0.0682233 0.597709 397.896 0 0
1500 64.9122 -64.5587 17.8183 0.0427464 -1.01467 398.077 0 0
1500 140.418 20.3565 17.8037 1.25952 0.326794 398.806 0 0
1500 81.5041 0.201869 18.5954 0.521116 0.0283919 398.51 0 0
1500 104.483 23.1383 18.2281 0.790304 0.405775 398.461 0 0
1500 108.953 -5.36175 18.0116 0.82878 -0.150075 398.464 0 0
1500 69.7955 -34.4348 18.0636 0.268569 -0.577048 398.586 0 0
1500 69.8845 -44.6297 17.8802 0.141799 -0.747075 398.319 0 0
1500 81.3293 -35.898 18.0474 0.337323 -0.608499 398.786 0 0
1500 102.036 -26.5804 18.0044 0.738415 -0.468764 398.885 0 0
1500 81.5289 14.1214 18.0108 0.404861 0.292646 398.832 0 0
1500 127.254 7.91348 18.3379 1.24249 0.120101 398.657 0 0
1500 116.195 -12.6582 17.9419 1.0118 -0.252938 398.957 0 0
1500 98.3275 -33.4173 18.3301 0.78649 -0.648373 398.842 0 0
1500 100.626 5.38702 18.6164 0.803012 0.0871763 399.04 0 0
1500 80.0989 -21.4706 18.917 0.485319 -0.415774 399.06 0 0
1500 124.113 9.49132 17.7986 0.999774 0.216738 399.088 0 0
1500 77.4546 -66.2088 17.8164 0.227485 -1.02302 399.146 0 0
1500 75.323 -17.5874 18.2122 0.381791 -0.303483 399.164 0 0
1500 74.6188 -31.7592 17.8285 0.331369 -0.51592 399.198 0 0
1500 81.5699 -25.3005 18.2637 0.470324 -0.432776 399.26 0 0
1500 46.2549 41.838 18.0878 -0.164785 0.71001 399.238 0 0
1500 68.7644 20.0369 19.0117 0.280188 0.393393 399.238 0 0
1500 68.3702 65.151 17.8139 0.218013 0.96995 399.637 0 0
1500 122.482 -7.93891 17.8436 1.02091 -0.167578 399.492 0 0
1500 97.289 10.6636 18.1823 0.666169 0.233203 399.512 0 0
1500 37.2966 -11.348 17.8571 -0.382957 -0.128103 399.48 0 0
1500 70.0129 13.6375 17.9166 0.244552 0.180688 399.704 0 0
1500 73.855 -64.3193 17.843 0.293748 -1.00354 399.848 0 0
1500 118.433 -31.7988 17.797 0.876869 -0.546808 400.033 0 0
1500 68.1239 -15.2746 18.2706 0.241957 -0.30292 399.962 0 0
1500 68.2304 38.2593 17.8499 0.0992744 0.641326 399.999 0 0
1500 95.6229 0.278013 19.0106 0.705019 0.0012938 400.213 0 0
1500 74.569 -1.28336 18.7233 0.342919 -0.0810534 400.608 0 0
1500 53.8511 9.65209 18.0018 -0.086967 0.183943 400.564 0 0
1500 29.6765 -58.8502 17.8144 -0.38901 -0.947503 400.489 0 0
1500 31.1516 10.9098 18.1392 -0.426897 0.22032 400.261 0 0
1500 16.0114 17.5306 17.9227 -0.718764 0.272761 400.265 0 0
1500 65.3418 13.2539 17.9627 0.201896 0.234452 400.327 0 0
1500 13.342 -34.2968 18.0671 -0.72294 -0.643194 400.279 0 0
1500 81.5469 -97.8936 18.082 0.46855 -1.6744 400.457 0 0
1500 33.2164 -27.1834 18.0304 -0.379262 -0.537654 400.186 0 0
1500 72.4864 4.09283 18.7241 0.315018 -0.00956276 400.658 0 0
1500 67.3135 -26.0337 17.9137 0.202166 -0.397249 400.616 0 0
1500 94.646 -20.5388 17.8482 0.587053 -0.308375 400.622 0 0
1500 5.01437 -3.03626 17.8265 -0.810713 0.00349547 400.883 0 0
1500 99.3046 -33.4407 17.8238 0.654665 -0.453987 400.997 0 0
1500 105.958 -31.9748 18.0853 0.79608 -0.531493 400.72 0 0
1500 99.673 30.8516 17.9228 0.67146 0.541444 400.963 0 0
1500 108.525 14.9418 17.9229 0.806358 0.299341 400.95 0 0
1500 75.5473 25.7464 17.9055 0.352483 0.427038 400.908 0 0
1500 113.779 -24.3577 18.3783 1.06685 -0.381023 400.984 0 0
1500 81.4126 19.9699 18.639 0.414714 0.336246 401.244 0 0
1500 90.0782 -4.04151 18.4045 0.571712 -0.0317433 401.485 0 0
1500 1.61627 -18.9448 17.8367 -0.913499 -0.239744 401.346 0 0
1500 77.8437 37.1746 17.9978 0.322989 0.644498 401.377 0 0
1500 -13.588 68.9713 17.8334 -1.15417 1.12938 401.168 0 0
1500 43.1152 14.3345 18.0365 -0.239541 0.290546 401.226 0 0
1500 29.9843 2.12025 17.8424 -0.442245 0.111014 401.31 0 0
1500 74.6978 25.5674 17.8401 0.254955 0.475747 401.473 0 0
1500 22.2436 -91.2991 17.9743 -0.57075 -1.5291 401.194 0 0
1500 64.3458 58.3127 18.1159 0.167337 1.02259 401.47 0 0
1500 97.7255 47.1096 17.8026 0.581381 0.752553 401.643 0 0
1500 102.35 20.8986 18.1543 0.764617 0.365861 401.66 0 0
1500 44.6745 -6.14377 17.9702 -0.211975 -0.0233438 401.583 0 0
1500 119.902 -8.10356 17.8475 0.951105 -0.164617 401.698 0 0
1500 66.039 49.295 17.9901 0.195893 0.804221 401.724 0 0
1500 14.3001 -21.7086 17.8308 -0.679195 -0.351246 401.828 0 0
1500 113.934 -26.1815 17.9928 0.8894 -0.405559 401.746 0 0
1500 33.7944 25.8052 17.8541 -0.386678 0.476741 401.861 0 0
1500 105.524 47.2261 17.8678 0.781763 0.69821 402.086 0 0
1500 42.8467 -11.4357 17.9666 -0.294757 -0.196353 402.022 0 0
1500 45.243 -7.61508 17.8701 -0.215877 -0.0431684 402.038 0 0
1500 48.9289 -64.3431 17.8681 -0.17035 -0.99215 402.118 0 0
1500 8.44331 -40.2316 17.869 -0.756186 -0.640198 402.311 0 0
1500 115.545 -32.2683 17.9076 0.902566 -0.530585 402.131 0 0
1500 17.6885 -80.2282 17.7938 -0.575979 -1.26457 402.1 0 0
1500 60.8325 -31.6574 18.0949 0.115294 -0.551742 402.229 0 0
1500 9.31614 1.73379 17.832 -0.755254 0.10367 402.121 0 0
1500 106.201 6.61132 17.8321 0.737606 0.180677 402.115 0 0
1500 20.422 11.083 17.8372 -0.587398 0.114101 402.397 0 0
1500 106.287 45.0195 17.8973 0.752226 0.724852 402.616 0 0
1500 -7.45136 3.81743 17.8315 -1.03298 0.103811 402.5 0 0
1500 77.4377 56.2986 17.8887 0.372204 0.877993 402.569 0 0
1500 45.9966 -40.779 17.9568 -0.243152 -0.645013 402.731 0 0
1500 105.375 40.7878 17.868 0.806988 0.688231 402.799 0 0
1500 125.021 -3.05215 17.802 1.04365 -0.0973826 402.948 0 0
1500 -10.9075 102.763 17.8122 -1.13167 1.5478 402.869 0 0
1500 124.501 -15.7173 17.819 1.05656 -0.174576 403.141 0 0
1500 25.0403 13.2723 17.9631 -0.49317 0.237631 403.413 0 0
1500 93.3709 6.39313 17.865 0.552747 0.043615 403.587 0 0
1500 114.538 -27.8342 17.8716 0.895488 -0.401964 403.556 0 0
1500 34.7283 -60.6431 17.8203 -0.295328 -0.93693 403.451 0 0
1500 98.9862 -17.8173 18.79 0.777269 -0.305144 403.709 0 0
1500 96.986 17.3838 18.0087 0.64224 0.306722 403.568 0 0
1500 84.6737 58.9669 17.9081 0.47541 0.911168 403.257 0 0
1500 108.789 -2.43659 18.3562 0.877885 -0.0855117 403.667 0 0
1500 104.527 -46.6215 17.9037 0.692194 -0.76725 403.613 0 0
1500 110.375 33.4262 17.8214 0.786996 0.580845 403.38 0 0
1500 3.01573 3.52157 17.9479 -0.891495 0.0351031 403.605 0 0
1500 67.5553 -5.53061 17.8343 0.0727388 -0.062372 403.477 0 0
1500 146.602 14.096 18.035 1.55372 0.257791 403.801 0 0
1500 64.2216 -42.9621 17.8841 0.0502577 -0.662148 404.145 0 0
1500 77.0639 -60.0456 17.8557 0.30557 -0.937174 404.032 0 0
1500 8.02233 43.1371 17.818 -0.750458 0.718108 404.26 0 0
1500 80.7925 27.9887 18.4292 0.377933 0.481394 404.382 0 0
1500 118.112 23.0639 17.8174 0.909364 0.42248 404.212 0 0
1500 89.7148 39.7963 17.9329 0.520502 0.677891 404.265 0 0
1500 42.0063 40.2652 17.8199 -0.323368 0.64656 404.503 0 0
1500 65.551 -6.73479 18.0017 0.192957 -0.15928 404.485 0 0
1500 116.213 15.711 17.9579 0.939612 0.334271 404.344 0 0
1500 97.0492 13.2277 18.2317 0.658994 0.185871 404.63 0 0
1500 74.32 -53.5464 17.8615 0.262527 -0.832564 404.902 0 0
1500 115.882 10.7713 17.8276 0.896669 0.186527 404.626 0 0
1500 38.8615 -15.7752 18.0189 -0.329647 -0.197357 404.696 0 0
1500 34.9364 -35.0741 17.9976 -0.345625 -0.612503 404.851 0 0
1500 75.0802 8.56596 17.8602 0.310583 0.199496 404.975 0 0
1500 104.854 -26.7741 18.6418 0.99093 -0.509035 404.588 0 0
1500 96.7596 -22.9847 17.8847 0.623968 -0.324329 405.158 0 0
1500 93.9822 -40.2888 17.8631 0.542285 -0.641279 405.086 0 0
1500 120.449 29.2445 17.8175 0.917079 0.505375 404.983 0 0
1500 30.6829 11.1469 18.0161 -0.452184 0.211526 404.98 0 0
1500 10.5484 30.9962 17.8381 -0.727579 0.557832 405.142 0 0
1500 44.3991 -22.5341 17.9049 -0.161813 -0.415958 405.139 0 0
1500 74.1405 -21.3702 17.8458 0.264267 -0.410016 405.007 0 0
1500 59.1251 -18.7445 18.1229 0.0942995 -0.378911 405.141 0 0
1500 94.4816 -11.0014 17.8882 0.589275 -0.154325 405.458 0 0
1500 85.2206 28.4359 17.8882 0.458951 0.400656 405.458 0 0
1500 -6.55672 19.1887 17.8411 -0.976656 0.358073 405.323 0 0
1500 246.331 -356.894 17.7902 2.86538 -5.3244 405.853 0 0
1500 46.778 11.7683 17.9519 -0.200338 0.116042 405.376 0 0
1500 54.5997 8.95628 17.9531 -0.0785773 0.0723166 405.303 0 0
1500 32.4549 -19.1274 17.9242 -0.502421 -0.281797 405.711 0 0
1500 112.688 21.1366 17.8887 0.905191 0.340736 406.036 0 0
1500 62.3905 -24.2057 18.0442 0.0183375 -0.377768 406.028 0 0
1500 36.8654 13.169 18.0433 -0.372618 0.195079 406.102 0 0
1500 15.6012 -5.99486 17.8321 -0.714978 -0.0412309 406.084 0 0
1500 70.4201 -10.915 18.2718 0.272953 -0.19468 406.207 0 0
1500 112.241 -36.4049 17.8821 0.82455 -0.596447 406.603 0 0
1500 52.0821 -66.4205 17.8652 -0.0531776 -1.04602 406.467 0 0
1500 5.03498 -37.8143 17.8051 -0.868306 -0.543794 406.484 0 0
1500 55.0373 -21.6342 18.5304 -0.0250211 -0.344751 406.666 0 0
1500 101.298 -36.7873 17.9525 0.743706 -0.569384 406.522 0 0
1500 93.3577 18.0986 18.4251 0.672811 0.280466 406.947 0 0
1500 107.32 8.11532 17.995 0.841796 0.0980541 406.844 0 0
1500 88.4492 -22.1921 17.8892 0.488532 -0.419465 406.818 0 0
1500 49.4767 13.5438 18.015 -0.172382 0.255427 406.743 0 0
1500 71.769 -7.55069 18.4101 0.29663 -0.156694 407.178 0 0
1500 13.8807 35.498 17.8275 -0.636071 0.579549 407.103 0 0
1500 84.8174 -47.7974 18.0628 0.414154 -0.792132 407.165 0 0
1500 3.81552 -20.0349 17.9297 -0.844654 -0.368508 407.274 0 0
1500 36.1746 41.2101 17.9999 -0.332185 0.701592 407.222 0 0
1500 60.1785 -41.1598 17.9921 0.00137058 -0.686879 407.166 0 0
1500 92.2691 -22.9902 18.0332 0.629207 -0.334738 407.148 0 0
1500 14.0894 -43.1007 17.9842 -0.775995 -0.686228 407.337 0 0
1500 119.958 -56.9127 17.9115 1.08193 -0.963864 407.146 0 0
1500 130.247 46.7868 17.9079 1.25624 0.807817 407.084 0 0
1500 83.211 56.7345 17.8355 0.420953 0.915858 407.51 0 0
1500 82.915 -45.738 18.0767 0.417467 -0.764392 407.488 0 0
1500 102.294 -22.2128 17.8905 0.74056 -0.286388 407.571 0 0
1500 41.8379 7.31376 18.1435 -0.236373 0.148416 407.641 0 0
1500 69.3235 26.7108 17.9594 0.236748 0.398187 407.678 0 0
1500 84.2559 -56.7489 17.8817 0.440997 -0.912702 407.634 0 0
1500 107.68 -21.2415 18.07 0.842661 -0.357515 407.598 0 0
1500 86.4151 -22.6515 18.1547 0.546871 -0.368286 407.604 0 0
1500 208.168 1.85288 17.8083 2.39298 0.0552428 407.677 0 0
1500 77.4111 -1.76515 18.5127 0.399167 0.0148523 408.104 0 0
1500 78.9785 -6.03213 17.9102 0.365388 -0.0590198 408.02 0 0
1500 83.8909 27.8103 17.8386 0.360487 0.462452 408.17 0 0
1500 104.126 14.1337 18.2121 0.758208 0.286189 408.16 0 0
1500 56.7309 -54.1474 17.9839 -0.050874 -0.875377 407.959 0 0
1500 73.8747 -24.0208 18.0965 0.204258 -0.39085 408.027 0 0
1500 87.1268 26.7455 17.9958 0.554585 0.414381 408.04 0 0
1500 81.7412 -47.4041 18.3276 0.430278 -0.896613 407.975 0 0
1500 57.8406 -3.37499 17.9331 -0.00222402 -0.115713 408.343 0 0
1500 84.4205 46.1143 17.853 0.361614 0.725988 408.378 0 0
1500 94.2461 5.83692 18.8694 0.726358 0.122242 408.253 0 0
1500 55.5391 64.4484 17.9401 -0.0430889 1.02896 408.471 0 0
1500 52.2755 25.4751 18.4729 -0.0517532 0.440013 408.19 0 0
1500 105.101 16.9895 18.1466 0.821672 0.231992 408.357 0 0
1500 52.5819 -4.77808 18.1813 -0.0301079 -0.134049 408.562 0 0
1500 48.5472 18.8552 18.1298 -0.158911 0.288446 408.838 0 0
1500 39.4409 9.73281 18.0374 -0.265612 0.196642 408.711 0 0
1500 63.6199 32.6528 17.8567 0.0688111 0.528407 408.516 0 0
1500 3.95746 -38.6477 17.8406 -0.867357 -0.588315 408.563 0 0
1500 76.9242 -63.4541 17.8799 0.325053 -0.99423 408.902 0 0
1500 112.638 -36.1253 17.9063 0.891468 -0.547187 408.872 0 0
1500 102.098 37.5224 17.8826 0.727163 0.620365 408.504 0 0
1500 69.2258 -54.8904 17.9381 0.243164 -0.878639 408.895 0 0
1500 14.021 -10.7439 18.0871 -0.708518 -0.184562 408.752 0 0
1500 24.3595 -20.7361 17.896 -0.582634 -0.288382 408.926 0 0
1500 38.7284 8.07734 17.9441 -0.318634 0.0545679 408.91 0 0
1500 62.3537 2.27525 17.8326 0.0429312 0.110979 408.52 0 0
1500 44.4876 20.0286 18.0465 -0.302028 0.410559 408.815 0 0
1500 92.342 -18.5136 18.3655 0.588104 -0.300387 408.937 0 0
1500 117.491 -26.0369 17.9845 0.964972 -0.407095 408.974 0 0
1500 115.943 0.742064 18.1406 0.972942 -0.0121831 409.161 0 0
1500 15.2929 -0.36299 17.8933 -0.720222 0.0262325 409.148 0 0
1500 88.4826 20.8719 17.8228 0.448727 0.398977 409.174 0 0
1500 41.9361 -7.33366 17.9675 -0.276469 -0.118714 409.574 0 0
1500 45.5735 -19.593 17.9663 -0.226186 -0.289498 409.484 0 0
1500 26.7738 -9.76561 17.9627 -0.489697 -0.153289 409.214 0 0
1500 0.771578 29.6168 17.8418 -0.91477 0.482147 409.376 0 0
1500 119.344 2.9276 17.9338 0.991998 -0.00328068 409.556 0 0
1500 122.201 -18.5893 18.0042 1.07416 -0.250136 409.211 0 0
1500 8.04788 -7.53608 17.8885 -0.82613 -0.0836231 409.59 0 0
1500 127.162 65.3967 17.9566 1.13554 1.06953 409.223 0 0
1500 89.2344 -56.2943 17.8819 0.500089 -0.878748 409.697 0 0
1500 130.127 9.08352 18.0158 1.26334 0.100398 409.617 0 0
1500 57.1189 64.5388 17.868 -0.0491408 1.03349 409.812 0 0
1500 28.3909 17.5362 17.8821 -0.481769 0.344018 409.82 0 0
1500 95.6251 -31.1724 18.3361 0.709832 -0.650399 409.829 0 0
1500 98.156 -18.9875 17.9893 0.626128 -0.324155 409.982 0 0
1500 85.7768 42.0826 17.8195 0.457804 0.62933 409.961 0 0
1500 24.5221 -57.1105 17.8008 -0.463706 -0.900916 410.016 0 0
1500 100.583 26.81 17.8112 0.653764 0.43265 410.538 0 0
1500 85.1812 -51.1199 17.8876 0.434993 -0.792252 410.683 0 0
1500 89.0218 -58.2692 17.9306 0.528324 -0.904894 410.712 0 0
1500 117.523 29.0869 17.8738 0.951437 0.475769 410.376 0 0
1500 150.311 -49.1933 17.8745 1.46166 -0.741077 410.648 0 0
1500 21.5563 49.8129 17.8804 -0.609434 0.780263 410.679 0 0
1500 100.768 -26.5757 18.0622 0.752022 -0.408867 410.396 0 0
1500 30.1782 -10.2352 18.0647 -0.470283 -0.129993 410.442 0 0
1500 100.379 -5.71976 17.9812 0.702366 -0.0181098 410.578 0 0
1500 76.7518 -9.06143 18.1897 0.371619 -0.226889 410.578 0 0
1500 45.1328 -27.1966 18.2268 -0.265923 -0.461267 410.698 0 0
1500 41.5946 -25.7023 17.8288 -0.299637 -0.339146 411 0 0
1500 165.084 38.2074 17.9907 1.817 0.697848 410.856 0 0
1500 62.9071 -23.6666 18.0093 0.00752604 -0.450682 410.799 0 0
1500 96.603 51.8635 17.8793 0.619841 0.80553 411.096 0 0
1500 44 -30.2357 18.0037 -0.188321 -0.490266 411.261 0 0
1500 96.2223 -25.3741 18.4543 0.681105 -0.42988 411.185 0 0
1500 78.8999 60.2815 17.8794 0.314846 0.974929 411.214 0 0
1500 61.5081 44.8988 17.9282 0.131017 0.763984 411.127 0 0
1500 87.4878 -45.7054 17.889 0.473749 -0.7055 411.664 0 0
1500 79.3828 -25.0038 18.1808 0.368969 -0.457033 411.504 0 0
1500 86.1479 40.478 18.0089 0.526262 0.626992 411.676 0 0
1500 69.2083 -39.1712 18.1137 0.231663 -0.66792 411.706 0 0
1500 45.3718 -17.5718 17.9559 -0.253503 -0.243209 411.869 0 0
1500 53.604 -3.25237 17.9589 -0.125921 -0.0207039 411.68 0 0
1500 97.6818 28.9655 18.0265 0.745996 0.509499 411.535 0 0
1500 82.4154 63.9504 18.3872 0.508536 1.15516 411.815 0 0
1500 81.6771 -1.29435 18.6374 0.486539 0.0192551 412.002 0 0
1500 34.8133 -35.333 18.0965 -0.379926 -0.583298 412.13 0 0
1500 -8.49909 14.2405 17.802 -1.00866 0.292354 412.331 0 0
1500 57.3688 15.5801 18.2697 0.0737421 0.309637 412.289 0 0
1500 58.1467 5.06792 18.3123 0.0638254 0.153676 412.324 0 0
1500 58.5879 10.3506 18.0572 0.019532 0.235579 412.138 0 0
1500 -206.471 -89.179 17.9152 -4.40427 -1.47778 412.219 0 0
1500 93.1599 40.0278 18.509 0.728673 0.767526 412.139 0 0
1500 99.282 10.9273 17.8311 0.590474 0.224479 412.446 0 0
1500 112.897 -26.2673 17.9358 0.857795 -0.422395 412.478 0 0
1500 76.7017 -22.7739 18.0834 0.327077 -0.425912 412.471 0 0
1500 107.659 -33.1676 17.9839 0.776548 -0.610039 412.429 0 0
1500 113.254 19.9015 17.8095 0.864267 0.286575 412.555 0 0
1500 119.494 20.4046 17.96 0.974331 0.33101 412.686 0 0
1500 24.3008 57.574 17.8781 -0.551324 0.870413 412.709 0 0
1500 68.7885 18.2318 17.9039 0.223943 0.319136 412.656 0 0
1500 110.188 -39.1344 17.9289 0.861717 -0.57998 412.79 0 0
1500 87.1074 31.2496 17.8445 0.526645 0.471048 412.629 0 0
1500 52.6442 -19.9733 18.227 -0.0365926 -0.342106 412.999 0 0
1500 56.7342 16.4068 18.219 -0.0236345 0.270545 413.446 0 0
1500 -1.21963 -24.4504 17.897 -0.935786 -0.409963 413.217 0 0
1500 103.825 -46.4779 17.8231 0.758331 -0.671307 413.041 0 0
1500 79.8148 30.0897 18.3224 0.431814 0.517625 413.354 0 0
1500 108.927 3.12925 18.0368 0.865791 0.0154628 413.197 0 0
1500 65.6967 -18.4104 18.2892 0.120794 -0.331884 413.244 0 0
1500 95.3452 -38.4704 17.8367 0.646383 -0.599154 413.384 0 0
1500 116.737 -5.91833 18.0709 1.02949 -0.109131 413.007 0 0
1500 90.5069 12.5447 18.1738 0.54074 0.221771 413.629 0 0
1500 88.1029 -17.7443 18.2251 0.502266 -0.301748 413.855 0 0
1500 74.1019 -12.9201 17.8974 0.240986 -0.249464 413.737 0 0
1500 109.886 41.1023 17.879 0.803987 0.66865 413.893 0 0
1500 135.029 -68.0469 17.7995 1.10845 -1.0786 413.654 0 0
1500 90.6216 12.8109 18.0506 0.524605 0.275214 413.731 0 0
1500 18.8631 -11.4651 17.956 -0.602325 -0.162211 414.891 0 0
1500 37.3282 47.6771 17.8904 -0.351291 0.70606 414.642 0 0
1500 44.0145 60.2887 17.8052 -0.238391 0.937746 414.044 0 0
1500 86.9627 58.9487 17.8795 0.46511 0.926605 414.204 0 0
1500 -3.42246 15.1194 17.9311 -0.973514 0.254857 414.407 0 0
1500 100.999 -40.7937 17.8802 0.659219 -0.692092 414.726 0 0
1500 79.0925 28.8127 18.0262 0.422855 0.461745 414.457 0 0
1500 -34.1711 11.4493 17.8846 -1.49732 0.168822 414.07 0 0
1500 76.0709 -33.7487 17.9344 0.348133 -0.571219 414.489 0 0
1500 79.9715 7.01766 17.8737 0.408109 0.0622534 414.228 0 0
1500 107.731 10.045 17.8867 0.853341 0.170236 414.583 0 0
1500 85.4789 22.9036 17.8833 0.494405 0.310058 414.764 0 0
1500 53.6075 -45.411 17.8344 -0.0936246 -0.778162 414.829 0 0
1500 91.1073 19.7148 18.058 0.577239 0.381646 414.126 0 0
1500 84.9501 6.82644 18.1537 0.4763 0.183185 414.488 0 0
1500 82.8437 -10.8634 17.8587 0.422006 -0.242341 414.249 0 0
1500 124.179 -10.7428 17.9592 1.16373 -0.150209 414.729 0 0
1500 166.403 28.6294 17.9493 1.86483 0.532086 414.689 0 0
1500 114.667 30.5778 18.0567 1.03562 0.557338 414.823 0 0
1500 85.4767 -13.9367 17.97 0.454904 -0.153363 415.544 0 0
1500 51.4322 52.4458 17.8124 -0.129156 0.812848 415.004 0 0
1500 102.214 -22.3417 17.8989 0.698369 -0.347325 415.682 0 0
1500 53.7225 -60.1807 17.8031 -0.0120732 -0.915352 414.917 0 0
1500 99.9811 34.7611 17.8193 0.642039 0.554212 415.613 0 0
1500 118.056 -12.3262 17.984 0.966975 -0.177793 414.926 0 0
1500 67.036 49.3517 17.8855 0.203362 0.804236 415.193 0 0
1500 10.0109 -17.394 17.8813 -0.742031 -0.341704 415.548 0 0
1500 81.4061 -15.2415 17.949 0.429328 -0.292346 415.333 0 0
1500 63.5305 24.3455 17.8672 0.0826787 0.456975 415.01 0 0
1500 52.1635 81.4913 17.961 -0.0310211 1.37432 415.311 0 0
1500 76.3228 -61.9397 18.0404 0.340836 -1.14476 415.597 0 0
1500 54.0562 23.2876 18.1157 0.00497949 0.385404 416.038 0 0
1500 78.1941 -11.8577 17.988 0.372724 -0.147397 416.392 0 0
1500 0.305806 11.3254 17.8584 -0.868827 0.217759 416.272 0 0
1500 92.2469 -7.70419 18.3152 0.645368 -0.0800118 416.168 0 0
1500 98.5046 -15.8366 17.9974 0.6255 -0.314358 415.976 0 0
1500 84.637 53.3989 17.8782 0.465973 0.854079 416.116 0 0
1500 85.3754 3.43848 18.2039 0.484627 0.126558 415.934 0 0
1500 53.736 -103.323 17.8163 -0.00445484 -1.61495 416.229 0 0
1500 27.1983 39.3141 17.854 -0.475399 0.678779 416.089 0 0
1500 75.9375 48.2353 17.8526 0.270828 0.813693 416.232 0 0
1500 104.347 17.4141 17.8559 0.708695 0.344164 415.908 0 0
1500 9.05216 11.3513 17.8555 -0.755156 0.250878 415.941 0 0
1500 105.914 -0.134216 17.8307 0.742366 -0.0790937 415.804 0 0
1500 107.431 -23.0869 17.8249 0.759166 -0.429469 416.368 0 0
1500 67.5547 34.4791 18.0103 0.212613 0.593123 416.412 0 0
1500 98.8301 7.96452 17.8442 0.708228 0.121445 416.123 0 0
1500 87.711 29.2845 17.8449 0.537022 0.451035 416.065 0 0
1500 39.7591 -25.8713 17.9318 -0.309903 -0.466782 416.204 0 0
1500 113.292 15.3363 18.024 0.92892 0.295293 416.376 0 0
1500 53.1683 -45.5595 18.0244 -0.138123 -0.745705 415.724 0 0
1500 52.3868 -15.7192 17.9445 -0.0948645 -0.282395 416.503 0 0
1500 98.6937 3.20812 18.3116 0.738833 0.0837777 416.486 0 0
1500 80.6768 93.6521 17.8502 0.366247 1.58546 416.495 0 0
1500 73.5475 -2.42513 18.3502 0.333159 -0.037589 416.677 0 0
1500 53.3989 31.5038 17.8845 -0.0852632 0.507394 416.572 0 0
1500 62.2192 31.574 17.8322 0.10012 0.500136 416.799 0 0
1500 159.514 -53.1539 17.8065 1.55976 -0.775295 416.552 0 0
1500 89.435 32.2728 18.3096 0.59841 0.517476 416.684 0 0
1500 85.5593 20.1581 18.4817 0.625177 0.376308 416.563 0 0
1500 87.5656 44.367 18.0311 0.477383 0.754564 416.817 0 0
1500 19.1244 30.0919 17.9014 -0.651178 0.418683 416.955 0 0
1500 74.3138 -11.4019 17.9654 0.236374 -0.250261 417.042 0 0
1500 120.075 19.2307 17.8744 0.985725 0.333811 417.104 0 0
1500 62.0982 9.10936 17.958 0.139279 0.126765 417.346 0 0
1500 107.951 -0.643554 18.0293 0.790014 -0.0424613 417.692 0 0
1500 70.9131 -64.5596 17.8693 0.184342 -1.02955 417.727 0 0
1500 18.5852 51.9548 17.8432 -0.591386 0.849503 417.853 0 0
1500 68.4155 61.8043 17.8445 0.152917 1.00211 417.475 0 0
1500 21.0723 -50.5541 17.8122 -0.533938 -0.834282 417.24 0 0
1500 104.608 -43.3389 17.8105 0.722926 -0.721055 417.634 0 0
1500 62.2368 64.5574 17.8056 0.10395 1.02727 417.891 0 0
1500 102.724 12.4059 18.191 0.791808 0.209993 417.782 0 0
1500 75.2106 55.9729 17.857 0.290016 0.917431 417.457 0 0
1500 43.2756 -22.547 18.1104 -0.267317 -0.348393 417.289 0 0
1500 79.4191 -10.9332 17.9573 0.399379 -0.244655 417.276 0 0
1500 98.4292 -0.432566 18.5163 0.703201 -0.0179627 417.912 0 0
1500 90.8017 -37.5031 17.8862 0.539911 -0.549708 418.274 0 0
1500 59.7205 63.602 17.8637 -0.00228631 1.01918 418.061 0 0
1500 89.018 -10.2903 18.4644 0.564224 -0.227245 418.184 0 0
1500 90.7134 -53.1573 17.9137 0.464886 -0.863718 418.093 0 0
1500 154.846 123.003 17.8094 1.54003 1.88111 418.207 0 0
1500 64.6511 33.4388 18.1627 0.172174 0.580632 418.101 0 0
1500 102.802 11.2799 17.8937 0.757855 0.216237 418.148 0 0
1500 62.7707 47.2271 17.894 0.144185 0.767693 418.119 0 0
1500 65.7936 26.8377 18.1008 0.148685 0.488396 418.202 0 0
1500 118.392 44.1791 17.8426 0.90364 0.754617 417.925 0 0
1500 62.8127 22.6384 18.0087 0.0696027 0.42269 418.249 0 0
1500 63.5838 -65.3929 17.8155 0.0858677 -1.04412 418.398 0 0
1500 110.358 -11.7316 17.9931 0.882319 -0.205444 418.364 0 0
1500 18.7682 10.0452 17.8212 -0.63946 0.0834118 418.364 0 0
1500 67.2476 11.3786 18.3103 0.175411 0.222087 418.563 0 0
1500 85.8809 23.8111 17.8352 0.393089 0.405928 418.843 0 0
1500 103.865 34.9195 17.8189 0.657233 0.572113 418.915 0 0
1500 82.5764 23.3422 18.8829 0.517627 0.41071 418.663 0 0
1500 99.5492 -50.892 17.8716 0.596361 -0.810322 419.118 0 0
1500 67.0285 -65.0987 17.8155 0.136872 -1.03903 418.445 0 0
1500 6.03018 -43.2064 17.816 -0.760314 -0.707932 419.07 0 0
1500 -2.69391 -32.0046 17.8155 -0.893854 -0.546708 418.659 0 0
1500 35.2131 63.8842 17.8049 -0.296029 1.00227 418.886 0 0
1500 113.487 -36.981 17.9115 0.84857 -0.615486 418.986 0 0
1500 95.8376 26.7065 18.1553 0.641213 0.473463 418.735 0 0
1500 118.714 -9.17387 17.8014 0.980788 -0.102472 419.091 0 0
1500 23.4668 38.2251 17.8615 -0.599126 0.600709 418.431 0 0
1500 67.011 52.8546 17.8502 0.188752 0.864853 418.816 0 0
1500 85.0178 8.42147 18.6338 0.544937 0.199547 418.954 0 0
1500 91.554 -18.661 17.9456 0.597408 -0.248501 418.463 0 0
1500 76.2359 40.5144 17.9984 0.273888 0.690782 419.035 0 0
1500 58.5908 -39.0269 17.9052 0.0750734 -0.649243 418.925 0 0
1500 33.0268 38.7092 17.9248 -0.383642 0.668567 418.975 0 0
1500 80.0609 -33.2528 18.3933 0.417874 -0.584816 419.183 0 0
1500 79.1654 -15.6438 18.0891 0.336373 -0.314254 418.905 0 0
1500 74.1803 -22.9517 17.982 0.343093 -0.375215 418.7 0 0
1500 41.7216 34.4163 17.9178 -0.315692 0.550988 419.008 0 0
1500 42.8648 20.5438 17.9518 -0.297403 0.306808 418.829 0 0
1500 82.3785 57.881 17.8654 0.313143 0.938896 418.476 0 0
1500 -6.66235 74.8696 17.8414 -1.08314 1.13773 418.783 0 0
1500 -1.597 14.3261 17.9303 -0.997619 0.234744 418.877 0 0
1500 125.575 3.69826 17.8884 1.09235 -0.0137059 419.17 0 0
1500 123.553 -34.4447 17.9476 1.10775 -0.615336 418.877 0 0
1500 -37.1857 10.1371 17.9865 -1.65466 0.114471 419.159 0 0
1500 29.1228 -59.098 17.8167 -0.419518 -0.937731 419.333 0 0
1500 95.2219 35.5979 17.9946 0.560903 0.612256 419.398 0 0
1500 54.5184 -51.7592 17.8117 -0.0835371 -0.864052 419.234 0 0
1500 43.8364 40.6414 17.9442 -0.279905 0.613395 419.386 0 0
1500 82.4551 -41.706 17.8076 0.447727 -0.623492 419.226 0 0
1500 146.8 20.3841 17.8763 1.46463 0.26108 419.317 0 0
1500 102.031 8.12666 17.9762 0.694912 0.153504 419.489 0 0
1500 58.5335 -64.9857 17.8106 0.0305934 -1.01773 419.481 0 0
1500 91.3013 -0.373326 18.2653 0.608358 -0.0651336 419.499 0 0
1500 87.9266 7.65405 17.8593 0.539721 0.146099 419.431 0 0
1500 58.8899 37.4193 17.9976 -0.0126099 0.645392 419.463 0 0
1500 65.6515 -23.1508 17.8172 0.053023 -0.409663 419.481 0 0
1500 124.249 7.6705 18.0201 1.17728 0.103228 419.529 0 0
1500 94.5889 30.223 18.1302 0.724719 0.509642 419.447 0 0
1500 92.1441 15.8465 18.324 0.564477 0.277212 419.584 0 0
1500 21.4783 26.7109 17.8804 -0.581576 0.382361 419.609 0 0
1500 85.4791 -58.0622 17.8181 0.402797 -0.917442 419.715 0 0
1500 114.813 33.231 17.9909 0.89335 0.546396 419.696 0 0
1500 107.425 43.2425 17.9909 0.785242 0.692694 419.704 0 0
1500 100.793 -50.9239 17.8492 0.643159 -0.827327 419.893 0 0
1500 100.497 41.389 17.8975 0.682824 0.69124 419.791 0 0
1500 -69.3197 91.2929 17.796 -1.90233 1.45283 419.61 0 0
1500 97.9689 1.80404 18.0667 0.712203 0.00252364 419.744 0 0
1500 34.8207 1.19981 17.813 -0.394124 -0.0495922 419.648 0 0
1500 98.2493 -3.10801 17.9189 0.706727 -0.0460694 419.619 0 0
1500 112.18 -3.65521 17.9136 0.950657 -0.112404 419.765 0 0
1500 54.8494 62.5666 17.9813 0.0148588 1.08202 419.936 0 0
1500 78.4934 -100.509 18.17 0.338086 -1.82783 419.869 0 0
1500 64.2145 -6.49149 18.0545 0.168557 -0.126821 420.149 0 0
1500 87.0463 -54.6815 18.0571 0.483374 -0.882854 420.118 0 0
1500 90.1594 -54.2463 17.9681 0.532619 -0.871704 420.03 0 0
1500 70.1812 -61.2636 17.9855 0.217111 -0.985779 420.077 0 0
1500 83.6949 58.4395 17.8426 0.434534 0.931342 420.133 0 0
1500 65.584 10.4953 18.2477 0.109579 0.207385 420.219 0 0
1500 57.923 -17.2731 18.3956 0.0400747 -0.297909 420.438 0 0
1500 97.6645 -16.5811 17.9422 0.62658 -0.276542 421.164 0 0
1500 88.664 -37.2781 17.8239 0.458072 -0.596787 421.353 0 0
1500 110.086 40.3979 17.8414 0.819443 0.653753 420.929 0 0
1500 31.4809 -57.1029 17.8036 -0.427765 -0.927397 420.535 0 0
1500 115.428 -15.814 18.0536 0.955618 -0.259904 421.308 0 0
1500 45.3516 23.3677 18.2437 -0.199368 0.402814 420.487 0 0
1500 48.1128 31.4916 18.241 -0.156806 0.525144 420.679 0 0
1500 103.989 -16.0374 17.8496 0.779595 -0.219309 420.233 0 0
1500 13.1758 31.8367 17.8007 -0.751869 0.441258 420.864 0 0
1500 43.1118 -11.6869 18.14 -0.248778 -0.228529 420.626 0 0
1500 75.3641 -29.6217 18.1346 0.245841 -0.501453 421.004 0 0
1500 68.0294 -21.1185 18.1006 0.162618 -0.397209 420.719 0 0
1500 57.9664 11.5257 17.9861 0.065574 0.240548 420.242 0 0
1500 18.0632 25.1166 17.8185 -0.671855 0.331272 420.76 0 0
1500 18.946 -27.0942 17.8159 -0.65579 -0.472924 421.001 0 0
1500 79.3395 -26.6007 17.9792 0.42433 -0.41209 420.89 0 0
1500 88.7314 5.3145 17.9798 0.569417 0.0797964 420.85 0 0
1500 85.6039 -29.1363 17.9759 0.518757 -0.449336 421.154 0 0
1500 12.8902 -8.3467 17.877 -0.724722 -0.059971 421.043 0 0
1500 14.2933 5.07602 17.8083 -0.732512 0.13452 420.915 0 0
1500 46.4725 -17.7232 17.9647 -0.138658 -0.348834 420.719 0 0
1500 51.3354 -32.312 18.0696 -0.153388 -0.496881 420.555 0 0
1500 69.7566 28.5496 18.0576 0.203359 0.46491 421.484 0 0
1500 42.4717 28.0392 17.8542 -0.183208 0.455183 421.509 0 0
1500 98.0421 -16.2236 17.8347 0.568758 -0.29982 421.749 0 0
1500 113.152 -13.2477 17.8439 0.859805 -0.212411 421.609 0 0
1500 38.7775 -62.8264 17.8025 -0.311819 -0.992935 421.903 0 0
1500 119.881 -7.52042 18.0517 1.01516 -0.135491 421.756 0 0
1500 93.6492 -31.8626 17.8024 0.494199 -0.541154 421.55 0 0
1500 70.8675 -62.8461 17.7938 0.129779 -0.993574 421.877 0 0
1500 7.09685 -23.4105 17.8102 -0.829748 -0.412161 421.65 0 0
1500 44.1337 -53.2538 17.8111 -0.266264 -0.868216 421.527 0 0
1500 65.7628 -55.8824 17.811 0.0636933 -0.908121 421.541 0 0
1500 52.8914 -41.7682 17.8358 -0.119678 -0.711059 421.575 0 0
1500 43.8992 27.3574 17.8559 -0.294736 0.438894 421.55 0 0
1500 109.399 -0.647709 17.8539 0.863923 -0.0662289 421.88 0 0
1500 96.7657 12.8206 18.3138 0.655778 0.210342 422.003 0 0
1500 70.7047 -0.808008 17.9535 0.244007 -0.0538332 422.058 0 0
1500 76.7269 -27.8224 17.8383 0.266419 -0.461796 422.046 0 0
1500 83.7542 -34.3052 17.8467 0.435045 -0.486073 422.138 0 0
1500 115.086 -20.5778 17.8215 0.88952 -0.308877 422.078 0 0
1500 24.6273 -57.6779 17.8667 -0.486885 -0.918023 422.139 0 0
1500 38.7452 26.8106 17.9445 -0.345982 0.460212 422.101 0 0
1500 50.6629 -28.4826 17.8398 -0.10021 -0.470325 422.161 0 0
1500 85.768 -29.1618 17.9309 0.420295 -0.47753 422.229 0 0
1500 97.5083 4.53334 18.0105 0.612705 0.121344 422.782 0 0
1500 91.4713 33.2371 18.0058 0.531403 0.526017 422.358 0 0
1500 61.5431 23.8303 17.8783 0.0771344 0.399253 422.779 0 0
1500 115.65 18.4567 17.9449 0.896311 0.310881 422.566 0 0
1500 102.064 -34.6845 17.8949 0.700236 -0.550705 422.722 0 0
1500 1.8609 -31.4175 17.8051 -0.845103 -0.524802 422.69 0 0
1500 59.1698 62.7463 17.8634 -0.0115541 1.00831 422.767 0 0
1500 97.1958 42.5012 17.8668 0.672766 0.660418 422.298 0 0
1500 98.9344 26.1719 18.1673 0.64941 0.469 422.762 0 0
1500 58.7544 15.2433 18.3759 0.0936853 0.30646 422.345 0 0
1500 22.7486 36.7649 17.8439 -0.614082 0.576131 422.569 0 0
1500 90.7214 -14.9343 17.9449 0.482712 -0.298832 422.955 0 0
1500 78.2879 -10.7859 17.8401 0.387531 -0.198955 422.783 0 0
1500 62.8861 69.3496 17.8749 0.0313098 1.14818 422.733 0 0
1500 86.1612 8.89265 18.1563 0.490165 0.0939218 424.619 0 0
1500 76.6666 -34.9482 18.0784 0.295918 -0.552715 424.725 0 0
1500 88.8907 -6.28162 17.9041 0.497627 -0.0484346 424.301 0 0
1500 31.2416 -6.13564 17.8862 -0.396113 -0.150747 424.46 0 0
1500 96.2152 -11.5557 18.2737 0.646922 -0.182821 425.866 0 0
1500 104.724 -6.79469 17.9421 0.733138 -0.0601936 424.409 0 0
1500 108.779 15.0132 17.9379 0.795254 0.249092 423.972 0 0
1500 38.1921 -61.4456 17.9086 -0.291928 -0.951942 423.269 0 0
1500 52.7789 31.684 17.9339 -0.0740131 0.512387 425.16 0 0
1500 104.082 -42.8298 17.8084 0.636291 -0.685231 423.246 0 0
1500 64.2363 -34.7924 17.8241 0.0600795 -0.556249 424.87 0 0
1500 54.1636 -48.7902 17.8165 -0.0826861 -0.76078 424.196 0 0
1500 88.654 -31.9882 17.8207 0.405874 -0.518784 424.588 0 0
1500 27.6202 5.70475 17.8382 -0.493035 0.107553 425.796 0 0
1500 123.129 -0.188081 17.9589 1.03963 -0.000105826 423.311 0 0
1500 57.7545 32.7436 17.8435 0.0431546 0.51267 426.822 0 0
1500 73.1134 34.4306 17.8409 0.259868 0.537955 426.616 0 0
1500 121.747 -13.7158 17.8999 1.01101 -0.191855 424.729 0 0
1500 97.6718 -14.0928 17.9469 0.637042 -0.223 427.209 0 0
1500 2.90299 2.93977 17.8037 -0.84188 0.0940728 426.036 0 0
1500 89.1938 61.3384 17.793 0.40824 0.964896 423.522 0 0
1500 115.283 -16.5783 17.8677 0.897641 -0.222456 425.912 0 0
1500 95.4145 -8.58861 18.9608 0.760506 -0.115299 425.497 0 0
1500 99.0201 -20.3723 17.9547 0.614274 -0.353711 427.32 0 0
1500 74.9643 -35.1487 17.9578 0.274409 -0.559607 427.599 0 0
1500 81.6386 -60.1089 17.9401 0.380002 -0.939327 425.355 0 0
1500 40.7891 -43.2394 17.9702 -0.25116 -0.674522 427.607 0 0
1500 46.8959 62.8745 17.8745 -0.177535 0.979766 425.754 0 0
1500 102.424 -30.7974 17.8047 0.620969 -0.510358 427.153 0 0
1500 28.679 55.4597 17.8623 -0.425703 0.907606 423.81 0 0
1500 -1.75365 28.2062 17.8335 -0.948178 0.426519 425.405 0 0
1500 -7.71051 7.13001 17.8331 -1.04017 0.117665 425.107 0 0
1500 117.214 24.0665 17.8216 0.959999 0.339159 424.413 0 0
1500 99.1878 34.829 18.1293 0.688498 0.589753 424.582 0 0
1500 107.876 -40.0714 17.8279 0.772399 -0.638334 426.628 0 0
1500 51.7484 66.0178 17.9128 -0.0630264 1.04571 426.024 0 0
1500 45.576 37.2529 18.0325 -0.241486 0.574219 423.747 0 0
1500 49.5044 65.9426 17.7942 -0.0598528 1.01343 425.182 0 0
1500 108.572 16.456 18.0387 0.812876 0.291649 427.532 0 0
1500 80.789 -34.2726 17.945 0.316942 -0.587695 423.714 0 0
1500 118.329 28.7161 17.8148 0.965169 0.398296 425.949 0 0
1500 106.891 -17.2017 17.8243 0.817302 -0.293079 424.111 0 0
1500 79.4334 23.8773 17.8255 0.40887 0.373031 423.106 0 0
1500 120.671 18.5972 17.8035 1.00556 0.278209 426.012 0 0
1500 118.077 28.3981 17.8033 0.95928 0.420885 426.546 0 0
1500 54.9027 -17.986 18.6443 0.00830368 -0.321872 425.816 0 0
1500 17.9615 32.3993 17.8387 -0.643838 0.565366 424.551 0 0
1500 64.5184 45.3901 17.968 0.118184 0.76969 424.696 0 0
1500 103.521 -35.0785 18.1502 0.773525 -0.572871 426.519 0 0
1500 66.6319 34.2293 17.946 0.222165 0.555171 424.039 0 0
1500 108.562 -35.1425 17.8007 0.739941 -0.607316 425.466 0 0
1500 4.6933 -47.2994 17.8196 -0.870292 -0.739474 426.556 0 0
1500 134.576 -53.4501 17.8681 1.29047 -0.869134 423.753 0 0
1500 99.9106 16.1934 17.9734 0.646724 0.320817 426.893 0 0
1500 -1.51865 -21.6968 17.8462 -1.01845 -0.354017 424.318 0 0
1500 101.131 -63.3969 17.8904 0.639247 -1.04593 426.127 0 0
1500 10.7483 -26.4854 17.9711 -0.752266 -0.453958 427.403 0 0
1500 117.846 26.8953 17.9587 1.02008 0.50718 423.29 0 0
1500 79.6836 -45.2883 17.9481 0.420107 -0.70769 427.466 0 0
1500 102.124 22.6137 17.8515 0.754648 0.337662 427.361 0 0
1500 -6.35226 9.16968 17.9433 -1.04382 0.219466 425.319 0 0
1500 75.9198 -34.3056 17.9692 0.276806 -0.602503 427.637 0 0
1500 105.679 -66.7675 18.0889 0.862234 -1.10558 425.22 0 0
1500 18.79 2.43092 17.8783 -0.675688 0.0199392 427.659 0 0
1500 57.549 17.5097 18.0237 -0.048006 0.351419 423.63 0 0
1500 39.3614 66.6605 17.9308 -0.245149 1.12132 426.429 0 0
1500 53.2722 44.0636 17.9437 -0.11267 0.811564 423.269 0 0
1500 81.4046 50.4055 18.0175 0.374689 0.885068 425.912 0 0
1500 73.2709 43.4941 18.1379 0.200547 0.736927 424.825 0 0
1500 102.524 -24.0379 18.0998 0.760205 -0.462699 426.693 0 0
1500 60.1004 69.4936 18.0011 0.0794304 1.22915 426.11 0 0
1500 51.6504 12.8384 18.146 -0.199861 0.204573 423.468 0 0
1500 83.3984 -4.35793 17.964 0.390068 -0.126811 428.085 0 0
1500 71.1688 24.6187 18.0824 0.26707 0.382837 428.458 0 0
1500 44.1056 6.48763 17.9003 -0.209747 0.156628 428.458 0 0
1500 31.621 -10.0545 17.8446 -0.407321 -0.201029 428.075 0 0
1500 25.553 -17.2568 17.8545 -0.525015 -0.230984 428.304 0 0
1500 108.832 -22.5058 17.9348 0.773969 -0.380669 428.46 0 0
1500 35.9062 -48.6639 17.9703 -0.334384 -0.811382 427.814 0 0
1500 22.5839 34.5116 18.0306 -0.552008 0.588652 428.515 0 0
1500 41.3666 42.879 17.8766 -0.326279 0.643157 427.805 0 0
1500 74.3473 -13.01 17.9563 0.341663 -0.222728 428.028 0 0
1500 86.4299 16.1805 17.9518 0.525316 0.226655 428.382 0 0
1500 68.9116 -4.75963 18.0748 0.267563 -0.123078 427.824 0 0
1500 75.1011 -22.5798 18.4563 0.345474 -0.347878 431.179 0 0
1500 99.7123 -16.3573 17.9496 0.637311 -0.26957 429.647 0 0
1500 64.6554 -4.13979 17.9584 0.156831 -0.0109157 429.781 0 0
1500 45.4374 -28.2235 17.9627 -0.201801 -0.450846 429.497 0 0
1500 16.6862 -7.11818 17.8876 -0.61601 -0.158553 428.959 0 0
1500 79.6234 -36.1426 17.9431 0.354067 -0.568034 429.292 0 0
1500 52.8992 49.9225 17.9266 -0.0441809 0.77546 428.889 0 0
1500 68.9575 42.9623 17.9299 0.182348 0.673995 429.196 0 0
1500 42.8325 -44.0805 17.9393 -0.234952 -0.683808 429.153 0 0
1500 37.1368 10.8793 18.073 -0.329995 0.142123 430.714 0 0
1500 69.4366 28.5431 17.8526 0.11962 0.457276 430.225 0 0
1500 58.0234 13.2246 18.0497 -0.0127527 0.241103 431.383 0 0
1500 1.50513 16.6931 17.8369 -0.839595 0.304675 428.915 0 0
1500 18.6126 14.4949 17.8477 -0.584993 0.268912 430.012 0 0
1500 8.72323 17.1405 17.8417 -0.73043 0.308715 429.452 0 0
1500 29.1296 40.1203 17.8426 -0.439369 0.635002 429.544 0 0
1500 61.4297 45.4834 17.8383 0.0234634 0.710974 430.359 0 0
1500 72.4057 69.7268 17.8181 0.175862 1.08829 428.624 0 0
1500 82.7185 15.3204 17.8994 0.41991 0.233898 432.57 0 0
1500 113.805 1.00705 17.8845 0.872242 0.0340957 431.183 0 0
1500 119.167 10.9565 17.8422 0.995783 0.155846 428.677 0 0
1500 72.5516 -48.2442 18.0492 0.269967 -0.787724 429.561 0 0
1500 86.2882 -58.7154 18.0066 0.464948 -0.934247 430.75 0 0
1500 87.0077 -48.3793 18.0126 0.485561 -0.798488 429.35 0 0
1500 17.683 25.4783 17.8765 -0.634822 0.344431 433.57 0 0
1500 64.5538 42.7523 18.0447 0.0720653 0.702471 428.83 0 0
1500 -60.1529 -9.61083 17.8368 -1.83017 -0.13128 430.433 0 0
1500 98.7303 18.438 17.9452 0.707254 0.258784 429.018 0 0
1500 9.18058 16.6979 17.997 -0.786104 0.289961 429.296 0 0
1500 95.9853 55.5501 17.9078 0.565865 0.910976 429.842 0 0
1500 94.3674 4.86347 18.1071 0.625375 0.00587468 429.027 0 0
1500 116.908 -16.519 17.9934 0.933023 -0.261629 433.323 0 0
1500 106.492 3.95024 18.1025 0.833144 0.0976116 429.982 0 0
1500 11.5347 -50.4427 17.7987 -0.761155 -0.72069 431.512 0 0
1500 -7.78186 3.39485 17.7989 -1.04162 0.0771657 431.898 0 0
1500 -4.9715 0.0223603 17.8004 -1.0191 0.0279619 430.639 0 0
1500 86.0723 -30.1187 17.8636 0.509559 -0.48946 429.07 0 0
1500 101.171 -2.76831 17.8607 0.681692 -0.119046 429.054 0 0
1500 118.581 -29.0588 17.8435 0.914199 -0.505036 431.634 0 0
1500 89.4431 -11.6427 18.1137 0.587765 -0.137752 429.097 0 0
1500 28.0598 -32.3355 17.8575 -0.524988 -0.45747 429.604 0 0
1500 118.929 -16.4816 17.9001 0.938003 -0.32148 431.478 0 0
1500 -2.87428 14.9834 17.7933 -0.960074 0.291214 431.491 0 0
1500 2.33017 -12.3425 17.839 -0.884002 -0.120895 430.836 0 0
1500 25.6873 107.857 17.8518 -0.547657 1.69168 431.078 0 0
1500 79.7302 -10.5009 17.8837 0.286776 -0.217244 429.495 0 0
1500 70.8663 28.8452 17.8627 0.243153 0.513969 429.868 0 0
1500 101.329 8.26604 17.8565 0.710859 0.192906 430.356 0 0
1500 59.1562 13.8971 17.8694 0.0617266 0.283823 429.414 0 0
1500 113.201 -10.2724 17.8496 0.884362 -0.0918508 431.052 0 0
1500 41.0733 55.9799 17.8471 -0.214508 0.913931 431.38 0 0
1500 113.469 8.62756 17.8486 0.886866 0.19602 431.17 0 0
1500 99.7869 60.3218 17.8566 0.645699 0.968168 432.813 0 0
1500 -65.0913 32.436 17.8882 -1.97095 0.537527 430.402 0 0
1500 85.5286 -55.3919 17.8583 0.418664 -0.907904 432.772 0 0
1500 86.4419 -26.3871 17.811 0.396361 -0.476032 430.745 0 0
1500 -1.91955 27.5188 17.7932 -0.946805 0.350683 432.815 0 0
1500 33.7885 56.0111 17.922 -0.409205 0.889681 433.013 0 0
1500 85.3842 -24.4646 17.8115 0.498479 -0.387457 430.96 0 0
1500 108.924 42.4182 17.7923 0.83055 0.626319 433.569 0 0
1500 65.4875 -34.2734 18.0182 0.205012 -0.565887 431.665 0 0
1500 113.805 -17.2205 17.8963 0.858629 -0.336743 432.79 0 0
1500 13.4294 -40.0279 17.8949 -0.661027 -0.680487 432.983 0 0
1500 13.9254 -41.4816 17.8944 -0.65276 -0.701632 433.061 0 0
1500 83.4353 -4.43311 18.1995 0.510416 -0.0262501 430.478 0 0
1500 42.8751 47.5555 17.837 -0.303096 0.758889 432.495 0 0
1500 83.2926 19.6994 18.1985 0.468517 0.366935 433.393 0 0
1500 75.0518 -18.6276 18.0581 0.222727 -0.321939 432.568 0 0
1500 51.9999 51.8388 17.9266 -0.0503585 0.859571 433.608 0 0
1500 32.6241 -42.2877 17.8725 -0.432528 -0.705962 433.276 0 0
1500 134.129 -17.3191 17.8898 1.27312 -0.250127 431.871 0 0
1500 52.2305 68.0539 17.8385 -0.0199919 1.08981 432.53 0 0
1500 131.587 45.5589 18.1328 1.24872 0.794002 431.13 0 0
1500 119.87 28.5889 17.8314 1.04081 0.418716 432.205 0 0
1500 83.5152 25.1579 17.8799 0.389774 0.466451 433.427 0 0
1500 71.3898 0.944396 17.8903 0.198103 -0.0616717 432.926 0 0
1500 57.9358 57.3129 18.0276 0.0586946 1.05385 428.605 0 0
1500 -124.497 134.831 17.9089 -3.04363 2.30567 433.064 0 0
1500 59.3505 -31.8356 17.9741 0.0200822 -0.5128 434.2 0 0
1500 30.3917 -42.4877 17.8744 -0.380736 -0.673717 433.888 0 0
1500 86.0204 4.34275 18.0234 0.461396 0.0121383 435.977 0 0
1500 50.4439 44.0239 17.8169 -0.175963 0.649588 434.675 0 0
1500 8.34549 -1.24001 17.8126 -0.776562 0.00853155 434.281 0 0
1500 100.212 -35.9309 17.8568 0.673944 -0.536316 434.247 0 0
1500 12.224 29.2818 17.851 -0.711398 0.456935 434.9 0 0
1500 54.354 30.7473 17.8145 -0.0906306 0.493771 436.213 0 0
1500 46.8787 61.5908 17.7947 -0.201921 0.956663 434.082 0 0
1500 87.8372 9.59207 17.8648 0.458021 0.194303 436.714 0 0
1500 62.0329 55.2045 17.8513 0.0974947 0.849518 435.464 0 0
1500 3.3567 35.0108 17.8571 -0.819562 0.57411 434.502 0 0
1500 124.925 -48.8434 17.8252 1.03803 -0.730225 435.22 0 0
1500 -3.44107 -16.4523 17.7947 -0.935009 -0.300412 435.279 0 0
1500 19.0683 8.20229 17.8119 -0.591385 0.0560319 437.229 0 0
1500 87.2873 -109.794 17.8004 0.4031 -1.66338 435.473 0 0
1500 79.3987 -64.807 17.792 0.38833 -0.971357 433.803 0 0
1500 83.5044 -57.4836 17.8913 0.394111 -0.934777 433.659 0 0
1500 76.7479 -63.4394 17.8897 0.287129 -1.0033 435.03 0 0
1500 86.6359 -59.289 17.8895 0.436068 -0.951108 434.409 0 0
1500 37.3606 -63.4145 17.8187 -0.28322 -1.00335 435.761 0 0
1500 119.814 -22.7241 17.8194 0.94543 -0.411596 434.633 0 0
1500 98.4793 -50.1966 17.8208 0.609533 -0.800569 436.469 0 0
1500 120.387 9.71728 17.8178 0.96881 0.173419 436.914 0 0
1500 109.233 14.1065 17.9102 0.82555 0.228246 436.765 0 0
1500 95.3479 -16.4477 17.9174 0.650784 -0.225819 433.884 0 0
1500 112.098 -4.95532 17.9437 0.909427 -0.0716176 434.247 0 0
1500 107.373 34.0209 17.9403 0.831486 0.514254 434.758 0 0
1500 117.809 -19.6308 17.791 0.936546 -0.352903 435.115 0 0
1500 118.053 -19.3612 17.7909 0.939712 -0.348689 435.15 0 0
1500 117.19 14.7375 17.7938 0.937026 0.163127 434.42 0 0
1500 106.522 -37.5887 17.7932 0.74657 -0.604594 437 0 0
1500 111.956 -28.4369 17.7921 0.853098 -0.487058 434.79 0 0
1500 122.624 15.6603 17.7902 0.999768 0.173706 435.706 0 0
1500 62.8217 52.5766 17.9404 0.095298 0.87387 434.828 0 0
1500 70.0846 -61.2564 17.8632 0.170511 -0.992707 435.618 0 0
1500 46.2423 -18.0226 18.0224 -0.234823 -0.266825 433.707 0 0
1500 42.3569 29.9111 18.0645 -0.287231 0.460576 434.223 0 0
1500 66.6261 -12.97 17.9477 0.212188 -0.244718 434.226 0 0
1500 88.9982 15.8306 17.9373 0.530771 0.3106 434.71 0 0
1500 57.5268 -45.1545 17.9606 0.0294807 -0.764411 435.548 0 0
1500 93.7879 40.0568 17.9839 0.622847 0.649635 436.898 0 0
1500 23.3045 -25.3356 18.0765 -0.573391 -0.38006 436.782 0 0
1500 16.9041 -5.21013 17.9421 -0.667278 -0.157999 434.481 0 0
1500 69.2342 -21.3791 17.9443 0.229276 -0.396978 435.979 0 0
1500 61.5113 20.9788 18.2371 0.117327 0.395886 437.066 0 0
1500 68.347 3.05481 18.0358 0.188742 -0.0305792 435.149 0 0
1500 58.5826 -22.6306 17.9996 0.0729437 -0.41445 436.321 0 0
1500 27.3555 -33.0784 17.8563 -0.532951 -0.551607 436.894 0 0
1500 87.1403 -28.9919 17.9752 0.562079 -0.478989 433.964 0 0
1500 71.74 -44.8746 17.8481 0.217567 -0.766094 437.418 0 0
1500 114.75 -38.3572 17.9112 0.884636 -0.689942 434.717 0 0
1500 55.7872 -54.7112 18.0815 0.00407563 -0.964628 434.477 0 0
1500 43.3941 -42.2783 17.8242 -0.184509 -0.716873 437.444 0 0
1500 40.1551 -22.7017 17.8729 -0.339299 -0.394886 437.103 0 0
1500 51.0478 -56.0322 18.1222 -0.0906715 -1.01058 434.04 0 0
1500 127.407 30.4847 17.9606 1.2211 0.518204 435.401 0 0
1500 45.7609 45.8675 17.9301 -0.177376 0.832661 437.053 0 0
1500 54.6002 2.19317 17.8862 -0.0429012 -0.0390976 438.042 0 0
1500 80.9117 -20.6339 18.0209 0.400646 -0.322874 438.392 0 0
1500 35.301 3.00848 17.8469 -0.351835 -0.0193497 438.231 0 0
1500 73.7029 -28.5824 17.9124 0.231778 -0.470521 438.181 0 0
1500 31.6152 1.92127 17.8503 -0.434883 0.0533234 438.646 0 0
1500 33.7658 45.3059 17.9135 -0.344912 0.712424 438.045 0 0
1500 81.4576 12.753 17.821 0.311787 0.247784 439.059 0 0
1500 63.0994 24.0565 17.9264 0.149361 0.361204 439.015 0 0
1500 80.5459 20.2433 17.9215 0.325191 0.35312 439.937 0 0
1500 99.4729 -52.0029 17.8625 0.593516 -0.82861 437.646 0 0
1500 116.914 28.5146 17.9617 0.940816 0.457271 437.503 0 0
1500 93.5968 -25.4516 17.9947 0.591351 -0.407067 439.082 0 0
1500 16.4909 -25.646 17.8529 -0.63999 -0.418351 439.719 0 0
1500 11.6314 -36.6522 17.845 -0.722135 -0.585948 438.489 0 0
1500 128.481 0.592019 17.8939 1.10199 -0.0082646 438.825 0 0
1500 69.262 -64.7564 17.9464 0.201551 -1.02646 437.953 0 0
1500 -15.4286 -141.581 17.7992 -1.08609 -2.10888 440.043 0 0
1500 92.9782 28.0619 17.8942 0.570639 0.388782 441.615 0 0
1500 43.8332 -51.3461 17.822 -0.268931 -0.761468 441.545 0 0
1500 102.137 -34.7482 17.9802 0.727244 -0.586021 438.083 0 0
1500 70.8102 -59.8788 17.9772 0.253362 -0.957564 438.575 0 0
1500 111.834 14.4679 17.9128 0.890037 0.259279 438.062 0 0
1500 94.2014 54.3804 17.8412 0.54454 0.884691 439.355 0 0
1500 65.8308 31.5059 17.9205 0.179943 0.547841 437.551 0 0
1500 75.0363 -48.6977 17.9825 0.246383 -0.808419 438.757 0 0
1500 28.3585 8.56161 17.9206 -0.521551 0.15949 437.553 0 0
1500 97.8765 51.9959 17.9416 0.650257 0.821691 440.948 0 0
1500 -2.62373 -16.269 17.84 -0.979267 -0.21542 439.795 0 0
1500 -4.11558 12.1897 17.8577 -0.970574 0.246072 440.018 0 0
1500 97.4623 29.2082 17.8694 0.568892 0.513367 438.527 0 0
1500 114.021 -21.4862 17.9135 0.926573 -0.337795 440.26 0 0
1500 58.6299 71.3105 17.8594 0.0837807 1.14649 437.605 0 0
1500 36.2437 -16.9412 17.8937 -0.406073 -0.285886 438.336 0 0
1500 9.40936 -46.0479 17.8699 -0.779545 -0.699164 441.931 0 0
1500 -5.05457 -8.92092 17.8083 -0.988527 -0.0672714 440.946 0 0
1500 -25.5769 19.933 17.8475 -1.39943 0.298233 438.141 0 0
1500 118.499 -6.89049 17.7967 0.983202 -0.0826696 441.433 0 0
1500 92.3059 34.076 17.9097 0.609761 0.504127 440.942 0 0
1500 115.528 1.12169 17.9019 0.952059 -0.000524593 441.857 0 0
1500 100.944 10.6265 17.929 0.658368 0.239007 441.124 0 0
1500 87.4684 -34.3078 17.8529 0.43633 -0.603159 441.106 0 0
1500 72.5837 13.2148 18.1259 0.321153 0.250475 441.875 0 0
1500 166.77 -76.8676 17.9044 1.7637 -1.34169 437.725 0 0
1500 96.5309 -58.4183 17.8873 0.659357 -1.03552 438.887 0 0
1500 32.8113 30.2035 17.8767 -0.367713 0.557645 441.443 0 0
1500 132.624 -8.76462 18.1341 1.34372 -0.200039 441.157 0 0
1500 36.1336 -50.9858 17.8201 -0.274546 -0.787993 442.648 0 0
1500 80.8247 51.1252 17.8099 0.390362 0.758376 444.13 0 0
1500 111.015 10.6255 17.8832 0.84215 0.143492 444.205 0 0
1500 112.188 -24.3075 17.8782 0.879386 -0.368294 442.599 0 0
1500 36.5812 -59.0678 17.8395 -0.338564 -0.958471 442.882 0 0
1500 68.1662 -0.222321 17.9839 0.191729 -0.0796624 442.221 0 0
1500 81.8655 -3.11001 17.9184 0.379028 0.0293989 444.14 0 0
1500 80.006 -1.57303 18.0006 0.358896 -0.107186 443.634 0 0
1500 75.3069 25.297 18.1221 0.231463 0.49689 443.936 0 0
1500 33.4979 3.68686 17.9862 -0.392929 0.0609323 444.698 0 0
1500 60.9615 24.9793 17.8811 0.00701439 0.408082 444.945 0 0
1500 25.758 20.4026 17.9295 -0.508933 0.306986 445.581 0 0
1500 53.1645 48.4191 17.8197 -0.103067 0.7522 445.028 0 0
1500 63.0578 14.6509 17.9405 0.0685151 0.272296 447.955 0 0
1500 82.6054 44.4195 17.9257 0.346487 0.698535 446.726 0 0
1500 54.448 64.7868 17.9141 -0.0534627 1.01077 445.059 0 0
1500 118.831 -10.3847 17.8372 0.933605 -0.197257 445.844 0 0
1500 84.7423 -33.6611 17.8498 0.432611 -0.522436 447.277 0 0
1500 91.642 56.1193 17.8599 0.503586 0.890662 445.391 0 0
1500 75.019 -64.803 17.82 0.218419 -1.01999 444.777 0 0
1500 108.22 41.1332 18.0039 0.826888 0.640108 444.922 0 0
1500 121.075 19.2959 17.8251 1.00062 0.29062 445.047 0 0
1500 12.2495 48.4482 17.825 -0.750387 0.731618 445.055 0 0
1500 69.5963 21.3032 18.4161 0.250091 0.396867 444.624 0 0
1500 136.586 -28.0242 17.8784 1.21243 -0.47072 446.189 0 0
1500 77.0881 48.8968 18.0787 0.344969 0.804933 446.821 0 0
1500 94.6718 40.0464 18.0773 0.607249 0.670106 447.014 0 0
1500 76.7691 21.1328 18.0922 0.346907 0.395712 445.53 0 0
1500 1.23014 27.9699 17.8126 -0.908771 0.469763 446.973 0 0
1500 85.9687 54.3488 17.8564 0.479813 0.890018 445.712 0 0
1500 93.6351 -41.6748 17.8688 0.623331 -0.622907 446.238 0 0
1500 104.184 -4.57251 17.8497 0.785468 -0.0487891 445.892 0 0
1500 27.4082 -45.7172 17.8685 -0.481895 -0.768124 447.333 0 0
1500 73.9049 4.05343 18.4001 0.383997 0.10742 446.861 0 0
1500 105.653 34.0092 18.1811 0.792693 0.625875 445.337 0 0
1500 77.3188 26.895 17.8288 0.333781 0.487294 447.501 0 0
1500 73.02 7.53012 17.8671 0.279951 0.0523799 447.344 0 0
1500 115.638 33.6696 17.9363 0.977842 0.627569 444.712 0 0
1500 72.4514 29.1998 17.8622 0.27451 0.418083 448.603 0 0
1500 31.2194 10.6111 17.8813 -0.438329 0.13816 449.778 0 0
1500 48.5969 14.6438 18.0462 -0.136415 0.265003 451.089 0 0
1500 38.0313 -18.9484 18.0022 -0.314613 -0.305306 450.996 0 0
1500 122.797 -14.6074 17.8363 1.02983 -0.195131 448.529 0 0
1500 54.4536 66.038 17.8079 -0.0207534 1.04686 450.513 0 0
1500 95.3226 -3.26707 18.1435 0.684222 -0.0456793 448.987 0 0
1500 80.5615 5.35108 17.9079 0.391479 0.0853541 455.056 0 0
1500 115.682 -22.8334 17.8843 0.947193 -0.33116 450.143 0 0
1500 46.7126 -35.8528 17.9031 -0.196805 -0.624209 448.499 0 0
1500 22 -42.5779 17.8945 -0.534174 -0.672474 453.85 0 0
1500 75.5707 13.2829 18.0434 0.319395 0.152793 457.782 0 0
1500 27.6702 57.946 17.868 -0.445601 0.944445 451.03 0 0
1500 16.3027 45.9807 17.9467 -0.6591 0.77253 449.719 0 0
1500 68.0874 -11.5844 17.8409 0.0782564 -0.186411 448.465 0 0
1500 96.8752 52.3011 17.9534 0.605196 0.827347 454.493 0 0
1500 64.4489 -1.80523 18.0729 0.0964268 0.0417849 451.272 0 0
1500 80.8316 29.0513 18.0944 0.388966 0.461081 458.685 0 0
1500 82.7532 26.1838 17.9689 0.446348 0.462802 452.159 0 0
1500 115.358 -1.35729 17.8968 0.893158 -0.0473447 457.35 0 0
1500 87.1218 -37.6563 18.0056 0.521135 -0.624704 453.194 0 0
1500 92.8787 43.357 17.8524 0.596259 0.701329 454.421 0 0
1500 111.586 38.0131 17.8454 0.857 0.603475 456.233 0 0
1500 65.7677 -57.2799 17.8102 0.0825109 -0.889714 460.037 0 0
1500 106.87 8.75307 17.8377 0.797707 0.0733276 455.616 0 0
1500 72.7018 -43.7091 17.9589 0.270575 -0.666774 462.386 0 0
1500 122.175 -14.8537 17.9612 1.0122 -0.271651 459.918 0 0
1500 109.543 9.33916 17.8739 0.885854 0.114351 455.363 0 0
1500 87.9242 -71.9341 17.8758 0.550313 -1.16637 455.233 0 0
1500 53.6948 -30.4113 18.4121 -0.0354222 -0.60328 450.872 0 0
1500 125.543 -2.50593 17.8251 1.0389 -0.113376 458.663 0 0
1500 -5.80189 12.3196 17.8164 -0.976486 0.235404 462.039 0 0
1500 120.53 -19.7557 17.8268 0.958143 -0.345255 462.428 0 0
1500 55.9378 -19.8646 17.852 0.0167844 -0.371579 457.866 0 0
1500 77.1213 -61.0975 17.8279 0.323472 -0.944725 462.7 0 0
1500 65.1821 -61.6688 17.8301 0.149083 -0.947484 463.103 0 0
1500 92.431 54.4822 17.8856 0.570669 0.824091 464.017 0 0
1500 128.576 4.32147 18.009 1.22182 0.133314 456.391 0 0
1500 70.6421 -18.769 17.8307 0.15276 -0.329652 467.074 0 0
1500 23.4303 -30.858 17.8198 -0.515473 -0.505406 466.186 0 0
1500 85.2146 -9.759 18.0056 0.437145 -0.193835 467.547 0 0
1500 -8.86096 -107.259 17.8316 -1.01196 -1.7069 461.948 0 0
1500 94.3909 -8.96065 18.1237 0.588259 -0.175092 469.016 0 0
1500 91.9291 -3.41448 18.1254 0.552959 -0.0978075 469.157 0 0
1500 98.4144 -10.304 18.1215 0.64587 -0.194271 468.829 0 0
1500 64.4115 29.9415 18.0665 0.0849478 0.477758 469.348 0 0
1500 41.2461 -10.2087 17.9907 -0.32779 -0.105692 457.562 0 0
1500 114.201 12.8745 17.9473 0.930994 0.223553 464.353 0 0
1500 32.4144 -48.6978 17.8345 -0.465001 -0.758228 464.602 0 0
1500 135.014 -5.38382 17.9624 1.2377 -0.0751265 466.903 0 0
1500 48.6408 6.67945 18.1348 -0.155131 0.123505 473.006 0 0
1500 36.3039 34.8484 18.0919 -0.394478 0.676472 459.041 0 0
1500 113.007 38.8574 17.8155 0.82268 0.649429 470.132 0 0
1500 72.65 40.3298 17.8335 0.214529 0.641077 473.308 0 0
1500 89.5683 -24.1649 18.1638 0.529503 -0.382822 475.152 0 0
1500 68.4949 39.4072 17.8212 0.176476 0.612091 476.061 0 0
1500 95.7169 42.3596 17.8641 0.653642 0.641251 470.345 0 0
1500 32.7461 -21.5033 17.9186 -0.411271 -0.279574 476.001 0 0
1500 50.3468 -6.99827 17.9244 -0.183892 -0.085352 468.624 0 0
1500 124.378 8.01286 17.8646 1.04435 0.0700361 475.334 0 0
1500 60.3877 -33.5668 17.8876 0.091515 -0.517108 479.08 0 0
1500 89.2193 -49.1916 17.8723 0.506798 -0.752253 477.574 0 0
1500 99.3577 -32.824 17.8761 0.647823 -0.514197 478.038 0 0
1500 121.393 18.323 17.8655 1.00726 0.224323 474.857 0 0
1500 69.6663 -64.8372 17.865 0.234986 -1.01311 475.056 0 0
1500 39.7547 -9.97849 18.0275 -0.283348 -0.227489 472.797 0 0
1500 66.9452 -32.3757 18.0216 0.136518 -0.570423 473.209 0 0
1500 71.1254 127.861 17.8043 0.130701 1.99781 474.422 0 0
1500 73.4075 7.38864 17.8398 0.180989 0.16877 472.966 0 0
1500 89.3342 56.2387 17.8332 0.468594 0.889934 478.619 0 0
1500 2.31513 21.1326 17.8385 -0.915923 0.309094 476.457 0 0
1500 10.2137 31.161 17.8413 -0.787547 0.464882 477.941 0 0
1500 73.1409 14.5834 18.276 0.362376 0.238257 477.122 0 0
1500 119.904 14.269 17.9781 1.01012 0.223028 479.419 0 0
1500 92.7328 38.5507 17.8856 0.544694 0.664127 479.102 0 0
1500 30.7633 48.0262 17.8836 -0.399464 0.805885 479.331 0 0
1500 101.036 -26.9768 17.8752 0.748941 -0.396297 478.993 0 0
1500 19.2081 47.5886 17.8844 -0.609544 0.726561 485.209 0 0
1500 -1.80562 18.8507 17.8835 -0.91393 0.313802 485.053 0 0
1500 67.5648 3.41009 17.8367 0.181969 0.0962507 488.033 0 0
1500 75.4006 53.4742 17.8139 0.31755 0.867271 482.169 0 0
1500 54.9355 80.0675 18.097 -0.0918497 1.35088 479.29 0 0
1500 124.014 30.5783 17.9856 1.15558 0.554507 479.232 0 0
1500 113.232 -2.69818 17.8805 0.858026 -0.006891 489.488 0 0
1500 82.176 52.7736 17.8763 0.440276 0.832703 485.444 0 0
1500 109.843 40.7091 17.8705 0.834009 0.630921 487.442 0 0
1500 117.826 25.6939 17.8706 0.959631 0.413793 486.855 0 0
1500 23.8578 93.0543 17.8149 -0.500579 1.43442 488.375 0 0
1500 87.2722 6.03417 18.272 0.551663 0.171937 484.008 0 0
1500 69.6981 94.7783 17.8227 0.234764 1.48034 488.311 0 0
1500 17.8629 -73.7977 17.8255 -0.637091 -1.08859 497.727 0 0
1500 93.7183 -15.6631 18.0612 0.554844 -0.312598 499.179 0 0
1500 119.499 -25.7443 17.8519 0.983273 -0.363052 509.762 0 0
1500 69.8755 -62.9298 17.9041 0.199582 -0.981457 517.064 0 0
1500 93.0712 -52.215 17.9052 0.5337 -0.82359 517.291 0 0
