Total number of secondary electrons: 1641
1500 98.1701 5.94254 20.4601 1.10736 0.180436 224.644 0 0
1500 98.3552 -7.89526 20.9303 1.09654 -0.0972784 227.874 0 0
1500 104.896 4.13187 20.0154 1.14915 0.0416902 236.81 0 0
1500 96.0188 0.604582 18.5583 0.870912 0.0260119 246.192 0 0
1500 90.7176 10.3134 18.1727 0.764266 0.181308 247.169 0 0
1500 129.699 12.9581 18.0733 1.86443 0.298869 257.675 0 0
1500 87.053 -3.97253 17.0444 0.611689 -0.141084 271.964 0 0
1500 91.4968 -1.43945 17.0695 0.69339 -0.0713994 273.642 0 0
1500 89.4906 -40.9702 15.7682 0.478511 -0.631271 274.921 0 0
1500 97.7479 -13.9732 16.9499 0.787237 -0.208477 276.577 0 0
1500 83.6566 -6.35724 16.4186 0.509575 -0.139387 278.86 0 0
1500 88.1959 16.3162 17.3124 0.66854 0.250557 278.968 0 0
1500 41.5832 8.82539 15.79 -0.249556 0.0899076 280.766 0 0
1500 22.1164 -16.4415 15.7861 -0.513925 -0.256813 281.398 0 0
1500 75.1468 -14.1749 17.1354 0.399803 -0.224554 282.866 0 0
1500 90.2241 -28.0027 16.3403 0.545015 -0.496198 283.783 0 0
1500 90.6635 -8.08146 16.5633 0.58724 -0.166782 284.071 0 0
1500 91.2446 8.22177 16.6789 0.561735 0.0811406 284.248 0 0
1500 86.5275 -16.3993 16.6434 0.518193 -0.274408 285.934 0 0
1500 78.7158 10.7461 16.0989 0.350796 0.100948 288.409 0 0
1500 74.7973 6.03975 16.1067 0.302196 0.043043 288.527 0 0
1500 78.6306 4.36355 16.745 0.415446 0.0505642 289.746 0 0
1500 49.7825 29.5017 16.0887 -0.0806859 0.462486 290.58 0 0
1500 103.874 6.13573 17.5362 0.829322 0.111292 290.732 0 0
1500 117.755 -0.346495 16.0052 0.854922 0.0283371 292.086 0 0
1500 105.836 36.3342 16.0888 0.699966 0.497208 293.559 0 0
1500 96.2883 -57.3796 16.7725 0.645516 -0.907516 294.115 0 0
1500 22.6303 -57.3262 16.2507 -0.479329 -0.794787 294.211 0 0
1500 145.133 25.6387 16.1046 1.20772 0.422601 294.208 0 0
1500 134.053 6.27707 16.1366 1.0375 0.112438 294.505 0 0
1500 66.792 -27.5445 17.387 0.110661 -0.580807 294.512 0 0
1500 10.0919 24.022 16.0927 -0.614838 0.380474 294.801 0 0
1500 61.4732 15.1573 16.6161 0.0654396 0.248306 295.181 0 0
1500 125.811 -10.6884 16.1511 0.908701 -0.0794425 295.942 0 0
1500 47.897 139.149 16.3063 -0.102548 2.02726 296.053 0 0
1500 125.27 33.7122 16.2436 0.90357 0.453771 296.337 0 0
1500 105.708 -2.54913 16.7518 0.741457 -0.0013444 296.343 0 0
1500 130.695 -24.4503 16.1984 0.961443 -0.256557 296.83 0 0
1500 102.885 25.9853 16.6073 0.693076 0.343031 296.909 0 0
1500 105.317 55.8517 16.2062 0.63198 0.780799 296.973 0 0
1500 94.8714 15.3975 17.2598 0.607141 0.255871 297.053 0 0
1500 113.905 -11.0153 16.6266 0.831245 -0.134217 297.299 0 0
1500 114.336 16.7334 16.6339 0.835212 0.221995 297.444 0 0
1500 134.6 -22.3302 16.2327 1.00383 -0.22729 297.456 0 0
1500 130.905 25.4206 16.2348 0.955957 0.385281 297.492 0 0
1500 81.8012 -0.554823 17.6788 0.525595 -0.0473764 297.559 0 0
1500 48.5015 -8.62267 16.8387 -0.175518 -0.16209 297.61 0 0
1500 76.9701 -40.4188 16.5651 0.243578 -0.668076 298.733 0 0
1500 92.0676 6.92737 17.9913 0.634947 0.0954931 299.229 0 0
1500 87.0601 10.6754 16.9225 0.507591 0.152313 299.355 0 0
1500 125.058 21.0891 16.3909 0.920288 0.236253 299.347 0 0
1500 82.9039 -25.1468 16.5708 0.30668 -0.37908 299.504 0 0
1500 71.795 -44.7475 16.594 0.159937 -0.63207 299.998 0 0
1500 61.1639 9.06467 17.0669 0.0784082 0.162611 300.474 0 0
1500 71.0507 38.357 16.5572 0.244846 0.515606 301.228 0 0
1500 102.396 -61.4996 16.4702 0.60719 -0.757294 301.346 0 0
1500 79.8194 1.15288 17.4198 0.433061 -0.036147 301.479 0 0
1500 94.0815 35.8462 16.801 0.482519 0.52516 301.582 0 0
1500 224.496 -102.163 16.6786 2.45081 -1.45815 301.773 0 0
1500 79.311 -34.6728 16.9956 0.361131 -0.502656 302.167 0 0
1500 262.766 18.6085 17.1421 3.39843 0.301684 302.162 0 0
1500 105.962 -5.24058 17.574 0.824628 -0.114469 302.388 0 0
1500 125.63 28.6625 16.7014 0.915033 0.411777 302.477 0 0
1500 41.9326 47.2854 16.6137 -0.257564 0.661357 302.577 0 0
1500 89.9386 16.2985 16.9333 0.488546 0.268805 302.845 0 0
1500 118.942 40.0327 17.1434 1.03178 0.655502 302.907 0 0
1500 84.4542 25.4887 17.0583 0.416257 0.389733 303.113 0 0
1500 46.8478 29.1323 16.5791 -0.113888 0.40352 303.166 0 0
1500 90.322 -22.1199 16.9837 0.470026 -0.350015 303.659 0 0
1500 78.1177 50.0443 17.3282 0.358544 0.797251 303.684 0 0
1500 98.2981 -0.155399 17.2656 0.639976 -0.0439001 304.233 0 0
1500 102.586 -2.92695 17.0074 0.660788 -0.104445 304.476 0 0
1500 105.96 -6.17314 17.4455 0.761901 -0.0707584 304.79 0 0
1500 73.7818 -5.84212 17.9106 0.357073 -0.112289 304.828 0 0
1500 76.9189 4.372 16.8371 0.314117 0.0104016 304.937 0 0
1500 39.5527 -37.2672 16.9901 -0.265738 -0.511311 305.444 0 0
1500 87.2682 1.16675 17.9678 0.625043 0.0437945 305.593 0 0
1500 136.424 -5.71339 16.7851 1.04346 -0.0608372 305.729 0 0
1500 75.367 19.6842 17.3739 0.282472 0.310729 305.73 0 0
1500 48.3541 13.7725 17.259 -0.120039 0.172629 305.638 0 0
1500 106.929 -22.1296 18.3429 0.944005 -0.377736 305.837 0 0
1500 88.4529 18.4916 17.4655 0.515204 0.28562 306.042 0 0
1500 27.7812 -7.98265 16.9658 -0.426144 -0.143749 306.065 0 0
1500 90.9853 -7.30002 17.9307 0.612256 -0.0589315 306.2 0 0
1500 82.5919 -20.7993 17.104 0.372207 -0.280954 306.283 0 0
1500 102.251 -6.61993 17.5482 0.718138 -0.0889072 306.469 0 0
1500 79.5888 9.92417 16.949 0.36688 0.102766 306.551 0 0
1500 134.665 7.40466 16.8333 1.01079 0.101082 306.59 0 0
1500 72.9905 62.3317 16.8096 0.240183 0.860442 306.622 0 0
1500 106.43 3.06772 17.5575 0.768402 0.0322004 306.679 0 0
1500 72.9871 -20.2776 17.6462 0.293108 -0.318544 306.974 0 0
1500 66.7214 -15.9343 17.4749 0.109918 -0.279505 307.088 0 0
1500 76.56 3.29074 17.3709 0.370001 0.0719653 307.35 0 0
1500 82.2102 59.2303 17.0972 0.361631 0.842662 307.702 0 0
1500 109.945 14.0657 16.997 0.758316 0.155339 307.756 0 0
1500 56.7527 -32.5482 17.2614 -0.00516407 -0.473438 307.763 0 0
1500 120.336 -30.795 16.8998 0.850767 -0.473724 307.803 0 0
1500 73.0946 16.708 17.8575 0.310869 0.271479 308.184 0 0
1500 99.4101 56.2886 16.9596 0.576084 0.780572 308.323 0 0
1500 21.8906 49.9126 16.9866 -0.457243 0.717388 308.422 0 0
1500 78.5279 36.1951 16.9531 0.319393 0.535549 308.436 0 0
1500 123.293 3.34367 17.0368 0.921651 0.0148573 308.694 0 0
1500 113.592 -35.651 17.0412 0.795234 -0.488572 308.794 0 0
1500 80.2923 -0.0122599 17.0726 0.319033 0.0630472 308.836 0 0
1500 86.0996 2.638 17.1209 0.41315 0.100088 308.919 0 0
1500 137.801 -1.39177 16.9339 1.04778 0.0306323 309.214 0 0
1500 79.5728 75.7295 16.9416 0.314568 0.999047 309.366 0 0
1500 69.4559 -77.2636 16.9785 0.143896 -1.02351 309.838 0 0
1500 105.268 21.1179 17.2789 0.719822 0.290027 309.848 0 0
1500 80.1319 61.2113 17.0125 0.334151 0.851385 309.914 0 0
1500 106.762 131.964 16.9281 0.617097 1.70909 309.982 0 0
1500 66.3194 42.0605 17.4557 0.102677 0.633368 310.091 0 0
1500 60.2842 52.5677 17.1763 0.0523848 0.753388 310.183 0 0
1500 119.503 26.3954 17.029 0.837136 0.431684 310.285 0 0
1500 83.9572 11.0997 17.8423 0.46188 0.20208 310.342 0 0
1500 112.701 25.1631 17.1789 0.751125 0.391188 310.429 0 0
1500 71.2892 11.4236 17.0047 0.230374 0.198681 310.58 0 0
1500 104.2 -50.1254 17.1278 0.629097 -0.757201 310.604 0 0
1500 80.0417 -2.27527 18.18 0.490552 -0.0420814 310.73 0 0
1500 101.124 58.2274 17.0526 0.600539 0.802722 310.847 0 0
1500 85.6468 -13.7368 18.2389 0.558772 -0.196497 310.884 0 0
1500 49.8954 -32.4526 17.1787 -0.055191 -0.490003 310.982 0 0
1500 103.811 -39.3445 17.2276 0.673317 -0.552025 311.013 0 0
1500 85.1121 17.0428 17.5898 0.407949 0.280402 311.122 0 0
1500 89.4596 -2.19223 17.9019 0.515494 -0.0337181 311.492 0 0
1500 111.204 17.5849 17.4248 0.793127 0.256798 311.844 0 0
1500 63.279 -60.865 17.1767 0.102912 -0.862911 311.954 0 0
1500 79.391 -0.986035 18.0338 0.444981 -0.0572693 312.008 0 0
1500 90.43 17.1351 17.719 0.491958 0.283711 312.185 0 0
1500 76.2474 -14.2834 17.4316 0.241697 -0.234773 312.19 0 0
1500 90.3065 -0.818951 18.6542 0.677075 -0.0495865 312.199 0 0
1500 58.7844 14.1296 17.8595 0.0153052 0.280617 312.264 0 0
1500 88.5356 0.470806 18.0434 0.558895 -0.0386858 312.277 0 0
1500 67.1911 -67.0415 17.1704 0.133716 -1.01926 312.412 0 0
1500 37.595 -17.0918 17.2065 -0.358105 -0.23717 312.427 0 0
1500 65.8183 51.1159 17.2693 0.153121 0.73118 312.555 0 0
1500 82.6834 -32.3512 17.3091 0.324974 -0.486276 312.697 0 0
1500 11.8318 -72.7844 17.2586 -0.675259 -1.06093 312.695 0 0
1500 84.7546 0.243895 17.9705 0.504682 0.0445282 312.828 0 0
1500 113.768 14.7553 17.2827 0.778732 0.252818 312.913 0 0
1500 149.044 -30.6121 17.1017 1.26898 -0.47185 312.91 0 0
1500 96.4024 4.26796 17.8313 0.620658 0.0770503 313.102 0 0
1500 132.947 34.2583 17.6238 1.19388 0.569682 313.137 0 0
1500 99.1956 -5.29301 17.5591 0.607579 -0.117453 313.155 0 0
1500 85.6563 -62.709 17.2633 0.407951 -0.866529 313.195 0 0
1500 55.9344 -65.8144 17.3061 -0.0219652 -1.01422 313.189 0 0
1500 107.654 58.5368 17.1643 0.664184 0.782587 313.24 0 0
1500 65.7338 1.5761 17.5667 0.0986675 -0.000593372 313.266 0 0
1500 41.3129 -29.6735 17.2564 -0.223832 -0.460498 313.263 0 0
1500 75.1656 3.57066 17.6001 0.29345 0.000433794 313.339 0 0
1500 79.1168 -39.1948 17.3117 0.28692 -0.562002 313.386 0 0
1500 100.352 24.9332 17.5817 0.731869 0.373884 313.426 0 0
1500 72.054 -47.0811 17.3404 0.148895 -0.683039 313.443 0 0
1500 68.85 7.70596 17.3006 0.107837 0.136503 313.538 0 0
1500 55.2538 -24.4766 17.4042 -0.070825 -0.339842 314.127 0 0
1500 33.7067 31.2047 17.3222 -0.36194 0.448723 314.22 0 0
1500 67.1246 43.278 17.2132 0.132823 0.647723 314.56 0 0
1500 66.0084 -3.69347 17.533 0.181671 -0.112122 314.642 0 0
1500 63.5633 1.93822 17.6413 0.12103 -0.0352829 314.67 0 0
1500 94.3235 18.1929 17.3268 0.563589 0.26542 314.852 0 0
1500 112.492 37.3087 17.1842 0.713546 0.557757 314.882 0 0
1500 95.1183 -22.5107 17.3284 0.573804 -0.276387 314.9 0 0
1500 119.165 30.7362 17.1907 0.799701 0.470005 315.057 0 0
1500 93.3999 46.685 17.7029 0.551512 0.74035 315.054 0 0
1500 87.3277 28.813 17.5983 0.464479 0.436746 315.144 0 0
1500 78.2788 -78.6708 17.2443 0.216759 -1.09147 315.271 0 0
1500 73.9717 -53.026 17.2075 0.192093 -0.705344 315.309 0 0
1500 88.8413 -10.6999 18.2106 0.558339 -0.185278 315.449 0 0
1500 57.4426 -37.6019 17.6663 -0.0174048 -0.557627 315.503 0 0
1500 64.7491 11.3524 17.6381 0.154808 0.216372 315.526 0 0
1500 72.2947 -36.745 17.6956 0.224253 -0.569613 315.779 0 0
1500 112.268 -16.9626 17.2539 0.786164 -0.19609 315.894 0 0
1500 125.224 39.3641 18.021 1.29695 0.733276 316.065 0 0
1500 89.0295 -17.2591 17.2585 0.370979 -0.267571 316.23 0 0
1500 48.4319 -16.9216 17.5218 -0.161045 -0.243105 316.333 0 0
1500 70.5244 -54.0136 17.2884 0.231415 -0.76186 316.581 0 0
1500 131.66 19.7738 17.5659 1.12647 0.337028 316.59 0 0
1500 89.8794 46.8499 17.4866 0.472124 0.721483 316.618 0 0
1500 69.1116 6.81143 18.3154 0.256018 0.145707 316.701 0 0
1500 104.828 -54.1134 17.3237 0.637192 -0.767527 316.983 0 0
1500 49.5626 69.6512 17.3912 -0.177912 0.994212 317.054 0 0
1500 75.6947 -0.489882 18.7539 0.444492 -0.0569116 317.222 0 0
1500 50.6462 -7.6484 17.7376 -0.127876 -0.116122 317.328 0 0
1500 54.7051 -10.9086 17.5064 -0.0226368 -0.191988 317.464 0 0
1500 78.2373 5.94197 18.5237 0.466464 0.134603 317.526 0 0
1500 109.609 78.3663 17.2881 0.761834 1.06489 317.58 0 0
1500 99.3768 -20.3232 18.321 0.748092 -0.325592 317.646 0 0
1500 75.9442 13.8939 17.6556 0.308 0.178168 317.687 0 0
1500 96.4313 -25.5143 17.4322 0.597702 -0.374711 317.852 0 0
1500 44.9645 6.24212 17.9189 -0.227409 0.133969 317.942 0 0
1500 4.56885 -41.8466 17.3294 -0.69548 -0.622489 318.129 0 0
1500 62.9222 14.8884 17.4565 0.0734872 0.275897 318.149 0 0
1500 74.1431 -16.3998 17.6283 0.192721 -0.245967 318.186 0 0
1500 52.9272 -55.028 17.9266 -0.0333381 -0.91966 318.415 0 0
1500 94.881 1.0018 17.8361 0.620448 0.0971334 318.48 0 0
1500 77.8638 2.88452 17.7798 0.379064 0.0771664 318.51 0 0
1500 58.0087 10.9525 18.0361 0.0712308 0.207722 318.585 0 0
1500 125.242 31.6343 17.3676 0.951397 0.386109 318.588 0 0
1500 26.0966 3.38399 17.4312 -0.463588 -0.0170902 318.603 0 0
1500 29.4552 -13.8071 17.4324 -0.416547 -0.256119 318.656 0 0
1500 60.0996 67.3624 17.3362 0.0809847 0.940424 318.711 0 0
1500 5.83098 -42.5263 17.3606 -0.751796 -0.602362 318.855 0 0
1500 50.8493 14.5286 17.7114 -0.119015 0.180323 318.899 0 0
1500 54.4165 -21.363 17.5543 -0.0334738 -0.365711 319.044 0 0
1500 81.787 15.3695 17.7713 0.378178 0.208506 319.189 0 0
1500 80.3075 -3.7708 18.0744 0.428281 -0.100224 319.193 0 0
1500 61.3625 -28.8388 17.5582 0.0627711 -0.468245 319.233 0 0
1500 83.7481 -21.9358 17.5627 0.428492 -0.348882 319.39 0 0
1500 66.8639 -22.5955 17.4037 0.0960304 -0.383877 319.521 0 0
1500 73.9669 -13.7442 17.8771 0.23509 -0.237857 319.726 0 0
1500 57.2013 -47.2655 17.5735 0.00511543 -0.716352 319.937 0 0
1500 84.6527 28.6408 17.4938 0.440947 0.432124 319.978 0 0
1500 18.1252 -1.55003 17.412 -0.587832 -0.0864835 319.958 0 0
1500 87.9839 -26.0123 18.2718 0.549091 -0.424895 320.085 0 0
1500 63.8655 -43.4239 17.4169 0.0532222 -0.671196 320.205 0 0
1500 57.741 -9.14085 18.0532 0.0268473 -0.164407 320.272 0 0
1500 121.289 26.0192 17.4484 0.874632 0.416684 320.298 0 0
1500 85.4086 -11.4348 18.2021 0.452559 -0.210909 320.399 0 0
1500 74.5129 -12.2144 18.066 0.371948 -0.176815 320.318 0 0
1500 27.0847 -36.0201 17.4212 -0.459308 -0.566126 320.412 0 0
1500 87.463 -9.42599 17.784 0.474505 -0.193419 320.462 0 0
1500 83.7997 -30.6604 17.5006 0.337015 -0.49102 320.51 0 0
1500 83.105 -7.20457 18.4208 0.443535 -0.122625 320.639 0 0
1500 120.352 35.8791 17.8002 0.983866 0.587689 320.609 0 0
1500 85.9846 26.6593 17.7805 0.488687 0.479892 320.688 0 0
1500 91.0775 43.3261 17.5111 0.52448 0.629379 320.776 0 0
1500 37.0967 -10.8671 17.7201 -0.318915 -0.221452 320.869 0 0
1500 78.8873 -36.3174 17.4614 0.307922 -0.466999 320.924 0 0
1500 11.3986 -35.2854 17.4364 -0.671401 -0.550622 321.099 0 0
1500 119.884 -9.30995 17.573 0.91515 -0.0931246 321.208 0 0
1500 61.1373 0.90177 17.5351 0.0860768 0.075174 321.252 0 0
1500 96.5387 60.8588 17.4761 0.546577 0.87068 321.303 0 0
1500 58.7224 4.16052 18.2512 0.0632725 0.0127181 321.363 0 0
1500 7.99169 -52.7408 17.5106 -0.68609 -0.765249 321.686 0 0
1500 31.0075 -9.60674 17.8081 -0.390714 -0.169317 321.846 0 0
1500 11.2929 47.2187 17.5141 -0.688408 0.675837 321.899 0 0
1500 82.6048 1.30746 18.8213 0.489175 0.0797923 322.025 0 0
1500 1.37262 -37.5872 17.4597 -0.799265 -0.574847 322.049 0 0
1500 6.93681 55.1469 17.5 -0.699753 0.771332 322.221 0 0
1500 62.774 38.5576 17.5382 0.0674187 0.52937 322.298 0 0
1500 72.1708 -32.8116 17.8074 0.230063 -0.548804 322.425 0 0
1500 92.7711 33.6141 18.0208 0.701938 0.580248 322.448 0 0
1500 30.7931 -15.6388 17.769 -0.414929 -0.216837 322.5 0 0
1500 86.2689 10.9473 18.5382 0.561519 0.175218 322.511 0 0
1500 92.4132 -24.4604 17.5232 0.557756 -0.336238 322.734 0 0
1500 86.0388 2.58837 18.312 0.472865 0.0459963 322.839 0 0
1500 70.2134 63.2632 17.5457 0.161736 0.934469 322.838 0 0
1500 58.2262 18.0249 17.8399 -0.0137255 0.289781 322.91 0 0
1500 48.0138 17.4896 18.0033 -0.142616 0.248604 323.014 0 0
1500 58.3576 -28.225 17.6518 0.0784239 -0.442609 323.013 0 0
1500 -13.8503 -19.0969 17.4885 -0.992423 -0.318459 323.098 0 0
1500 111.994 26.5844 17.4953 0.801055 0.322759 323.138 0 0
1500 47.5454 -13.6808 17.8289 -0.175467 -0.281994 323.177 0 0
1500 89.1575 18.9142 17.6551 0.513583 0.225353 323.259 0 0
1500 107.049 37.7981 17.5818 0.669938 0.545696 323.561 0 0
1500 59.8539 3.84152 17.9636 0.0941269 0.0986686 323.625 0 0
1500 93.9091 -7.48331 18.407 0.622813 -0.158506 323.795 0 0
1500 37.3633 6.09129 17.6103 -0.30746 0.159476 323.942 0 0
1500 83.0345 1.81669 17.6908 0.436789 0.0634363 323.987 0 0
1500 31.5318 -39.9175 17.744 -0.43284 -0.699419 323.987 0 0
1500 15.5197 18.48 17.5852 -0.684133 0.33179 324.112 0 0
1500 86.4489 24.43 18.125 0.467369 0.441186 324.122 0 0
1500 123.138 -16.9212 18.1253 1.1832 -0.309334 324.267 0 0
1500 27.953 45.8128 17.6485 -0.4482 0.711784 324.29 0 0
1500 64.7424 2.86304 18.52 0.226029 0.0740423 324.366 0 0
1500 57.463 34.5778 17.6996 -0.0610769 0.513786 324.552 0 0
1500 78.1768 14.949 17.8924 0.333508 0.200189 324.712 0 0
1500 87.1018 -10.8537 18.3226 0.545157 -0.191293 324.862 0 0
1500 100.11 7.26527 17.8575 0.70815 0.194466 324.75 0 0
1500 53.2042 -30.195 17.6993 -0.0771785 -0.422161 324.981 0 0
1500 83.7144 6.55713 18.5181 0.479432 0.15402 325.069 0 0
1500 73.4794 25.236 17.7422 0.268027 0.431482 325.14 0 0
1500 102.333 23.6209 17.8657 0.719728 0.350871 325.161 0 0
1500 120.738 36.8868 17.6156 0.884627 0.556079 325.189 0 0
1500 45.35 -42.6847 17.7123 -0.257948 -0.639043 325.281 0 0
1500 64.7475 7.38736 18.4994 0.188902 0.163678 325.498 0 0
1500 23.7956 -26.2064 17.5851 -0.564737 -0.41173 325.493 0 0
1500 91.1106 17.5528 17.7133 0.477122 0.243536 325.599 0 0
1500 51.2684 6.63319 17.7291 -0.0816752 0.140673 325.619 0 0
1500 99.9673 17.4508 17.8544 0.690455 0.21428 325.811 0 0
1500 100.618 4.35292 18.1016 0.709874 0.017574 325.728 0 0
1500 74.7272 15.1614 17.8613 0.225801 0.244715 325.823 0 0
1500 95.7238 13.0972 17.7916 0.645194 0.271138 325.703 0 0
1500 4.2936 -32.6746 17.576 -0.826197 -0.424519 325.897 0 0
1500 71.9809 -13.8385 17.5876 0.246237 -0.25273 325.94 0 0
1500 92.7491 11.6237 17.8066 0.596621 0.178969 325.991 0 0
1500 68.9371 52.6592 17.7142 0.148915 0.903277 325.958 0 0
1500 65.9505 -9.29756 18.127 0.0708665 -0.154096 326.034 0 0
1500 55.5999 18.0547 17.8338 -0.0134119 0.335617 326.048 0 0
1500 33.3957 0.0427871 17.6029 -0.420887 -0.0518961 326.064 0 0
1500 142.887 78.7805 17.6026 1.23195 1.22116 326.447 0 0
1500 4.34185 -62.1103 18.0565 -0.915363 -1.14417 326.417 0 0
1500 72.9751 8.29595 17.6738 0.269643 0.183464 326.514 0 0
1500 130.353 -19.5588 17.9409 1.17344 -0.347106 326.627 0 0
1500 131.999 37.4574 17.5818 1.08408 0.511268 326.628 0 0
1500 72.2226 3.05235 18.1918 0.29024 0.0489972 326.704 0 0
1500 53.4767 -48.8169 18.0616 -0.0113919 -0.899671 326.757 0 0
1500 110.508 33.7134 17.7541 0.785131 0.536042 326.875 0 0
1500 99.6458 35.828 17.6412 0.675312 0.507675 326.961 0 0
1500 53.9542 17.6834 18.3689 -0.00692176 0.343834 327.112 0 0
1500 95.0312 13.032 17.6756 0.591245 0.251334 327.157 0 0
1500 73.6491 1.32026 17.6665 0.225496 -0.0544509 327.194 0 0
1500 70.7847 20.4384 17.808 0.278841 0.324559 327.333 0 0
1500 44.1962 -10.9981 18.4014 -0.188457 -0.209463 327.317 0 0
1500 70.3758 18.0897 17.8946 0.240759 0.232784 327.373 0 0
1500 52.2013 58.6645 17.7013 -0.0707159 0.910483 327.395 0 0
1500 82.6853 -0.0872327 18.0217 0.415837 0.0705198 327.406 0 0
1500 66.1971 -21.6909 17.6664 0.11359 -0.397503 327.418 0 0
1500 106.523 36.5906 17.646 0.769098 0.514938 327.466 0 0
1500 51.7034 47.8039 17.8553 -0.0818638 0.784032 327.473 0 0
1500 104.796 -51.0434 17.6061 0.700634 -0.762162 327.579 0 0
1500 61.1258 72.6986 17.601 -0.00658676 1.04803 327.63 0 0
1500 107.361 39.818 17.649 0.77817 0.559123 327.732 0 0
1500 68.2126 11.4459 17.9458 0.2341 0.224408 327.697 0 0
1500 88.6013 -32.1577 17.8128 0.535986 -0.486046 327.771 0 0
1500 93.4841 21.1295 18.191 0.59495 0.363708 327.842 0 0
1500 67.0024 4.12633 18.6326 0.234059 0.12284 328.079 0 0
1500 69.5826 -17.1879 18.051 0.233569 -0.247376 328.135 0 0
1500 68.1496 11.5731 18.1988 0.20407 0.235146 328.14 0 0
1500 79.2559 -1.43971 18.8379 0.48278 -0.0637717 328.242 0 0
1500 106.062 9.09495 17.6205 0.713135 0.0744603 328.173 0 0
1500 103.873 24.4636 17.8154 0.752899 0.333395 328.197 0 0
1500 59.7437 40.7258 18.5321 0.0432657 0.7261 328.272 0 0
1500 33.6358 -44.2943 17.6692 -0.365879 -0.722384 328.556 0 0
1500 81.7638 -47.9578 17.67 0.339131 -0.774117 328.732 0 0
1500 13.492 37.9822 17.7115 -0.773595 0.625463 328.754 0 0
1500 103.05 -3.53395 17.8952 0.746686 -0.0147488 328.803 0 0
1500 58.7013 -9.43517 18.1805 0.00873253 -0.160223 329.017 0 0
1500 8.03272 -29.9869 17.6717 -0.736365 -0.509062 329.022 0 0
1500 97.9906 -19.5067 17.6642 0.55499 -0.342717 329.116 0 0
1500 44.017 -2.4012 17.8629 -0.176885 -0.0891287 329.364 0 0
1500 84.7369 12.8373 17.8014 0.485868 0.171877 329.312 0 0
1500 112.536 -49.4 17.8146 0.939824 -0.764899 329.491 0 0
1500 71.0764 39.8015 18.0383 0.210119 0.643728 329.547 0 0
1500 116.676 0.161016 17.6797 0.884422 0.0711133 329.534 0 0
1500 127.051 -5.39636 17.6955 1.02568 -0.0188377 329.555 0 0
1500 123.45 26.9467 17.6774 0.981035 0.36502 329.667 0 0
1500 42.3173 1.03787 18.1075 -0.259104 0.0705544 329.661 0 0
1500 68.5267 43.7306 18.0387 0.172804 0.699165 329.694 0 0
1500 88.8111 13.3862 18.2089 0.570853 0.234563 329.695 0 0
1500 66.6655 -16.8874 17.769 0.0964277 -0.280388 329.809 0 0
1500 55.1019 69.1112 17.6983 0.00425466 1.03572 329.771 0 0
1500 78.8443 -7.47662 17.6928 0.309097 -0.13956 329.9 0 0
1500 62.9336 34.4446 18.136 0.0262992 0.580588 330.064 0 0
1500 123.984 22.74 17.7028 0.974622 0.37768 330.098 0 0
1500 98.5959 -5.32162 17.9506 0.690547 -0.0852248 330.164 0 0
1500 111.678 8.16892 18.1884 0.948425 0.0689827 330.335 0 0
1500 101.158 -25.8615 17.8017 0.719937 -0.399111 330.314 0 0
1500 76.4064 -27.4954 18.6407 0.317247 -0.478876 330.488 0 0
1500 17.6946 -55.2729 17.6857 -0.582518 -0.858117 330.566 0 0
1500 -4.43412 17.2745 17.7062 -0.942692 0.308973 330.754 0 0
1500 45.7364 21.6086 18.0849 -0.189542 0.36409 330.717 0 0
1500 101.928 -13.0889 18.0321 0.727624 -0.289079 330.681 0 0
1500 80.5947 28.6361 18.5305 0.436739 0.47398 331.093 0 0
1500 73.8223 -15.0278 17.8594 0.267045 -0.228998 331.136 0 0
1500 73.3024 47.7296 17.8816 0.24261 0.779583 331.127 0 0
1500 102.195 18.3409 17.8744 0.757646 0.276354 331.077 0 0
1500 64.4854 -10.1843 18.0696 0.173669 -0.219219 331.262 0 0
1500 19.9111 -1.78234 17.7028 -0.544415 0.0249117 331.329 0 0
1500 96.1767 63.2819 17.6818 0.554768 0.940418 331.281 0 0
1500 99.9043 54.5423 17.7229 0.624608 0.811682 331.324 0 0
1500 95.5831 16.5459 18.0884 0.632712 0.304037 331.341 0 0
1500 206.576 103.944 17.7774 2.42156 1.72451 331.413 0 0
1500 56.9684 -39.829 17.7673 -0.0610244 -0.706536 331.354 0 0
1500 98.6795 23.0622 18.2159 0.733527 0.339818 331.585 0 0
1500 64.5462 12.7242 18.1151 0.145328 0.218073 331.608 0 0
1500 110.343 -30.5338 17.7213 0.77614 -0.42231 331.757 0 0
1500 37.3663 10.9297 17.8823 -0.409989 0.180615 331.981 0 0
1500 65.848 -30.2951 18.1759 0.184836 -0.536247 331.995 0 0
1500 46.5811 16.0153 18.1842 -0.180342 0.241904 332.266 0 0
1500 102.496 -12.4111 17.8823 0.686651 -0.177318 332.388 0 0
1500 23.3459 18.5866 17.9118 -0.604469 0.290632 332.542 0 0
1500 128.464 32.7076 18.6521 1.38038 0.603375 332.522 0 0
1500 125.675 7.3813 17.7066 1.00379 0.141065 332.738 0 0
1500 89.0987 47.107 17.7583 0.464057 0.692437 333.022 0 0
1500 -8.13327 6.94946 17.752 -1.01914 0.121522 333.041 0 0
1500 32.0021 24.1913 17.9668 -0.454707 0.434532 333.14 0 0
1500 70.5917 -28.1009 18.1788 0.253712 -0.496699 333.199 0 0
1500 102.787 -9.08623 18.6023 0.806965 -0.162249 333.32 0 0
1500 85.6526 6.31487 18.933 0.592839 0.0491991 333.432 0 0
1500 -8.54873 -13.7624 17.7177 -1.00681 -0.186295 333.474 0 0
1500 75.155 -11.6426 18.2435 0.331209 -0.246672 333.448 0 0
1500 131.834 -10.9754 18.0219 1.2345 -0.218498 333.457 0 0
1500 132.354 -41.795 18.1705 1.34553 -0.803079 333.502 0 0
1500 103.201 11.3904 17.7748 0.648961 0.20729 333.695 0 0
1500 98.1075 34.9448 17.9656 0.611449 0.590722 333.983 0 0
1500 98.8709 14.9417 17.9966 0.63341 0.214858 334.046 0 0
1500 84.0309 8.35073 18.3223 0.459672 0.110131 334.075 0 0
1500 27.6319 -40.7077 17.7593 -0.44549 -0.609343 334.245 0 0
1500 87.7259 -1.82071 17.7774 0.436275 -0.10115 334.265 0 0
1500 109.982 -9.43309 18.0844 0.867199 -0.170148 334.285 0 0
1500 50.2148 32.333 18.3002 -0.107121 0.662012 334.405 0 0
1500 72.4196 -33.4726 17.7754 0.202666 -0.578736 334.627 0 0
1500 88.0981 6.94654 18.446 0.572599 0.0416769 334.681 0 0
1500 58.1921 7.97484 17.8018 0.0448594 0.159343 334.701 0 0
1500 89.3087 8.42469 17.9988 0.581672 0.0755174 334.711 0 0
1500 68.6123 -5.50521 18.6303 0.252532 -0.122867 334.775 0 0
1500 115.791 -39.9478 18.046 0.977264 -0.678415 334.769 0 0
1500 73.1666 -23.2921 18.3997 0.295703 -0.412021 334.971 0 0
1500 87.0248 4.75482 18.8242 0.622912 0.0601855 335.012 0 0
1500 101.926 16.2479 17.8538 0.742977 0.288703 335.106 0 0
1500 62.2589 -24.6561 17.7735 0.0491754 -0.396044 335.152 0 0
1500 46.2165 -13.1879 17.7776 -0.165018 -0.242171 335.308 0 0
1500 71.8375 -47.4531 17.8181 0.147566 -0.738855 335.366 0 0
1500 41.94 16.9153 17.9384 -0.205972 0.329444 335.305 0 0
1500 82.6843 12.416 17.8556 0.448114 0.143888 335.42 0 0
1500 32.9129 -5.31578 17.8522 -0.427507 -0.1253 335.563 0 0
1500 64.3676 7.53011 18.322 0.135616 0.160328 335.633 0 0
1500 39.2787 10.6115 18.13 -0.306562 0.180509 335.609 0 0
1500 118.611 7.96045 17.8744 0.988093 0.186225 335.774 0 0
1500 102.133 -9.93438 18.3701 0.750207 -0.195278 335.969 0 0
1500 103.296 -35.3852 17.8627 0.675564 -0.5958 335.943 0 0
1500 72.1212 13.5952 18.21 0.20662 0.239687 335.877 0 0
1500 37.3677 1.06435 18.21 -0.309938 0.0534402 335.875 0 0
1500 71.0346 -17.8592 18.2073 0.176656 -0.393416 335.996 0 0
1500 4.98017 66.5275 17.7386 -0.794258 0.987566 336.051 0 0
1500 92.9677 16.3463 18.2251 0.550403 0.308872 336.102 0 0
1500 124.323 -29.23 17.8819 1.10688 -0.504619 336.047 0 0
1500 97.9887 5.82439 18.1241 0.712524 0.0790637 336.242 0 0
1500 51.0761 -13.236 17.7374 -0.183416 -0.223164 336.252 0 0
1500 55.0915 55.8869 17.8236 0.0039018 0.891693 336.802 0 0
1500 75.106 -32.7801 18.4866 0.261629 -0.661634 336.784 0 0
1500 55.7733 14.4313 18.4445 -0.0143018 0.222146 336.832 0 0
1500 83.2471 33.6278 17.7793 0.455073 0.486557 337.094 0 0
1500 20.4391 -54.3767 17.8132 -0.59849 -0.831591 337.164 0 0
1500 95.9402 38.7679 17.827 0.669897 0.638802 337.488 0 0
1500 79.2224 13.593 17.7871 0.336468 0.231496 337.566 0 0
1500 122.274 7.08761 17.8266 0.985711 0.166855 337.508 0 0
1500 110.997 -0.288534 18.008 0.879258 0.0227631 337.67 0 0
1500 38.2477 53.7884 17.7312 -0.370596 0.782204 337.807 0 0
1500 52.2456 -13.0136 17.8904 -0.142795 -0.223815 337.781 0 0
1500 93.9889 28.696 17.8254 0.537181 0.51269 337.758 0 0
1500 98.5436 -11.6062 17.9924 0.713991 -0.134415 337.894 0 0
1500 50.5757 -9.15829 18.2409 -0.179084 -0.228423 337.807 0 0
1500 81.9416 -24.6487 17.8768 0.328116 -0.400834 338.038 0 0
1500 47.1989 -24.076 17.8888 -0.21844 -0.389956 338.025 0 0
1500 34.6076 16.1415 17.8029 -0.345614 0.279629 338.124 0 0
1500 41.7345 -26.4306 17.8105 -0.292099 -0.455442 338.141 0 0
1500 63.2298 0.519999 18.0238 0.13361 -0.0641166 338.382 0 0
1500 64.0735 -8.452 18.1903 0.189509 -0.186357 338.255 0 0
1500 88.7628 36.6248 18.3873 0.581636 0.679277 338.541 0 0
1500 72.4748 8.15413 18.0542 0.310054 0.206394 338.411 0 0
1500 125.746 -18.134 18.3467 1.34402 -0.34647 338.315 0 0
1500 92.9583 4.94275 18.397 0.63862 0.128306 338.688 0 0
1500 72.2613 -49.5441 18.0133 0.20039 -0.790634 338.684 0 0
1500 104.702 -12.8021 17.7903 0.774042 -0.176572 338.748 0 0
1500 70.4854 -11.1934 17.7713 0.263165 -0.186454 338.653 0 0
1500 79.0975 43.0884 17.842 0.297957 0.656852 338.938 0 0
1500 57.1499 -16.4111 17.9047 -0.0723905 -0.244047 338.763 0 0
1500 66.1516 -33.5138 18.0816 0.107592 -0.609069 338.801 0 0
1500 74.7064 -14.6123 18.2699 0.287875 -0.2489 339.011 0 0
1500 69.076 -37.8801 17.8255 0.214245 -0.554108 338.997 0 0
1500 76.7248 -17.4519 18.3246 0.375502 -0.244248 339.043 0 0
1500 40.9538 -24.9967 17.9025 -0.316175 -0.372254 339.093 0 0
1500 59.6294 -10.7193 17.9676 -0.00712597 -0.212687 339.099 0 0
1500 7.73507 -45.2751 17.8342 -0.768484 -0.668604 339.129 0 0
1500 48.7541 -41.2285 17.9744 -0.185166 -0.626656 339.251 0 0
1500 71.0522 2.90056 18.3299 0.299871 0.0237154 339.277 0 0
1500 33.6901 5.24281 17.9628 -0.372129 0.0799038 339.342 0 0
1500 -13.4743 44.3872 17.8379 -1.12218 0.660058 339.582 0 0
1500 86.1496 -3.17768 18.0528 0.530584 -0.0485308 339.599 0 0
1500 76.114 36.1337 17.9597 0.25714 0.604039 339.616 0 0
1500 28.3614 43.5359 18.0117 -0.483649 0.699093 339.519 0 0
1500 89.0033 -33.1392 17.8686 0.497295 -0.565955 339.656 0 0
1500 127.261 -24.5775 17.9047 1.1367 -0.33191 339.638 0 0
1500 -1.04336 -40.6167 17.8318 -1.01172 -0.642855 339.696 0 0
1500 44.6554 27.4955 18.5187 -0.20284 0.50581 339.673 0 0
1500 102.523 -25.3229 18.1841 0.744973 -0.427766 339.798 0 0
1500 46.9959 -35.1234 17.9635 -0.196136 -0.575894 339.738 0 0
1500 93.9222 -19.9211 17.8699 0.517958 -0.366969 339.778 0 0
1500 17.1517 5.45426 18.0405 -0.646939 0.0805901 339.94 0 0
1500 76.9052 22.2941 17.8203 0.363189 0.315038 340.011 0 0
1500 17.2158 28.5057 17.9582 -0.617635 0.486814 340.081 0 0
1500 87.5705 6.05392 18.7879 0.615437 0.0395582 340.137 0 0
1500 18.2502 -25.1554 17.8681 -0.616877 -0.442957 340.194 0 0
1500 54.3959 -29.5199 18.0132 -0.00892408 -0.464615 340.346 0 0
1500 97.3741 13.5662 17.9309 0.674868 0.168955 340.288 0 0
1500 87.169 -23.7313 17.8177 0.516398 -0.38326 340.394 0 0
1500 89.3664 50.5912 17.7644 0.536753 0.736724 340.445 0 0
1500 -108.392 28.0749 17.816 -2.63517 0.520178 340.524 0 0
1500 120.444 -28.717 18.0374 1.04735 -0.555066 340.592 0 0
1500 105.882 14.0416 17.9658 0.749482 0.265482 340.625 0 0
1500 107.121 -41.4326 17.8439 0.816616 -0.742539 340.7 0 0
1500 -18.3257 63.3984 17.8534 -1.22927 1.10026 340.866 0 0
1500 123.92 -2.11858 17.7481 1.0173 -0.0763577 340.983 0 0
1500 99.446 20.4921 18.2565 0.744948 0.305597 340.926 0 0
1500 78.9586 -25.8985 18.2396 0.375626 -0.51037 341.117 0 0
1500 13.0353 -8.27281 17.8599 -0.667109 -0.151836 341.193 0 0
1500 97.8879 13.7111 18.1717 0.684919 0.258708 341.213 0 0
1500 53.7218 -28.9014 18.0017 -0.102428 -0.474755 341.221 0 0
1500 68.6997 -32.0864 17.927 0.13437 -0.54665 341.309 0 0
1500 105.42 -53.9432 17.7933 0.666026 -0.877319 341.229 0 0
1500 132.243 -148.575 17.8501 1.15683 -2.40234 341.254 0 0
1500 78.8855 21.7131 18.6283 0.464834 0.362121 341.385 0 0
1500 71.6372 -63.059 17.8693 0.231942 -0.98682 341.41 0 0
1500 145.345 -15.8784 17.8794 1.4469 -0.189126 341.391 0 0
1500 113.125 -8.79953 18.0001 0.953107 -0.147265 341.412 0 0
1500 116.75 15.1057 17.7676 0.881947 0.246778 341.457 0 0
1500 89.4224 -9.39165 18.5049 0.538018 -0.177537 341.574 0 0
1500 102.387 -24.8437 18.3861 0.774911 -0.4296 341.553 0 0
1500 65.2599 43.4439 18.4412 0.200241 0.7869 341.562 0 0
1500 55.0721 -55.8728 17.9578 -0.0469464 -1.0211 341.587 0 0
1500 25.4844 -63.4872 17.7531 -0.416851 -0.961643 341.843 0 0
1500 -7.917 -18.4491 17.8047 -0.992095 -0.327364 342.085 0 0
1500 66.0702 1.18573 17.8905 0.17231 0.0577036 342.124 0 0
1500 79.4589 -17.0019 18.0582 0.354018 -0.331724 342.121 0 0
1500 73.8203 -13.669 17.9157 0.222108 -0.277964 342.207 0 0
1500 123.586 -14.0423 17.8067 1.00273 -0.185203 342.327 0 0
1500 53.2889 -54.1663 17.9704 -0.0739715 -0.871124 342.317 0 0
1500 101.963 -40.0245 18.0469 0.735118 -0.711085 342.418 0 0
1500 -4.94093 -24.6477 17.824 -0.935429 -0.401747 342.544 0 0
1500 50.3337 50.0788 18.028 -0.0905306 0.885289 342.66 0 0
1500 68.6124 -18.2458 18.3788 0.199687 -0.312398 342.902 0 0
1500 96.5429 5.09854 19.338 0.795013 0.0493831 342.823 0 0
1500 24.5982 -59.4748 17.8725 -0.502077 -0.91977 342.841 0 0
1500 32.0769 -65.7992 17.8176 -0.390882 -1.10659 342.861 0 0
1500 89.0175 -21.1779 18.0681 0.506561 -0.327545 342.969 0 0
1500 79.05 -16.0512 18.2888 0.436164 -0.283732 342.98 0 0
1500 162.183 18.3387 17.8462 1.703 0.352034 343.004 0 0
1500 103.858 -1.3814 18.5545 0.937521 0.0295287 343.056 0 0
1500 68.5133 -5.80385 18.3828 0.197677 -0.143677 343.153 0 0
1500 44.0619 -60.1399 17.9202 -0.231862 -0.944656 343.154 0 0
1500 -3.96588 26.2512 17.7878 -0.917255 0.458562 343.305 0 0
1500 25.0604 4.324 18.1564 -0.517432 0.0951751 343.339 0 0
1500 88.9384 7.28194 18.2002 0.525054 0.123566 343.328 0 0
1500 85.1159 -4.24234 18.5702 0.568534 -0.0723345 343.538 0 0
1500 89.6904 58.6877 17.7886 0.456199 0.931411 343.554 0 0
1500 78.1675 -46.6042 17.9052 0.3836 -0.789455 343.469 0 0
1500 12.3296 -10.0424 17.9847 -0.764771 -0.224993 343.377 0 0
1500 25.1298 57.5403 17.8793 -0.503527 1.00187 343.594 0 0
1500 84.4537 -51.0059 18.1736 0.473353 -0.933614 343.7 0 0
1500 88.5468 35.6044 18.1702 0.496025 0.601167 343.715 0 0
1500 82.1083 24.5803 18.2893 0.404018 0.391654 343.729 0 0
1500 84.033 -7.25721 18.4271 0.515996 -0.0523802 343.819 0 0
1500 84.5122 -44.3134 17.9868 0.48603 -0.694762 343.779 0 0
1500 83.2133 3.08142 17.9762 0.417546 0.122301 343.731 0 0
1500 127.841 -40.9703 17.9468 1.18901 -0.709583 343.843 0 0
1500 108.669 15.7483 18.2588 0.909798 0.254688 344.09 0 0
1500 95.873 35.6668 17.8324 0.594024 0.507123 344.154 0 0
1500 8.8276 47.5066 17.7913 -0.720601 0.761337 344.138 0 0
1500 52.4629 1.45604 18.3534 -0.0862873 0.028818 344.131 0 0
1500 64.8633 25.1794 17.9406 0.167765 0.371618 344.542 0 0
1500 102.626 22.9817 18.29 0.76223 0.400295 344.353 0 0
1500 86.672 -3.63018 18.314 0.565034 -0.0333561 344.506 0 0
1500 74.4209 -50.1837 17.8142 0.314264 -0.793715 344.526 0 0
1500 30.021 -13.7178 17.9566 -0.471966 -0.24976 344.518 0 0
1500 99.834 -44.3075 17.8415 0.655145 -0.756448 344.392 0 0
1500 154.599 67.5301 17.8374 1.55975 1.09386 344.367 0 0
1500 100.85 31.4285 17.9758 0.699879 0.59696 344.243 0 0
1500 67.6557 16.842 18.8799 0.275384 0.313932 344.664 0 0
1500 120.563 8.99962 17.8264 0.998334 0.107011 344.681 0 0
1500 -8.3426 1.43303 17.7763 -0.99798 0.0950792 344.599 0 0
1500 83.341 18.7895 18.0551 0.404715 0.359325 344.71 0 0
1500 124.902 39.945 17.863 1.13181 0.696118 344.724 0 0
1500 97.0812 1.97707 18.735 0.724314 0.0868764 344.857 0 0
1500 73.6645 123.236 17.7816 0.279307 1.90893 344.93 0 0
1500 64.4348 11.0655 17.9292 0.144702 0.239612 344.921 0 0
1500 31.9208 43.2063 17.986 -0.396644 0.789583 344.913 0 0
1500 75.2879 16.3315 18.2997 0.276015 0.273232 344.972 0 0
1500 22.0189 28.488 17.884 -0.561226 0.502424 345.019 0 0
1500 64.331 -1.96756 18.5074 0.124596 -0.0715536 345.023 0 0
1500 48.4439 34.8534 17.9481 -0.201974 0.549051 345.132 0 0
1500 63.2841 -4.56583 18.7719 0.133856 -0.0882399 345.282 0 0
1500 100.035 37.7476 18.494 0.842163 0.760144 345.291 0 0
1500 72.2253 19.998 17.9192 0.303531 0.299149 345.559 0 0
1500 155.401 -23.6649 17.8228 1.51401 -0.429485 345.61 0 0
1500 19.931 -11.5376 17.8855 -0.712809 -0.187727 345.574 0 0
1500 15.0637 17.8804 17.8891 -0.631883 0.293646 345.642 0 0
1500 109.905 1.19822 18.306 0.894415 0.037846 345.754 0 0
1500 103.913 -38.6794 17.9015 0.768433 -0.565668 345.752 0 0
1500 109.565 18.608 17.9775 0.863534 0.280386 345.817 0 0
1500 99.2832 20.5757 17.9025 0.661685 0.381779 345.698 0 0
1500 127.013 24.8044 18.1348 1.17583 0.454669 345.834 0 0
1500 131.032 -15.0383 17.8495 1.1613 -0.27329 345.928 0 0
1500 13.8557 3.53259 17.7958 -0.729389 0.110356 345.933 0 0
1500 -10.6596 -12.631 17.9134 -1.11966 -0.173086 345.924 0 0
1500 107.888 27.9369 18.0822 0.844351 0.418942 346.259 0 0
1500 74.1273 -23.3246 17.9277 0.250627 -0.381979 346.221 0 0
1500 80.1936 3.32194 17.8259 0.368069 0.0314657 346.361 0 0
1500 44.9612 1.97004 18.1869 -0.22085 0.0655201 346.205 0 0
1500 42.3923 20.7085 17.9861 -0.293178 0.334482 346.383 0 0
1500 128.626 19.7908 17.8442 1.17238 0.265281 346.322 0 0
1500 88.3133 -0.488612 18.9352 0.686477 -0.0526201 346.21 0 0
1500 46.5259 0.243336 18.1351 -0.19337 -0.0449832 346.577 0 0
1500 87.3305 -28.0135 17.8662 0.527376 -0.407706 346.614 0 0
1500 81.5664 -33.0487 18.0756 0.340488 -0.556731 346.758 0 0
1500 98.8958 -3.00391 17.9622 0.667974 0.0249633 346.721 0 0
1500 48.0332 75.4537 17.8978 -0.200277 1.27935 346.906 0 0
1500 49.7272 -20.7359 17.9173 -0.159874 -0.383807 346.938 0 0
1500 0.212412 -33.7079 17.8026 -0.901295 -0.533111 347.038 0 0
1500 88.5269 -8.61444 17.9966 0.509899 -0.204988 347.064 0 0
1500 5.76272 -41.5854 17.8378 -0.819213 -0.65092 347.188 0 0
1500 63.6453 1.84174 17.9412 0.0608787 0.0953723 347.312 0 0
1500 74.6736 36.593 17.9674 0.297256 0.628668 347.444 0 0
1500 -21.1398 -5.98554 17.949 -1.30912 -0.108768 347.394 0 0
1500 64.655 -42.9085 17.8979 0.0394594 -0.723815 347.604 0 0
1500 73.8689 18.798 18.807 0.315029 0.333096 347.802 0 0
1500 124.508 -62.5708 17.9122 1.14857 -0.977802 347.836 0 0
1500 45.1735 -45.9364 17.9066 -0.22646 -0.760206 347.979 0 0
1500 102.581 46.4883 17.9974 0.697916 0.814517 347.963 0 0
1500 135.213 3.73072 18.1565 1.31964 0.025447 348.087 0 0
1500 96.1447 36.177 17.9156 0.639381 0.522783 348.153 0 0
1500 60.8322 41.4689 18.0993 0.0694869 0.701411 348.164 0 0
1500 40.9282 21.0786 18.1887 -0.263046 0.449218 348.19 0 0
1500 73.7492 51.6843 17.9606 0.279524 0.84722 348.305 0 0
1500 85.7147 -0.590931 17.9802 0.424219 0.0533506 348.5 0 0
1500 11.5959 29.3346 17.8264 -0.734083 0.514658 348.507 0 0
1500 6.72481 16.116 17.9555 -0.859117 0.20112 348.5 0 0
1500 36.4171 58.6601 17.8487 -0.302216 1.00254 348.439 0 0
1500 67.6881 -33.1593 18.0072 0.23953 -0.587066 348.56 0 0
1500 84.4546 -0.809937 19.1723 0.559861 0.00557656 348.771 0 0
1500 71.5777 -22.3108 18.1927 0.256707 -0.360231 348.799 0 0
1500 86.9376 -37.4656 18.3064 0.497243 -0.663673 348.947 0 0
1500 91.2939 15.0482 18.0266 0.581169 0.290396 349.005 0 0
1500 94.693 -108.654 17.8136 0.498281 -1.71751 349.032 0 0
1500 66.7037 -48.6111 18.0488 0.203955 -0.795088 349.23 0 0
1500 73.3579 -8.35534 18.6164 0.254164 -0.159942 349.125 0 0
1500 84.388 -28.1978 17.9624 0.404205 -0.508433 349.394 0 0
1500 33.7752 54.2057 17.8845 -0.396403 0.877668 349.476 0 0
1500 -54.1863 -71.6819 18.1079 -2.02643 -1.20336 349.517 0 0
1500 97.5256 -7.73812 18.6371 0.754735 -0.102487 349.67 0 0
1500 38.7956 -38.6466 17.9594 -0.295865 -0.666543 349.647 0 0
1500 44.6574 3.086 18.0777 -0.24622 0.0782412 349.643 0 0
1500 132.667 -32.7759 18.0323 1.28734 -0.572997 349.638 0 0
1500 129.724 -20.0841 17.803 1.113 -0.259361 349.71 0 0
1500 115.736 7.62298 18.0108 0.945574 0.158602 349.85 0 0
1500 38.4692 -44.1086 17.9295 -0.345151 -0.721841 349.786 0 0
1500 89.2941 22.2384 17.891 0.494233 0.420788 349.815 0 0
1500 41.6019 5.58012 17.8594 -0.25819 0.165484 349.816 0 0
1500 124.833 54.4018 18.4323 1.33111 1.13003 349.815 0 0
1500 94.8669 -37.1514 17.9287 0.584795 -0.558992 349.882 0 0
1500 62.9095 -12.7644 18.1781 0.0932437 -0.238478 349.994 0 0
1500 40.9426 -42.7663 17.912 -0.329004 -0.656501 350.014 0 0
1500 99.2464 -32.8416 18.4087 0.839406 -0.601015 350.013 0 0
1500 84.1058 62.9161 17.8662 0.356434 0.982949 350.052 0 0
1500 97.876 -11.441 18.3145 0.693041 -0.24618 350.052 0 0
1500 12.7121 9.56839 17.912 -0.750542 0.184966 350.066 0 0
1500 61.39 -41.0722 17.8461 0.108365 -0.604659 350.175 0 0
1500 92.3223 50.9883 18.0092 0.592972 0.801182 350.22 0 0
1500 57.3001 -30.4572 18.1041 -0.0525018 -0.466972 350.106 0 0
1500 98.3253 -7.05015 18.2304 0.703587 -0.200068 350.091 0 0
1500 62.6498 -28.0579 18.9594 0.151673 -0.537477 350.34 0 0
1500 114.876 28.5347 17.8556 0.892769 0.490201 350.633 0 0
1500 54.3576 -59.7285 17.9222 -0.101046 -0.947668 350.671 0 0
1500 75.8754 -8.37644 17.9785 0.363109 -0.166719 350.594 0 0
1500 83.1491 35.2905 18.0089 0.36054 0.606438 350.692 0 0
1500 80.082 -8.2777 19.0104 0.453782 -0.189527 350.771 0 0
1500 80.4966 -5.23872 18.5519 0.406292 -0.148753 350.858 0 0
1500 104.539 -26.378 17.8707 0.771838 -0.450829 350.834 0 0
1500 40.8354 31.2598 17.8553 -0.333882 0.519431 350.779 0 0
1500 119.458 -0.983208 17.906 1.00242 0.00751922 351.06 0 0
1500 39.32 31.7956 17.8691 -0.362804 0.481303 350.923 0 0
1500 24.2437 -11.5298 17.8683 -0.595987 -0.190216 350.983 0 0
1500 69.9603 0.830938 18.234 0.283376 0.0752707 351.015 0 0
1500 90.732 -12.2763 18.5542 0.699055 -0.165713 351.166 0 0
1500 110.164 49.226 18.2177 0.999151 0.870704 350.954 0 0
1500 68.2057 -56.6079 17.8692 0.131799 -0.869012 351.22 0 0
1500 43.8122 -43.9685 18.0001 -0.253469 -0.719498 351.184 0 0
1500 97.5998 -37.2055 18.5532 0.73211 -0.657806 351.201 0 0
1500 47.1946 -4.34811 17.8564 -0.182719 0.00944275 351.236 0 0
1500 114.644 -2.87106 17.8618 0.875545 -0.034921 351.421 0 0
1500 84.2151 6.29481 18.4995 0.518035 0.0332888 351.459 0 0
1500 109.134 -19.3024 17.8642 0.795183 -0.266655 351.633 0 0
1500 34.8747 61.5278 17.801 -0.313421 0.986088 351.669 0 0
1500 101.385 -41.8361 17.8659 0.716031 -0.678782 351.549 0 0
1500 107.76 -12.1563 17.9212 0.845034 -0.177834 351.572 0 0
1500 21.5121 48.3705 17.817 -0.588907 0.720899 351.743 0 0
1500 110.077 25.2069 18.1199 0.886303 0.39196 351.784 0 0
1500 92.7641 55.6019 17.872 0.598667 0.839456 351.709 0 0
1500 60.3398 -3.82859 18.0234 0.120105 -0.0490366 351.921 0 0
1500 90.079 -10.4855 18.5494 0.644525 -0.171183 351.97 0 0
1500 9.89206 -44.0415 17.8978 -0.783225 -0.656894 351.916 0 0
1500 90.3877 -29.0539 17.8645 0.542275 -0.513101 351.89 0 0
1500 10.4104 50.3537 17.8748 -0.745854 0.754732 352.18 0 0
1500 90.0679 62.1327 17.8662 0.502506 0.957802 352.118 0 0
1500 44.9878 38.3605 17.8416 -0.193683 0.670013 352.059 0 0
1500 79.8463 -1.62463 17.9381 0.428256 -0.0130823 352.059 0 0
1500 127.199 4.26471 17.9386 1.16324 -0.00179212 352.137 0 0
1500 62.0729 -66.1284 17.9439 0.0584133 -1.04561 352.266 0 0
1500 74.7071 14.0478 18.3823 0.341764 0.230429 352.282 0 0
1500 2.85289 -37.1187 17.8968 -0.883115 -0.550301 352.31 0 0
1500 107.619 -14.9165 18.184 0.842122 -0.276423 352.513 0 0
1500 41.5312 44.2708 18.0901 -0.25351 0.73713 352.379 0 0
1500 34.8079 -21.9516 18.0403 -0.354295 -0.410756 352.347 0 0
1500 105.826 29.7426 17.9057 0.709578 0.501096 352.918 0 0
1500 109.232 5.3156 17.9618 0.788917 0.118894 353.015 0 0
1500 64.3585 59.6243 17.8535 0.106793 0.924816 352.978 0 0
1500 115.951 31.2256 17.8717 0.926864 0.467007 352.984 0 0
1500 123.725 -0.210689 17.9463 1.04336 0.0264787 353.175 0 0
1500 -9.40392 1.95731 17.898 -1.04598 0.0655554 352.785 0 0
1500 107.435 42.0022 18.0155 0.791409 0.680731 353.01 0 0
1500 34.5357 -50.2915 17.9716 -0.385636 -0.817536 352.712 0 0
1500 70.0879 -56.8319 17.8547 0.225908 -0.925244 352.982 0 0
1500 52.4368 36.6061 18.1662 -0.0643492 0.629417 352.944 0 0
1500 115.957 -42.9851 17.9216 0.985597 -0.674464 352.59 0 0
1500 55.2393 5.11574 18.1071 -0.0575644 0.0199295 353.121 0 0
1500 48.359 -50.0819 17.9549 -0.226161 -0.810262 352.616 0 0
1500 61.9454 -18.9485 18.565 0.0539468 -0.379112 353.046 0 0
1500 66.0818 -26.7721 18.103 0.0966876 -0.418711 353.597 0 0
1500 79.0397 24.3616 17.9938 0.376646 0.345228 353.55 0 0
1500 28.8836 -31.6093 17.9222 -0.436955 -0.50068 353.518 0 0
1500 64.3328 -65.7553 17.8556 0.106211 -1.04014 353.335 0 0
1500 122.961 -8.53065 17.9113 1.04154 -0.118674 353.771 0 0
1500 169.408 56.4206 17.8165 1.6828 0.897265 353.752 0 0
1500 -5.65014 -20.5842 17.8353 -1.0098 -0.272374 353.647 0 0
1500 98.8758 50.4802 17.8677 0.61316 0.827855 353.549 0 0
1500 95.6468 -32.0883 18.0032 0.626841 -0.55568 353.217 0 0
1500 38.5265 -46.3718 18.0295 -0.292912 -0.775388 353.274 0 0
1500 46.0544 1.29616 18.3751 -0.157768 0.0792086 353.696 0 0
1500 13.545 -9.25438 17.8787 -0.736044 -0.192407 353.783 0 0
1500 36.8363 19.1062 17.8528 -0.39455 0.338746 353.449 0 0
1500 42.6073 30.9015 17.8502 -0.303818 0.520818 353.639 0 0
1500 61.1187 15.2001 17.8502 -0.0291831 0.228107 353.561 0 0
1500 104.57 -13.2371 18.3344 0.890737 -0.168507 353.263 0 0
1500 61.8953 -33.4071 18.0123 0.0931278 -0.528497 353.922 0 0
1500 15.6792 51.8622 17.8315 -0.623911 0.836182 353.898 0 0
1500 99.021 -1.00032 17.891 0.712499 -0.0377292 353.894 0 0
1500 51.332 15.7166 17.9098 -0.173793 0.210109 353.825 0 0
1500 -4.83709 -12.3048 17.8998 -0.970817 -0.177188 354.145 0 0
1500 105.07 5.79937 18.4162 0.847177 0.12676 354.117 0 0
1500 58.5102 23.7043 18.0636 -0.00540354 0.382998 354.328 0 0
1500 28.9248 52.65 17.8972 -0.453886 0.927565 354.337 0 0
1500 125.752 4.53376 18.3259 1.22496 0.134136 354.236 0 0
1500 97.8465 0.400969 18.2043 0.811858 0.0254496 354.238 0 0
1500 95.1909 -17.9437 18.1364 0.643806 -0.337177 354.366 0 0
1500 110.732 3.17592 18.0534 0.922817 0.130292 354.379 0 0
1500 79.9207 -69.4893 17.859 0.275561 -1.13 354.457 0 0
1500 91.1263 21.7593 18.2183 0.578681 0.399782 354.524 0 0
1500 107.77 24.5204 18.0181 0.856745 0.342678 354.52 0 0
1500 86.2647 59.4174 17.8245 0.426731 0.95583 354.748 0 0
1500 86.7161 44.3626 18.5449 0.530852 0.794175 354.577 0 0
1500 82.6894 16.6055 17.9217 0.365619 0.303205 354.792 0 0
1500 32.3392 57.1874 17.8283 -0.354239 0.897272 354.931 0 0
1500 12.5435 45.4692 17.8348 -0.660526 0.731643 354.876 0 0
1500 16.0104 -18.7122 18.0918 -0.677644 -0.303061 354.783 0 0
1500 137.529 8.00027 18.0623 1.33538 0.0960281 354.959 0 0
1500 69.3422 30.212 18.0355 0.235277 0.460205 355.009 0 0
1500 75.5252 57.2136 17.836 0.202749 0.909732 355.017 0 0
1500 63.1898 57.5417 17.8077 0.152714 0.898911 355.012 0 0
1500 77.689 14.6689 17.9994 0.347202 0.324733 355.017 0 0
1500 61.4867 10.6069 17.9268 0.0671523 0.21762 355.201 0 0
1500 94.8034 -3.09635 17.9098 0.580026 -0.125253 355.226 0 0
1500 104.539 -0.735387 18.0488 0.849407 -0.019561 355.068 0 0
1500 73.333 19.5788 17.8827 0.254236 0.33306 355.32 0 0
1500 4.13746 -8.03317 17.8286 -0.896933 -0.132295 355.361 0 0
1500 75.6335 73.1744 17.8839 0.290373 1.19065 355.406 0 0
1500 61.3408 0.861474 18.0431 0.123552 0.0532181 355.522 0 0
1500 21.6497 -15.7963 18.0942 -0.654291 -0.21057 355.45 0 0
1500 106.446 -6.83295 18.2567 0.852574 -0.0830083 355.561 0 0
1500 102.857 20.0893 18.4482 0.792557 0.352378 355.661 0 0
1500 6.58889 28.1344 17.8263 -0.855404 0.416971 355.681 0 0
1500 70.6757 -30.3779 17.9833 0.155063 -0.518174 355.699 0 0
1500 111.481 5.72513 18.0851 0.969199 0.0320246 355.68 0 0
1500 40.589 -54.6954 17.8557 -0.241615 -0.827364 355.701 0 0
1500 47.6183 -21.5447 17.9004 -0.194311 -0.343286 355.899 0 0
1500 100.494 -9.49115 17.88 0.658823 -0.179706 355.961 0 0
1500 52.8087 -32.3533 17.8163 -0.0817755 -0.581227 356.042 0 0
1500 25.1119 -11.2994 17.8168 -0.513063 -0.25373 356.007 0 0
1500 36.1422 3.52916 17.818 -0.41565 0.0189468 355.829 0 0
1500 42.7198 29.0387 17.8153 -0.311817 0.416859 356.016 0 0
1500 92.4699 -37.2256 18.5739 0.603181 -0.69099 355.71 0 0
1500 66.0693 -30.1937 18.4545 0.19345 -0.641989 355.798 0 0
1500 37.7563 -28.4487 17.8168 -0.326407 -0.461044 356.26 0 0
1500 113.116 -33.2963 18.0545 0.89281 -0.539975 356.145 0 0
1500 89.5849 -12.7427 18.1949 0.625011 -0.183926 356.093 0 0
1500 7.42306 25.1555 17.9787 -0.820175 0.382628 356.291 0 0
1500 70.6651 -13.4881 17.9741 0.254654 -0.159336 356.717 0 0
1500 83.6915 -24.6006 18.2039 0.451971 -0.385662 357.204 0 0
1500 62.3276 0.394641 17.9025 0.0698552 0.0750026 356.936 0 0
1500 104.48 9.57982 18.055 0.742591 0.166437 356.766 0 0
1500 114.48 22.3011 17.9178 0.893912 0.331704 357.262 0 0
1500 120.387 14.1953 17.9147 0.987533 0.217143 356.647 0 0
1500 131.788 66.6837 17.818 1.10724 1.02271 357.407 0 0
1500 80.2945 -19.8132 18.8306 0.493643 -0.355163 356.945 0 0
1500 7.75203 43.529 17.8549 -0.806043 0.670102 356.949 0 0
1500 85.2672 -51.826 18.0296 0.485593 -0.831201 357.166 0 0
1500 85.8586 -25.3515 18.0929 0.406731 -0.442651 356.595 0 0
1500 17.0454 -25.2936 17.9212 -0.691613 -0.380546 357.075 0 0
1500 38.6055 32.72 17.9276 -0.364651 0.511628 356.533 0 0
1500 64.542 -52.5091 17.804 0.0990932 -0.879595 357.159 0 0
1500 56.0761 -55.5566 17.8021 -0.0302885 -0.922822 357.399 0 0
1500 26.2798 -10.2334 17.8988 -0.534453 -0.217336 356.761 0 0
1500 67.1364 -18.1026 18.0176 0.22496 -0.328209 357.018 0 0
1500 13.8892 0.722471 17.8441 -0.708699 0.0858583 357.417 0 0
1500 110.558 -27.6788 17.8356 0.865888 -0.369273 357.373 0 0
1500 89.7775 28.645 18.5532 0.594072 0.531946 357.102 0 0
1500 87.0523 70.5476 17.8796 0.517732 1.09197 357.591 0 0
1500 70.5975 -35.9092 17.8962 0.142838 -0.606622 357.515 0 0
1500 100.026 51.4708 17.9549 0.750692 0.92357 357.602 0 0
1500 58.6841 -64.1845 17.8765 -0.00127801 -1.02974 357.861 0 0
1500 82.7099 -50.1331 17.8862 0.333852 -0.820886 357.909 0 0
1500 6.2367 -11.5544 17.8872 -0.831769 -0.234086 357.786 0 0
1500 28.0936 11.6064 18.1264 -0.481874 0.222469 357.878 0 0
1500 104.21 -10.1443 17.8066 0.758973 -0.214027 357.913 0 0
1500 -40.9076 92.2083 18.0353 -1.74043 1.54792 357.866 0 0
1500 82.7431 -60.045 17.7954 0.30281 -0.942516 358.084 0 0
1500 53.2845 -28.3881 18.0097 -0.0447017 -0.514812 358.077 0 0
1500 27.6824 -53.9846 17.8064 -0.517707 -0.860857 358.097 0 0
1500 102.997 48.221 17.8221 0.692179 0.785633 358.218 0 0
1500 93.7766 36.1765 18.0272 0.633297 0.584532 358.209 0 0
1500 27.1613 36.2543 17.9984 -0.524414 0.562584 358.165 0 0
1500 91.0261 1.55431 18.5516 0.601966 0.00713302 358.299 0 0
1500 61.7443 -35.192 18.0651 0.00160733 -0.642441 358.269 0 0
1500 -2.08583 6.96343 17.8611 -0.927068 0.127054 358.717 0 0
1500 -2.43472 -21.0391 17.8235 -0.951605 -0.315456 358.499 0 0
1500 -9.27682 -8.77505 17.7962 -1.00905 -0.206357 358.518 0 0
1500 45.3805 -57.9801 17.8823 -0.232514 -0.932886 358.433 0 0
1500 95.1521 33.7337 18.1194 0.612395 0.58693 358.42 0 0
1500 112.93 28.2395 17.8281 0.819055 0.506452 358.601 0 0
1500 95.2284 81.0398 17.8267 0.652887 1.24558 358.487 0 0
1500 48.8426 -5.9976 17.9083 -0.180203 -0.0296518 358.397 0 0
1500 119.572 -3.4722 18.0477 1.02957 -0.118002 358.722 0 0
1500 67.184 36.7128 18.0702 0.140642 0.708319 358.43 0 0
1500 69.5395 14.6506 18.1043 0.155881 0.262003 358.894 0 0
1500 116.215 -27.0862 17.9634 0.947407 -0.429298 359.012 0 0
1500 21.9698 58.5824 17.7926 -0.608821 0.840869 358.829 0 0
1500 92.6246 48.8605 18.0212 0.608334 0.766955 359.028 0 0
1500 87.5662 70.6353 17.9578 0.524427 1.18094 358.824 0 0
1500 78.4225 20.0664 17.9676 0.361894 0.311824 359.247 0 0
1500 77.3634 35.9844 17.9305 0.34948 0.587616 359.196 0 0
1500 124.799 -18.0159 17.7952 0.990653 -0.341607 359.147 0 0
1500 106.915 24.0097 18.2069 0.829584 0.411399 359.26 0 0
1500 99.2095 44.3225 18.0205 0.705322 0.697718 359.163 0 0
1500 0.981574 -30.3887 17.8786 -0.892354 -0.510137 359.223 0 0
1500 61.2019 -64.7105 17.8788 0.00634118 -1.02351 359.146 0 0
1500 50.247 -11.4972 18.2209 -0.142437 -0.156116 359.295 0 0
1500 71.0225 -20.7493 17.9837 0.244854 -0.394392 359.172 0 0
1500 88.3918 3.1409 17.9824 0.512886 -0.0246779 359.266 0 0
1500 90.3519 -18.869 17.8348 0.49216 -0.370079 359.321 0 0
1500 98.0383 -1.26072 18.5414 0.860725 -0.0142545 359.233 0 0
1500 1.09127 37.2317 17.792 -0.911511 0.516491 359.514 0 0
1500 102.553 44.1395 18.0382 0.713175 0.72467 359.47 0 0
1500 102.621 7.21664 17.99 0.757523 0.161977 359.678 0 0
1500 68.801 -11.7966 18.0828 0.126058 -0.208509 359.685 0 0
1500 82.7356 -14.4293 18.6474 0.456896 -0.34932 359.526 0 0
1500 57.1145 12.0777 17.9143 0.0416669 0.22011 359.891 0 0
1500 110.651 -41.1152 17.7966 0.769513 -0.674752 360.12 0 0
1500 59.7126 -65.4223 17.796 0.024203 -1.03352 359.916 0 0
1500 9.22539 -41.5383 17.7943 -0.780208 -0.639792 360.465 0 0
1500 58.216 -54.4162 17.8666 -0.0191387 -0.89931 359.745 0 0
1500 31.2967 19.5349 18.2143 -0.430146 0.317689 359.744 0 0
1500 53.9591 28.392 18.3661 -0.0373991 0.48885 360.391 0 0
1500 24.7309 45.4538 17.8853 -0.540456 0.751398 360.358 0 0
1500 101.689 -13.6719 17.9735 0.710546 -0.281374 359.976 0 0
1500 100.683 9.83976 17.8688 0.73658 0.165103 359.992 0 0
1500 69.8439 -7.13527 18.1156 0.295525 -0.116794 359.956 0 0
1500 40.225 -7.2303 17.9128 -0.318211 -0.0555359 359.825 0 0
1500 78.1903 -22.5609 18.076 0.415153 -0.369316 360.405 0 0
1500 74.1026 -23.3971 18.4103 0.35741 -0.435978 360.337 0 0
1500 71.9302 19.6946 17.8608 0.286093 0.346655 360.455 0 0
1500 36.6655 7.19178 17.9762 -0.301429 0.166525 360.695 0 0
1500 87.3253 -31.5333 17.915 0.479129 -0.46452 360.922 0 0
1500 -3.54256 -14.1221 17.7952 -0.963653 -0.239138 360.665 0 0
1500 18.8293 48.0545 17.797 -0.537564 0.771581 360.576 0 0
1500 106.153 -27.6029 17.9666 0.770108 -0.488798 360.712 0 0
1500 72.038 54.0249 17.8627 0.293069 0.837005 360.608 0 0
1500 87.133 38.6647 18.0284 0.429987 0.718197 360.733 0 0
1500 122.418 -12.5856 17.9323 1.01647 -0.240367 361.005 0 0
1500 100.838 0.588797 18.582 0.816366 -0.00484308 361.008 0 0
1500 51.7086 44.2129 17.9005 -0.138237 0.726208 361.003 0 0
1500 18.2467 25.495 17.8924 -0.645457 0.451329 360.963 0 0
1500 104.55 -4.79812 18.6072 0.876965 -0.155138 360.988 0 0
1500 84.2174 -48.0821 17.8866 0.362419 -0.753795 361.04 0 0
1500 42.0889 -55.784 17.9423 -0.21024 -0.981478 361.054 0 0
1500 1.98849 17.8024 17.8001 -0.87338 0.222724 361.438 0 0
1500 52.2272 -64.2645 17.8805 -0.123793 -0.98538 361.283 0 0
1500 120.856 -9.66948 17.9694 1.01846 -0.108122 361.461 0 0
1500 93.9763 47.7154 18.0435 0.567799 0.787749 361.158 0 0
1500 118.461 -2.72989 17.7944 0.984577 -0.0276043 361.138 0 0
1500 100.143 24.7896 18.0141 0.725267 0.420164 361.068 0 0
1500 70.7455 -21.5611 18.1531 0.213723 -0.403432 361.325 0 0
1500 26.4913 -6.32079 18.0212 -0.490336 -0.169005 361.074 0 0
1500 87.4267 -41.4729 17.8252 0.527059 -0.64457 361.537 0 0
1500 -13.7972 100.878 17.8596 -1.16691 1.70324 361.073 0 0
1500 135.152 -8.78587 18.2038 1.34113 -0.189745 361.477 0 0
1500 26.0127 -100.017 18.0498 -0.521859 -1.79493 361.189 0 0
1500 55.884 -22.7754 18.1504 0.0080258 -0.480655 361.395 0 0
1500 17.5567 -25.9756 17.8113 -0.575315 -0.439894 362.189 0 0
1500 133.473 0.756389 17.8107 1.14891 0.00774445 362.194 0 0
1500 112.162 35.9372 17.9763 0.871421 0.579167 362.062 0 0
1500 100.98 47.0392 17.8557 0.721614 0.718013 361.752 0 0
1500 107.956 -44.0428 17.7913 0.815427 -0.644424 361.968 0 0
1500 115.647 -28.2043 17.7923 0.93552 -0.410091 361.597 0 0
1500 93.6943 -42.2126 18.0379 0.629306 -0.672943 361.748 0 0
1500 122.048 -39.3989 17.9464 1.05897 -0.603472 361.786 0 0
1500 42.5369 6.39372 18.4712 -0.223078 0.0792372 361.949 0 0
1500 62.1458 59.9846 17.8895 0.0423826 0.973642 362.162 0 0
1500 13.3338 -8.42617 17.8708 -0.755923 -0.107413 361.962 0 0
1500 101.272 59.7211 17.8972 0.75998 0.935157 362.052 0 0
1500 122.186 39.6213 17.9427 1.09556 0.665156 361.632 0 0
1500 29.9753 -25.8867 17.9817 -0.428966 -0.406883 362.38 0 0
1500 22.2827 -33.1987 17.8921 -0.545304 -0.524042 362.807 0 0
1500 22.1996 -38.9866 17.8894 -0.548684 -0.608473 362.524 0 0
1500 38.7749 -51.1075 17.8883 -0.31347 -0.782193 362.404 0 0
1500 72.3816 52.1116 17.8254 0.185698 0.813485 362.615 0 0
1500 93.9685 -51.5909 17.9356 0.581399 -0.79693 362.699 0 0
1500 89.3207 -20.5817 18.6579 0.64203 -0.321862 362.789 0 0
1500 124.076 -4.21559 17.7908 1.04693 -0.0490204 362.563 0 0
1500 82.5908 -16.1379 18.548 0.534567 -0.255206 362.621 0 0
1500 118.526 21.9837 17.818 0.978524 0.333087 362.559 0 0
1500 65.278 9.78248 18.3037 0.177956 0.222759 362.441 0 0
1500 26.9744 14.3715 18.0897 -0.516736 0.237618 362.492 0 0
1500 37.6481 -40.7834 18.0022 -0.276307 -0.701691 362.38 0 0
1500 99.5984 7.48202 17.8207 0.671622 0.0444109 362.349 0 0
1500 75.5019 -2.873 18.0437 0.271594 -0.117455 362.494 0 0
1500 57.7028 -30.0817 18.0382 -0.00390031 -0.535515 362.869 0 0
1500 89.2738 -11.9723 17.9177 0.556882 -0.140185 362.878 0 0
1500 53.4806 34.3922 17.8284 -0.144673 0.505604 362.907 0 0
1500 62.925 -11.3827 17.8349 0.00254285 -0.209242 362.475 0 0
1500 140.739 44.4476 18.0208 1.38198 0.741428 362.596 0 0
1500 130.998 2.18054 18.2102 1.26524 -0.00655104 362.588 0 0
1500 108.719 -2.37899 18.0886 0.916219 -0.0438048 362.915 0 0
1500 -145.601 212.942 17.8609 -3.3409 3.41033 362.822 0 0
1500 121.388 3.0319 18.0886 1.03891 0.0380049 363.13 0 0
1500 33.302 -61.6803 17.9398 -0.379105 -0.976269 362.96 0 0
1500 21.9975 -28.2641 17.9483 -0.579874 -0.47416 362.973 0 0
1500 3.87675 28.8214 17.9811 -0.864906 0.445107 363.11 0 0
1500 89.24 -18.8507 18.2228 0.600424 -0.288139 363.229 0 0
1500 113.666 8.95547 17.8117 0.878001 0.0663666 363.205 0 0
1500 50.3278 -14.9022 17.9599 -0.144978 -0.297867 363.192 0 0
1500 90.2931 -26.3162 19.1664 0.657531 -0.494876 363.188 0 0
1500 107.305 48.4178 17.9474 0.854158 0.889346 363.314 0 0
1500 48.0191 3.98876 17.8217 -0.205512 0.0233737 363.387 0 0
1500 59.2913 -50.5389 18.0602 -0.000773989 -0.813858 363.401 0 0
1500 88.4534 12.474 18.1346 0.507812 0.221025 363.498 0 0
1500 23.7904 -47.9958 17.8659 -0.511981 -0.755666 363.738 0 0
1500 101.381 -49.5767 17.8169 0.622626 -0.794804 363.539 0 0
1500 87.9029 -22.7475 18.5253 0.560371 -0.408536 363.658 0 0
1500 96.8254 -5.81091 18.3268 0.651585 -0.162704 363.477 0 0
1500 110.408 10.0603 17.9827 0.8865 0.1671 363.546 0 0
1500 47.7166 -44.2073 18.0301 -0.156014 -0.745396 363.524 0 0
1500 78.6583 -46.1586 17.8406 0.388153 -0.737261 363.49 0 0
1500 84.5897 -10.9091 18.1719 0.517528 -0.130075 363.742 0 0
1500 47.9941 48.854 17.8356 -0.157735 0.830146 363.656 0 0
1500 85.5526 -24.2515 17.8906 0.461339 -0.446559 363.727 0 0
1500 40.059 -48.7954 17.9448 -0.304374 -0.770751 363.962 0 0
1500 -6.22222 -5.9046 17.8575 -1.0265 -0.066685 363.87 0 0
1500 95.3139 -66.1723 17.9667 0.690218 -1.10113 364.013 0 0
1500 63.2247 -1.80769 18.0945 0.0617135 0.0365904 363.93 0 0
1500 -48.4148 86.8992 17.9474 -1.84833 1.43504 364.018 0 0
1500 78.7069 -38.5263 18.0316 0.27685 -0.668368 363.852 0 0
1500 73.7095 18.6464 18.0619 0.266808 0.324 364.17 0 0
1500 20.012 -3.92797 18.0055 -0.580092 -0.0462264 364.198 0 0
1500 108.543 -33.8371 17.7975 0.795664 -0.474932 364.369 0 0
1500 103.116 47.7856 17.8192 0.729552 0.700885 364.267 0 0
1500 102.303 31.4063 17.9308 0.75886 0.492308 364.208 0 0
1500 95.0078 25.4455 18.1626 0.668744 0.420166 364.514 0 0
1500 43.3466 -14.2438 18.3447 -0.230885 -0.203986 364.458 0 0
1500 79.6801 50.3327 17.8071 0.316639 0.844087 364.29 0 0
1500 32.3516 -40.6109 17.885 -0.358408 -0.694375 364.199 0 0
1500 76.707 -38.303 17.8576 0.34371 -0.646648 364.246 0 0
1500 53.8002 -43.7855 18.0507 -0.0757326 -0.823305 364.376 0 0
1500 95.7883 57.2922 17.8207 0.648992 0.870792 364.651 0 0
1500 88.7893 37.3144 17.8091 0.521824 0.552239 364.796 0 0
1500 55.9829 -62.6835 17.809 -0.102509 -0.977238 364.887 0 0
1500 130.024 28.88 18.0486 1.25331 0.520739 364.778 0 0
1500 50.1999 -29.551 17.9686 -0.1578 -0.511829 364.929 0 0
1500 67.5306 14.181 18.3278 0.218653 0.254784 365.001 0 0
1500 78.6054 6.36029 17.9593 0.347385 0.037354 365.192 0 0
1500 99.8646 -26.8693 17.8055 0.661758 -0.369555 365.286 0 0
1500 122.413 -10.7753 17.838 1.00166 -0.119891 365.04 0 0
1500 81.3417 -1.18548 18.3708 0.473054 -0.0755073 365.048 0 0
1500 115.63 -17.1394 17.8762 0.90504 -0.328912 365.244 0 0
1500 68.0441 -20.8307 18.2343 0.176462 -0.388401 365.233 0 0
1500 65.6542 -37.513 17.9653 0.0806964 -0.632429 365.178 0 0
1500 112.961 31.2033 17.9547 0.958058 0.583994 365.408 0 0
1500 82.347 5.80982 18.5879 0.53597 0.100881 365.556 0 0
1500 5.91117 31.6124 17.8586 -0.788353 0.551583 365.449 0 0
1500 57.139 49.8977 17.9543 -0.0172307 0.833268 365.519 0 0
1500 106.535 13.0817 17.9467 0.788269 0.289705 365.454 0 0
1500 78.0223 -41.1695 17.9752 0.321279 -0.64623 365.587 0 0
1500 100.982 45.4913 18.0634 0.702343 0.738661 365.61 0 0
1500 122.68 14.9428 17.8294 1.0289 0.193 365.651 0 0
1500 44.0526 8.15408 17.9055 -0.238593 0.05449 365.707 0 0
1500 74.9541 -39.6333 17.9767 0.277541 -0.623374 365.727 0 0
1500 100.125 11.8935 17.8187 0.641963 0.122967 365.916 0 0
1500 114.722 -13.0224 18.0109 0.900626 -0.201275 365.773 0 0
1500 89.9201 -13.0945 18.5838 0.645748 -0.18005 365.879 0 0
1500 98.8736 39.1458 17.9012 0.638565 0.718016 365.821 0 0
1500 114.612 32.5525 17.9231 0.921095 0.496566 365.951 0 0
1500 39.823 -16.2231 17.9017 -0.303464 -0.324971 365.958 0 0
1500 81.1625 28.5899 17.8755 0.39877 0.414638 366.099 0 0
1500 102.974 13.6746 18.1026 0.732703 0.18531 366.449 0 0
1500 34.5832 34.9138 17.8976 -0.365533 0.549994 366.356 0 0
1500 94.747 40.259 17.8463 0.588039 0.611345 366.326 0 0
1500 123.216 -3.03042 17.923 1.047 -0.0288343 366.024 0 0
1500 -4.9651 23.266 17.9247 -0.982977 0.364123 366.445 0 0
1500 124.103 2.69635 17.8102 1.048 0.0210727 366.054 0 0
1500 73.8513 -44.0832 18.2227 0.261425 -0.733023 366.157 0 0
1500 96.7867 36.3568 18.0747 0.628835 0.621856 366.304 0 0
1500 61.8605 36.1387 17.8255 0.0980936 0.609795 366.257 0 0
1500 81.7128 23.8918 18.2362 0.438177 0.43388 365.999 0 0
1500 99.4086 21.1989 17.9254 0.720196 0.313783 366.338 0 0
1500 6.04675 -16.9798 17.8239 -0.827448 -0.328172 366.407 0 0
1500 -0.260648 2.16574 17.8628 -0.925544 0.107131 366.093 0 0
1500 72.4097 80.2893 17.9607 0.296595 1.31758 366.123 0 0
1500 88.5361 -53.1634 17.9398 0.567782 -0.879424 366.44 0 0
1500 128.561 -41.5786 18.2061 1.24603 -0.723854 366.314 0 0
1500 56.8467 1.75083 19.196 0.0639675 -0.012578 366.069 0 0
1500 38.0447 10.4405 18.0867 -0.417039 0.15177 366.327 0 0
1500 119.532 -22.1472 17.8303 0.968773 -0.352462 366.584 0 0
1500 54.6477 64.3837 17.8549 -0.0526689 1.02664 366.675 0 0
1500 104.965 35.4352 17.8516 0.776626 0.576551 366.682 0 0
1500 83.6842 -33.5984 18.1084 0.500476 -0.52903 366.703 0 0
1500 78.4711 25.6359 17.9297 0.266429 0.443472 366.674 0 0
1500 89.3491 3.23247 19.1857 0.625725 0.0848835 366.829 0 0
1500 92.6845 9.06053 17.9724 0.542574 0.183097 366.843 0 0
1500 102.994 1.05879 17.8527 0.699425 0.0508966 366.97 0 0
1500 90.9909 -57.1494 17.8714 0.519252 -0.909287 366.985 0 0
1500 96.5852 45.0013 18.0703 0.620143 0.745246 366.909 0 0
1500 94.9022 -35.6286 17.9123 0.632058 -0.590092 366.939 0 0
1500 43.4644 -33.792 18.0002 -0.275763 -0.542213 366.921 0 0
1500 50.9455 -22.4979 17.9117 -0.0461912 -0.405166 366.957 0 0
1500 85.3514 -53.8896 17.8085 0.420006 -0.844774 367.083 0 0
1500 109.64 -41.7378 17.8716 0.791941 -0.680967 367.137 0 0
1500 107.613 -23.2177 17.8607 0.793819 -0.421398 367.097 0 0
1500 50.6826 -41.677 17.951 -0.103134 -0.715813 367.009 0 0
1500 45.9227 50.6057 17.8583 -0.189288 0.871688 367.208 0 0
1500 78.5029 -10.4516 17.921 0.30024 -0.23503 367.341 0 0
1500 65.4445 -17.3198 17.9215 0.0970408 -0.342116 367.306 0 0
1500 43.5979 7.8411 18.2081 -0.213682 0.141296 367.403 0 0
1500 91.316 3.66046 17.8584 0.53052 0.0871323 367.449 0 0
1500 116.654 -12.4749 18.0971 0.979858 -0.19126 367.534 0 0
1500 80.2309 -43.0619 17.9472 0.348296 -0.733148 367.357 0 0
1500 73.6454 26.9037 18.0775 0.19772 0.433321 367.518 0 0
1500 71.6819 -96.1958 17.8494 0.147251 -1.52904 367.466 0 0
1500 63.1751 24.8641 17.866 0.117702 0.460264 367.377 0 0
1500 47.051 28.8677 18.0838 -0.250317 0.486836 367.448 0 0
1500 110.08 -18.618 18.0717 0.882143 -0.307599 367.655 0 0
1500 111.179 15.0734 18.0723 0.899841 0.197646 367.564 0 0
1500 58.4501 40.0804 18.0805 0.00340067 0.678956 367.662 0 0
1500 14.0032 21.7695 17.8396 -0.715897 0.268594 367.568 0 0
1500 102.642 12.4004 18.2985 0.810201 0.143736 367.658 0 0
1500 24.2187 -0.236108 17.8794 -0.503738 -0.0533365 368.122 0 0
1500 58.6976 -29.3804 18.0224 0.00549834 -0.473335 368.079 0 0
1500 25.0949 -39.4786 17.8169 -0.443624 -0.627612 368.085 0 0
1500 77.528 -57.9798 17.8172 0.349131 -0.85317 367.925 0 0
1500 52.6198 43.8094 17.8221 -0.0403886 0.706966 368.005 0 0
1500 -6.81574 -17.8926 17.8384 -0.993786 -0.324025 368.327 0 0
1500 113.185 -3.33531 18.1391 0.937375 -0.0323415 367.712 0 0
1500 -5.09037 -19.3301 17.8159 -0.975018 -0.355851 367.918 0 0
1500 75.4212 2.2795 17.9721 0.338467 0.0857462 367.824 0 0
1500 26.2125 35.8725 18.0673 -0.525442 0.564271 368.327 0 0
1500 101.082 -33.9921 17.8356 0.621513 -0.586662 367.97 0 0
1500 22.6223 -20.143 17.903 -0.612413 -0.324149 367.838 0 0
1500 30.9117 -19.5362 17.9158 -0.438034 -0.374318 367.703 0 0
1500 47.7348 1.69926 18.1148 -0.184555 0.072055 368.154 0 0
1500 36.4395 -13.7068 18.1116 -0.357766 -0.165228 368.361 0 0
1500 120.488 18.7015 17.9107 1.04323 0.234647 368.083 0 0
1500 99.5979 -2.60375 17.857 0.64886 -0.120273 368.152 0 0
1500 104.262 -40.5781 18.4358 0.828187 -0.73118 368.078 0 0
1500 73.1941 58.385 18.0131 0.279051 1.05457 367.91 0 0
1500 52.6006 -23.425 18.1733 -0.133637 -0.46342 368.305 0 0
1500 76.0688 -4.76094 17.9382 0.313985 -0.0195833 368.412 0 0
1500 126.449 59.106 17.829 1.11172 0.918613 368.53 0 0
1500 78.775 24.7041 17.8828 0.40511 0.383289 368.468 0 0
1500 57.3446 14.7838 18.2613 0.000614425 0.25739 368.781 0 0
1500 72.5418 -54.6768 17.9058 0.229176 -0.838396 368.657 0 0
1500 107.628 -21.0698 17.9341 0.786883 -0.284026 368.625 0 0
1500 96.8294 24.1712 17.9123 0.615013 0.382617 369.056 0 0
1500 103.026 21.627 17.8246 0.707566 0.289522 368.781 0 0
1500 38.7124 -31.2573 17.8268 -0.339179 -0.468343 369.654 0 0
1500 121.525 -4.93187 17.9137 1.01498 -0.0817738 369.108 0 0
1500 38.3653 -61.5198 17.8172 -0.318935 -0.963136 369.481 0 0
1500 18.1143 -55.6367 17.8433 -0.658334 -0.81345 368.957 0 0
1500 66.3787 62.741 17.9283 0.0888281 0.995144 368.708 0 0
1500 71.6774 32.6436 18.5032 0.268437 0.558079 369.377 0 0
1500 66.157 13.7332 18.673 0.23276 0.279293 369.554 0 0
1500 41.1615 -58.4101 17.8911 -0.320474 -0.89622 369.11 0 0
1500 62.4178 -29.5305 18.2163 0.154922 -0.516165 368.982 0 0
1500 93.6932 -35.8011 17.8941 0.606414 -0.600466 369.273 0 0
1500 76.0653 3.22757 18.1291 0.346066 -0.0212238 368.942 0 0
1500 40.4913 -20.0393 18.2502 -0.286493 -0.322958 369.769 0 0
1500 89.537 24.7953 17.8397 0.564956 0.388364 369.332 0 0
1500 73.0028 -31.067 17.9787 0.277178 -0.550111 369.719 0 0
1500 68.9514 -26.4229 17.8764 0.206693 -0.481342 369.528 0 0
1500 73.2983 -44.1475 18.0499 0.227043 -0.795045 368.78 0 0
1500 61.5681 -32.5451 18.8109 0.102449 -0.588382 369.444 0 0
1500 58.6007 -15.6237 18.3368 0.0690524 -0.281162 370.387 0 0
1500 67.2324 -6.32917 18.045 0.128261 -0.152705 370.214 0 0
1500 65.2387 24.8069 17.922 0.166868 0.387208 369.859 0 0
1500 62.5467 25.5554 17.9221 0.129255 0.397628 369.865 0 0
1500 64.5617 -29.5837 17.9085 0.12468 -0.479638 370.22 0 0
1500 83.4092 -31.7853 17.8905 0.390342 -0.513228 370.003 0 0
1500 17.167 0.0512347 17.8584 -0.613768 -0.0573807 371.317 0 0
1500 123.336 -12.0155 17.886 1.01755 -0.227937 370.928 0 0
1500 73.3448 -64.7289 17.8705 0.214363 -1.02153 371.264 0 0
1500 81.5449 -61.8069 17.8704 0.338149 -0.988638 370.575 0 0
1500 79.5896 -55.8463 17.8644 0.344204 -0.916309 370.332 0 0
1500 118.562 11.396 17.8633 0.989512 0.17106 370.619 0 0
1500 97.9429 20.1842 17.9293 0.593725 0.375917 370.792 0 0
1500 2.95828 -17.0049 17.8466 -0.888647 -0.309222 370.343 0 0
1500 72.6916 16.7903 18.1146 0.193814 0.291903 370.071 0 0
1500 94.5789 -10.4044 18.2447 0.654859 -0.209741 371.257 0 0
1500 98.8905 -36.2662 17.8307 0.700232 -0.548944 370.203 0 0
1500 97.3483 -24.6349 17.9674 0.680972 -0.418787 370.414 0 0
1500 90.3653 -24.0144 18.0549 0.596067 -0.342967 370.543 0 0
1500 101.929 -24.3662 18.0484 0.765732 -0.345192 371.14 0 0
1500 61.5972 -74.5092 17.9685 0.0326018 -1.19098 371.26 0 0
1500 88.489 -19.6221 18.0403 0.503653 -0.376938 370.71 0 0
1500 64.6008 -1.1553 18.2578 0.0826548 0.00262548 370.794 0 0
1500 16.4443 18.0415 17.8269 -0.620523 0.352498 370.76 0 0
1500 82.2003 2.29966 17.9894 0.406543 -0.0408382 370.879 0 0
1500 83.3042 -23.8046 18.0654 0.507867 -0.381188 369.814 0 0
1500 79.7609 -58.0017 17.9187 0.28633 -0.977109 371.077 0 0
1500 60.9823 34.2937 18.1202 0.00942915 0.654204 370.44 0 0
1500 88.3203 -68.0852 18.305 0.559671 -1.26953 369.958 0 0
1500 119.748 17.0477 18.3756 1.21544 0.311342 371.283 0 0
1500 104.958 6.81927 18.1084 0.76154 0.0897017 371.5 0 0
1500 33.4998 29.2512 17.9768 -0.376257 0.458672 371.717 0 0
1500 111.583 -1.97482 17.9235 0.844127 -0.0217708 371.575 0 0
1500 4.33147 -17.3888 17.8192 -0.827233 -0.206051 371.561 0 0
1500 110.587 14.2848 18.0444 0.890474 0.238242 371.611 0 0
1500 85.805 -49.9268 17.8793 0.492469 -0.796094 371.385 0 0
1500 67.8682 52.2958 17.848 0.225464 0.824132 371.421 0 0
1500 79.4129 -1.16262 18.035 0.430564 -0.0386805 371.648 0 0
1500 64.6713 41.2185 17.8593 0.0282345 0.641574 371.537 0 0
1500 15.0809 -15.0298 17.8964 -0.699139 -0.299278 371.485 0 0
1500 113.146 -16.5569 18.1363 0.934148 -0.331429 371.769 0 0
1500 68.5705 0.123184 17.8646 0.181992 -0.0754956 371.492 0 0
1500 114.704 -38.9209 18.2952 1.04517 -0.750363 371.744 0 0
1500 57.0841 -7.88692 17.8681 -0.0504567 -0.167549 372.058 0 0
1500 -4.94607 16.9636 17.8297 -0.95599 0.256144 371.983 0 0
1500 -5.74816 -9.90699 17.8885 -0.986745 -0.156468 371.97 0 0
1500 160.219 124.226 17.8482 1.59802 1.96098 371.965 0 0
1500 66.7016 41.7052 17.8957 0.196336 0.695904 371.94 0 0
1500 78.4839 24.6638 17.849 0.317173 0.461192 371.805 0 0
1500 118.639 1.69142 18.3923 1.22787 0.0585509 372.045 0 0
1500 85.6646 -0.827563 18.794 0.535063 0.0341902 372.228 0 0
1500 77.0304 -25.1431 18.2325 0.282886 -0.409692 372.355 0 0
1500 52.1098 17.8574 18.0935 -0.0403731 0.314828 372.297 0 0
1500 58.2073 -1.50347 18.0962 0.0437415 0.0472636 372.486 0 0
1500 87.3754 -5.8919 18.3004 0.520933 -0.111245 373.393 0 0
1500 99.7177 -14.229 17.9299 0.669309 -0.194282 372.213 0 0
1500 114.069 21.3484 17.846 0.854371 0.362616 372.271 0 0
1500 30.5877 -42.1413 17.8074 -0.428099 -0.66378 372.933 0 0
1500 21.4788 24.4725 17.9041 -0.57624 0.332285 373.897 0 0
1500 81.9274 -48.7153 17.8957 0.395461 -0.762263 372.93 0 0
1500 72.4468 -60.9391 17.8883 0.266704 -0.929852 373.091 0 0
1500 112.022 -31.6371 17.8656 0.796445 -0.526865 373.399 0 0
1500 23.4165 57.4647 17.9061 -0.557349 0.879165 372.468 0 0
1500 13.8393 47.3011 17.9085 -0.689947 0.722646 373.211 0 0
1500 24.0387 -53.1483 17.8444 -0.543046 -0.818662 373.474 0 0
1500 111.249 -57.5638 17.901 0.816656 -0.917815 372.684 0 0
1500 95.4775 5.74101 18.8023 0.743307 0.115586 373.381 0 0
1500 124.429 2.73572 17.8734 1.04409 0.00172551 373.506 0 0
1500 117.355 31.6032 17.8808 0.894204 0.541804 372.957 0 0
1500 117.779 -15.4312 17.8917 0.957944 -0.285423 372.225 0 0
1500 106.966 -28.1932 18.1518 0.833503 -0.46154 372.777 0 0
1500 103.145 -41.7519 17.8421 0.756176 -0.607373 372.194 0 0
1500 116.695 -26.556 17.8392 0.952012 -0.374084 372.821 0 0
1500 74.5432 -38.4135 18.1045 0.242579 -0.646394 372.808 0 0
1500 76.7891 28.6324 17.9694 0.381219 0.461367 372.328 0 0
1500 88.5 50.2868 17.8322 0.460947 0.837844 373.473 0 0
1500 103.285 -16.5021 18.155 0.809625 -0.235123 372.879 0 0
1500 33.656 -22.9953 17.9305 -0.350535 -0.431868 372.189 0 0
1500 62.3737 -6.81188 18.1951 0.109597 -0.181316 372.75 0 0
1500 102.437 13.7614 17.8966 0.744162 0.263692 373.167 0 0
1500 75.959 -22.8877 18.1296 0.3877 -0.367561 373.566 0 0
1500 51.718 -19.1494 18.0413 -0.0681179 -0.373197 373.203 0 0
1500 61.9724 -3.44212 18.0446 0.0906647 -0.130858 372.992 0 0
1500 42.5941 -39.1702 18.0315 -0.206802 -0.675017 373.932 0 0
1500 97.1507 34.3384 17.8526 0.602116 0.601761 373.97 0 0
1500 115.672 81.8461 17.8426 0.958941 1.30338 373.377 0 0
1500 106.574 -49.7383 17.9455 0.845877 -0.762466 372.985 0 0
1500 64.8504 38.0092 17.9607 0.181928 0.632375 373.76 0 0
1500 94.4753 -18.6203 17.9238 0.604792 -0.356212 374.005 0 0
1500 53.894 -20.8703 17.8384 -0.0122386 -0.383358 373.624 0 0
1500 82.0737 -0.57477 17.8372 0.427994 -0.0658558 373.699 0 0
1500 134.946 -11.246 18.0815 1.34973 -0.144285 372.273 0 0
1500 21.0558 78.6003 17.8406 -0.525964 1.29602 373.978 0 0
1500 27.987 -77.8217 17.907 -0.580187 -1.27182 372.359 0 0
1500 480.03 -124.602 17.928 7.09997 -2.1517 373.15 0 0
1500 121.552 4.65591 17.9431 1.12483 0.0184018 373.903 0 0
1500 87.7868 9.44332 18.118 0.493303 0.182017 374.876 0 0
1500 50.2789 -11.7123 17.9232 -0.124416 -0.227837 374.902 0 0
1500 85.6115 -19.7636 18.0021 0.474274 -0.283 374.87 0 0
1500 102.142 -28.8108 17.8167 0.649409 -0.478873 374.126 0 0
1500 120.497 2.76913 17.8776 0.969713 0.00217839 374.677 0 0
1500 122.92 5.64097 17.8752 1.01189 0.043935 374.183 0 0
1500 110.277 37.4863 17.8636 0.835257 0.557452 374.688 0 0
1500 18.2483 53.1877 17.8124 -0.55916 0.845264 374.632 0 0
1500 119.625 3.04695 18.0117 1.01233 0.0253401 374.153 0 0
1500 112.525 10.3246 18.1102 0.927027 0.150874 374.084 0 0
1500 66.0188 16.9811 18.1725 0.210299 0.323777 374.17 0 0
1500 85.5004 -38.9182 17.9192 0.463792 -0.664231 374.418 0 0
1500 55.6407 -22.0833 18.2097 -0.0390353 -0.393817 374.398 0 0
1500 94.1751 16.8778 17.8308 0.612587 0.205293 374.164 0 0
1500 119.271 95.1137 17.8707 0.932961 1.54075 374.761 0 0
1500 79.9174 -15.0441 17.8589 0.412385 -0.269555 374.478 0 0
1500 143.765 48.9028 17.8963 1.36376 0.844783 374.49 0 0
1500 21.6157 -2.04181 17.9975 -0.595917 0.0397927 374.898 0 0
1500 49.738 3.4753 18.0505 -0.157665 0.0616771 375.496 0 0
1500 59.0918 -16.0533 17.9793 0.0743829 -0.278281 375.547 0 0
1500 51.0936 65.4953 17.8275 -0.102689 1.03551 375.565 0 0
1500 108.832 5.19529 18.1562 0.849093 0.140107 375.534 0 0
1500 76.5055 35.8108 18.2047 0.31829 0.629054 375.585 0 0
1500 44.2468 -12.9891 17.8189 -0.196065 -0.2782 375.154 0 0
1500 102.262 25.1587 18.5894 0.865299 0.408804 375.55 0 0
1500 75.5042 61.5101 17.8828 0.312022 0.94103 376.06 0 0
1500 121.771 19.2828 17.8887 1.00692 0.250732 376.254 0 0
1500 72.5601 42.8411 17.9879 0.305267 0.677338 376.182 0 0
1500 93.3064 -25.8869 17.8069 0.564981 -0.47375 376.042 0 0
1500 88.1056 20.2335 17.9658 0.491324 0.392992 376.155 0 0
1500 47.4455 5.52468 17.8493 -0.225749 0.136916 375.918 0 0
1500 67.5041 14.5503 18.5108 0.186543 0.260515 376.398 0 0
1500 70.2938 23.7215 18.0626 0.262778 0.350715 377.183 0 0
1500 73.9641 -30.0482 18.1275 0.238162 -0.483466 377.363 0 0
1500 90.4662 17.8784 18.1659 0.520264 0.310259 377.389 0 0
1500 101.232 -30.2666 17.9083 0.694296 -0.429054 377.367 0 0
1500 82.4267 58.4286 17.8869 0.413728 0.895962 376.947 0 0
1500 52.72 -49.8734 17.8453 -0.0762254 -0.797846 376.755 0 0
1500 48.8042 -64.4792 17.9052 -0.131578 -1.03102 376.412 0 0
1500 115.973 30.4114 17.8274 0.918819 0.499253 376.892 0 0
1500 110.26 11.0437 18.1168 0.869415 0.22413 376.556 0 0
1500 31.4823 -2.51256 18.277 -0.417084 -0.0120879 376.676 0 0
1500 29.0323 -43.0586 17.8019 -0.425456 -0.73384 376.514 0 0
1500 48.6701 4.24588 18.2023 -0.118619 0.138423 376.944 0 0
1500 101.476 5.4267 18.0147 0.749237 0.126852 377.537 0 0
1500 73.8239 4.50344 17.9663 0.217736 0.13408 376.331 0 0
1500 80.231 47.3731 17.9484 0.310547 0.78376 377.755 0 0
1500 75.485 -7.88075 18.0467 0.373465 -0.133236 376.943 0 0
1500 18.6376 -17.5968 17.9968 -0.641628 -0.316255 377.716 0 0
1500 48.297 30.6925 17.9963 -0.206453 0.47175 377.54 0 0
1500 36.9591 -25.027 17.824 -0.405387 -0.367512 377.341 0 0
1500 117.871 11.545 18.1055 0.99489 0.250177 377.679 0 0
1500 108.496 -2.41562 18.2094 0.908061 -0.0923677 377.721 0 0
1500 129.03 -23.2913 18.1358 1.26634 -0.394521 377.565 0 0
1500 57.0325 20.8861 17.9745 0.0112532 0.329215 378.565 0 0
1500 80.3002 1.01902 18.1723 0.404005 -0.0246445 378.179 0 0
1500 78.9733 -11.7422 18.2151 0.39848 -0.184585 378.891 0 0
1500 79.41 -13.4777 18.1291 0.399557 -0.189491 379.524 0 0
1500 89.6341 -43.1762 17.8996 0.522462 -0.64455 378.16 0 0
1500 91.7238 -2.15266 17.9062 0.53129 0.0182673 379.162 0 0
1500 50.8851 50.1422 17.8554 -0.0981933 0.784236 378.911 0 0
1500 123.143 -12.4949 17.862 1.03247 -0.161457 377.925 0 0
1500 -0.558166 -24.3963 17.8572 -0.914819 -0.343825 379.216 0 0
1500 120.237 3.36041 17.8396 0.965429 0.0158599 379.461 0 0
1500 107.337 -37.0554 17.8397 0.778827 -0.568159 379.475 0 0
1500 93.5463 25.2559 18.2224 0.658599 0.403883 377.857 0 0
1500 121.344 -15.8693 17.9238 1.0148 -0.261535 379.673 0 0
1500 58.2819 65.4966 17.8064 -0.0621861 1.02172 378.554 0 0
1500 94.6964 -30.7152 18.0327 0.658776 -0.477638 378.064 0 0
1500 101.372 -34.3205 18.0276 0.753481 -0.527723 378.644 0 0
1500 15.857 -42.7866 17.9853 -0.671071 -0.688363 378.994 0 0
1500 114.73 -10.3615 17.8429 0.904782 -0.221151 378.852 0 0
1500 53.7348 -39.9752 18.0835 -0.0489345 -0.68413 378.652 0 0
1500 -6.07826 74.4211 17.7956 -0.932351 1.18826 379.339 0 0
1500 73.0181 5.21064 18.0278 0.317321 0.128955 378.124 0 0
1500 110.787 23.0711 17.9009 0.880244 0.365855 379.913 0 0
1500 59.466 49.7699 17.904 0.020373 0.835499 379.614 0 0
1500 94.1128 -0.314094 17.8327 0.59821 0.0625009 379.121 0 0
1500 83.9719 19.7352 17.8335 0.441033 0.374346 379.065 0 0
1500 94.7529 73.7587 18.0745 0.604327 1.25386 378.322 0 0
1500 -38.9212 -74.4714 17.8897 -1.55743 -1.25403 379.801 0 0
1500 127.898 -10.031 17.9821 1.1983 -0.123911 379.771 0 0
1500 122.66 -5.92753 17.9927 1.15863 -0.166413 378.51 0 0
1500 134.137 -20.6242 18.5513 1.47918 -0.381798 378.216 0 0
1500 6.02046 -0.399475 18.0626 -1.00845 -0.00846858 378.154 0 0
1500 75.4422 -0.784478 18.2836 0.3412 -0.0485245 380.714 0 0
1500 78.6202 -27.5658 18.1879 0.323224 -0.450078 379.99 0 0
1500 81.3648 24.2784 18.022 0.408785 0.372154 380.131 0 0
1500 66.7054 1.19028 18.0021 0.202668 0.0438812 380.644 0 0
1500 112.232 -36.4356 17.9246 0.871051 -0.558513 380.411 0 0
1500 107.468 -36.4802 18.0084 0.818171 -0.589654 380.294 0 0
1500 25.7362 -59.7106 17.7924 -0.558454 -0.871421 379.959 0 0
1500 36.6531 54.6625 17.8665 -0.297574 0.900437 380.042 0 0
1500 153.011 17.5542 17.8203 1.48062 0.324047 380.291 0 0
1500 21.572 50.4129 17.8958 -0.548832 0.831012 380.741 0 0
1500 84.1504 16.19 18.3725 0.49085 0.31625 380.362 0 0
1500 87.8123 9.79325 18.0591 0.457285 0.221321 380.505 0 0
1500 66.4901 16.2118 18.1681 0.0970032 0.252504 380.579 0 0
1500 -40.8416 -6.63655 17.8311 -1.55975 -0.0404069 381.033 0 0
1500 143.026 14.9375 17.8362 1.31227 0.306824 380.919 0 0
1500 117.658 -23.7573 18.0225 1.03219 -0.346582 380.044 0 0
1500 90.9224 -8.58068 17.8533 0.534667 -0.0587386 381.02 0 0
1500 8.04066 -129.496 17.9196 -0.770429 -2.15754 380.907 0 0
1500 94.6196 54.2359 17.8152 0.573518 0.856937 381.099 0 0
1500 17.0987 15.5615 17.8796 -0.692208 0.202687 381.204 0 0
1500 39.4765 -25.7436 17.9634 -0.324752 -0.452047 381.223 0 0
1500 57.8931 18.3516 18.1738 0.0768631 0.309284 381.657 0 0
1500 87.3309 25.3546 18.128 0.486934 0.406782 381.814 0 0
1500 61.5665 11.3647 18.0059 0.133299 0.181493 383.005 0 0
1500 33.7223 -17.2679 17.984 -0.339102 -0.307081 382.883 0 0
1500 61.3623 37.6756 17.8234 0.109858 0.558193 382.608 0 0
1500 108.963 -1.52996 17.815 0.789466 0.00542953 381.852 0 0
1500 34.9931 40.3583 17.8211 -0.389426 0.609936 382.343 0 0
1500 33.4078 23.4675 17.9602 -0.369448 0.385644 383.583 0 0
1500 14.7087 28.8327 17.8327 -0.672322 0.457006 382.212 0 0
1500 99.5484 -17.9533 17.8352 0.642489 -0.209987 383.131 0 0
1500 98.1754 -26.4721 17.9498 0.649013 -0.394498 383.346 0 0
1500 75.2086 -32.2816 17.9985 0.274914 -0.519482 384.158 0 0
1500 78.6268 19.0259 17.9715 0.353662 0.31335 384.461 0 0
1500 118.842 25.1997 17.8633 0.908593 0.436048 382.817 0 0
1500 28.2589 59.8326 17.8611 -0.416039 0.958839 381.411 0 0
1500 79.5217 -11.7626 18.9838 0.456195 -0.244022 382.645 0 0
1500 98.635 51.5649 17.8657 0.614974 0.823581 382.674 0 0
1500 78.6558 16.8331 17.9633 0.327056 0.322671 381.927 0 0
1500 125.272 3.15367 17.8134 1.01867 0.109534 383.145 0 0
1500 119.129 17.3625 17.9226 0.947938 0.331883 381.761 0 0
1500 106.176 45.7023 17.9202 0.738787 0.740684 383.144 0 0
1500 53.3693 -40.6269 18.1951 -0.0301952 -0.69087 381.829 0 0
1500 95.0228 41.8637 18.0069 0.641401 0.674659 382.519 0 0
1500 105.091 -45.6277 17.973 0.736686 -0.742174 384.039 0 0
1500 15.3843 -29.873 17.8732 -0.71184 -0.49259 381.822 0 0
1500 111.547 -2.03724 17.8554 0.894354 -0.0192826 382.053 0 0
1500 66.6085 -44.0113 17.957 0.0935863 -0.728489 381.731 0 0
1500 53.7899 -37.5197 17.9724 -0.103047 -0.630067 381.505 0 0
1500 25.0049 46.9333 17.8863 -0.498144 0.786732 382.52 0 0
1500 76.9132 61.9742 17.8805 0.283284 0.996559 383.718 0 0
1500 89.3514 -0.685415 18.1356 0.53554 -0.0852115 381.96 0 0
1500 105.73 -19.4513 18.1235 0.773563 -0.366369 383.021 0 0
1500 80.6947 35.5238 17.889 0.433469 0.542657 381.503 0 0
1500 123.147 -8.05725 17.8721 1.03459 -0.122996 384.855 0 0
1500 74.0426 -62.5975 17.9648 0.272287 -0.99953 384.222 0 0
1500 95.1672 -25.1558 17.9585 0.656835 -0.409643 382.171 0 0
1500 -5.0803 -17.273 17.9325 -0.994551 -0.276699 384.33 0 0
1500 104.241 13.6086 18.0935 0.792583 0.252643 383.516 0 0
1500 64.5983 13.3662 18.1098 0.197506 0.25398 382.213 0 0
1500 99.0661 76.032 17.8347 0.60288 1.19149 385.337 0 0
1500 78.6839 59.0435 17.8444 0.374153 0.931878 384.093 0 0
1500 117.219 -14.8087 17.846 0.958014 -0.179213 383.776 0 0
1500 96.2584 -19.6206 17.8588 0.655589 -0.257467 382.344 0 0
1500 120.391 21.7223 17.8419 0.98247 0.363904 385.357 0 0
1500 117.377 1.90531 17.8292 0.941694 0.0930555 383.945 0 0
1500 101.712 34.4316 18.016 0.682141 0.594681 384.593 0 0
1500 57.7194 -43.3166 17.8958 0.047171 -0.729585 383.383 0 0
1500 102.633 -15.5991 17.8286 0.698319 -0.316551 383.342 0 0
1500 92.0102 -19.6928 17.8329 0.53762 -0.381773 382.979 0 0
1500 52.7047 29.9611 17.8851 -0.0288658 0.526391 382.997 0 0
1500 74.562 36.6589 18.0774 0.320504 0.626126 384.29 0 0
1500 86.8393 53.103 17.8024 0.491031 0.85147 384.817 0 0
1500 98.382 33.2455 17.838 0.624285 0.597679 382.669 0 0
1500 62.0573 57.2205 17.8818 0.0741819 0.94143 385.28 0 0
1500 72.2425 -29.5851 17.939 0.177519 -0.511617 384.566 0 0
1500 34.0848 -4.67031 17.9333 -0.37892 -0.148025 384.443 0 0
1500 71.1413 36.8366 17.8517 0.279864 0.589392 384.802 0 0
1500 64.5106 27.6232 17.8726 0.0360214 0.46675 384.755 0 0
1500 44.3721 -20.774 17.8743 -0.278092 -0.287475 384.644 0 0
1500 28.0737 -8.19839 17.8706 -0.530301 -0.0909316 384.893 0 0
1500 78.0167 -66.2481 17.977 0.392826 -1.18798 381.654 0 0
1500 67.2116 -27.8182 17.939 0.136965 -0.528463 384.84 0 0
1500 157.653 -75.9786 17.8832 1.67978 -1.30908 384.51 0 0
1500 127.101 20.9791 18.1598 1.21136 0.410295 385.332 0 0
1500 37.9259 -51.661 17.8742 -0.343697 -0.77094 386.425 0 0
1500 136.748 -8.20848 17.8619 1.22239 -0.131936 385.535 0 0
1500 81.8622 60.3168 17.9211 0.376817 0.945701 385.983 0 0
1500 84.3602 60.5578 17.8621 0.439693 0.951554 386.387 0 0
1500 119.754 13.754 17.9353 1.00259 0.230703 386.378 0 0
1500 81.962 58.0123 17.878 0.371477 0.943398 385.982 0 0
1500 150.625 5.75008 17.9984 1.54552 0.0629467 385.856 0 0
1500 51.047 41.3093 18.0396 -0.170803 0.689623 386.208 0 0
1500 65.0334 -8.91559 17.9889 0.159153 -0.176676 386.582 0 0
1500 65.2018 39.39 18.0556 0.0992432 0.613752 387.169 0 0
1500 85.0644 36.1908 17.8643 0.455527 0.522683 387.14 0 0
1500 112.424 3.4733 17.8528 0.836827 0.0916013 387.634 0 0
1500 72.7475 57.0366 17.8498 0.271897 0.860522 387.276 0 0
1500 1.31942 14.2069 17.8532 -0.921628 0.250609 386.6 0 0
1500 112.038 5.71767 17.8393 0.87329 0.132643 387.298 0 0
1500 -7.70189 17.0485 17.912 -1.04946 0.31296 387.11 0 0
1500 63.232 -61.939 17.9778 0.043572 -1.00906 386.528 0 0
1500 81.7175 -6.43898 18.0332 0.410678 -0.174156 386.687 0 0
1500 20.7564 42.5095 17.8103 -0.539971 0.718639 387.395 0 0
1500 62.38 40.2286 17.8193 0.0969435 0.693125 386.515 0 0
1500 70.7846 -34.1776 18.1001 0.288556 -0.571255 387.63 0 0
1500 62.4238 25.273 17.8358 0.00639693 0.4436 387.193 0 0
1500 37.5056 -26.9479 17.9951 -0.389555 -0.46652 386.568 0 0
1500 9.43185 3.86217 17.9322 -0.743184 0.0387535 388.042 0 0
1500 70.2498 3.76191 18.027 0.259188 0.0329036 389.238 0 0
1500 70.4028 26.8209 18.0407 0.19159 0.438072 390.241 0 0
1500 82.6975 -17.5014 17.8387 0.356532 -0.315301 389.632 0 0
1500 92.9099 4.30238 18.3771 0.610105 0.0390526 392.001 0 0
1500 104.248 14.1056 18.0794 0.739009 0.235392 390.453 0 0
1500 101.263 -7.23468 17.9599 0.658441 -0.16243 390.596 0 0
1500 79.6474 10.5842 18.2408 0.415186 0.152303 392.266 0 0
1500 92.4831 22.6101 17.9808 0.532161 0.380027 391.024 0 0
1500 85.49 -24.1197 18.0254 0.438722 -0.398562 391.486 0 0
1500 52.8367 -63.1017 17.9109 -0.0811986 -0.980861 389.389 0 0
1500 107.492 28.986 17.8537 0.755134 0.472451 389.932 0 0
1500 113.759 -15.3844 17.8413 0.870422 -0.203081 389.95 0 0
1500 -8.35036 11.0476 17.8479 -1.04072 0.125705 388.229 0 0
1500 52.2926 -51.634 17.8615 -0.139235 -0.769827 390.914 0 0
1500 40.1934 -63.251 17.8502 -0.318414 -0.956676 389.313 0 0
1500 49.3357 -59.8489 17.8553 -0.183142 -0.895797 390.189 0 0
1500 77.4873 34.6642 17.857 0.299804 0.555693 391.458 0 0
1500 107.266 -46.258 17.815 0.698388 -0.746169 389.138 0 0
1500 68.5251 57.9534 17.8368 0.216032 0.905709 388.209 0 0
1500 97.7542 11.5801 17.8603 0.641834 0.168024 391.069 0 0
1500 76.9036 7.01017 18.3378 0.372836 0.136468 394.386 0 0
1500 38.9444 -34.5712 17.8852 -0.330292 -0.507113 392.265 0 0
1500 42.8463 -9.81329 18.2218 -0.23018 -0.145252 394.258 0 0
1500 61.4139 32.5568 17.9867 0.100163 0.514751 392.991 0 0
1500 72.8282 64.0515 17.8465 0.23766 1.00978 389.849 0 0
1500 32.0321 61.5232 17.8465 -0.360149 0.972669 389.853 0 0
1500 54.9826 53.0899 17.8713 -0.0293574 0.826885 391.936 0 0
1500 100.329 28.6009 17.9285 0.674382 0.438852 392.266 0 0
1500 55.2905 -9.31094 17.8694 -0.00157614 -0.190021 393.629 0 0
1500 41.6231 -16.849 18.0281 -0.272187 -0.215568 393.986 0 0
1500 111.52 -18.022 18.0154 0.849716 -0.344444 388.289 0 0
1500 124.547 -4.35626 17.8035 1.02608 0.00292246 388.6 0 0
1500 66.989 -4.62665 17.9037 0.174406 -0.000580881 388.896 0 0
1500 71.7969 -9.39491 17.8716 0.232351 -0.190453 393.67 0 0
1500 102.039 -47.7907 17.8437 0.697321 -0.77402 389.315 0 0
1500 -2.65247 -27.8303 17.8481 -0.956529 -0.393523 390.574 0 0
1500 69.303 56.6752 17.8509 0.102911 0.888914 388.341 0 0
1500 48.4443 67.9511 17.8426 -0.20812 1.02687 390.507 0 0
1500 120.644 20.7296 17.8478 0.978063 0.391768 388.334 0 0
1500 20.0421 47.2116 17.8138 -0.633707 0.760057 389.4 0 0
1500 36.0151 44.5685 17.8245 -0.369994 0.678783 393.436 0 0
1500 103.355 66.813 17.8951 0.762019 1.02874 389.737 0 0
1500 73.7081 -18.8806 17.9699 0.33474 -0.279903 388.852 0 0
1500 148.447 -46.2172 17.9098 1.42972 -0.738077 390.357 0 0
1500 101.413 0.059568 17.9487 0.689176 0.0172025 395.168 0 0
1500 88.3123 -23.2505 17.9056 0.47515 -0.383837 395.098 0 0
1500 102.655 -49.3905 17.8418 0.63986 -0.763872 395.356 0 0
1500 86.5343 6.96972 18.1514 0.548944 0.0790348 390.09 0 0
1500 73.3471 -6.07201 17.9447 0.285487 -0.162688 389.673 0 0
1500 119.841 -23.8175 17.8884 0.98624 -0.335599 393.335 0 0
1500 82.9829 36.7998 17.9032 0.468181 0.579327 390.152 0 0
1500 60.3412 10.6109 17.8617 -0.0305566 0.204332 388.975 0 0
1500 21.3575 46.99 17.8366 -0.619021 0.74737 391.273 0 0
1500 20.2498 46.2684 17.8364 -0.635581 0.736234 391.293 0 0
1500 71.5757 54.8355 17.841 0.141699 0.874044 390.665 0 0
1500 109.036 64.9521 17.9116 0.784713 1.10874 387.907 0 0
1500 44.9463 -30.9017 17.9641 -0.271364 -0.459297 387.826 0 0
1500 90.5134 -13.5115 17.97 0.538151 -0.20841 397.474 0 0
1500 69.55 30.1615 18.0146 0.256126 0.517711 391.132 0 0
1500 59.3816 7.26117 18.2284 0.00768675 0.07051 391.373 0 0
1500 -6.83583 27.687 17.8979 -1.07453 0.524801 388.081 0 0
1500 69.3072 -46.1445 17.8403 0.237399 -0.753576 391.391 0 0
1500 113.19 -34.9745 17.8271 0.881417 -0.56219 393.662 0 0
1500 125.793 -8.7169 17.8004 1.02776 -0.20002 393.747 0 0
1500 85.9679 -52.0703 17.837 0.466129 -0.781562 396.058 0 0
1500 114.693 31.6959 17.8331 0.886612 0.425632 395.446 0 0
1500 108.986 22.7467 17.8375 0.845451 0.311218 392.055 0 0
1500 98.9055 -52.2561 17.8296 0.668698 -0.804315 394.32 0 0
1500 73.1166 1.92403 17.99 0.258683 0.107395 390.972 0 0
1500 74.4849 35.847 17.9813 0.25253 0.572201 397.959 0 0
1500 47.3736 53.8646 17.9696 -0.137492 0.890358 392.692 0 0
1500 112.145 38.0806 17.8998 0.831431 0.634416 394.203 0 0
1500 94.04 36.7553 17.9125 0.540505 0.589611 397.092 0 0
1500 80.8047 0.0575218 17.8842 0.437958 0.0025949 391.095 0 0
1500 92.4094 -15.9461 17.8773 0.613935 -0.244778 391.595 0 0
1500 98.179 49.8302 17.8609 0.682052 0.748745 393.593 0 0
1500 26.8839 -8.07905 17.8224 -0.477239 -0.0535239 398.323 0 0
1500 88.3304 -1.68424 18.3528 0.587833 0.0134478 394.104 0 0
1500 140.711 -69.5997 17.9984 1.35197 -1.19661 389.773 0 0
1500 73.4954 30.1143 17.8374 0.28383 0.445519 398.636 0 0
1500 116.132 29.5971 17.8158 0.918489 0.455456 395.95 0 0
1500 101.005 50.1215 17.8146 0.708969 0.768277 394.822 0 0
1500 106.245 5.72079 17.8264 0.812692 0.111617 392.686 0 0
1500 94.8858 -22.6979 18.0832 0.615395 -0.323441 399.128 0 0
1500 120.089 -2.23519 17.8668 0.964476 -0.0668741 397.189 0 0
1500 79.8458 63.2774 17.8081 0.384665 0.975127 395.949 0 0
1500 40.8534 62.7672 17.8254 -0.321334 0.976811 395.387 0 0
1500 78.1913 -22.1418 18.4502 0.430549 -0.391551 395.329 0 0
1500 140.258 35.3867 17.9013 1.31877 0.588251 394.39 0 0
1500 -10.7985 2.18332 17.8022 -1.04199 -0.036677 397.278 0 0
1500 9.36012 -20.6702 17.9267 -0.887694 -0.309301 389.474 0 0
1500 30.6434 -60.5485 17.8349 -0.456152 -0.940095 397.451 0 0
1500 52.1273 -57.2382 17.8439 -0.136161 -0.867273 399.339 0 0
1500 -1.84183 22.9623 17.8375 -0.955378 0.295574 395.95 0 0
1500 74.7546 -29.1057 17.9615 0.20693 -0.505714 391.483 0 0
1500 105.199 -40.2083 18.0042 0.793056 -0.627252 396.954 0 0
1500 114.535 -30.8788 18.0033 0.909354 -0.476853 398.614 0 0
1500 68.0407 -64.5153 17.9351 0.145341 -1.00649 398.651 0 0
1500 82.3998 10.1173 18.5099 0.517847 0.191844 396.857 0 0
1500 87.8917 6.95278 17.9829 0.49408 0.0618872 401.928 0 0
1500 111.763 24.149 18.0529 0.893887 0.417776 396.565 0 0
1500 88.2171 -11.0115 18.4694 0.590704 -0.21608 397.232 0 0
1500 79.5983 -15.348 18.4722 0.463243 -0.281841 397.021 0 0
1500 62.9929 43.3799 18.3464 0.114245 0.774911 392.518 0 0
1500 44.436 -61.1441 17.8987 -0.171008 -1.03796 394.024 0 0
1500 60.2156 -15.9475 17.8633 0.0999243 -0.218917 403.301 0 0
1500 128.02 29.3673 18.0846 1.21967 0.460148 394.12 0 0
1500 25.2817 44.1564 17.841 -0.499405 0.749178 396.886 0 0
1500 119.414 30.549 17.8329 0.907044 0.525428 398.929 0 0
1500 36.312 26.7035 17.8555 -0.305683 0.445828 402.382 0 0
1500 33.2949 27.7795 17.8245 -0.427212 0.496226 395.829 0 0
1500 48.656 60.5744 17.8088 -0.183877 0.977672 397.62 0 0
1500 -76.3819 -98.9245 17.803 -2.03905 -1.57619 397.772 0 0
1500 41.6126 27.7614 18.0827 -0.23187 0.446052 403.958 0 0
1500 75.4998 27.623 18.325 0.392729 0.458045 398.147 0 0
1500 69.2721 -26.7058 18.0779 0.21697 -0.486791 396.999 0 0
1500 95.8038 -51.4406 17.7967 0.569061 -0.81772 400.752 0 0
1500 54.8054 -41.1162 17.9814 -0.0918434 -0.734118 393.525 0 0
1500 119.826 0.532146 17.8339 1.00472 0.0224775 398.811 0 0
1500 95.27 -43.7138 17.8388 0.643056 -0.650725 398.019 0 0
1500 139.743 7.52934 18.5335 1.53866 0.149193 391.358 0 0
1500 105.071 -41.3524 17.8939 0.722381 -0.66045 401.723 0 0
1500 89.3449 32.1176 18.0557 0.562973 0.53827 399.081 0 0
1500 88.9007 34.7286 18.0548 0.555442 0.57714 399.174 0 0
1500 78.0573 -45.3035 17.8174 0.323461 -0.703622 403.789 0 0
1500 76.1629 30.2545 17.8433 0.319469 0.455252 404.587 0 0
1500 134.729 -39.4449 17.8983 1.20188 -0.691228 398.214 0 0
1500 91.426 -53.8016 17.8351 0.565786 -0.84709 400.636 0 0
1500 119.985 -13.7029 17.9399 1.00046 -0.241836 401.429 0 0
1500 26.9845 58.0659 17.7988 -0.458592 0.938734 401.609 0 0
1500 47.3579 36.4723 17.8679 -0.152268 0.640917 399.271 0 0
1500 78.7535 21.6699 17.8209 0.380075 0.290395 400.177 0 0
1500 61.4381 -31.8206 18.3918 0.0715983 -0.682305 388.634 0 0
1500 60.9674 37.9875 18.0936 0.0848224 0.597098 406.861 0 0
1500 97.8047 43.0305 18.0781 0.641166 0.716073 401.965 0 0
1500 58.9258 -65.2007 17.8225 0.0190695 -1.04404 402.632 0 0
1500 58.8849 -45.0731 17.8389 0.0175889 -0.709414 405.97 0 0
1500 57.1502 -7.97286 17.8521 -0.00689373 -0.180987 407.01 0 0
1500 71.2042 -42.6565 17.8367 0.208924 -0.734032 400.311 0 0
1500 62.3427 -65.1435 17.8224 0.0698599 -1.04265 402.667 0 0
1500 36.0795 -62.6122 17.8224 -0.317767 -0.99612 403.267 0 0
1500 70.9706 0.0532505 17.8955 0.248915 0.0677741 399.487 0 0
1500 111.7 -2.42718 18.2217 0.983598 0.0351755 394.06 0 0
1500 49.8007 55.9953 18.4317 -0.165959 1.01401 394.152 0 0
1500 92.8514 -0.0977288 17.9874 0.57353 0.0119914 408.655 0 0
1500 98.7068 5.69765 17.9819 0.717794 0.101869 402.437 0 0
1500 86.0371 16.0712 18.0834 0.512614 0.303592 402.425 0 0
1500 77.8735 3.31723 17.9982 0.363852 0.0479273 409.281 0 0
1500 64.388 56.0511 17.8249 0.150383 0.907215 403.259 0 0
1500 56.3815 41.1468 17.8352 0.0289363 0.691221 402.22 0 0
1500 124.987 -6.24279 17.8179 1.04622 -0.0402247 404.943 0 0
1500 38.9701 -26.3863 18.0906 -0.335007 -0.396022 403.101 0 0
1500 97.4994 -21.2112 18.0367 0.697003 -0.289372 403.671 0 0
1500 67.4921 27.5183 18.2057 0.175754 0.593548 392.865 0 0
1500 96.1624 21.6815 18.3951 0.722033 0.48208 393.524 0 0
1500 31.1902 -13.9507 17.9924 -0.420107 -0.194246 412.144 0 0
1500 26.5521 -77.8251 17.95 -0.506672 -1.29274 402.87 0 0
1500 77.0816 -29.797 18.3866 0.393617 -0.514565 405.684 0 0
1500 67.7948 -17.6831 18.3941 0.230426 -0.30159 412.542 0 0
1500 67.0206 -58.4475 17.8062 0.0809152 -0.895595 408.722 0 0
1500 73.3448 -1.48299 18.0041 0.271371 0.0362098 411.379 0 0
1500 34.8465 -56.273 17.8286 -0.35088 -0.924434 405.614 0 0
1500 38.5049 -60.032 17.8269 -0.294001 -0.975568 405.993 0 0
1500 84.3832 -3.83248 17.8508 0.410222 -0.137848 403.398 0 0
1500 80.9406 -23.5161 17.847 0.355017 -0.443265 403.663 0 0
1500 33.1343 -60.3437 17.8268 -0.364565 -0.954062 407.822 0 0
1500 21.088 -27.407 17.8399 -0.570356 -0.499334 404.231 0 0
1500 99.5183 -47.6682 17.8276 0.622801 -0.791997 405.833 0 0
1500 45.0915 29.003 18.1266 -0.193972 0.512056 404.84 0 0
1500 75.9472 21.5821 17.906 0.360213 0.379179 402.887 0 0
1500 65.9557 -40.6765 17.9167 0.0980448 -0.638838 411.206 0 0
1500 135.324 31.2914 17.8164 1.19498 0.502682 408.31 0 0
1500 34.1767 -1.05682 17.9727 -0.429224 -0.0250346 404.962 0 0
1500 59.7332 -27.0079 17.9727 -0.0331319 -0.427259 404.959 0 0
1500 13.7234 17.6482 17.9609 -0.735652 0.261117 405.889 0 0
1500 110.621 -12.1284 17.9205 0.847884 -0.250934 406.628 0 0
1500 96.4866 2.86472 18.3288 0.798936 0.0373892 397.417 0 0
1500 71.1371 -20.5542 18.4617 0.20109 -0.338869 400.751 0 0
1500 76.6608 -59.4115 17.7966 0.237543 -0.92624 411.205 0 0
1500 29.9798 6.63712 17.816 -0.47284 0.0318456 406.104 0 0
1500 105.115 -36.8191 17.798 0.683471 -0.630882 407.748 0 0
1500 107.504 -4.4625 18.0629 0.845225 -0.0305845 408.85 0 0
1500 31.8461 13.5978 17.9209 -0.432282 0.279054 407.405 0 0
1500 103.752 -20.8652 18.0088 0.758969 -0.379702 408.882 0 0
1500 115.933 -197.238 17.9309 0.907671 -3.29106 404.297 0 0
1500 34.8951 -3.19247 17.9163 -0.403889 -0.1089 407.67 0 0
1500 75.3843 7.23588 18.3036 0.329779 0.156749 416.855 0 0
1500 112.744 23.7535 17.9052 0.853428 0.437225 409.653 0 0
1500 87.7272 -25.0603 17.9302 0.433132 -0.45547 409.191 0 0
1500 108.626 56.9481 18.0205 0.897887 0.991686 405.948 0 0
1500 55.7705 58.2683 17.9463 -0.0216413 0.952861 411.298 0 0
1500 104.75 -25.4098 17.879 0.785866 -0.421002 410.64 0 0
1500 112.003 -36.4018 17.8707 0.873292 -0.573235 412.368 0 0
1500 83.2624 14.7767 18.1391 0.449746 0.179153 417.253 0 0
1500 107.654 36.6803 17.8035 0.72968 0.601255 414.629 0 0
1500 24.7046 -53.6328 17.8907 -0.496615 -0.878057 412.902 0 0
1500 72.7382 -63.3314 17.8902 0.216276 -0.992741 414.96 0 0
1500 99.0891 50.421 17.8147 0.665235 0.76268 415.096 0 0
1500 56.7719 24.9453 17.8384 0.0516709 0.419245 410.512 0 0
1500 84.8589 44.7787 17.8254 0.447535 0.665231 416.661 0 0
1500 50.0701 -67.9458 17.8484 -0.147535 -1.05897 414.847 0 0
1500 90.1364 35.8024 18.0078 0.608546 0.568703 409.532 0 0
1500 98.8223 -79.6159 17.9161 0.633669 -1.29166 412.753 0 0
1500 116.762 1.68116 18.0048 0.960462 0.0750617 414.077 0 0
1500 98.7804 -1.64299 17.8143 0.643307 -0.034228 418.191 0 0
1500 96.8912 -45.5374 17.8024 0.627653 -0.667014 416.944 0 0
1500 98.3401 -53.8072 17.7951 0.667076 -0.808609 415.013 0 0
1500 53.5634 -59.4825 17.8022 0.0038549 -0.91877 413.096 0 0
1500 105.43 -37.6084 17.9759 0.781553 -0.590731 415.737 0 0
1500 95.306 -4.39962 17.9903 0.656331 -0.105762 413.274 0 0
1500 13.3062 -47.3414 17.8255 -0.670351 -0.782807 414.859 0 0
1500 98.9965 -52.9464 17.8244 0.604123 -0.856519 415.649 0 0
1500 90.5602 -37.4109 17.8625 0.5437 -0.636826 413.54 0 0
1500 51.0647 -66.7245 17.8516 -0.0583566 -1.04208 416.261 0 0
1500 -25.9638 106.319 17.8838 -1.37114 1.77282 410.849 0 0
1500 105.195 -30.9298 17.8308 0.702145 -0.5093 418.121 0 0
1500 126.463 5.4551 17.8212 1.04515 0.0121193 415.549 0 0
1500 86.2484 -55.6646 17.8231 0.452142 -0.906125 414.832 0 0
1500 49.7228 -42.5406 17.8367 -0.0993062 -0.728134 413.077 0 0
1500 31.64 -61.6523 17.8217 -0.359738 -0.972687 416.434 0 0
1500 63.7214 -54.1258 17.8318 0.108127 -0.840061 418.234 0 0
1500 65.6671 -51.0858 17.8337 0.135538 -0.794243 418.442 0 0
1500 92.9119 -56.0403 17.8211 0.542673 -0.895933 416.009 0 0
1500 96.1993 -53.7833 17.8471 0.616426 -0.846732 416.885 0 0
1500 121.131 -9.34735 17.84 0.977415 -0.177022 418.231 0 0
1500 110.302 -32.3966 17.8395 0.850362 -0.53025 415.793 0 0
1500 110.402 -31.2172 17.8422 0.817115 -0.4916 418.62 0 0
1500 63.2385 -65.0054 17.8382 0.141656 -1.01565 416.13 0 0
1500 110.029 29.5801 17.8256 0.862509 0.447846 415.543 0 0
1500 105.161 -40.0211 18.2639 0.951437 -0.771975 404.644 0 0
1500 61.6976 3.19857 18.0374 0.0524317 0.10998 423.036 0 0
1500 117.089 -7.43914 17.8525 0.906337 -0.188757 417.202 0 0
1500 35.8193 -14.4229 17.9232 -0.326173 -0.301358 416.894 0 0
1500 20.9469 -4.87642 18.0547 -0.628402 -0.149 413.842 0 0
1500 86.8573 42.8208 17.8169 0.517022 0.649844 418.939 0 0
1500 89.2997 -60.4947 17.8056 0.532532 -0.89932 421.628 0 0
1500 91.7561 53.6879 17.8109 0.557244 0.768441 423.028 0 0
1500 115.736 -23.5022 17.9603 0.893833 -0.392569 423.62 0 0
1500 90.2791 -56.8676 17.9626 0.538224 -0.897005 422.009 0 0
1500 37.4754 64.9155 17.8744 -0.3018 1.01964 422.935 0 0
1500 47.6743 0.857604 18.0691 -0.141161 0.0761267 426.922 0 0
1500 1.4389 -20.4967 17.9166 -0.915444 -0.303098 420.919 0 0
1500 53.9135 -4.53524 18.228 -0.152353 -0.0669174 411.152 0 0
1500 119.01 19.719 17.9683 1.03902 0.392051 417.119 0 0
1500 -6.16222 -19.1812 17.9018 -1.00465 -0.294928 424.126 0 0
1500 86.7132 51.6386 17.9466 0.43095 0.809165 426.272 0 0
1500 43.8139 -32.7756 18.1457 -0.225027 -0.557943 421.901 0 0
1500 18.2624 16.5621 18.1497 -0.762544 0.26685 415.013 0 0
1500 9.06714 -16.761 18.0369 -0.788052 -0.271787 423.668 0 0
1500 -0.52293 -28.3761 17.7943 -0.86123 -0.499085 425.963 0 0
1500 96.6579 -20.4693 17.8094 0.568815 -0.356248 430.321 0 0
1500 108.781 41.1047 17.975 0.817708 0.641627 429.2 0 0
1500 97.4619 24.9493 17.9871 0.68291 0.425064 426.18 0 0
1500 49.3225 -13.7067 18.076 -0.131493 -0.28354 425.782 0 0
1500 61.5038 56.7677 17.8515 0.127806 0.890351 427.232 0 0
1500 -4.52345 -1.73147 17.9261 -0.996405 -0.0431324 429.661 0 0
1500 91.7057 41.8125 17.8493 0.501355 0.665405 433.409 0 0
1500 98.2247 19.1684 17.8534 0.642076 0.369821 428.2 0 0
1500 76.5674 31.0756 18.0543 0.333848 0.549456 428.674 0 0
1500 91.9807 30.4807 17.9886 0.514194 0.538015 429.533 0 0
1500 81.3226 -62.1758 17.8119 0.406976 -0.964381 432.3 0 0
1500 105.99 -8.98349 17.8238 0.799712 -0.180185 430.083 0 0
1500 5.89584 -30.9142 18.1174 -0.877854 -0.544189 427.551 0 0
1500 64.9409 -49.1435 17.985 0.126143 -0.763251 436.815 0 0
1500 8.76037 -41.4018 17.8095 -0.815078 -0.622737 433.184 0 0
1500 6.55346 39.7847 17.8006 -0.817912 0.648984 433.899 0 0
1500 30.0931 -97.9964 17.9315 -0.4135 -1.60818 431.685 0 0
1500 118.223 -62.3827 17.9898 1.11307 -1.07438 426.998 0 0
1500 110.745 -37.5909 17.8888 0.842048 -0.612361 437.149 0 0
1500 68.572 -35.4714 17.9095 0.204382 -0.549607 440.985 0 0
1500 80.7573 -55.7701 17.919 0.400608 -0.896986 438.359 0 0
1500 63.6956 63.7923 17.8113 0.0549539 0.995675 445.015 0 0
1500 31.4191 29.4472 17.8259 -0.441199 0.528207 440.847 0 0
