Total number of secondary electrons: 1628
1500 93.546 9.82643 16.9862 0.807175 0.168088 292.696 0 0
1500 109.014 3.402 16.7012 1.15709 0.0918952 293.759 0 0
1500 81.3682 -3.9118 14.6042 0.41796 -0.0968711 307.55 0 0
1500 93.2949 4.67529 15.2444 0.642044 0.019391 308.155 0 0
1500 103.196 -11.0516 15.6536 0.788681 -0.162691 317.309 0 0
1500 104.284 -0.113225 15.0941 0.747386 0.0370922 319.945 0 0
1500 90.5748 -14.3521 16.0584 0.611638 -0.219087 326.047 0 0
1500 95.8652 2.1021 15.8277 0.687588 -0.00223383 327.619 0 0
1500 76.356 -19.7582 15.6473 0.372456 -0.282689 329.123 0 0
1500 96.1782 15.3464 14.831 0.556288 0.197416 332.593 0 0
1500 49.7282 27.1026 14.7236 -0.131881 0.452675 332.637 0 0
1500 74.3867 17.1247 15.1251 0.314822 0.248961 333.038 0 0
1500 92.3168 6.92945 15.5915 0.590719 0.164405 333.382 0 0
1500 93.3182 8.04053 16.4023 0.687152 0.118333 333.52 0 0
1500 101.016 7.24595 16.1589 0.744713 0.0995522 334.652 0 0
1500 124.896 -8.4287 16.2945 1.2839 -0.135759 336.008 0 0
1500 74.1755 9.53192 15.8716 0.327128 0.155492 336.847 0 0
1500 97.4063 -8.55593 16.147 0.690173 -0.095339 337.175 0 0
1500 97.0419 33.6523 14.816 0.492319 0.497522 337.633 0 0
1500 74.1832 12.9363 14.9231 0.283656 0.193034 337.849 0 0
1500 91.8544 -13.6504 16.4423 0.645591 -0.175964 338.477 0 0
1500 84.2179 -6.35037 15.7235 0.525103 -0.141838 340.001 0 0
1500 80.1069 4.36528 15.506 0.405577 0.083467 341.247 0 0
1500 50.0847 3.46863 15.251 -0.08235 0.00272127 341.367 0 0
1500 83.5618 6.98797 16.0854 0.445958 0.131494 342.285 0 0
1500 106.81 35.4963 14.8974 0.59229 0.486425 342.893 0 0
1500 71.1986 -31.6066 15.7257 0.205932 -0.469884 343.724 0 0
1500 90.6639 -14.724 16.0949 0.508749 -0.221182 345.209 0 0
1500 74.1853 15.882 15.4855 0.22771 0.25108 346.273 0 0
1500 143.365 18.9375 15.4209 1.23549 0.284204 346.477 0 0
1500 85.7064 14.081 16.6695 0.525632 0.199671 346.957 0 0
1500 80.1036 -26.2003 16.1265 0.384823 -0.361945 347.674 0 0
1500 76.9635 0.233213 15.5414 0.331443 -0.0151326 348.094 0 0
1500 117.426 35.9148 15.7373 0.927781 0.579434 349.946 0 0
1500 126.469 -6.94911 16.9074 1.35361 -0.125812 350.36 0 0
1500 94.1727 -9.6367 16.5562 0.629498 -0.202012 351.085 0 0
1500 81.4023 0.400897 16.6832 0.471476 -0.0260123 351.192 0 0
1500 63.8808 28.078 15.7026 0.0936066 0.412842 351.143 0 0
1500 93.8196 -9.86116 17.2649 0.649997 -0.139142 351.497 0 0
1500 126.975 60.5293 15.8809 1.01394 0.82034 351.941 0 0
1500 99.9741 56.173 15.6366 0.564525 0.72257 352.474 0 0
1500 56.2338 -19.8264 15.8585 0.0388463 -0.299926 352.52 0 0
1500 88.7858 34.6882 16.0193 0.469654 0.492945 352.611 0 0
1500 92.7913 -6.90722 15.8881 0.492694 -0.13779 352.969 0 0
1500 127.335 -14.8044 16.675 1.1683 -0.29669 353.975 0 0
1500 88.3305 -52.8927 15.9779 0.430178 -0.697428 354.3 0 0
1500 75.9458 -8.08646 16.5896 0.321903 -0.202141 354.685 0 0
1500 110.107 64.7856 15.8115 0.669229 0.804726 354.841 0 0
1500 61.5313 14.0567 15.9802 0.0460134 0.242166 354.845 0 0
1500 81.0886 -1.65227 17.5326 0.519917 -0.0317961 354.861 0 0
1500 108.868 5.4659 15.9155 0.716671 0.111091 354.89 0 0
1500 95.2977 -5.89105 16.5145 0.541976 -0.130725 355.184 0 0
1500 78.5571 -4.41245 16.9353 0.372921 -0.0575262 355.644 0 0
1500 126.561 47.7634 15.8762 0.856403 0.596087 355.691 0 0
1500 82.9356 -5.4025 17.036 0.490296 -0.0916223 355.724 0 0
1500 69.0749 21.0484 16.2682 0.156158 0.27955 355.819 0 0
1500 96.7723 3.80102 17.1649 0.657042 0.0124558 355.959 0 0
1500 63.8746 20.0655 16.2023 0.055408 0.287986 356.088 0 0
1500 75.0355 23.9213 16.6926 0.270882 0.337781 356.354 0 0
1500 26.2484 20.7107 16.2284 -0.42078 0.294507 356.538 0 0
1500 95.0384 -14.1419 17.6231 0.723058 -0.231971 356.726 0 0
1500 62.1724 13.2282 16.7644 0.0967749 0.174708 356.917 0 0
1500 39.0777 17.7526 16.2679 -0.246359 0.305552 356.894 0 0
1500 37.2983 -5.56753 16.2593 -0.277213 -0.0280921 357.023 0 0
1500 122.453 30.584 15.9969 0.858049 0.411274 357.191 0 0
1500 36.2916 55.0349 16.1986 -0.305922 0.794461 357.224 0 0
1500 106.655 3.3359 17.1777 0.932809 0.0529248 357.313 0 0
1500 67.9261 -11.0431 16.9847 0.25068 -0.190816 358.053 0 0
1500 114.978 -2.32678 16.9841 1.03187 -0.0122117 358.521 0 0
1500 97.7338 -13.9599 17.248 0.662349 -0.189945 358.728 0 0
1500 121.104 -17.1777 16.7295 1.03057 -0.302914 358.793 0 0
1500 81.0938 1.96671 16.9912 0.453012 0.00254595 358.907 0 0
1500 111.281 11.0205 17.2621 0.882763 0.200875 359.086 0 0
1500 82.0988 8.23545 16.3429 0.384212 0.139788 359.379 0 0
1500 78.3612 -14.1402 16.7765 0.31498 -0.234564 359.597 0 0
1500 109.561 10.4951 16.1872 0.627043 0.149996 359.622 0 0
1500 89.4779 -0.366095 17.5598 0.611959 -0.0774307 359.751 0 0
1500 61.3354 37.5249 16.2393 0.0833478 0.451157 360.26 0 0
1500 93.8937 75.7291 16.6509 0.580815 1.16629 360.227 0 0
1500 101.099 -12.2811 16.4151 0.62862 -0.13617 360.639 0 0
1500 58.6355 -18.5924 17.0556 0.0671722 -0.27268 360.827 0 0
1500 31.4163 9.7216 16.261 -0.409581 0.157901 360.946 0 0
1500 65.6032 28.9214 16.6496 0.123155 0.42275 361.044 0 0
1500 64.9324 36.3474 16.634 0.109493 0.541929 361.36 0 0
1500 114.67 -1.29029 17.0684 0.978061 -0.0585308 362.075 0 0
1500 109.914 42.6974 16.374 0.69241 0.588348 362.089 0 0
1500 79.7394 -11.9833 16.6468 0.375783 -0.125913 362.115 0 0
1500 95.9485 -1.11463 17.0167 0.58772 0.0302483 362.168 0 0
1500 8.02844 -41.7736 16.3877 -0.692382 -0.534977 362.407 0 0
1500 108.812 -0.656424 16.541 0.728793 -0.0338962 362.682 0 0
1500 53.5787 -11.8689 16.821 -0.120967 -0.133548 363.377 0 0
1500 84.4154 25.5333 16.5714 0.399285 0.384139 363.494 0 0
1500 65.5097 10.5153 17.2716 0.148187 0.155249 363.529 0 0
1500 50.3716 2.03893 16.6671 -0.0935668 0.0900216 363.509 0 0
1500 78.1777 37.9672 17.0329 0.3257 0.620725 363.694 0 0
1500 89.5993 35.5437 16.5944 0.463836 0.511138 363.964 0 0
1500 104.324 21.7639 16.6034 0.652541 0.33233 364.145 0 0
1500 22.7967 8.19839 16.6668 -0.577946 0.0730019 364.284 0 0
1500 34.35 -63.4665 16.4725 -0.251821 -0.849962 364.476 0 0
1500 97.1134 17.0808 16.6246 0.575342 0.181754 364.498 0 0
1500 121.379 -30.784 16.6383 0.870919 -0.390607 364.909 0 0
1500 80.9921 14.6186 17.822 0.467275 0.226104 365.445 0 0
1500 76.8993 -0.786184 16.9057 0.297532 0.0215349 365.557 0 0
1500 62.028 35.2366 16.8289 0.0457547 0.50614 365.896 0 0
1500 91.65 21.4941 17.2586 0.535415 0.331049 365.934 0 0
1500 133.855 -1.19884 17.0187 1.18798 -0.0508148 365.991 0 0
1500 79.4419 38.3797 17.331 0.31093 0.616109 366.263 0 0
1500 41.6849 -2.20781 16.7005 -0.235678 0.0290502 366.363 0 0
1500 77.0489 -1.24109 17.56 0.360531 0.0400422 366.66 0 0
1500 86.2831 6.35001 16.9967 0.473207 0.0615156 366.681 0 0
1500 49.6498 9.92954 16.8311 -0.0839434 0.195382 366.734 0 0
1500 89.9455 3.85272 17.6172 0.532913 0.114256 366.744 0 0
1500 112.454 53.9227 16.6113 0.742479 0.650059 366.897 0 0
1500 46.9494 -10.4127 16.7339 -0.2029 -0.13702 366.982 0 0
1500 73.9621 -9.73919 17.5886 0.289686 -0.174441 367.306 0 0
1500 36.0476 55.1628 16.678 -0.26872 0.778441 367.83 0 0
1500 80.4166 -4.30582 17.225 0.364466 -0.0260957 368.336 0 0
1500 79.6409 9.51139 17.1889 0.404067 0.217355 368.597 0 0
1500 43.618 -12.137 16.8306 -0.20281 -0.227866 368.73 0 0
1500 96.48 -32.9157 16.9235 0.539372 -0.489086 368.758 0 0
1500 36.67 25.1355 16.7671 -0.248138 0.388279 368.947 0 0
1500 86.6094 -7.75828 16.9611 0.393179 -0.057005 369.061 0 0
1500 45.2078 20.6739 16.9159 -0.169755 0.341407 369.204 0 0
1500 97.6063 -23.521 17.3427 0.612551 -0.36098 369.695 0 0
1500 84.957 -1.33572 17.4157 0.48313 -0.0188317 369.995 0 0
1500 109.757 -5.90691 16.9552 0.757253 -0.0491928 370.196 0 0
1500 135.321 8.10495 16.7982 0.990752 0.0661327 370.22 0 0
1500 83.1225 23.4072 16.9742 0.418003 0.329326 370.262 0 0
1500 13.1952 32.8417 16.828 -0.634308 0.48832 370.328 0 0
1500 96.1763 -8.06333 17.2228 0.572886 -0.165049 370.346 0 0
1500 112.039 62.1604 17.0819 0.846448 0.908112 370.413 0 0
1500 67.9214 57.4361 16.8548 0.115171 0.740227 370.611 0 0
1500 55.1918 54.1191 16.841 0.0118344 0.751181 370.552 0 0
1500 86.8661 32.5228 16.9872 0.465847 0.448994 370.608 0 0
1500 18.0869 34.2562 16.9239 -0.597109 0.525015 370.719 0 0
1500 51.928 -64.7986 16.9185 -0.0885378 -0.908883 370.914 0 0
1500 131.711 -30.4151 17.0889 1.09562 -0.486 370.933 0 0
1500 78.0415 -2.25837 17.5098 0.400992 0.000163191 371.053 0 0
1500 102.282 -27.9872 17.0038 0.666965 -0.353414 371.04 0 0
1500 84.4435 -3.21585 17.9443 0.465557 -0.0434692 371.132 0 0
1500 93.7592 -6.0201 17.5588 0.586335 -0.0275238 371.173 0 0
1500 -11.4514 -28.1922 16.8863 -0.909207 -0.426165 371.355 0 0
1500 47.0724 -69.1613 16.942 -0.150861 -0.959054 371.456 0 0
1500 98.8234 59.8488 16.8825 0.491965 0.831977 371.618 0 0
1500 113.687 -47.9899 17.7836 1.00854 -0.791796 371.653 0 0
1500 132.741 -74.6717 17.2708 1.15702 -1.17594 371.974 0 0
1500 68.6687 -2.68594 17.6855 0.226962 0.0201726 372.091 0 0
1500 85.1391 -3.00159 18.262 0.56331 -0.0411162 372.24 0 0
1500 91.8142 -45.7222 17.1735 0.500705 -0.666766 372.33 0 0
1500 95.9921 -12.2064 17.6725 0.619027 -0.207178 372.428 0 0
1500 18.0421 62.2134 16.9197 -0.554497 0.853544 372.449 0 0
1500 88.2945 1.69052 18.1694 0.575923 0.0620001 372.481 0 0
1500 73.3386 1.23013 17.711 0.313003 0.0790638 372.768 0 0
1500 97.6044 9.87169 17.6628 0.733367 0.158326 372.845 0 0
1500 79.1452 -2.24844 17.7146 0.387622 0.0340018 372.872 0 0
1500 43.6957 14.1294 17.3906 -0.198106 0.198084 372.884 0 0
1500 85.3362 32.2078 17.6258 0.4726 0.487838 372.965 0 0
1500 81.6932 30.7076 17.2039 0.390131 0.457682 373.038 0 0
1500 66.3234 15.9058 17.3909 0.106902 0.2449 373.327 0 0
1500 110.329 85.4578 16.998 0.687768 1.1493 373.516 0 0
1500 110.068 -1.72349 17.4146 0.79672 -0.013896 373.54 0 0
1500 81.4325 7.35206 17.1727 0.4094 0.0651625 373.928 0 0
1500 94.5782 -0.471803 17.5703 0.618897 -0.0292625 374.006 0 0
1500 83.4036 5.21534 17.2445 0.358429 0.0178633 374.02 0 0
1500 91.3616 -6.03322 17.7414 0.52709 -0.142542 374.18 0 0
1500 85.73 -38.7018 17.0128 0.442859 -0.516198 374.136 0 0
1500 43.9172 18.7353 17.0453 -0.26143 0.237634 374.201 0 0
1500 81.4293 -12.5236 17.5953 0.437081 -0.199804 374.255 0 0
1500 76.2115 -8.66997 17.4843 0.336298 -0.171872 374.388 0 0
1500 77.3734 -52.4148 17.1161 0.214318 -0.741115 374.42 0 0
1500 100.226 -26.2804 17.0356 0.58512 -0.425142 374.427 0 0
1500 103.481 -22.1846 17.1691 0.690777 -0.316352 374.472 0 0
1500 4.30624 54.0923 17.0142 -0.758629 0.707637 374.508 0 0
1500 87.106 33.1292 17.6713 0.457488 0.50775 374.535 0 0
1500 104.478 29.3017 17.1749 0.702528 0.372537 374.643 0 0
1500 115.383 -15.9048 17.169 0.902005 -0.187744 374.677 0 0
1500 40.0835 9.28822 17.0763 -0.26449 0.0614596 374.685 0 0
1500 -8.79318 38.4034 17.0272 -0.912881 0.514475 374.722 0 0
1500 -10.7019 -6.91497 17.0115 -0.962124 -0.132683 374.73 0 0
1500 50.1277 -20.7698 17.0802 -0.12492 -0.354758 374.828 0 0
1500 77.9715 -10.7689 18.3719 0.408896 -0.14484 374.992 0 0
1500 67.4562 -31.9374 17.2509 0.20986 -0.471395 375.048 0 0
1500 93.3137 -18.7915 17.2376 0.546318 -0.270583 375.069 0 0
1500 43.0337 -127.567 17.1096 -0.23971 -1.82568 375.098 0 0
1500 90.9238 -14.3007 18.1483 0.644012 -0.218858 375.275 0 0
1500 29.1994 -46.2549 17.3857 -0.42674 -0.682308 375.389 0 0
1500 57.6537 67.4033 17.0549 0.0583863 0.917038 375.408 0 0
1500 87.9219 7.09459 17.2889 0.417592 0.160195 375.482 0 0
1500 4.03078 -49.7673 17.0443 -0.759445 -0.690902 375.548 0 0
1500 -0.467923 32.8363 17.086 -0.759992 0.455093 375.826 0 0
1500 66.308 13.9594 18.124 0.218897 0.208917 375.857 0 0
1500 41.1985 27.203 17.1947 -0.255877 0.348962 376.102 0 0
1500 67.71 -77.7497 17.0782 0.0714302 -1.04533 376.355 0 0
1500 101.556 -0.448429 18.0712 0.890414 -0.0341621 376.308 0 0
1500 79.2994 7.32777 17.7619 0.335957 0.155811 376.43 0 0
1500 119.552 44.2094 17.7131 1.0418 0.712742 376.634 0 0
1500 95.2969 -10.8014 17.7254 0.57391 -0.174029 376.7 0 0
1500 22.5587 15.8244 17.3283 -0.506134 0.263486 376.744 0 0
1500 50.1856 -0.347689 17.6515 -0.123764 -0.00254344 376.781 0 0
1500 103.818 28.182 18.6151 0.994505 0.598068 376.763 0 0
1500 73.4089 -40.9527 17.1731 0.172702 -0.551286 376.9 0 0
1500 79.6124 15.0781 17.7874 0.388897 0.265214 377.107 0 0
1500 83.9764 1.36696 18.1709 0.495816 -0.0397471 377.23 0 0
1500 -8.03531 -3.80126 17.1522 -0.874705 -0.0237192 377.273 0 0
1500 73.762 -1.48589 17.7342 0.303614 -0.0847678 377.413 0 0
1500 119.934 -28.4744 17.341 1.00209 -0.492449 377.549 0 0
1500 54.2297 -76.1128 17.1586 -0.1132 -1.02609 377.681 0 0
1500 76.2665 -21.1045 17.7419 0.335878 -0.346422 377.704 0 0
1500 81.5621 -20.2899 17.7446 0.406043 -0.335088 377.806 0 0
1500 75.6584 8.41116 17.2517 0.256853 0.0571214 377.86 0 0
1500 102.033 10.5679 17.7728 0.757744 0.208239 377.96 0 0
1500 52.5107 27.2331 17.9371 -0.0627971 0.515707 377.983 0 0
1500 113.181 -39.9828 18.141 1.1073 -0.803687 378.176 0 0
1500 81.3148 -0.172197 18.6871 0.572971 -0.0312101 378.234 0 0
1500 58.6396 -74.0011 17.1978 -0.00674997 -1.03931 378.466 0 0
1500 77.5793 18.3309 17.7978 0.358148 0.314361 378.539 0 0
1500 125.243 -25.761 17.2103 0.903125 -0.353571 378.584 0 0
1500 78.1572 -12.4397 17.9166 0.351795 -0.17815 378.733 0 0
1500 63.4009 -16.7013 17.5276 0.138671 -0.290683 378.741 0 0
1500 34.3533 11.322 18.1643 -0.374759 0.228298 378.741 0 0
1500 78.6465 1.51772 17.7361 0.39597 -0.0234865 378.802 0 0
1500 108.23 -8.24312 17.7418 0.843035 -0.0709104 378.934 0 0
1500 52.894 -30.5574 17.5223 -0.0531547 -0.478378 378.948 0 0
1500 94.0098 -10.9529 17.2284 0.552177 -0.109574 379.036 0 0
1500 4.02377 -52.7969 17.2165 -0.761376 -0.704276 379.17 0 0
1500 62.6787 -29.2615 17.8984 0.123654 -0.483725 379.177 0 0
1500 104.232 -41.4741 17.2639 0.629693 -0.54383 379.697 0 0
1500 92.5211 -14.4913 18.7414 0.654506 -0.233547 379.89 0 0
1500 63.6309 -3.55545 17.6766 0.0895321 -0.102871 379.948 0 0
1500 64.3578 3.91472 17.7472 0.175209 0.080509 380.001 0 0
1500 104.87 51.2104 17.2277 0.66196 0.737707 379.98 0 0
1500 92.5352 13.9485 17.5564 0.563316 0.151707 380.018 0 0
1500 48.48 -63.519 17.2481 -0.199345 -0.865545 380.047 0 0
1500 98.6062 76.4768 17.2982 0.622516 1.08604 380.191 0 0
1500 62.8072 -27.2426 17.6848 0.0779382 -0.423635 380.297 0 0
1500 96.976 -18.8447 17.3326 0.5744 -0.322504 380.376 0 0
1500 105.822 -10.0243 17.3053 0.642854 -0.151693 380.523 0 0
1500 68.1334 0.4555 18.3904 0.275773 -0.0341027 380.563 0 0
1500 73.3395 -34.1775 17.6919 0.21991 -0.515646 380.588 0 0
1500 96.7213 -30.1476 17.3404 0.568424 -0.476631 380.689 0 0
1500 56.6395 -32.613 17.7591 -0.0170669 -0.520416 380.674 0 0
1500 85.9666 -33.6648 17.3173 0.397622 -0.441037 380.757 0 0
1500 52.9621 -52.1612 17.3445 -0.0335804 -0.777778 380.851 0 0
1500 99.3015 -35.2949 17.5816 0.646907 -0.510223 380.958 0 0
1500 109.91 -22.8251 17.3518 0.745344 -0.373608 381.131 0 0
1500 68.8333 -18.0997 17.8523 0.176286 -0.26985 381.244 0 0
1500 81.5366 -29.1809 17.5789 0.346495 -0.399503 381.271 0 0
1500 7.74075 51.979 17.2864 -0.739969 0.690464 381.267 0 0
1500 74.2632 1.76545 18.4197 0.367544 0.0866354 381.51 0 0
1500 188.098 -18.0596 17.5571 2.11214 -0.216475 381.598 0 0
1500 115.512 29.1274 17.5977 0.913577 0.511478 381.772 0 0
1500 66.8889 -7.49709 17.8778 0.173592 -0.149798 381.844 0 0
1500 80.2098 -60.884 17.3733 0.3356 -0.884656 381.911 0 0
1500 91.2811 -18.9469 17.9136 0.514081 -0.320112 381.989 0 0
1500 5.45246 -18.5715 17.3386 -0.789179 -0.233205 382.253 0 0
1500 70.7301 -5.43373 18.7875 0.357357 -0.137565 382.469 0 0
1500 84.2892 -9.50029 17.4405 0.451407 -0.106164 382.628 0 0
1500 74.4281 -6.59465 18.0591 0.345275 -0.0611816 382.658 0 0
1500 28.4692 -71.533 17.349 -0.452513 -0.936232 383.043 0 0
1500 53.4934 -12.1339 17.4214 -0.103228 -0.185224 383.22 0 0
1500 53.4264 -39.4112 17.4032 -0.00291159 -0.586944 383.254 0 0
1500 80.2931 -47.5297 17.5656 0.334543 -0.822557 383.43 0 0
1500 45.2298 -73.8006 17.423 -0.134787 -1.03682 383.523 0 0
1500 132.704 -4.80846 17.4337 1.04317 -0.0398553 383.579 0 0
1500 111.996 -51.4814 17.4376 0.745069 -0.737012 383.958 0 0
1500 49.3884 -8.41404 18.0721 -0.0756217 -0.130898 384.114 0 0
1500 140.287 -6.29564 17.6133 1.36304 -0.0999835 384.097 0 0
1500 77.7121 -71.8591 17.4515 0.292125 -1.00004 384.359 0 0
1500 65.8264 -16.5307 17.8819 0.117014 -0.25126 384.567 0 0
1500 78.4831 17.2124 18.2402 0.393996 0.294216 384.659 0 0
1500 105.751 -13.4146 17.9735 0.797349 -0.178027 384.883 0 0
1500 44.7037 -46.6329 17.4615 -0.207106 -0.72078 384.962 0 0
1500 88.0789 2.61316 17.852 0.534224 0.0507369 385.154 0 0
1500 101.472 -47.4655 17.48 0.640366 -0.701738 385.219 0 0
1500 112.437 25.9491 18.3694 1.1165 0.530049 385.226 0 0
1500 63.2261 17.1247 17.8543 0.0891877 0.297988 385.242 0 0
1500 86.2237 25.5783 17.9722 0.51207 0.3753 385.302 0 0
1500 104.332 -17.7653 17.5692 0.722664 -0.217015 385.37 0 0
1500 136.909 -25.6698 17.631 1.28054 -0.364387 385.329 0 0
1500 88.6378 -27.4951 17.8921 0.493007 -0.441125 385.487 0 0
1500 110.114 19.8019 17.5036 0.799464 0.27022 385.495 0 0
1500 83.9349 -24.0486 17.7722 0.438349 -0.392199 385.541 0 0
1500 82.6232 23.3977 17.4986 0.416717 0.363208 385.607 0 0
1500 91.055 14.6432 17.7706 0.561367 0.172655 385.686 0 0
1500 91.411 15.6928 17.9055 0.575766 0.249783 385.973 0 0
1500 3.23382 47.7099 17.4634 -0.776671 0.642366 386.281 0 0
1500 -1.39094 34.3966 17.4869 -0.821795 0.480242 386.353 0 0
1500 -25.6223 25.4794 17.6249 -1.32209 0.336421 386.669 0 0
1500 101.58 -3.63892 17.9184 0.678345 -0.0975859 386.72 0 0
1500 63.887 -8.99094 17.7796 0.145851 -0.151904 386.707 0 0
1500 21.9658 61.5189 17.5233 -0.542038 0.870124 386.758 0 0
1500 121.089 -35.409 17.4882 0.915445 -0.500979 387.283 0 0
1500 85.6273 -50.7975 17.6949 0.422188 -0.815835 387.45 0 0
1500 75.3921 5.65427 18.0578 0.31559 0.0286305 387.49 0 0
1500 76.2728 -39.9078 17.6766 0.32441 -0.635792 387.712 0 0
1500 76.5774 -0.0125746 18.3419 0.352399 0.0454148 387.848 0 0
1500 131.216 7.63154 17.5272 1.02061 0.0676917 387.888 0 0
1500 45.2256 45.3537 17.6401 -0.171648 0.705921 387.84 0 0
1500 106.854 33.0121 17.7941 0.799614 0.618019 387.825 0 0
1500 84.3799 6.95103 17.9418 0.426338 0.0948717 388.181 0 0
1500 124.344 -25.6167 17.5509 0.972517 -0.321652 388.338 0 0
1500 40.4026 -31.0419 17.7418 -0.222741 -0.512865 388.303 0 0
1500 73.92 -8.76924 17.611 0.230413 -0.165086 388.35 0 0
1500 139.961 -39.1517 17.828 1.30865 -0.677974 388.636 0 0
1500 46.0855 -1.65657 17.8514 -0.158928 0.0207648 388.72 0 0
1500 80.6308 -14.0944 18.2881 0.474745 -0.20328 388.909 0 0
1500 67.1854 26.4448 19.1342 0.177007 0.561977 388.893 0 0
1500 87.0104 54.2374 17.6647 0.406784 0.815244 389.176 0 0
1500 90.9404 12.347 18.5341 0.616112 0.211612 389.408 0 0
1500 68.4271 -14.5911 17.775 0.21149 -0.186882 389.49 0 0
1500 27.0569 13.9296 17.8497 -0.453223 0.239856 389.441 0 0
1500 28.2638 23.1045 17.7017 -0.476207 0.296805 389.58 0 0
1500 30.967 28.3376 17.7638 -0.431151 0.437583 390.161 0 0
1500 55.3906 91.9 17.6122 -0.107087 1.34002 390.209 0 0
1500 52.8844 -33.9826 17.6711 -0.0229283 -0.550788 390.222 0 0
1500 100.755 26.68 18.3057 0.75189 0.493467 390.215 0 0
1500 114.862 82.1336 17.7015 0.865557 1.26643 390.294 0 0
1500 77.6255 -3.04073 18.8271 0.486009 -0.021297 390.372 0 0
1500 125.238 41.8344 18.2234 1.22906 0.779566 390.78 0 0
1500 109.019 -11.0646 17.8271 0.816085 -0.17641 390.857 0 0
1500 61.212 -57.447 17.6249 0.0225629 -0.805365 390.901 0 0
1500 78.0896 -6.0317 17.9551 0.416176 -0.0762394 391.141 0 0
1500 105.016 -3.07542 18.0253 0.77147 -0.00479222 391.349 0 0
1500 26.1771 27.0613 17.675 -0.455953 0.378716 391.442 0 0
1500 99.4354 -37.0558 18.1981 0.794753 -0.756792 391.437 0 0
1500 88.0388 -16.7014 18.0298 0.531353 -0.284919 391.469 0 0
1500 63.6487 9.34453 17.7588 0.135352 0.201084 391.536 0 0
1500 69.8979 -56.0704 17.7175 0.190774 -0.950488 391.508 0 0
1500 68.5364 -28.4535 17.9514 0.194144 -0.407308 391.574 0 0
1500 44.0622 -13.8867 17.7599 -0.250378 -0.231661 391.722 0 0
1500 73.6121 -14.2282 17.9596 0.256344 -0.230673 391.771 0 0
1500 22.496 -19.396 17.7739 -0.513549 -0.342161 391.741 0 0
1500 83.1906 5.17075 18.817 0.476636 0.100103 391.856 0 0
1500 96.4742 4.38677 18.398 0.692741 0.0330398 391.888 0 0
1500 59.4872 -13.4803 18.3109 0.0404885 -0.181685 391.92 0 0
1500 112.423 21.1433 18.3491 1.10701 0.440132 392.123 0 0
1500 57.4813 -43.7619 17.877 -0.0140815 -0.72523 392.262 0 0
1500 78.9891 -13.1201 18.254 0.387958 -0.254207 392.295 0 0
1500 148.021 -46.8282 17.6931 1.38022 -0.687613 392.396 0 0
1500 106.663 28.5577 17.6957 0.770256 0.393018 392.516 0 0
1500 106.934 27.0662 18.2711 0.915154 0.53128 392.59 0 0
1500 76.0349 -7.35715 18.1321 0.333899 -0.107087 392.712 0 0
1500 102.626 25.0606 17.8203 0.720754 0.386071 392.838 0 0
1500 62.6395 -11.0888 17.9417 0.0321981 -0.158317 392.757 0 0
1500 134.627 -8.03603 17.7382 1.19085 -0.172626 392.894 0 0
1500 61.8576 -9.24808 17.9716 0.0841791 -0.177248 392.965 0 0
1500 87.7024 -4.92555 18.8333 0.607746 -0.104406 393.032 0 0
1500 86.0959 -6.74346 17.9298 0.419015 -0.136722 393.126 0 0
1500 113.163 -32.1939 17.7061 0.8531 -0.467386 393.321 0 0
1500 84.8027 -1.6475 19.3175 0.598961 -0.0739514 393.397 0 0
1500 63.9083 -59.574 17.8013 0.0742232 -0.889444 393.714 0 0
1500 91.786 -27.4264 17.9918 0.528242 -0.45942 393.609 0 0
1500 69.3221 11.5122 18.5632 0.271169 0.186841 393.78 0 0
1500 97.9302 11.2638 18.7576 0.747836 0.244122 393.766 0 0
1500 60.921 -4.97904 17.9172 -0.0314814 -0.07116 393.781 0 0
1500 58.791 -21.9255 17.8479 -0.0270165 -0.310605 393.97 0 0
1500 95.9262 17.6422 18.4471 0.720877 0.251585 394.135 0 0
1500 65.953 16.9428 17.8464 0.146758 0.321037 394.149 0 0
1500 105.241 11.1832 17.9588 0.765464 0.119193 394.282 0 0
1500 63.9832 -43.0667 17.8424 0.151751 -0.676091 394.242 0 0
1500 63.6218 -25.181 17.9665 0.159736 -0.427361 394.289 0 0
1500 56.6739 -20.9878 17.8855 -0.0840142 -0.360616 394.323 0 0
1500 34.7096 56.9858 17.7792 -0.341646 0.979535 394.373 0 0
1500 33.3198 -0.610734 17.9221 -0.45452 0.000452501 394.529 0 0
1500 11.7658 49.8434 17.7666 -0.701158 0.719468 394.615 0 0
1500 67.5527 -82.5749 17.8405 0.156653 -1.33462 394.602 0 0
1500 63.9038 5.10089 18.6599 0.0689464 0.0311247 394.545 0 0
1500 7.37865 -33.8928 17.7131 -0.788585 -0.487515 394.75 0 0
1500 85.1389 14.757 18.598 0.484131 0.280469 394.665 0 0
1500 28.9908 -139.062 17.6877 -0.390741 -2.12165 394.824 0 0
1500 52.3644 23.059 17.9593 -0.0599548 0.409538 395.014 0 0
1500 80.5586 -2.13985 17.8132 0.375727 0.0349147 394.952 0 0
1500 11.4611 46.0059 17.7178 -0.726388 0.646937 395.141 0 0
1500 109.489 -24.437 17.8504 0.79599 -0.402644 395.167 0 0
1500 87.6909 10.3847 17.8611 0.492614 0.21661 395.33 0 0
1500 128.092 1.90627 17.9192 1.1238 0.0151559 395.446 0 0
1500 67.1737 8.90193 17.7952 0.207707 0.174304 395.441 0 0
1500 91.8697 -10.077 17.8186 0.554926 -0.208803 395.515 0 0
1500 109.197 -34.6209 17.8557 0.786516 -0.54358 395.645 0 0
1500 3.6216 -41.2465 17.7251 -0.831161 -0.584566 395.674 0 0
1500 124.267 6.98528 17.7648 1.00835 0.0898155 395.721 0 0
1500 45.6419 48.1759 17.7504 -0.147263 0.772253 395.689 0 0
1500 42.017 -17.4164 17.8438 -0.330128 -0.271935 395.703 0 0
1500 94.5174 -0.598317 17.7505 0.590615 -0.0731428 395.808 0 0
1500 65.8794 4.78644 18.5344 0.226141 0.13676 395.961 0 0
1500 72.7293 -21.0946 17.9914 0.314657 -0.346337 395.879 0 0
1500 64.6734 -61.078 17.8859 0.130697 -1.0696 396.068 0 0
1500 94.8016 -17.3661 17.7948 0.613597 -0.215566 396.162 0 0
1500 86.2457 2.50593 18.3417 0.52267 0.0945892 396.278 0 0
1500 1.84343 -43.9974 17.7381 -0.846387 -0.616126 396.495 0 0
1500 116.841 -8.013 17.8165 0.929524 -0.102387 396.544 0 0
1500 83.3565 -34.4172 17.8309 0.417354 -0.571774 396.573 0 0
1500 23.5918 20.1969 17.8817 -0.567969 0.377428 396.46 0 0
1500 113.925 30.0459 17.8723 0.889226 0.422476 396.833 0 0
1500 48.2441 22.7417 18.0125 -0.148411 0.433666 396.794 0 0
1500 21.8418 -55.3527 17.7079 -0.532404 -0.861719 396.859 0 0
1500 73.1812 -5.85702 18.8091 0.27224 -0.131583 396.943 0 0
1500 50.7208 -14.5287 18.3017 -0.0998489 -0.25164 397.027 0 0
1500 63.6454 13.7831 18.0683 0.144825 0.228195 397.233 0 0
1500 23.8208 5.13428 17.8723 -0.523928 0.141096 397.297 0 0
1500 55.4724 -8.6105 18.4034 0.010064 -0.18403 397.606 0 0
1500 57.3273 4.85769 17.9138 0.012116 0.146933 397.808 0 0
1500 69.7883 16.6777 18.0547 0.248387 0.311813 397.903 0 0
1500 93.6895 38.8433 17.7268 0.497481 0.641276 397.966 0 0
1500 69.4065 0.659684 18.5519 0.272409 -0.0674134 397.995 0 0
1500 75.6147 28.153 18.0046 0.218548 0.499473 397.974 0 0
1500 112.172 -14.6757 17.9523 0.864073 -0.258145 398.164 0 0
1500 41.6584 -1.47988 17.7758 -0.24993 0.0532236 398.21 0 0
1500 93.8137 7.21216 18.2967 0.578112 0.121407 398.322 0 0
1500 45.6245 10.3329 17.9863 -0.196668 0.147627 398.32 0 0
1500 100.073 -57.1816 17.729 0.573169 -0.868064 398.455 0 0
1500 83.7328 13.1097 18.8203 0.558646 0.213404 398.513 0 0
1500 75.7848 -57.0986 17.8236 0.25319 -0.898368 398.484 0 0
1500 19.6039 6.46161 18.0829 -0.634699 0.126846 398.494 0 0
1500 81.634 12.3256 17.9111 0.431763 0.22462 398.639 0 0
1500 62.0214 69.8604 17.7509 0.103069 1.0431 398.897 0 0
1500 125.434 8.55867 17.8101 1.0261 0.1611 398.8 0 0
1500 63.7396 -58.0812 17.8268 0.0880808 -0.918726 398.728 0 0
1500 89.9481 6.51514 17.9107 0.55374 0.137933 398.824 0 0
1500 72.7586 27.0829 17.9109 0.29948 0.443158 398.74 0 0
1500 13.2338 9.58419 18.0076 -0.745314 0.108442 398.731 0 0
1500 58.1103 -4.91248 18.1292 -0.0691771 -0.0633783 398.764 0 0
1500 75.143 60.2604 17.7314 0.221068 0.942659 398.976 0 0
1500 66.2125 -15.8657 17.8411 0.177076 -0.219342 399.143 0 0
1500 86.3894 -2.08342 18.521 0.569716 0.000681957 399.13 0 0
1500 116.092 -29.7933 17.859 0.916471 -0.426922 399.141 0 0
1500 89.1924 28.7704 17.801 0.519196 0.481429 399.247 0 0
1500 21.7175 11.7028 17.8183 -0.60702 0.152007 399.151 0 0
1500 114.215 -50.6643 17.9765 0.945625 -0.862529 399.24 0 0
1500 113.188 -18.8772 17.7827 0.822055 -0.242582 399.636 0 0
1500 82.5973 7.70436 18.582 0.462082 0.0750256 399.453 0 0
1500 76.8533 14.8161 17.9625 0.323798 0.219616 399.552 0 0
1500 39.1684 -62.8523 17.7476 -0.274242 -0.933539 399.513 0 0
1500 82.2969 -8.34518 18.3826 0.50504 -0.127853 399.354 0 0
1500 68.3456 18.109 18.5917 0.249198 0.339045 399.411 0 0
1500 89.749 47.8484 17.9147 0.481586 0.765783 399.738 0 0
1500 66.3112 11.3748 18.578 0.207212 0.231915 399.808 0 0
1500 119.419 35.9952 17.7384 0.852725 0.583148 399.851 0 0
1500 29.1579 -12.5376 17.9321 -0.453616 -0.25124 399.917 0 0
1500 69.5432 -15.5546 17.9394 0.18492 -0.309721 399.996 0 0
1500 81.3639 15.4343 17.7821 0.392848 0.299493 399.87 0 0
1500 44.3768 7.67155 17.8932 -0.246457 0.0613424 400.008 0 0
1500 36.8186 -57.5797 17.7588 -0.304281 -0.854348 400.069 0 0
1500 114.125 2.54011 17.9119 0.894796 0.0775691 400.113 0 0
1500 37.9669 -18.6481 17.9383 -0.290972 -0.355576 400.151 0 0
1500 114.194 30.4956 17.7853 0.889121 0.542921 400.149 0 0
1500 126.538 -1.84629 17.872 1.04725 -0.0266737 400.385 0 0
1500 56.8741 -7.12858 18.4021 0.054792 -0.153283 400.283 0 0
1500 61.5902 -5.87799 18.6732 0.100417 -0.100401 400.376 0 0
1500 29.2443 35.033 17.8147 -0.48198 0.575435 400.397 0 0
1500 72.4473 -30.3414 17.9369 0.22737 -0.529676 400.398 0 0
1500 97.2838 7.09853 17.7799 0.631072 0.171773 400.261 0 0
1500 120.525 -7.69687 17.8616 1.03618 -0.170586 400.436 0 0
1500 105.446 -20.4011 17.9538 0.782008 -0.269236 400.562 0 0
1500 118.305 8.10921 17.9302 0.960712 0.124301 400.571 0 0
1500 67.8402 -56.7217 17.8386 0.112464 -0.894752 400.563 0 0
1500 -77.5859 31.1674 17.7777 -2.12307 0.469744 400.54 0 0
1500 2.28506 -28.1162 17.9199 -0.909424 -0.538375 400.498 0 0
1500 72.672 23.7779 18.1978 0.252288 0.367126 400.686 0 0
1500 79.3244 1.55317 17.9662 0.348808 0.0571141 400.585 0 0
1500 54.452 46.7094 17.7783 -0.0160111 0.765808 400.647 0 0
1500 67.0372 18.4023 18.0881 0.102548 0.28295 400.919 0 0
1500 29.6008 -7.28393 17.8844 -0.487595 -0.14204 400.861 0 0
1500 75.0048 19.9422 18.1457 0.309825 0.283613 400.972 0 0
1500 13.0302 -5.19415 17.8874 -0.712187 -0.132147 400.969 0 0
1500 138.039 16.8331 17.8199 1.3295 0.310516 400.951 0 0
1500 74.072 9.78034 17.8838 0.282885 0.120136 401.004 0 0
1500 97.6809 18.7306 18.0066 0.684256 0.306348 401.024 0 0
1500 88.8123 50.0285 17.8136 0.405883 0.792022 401.067 0 0
1500 107.705 59.2828 17.8036 0.734385 0.949541 401.169 0 0
1500 102.812 3.37899 18.1861 0.844974 0.0271171 401.196 0 0
1500 70.4632 -12.4336 18.1013 0.248037 -0.195996 401.289 0 0
1500 77.0686 -55.7628 17.9216 0.385379 -0.948257 401.326 0 0
1500 94.3773 19.9474 18.1911 0.74021 0.379509 401.368 0 0
1500 71.1523 3.37319 18.1679 0.268767 0.00484293 401.558 0 0
1500 66.8712 -28.4956 17.951 0.0916967 -0.474122 401.583 0 0
1500 61.2144 15.2789 17.8304 0.109494 0.217802 401.631 0 0
1500 103.24 -7.60494 18.0704 0.753648 -0.16725 401.633 0 0
1500 80.7978 -25.4193 18.1922 0.404918 -0.448389 401.682 0 0
1500 113.791 -15.6047 18.3836 1.08704 -0.339348 401.693 0 0
1500 67.7097 -29.1588 18.5327 0.224262 -0.639993 401.666 0 0
1500 63.2202 -12.205 18.8221 0.184483 -0.208965 401.783 0 0
1500 65.2403 67.0169 17.7632 0.074348 1.00004 401.778 0 0
1500 8.58498 -28.6623 17.8854 -0.768842 -0.477337 401.829 0 0
1500 73.6624 31.0906 18.0074 0.230096 0.53439 401.921 0 0
1500 99.4872 20.466 18.3169 0.741279 0.306425 402.197 0 0
1500 112.017 -36.2472 17.807 0.863232 -0.537198 402.286 0 0
1500 111.754 -7.06079 18.0693 0.872076 -0.157909 402.196 0 0
1500 164.06 -38.2821 17.8021 1.6272 -0.530447 401.987 0 0
1500 51.8766 59.4019 17.9264 -0.0626748 0.945337 402.404 0 0
1500 93.4615 8.62251 17.9037 0.579505 0.0611089 402.255 0 0
1500 63.8837 44.5317 17.8519 0.043847 0.740366 402.478 0 0
1500 120.005 8.04547 17.9103 1.08483 0.147128 402.344 0 0
1500 75.9419 8.51802 18.1766 0.337263 0.124887 402.636 0 0
1500 94.3607 52.7919 17.8369 0.594392 0.806548 402.636 0 0
1500 53.1672 7.3259 18.5466 -0.0314524 0.149412 402.619 0 0
1500 39.7712 -13.6953 18.2778 -0.276215 -0.23495 402.64 0 0
1500 96.0846 38.75 18.2406 0.619913 0.704787 402.522 0 0
1500 97.0564 -6.73554 17.8803 0.58845 -0.0532487 402.887 0 0
1500 99.0443 6.98997 17.8776 0.616126 0.131381 402.77 0 0
1500 91.5486 14.3952 17.8821 0.51392 0.230442 402.963 0 0
1500 57.9253 -62.4617 17.8862 0.0532248 -0.976273 402.645 0 0
1500 19.0257 1.57509 18.0117 -0.654856 0.0577615 402.682 0 0
1500 101.186 -48.2261 17.9102 0.716244 -0.867095 402.775 0 0
1500 87.4226 62.0325 17.8098 0.418684 0.951374 403.06 0 0
1500 100.485 1.80611 17.979 0.732983 0.0176156 402.986 0 0
1500 85.3094 -40.3482 17.8993 0.450861 -0.672613 403.018 0 0
1500 38.0749 -64.6947 17.8889 -0.32565 -0.987708 403.35 0 0
1500 86.454 5.26195 18.9164 0.543694 0.0571214 403.406 0 0
1500 64.4349 -21.0022 18.2208 0.0849116 -0.320237 403.516 0 0
1500 124.022 16.0327 17.8123 1.02427 0.222874 403.237 0 0
1500 87.4514 55.7343 17.9262 0.429691 0.886773 403.297 0 0
1500 69.8489 -29.7846 18.4132 0.276492 -0.506642 403.256 0 0
1500 56.3512 -101.258 17.8313 0.00343495 -1.5557 403.486 0 0
1500 58.4273 -56.3078 17.8977 0.0481005 -0.904503 403.535 0 0
1500 78.2291 39.2243 17.949 0.366532 0.648868 403.184 0 0
1500 83.591 2.67007 18.1217 0.463577 0.105046 403.429 0 0
1500 119.379 -6.11003 18.0882 1.16131 -0.130783 403.337 0 0
1500 70.3244 14.4364 18.1428 0.257062 0.221394 403.788 0 0
1500 109.669 -1.44789 17.9471 0.833464 0.0384122 403.566 0 0
1500 106.492 31.0684 18.0946 0.886484 0.558171 403.659 0 0
1500 84.5911 27.7201 17.9802 0.396726 0.41324 403.924 0 0
1500 91.7793 19.8099 18.1178 0.582198 0.360024 403.946 0 0
1500 132.609 -11.231 18.4505 1.47731 -0.223932 403.897 0 0
1500 60.9461 -22.506 17.9931 0.120521 -0.397693 404.109 0 0
1500 46.6467 36.4635 17.7984 -0.25141 0.581699 404.064 0 0
1500 109.669 5.15301 18.3987 0.89587 0.0940437 404.195 0 0
1500 98.384 36.4209 17.8356 0.571659 0.563514 404.253 0 0
1500 101.382 -24.3888 17.9644 0.741313 -0.376985 404.32 0 0
1500 81.8229 13.4768 18.6412 0.441194 0.220356 404.485 0 0
1500 61.1688 -19.6687 17.9153 0.0381268 -0.327835 404.414 0 0
1500 51.1015 -2.03957 17.8368 -0.0901009 -0.107616 404.441 0 0
1500 61.5856 -26.1604 18.4913 0.114596 -0.514295 404.489 0 0
1500 66.9844 -42.462 17.8446 0.214671 -0.663848 404.698 0 0
1500 148.357 81.2597 18.1245 1.61798 1.40048 404.615 0 0
1500 61.0031 -80.0527 17.8504 0.0105226 -1.21765 404.815 0 0
1500 8.49033 -46.357 17.8662 -0.78522 -0.681427 404.864 0 0
1500 72.4943 51.458 17.8501 0.243183 0.759667 404.905 0 0
1500 65.8685 24.5489 18.0029 0.131871 0.378455 404.845 0 0
1500 111.378 -38.6506 17.8983 0.818524 -0.629853 404.858 0 0
1500 107.869 -36.9837 18.722 1.04694 -0.741207 404.967 0 0
1500 54.9797 4.81795 18.17 0.00272806 0.113732 405.193 0 0
1500 94.1679 54.0006 17.8143 0.601224 0.823186 405.167 0 0
1500 116.017 14.4017 17.962 0.94729 0.199539 405.206 0 0
1500 18.0419 -32.4493 17.9021 -0.637172 -0.544531 405.068 0 0
1500 78.1029 -16.0001 18.1044 0.396659 -0.296183 405.238 0 0
1500 50.2613 -33.161 18.0317 -0.10632 -0.579885 405.346 0 0
1500 77.8718 -10.4844 17.8217 0.383295 -0.177278 405.237 0 0
1500 86.5975 -13.0309 17.9919 0.437425 -0.257876 405.666 0 0
1500 86.4872 5.78093 18.2583 0.550755 0.052418 405.473 0 0
1500 57.3724 -35.1996 18.0311 0.00202178 -0.610451 405.399 0 0
1500 66.7796 -37.3344 18.0297 0.144943 -0.641668 405.53 0 0
1500 86.1401 -44.0763 17.8113 0.498908 -0.693897 405.684 0 0
1500 87.3067 39.4166 18.3313 0.546473 0.670606 405.656 0 0
1500 78.9418 -4.94995 18.0296 0.408108 -0.030451 405.649 0 0
1500 -39.9899 -59.8266 17.8014 -1.56788 -0.972318 405.588 0 0
1500 80.324 -29.3413 17.916 0.398965 -0.545465 405.466 0 0
1500 69.29 21.138 17.9912 0.210462 0.332924 405.726 0 0
1500 35.6436 5.86408 17.9407 -0.355116 0.0668519 406.167 0 0
1500 99.7367 -8.86875 18.2531 0.742225 -0.165375 406.093 0 0
1500 46.6819 63.4137 17.7884 -0.243758 0.966881 405.966 0 0
1500 63.5772 -58.4875 17.8445 0.085189 -0.950034 405.843 0 0
1500 98.4897 21.6117 17.8112 0.695076 0.318531 406.115 0 0
1500 71.8614 -40.4311 17.8136 0.286747 -0.637541 405.882 0 0
1500 129.681 -19.9415 17.9396 1.20455 -0.290778 405.97 0 0
1500 134.263 -10.7293 17.9255 1.30441 -0.13382 406.255 0 0
1500 27.2469 73.1447 17.9125 -0.53286 1.16012 406.366 0 0
1500 48.3045 -17.6903 17.9175 -0.169852 -0.346401 406.341 0 0
1500 103.881 24.5149 17.8075 0.773242 0.36096 406.512 0 0
1500 78.8123 17.0211 17.908 0.403319 0.235283 406.463 0 0
1500 42.3541 11.2107 18.0621 -0.288208 0.267036 406.486 0 0
1500 81.6954 42.0206 18.2487 0.430235 0.824769 406.534 0 0
1500 103.731 -24.2391 17.8072 0.770499 -0.383764 406.551 0 0
1500 58.699 -3.17203 18.893 0.0798204 -0.031698 406.618 0 0
1500 21.1121 -46.3682 17.9084 -0.608907 -0.772266 406.589 0 0
1500 83.0274 -0.369691 17.9123 0.474332 -0.00947592 406.645 0 0
1500 40.6483 -37.0004 18.2199 -0.294225 -0.627918 406.664 0 0
1500 84.6356 -55.7176 17.9096 0.511624 -0.948487 406.754 0 0
1500 53.0663 -16.1371 18.2696 -0.149161 -0.277623 406.77 0 0
1500 104.503 -14.7708 17.9433 0.706359 -0.247087 406.813 0 0
1500 100.076 -5.27236 17.9321 0.654469 -0.0870979 406.846 0 0
1500 63.3124 -58.2351 17.8049 0.152574 -0.898819 406.849 0 0
1500 39.2315 -11.6161 18.3454 -0.286854 -0.202435 406.908 0 0
1500 60.5142 -42.7686 17.8367 0.032489 -0.734699 406.944 0 0
1500 46.5647 8.0117 18.2702 -0.250439 0.189152 406.904 0 0
1500 75.7247 -15.0077 19.3306 0.395698 -0.246074 406.985 0 0
1500 124.807 -1.6358 17.8896 1.04732 -0.0207224 406.979 0 0
1500 78.2822 2.21513 17.8335 0.36946 -0.0204887 407.07 0 0
1500 86.5463 48.8022 17.8912 0.409262 0.807646 407.227 0 0
1500 91.3544 5.88122 18.0799 0.612197 0.118318 407.168 0 0
1500 67.1103 16.8994 17.9142 0.224221 0.25107 407.408 0 0
1500 35.6392 -23.6246 17.8411 -0.404532 -0.41295 407.392 0 0
1500 65.9255 -63.4207 17.8121 0.134967 -1.01775 407.482 0 0
1500 96.27 -15.1237 18.8231 0.736028 -0.258062 407.63 0 0
1500 91.0903 -30.7177 17.8283 0.584819 -0.470223 407.619 0 0
1500 100.162 10.8208 17.9462 0.759868 0.24449 407.833 0 0
1500 99.9567 50.4613 17.9881 0.677646 0.795558 408.057 0 0
1500 8.09516 30.2846 17.9076 -0.761188 0.530305 408.012 0 0
1500 101.989 28.3047 18.3213 0.755443 0.479905 408.313 0 0
1500 117.37 27.2095 17.9175 0.928248 0.412993 408.386 0 0
1500 120.029 -23.0771 17.9259 0.973656 -0.35521 408.152 0 0
1500 60.2925 24.7202 18.0481 0.0301604 0.394867 408.174 0 0
1500 100.94 8.23978 17.8421 0.665104 0.138205 408.351 0 0
1500 77.1986 -63.2174 17.8489 0.314991 -0.999193 408.313 0 0
1500 111.853 -36.7908 17.7993 0.872348 -0.56118 408.215 0 0
1500 111.005 -22.9007 17.8901 0.877173 -0.372687 408.299 0 0
1500 105.194 -29.7272 17.8963 0.798285 -0.453164 408.209 0 0
1500 76.4322 -46.6963 17.8335 0.222135 -0.759817 408.165 0 0
1500 64.8323 8.23862 18.0109 0.110458 0.203204 408.308 0 0
1500 33.7574 -15.54 18.0117 -0.461763 -0.318332 408.168 0 0
1500 77.738 -44.3606 18.0048 0.278 -0.729198 408.445 0 0
1500 48.0568 90.7851 17.8925 -0.169945 1.50042 408.421 0 0
1500 67.2086 -21.9522 18.4508 0.165932 -0.341843 408.635 0 0
1500 75.0784 -6.28102 18.2 0.299448 -0.144441 408.708 0 0
1500 67.8074 -7.74438 18.2512 0.191959 -0.168662 409.009 0 0
1500 69.0501 17.5627 17.9837 0.148706 0.304229 408.633 0 0
1500 14.7832 -48.9853 17.8134 -0.669226 -0.780395 408.715 0 0
1500 -5.29979 -15.022 17.8644 -1.00946 -0.216298 408.492 0 0
1500 5.93134 23.3864 17.829 -0.844063 0.305496 408.834 0 0
1500 93.1483 -17.2502 18.0024 0.580017 -0.337605 408.666 0 0
1500 74.6312 -19.0024 17.8602 0.327488 -0.33656 408.789 0 0
1500 117.151 -24.745 17.8967 0.933002 -0.46795 408.575 0 0
1500 92.1286 -41.6433 17.9478 0.584205 -0.726353 408.78 0 0
1500 84.833 -34.5252 18.1413 0.481406 -0.650336 408.778 0 0
1500 87.9255 -8.63577 18.3756 0.61468 -0.211656 408.946 0 0
1500 59.0771 21.975 18.557 0.021096 0.454761 408.781 0 0
1500 2.97449 -30.8816 17.8119 -0.795987 -0.512635 409.233 0 0
1500 117.153 22.0789 18.017 0.951796 0.378706 409.257 0 0
1500 21.3174 -20.7336 18.0271 -0.592133 -0.367127 409.327 0 0
1500 56.2806 -45.947 17.8157 -0.0429597 -0.783124 409.119 0 0
1500 82.5091 -22.563 18.2213 0.424225 -0.440863 409.247 0 0
1500 61.6881 43.4193 18.0063 0.001964 0.746934 409.089 0 0
1500 59.8856 -39.279 18.1424 0.0374212 -0.732964 409.089 0 0
1500 105.42 3.95057 18.5909 0.847679 0.109879 410.04 0 0
1500 91.1982 17.1635 18.0024 0.541862 0.223834 410.179 0 0
1500 74.2432 51.3103 17.8608 0.234592 0.790214 409.526 0 0
1500 46.2064 -0.408977 17.8781 -0.171045 0.061712 409.778 0 0
1500 47.1358 -62.1566 17.8556 -0.124766 -0.959675 410.003 0 0
1500 94.8746 53.7784 17.8049 0.600843 0.763882 410.301 0 0
1500 117.26 28.5784 17.8021 0.93083 0.402783 409.805 0 0
1500 111.89 -36.0826 17.9816 0.877069 -0.566562 409.889 0 0
1500 82.5615 59.5851 17.8909 0.434688 0.92977 409.773 0 0
1500 -3.97671 -3.68063 17.8255 -0.975887 -0.101149 410.036 0 0
1500 -3.8322 3.47979 17.8257 -0.9762 0.00499944 409.866 0 0
1500 68.0798 61.3166 17.8041 0.178504 0.98986 409.666 0 0
1500 129.877 1.3564 17.7942 1.13328 0.0647945 409.908 0 0
1500 27.52 4.62949 17.9879 -0.528095 0.0764706 409.574 0 0
1500 51.334 -30.9922 17.9888 -0.160664 -0.47389 409.506 0 0
1500 87.1456 12.5161 17.9411 0.518492 0.138646 409.541 0 0
1500 101.051 16.6319 17.9333 0.726704 0.200414 410.164 0 0
1500 102.438 35.7326 18.6319 0.857221 0.699387 410.081 0 0
1500 62.0001 11.7246 18.8477 0.0816428 0.223595 409.718 0 0
1500 70.2141 22.7031 18.5994 0.186243 0.413999 409.455 0 0
1500 114.275 24.1936 18.0167 0.935625 0.350938 410.691 0 0
1500 99.2571 13.634 17.9413 0.649509 0.212421 410.511 0 0
1500 104.489 -46.5008 17.9173 0.770644 -0.702934 410.556 0 0
1500 40.4611 56.8894 17.9876 -0.258474 0.925698 410.509 0 0
1500 -0.201895 -25.3371 17.805 -0.892818 -0.455768 410.552 0 0
1500 98.118 -23.6843 18.077 0.650449 -0.43473 410.505 0 0
1500 96.7123 -38.3557 18.5378 0.679147 -0.703239 410.585 0 0
1500 106.131 -25.88 17.827 0.699748 -0.436565 410.796 0 0
1500 109.434 -43.4399 17.818 0.735224 -0.716932 410.837 0 0
1500 81.2687 -61.0805 17.8179 0.313518 -0.980297 410.881 0 0
1500 60.7976 16.2953 18.2952 0.0782759 0.320417 410.888 0 0
1500 108.059 -2.21516 17.8935 0.796734 -0.107184 410.867 0 0
1500 -3.14707 31.3832 17.8567 -1.01579 0.534473 410.876 0 0
1500 99.6022 -24.35 18.4066 0.766789 -0.432122 410.994 0 0
1500 122.137 16.3924 17.9174 1.0238 0.223939 411.044 0 0
1500 62.2874 -9.41495 17.945 0.0247315 -0.181555 411.367 0 0
1500 90.5709 -43.8782 18.0712 0.530888 -0.734221 411.129 0 0
1500 92.1359 -46.7785 17.9326 0.535183 -0.780856 411.291 0 0
1500 60.157 -8.29365 17.859 -0.0423846 -0.14494 411.181 0 0
1500 89.9867 21.6424 17.9499 0.540884 0.424187 411.149 0 0
1500 101.232 13.5528 18.0121 0.663935 0.244785 411.392 0 0
1500 119.598 -17.7621 18.0148 1.00437 -0.269944 411.386 0 0
1500 94.258 -18.8821 17.9521 0.586303 -0.249021 411.446 0 0
1500 99.5312 -42.7573 17.8944 0.668568 -0.637749 411.848 0 0
1500 122.929 2.79135 17.9095 1.03272 -0.00722213 411.48 0 0
1500 121.348 -1.0416 17.9647 1.03129 -0.00548693 411.67 0 0
1500 -0.753951 18.6023 17.9691 -0.936684 0.283721 411.5 0 0
1500 102.366 -42.011 17.9306 0.686102 -0.705424 411.62 0 0
1500 61.3127 4.3798 18.3319 0.0888517 -0.00449223 411.557 0 0
1500 84.7366 -39.3645 17.956 0.500269 -0.611142 411.648 0 0
1500 72.2571 -83.7683 17.8417 0.242929 -1.38278 411.68 0 0
1500 163.36 26.8005 17.8319 1.71421 0.485711 411.75 0 0
1500 92.5338 -41.9268 17.9239 0.543618 -0.766715 411.523 0 0
1500 75.8471 -25.6188 18.5528 0.392758 -0.502942 411.874 0 0
1500 83.9897 -28.8355 17.9231 0.407412 -0.466597 411.975 0 0
1500 109.394 22.5079 18.0818 0.87041 0.368209 411.996 0 0
1500 110.469 14.0517 17.899 0.818742 0.173374 412.381 0 0
1500 58.4158 26.9799 18.0224 0.067179 0.427388 412.119 0 0
1500 45.0954 0.172502 18.0899 -0.188945 -0.0521213 412.124 0 0
1500 67.575 9.68314 17.9532 0.202079 0.102914 412.35 0 0
1500 91.6788 13.4741 17.8241 0.539688 0.176825 412.224 0 0
1500 91.426 -57.1513 17.8555 0.509982 -0.911415 412.307 0 0
1500 100.694 3.79192 17.9669 0.724292 0.113432 412.204 0 0
1500 65.0741 42.1873 17.9673 0.178753 0.701897 412.173 0 0
1500 41.6267 14.6963 18.1342 -0.2794 0.264073 412.339 0 0
1500 65.2166 47.7836 18.0699 0.115708 0.923896 412.031 0 0
1500 117.767 8.59834 17.9245 0.936791 0.107075 412.716 0 0
1500 60.4996 25.916 18.3216 0.0537242 0.411359 412.741 0 0
1500 27.2405 56.1758 17.7969 -0.44394 0.887701 412.516 0 0
1500 97.733 53.3867 17.8665 0.597855 0.860986 412.826 0 0
1500 114.584 -29.0869 17.8696 0.878594 -0.506379 412.415 0 0
1500 56.2791 -48.8685 18.0647 -0.0848986 -0.810563 412.532 0 0
1500 82.3948 -61.1342 17.91 0.42083 -0.937075 412.956 0 0
1500 87.9365 16.9889 18.3082 0.515817 0.278354 413.137 0 0
1500 38.3525 64.6571 17.8043 -0.25067 1.01785 413.156 0 0
1500 104.311 -8.71827 18.3374 0.829023 -0.147481 412.878 0 0
1500 46.9575 13.7971 17.8648 -0.22156 0.274821 412.873 0 0
1500 67.6522 13.3425 18.0069 0.123515 0.247258 413.317 0 0
1500 88.3918 -12.9193 17.9113 0.497898 -0.206316 413.443 0 0
1500 88.6943 -34.5291 17.8732 0.448379 -0.556841 413.32 0 0
1500 149.835 -4.18491 17.8431 1.43959 -0.0540612 413.429 0 0
1500 50.2809 63.3288 17.9674 -0.129795 1.0092 413.293 0 0
1500 5.97677 6.53113 17.8405 -0.812005 0.166749 413.239 0 0
1500 36.3114 29.2396 18.1523 -0.341241 0.501112 413.513 0 0
1500 54.582 31.6562 17.8595 -0.10184 0.550769 413.236 0 0
1500 81.984 -2.46123 18.1419 0.414388 -0.116394 413.347 0 0
1500 74.4418 13.4325 17.9164 0.301296 0.161313 413.811 0 0
1500 48.7135 -12.8052 17.8547 -0.13509 -0.24801 413.672 0 0
1500 51.9148 -30.4645 17.8484 -0.139887 -0.472658 413.675 0 0
1500 18.9953 -13.7661 17.8565 -0.600538 -0.237636 414.266 0 0
1500 119.894 20.8523 17.8096 0.983312 0.34947 413.909 0 0
1500 20.6581 39.9757 17.8379 -0.583526 0.661379 414.102 0 0
1500 0.680135 1.35078 17.8379 -0.879283 0.087567 414.177 0 0
1500 75.023 -62.0419 17.8416 0.288627 -0.993243 414.299 0 0
1500 -3.62565 -1.70545 17.8316 -1.00073 -0.0399831 413.836 0 0
1500 57.1118 63.2699 17.8868 0.0492915 1.00075 414.058 0 0
1500 95.3665 -41.0737 17.8837 0.590915 -0.697709 413.818 0 0
1500 74.0969 -14.8185 18.174 0.343629 -0.282436 413.631 0 0
1500 40.4777 38.8104 17.9812 -0.260123 0.670262 414.217 0 0
1500 83.8211 33.0861 18.1961 0.440012 0.592238 414.147 0 0
1500 107.505 -4.79767 18.066 0.843516 -0.138625 414.218 0 0
1500 54.0325 48.4014 17.9976 -0.121805 0.773105 413.643 0 0
1500 92.2801 -26.8443 18.4875 0.596044 -0.513645 414.088 0 0
1500 50.3381 3.16287 18.497 -0.138761 0.103372 413.947 0 0
1500 110.998 -12.2922 17.9196 0.818117 -0.221409 414.539 0 0
1500 101.115 -48.355 17.8829 0.654836 -0.771923 414.411 0 0
1500 123.985 0.155928 17.8173 1.0045 -0.0718184 414.355 0 0
1500 3.79559 -36.3811 17.8169 -0.802851 -0.620648 414.46 0 0
1500 30.617 -23.534 17.8445 -0.407416 -0.435222 414.529 0 0
1500 111.158 -10.6904 17.8864 0.891943 -0.238905 414.548 0 0
1500 103.343 33.5935 17.9118 0.771751 0.634723 414.582 0 0
1500 64.8328 -0.445946 18.5889 0.174083 -0.0718237 414.62 0 0
1500 70.9104 7.80361 18.8217 0.334837 0.147526 415.101 0 0
1500 70.22 2.11662 18.5789 0.269598 -0.0361048 415.033 0 0
1500 88.5233 -12.507 18.0389 0.516919 -0.181976 415.364 0 0
1500 66.5231 14.9976 17.9161 0.143691 0.276287 415.663 0 0
1500 101.23 -8.30908 17.903 0.679556 -0.149359 415.069 0 0
1500 51.2754 -43.1989 17.8205 -0.110418 -0.681572 414.765 0 0
1500 71.1957 -17.5708 17.8304 0.169853 -0.31508 415.547 0 0
1500 74.3365 -30.0226 17.9313 0.292238 -0.466332 415.628 0 0
1500 93.832 -36.3941 17.9217 0.572152 -0.562338 414.767 0 0
1500 94.8469 -32.6077 17.9229 0.585523 -0.507785 414.889 0 0
1500 85.364 -19.2049 18.0683 0.435374 -0.335477 415.594 0 0
1500 84.9737 -37.1581 17.8883 0.395998 -0.595497 415.418 0 0
1500 80.6521 62.6317 17.9506 0.339855 0.990178 416.066 0 0
1500 75.6256 44.5579 17.8835 0.334267 0.701697 414.948 0 0
1500 117.427 -28.7017 17.877 0.907693 -0.499867 415.136 0 0
1500 116.569 -16.1016 17.8928 0.918687 -0.313007 414.612 0 0
1500 69.4117 56.0707 17.936 0.24379 0.896856 414.921 0 0
1500 64.5116 66.3853 17.8378 0.0501664 1.04298 416.162 0 0
1500 88.3168 59.9907 17.8383 0.405675 0.951938 415.879 0 0
1500 24.8442 -48.4346 17.9078 -0.493387 -0.80725 415.116 0 0
1500 11.8754 -24.7594 17.8361 -0.678142 -0.443794 416.026 0 0
1500 30.907 -40.4084 17.8371 -0.395875 -0.680701 415.706 0 0
1500 14.779 -26.3055 17.8369 -0.637412 -0.468807 415.75 0 0
1500 80.0108 -45.3605 18.1283 0.389585 -0.755951 415.563 0 0
1500 54.9867 -36.4954 18.1545 -0.0754358 -0.582934 415.153 0 0
1500 28.0286 -9.91057 17.9678 -0.513515 -0.175781 415.428 0 0
1500 50.2576 49.1186 17.8609 -0.173471 0.802509 415.704 0 0
1500 3.53364 -2.0446 17.8578 -0.885048 0.0183204 416.034 0 0
1500 92.7894 -20.7883 18.0214 0.547447 -0.394343 415.83 0 0
1500 70.3223 -13.4962 18.2569 0.193722 -0.263947 416.077 0 0
1500 15.154 -7.68518 18.0091 -0.701859 -0.149223 416.172 0 0
1500 140.726 -18.6141 17.8488 1.34404 -0.238031 415.522 0 0
1500 92.8206 41.6645 18.1106 0.653993 0.679975 416.105 0 0
1500 53.2282 -23.5154 18.1 -0.13666 -0.465142 414.78 0 0
1500 50.765 -28.3903 18.1591 -0.0540313 -0.551717 416.07 0 0
1500 67.8377 -18.611 18.7487 0.183772 -0.380565 415.045 0 0
1500 69.8457 -33.7113 18.0848 0.202933 -0.537925 416.503 0 0
1500 96.6179 -8.87603 18.0952 0.632703 -0.0943796 416.916 0 0
1500 100.712 -32.1434 17.9147 0.68252 -0.486002 416.414 0 0
1500 37.9571 32.3084 17.8492 -0.313618 0.525771 416.883 0 0
1500 65.2498 66.9715 17.838 0.0603903 1.03883 416.995 0 0
1500 58.5005 67.1492 17.8378 -0.0387662 1.04338 416.868 0 0
1500 44.3673 -49.199 17.8353 -0.191814 -0.803697 416.443 0 0
1500 103.477 -28.6745 18.0131 0.702735 -0.509045 416.61 0 0
1500 53.7358 60.52 17.8911 -0.0791578 0.981819 417.147 0 0
1500 57.5987 56.0655 17.8384 0.0498738 0.909492 416.199 0 0
1500 65.7333 -57.1031 17.961 0.18716 -0.915024 417.087 0 0
1500 67.1884 -31.7379 18.1582 0.171082 -0.559528 416.381 0 0
1500 61.6312 -49.6579 18.1488 0.0852397 -0.822611 417.201 0 0
1500 84.0194 -4.07479 18.0772 0.457597 0.00981593 416.406 0 0
1500 60.4927 -10.3902 17.9852 0.0969395 -0.228185 416.299 0 0
1500 48.7812 -17.674 17.8834 -0.146109 -0.353385 416.801 0 0
1500 243.892 34.1654 17.8683 2.99236 0.622629 416.675 0 0
1500 96.3729 -27.3871 18.1898 0.680322 -0.516389 416.428 0 0
1500 33.1659 84.6271 17.9878 -0.382598 1.44796 416.396 0 0
1500 104.895 3.54846 18.0334 0.822676 0.117415 417.068 0 0
1500 49.0314 -24.3987 18.6203 -0.147189 -0.430169 416.613 0 0
1500 88.3042 -9.69376 18.6165 0.57138 -0.142222 418.412 0 0
1500 68.4433 -4.48294 18.6408 0.28789 -0.102848 419.119 0 0
1500 59.2146 -23.2402 17.9533 -0.0352631 -0.34893 417.314 0 0
1500 78.744 -13.0644 18.1456 0.30346 -0.246503 418.456 0 0
1500 90.8965 -8.22084 17.906 0.517683 -0.165696 418.613 0 0
1500 79.5771 -49.0242 17.8949 0.364151 -0.748814 417.587 0 0
1500 62.6556 -32.5116 18.1641 0.0936796 -0.518187 419.925 0 0
1500 48.7763 -59.9586 17.8548 -0.125729 -0.923528 418.018 0 0
1500 69.412 11.0174 17.8589 0.230206 0.152297 419.409 0 0
1500 47.2468 -43.1431 17.8937 -0.129861 -0.677934 418.792 0 0
1500 84.1834 -58.41 17.8155 0.386388 -0.907436 418.126 0 0
1500 -28.1899 -7.5588 17.8249 -1.33629 -0.123763 418.203 0 0
1500 34.0179 61.6542 17.85 -0.402879 0.948766 418.857 0 0
1500 7.93173 53.1234 17.7945 -0.769014 0.835278 419.46 0 0
1500 98.704 -26.3222 18.4833 0.740462 -0.438411 418.695 0 0
1500 118.297 -21.9039 17.9155 0.958946 -0.333035 419.737 0 0
1500 69.9609 51.8845 18.1158 0.20257 0.853676 417.465 0 0
1500 112.58 27.2969 17.9174 0.912022 0.402548 417.649 0 0
1500 105.314 -9.79838 18.1642 0.821084 -0.184468 418.124 0 0
1500 68.1322 17.4834 18.3733 0.255713 0.333898 418.057 0 0
1500 55.3028 59.0811 17.9866 -0.0672741 0.946371 418.613 0 0
1500 6.87801 -74.0816 17.853 -0.833492 -1.17485 417.912 0 0
1500 92.8638 -6.0035 18.0489 0.579337 -0.167007 417.589 0 0
1500 114.853 -0.151869 17.9548 0.946851 -0.0188381 419.003 0 0
1500 107.198 -37.2167 17.8608 0.740107 -0.636701 418.968 0 0
1500 88.7834 -25.9468 18.0968 0.577014 -0.414306 418.576 0 0
1500 -3.07593 12.5815 17.9642 -0.970024 0.198854 419.767 0 0
1500 8.01992 39.2735 17.9075 -0.75603 0.660943 419.802 0 0
1500 82.0419 40.2079 17.9187 0.36075 0.690216 418.325 0 0
1500 30.8767 -51.4662 17.8265 -0.488635 -0.790391 418.802 0 0
1500 94.1991 -32.8895 18.2272 0.586635 -0.568168 419.846 0 0
1500 53.304 14.5656 17.965 -0.115164 0.278491 417.802 0 0
1500 52.7201 57.5179 17.9436 -0.120727 0.919593 419.676 0 0
1500 58.0072 54.8745 17.9159 0.01289 0.907933 419.658 0 0
1500 64.5975 33.6039 17.9286 0.114927 0.596284 418.452 0 0
1500 80.1188 -27.4393 17.8788 0.286819 -0.473812 418.166 0 0
1500 31.7871 25.7275 17.8249 -0.460861 0.456793 418.412 0 0
1500 62.7941 -39.8655 17.8427 0.0048938 -0.652028 418.991 0 0
1500 11.8726 -26.8584 17.8323 -0.772382 -0.443773 419.969 0 0
1500 89.8356 31.1852 17.9519 0.492367 0.553739 419.816 0 0
1500 49.6173 -30.8977 18.1401 -0.101007 -0.57054 419.161 0 0
1500 88.2267 70.5037 17.8724 0.553179 1.15519 419.401 0 0
1500 93.5854 -36.346 17.9639 0.554095 -0.680257 417.657 0 0
1500 50.4897 47.1095 18.026 -0.194132 0.75811 418.853 0 0
1500 97.205 23.3112 18.0361 0.611863 0.450509 419.794 0 0
1500 24.5279 17.5467 18.1544 -0.588509 0.362795 419.532 0 0
1500 139.098 53.2585 18.4905 1.56752 0.960109 417.472 0 0
1500 39.346 -9.13971 18.403 -0.33189 -0.248252 419.253 0 0
1500 76.0782 -37.4398 18.2026 0.383956 -0.745532 419.944 0 0
1500 50.1596 -25.1077 18.2743 -0.103189 -0.39323 420.155 0 0
1500 68.5119 -26.7315 18.2375 0.147316 -0.4194 420.49 0 0
1500 80.8622 -62.8141 17.8045 0.397694 -0.957612 420.487 0 0
1500 95.7271 53.9597 17.9058 0.553609 0.874375 420.303 0 0
1500 101.095 46.2872 17.9104 0.657271 0.767193 420.562 0 0
1500 22.4187 -46.0169 17.8292 -0.607604 -0.73159 420.38 0 0
1500 79.6823 -26.7257 18.1426 0.423083 -0.463188 420.559 0 0
1500 63.3264 -24.6527 18.2362 0.105711 -0.44672 420.561 0 0
1500 94.6628 -16.8745 18.4264 0.646027 -0.335494 420.612 0 0
1500 115.812 -10.7799 17.8514 0.876782 -0.176204 420.981 0 0
1500 90.7229 -20.4756 18.0362 0.537506 -0.32752 421.712 0 0
1500 103.7 3.56738 18.0623 0.736423 0.0318487 422.109 0 0
1500 93.9626 -14.7711 19.0542 0.72771 -0.263164 421.369 0 0
1500 113.891 9.46337 17.8285 0.870892 0.15162 422.002 0 0
1500 79.6858 -18.0562 18.9254 0.51927 -0.306707 421.139 0 0
1500 11.8678 -48.2328 17.8578 -0.676198 -0.777499 421.135 0 0
1500 65.7755 65.8781 17.8671 0.0924868 1.04324 420.733 0 0
1500 -7.47453 -93.1905 17.8132 -1.00921 -1.47007 420.779 0 0
1500 60.9076 11.1438 18.4657 0.0729704 0.220959 421.048 0 0
1500 73.8461 11.2924 18.6386 0.302207 0.231091 422.36 0 0
1500 99.2128 -14.8153 18.3242 0.683509 -0.29715 422.08 0 0
1500 74.5017 49.9438 18.0832 0.311035 0.821731 421.986 0 0
1500 110.036 20.6339 17.8152 0.838777 0.373559 421.29 0 0
1500 16.8595 -2.02708 17.9369 -0.662517 0.0333806 420.708 0 0
1500 50.8297 0.74816 18.2262 -0.126954 0.0469344 421.231 0 0
1500 47.8536 8.88889 18.2251 -0.172435 0.17167 421.302 0 0
1500 75.781 -51.2616 17.8942 0.228008 -0.837607 422.037 0 0
1500 72.3264 25.2494 18.2703 0.21423 0.429183 422.311 0 0
1500 93.9415 10.8399 17.8616 0.626915 0.130405 421.341 0 0
1500 116.682 31.0726 18.0659 0.968544 0.560641 420.929 0 0
1500 61.61 3.24375 18.0084 0.0530788 -0.0233854 421.68 0 0
1500 67.5142 2.20224 18.0238 0.175321 -0.0433179 421.798 0 0
1500 102.052 -77.5739 18.3241 0.812395 -1.4138 422.29 0 0
1500 64.8143 17.4636 18.4658 0.0905383 0.266612 422.024 0 0
1500 84.279 22.6468 18.2998 0.461255 0.510427 420.644 0 0
1500 68.483 -3.22319 18.033 0.158215 -0.113186 422.821 0 0
1500 54.1273 10.6676 18.0629 -0.0497669 0.212849 423.054 0 0
1500 87.4664 10.4609 18.2601 0.524242 0.157748 423.463 0 0
1500 57.3599 20.7878 18.1336 0.0120375 0.354285 423.448 0 0
1500 89.716 6.01987 18.0634 0.511206 0.124913 424.736 0 0
1500 101.295 -0.75896 18.2353 0.713501 0.0173147 423.999 0 0
1500 89.8441 -12.2647 17.8422 0.516263 -0.156977 423.325 0 0
1500 66.4574 -31.426 18.0512 0.158013 -0.505163 424.28 0 0
1500 92.5217 -22.3065 18.2113 0.582391 -0.348121 424.675 0 0
1500 76.7831 -50.045 17.8683 0.265499 -0.783951 422.883 0 0
1500 86.1486 -26.2258 18.043 0.482789 -0.391884 424.546 0 0
1500 59.8246 34.2766 17.9273 0.0186792 0.548295 424.404 0 0
1500 41.855 19.7252 17.9309 -0.232229 0.343046 424.682 0 0
1500 62.1545 62.8422 17.912 0.072097 0.978763 423.026 0 0
1500 104.641 19.1835 17.9735 0.752302 0.292651 423.808 0 0
1500 82.1221 -17.6892 17.9852 0.423557 -0.229393 425.042 0 0
1500 30.4139 52.5186 17.8127 -0.447847 0.810298 423.351 0 0
1500 -2.0925 -18.5416 17.8275 -0.936177 -0.300968 423.423 0 0
1500 107.897 39.2813 17.8759 0.799822 0.578481 423.686 0 0
1500 108.382 -41.4519 17.8431 0.796978 -0.649833 423.561 0 0
1500 123.143 2.29606 17.9347 1.03911 0.076733 422.766 0 0
1500 116.491 17.4588 17.9394 0.912749 0.292217 424.831 0 0
1500 111.66 28.0039 18.0776 0.860121 0.485349 422.8 0 0
1500 54.3534 66.927 17.9186 -0.0811171 1.04413 423.891 0 0
1500 106.111 45.2093 17.919 0.74666 0.728 424.494 0 0
1500 110.985 38.6253 17.9199 0.813425 0.628166 424.876 0 0
1500 91.6491 18.5597 18.4642 0.56917 0.349925 423.497 0 0
1500 100.661 -4.38588 18.1066 0.742898 -0.114169 422.632 0 0
1500 116.882 27.7485 17.8438 0.949716 0.379281 423.547 0 0
1500 66.0198 -25.5281 18.4633 0.20734 -0.458851 423.451 0 0
1500 102.928 1.50722 17.9826 0.764022 0.0724512 422.814 0 0
1500 76.3026 33.9719 17.9863 0.359141 0.57107 422.494 0 0
1500 86.8941 -6.49248 18.23 0.53022 -0.0334246 423.326 0 0
1500 86.9699 -8.03002 18.9427 0.560553 -0.192591 424.247 0 0
1500 34.2767 53.9256 17.9377 -0.341249 0.888147 423.859 0 0
1500 113.495 24.1854 17.9226 0.916787 0.383825 424.347 0 0
1500 116.946 -14.9042 17.9144 0.932441 -0.29115 424.156 0 0
1500 79.7305 -35.1652 18.0073 0.418019 -0.581467 423.123 0 0
1500 83.7543 -21.6938 18.0166 0.407193 -0.409668 422.915 0 0
1500 51.1692 -29.3278 18.1646 -0.0823348 -0.521525 423.645 0 0
1500 88.5534 55.4279 17.7953 0.474525 0.904917 424.839 0 0
1500 55.9022 58.3729 17.7988 -0.0160061 0.959241 424.138 0 0
1500 115.59 32.1979 17.7944 0.876646 0.553567 425.137 0 0
1500 44.0889 24.351 18.2967 -0.215644 0.408862 424.351 0 0
1500 62.167 38.5041 17.933 0.0803127 0.669686 423.559 0 0
1500 94.0737 19.1599 17.8198 0.608205 0.353099 423.373 0 0
1500 96.0375 19.1949 18.1926 0.649987 0.360445 425.021 0 0
1500 110.345 12.5464 17.9662 0.884968 0.197017 425.096 0 0
1500 0.512514 -1.62873 17.8603 -0.911759 0.038887 424.911 0 0
1500 79.6565 4.89125 17.8805 0.299606 0.141776 423.173 0 0
1500 51.5243 -1.026 18.2839 -0.113436 0.00614948 424.916 0 0
1500 53.0016 26.7957 18.0175 -0.124416 0.474418 422.865 0 0
1500 64.6857 -4.66464 18.1531 0.0940686 -0.0110812 422.495 0 0
1500 94.5886 -31.3005 17.8896 0.656866 -0.52764 423.167 0 0
1500 67.262 8.7876 17.8668 0.165858 0.213438 424.229 0 0
1500 59.8983 -3.75393 17.9378 -0.0287144 -0.0178081 423.592 0 0
1500 133.738 29.3887 18.1154 1.34893 0.440254 422.909 0 0
1500 108.301 84.6606 17.879 0.88611 1.42852 424.518 0 0
1500 55.9439 -42.9654 18.5528 0.0132384 -0.792017 424.053 0 0
1500 144.806 -21.1918 18.0804 1.5581 -0.375403 423.92 0 0
1500 48.9307 -28.0471 18.3324 -0.197829 -0.464692 423.028 0 0
1500 124.234 50.4374 18.1039 1.21551 0.829966 424.959 0 0
1500 71.6325 -46.5684 18.6172 0.325115 -0.914054 423.465 0 0
1500 71.678 -12.1283 18.4395 0.195031 -0.273716 423.078 0 0
1500 61.0937 13.1836 18.2527 0.13134 0.236082 426.922 0 0
1500 73.2608 32.035 18.0431 0.241067 0.516061 425.716 0 0
1500 79.1504 -0.249172 18.3633 0.416054 0.0190009 427.524 0 0
1500 58.6512 41.5778 17.9553 0.0132815 0.653587 425.748 0 0
1500 50.4 -46.3287 17.8591 -0.147057 -0.713632 425.704 0 0
1500 66.4943 -3.34976 17.964 0.188259 -0.00640482 427.223 0 0
1500 85.7691 36.1228 17.9349 0.432891 0.573662 427.043 0 0
1500 108.738 36.0222 17.9232 0.772265 0.583889 425.629 0 0
1500 83.651 -2.75519 18.1167 0.441807 -0.0815011 429.032 0 0
1500 87.0272 -7.19683 17.9926 0.475554 -0.0551884 429.096 0 0
1500 89.7956 29.788 17.8663 0.518223 0.447082 428.322 0 0
1500 88.1939 15.9296 17.8709 0.492907 0.249857 428.706 0 0
1500 90.7172 -6.14632 18.4411 0.574844 -0.148852 428.358 0 0
1500 97.3006 -10.6944 18.2288 0.659403 -0.167438 429.778 0 0
1500 64.3537 -4.12512 17.9494 0.166735 -0.0376786 429.634 0 0
1500 123.397 1.27464 17.9196 1.04719 0.0396161 425.497 0 0
1500 63.3829 -66.3562 17.9105 0.123625 -1.03861 425.849 0 0
1500 65.4275 -58.0918 17.9181 0.149755 -0.894336 427.606 0 0
1500 19.5706 -54.465 17.8564 -0.625858 -0.840363 425.507 0 0
1500 55.1416 -17.3154 18.0232 -0.0297591 -0.308428 430.054 0 0
1500 72.7982 -33.5296 18.0166 0.216539 -0.536991 429.545 0 0
1500 53.4886 -4.95141 18.0253 -0.0525672 -0.13675 430.2 0 0
1500 61.9403 3.20113 17.861 0.125597 0.0420426 429.604 0 0
1500 117.769 17.4703 17.8239 0.906395 0.3104 427.291 0 0
1500 127.329 -4.87249 17.7947 1.03246 -0.000670844 426.412 0 0
1500 104.585 11.7163 17.8102 0.676209 0.234872 428.687 0 0
1500 97.9494 52.4996 17.7946 0.601882 0.841704 426.36 0 0
1500 67.7762 37.8568 17.8138 0.152941 0.60337 428.995 0 0
1500 149.762 -69.1238 17.8051 1.36206 -1.05095 427.788 0 0
1500 50.0806 -55.1356 17.8299 -0.115251 -0.861169 428.142 0 0
1500 104.052 -48.975 17.8203 0.679285 -0.798357 425.919 0 0
1500 96.5725 45.9531 17.9366 0.605494 0.759103 425.409 0 0
1500 44.7208 -0.792693 18.2015 -0.181558 0.0432102 431.647 0 0
1500 93.5369 -2.97943 17.8253 0.546138 0.00954746 429.734 0 0
1500 96.1386 -5.20407 18.3498 0.654671 -0.0568829 431.584 0 0
1500 109.745 0.595693 18.3392 0.905908 0.0246661 426.449 0 0
1500 97.5931 -7.53867 17.9774 0.642059 -0.0989993 430.253 0 0
1500 120.882 13.8728 17.9101 0.996485 0.202375 427.909 0 0
1500 80.0023 -17.5464 18.3208 0.414674 -0.252395 433.493 0 0
1500 75.5425 -38.7909 17.8139 0.298837 -0.59526 429.831 0 0
1500 106.576 -34.1967 17.7998 0.789852 -0.567207 425.224 0 0
1500 128.909 -27.361 17.8288 1.14032 -0.408516 425.995 0 0
1500 109.374 8.95328 18.1934 0.881452 0.096707 426.409 0 0
1500 72.4822 -31.1568 17.8625 0.227736 -0.504999 430.794 0 0
1500 81.7443 39.9474 17.854 0.355473 0.634934 430.882 0 0
1500 121.846 -17.7 17.932 1.01963 -0.236337 428.543 0 0
1500 70.4764 23.9311 18.4469 0.23151 0.42558 426.814 0 0
1500 75.292 8.15733 18.1572 0.277591 0.181164 433.025 0 0
1500 86.0008 25.6001 18.0191 0.443699 0.420624 431.975 0 0
1500 99.8662 46.6001 18.0007 0.67775 0.759229 427.724 0 0
1500 59.1144 35.0068 18.0191 0.0746723 0.606859 425.518 0 0
1500 57.7324 -57.7809 17.8342 -0.0231161 -0.949484 426.413 0 0
1500 25.7205 -48.0821 17.8342 -0.50858 -0.802375 426.415 0 0
1500 84.0266 -60.8729 17.8289 0.368341 -0.976991 427.722 0 0
1500 61.261 39.328 17.8975 0.0745158 0.620394 431.628 0 0
1500 91.8953 8.81454 17.9408 0.513596 0.206167 427.524 0 0
1500 84.3388 44.0805 17.9178 0.416245 0.747609 426.383 0 0
1500 37.1712 63.45 17.9076 -0.291811 1.00648 428.744 0 0
1500 53.8971 -65.5291 17.885 -0.0525685 -1.04435 428.631 0 0
1500 39.5605 -41.7453 17.8991 -0.274495 -0.717366 426.259 0 0
1500 68.2447 -43.0904 17.9356 0.21683 -0.721339 426.395 0 0
1500 100.84 -16.662 17.9471 0.687981 -0.240107 432.061 0 0
1500 57.7833 18.4192 17.9306 -0.0459782 0.343181 425.448 0 0
1500 23.8342 24.3369 17.9198 -0.567483 0.429995 426.241 0 0
1500 22.5365 49.3353 17.907 -0.574395 0.796333 427.718 0 0
1500 106.384 -5.73923 17.8098 0.710531 -0.147241 431.957 0 0
1500 105.647 -19.9649 17.8046 0.756351 -0.377406 426.718 0 0
1500 32.9283 -20.9377 17.8179 -0.329728 -0.359661 432.637 0 0
1500 121.976 -21.936 17.7938 0.971547 -0.39332 429.093 0 0
1500 44.7658 -64.9175 17.7945 -0.170342 -1.02133 429.651 0 0
1500 10.4807 -18.7194 17.807 -0.706792 -0.359614 426.478 0 0
1500 91.0802 -13.9978 18.4629 0.639948 -0.24937 428.622 0 0
1500 86.1652 -46.496 18.0685 0.497306 -0.761046 428.152 0 0
1500 92.9265 -35.0437 17.8425 0.486582 -0.567819 432.099 0 0
1500 80.4266 59.8864 17.8659 0.344369 0.934481 431.224 0 0
1500 105.957 -2.38849 17.8912 0.756885 -0.0364795 432.55 0 0
1500 66.1276 18.5102 18.2278 0.132763 0.318458 434.664 0 0
1500 53.761 30.0185 18.0614 -0.0856483 0.519969 427.288 0 0
1500 33.4429 -38.4839 17.9131 -0.410252 -0.65274 427.485 0 0
1500 76.746 -29.4627 17.929 0.314984 -0.469362 433.608 0 0
1500 29.3935 -9.66584 17.9548 -0.448364 -0.103481 433.98 0 0
1500 87.3213 -59.4214 17.8586 0.494145 -0.924489 430.076 0 0
1500 62.2571 34.5318 18.0279 0.0438348 0.539594 434.138 0 0
1500 112.641 31.5153 17.8211 0.833153 0.569195 426.305 0 0
1500 62.0364 -3.15826 18.6293 0.0936402 -0.0265772 429.078 0 0
1500 87.7802 -31.9699 18.0896 0.523665 -0.504599 431.576 0 0
1500 96.0795 -1.22868 18.0748 0.648301 -0.0868954 427.905 0 0
1500 103.66 39.1078 17.9255 0.766039 0.61999 429.114 0 0
1500 109.997 -40.7765 17.8185 0.832006 -0.629888 430.51 0 0
1500 8.15067 -37.3821 17.8415 -0.823044 -0.610744 428.286 0 0
1500 64.4802 10.0357 17.8585 0.106028 0.208448 434.317 0 0
1500 61.5402 40.8978 18.0902 0.105856 0.696963 428.617 0 0
1500 111.237 -29.3058 17.8461 0.880866 -0.435542 429.327 0 0
1500 93.7881 23.0042 17.8123 0.511255 0.419779 428.745 0 0
1500 73.2923 49.9914 17.8694 0.296309 0.812737 428.814 0 0
1500 117.769 6.51626 17.8637 0.963983 0.147371 429.579 0 0
1500 96.7048 13.9693 17.9077 0.696449 0.190217 425.765 0 0
1500 38.9927 67.0717 17.8582 -0.268123 1.1464 425.642 0 0
1500 67.7077 43.726 17.8465 0.170237 0.660277 435.916 0 0
1500 43.0817 -27.3566 17.879 -0.297653 -0.457241 427.894 0 0
1500 56.4442 -57.6729 17.864 -0.0882562 -0.908506 429.276 0 0
1500 24.4715 -52.0777 17.8597 -0.568496 -0.815105 429.949 0 0
1500 62.4822 -62.6877 17.8606 0.00350783 -0.977261 429.78 0 0
1500 49.8479 -33.0657 17.878 -0.19236 -0.545263 427.968 0 0
1500 88.5515 12.6907 18.5246 0.59901 0.242324 430.646 0 0
1500 66.1438 60.9197 17.8682 0.123088 0.95038 432.907 0 0
1500 76.4911 -3.82101 17.9744 0.296254 -0.118334 435.541 0 0
1500 43.8819 -45.7251 18.0405 -0.247711 -0.741424 429.45 0 0
1500 74.5908 -21.5258 18.0521 0.222408 -0.378685 428.533 0 0
1500 74.8835 18.1376 17.8442 0.335507 0.251323 426.578 0 0
1500 93.2691 24.397 18.0953 0.548627 0.405918 435.56 0 0
1500 39.0029 -28.7166 17.9453 -0.347839 -0.406514 428.611 0 0
1500 5.81461 1.34168 17.9331 -0.847701 0.0576776 429.655 0 0
1500 124.125 -5.68379 18.0221 1.15356 -0.136605 425.933 0 0
1500 29.7062 -8.79338 17.9117 -0.437107 -0.219756 426.707 0 0
1500 72.1304 -22.0003 17.9103 0.291201 -0.386966 428.544 0 0
1500 65.8414 -41.6389 17.905 0.175483 -0.62748 435.162 0 0
1500 84.4476 -8.35834 18.4436 0.4877 -0.0730717 437.647 0 0
1500 72.9155 -53.446 18.0687 0.240295 -0.876817 430.783 0 0
1500 91.6096 4.70499 18.5501 0.647712 0.122191 431.554 0 0
1500 89.2192 9.01078 18.5526 0.558962 0.170038 437.954 0 0
1500 -29.2793 29.2616 17.8435 -1.39178 0.524616 428.628 0 0
1500 118.599 2.63291 17.8176 0.945495 0.0354814 433.633 0 0
1500 84.7823 -28.131 18.1374 0.516289 -0.459615 430.172 0 0
1500 73.8298 -14.8154 17.8755 0.294194 -0.202503 435.97 0 0
1500 112.034 -39.5446 17.8484 0.873632 -0.578226 432.268 0 0
1500 118.585 23.2081 17.8488 0.979341 0.350412 431.637 0 0
1500 81.2268 -38.4128 18.0574 0.441486 -0.632384 430.323 0 0
1500 117.802 -39.152 18.0793 1.05843 -0.699512 425.657 0 0
1500 99.8312 0.0668043 17.8227 0.668541 0.0724896 429.799 0 0
1500 92.8026 10.905 17.8148 0.597298 0.120288 428.987 0 0
1500 22.5357 38.6591 17.9145 -0.570626 0.652185 430.376 0 0
1500 88.5861 56.2415 17.8721 0.439794 0.963901 427.211 0 0
1500 44.4713 59.5265 17.8312 -0.18827 0.930912 434.104 0 0
1500 34.9687 17.4363 17.881 -0.368139 0.294044 436.229 0 0
1500 19.2869 21.444 17.8714 -0.645453 0.38448 429.87 0 0
1500 0.279551 21.6869 17.8596 -0.917415 0.379732 431.322 0 0
1500 15.3288 17.3322 17.8704 -0.705366 0.320763 429.961 0 0
1500 128.212 -9.04579 17.7924 1.0391 -0.209177 432.068 0 0
1500 165.635 -10.33 17.8455 1.69868 -0.112021 430.782 0 0
1500 48.5183 -13.6032 18.6053 -0.101912 -0.246396 431.678 0 0
1500 135.771 4.31365 17.8905 1.3405 0.123015 425.705 0 0
1500 110.281 36.8021 17.8806 0.824842 0.613681 432.068 0 0
1500 86.6652 42.4994 18.1009 0.515262 0.698321 431.457 0 0
1500 -9.66543 -72.8511 17.8797 -1.08267 -1.26128 426.704 0 0
1500 61.2811 67.1507 17.8926 0.00784715 1.1768 426.016 0 0
1500 7.10704 -19.1433 17.8536 -0.836652 -0.33205 431.015 0 0
1500 41.4322 1.13274 17.8733 -0.322051 -0.0238408 429.346 0 0
1500 83.8451 -4.23189 17.9037 0.435318 -0.0851199 436.733 0 0
1500 80.8007 78.6357 18.1759 0.431065 1.36661 426.543 0 0
1500 117.502 -4.33736 17.813 0.887188 -0.125212 435.192 0 0
1500 26.5962 -19.8854 17.9026 -0.536221 -0.256705 430.413 0 0
1500 90.6855 23.3353 17.8759 0.522073 0.436537 430.68 0 0
1500 106.957 31.6091 17.8668 0.716832 0.52307 435.785 0 0
1500 82.7795 13.1432 18.4034 0.422012 0.245676 439.408 0 0
1500 77.1929 -37.2926 17.8653 0.278845 -0.591901 437.575 0 0
1500 29.9706 -28.9363 17.8592 -0.50572 -0.465321 430.997 0 0
1500 54.5742 23.5189 17.8249 -0.0700812 0.444499 430.342 0 0
1500 27.7723 51.7788 17.8402 -0.478109 0.853752 432.7 0 0
1500 55.4041 -65.803 17.92 -0.0176714 -1.03065 435.19 0 0
1500 37.7158 45.7119 17.8283 -0.266598 0.71736 436.874 0 0
1500 62.4955 57.8156 17.8219 0.0867004 0.898712 436.152 0 0
1500 51.367 45.5216 17.8278 -0.078462 0.773899 431.491 0 0
1500 31.2431 19.7129 18.2783 -0.431766 0.370569 429.18 0 0
1500 50.2295 10.2 18.0997 -0.0900825 0.234569 431.44 0 0
1500 52.1095 44.795 17.9281 -0.0829498 0.701335 437.735 0 0
1500 29.3719 35.6904 17.9259 -0.438698 0.622801 432.058 0 0
1500 70.8472 60.5523 17.9141 0.192635 0.981402 433.553 0 0
1500 85.1521 12.2541 17.9351 0.421042 0.266549 431.327 0 0
1500 15.9593 17.7961 17.927 -0.645321 0.349067 431.954 0 0
1500 35.4739 13.2221 17.9364 -0.349563 0.281946 431.237 0 0
1500 13.1272 21.9056 17.9242 -0.686088 0.410535 432.212 0 0
1500 47.5019 24.1963 17.9368 -0.146444 0.406754 438.451 0 0
1500 73.1956 26.1818 18.1915 0.20645 0.423728 432.349 0 0
1500 46.4286 17.2632 18.2902 -0.185398 0.295502 432.65 0 0
1500 8.18718 -8.61906 17.8774 -0.883793 -0.112111 428.889 0 0
1500 71.9627 -4.87638 17.9328 0.226539 -0.153904 431.312 0 0
1500 109.083 -13.5231 17.9154 0.788167 -0.282602 432.691 0 0
1500 85.1148 -8.09273 18.685 0.532323 -0.122693 441.586 0 0
1500 43.5155 11.8995 18.1165 -0.260959 0.203595 432.152 0 0
1500 95.216 11.575 18.6992 0.723053 0.249389 431.724 0 0
1500 100.874 40.6475 17.836 0.708015 0.662696 433.538 0 0
1500 82.3262 31.5488 18.002 0.343941 0.541576 432.633 0 0
1500 83.7801 -10.8902 18.172 0.479372 -0.230591 433.18 0 0
1500 57.6162 -8.43062 18.1765 0.0123276 -0.180767 440.681 0 0
1500 67.9905 14.2184 18.4009 0.23467 0.253623 441.469 0 0
1500 95.1055 17.3918 17.8368 0.646517 0.243632 432.645 0 0
1500 118.569 28.74 17.8194 0.967637 0.401808 435.441 0 0
1500 112.958 -5.9926 17.8266 0.908405 -0.116292 433.662 0 0
1500 82.3701 5.52551 17.8454 0.407409 0.0544377 439.324 0 0
1500 96.1984 16.6811 17.9592 0.648117 0.317073 433.263 0 0
1500 115.606 -7.81915 17.9442 0.944207 -0.072779 434.44 0 0
1500 49.7241 8.23625 17.8735 -0.134583 0.210121 431.091 0 0
1500 86.2944 8.07018 18.3609 0.515266 0.132933 441.271 0 0
1500 107.027 22.4414 17.9769 0.832152 0.465899 427.211 0 0
1500 51.7862 64.208 17.9075 -0.143709 1.00246 435.377 0 0
1500 -5.44586 -17.3528 17.8665 -1.0634 -0.229525 432.017 0 0
1500 46.5787 24.8949 18.216 -0.165113 0.444282 434.07 0 0
1500 79.3492 39.1068 18.2074 0.33161 0.654451 434.744 0 0
1500 60.2905 -45.704 17.8639 -0.0201996 -0.752949 433.557 0 0
1500 117.251 0.665988 17.8983 0.93471 -0.0598735 434.675 0 0
1500 48.9952 -11.421 17.8269 -0.12591 -0.229774 440.07 0 0
1500 18.4935 -26.6306 17.8143 -0.56071 -0.448959 439.069 0 0
1500 30.3813 -19.5068 17.8212 -0.388731 -0.344972 439.652 0 0
1500 100.1 -19.8577 18.1237 0.740976 -0.335928 434.875 0 0
1500 66.3873 28.1628 17.9788 0.149012 0.512173 433.42 0 0
1500 60.2773 44.917 17.8651 0.101554 0.692574 437.196 0 0
1500 72.4169 30.1329 17.8696 0.289086 0.494316 434.758 0 0
1500 88.9886 -32.4182 18.0929 0.523502 -0.56537 434.738 0 0
1500 97.0987 -25.9686 17.8761 0.628688 -0.374582 439.495 0 0
1500 74.7783 25.7827 17.8849 0.309413 0.354459 440.234 0 0
1500 90.1536 -28.4529 18.0757 0.507976 -0.558733 426.95 0 0
1500 101.553 34.1131 17.964 0.734702 0.561675 435.193 0 0
1500 22.1096 8.28628 17.8688 -0.570527 0.100443 440.191 0 0
1500 79.8801 -57.4864 17.9333 0.370264 -0.929591 436.07 0 0
1500 76.9318 14.2939 18.6382 0.374915 0.286197 436.41 0 0
1500 86.9759 7.30603 18.5365 0.607777 0.0860188 434.613 0 0
1500 28.0757 -59.5498 17.8516 -0.458848 -1.03146 431.742 0 0
1500 49.6216 76.7977 17.8221 -0.0833116 1.2662 433.033 0 0
1500 61.8185 32.225 17.9331 0.0221276 0.558457 434.104 0 0
1500 42.6486 -19.3213 18.3172 -0.300902 -0.276971 426.635 0 0
1500 7.79066 70.9436 17.8751 -0.796119 1.13893 435.658 0 0
1500 120.011 12.2947 17.9609 0.991891 0.237267 436.889 0 0
1500 116.714 28.9693 17.9593 0.931651 0.479714 437.694 0 0
1500 91.1009 -8.35402 17.9372 0.526535 -0.164464 441.108 0 0
1500 80.3169 -62.8985 17.8531 0.295483 -0.982778 438.263 0 0
1500 14.4338 10.9724 17.8684 -0.704003 0.10098 434.59 0 0
1500 56.9728 66.1393 17.8693 -0.0585638 1.03883 437.062 0 0
1500 60.8157 39.6286 17.8871 -0.00149416 0.669693 434.555 0 0
1500 -2.93566 -24.7452 17.8312 -0.958303 -0.418276 437.142 0 0
1500 96.2995 -50.6217 17.9932 0.662926 -0.929709 429.539 0 0
1500 65.7851 -40.5074 17.9871 0.166516 -0.62209 441.498 0 0
1500 50.077 -76.6467 18.1283 -0.11502 -1.32913 431.222 0 0
1500 100.756 67.6587 17.9085 0.760379 1.13863 431.74 0 0
1500 41.6618 22.5919 18.0219 -0.360407 0.374443 428.7 0 0
1500 47.9335 69.942 17.8923 -0.197538 1.09797 436.921 0 0
1500 -2.28735 82.9309 17.8728 -0.923554 1.31324 436.907 0 0
1500 85.0727 -27.5168 17.819 0.443072 -0.359531 441.123 0 0
1500 84.9289 40.205 17.9713 0.381099 0.673264 435.816 0 0
1500 19.4604 -53.9527 17.9421 -0.586719 -0.863524 438.105 0 0
1500 103.759 67.9677 18.0948 0.830719 1.13198 432.772 0 0
1500 95.6609 -11.3718 18.0006 0.608308 -0.126124 441.981 0 0
1500 62.3864 16.1173 18.0001 0.151981 0.294583 435.108 0 0
1500 128.211 38.2071 17.9782 1.28235 0.663612 429.087 0 0
1500 91.0745 57.9996 17.9076 0.47247 0.928176 438.232 0 0
1500 40.7652 64.2576 17.9073 -0.270948 1.01171 438.848 0 0
1500 152.799 6.1133 17.8 1.4515 0.0963897 439.445 0 0
1500 42.8691 17.6321 17.9339 -0.224826 0.351673 435.27 0 0
1500 73.2462 32.5183 17.8391 0.273773 0.49538 442.205 0 0
1500 87.9246 58.9259 17.8174 0.506907 0.914961 438.515 0 0
1500 81.5586 -13.1063 17.9673 0.334479 -0.264888 435.826 0 0
1500 103.423 -19.2721 17.9813 0.709035 -0.369893 437.08 0 0
1500 97.7116 -20.3645 18.5573 0.709469 -0.368729 439.271 0 0
1500 121.095 -4.50111 17.8062 0.976587 0.00348621 437.656 0 0
1500 103.051 31.7403 18.0381 0.733715 0.547401 438.152 0 0
1500 20.7598 63.6786 17.9468 -0.559867 1.11611 432.167 0 0
1500 46.1152 -36.0776 17.909 -0.172454 -0.633821 436.638 0 0
1500 146.233 -5.83849 18.0351 1.59535 -0.0786196 430.354 0 0
1500 48.5926 1.20833 18.0234 -0.172441 0.0781743 436.376 0 0
1500 78.2979 37.0577 18.0112 0.284791 0.626191 437.24 0 0
1500 115.672 1.21983 17.8682 0.963092 -0.0396348 435.441 0 0
1500 39.4232 -42.6663 17.8736 -0.239794 -0.721101 437.09 0 0
1500 4.59596 -4.27656 17.8474 -0.85819 -0.127769 437.695 0 0
1500 67.6809 -38.9924 17.8579 0.0976197 -0.607321 443.184 0 0
1500 53.8907 -37.289 17.9934 -0.069698 -0.644611 437.453 0 0
1500 109.87 10.4832 18.2473 0.923656 0.228611 435.374 0 0
1500 124.352 4.72624 18.0715 1.15068 0.0354282 435.361 0 0
1500 120.245 -1.06373 17.8239 0.973211 -0.0183634 441.661 0 0
1500 84.7858 -37.6237 17.8368 0.449757 -0.535876 443.194 0 0
1500 128.635 29.439 18.2668 1.35746 0.570625 428.514 0 0
1500 125.849 17.2004 17.879 1.08786 0.346872 436.268 0 0
1500 -8.55683 2.69769 17.8815 -1.03708 0.0886881 439.999 0 0
1500 -0.0696054 -17.5174 17.8865 -0.927197 -0.215311 438.825 0 0
1500 19.6016 53.7291 17.8813 -0.617096 0.844217 440.191 0 0
1500 67.4086 24.1781 17.9696 0.175107 0.400343 444.461 0 0
1500 60.2053 -66.4096 17.9735 0.0321661 -1.05639 440.182 0 0
1500 57.2002 -61.8462 17.8879 -0.0228031 -0.960476 442.194 0 0
1500 124.206 4.04694 17.834 1.03216 0.0198934 441.106 0 0
1500 112.489 -24.9183 17.8394 0.846697 -0.397583 442.23 0 0
1500 53.7687 28.443 17.8224 -0.101928 0.455175 444.489 0 0
1500 67.4998 17.727 18.5068 0.211693 0.339007 439.429 0 0
1500 64.5754 9.03098 18.001 0.176891 0.123592 445.494 0 0
1500 117.394 -4.40592 17.8587 0.95992 -0.114613 439.204 0 0
1500 120.814 -1.6538 17.8565 1.00503 -0.0725516 439.636 0 0
1500 114.585 -28.4256 17.8555 0.908242 -0.472765 439.877 0 0
1500 77.3154 -5.38493 17.8806 0.365739 -0.133586 437.134 0 0
1500 63.5494 2.65007 17.8844 0.134914 -0.00736933 444.78 0 0
1500 84.1161 14.827 18.4469 0.538022 0.259681 439.706 0 0
1500 106.673 -106.561 18.1132 0.943062 -1.89167 430.081 0 0
1500 71.7984 60.0202 17.858 0.211711 0.977444 439.649 0 0
1500 23.0684 -84.6628 17.9418 -0.534402 -1.4077 436.884 0 0
1500 90.9262 8.50036 17.8494 0.559561 0.193346 437.609 0 0
1500 106.76 -23.7368 18.011 0.834872 -0.35386 439.517 0 0
1500 18.0089 53.0549 17.8971 -0.643313 0.825402 440.862 0 0
1500 2.30313 13.6117 17.9035 -0.896451 0.247937 439.285 0 0
1500 75.3574 42.3619 17.8354 0.19228 0.67203 438.057 0 0
1500 -1.52356 -22.8975 17.8199 -0.966803 -0.327081 440.054 0 0
1500 15.4269 35.2521 17.8258 -0.723757 0.553845 439.019 0 0
1500 57.1229 -11.758 17.9442 0.0202112 -0.229737 445.368 0 0
1500 36.0332 -5.33046 17.9432 -0.393833 -0.048176 438.441 0 0
1500 1.07881 -20.2516 17.8049 -0.865966 -0.351144 443.002 0 0
1500 -0.610215 33.4953 17.7999 -0.925674 0.441137 440.355 0 0
1500 15.1656 45.7149 17.9022 -0.707139 0.697959 440.389 0 0
1500 45.0934 32.5141 17.9203 -0.265734 0.515062 438.413 0 0
1500 34.0285 -34.3953 17.9169 -0.435152 -0.518004 438.676 0 0
1500 89.816 16.8132 18.1094 0.595303 0.275966 439.352 0 0
1500 81.1575 20.9521 18.4584 0.376397 0.351915 447.241 0 0
1500 65.8924 -0.653921 18.3585 0.11434 0.00403028 439.452 0 0
1500 99.2544 -36.5104 17.9539 0.619123 -0.626134 439.848 0 0
1500 54.5618 -10.6765 17.9738 -0.0603675 -0.240165 438.218 0 0
1500 -37.714 134.829 17.9336 -1.6686 2.31965 433.631 0 0
1500 83.3152 26.0445 18.0344 0.398377 0.42985 445.933 0 0
1500 46.7766 -68.7169 17.7959 -0.242611 -1.01439 442.39 0 0
1500 101.645 9.81952 18.1143 0.767349 0.117048 440.561 0 0
1500 97.3289 16.5823 18.3535 0.68087 0.330917 439.763 0 0
1500 92.0026 71.9777 18.0678 0.631592 1.21386 436.827 0 0
1500 94.5566 11.9621 18.0394 0.591342 0.261229 439.789 0 0
1500 49.984 -13.1649 18.4876 -0.0913535 -0.293587 435.464 0 0
1500 133.717 -28.123 18.1404 1.39319 -0.47829 433.65 0 0
1500 107.383 -40.6754 17.8618 0.814275 -0.628077 442.047 0 0
1500 82.8425 -17.4772 17.8565 0.46552 -0.268521 439.407 0 0
1500 42.158 63.4721 17.8457 -0.282325 0.972468 443.818 0 0
1500 21.3342 -48.9525 17.8836 -0.58809 -0.72565 444.839 0 0
1500 55.9266 9.38268 17.8444 -0.0799309 0.180026 446.868 0 0
1500 63.3436 67.252 17.8147 0.0251318 1.04795 442.819 0 0
1500 6.06604 21.8845 17.824 -0.796664 0.363858 445.071 0 0
1500 55.5878 -4.15771 17.8453 -0.0951107 -0.0103133 439.009 0 0
1500 72.8306 62.4678 17.8171 0.168302 0.992743 441.754 0 0
1500 104.935 13.305 17.8997 0.730163 0.15087 446.218 0 0
1500 -6.2904 0.190863 17.819 -1.00867 -0.0123669 444.122 0 0
1500 120.557 -56.3921 18.2323 1.13141 -0.977323 436.443 0 0
1500 91.837 39.5248 17.8426 0.594801 0.614679 440.893 0 0
1500 89.7647 -5.06262 17.9547 0.526391 -0.0840013 447.156 0 0
1500 28.553 -64.726 18.1231 -0.447442 -1.15149 436.158 0 0
1500 58.1785 62.5877 17.9917 -0.0165144 0.99663 442.725 0 0
1500 74.9116 52.1244 17.8839 0.261296 0.813408 445.947 0 0
1500 46.0959 40.2687 17.8923 -0.147928 0.636721 446.784 0 0
1500 58.3004 58.6471 17.8811 0.0244977 0.91098 445.598 0 0
1500 67.5807 -0.585539 17.9033 0.171788 0.0675383 439.805 0 0
1500 75.9679 42.1857 17.9408 0.356587 0.6818 441.313 0 0
1500 44.903 63.6008 17.7989 -0.131031 0.987427 442.293 0 0
1500 69.1046 -6.5355 17.8253 0.217173 -0.066047 447.512 0 0
1500 99.4907 52.0786 17.8346 0.680571 0.789698 444.159 0 0
1500 106.636 22.6176 17.8427 0.815002 0.370059 441.704 0 0
1500 131.169 58.0876 17.9384 1.30652 0.987367 435.78 0 0
1500 86.6335 6.83141 18.3901 0.525481 0.0814672 449.42 0 0
1500 70.2191 -41.4661 17.9406 0.162639 -0.650306 447.498 0 0
1500 99.9212 -33.7304 17.9326 0.627909 -0.585694 442.131 0 0
1500 77.3518 11.7844 18.1444 0.340115 0.195873 451.58 0 0
1500 45.2198 -14.7675 17.8875 -0.166763 -0.275684 448.069 0 0
1500 98.2533 -53.0598 17.8598 0.604972 -0.854377 444.388 0 0
1500 74.8202 -47.8502 17.9241 0.279176 -0.74243 447.072 0 0
1500 43.441 -32.531 18.1131 -0.220282 -0.565332 441.984 0 0
1500 25.2857 -43.9426 18.181 -0.614769 -0.745758 435.641 0 0
1500 47.9004 -2.00721 17.8951 -0.204837 -0.0320102 448.774 0 0
1500 81.1373 30.3042 18.1362 0.402097 0.598476 435.746 0 0
1500 97.5039 55.488 17.9449 0.692359 0.897222 441.495 0 0
1500 93.1966 -16.2009 17.8516 0.619223 -0.274815 441.553 0 0
1500 76.2885 -59.1643 17.8375 0.349172 -0.916919 443.133 0 0
1500 61.4813 -5.46492 17.9063 0.0839698 -0.13939 448.811 0 0
1500 93.2865 14.1929 18.2194 0.602545 0.21212 449.251 0 0
1500 91.7246 -10.4148 18.2209 0.579883 -0.128319 449.381 0 0
1500 -1.06982 30.8131 17.8785 -0.91513 0.49854 445.28 0 0
1500 2.92058 11.6339 17.8854 -0.887096 0.225131 442.937 0 0
1500 74.3332 62.1754 17.8808 0.194756 0.981391 443.672 0 0
1500 48.2565 10.0772 18.2702 -0.167177 0.166904 442.543 0 0
1500 52.9104 -30.5012 17.9199 -0.112248 -0.462339 450.955 0 0
1500 83.5628 -57.0579 17.9519 0.456624 -0.89861 444.299 0 0
1500 104.517 -19.636 17.8475 0.738826 -0.25228 446.644 0 0
1500 33.5482 15.8515 17.8905 -0.361271 0.323131 441.694 0 0
1500 112.329 25.7558 17.8714 0.839607 0.463809 443.542 0 0
1500 124.964 23.02 17.868 1.02718 0.3996 445.723 0 0
1500 65.1933 4.65636 17.9721 0.127063 0.152834 440.986 0 0
1500 83.3773 5.84877 18.1301 0.436517 0.165945 443.134 0 0
1500 88.0084 -8.14736 17.985 0.484701 -0.207776 441.222 0 0
1500 68.4708 -68.1042 17.8746 0.232688 -1.15872 439.342 0 0
1500 77.2356 -38.1335 18.0372 0.293287 -0.707327 438.264 0 0
1500 46.3605 -21.2699 17.9277 -0.144453 -0.366091 449.771 0 0
1500 106.079 45.859 17.8074 0.699023 0.758898 444.941 0 0
1500 83.839 25.1338 17.8289 0.344623 0.422304 449.12 0 0
1500 50.8253 28.8536 17.8306 -0.120166 0.47385 449.247 0 0
1500 66.1878 -61.2586 17.8215 0.10112 -0.943833 448.241 0 0
1500 30.0531 -150.765 17.8621 -0.399195 -2.48664 440.277 0 0
1500 107.202 -44.8469 17.814 0.801979 -0.674416 445.622 0 0
1500 72.1361 -64.5885 17.8156 0.285364 -0.978852 444.818 0 0
1500 110.235 -28.1241 17.821 0.822065 -0.413882 447.665 0 0
1500 93.5468 -1.1969 17.8357 0.569652 -0.025744 449.153 0 0
1500 72.7893 -1.76897 18.1437 0.275098 -0.0833044 451.013 0 0
1500 71.6164 -24.2666 18.4448 0.329311 -0.42593 444.93 0 0
1500 48.5856 -44.1922 18.0088 -0.170044 -0.732659 443.935 0 0
1500 -7.83727 -10.5081 17.8968 -1.03571 -0.159647 446.248 0 0
1500 8.52187 -7.70785 17.9109 -0.762232 -0.113546 449.097 0 0
1500 43.9859 -45.8309 17.8949 -0.177491 -0.773134 443.813 0 0
1500 92.4968 -56.2465 17.8818 0.543196 -0.895267 446.546 0 0
1500 81.2548 3.45742 17.9088 0.358565 -0.0162043 450.199 0 0
1500 66.4736 -11.782 17.8445 0.0877655 -0.253151 441.629 0 0
1500 76.0285 63.1245 17.803 0.299893 1.00331 446.063 0 0
1500 100.283 31.7124 17.815 0.634592 0.51589 448.778 0 0
1500 52.6322 65.0901 17.8048 -0.0468336 1.01488 447.233 0 0
1500 39.0375 22.8471 17.8281 -0.236026 0.383 449.931 0 0
1500 68.3976 43.4477 17.8582 0.140321 0.684934 449.443 0 0
1500 96.7148 -39.6006 17.9034 0.585164 -0.631447 449.06 0 0
1500 104.829 -31.3784 17.9937 0.755332 -0.5425 445.336 0 0
1500 50.0265 78.77 17.8114 -0.0609359 1.23361 445.373 0 0
1500 -4.5242 -28.5272 17.8276 -0.925021 -0.476829 448.959 0 0
1500 45.0945 -52.8021 17.8667 -0.206604 -0.819465 449.477 0 0
1500 75.8705 -34.268 17.8768 0.2293 -0.547536 450.44 0 0
1500 22.995 -31.4209 17.8693 -0.561622 -0.553618 444.516 0 0
1500 46.3503 -40.0538 17.8746 -0.186629 -0.63064 450.25 0 0
1500 96.1871 11.2483 18.2648 0.69572 0.21041 445.868 0 0
1500 81.6379 -2.6787 17.9572 0.41251 -0.0391012 451.316 0 0
1500 85.4497 6.63153 18.3476 0.557896 0.0950327 445.888 0 0
1500 73.8694 65.3654 17.9032 0.201082 1.02623 447.319 0 0
1500 84.3057 -15.4616 17.8706 0.431867 -0.180876 451.155 0 0
1500 123.339 8.54429 17.846 1.03444 0.164525 447.347 0 0
1500 81.4727 56.8336 17.8494 0.421404 0.895005 446.203 0 0
1500 78.3613 10.5153 18.0999 0.337126 0.238056 444.826 0 0
1500 114.811 -11.549 17.8658 0.911318 -0.235553 445.928 0 0
1500 91.5063 -45.4234 17.8688 0.526942 -0.706972 449.839 0 0
1500 122.103 -18.5103 17.8598 0.993809 -0.331693 447.788 0 0
1500 95.8091 55.6314 17.8438 0.624467 0.864437 447.622 0 0
1500 60.0102 12.4091 17.8376 0.0667319 0.26348 444.018 0 0
1500 62.4483 22.6856 17.8396 -0.00932542 0.34343 444.156 0 0
1500 59.7237 -44.8603 17.8289 -0.051346 -0.705234 444.936 0 0
1500 3.98994 26.0935 17.8189 -0.850569 0.365099 449.698 0 0
1500 140.96 16.808 17.8886 1.32321 0.280492 446.933 0 0
1500 61.6834 28.7862 17.9465 0.127524 0.521191 441.766 0 0
1500 85.3461 -4.97525 17.8808 0.440586 -0.114982 451.76 0 0
1500 77.3552 -18.8553 18.2257 0.406676 -0.333623 446.116 0 0
1500 0.447101 31.4636 18.0027 -0.929577 0.567686 443.723 0 0
1500 69.4004 13.8072 17.9937 0.255491 0.264314 445.2 0 0
1500 24.6659 17.5455 17.8383 -0.58255 0.216932 443.774 0 0
1500 105.358 -42.1307 17.872 0.791038 -0.622556 447.42 0 0
1500 39.1537 37.7086 17.9642 -0.319037 0.638955 445.975 0 0
1500 2.08384 20.1553 17.9536 -0.872199 0.363358 447.122 0 0
1500 39.591 31.5331 17.9693 -0.284978 0.496583 452.233 0 0
1500 76.4543 5.51035 18.3306 0.344617 0.159723 446.62 0 0
1500 110.361 19.3852 17.8347 0.765018 0.346296 450.839 0 0
1500 100.476 -48.6969 17.9572 0.717639 -0.74525 448.361 0 0
1500 122.21 46.4584 17.8606 1.11173 0.770803 442.947 0 0
1500 51.3819 -62.0965 17.8823 -0.0987396 -0.9653 450.646 0 0
1500 113.306 9.54129 18.1515 0.940788 0.144223 448.512 0 0
1500 50.19 -63.0738 17.8071 -0.07866 -0.977374 450.531 0 0
1500 52.4105 -45.9633 17.8172 -0.0493348 -0.774516 446.491 0 0
1500 79.2675 39.2387 17.9903 0.407554 0.643636 447.146 0 0
1500 76.4956 36.2239 17.995 0.335092 0.548292 453.034 0 0
1500 124.932 -1.0703 17.8183 1.04774 0.0291632 449.427 0 0
1500 120.298 20.3619 17.8185 0.98496 0.348115 449.033 0 0
1500 40.2363 50.4559 17.829 -0.212101 0.819792 447.059 0 0
1500 67.0915 35.1151 17.844 0.135774 0.621753 446.413 0 0
1500 93.1768 27.9451 17.8546 0.598261 0.483953 447.361 0 0
1500 64.9334 24.57 17.8651 0.16583 0.437534 446.543 0 0
1500 80.7927 -59.1393 18.4737 0.470271 -1.0782 441.993 0 0
1500 91.8539 11.4603 18.1306 0.616053 0.122163 447.291 0 0
1500 13.9402 -44.1148 17.8573 -0.671762 -0.774201 445.779 0 0
1500 106.058 39.1139 17.9206 0.718881 0.632226 452.475 0 0
1500 67.0769 62.277 17.9193 0.159065 0.968331 452.249 0 0
1500 96.583 17.2215 17.9321 0.622991 0.339506 447.974 0 0
1500 56.4974 66.1792 17.9162 0.00657311 1.037 451.42 0 0
1500 97.6922 45.0363 17.9195 0.626174 0.750373 449.414 0 0
1500 104.381 -28.9873 18.0067 0.779385 -0.572603 442.291 0 0
1500 105.063 11.7264 18.0431 0.829153 0.26126 444.325 0 0
1500 119.557 1.8563 17.9807 1.00278 0.0657102 450.236 0 0
1500 105.143 24.783 17.9863 0.798408 0.413165 449.344 0 0
1500 70.9341 27.7453 18.233 0.179412 0.54897 439.962 0 0
1500 29.3087 -2.04208 17.8858 -0.434913 0.0303092 454.861 0 0
1500 9.37904 24.1601 17.8576 -0.80905 0.339516 448.988 0 0
1500 81.2038 -0.460688 18.0521 0.394867 -0.056238 455.622 0 0
1500 125.784 2.57966 17.822 1.08574 0.106842 448.361 0 0
1500 66.6202 -29.945 18.1905 0.218342 -0.521159 449.585 0 0
1500 96.32 36.6257 17.8409 0.656285 0.589414 449.464 0 0
1500 122.053 -19.7771 17.8321 1.01174 -0.262016 451.887 0 0
1500 111.62 34.7696 17.8346 0.847223 0.534188 452.761 0 0
1500 81.871 59.4657 17.9087 0.412691 0.943752 451.202 0 0
1500 82.0844 34.7195 18.4039 0.440949 0.689598 441.417 0 0
1500 69.3533 20.5313 18.0201 0.211311 0.393431 448.954 0 0
1500 38.882 32.5703 18.0146 -0.257835 0.575851 449.355 0 0
1500 215.946 -18.766 17.8201 2.52555 -0.282577 448.682 0 0
1500 86.022 -16.0998 17.964 0.473391 -0.244741 455.847 0 0
1500 111.289 -10.6433 18.0031 0.901058 -0.170852 450.7 0 0
1500 59.362 47.6764 18.4915 0.0250737 0.887705 442.43 0 0
1500 45.3434 -39.7564 17.9217 -0.182004 -0.612085 457.493 0 0
1500 84.9211 -48.556 17.9005 0.376914 -0.837559 446.717 0 0
1500 76.8443 6.52389 18.1719 0.349674 0.0425212 457.287 0 0
1500 33.862 18.6739 18.0262 -0.382851 0.266444 456.732 0 0
1500 22.2335 21.571 17.85 -0.589185 0.4001 449.661 0 0
1500 29.7928 28.5529 17.8507 -0.472893 0.508364 449.602 0 0
1500 63.6208 57.5941 17.8394 0.0490048 0.939964 450.787 0 0
1500 66.2529 65.1163 17.834 0.0873602 1.03527 451.987 0 0
1500 3.84526 33.5429 17.8351 -0.847624 0.567878 451.608 0 0
1500 10.9779 -19.4009 17.8466 -0.759368 -0.231429 449.968 0 0
1500 102.842 24.7095 17.8467 0.652481 0.446531 449.955 0 0
1500 57.0645 59.2872 17.8382 -0.0503553 0.962943 450.973 0 0
1500 106.465 35.3977 17.8402 0.700476 0.604172 450.67 0 0
1500 94.574 -14.8094 18.0839 0.6629 -0.201412 450.997 0 0
1500 112.091 -34.8503 17.8278 0.799972 -0.530741 457.504 0 0
1500 112.625 -8.95155 18.0692 0.92986 -0.193624 450.311 0 0
1500 117.394 26.222 17.9502 0.957172 0.414795 453.815 0 0
1500 58.9107 -110.775 17.9543 -0.0497647 -1.82793 447.625 0 0
1500 112.452 16.1398 17.9803 0.845504 0.278304 456.72 0 0
1500 90.0558 55.2553 17.9729 0.549317 0.870574 453.842 0 0
1500 34.8103 -4.4947 17.9316 -0.332661 -0.129625 458.176 0 0
1500 124.476 7.47066 17.8551 1.01287 0.171162 454.993 0 0
1500 44.8083 152.542 17.8188 -0.273437 2.42472 450.779 0 0
1500 57.3119 -40.0004 18.1326 -0.0644375 -0.691999 447.068 0 0
1500 120.365 -0.929381 17.9577 0.986626 -0.00678036 456.283 0 0
1500 83.6904 -57.4284 17.8346 0.353424 -0.931878 453.401 0 0
1500 110.236 34.746 17.953 0.861936 0.639815 449.212 0 0
1500 84.55 -4.43444 17.9722 0.448389 -0.0919701 458.995 0 0
1500 95.413 -0.205126 17.8771 0.598197 0.071397 452.536 0 0
1500 -0.675959 10.631 17.8744 -0.938213 0.10993 453.646 0 0
1500 108.18 -42.2452 17.8223 0.757583 -0.705256 454.847 0 0
1500 52.6843 -12.8473 17.8977 -0.127824 -0.140517 451.117 0 0
1500 102.024 37.9168 17.815 0.613085 0.613525 457.689 0 0
1500 8.38718 32.1334 17.8131 -0.731867 0.532421 457.452 0 0
1500 47.5423 42.403 17.8227 -0.16612 0.6702 458.484 0 0
1500 123.199 22.162 18.1919 1.14753 0.43541 448.989 0 0
1500 84.9005 -35.2198 17.9918 0.476569 -0.599315 453.922 0 0
1500 66.6847 -44.8762 17.9915 0.198404 -0.746434 453.948 0 0
1500 68.3649 -50.3796 17.9878 0.222769 -0.825694 454.323 0 0
1500 83.1244 19.2387 18.0666 0.492368 0.29857 453.69 0 0
1500 116.6 -10.6647 17.9877 1.03043 -0.139166 450.626 0 0
1500 95.9953 5.86945 18.0925 0.687128 0.107634 454.261 0 0
1500 76.9991 -16.9786 18.101 0.36111 -0.218404 460.906 0 0
1500 59.7013 -43.3025 18.0338 0.07291 -0.734022 454.498 0 0
1500 48.8997 88.8335 17.8158 -0.184286 1.42472 454.238 0 0
1500 8.15 12.6626 17.8535 -0.81997 0.14499 454.323 0 0
1500 46.5783 -63.2239 17.7971 -0.19547 -1.01721 456 0 0
1500 2.2077 -36.4513 17.7968 -0.845205 -0.606931 457.092 0 0
1500 80.8772 27.4204 17.9806 0.405817 0.393606 460.68 0 0
1500 7.93295 37.3295 17.9554 -0.776389 0.619242 456.16 0 0
1500 59.176 17.0465 17.845 -0.00854057 0.340512 453.435 0 0
1500 93.4287 -1.68154 17.9765 0.595842 -0.111329 449.669 0 0
1500 12.299 -51.5591 17.7916 -0.64323 -0.826595 457.327 0 0
1500 32.5476 -52.6745 17.8004 -0.333915 -0.818836 459.33 0 0
1500 111.756 45.2444 17.9597 0.942811 0.693259 452.488 0 0
1500 29.4589 12.3273 18.2151 -0.469898 0.279075 450.247 0 0
1500 69.404 -47.4724 18.1474 0.206112 -0.790801 456.127 0 0
1500 -4.3672 69.1542 17.9489 -1.0003 1.1565 453.571 0 0
1500 82.9341 21.5332 18.138 0.482744 0.369505 455.683 0 0
1500 45.0934 -21.8858 17.9211 -0.157967 -0.410655 454.375 0 0
1500 -36.5195 -17.2181 17.9233 -1.58276 -0.211097 451.395 0 0
1500 76.9312 55.8608 17.8057 0.250007 0.916237 455.963 0 0
1500 14.8527 48.9511 17.8004 -0.678933 0.794815 457.326 0 0
1500 84.2712 48.3927 17.809 0.363872 0.808049 455.534 0 0
1500 0.329639 28.9605 17.8013 -0.900792 0.50049 456.899 0 0
1500 88.0869 -37.1391 18.0637 0.515317 -0.652388 454.521 0 0
1500 63.5405 -61.4987 17.9562 0.100811 -0.994243 457.198 0 0
1500 68.7799 -62.1606 17.9552 0.178542 -1.00076 457.424 0 0
1500 16.705 30.3087 17.8092 -0.650652 0.540488 455.705 0 0
1500 5.15818 17.5114 17.8258 -0.828517 0.262363 460.69 0 0
1500 94.7581 -11.7864 17.9532 0.645496 -0.139705 456.09 0 0
1500 53.3323 -40.0748 18.0678 -0.0668351 -0.683417 456.751 0 0
1500 72.7596 3.2021 18.0446 0.329904 0.0767811 455.162 0 0
1500 74.9339 -4.75733 18.0668 0.279243 -0.128993 464.528 0 0
1500 89.6548 -59.1948 17.8011 0.409701 -0.917544 459.937 0 0
1500 60.942 57.4611 17.8491 0.0204279 0.891136 461.212 0 0
1500 81.0922 56.3942 17.8446 0.325746 0.922601 457.676 0 0
1500 67.8978 65.6169 17.8406 0.124025 1.04076 459.018 0 0
1500 88.8286 -37.5217 17.9947 0.556102 -0.608428 457.221 0 0
1500 115.928 -28.6374 17.9842 0.923179 -0.451386 460.422 0 0
1500 17.0388 -72.967 17.9752 -0.675048 -1.29247 452.178 0 0
1500 109.189 -79.6984 17.8823 0.870354 -1.30796 455.339 0 0
1500 119.088 -16.1323 17.9487 0.974073 -0.326643 456.487 0 0
1500 76.067 36.8441 18.2588 0.303203 0.714451 450.054 0 0
1500 42.5077 -56.0906 17.8081 -0.202045 -0.919538 458.099 0 0
1500 32.9466 -59.4957 17.8058 -0.331781 -0.927624 461.196 0 0
1500 11.3892 -50.7346 17.8025 -0.653661 -0.81143 460.261 0 0
1500 69.4321 -40.8804 17.9364 0.202846 -0.702781 457.553 0 0
1500 88.9082 40.4838 18.2897 0.598204 0.766522 451.256 0 0
1500 120.26 -86.4459 17.8024 1.0163 -1.28805 458.614 0 0
1500 14.9807 -49.2127 17.8017 -0.709814 -0.766346 460.507 0 0
1500 54.4163 -65.1261 17.8032 -0.123734 -1.01207 459.924 0 0
1500 14.3198 22.342 17.8141 -0.743607 0.308984 458.344 0 0
1500 29.5415 -68.406 17.8532 -0.512109 -1.08629 457.944 0 0
1500 83.9604 19.8927 17.9242 0.402851 0.390291 457.139 0 0
1500 87.5597 -12.098 17.8162 0.430432 -0.238169 464.661 0 0
1500 71.171 14.0894 18.2592 0.217866 0.260348 466.731 0 0
1500 88.4713 -3.90149 17.9388 0.47424 -0.053745 469.015 0 0
1500 119.725 -12.1562 17.8509 0.98937 -0.226625 460.591 0 0
1500 117.872 -26.4353 17.8499 0.93771 -0.429788 462.289 0 0
1500 -9.27627 5.14584 17.8292 -1.03939 0.133335 461.682 0 0
1500 13.5574 44.042 17.8332 -0.688495 0.694024 463.026 0 0
1500 7.91109 0.753149 17.8412 -0.816174 0.0711278 459.141 0 0
1500 99.7929 -8.13288 17.8726 0.684833 -0.0568712 458.985 0 0
1500 82.6504 -26.6941 17.9093 0.462882 -0.414493 459.755 0 0
1500 106.016 3.70551 17.9018 0.808275 0.0493923 460.703 0 0
1500 27.5742 -69.089 17.9492 -0.445164 -1.18893 456.118 0 0
1500 37.8413 51.6533 17.9606 -0.385047 0.806717 457.612 0 0
1500 54.5991 45.1458 17.9561 0.0155133 0.747928 460.163 0 0
1500 110.669 2.53422 17.9506 0.866778 0.0945646 460.72 0 0
1500 41.702 -40.1346 17.8868 -0.316098 -0.646645 460.191 0 0
1500 97.7604 -12.6122 17.828 0.682133 -0.229153 460.053 0 0
1500 54.8296 -4.56644 17.8422 0.0168733 -0.0947097 466.956 0 0
1500 47.9869 -64.4809 17.8794 -0.167962 -1.00293 464.255 0 0
1500 4.2795 -10.7062 17.8635 -0.888748 -0.15334 461.135 0 0
1500 27.8497 -3.55182 18.0617 -0.502984 -0.0948745 460.467 0 0
1500 102.39 -18.168 18.0333 0.717427 -0.257609 467.092 0 0
1500 92.1767 -16.965 18.0758 0.611205 -0.308759 461.597 0 0
1500 92.1244 23.0342 17.9539 0.540353 0.375946 467.291 0 0
1500 57.5616 -66.445 17.8011 0.0305188 -1.04773 463.634 0 0
1500 120.929 13.771 17.9165 1.01679 0.168589 463.702 0 0
1500 72.3634 28.9105 18.0353 0.180656 0.484291 461.759 0 0
1500 211.918 43.6362 17.8675 2.44854 0.680787 461.972 0 0
1500 0.582517 33.8279 17.8874 -0.954869 0.482272 461.267 0 0
1500 108.07 12.161 17.9935 0.852448 0.205143 463.462 0 0
1500 122.017 5.8097 17.9858 1.01699 0.104201 466.491 0 0
1500 41.3344 -74.5354 17.8217 -0.216585 -1.16872 465.239 0 0
1500 23.9967 7.25945 17.8725 -0.556129 0.041916 462.466 0 0
1500 107.809 42.2172 17.8274 0.78662 0.662489 466.823 0 0
1500 89.9184 -45.092 18.0517 0.630988 -0.784077 457.73 0 0
1500 90.1539 -0.879365 17.8606 0.579636 -0.01008 462.993 0 0
1500 115.351 -36.1477 17.8122 0.915678 -0.509258 466.975 0 0
1500 117.8 -27.8573 17.8128 0.961559 -0.390668 466.294 0 0
1500 110.89 11.1645 17.8061 0.873242 0.204028 464.796 0 0
1500 77.3427 -58.4086 17.8518 0.240127 -0.934497 465.911 0 0
1500 5.46467 -4.14449 17.869 -0.801313 -0.0182297 470.165 0 0
1500 29.3329 33.4492 17.8713 -0.499759 0.558785 464.834 0 0
1500 9.73995 -11.8149 17.8137 -0.800981 -0.128809 465.131 0 0
1500 62.7657 -17.7531 18.0095 0.150815 -0.265201 472.498 0 0
1500 85.1268 55.4359 17.901 0.467076 0.886462 466.908 0 0
1500 101.958 67.7822 17.9874 0.787751 1.15106 462.211 0 0
1500 8.93421 -16.1904 17.8128 -0.720517 -0.299446 470.913 0 0
1500 57.9723 -21.4542 17.8252 -0.0240635 -0.411116 464.65 0 0
1500 11.6745 -32.2851 17.8088 -0.685789 -0.532076 470.472 0 0
1500 99.6535 20.2664 17.912 0.633355 0.347055 471.741 0 0
1500 105.836 40.7727 17.8996 0.736798 0.650944 470.192 0 0
1500 60.5304 18.8863 17.9235 0.0796999 0.323309 472.672 0 0
1500 46.2742 31.572 17.9175 -0.132182 0.55533 465.547 0 0
1500 -7.15415 -6.71324 17.8362 -1.03454 -0.0518501 467.578 0 0
1500 97.3448 52.6627 17.8258 0.660263 0.800728 468.367 0 0
1500 60.7982 -26.9918 18.0245 0.0998424 -0.527258 460.543 0 0
1500 34.9611 -57.1751 17.8077 -0.336387 -0.899603 470.852 0 0
1500 33.5771 -16.7848 17.8974 -0.366106 -0.279208 476.742 0 0
1500 11.048 -20.3251 17.9791 -0.75542 -0.337461 468.368 0 0
1500 107.209 36.659 17.8483 0.78864 0.611687 468.444 0 0
1500 54.0503 -34.3597 17.9165 -0.0935303 -0.595846 467.179 0 0
1500 55.1471 -39.0551 17.914 -0.0763518 -0.666505 467.366 0 0
1500 128.902 63.2885 18.0228 1.2485 1.04009 464.053 0 0
1500 74.3053 -22.3497 17.8421 0.298058 -0.315905 474.4 0 0
1500 123.87 -1.63057 17.817 1.04117 -0.026394 471.138 0 0
1500 113.184 -34.8097 17.9005 0.902575 -0.520007 471.285 0 0
1500 118.242 23.204 17.9008 0.979473 0.341052 471.155 0 0
1500 109.313 -35.2178 17.7988 0.767711 -0.576203 473.465 0 0
1500 54.5974 -12.9824 17.8225 -0.0263313 -0.275657 468.124 0 0
1500 101.437 -19.0937 17.9171 0.662927 -0.328679 475.791 0 0
1500 49.7289 -32.8546 18.0592 -0.181894 -0.498053 468.738 0 0
1500 35.2862 -58.9115 17.9049 -0.396848 -0.917498 472.489 0 0
1500 113.986 16.1365 17.914 0.859741 0.283164 476.261 0 0
1500 29.5171 -18.3897 18.0583 -0.501892 -0.24622 468.208 0 0
1500 20.8375 2.79049 17.9062 -0.649459 0.031264 470.616 0 0
1500 55.6955 -41.03 17.8981 -0.00280686 -0.704905 471.702 0 0
1500 87.882 -47.2439 18.1095 0.51813 -0.883165 466.575 0 0
1500 126.477 -30.4949 17.8256 1.13346 -0.428193 471.343 0 0
1500 80.3319 14.8345 17.8351 0.376876 0.182478 479.37 0 0
1500 70.469 -42.7343 17.8248 0.262464 -0.688169 472.859 0 0
1500 94.469 -56.3891 17.8771 0.603245 -0.912923 475.572 0 0
1500 67.3611 -37.6933 17.993 0.198787 -0.577245 481.773 0 0
1500 43.9386 41.6501 17.861 -0.19628 0.716623 475.905 0 0
1500 120.554 26.1737 17.8457 0.942468 0.458094 478.758 0 0
1500 142.861 12.7562 18.1603 1.54824 0.274642 468.932 0 0
1500 78.2162 36.789 17.8325 0.386914 0.586216 476.143 0 0
1500 7.39578 -44.2166 17.7912 -0.815654 -0.625547 480.137 0 0
1500 -3.49807 -7.36545 17.7946 -0.964619 -0.0845739 480.892 0 0
1500 62.1226 68.5846 17.7912 -0.0136553 1.02738 480.145 0 0
1500 31.381 60.5546 17.7917 -0.46312 0.907785 480.29 0 0
1500 20.6876 49.0459 17.7953 -0.612979 0.731754 481.015 0 0
1500 151.246 22.1665 17.8286 1.42855 0.355343 480.838 0 0
1500 69.9274 -64.132 17.9204 0.240843 -1.09078 475.799 0 0
1500 37.8941 -42.0961 17.8064 -0.338786 -0.721113 481.109 0 0
1500 89.0408 -5.13107 17.8177 0.455255 -0.153981 480.202 0 0
1500 0.893115 -34.4845 17.7934 -0.872103 -0.579619 483.828 0 0
1500 123.291 -26.5906 17.7934 0.939858 -0.464284 483.631 0 0
1500 51.4947 -26.0961 17.8186 -0.118021 -0.433201 487.33 0 0
1500 108.184 -44.2258 17.7961 0.703464 -0.713104 484.825 0 0
1500 8.71886 -27.5685 17.8031 -0.733846 -0.46314 485.909 0 0
1500 84.2627 -27.0326 17.8393 0.430558 -0.492549 485.169 0 0
1500 50.5236 -65.513 17.8206 -0.0883738 -1.04312 487.997 0 0
