Total number of secondary electrons: 1598
1500 79.9314 -8.94199 17.6248 0.575277 -0.159531 283.442 0 0
1500 90.5675 -2.31666 16.8365 0.687891 0.0162311 295.345 0 0
1500 89.7744 -3.90144 16.8095 0.687307 -0.0793941 295.949 0 0
1500 98.3328 -3.79012 16.7877 0.792676 -0.0774682 296.44 0 0
1500 99.5141 4.40932 16.3669 0.771625 0.0843512 299.609 0 0
1500 92.89 13.2335 16.359 0.676881 0.299549 302.702 0 0
1500 97.9263 -4.64174 16.2648 0.76556 -0.0829133 307.477 0 0
1500 87.9693 9.63432 17.2447 0.687993 0.158697 307.947 0 0
1500 77.3676 -15.42 15.993 0.34521 -0.258835 307.96 0 0
1500 75.0939 -19.875 15.9949 0.315504 -0.31662 307.994 0 0
1500 75.5586 -11.3142 16.675 0.424148 -0.205754 309.456 0 0
1500 73.2373 7.08246 16.376 0.35676 0.154152 309.605 0 0
1500 110.083 -25.03 16.3028 0.983054 -0.405855 311.372 0 0
1500 102.743 28.1987 17.0149 0.881432 0.486971 312.901 0 0
1500 97.5291 16.2993 16.637 0.755087 0.217617 313.02 0 0
1500 100.011 -4.51522 16.4621 0.729313 -0.105381 313.946 0 0
1500 79.5033 -10.0545 17.1079 0.519695 -0.181613 314.446 0 0
1500 79.6185 3.80569 16.5576 0.478615 0.10335 314.978 0 0
1500 83.9473 8.04964 16.5596 0.53109 0.155605 315.157 0 0
1500 74.6124 14.3087 16.7227 0.37943 0.218099 315.251 0 0
1500 82.7919 -12.7342 16.4045 0.518382 -0.198393 315.598 0 0
1500 128.918 -1.23117 16.1842 1.2797 -0.0453357 317.766 0 0
1500 94.1462 -0.466432 16.73 0.664824 0.0336108 318.829 0 0
1500 75.6645 18.1113 15.7818 0.291039 0.294941 319.886 0 0
1500 83.9888 46.1234 15.7761 0.391796 0.644098 321.056 0 0
1500 83.4975 -5.83586 16.0037 0.4547 -0.0513625 322.327 0 0
1500 107.786 -22.9144 15.8744 0.699821 -0.346636 322.384 0 0
1500 119.251 24.5931 17.1037 1.14665 0.410447 323.908 0 0
1500 79.5965 5.72751 16.2507 0.396625 0.131262 324.168 0 0
1500 98.4189 13.2129 16.6986 0.66849 0.208264 324.265 0 0
1500 100.424 38.5299 16.0458 0.72656 0.672774 324.525 0 0
1500 83.2156 17.3011 16.0268 0.367236 0.300748 326.1 0 0
1500 93.7276 10.5037 16.6118 0.575278 0.185714 326.747 0 0
1500 95.3507 -9.22575 17.407 0.686548 -0.157361 327.379 0 0
1500 64.9291 40.0814 16.1343 0.145916 0.565408 327.771 0 0
1500 80.0854 -12.462 17.1319 0.430788 -0.206101 327.939 0 0
1500 93.3143 -4.91186 17.316 0.62475 -0.0477793 329.089 0 0
1500 40.9141 -10.0532 16.3337 -0.255767 -0.224123 329.363 0 0
1500 88.8628 -32.2784 16.0729 0.474994 -0.427178 329.482 0 0
1500 100.495 1.51701 16.8246 0.673167 0.0669594 330.392 0 0
1500 102.647 -31.3518 16.7537 0.802 -0.617756 331.255 0 0
1500 109.882 -4.17412 16.2489 0.752137 -0.12861 331.36 0 0
1500 82.8741 15.4275 17.06 0.431467 0.243942 331.434 0 0
1500 123.66 -169.942 15.9429 0.816581 -2.1976 331.647 0 0
1500 70.3743 -9.8192 16.164 0.120022 -0.132913 331.646 0 0
1500 87.218 -9.04931 16.9123 0.492602 -0.169045 331.821 0 0
1500 89.743 -7.66542 16.9163 0.522832 -0.152114 331.889 0 0
1500 94.46 -3.64203 18.0664 0.728618 -0.0692808 331.94 0 0
1500 62.9068 29.0635 16.3296 0.122924 0.430818 332.006 0 0
1500 47.8548 1.75669 16.5549 -0.114752 0.0470266 332.386 0 0
1500 50.8957 22.4242 16.1844 -0.138312 0.280751 332.582 0 0
1500 71.4357 1.78215 16.1982 0.216765 0.0867648 332.579 0 0
1500 53.4245 -33.5589 16.1991 -0.105026 -0.446242 332.857 0 0
1500 52.9964 28.9708 16.6549 -0.0864543 0.440259 333.293 0 0
1500 78.7482 3.88232 17.4487 0.365217 0.0809394 334.463 0 0
1500 64.7445 -13.5308 16.9518 0.164703 -0.229493 335.291 0 0
1500 91.6953 -8.02764 16.502 0.467937 -0.0996945 335.635 0 0
1500 92.7836 -41.7314 16.5203 0.520608 -0.573337 336.418 0 0
1500 -21.3148 15.5332 16.3082 -1.02452 0.221334 336.426 0 0
1500 86.1039 -13.7287 16.9947 0.421547 -0.197723 336.611 0 0
1500 47.8726 -1.72784 16.3911 -0.132529 -0.0895186 336.654 0 0
1500 79.8006 11.9282 17.5095 0.430625 0.142409 337.463 0 0
1500 84.4029 -20.586 16.6666 0.394144 -0.329996 337.527 0 0
1500 150.378 13.3392 16.893 1.46481 0.252182 337.62 0 0
1500 103.238 -18.0799 16.4054 0.659189 -0.209844 337.742 0 0
1500 80.7421 0.765333 17.6806 0.493036 -0.0265363 337.904 0 0
1500 76.9298 4.29983 16.7668 0.308672 0.0639541 338.164 0 0
1500 87.107 53.5768 16.5076 0.398913 0.753808 338.197 0 0
1500 97.7479 5.47365 17.0549 0.642678 0.0486784 338.32 0 0
1500 26.2344 -1.40538 16.5993 -0.459734 -0.000443848 338.366 0 0
1500 62.8341 -8.73477 16.4518 0.0265817 -0.148811 338.573 0 0
1500 117.347 18.6498 16.4536 0.834267 0.270819 338.735 0 0
1500 117.881 -22.2624 16.4548 0.840947 -0.261472 338.76 0 0
1500 37.7184 19.2083 16.6049 -0.312571 0.236274 338.84 0 0
1500 83.5777 22.7386 16.9398 0.39382 0.355983 338.895 0 0
1500 55.7283 21.9528 16.9449 0.00500351 0.341579 339.037 0 0
1500 105.004 0.956094 17.1517 0.732516 0.0294959 339.264 0 0
1500 20.3165 23.4147 16.6292 -0.539772 0.290021 339.394 0 0
1500 34.7902 -49.4196 16.6536 -0.346426 -0.665701 339.936 0 0
1500 102.366 59.1664 16.5201 0.62866 0.784723 340.04 0 0
1500 93.331 -0.310296 17.1434 0.56779 0.0508352 340.122 0 0
1500 82.7061 24.093 17.1426 0.432305 0.362321 340.105 0 0
1500 54.6978 -7.8553 17.1898 0.018045 -0.15971 340.337 0 0
1500 74.4214 4.29167 17.5555 0.325671 0.0486599 340.373 0 0
1500 66.38 16.3688 16.9937 0.190407 0.225566 340.677 0 0
1500 11.1453 -17.5347 16.741 -0.690837 -0.220993 340.682 0 0
1500 83.7404 -19.5307 17.5389 0.456085 -0.295453 340.825 0 0
1500 80.7963 14.7139 17.3834 0.450608 0.220619 341.189 0 0
1500 60.9919 17.6072 17.0801 0.0802137 0.288953 341.2 0 0
1500 54.5153 31.2151 16.6492 -0.112074 0.460199 341.172 0 0
1500 92.6358 -17.0995 17.5856 0.598301 -0.311129 341.341 0 0
1500 118.102 -67.0813 16.8168 0.901537 -0.971184 341.423 0 0
1500 126.114 38.4474 16.5973 0.915711 0.510246 341.474 0 0
1500 60.131 42.2731 16.5951 0.040622 0.627108 341.654 0 0
1500 73.7755 -0.215434 17.0883 0.267258 0.062266 341.687 0 0
1500 62.8507 -62.6631 16.8514 0.0805452 -0.982408 342.042 0 0
1500 73.9451 -13.5414 17.5483 0.324239 -0.180918 342.243 0 0
1500 66.0557 -59.7234 16.7543 0.0842634 -0.830934 342.382 0 0
1500 28.6181 14.5503 16.7707 -0.400439 0.254341 342.414 0 0
1500 72.4494 -12.7315 17.3441 0.304132 -0.21432 342.801 0 0
1500 158.277 7.32852 16.7879 1.45497 0.0783267 342.824 0 0
1500 56.8148 31.8285 17.2463 -0.0349479 0.497411 342.894 0 0
1500 84.1184 -15.2687 16.8928 0.42306 -0.245874 343.284 0 0
1500 66.3345 -10.4695 16.7492 0.0519068 -0.152505 343.261 0 0
1500 57.4305 -16.3189 16.9518 -0.0243215 -0.261908 343.484 0 0
1500 86.562 -13.2119 16.7873 0.459296 -0.184761 343.524 0 0
1500 72.8808 -1.16099 16.9259 0.207664 0.0488847 343.805 0 0
1500 76.0843 -9.59314 16.9517 0.288508 -0.124838 343.86 0 0
1500 91.3332 12.1498 18.1118 0.64673 0.156151 344.013 0 0
1500 56.6701 37.4721 16.8669 0.0220037 0.618377 344.099 0 0
1500 84.8064 4.22135 17.9348 0.571486 0.0408175 344.11 0 0
1500 132.692 26.041 16.798 1.01375 0.403012 344.157 0 0
1500 90.3146 26.7179 17.2245 0.537617 0.376277 344.254 0 0
1500 63.1334 -8.34375 17.0652 0.0460319 -0.188268 344.336 0 0
1500 65.9757 -54.0648 16.8687 0.0765573 -0.760627 344.397 0 0
1500 8.27983 -7.40892 16.8696 -0.704589 -0.120632 344.491 0 0
1500 100.661 -36.6435 16.9434 0.632116 -0.5208 344.51 0 0
1500 54.9898 33.6121 16.9388 -0.0427642 0.510646 344.51 0 0
1500 47.7053 66.7011 16.7216 -0.171291 0.929275 344.632 0 0
1500 20.7554 -42.1968 16.8837 -0.53701 -0.578442 344.836 0 0
1500 80.2235 -26.4916 18.0215 0.418265 -0.423852 344.984 0 0
1500 31.43 -53.8126 16.8189 -0.410112 -0.721177 345.023 0 0
1500 38.6783 4.1489 16.9295 -0.300876 0.018324 345.238 0 0
1500 59.6237 32.4594 16.7856 0.0675762 0.490076 345.305 0 0
1500 121.384 16.4914 16.8578 0.929412 0.174934 345.321 0 0
1500 111.048 -4.51189 17.0338 0.768277 -0.109378 345.413 0 0
1500 111.265 -38.2241 16.9032 0.752614 -0.558446 345.42 0 0
1500 102.334 21.3548 16.8318 0.587502 0.281393 345.46 0 0
1500 104.705 -16.1545 16.9304 0.66297 -0.274753 345.473 0 0
1500 44.0942 -74.3073 16.8357 -0.149858 -1.08275 345.537 0 0
1500 119.545 9.32184 17.009 0.888435 0.139799 345.588 0 0
1500 63.2059 26.9065 16.9019 0.0652736 0.431405 345.623 0 0
1500 77.8102 -12.5433 18.6717 0.49066 -0.198698 345.797 0 0
1500 9.90497 -48.1577 16.8525 -0.687125 -0.639851 345.812 0 0
1500 73.2525 -17.7986 17.109 0.26158 -0.301259 345.994 0 0
1500 83.0406 50.2937 17.1065 0.462622 0.770697 346.012 0 0
1500 52.1751 -44.8657 16.9578 -0.117088 -0.637739 346.029 0 0
1500 28.0673 36.8979 16.9654 -0.393291 0.559769 346.262 0 0
1500 114.092 56.2633 17.0007 0.862176 0.867805 346.252 0 0
1500 34.549 41.5254 16.9287 -0.320488 0.623447 346.383 0 0
1500 52.7557 38.0463 16.9132 -0.0668865 0.512216 346.541 0 0
1500 131.01 -5.36535 16.9156 1.01361 -0.0765752 346.542 0 0
1500 89.436 -25.9873 17.1291 0.474333 -0.407651 346.556 0 0
1500 109.446 -32.1752 16.8309 0.734765 -0.385126 346.551 0 0
1500 125.425 -49.0365 16.9319 1.04656 -0.738523 346.625 0 0
1500 72.9099 26.9662 16.886 0.233498 0.319459 346.649 0 0
1500 55.3563 4.08717 17.2426 -0.0156391 -0.00531001 346.671 0 0
1500 58.298 53.752 16.9422 -0.00133957 0.783879 346.751 0 0
1500 66.8513 -60.9593 16.951 0.165189 -0.858974 346.776 0 0
1500 68.2533 11.385 16.9411 0.216489 0.14776 346.968 0 0
1500 81.8013 9.04343 17.5687 0.399912 0.0840725 347.063 0 0
1500 10.2139 36.8956 16.9556 -0.641267 0.555825 347.107 0 0
1500 46.92 61.8963 16.9683 -0.152094 0.88468 347.436 0 0
1500 116.818 8.65281 16.9956 0.831333 0.172859 347.468 0 0
1500 97.5797 -13.2256 17.2087 0.629832 -0.149946 347.508 0 0
1500 103.104 -23.767 17.4039 0.711408 -0.359132 347.606 0 0
1500 90.5423 -57.5454 17.1026 0.470295 -0.886793 347.569 0 0
1500 86.5856 37.7151 17.6355 0.457536 0.648214 347.849 0 0
1500 68.3767 -59.0944 17.0671 0.117813 -0.863171 347.978 0 0
1500 49.2377 24.1463 17.1864 -0.0814433 0.43165 348.004 0 0
1500 34.8904 -34.6554 17.2267 -0.39325 -0.569305 348.111 0 0
1500 29.542 69.1919 16.8949 -0.329978 0.954108 348.153 0 0
1500 88.684 23.3475 16.987 0.401841 0.38924 348.217 0 0
1500 102.411 4.50627 17.2589 0.697265 0.0843571 348.321 0 0
1500 39.3188 -0.122765 17.2393 -0.304001 0.0138052 348.478 0 0
1500 62.8944 23.9089 16.9699 0.0312502 0.338619 348.743 0 0
1500 12.7758 -25.9622 17.0303 -0.675486 -0.321711 348.77 0 0
1500 40.9096 -6.86928 17.1185 -0.287957 -0.0787405 348.917 0 0
1500 89.0663 -12.0792 18.6787 0.652018 -0.157641 348.965 0 0
1500 103.878 18.2546 17.4922 0.866979 0.33282 348.951 0 0
1500 33.6768 -5.94392 17.1756 -0.359301 -0.137532 349.161 0 0
1500 73.6254 -2.465 17.5168 0.316961 -0.103896 349.309 0 0
1500 87.0332 27.5737 17.5076 0.502454 0.426958 349.366 0 0
1500 94.7995 -2.21168 17.1361 0.598735 -0.0319637 349.366 0 0
1500 37.2123 10.7368 17.0248 -0.271899 0.219192 349.438 0 0
1500 116.33 -18.9007 17.0316 0.845934 -0.204165 349.51 0 0
1500 93.1766 50.9044 17.4824 0.572436 0.814927 349.531 0 0
1500 83.27 -2.65274 18.3957 0.549132 -0.00245378 349.594 0 0
1500 -8.54745 19.5315 16.995 -0.949599 0.214768 349.783 0 0
1500 123.168 54.174 17.0546 0.990401 0.767096 349.994 0 0
1500 23.6621 -60.156 17.0068 -0.510017 -0.862628 350.135 0 0
1500 64.4357 -43.1795 17.5484 0.121362 -0.73206 350.106 0 0
1500 102.174 30.6689 17.1582 0.693273 0.42011 350.19 0 0
1500 106.088 -9.06347 17.3106 0.754255 -0.154561 350.311 0 0
1500 99.3306 61.3094 17.0516 0.665654 0.887312 350.406 0 0
1500 76.4952 -3.90881 18.3506 0.403622 -0.0252882 350.577 0 0
1500 82.0624 0.63701 17.9898 0.499667 0.0346865 350.539 0 0
1500 48.2065 26.0509 17.5143 -0.132681 0.389884 350.689 0 0
1500 117.847 -30.1512 17.1182 0.880561 -0.436845 350.738 0 0
1500 48.0582 28.8303 17.5159 -0.13459 0.427604 350.757 0 0
1500 104.348 32.1949 17.136 0.651424 0.50492 350.942 0 0
1500 80.1904 -19.1573 17.589 0.369605 -0.326297 350.968 0 0
1500 70.4365 -9.40827 17.1918 0.132793 -0.172665 351.181 0 0
1500 124.629 28.7478 17.0352 0.882835 0.406502 351.245 0 0
1500 111.059 -30.4561 17.2117 0.810417 -0.413941 351.373 0 0
1500 128.66 16.3668 17.1453 1.01558 0.189866 351.55 0 0
1500 61.2201 -48.6137 17.2562 0.0157774 -0.714855 351.548 0 0
1500 72.7393 -62.106 17.199 0.267573 -0.90579 351.658 0 0
1500 147.653 -56.1041 17.155 1.28299 -0.814931 351.799 0 0
1500 21.5235 11.3406 17.1845 -0.529169 0.214416 351.804 0 0
1500 53.4734 7.66084 17.8025 -0.0132576 0.156998 352.013 0 0
1500 61.2529 3.27296 17.329 0.119819 0.032932 352.157 0 0
1500 122.505 14.1893 17.2116 0.979627 0.176391 352.186 0 0
1500 124.374 33.5546 17.1234 0.921816 0.497252 352.239 0 0
1500 45.2205 -13.9879 17.4744 -0.188063 -0.231417 352.342 0 0
1500 71.2003 0.962631 17.7108 0.285041 0.0759926 352.634 0 0
1500 60.6312 12.0912 17.444 0.0517798 0.199526 352.677 0 0
1500 87.2786 2.18061 18.1921 0.51737 0.0253968 352.722 0 0
1500 53.4864 6.86651 17.4471 -0.0322395 0.137986 352.73 0 0
1500 51.9529 0.891459 17.4107 -0.0784424 -0.0491349 352.742 0 0
1500 88.4614 -49.0107 17.4206 0.509736 -0.727104 352.788 0 0
1500 114.497 -48.6183 17.1457 0.821655 -0.650927 352.836 0 0
1500 27.8811 -49.3831 17.3318 -0.492525 -0.774893 352.943 0 0
1500 101.667 61.5028 17.0947 0.647885 0.823646 352.974 0 0
1500 149.601 114.419 17.2113 1.44154 1.70759 353.059 0 0
1500 84.8423 4.96275 17.8908 0.449685 0.0671847 353.431 0 0
1500 3.66939 -21.4866 17.1177 -0.813591 -0.264535 353.473 0 0
1500 58.0566 6.93806 17.543 -0.0070741 0.133888 353.526 0 0
1500 83.7013 -59.848 17.2807 0.430311 -0.871614 353.561 0 0
1500 37.908 -30.7721 17.1428 -0.350666 -0.456079 353.571 0 0
1500 77.7343 16.6188 17.887 0.400698 0.278881 353.797 0 0
1500 96.5022 3.48339 17.4678 0.604025 0.106565 353.788 0 0
1500 85.6067 -52.0215 17.1453 0.38218 -0.784835 354.071 0 0
1500 70.9731 20.1662 17.4619 0.268521 0.325911 354.071 0 0
1500 100.139 62.3918 17.3648 0.614584 0.944757 354.166 0 0
1500 145.447 33.6147 17.2215 1.27867 0.500314 354.278 0 0
1500 58.2812 23.5935 17.2164 -0.057988 0.364601 354.308 0 0
1500 101.734 39.1182 17.321 0.707884 0.543073 354.422 0 0
1500 20.3852 14.5006 17.5233 -0.587833 0.265364 354.724 0 0
1500 98.1461 -22.6655 17.8599 0.806186 -0.442558 354.7 0 0
1500 55.3091 -3.21699 17.5542 -0.0147225 -0.110096 354.84 0 0
1500 44.5258 -49.2006 17.2051 -0.167849 -0.752568 354.859 0 0
1500 29.4767 23.8336 17.8924 -0.471423 0.395165 354.842 0 0
1500 45.5682 -3.7306 17.5551 -0.150109 -0.117163 354.888 0 0
1500 69.0178 39.591 17.5907 0.160673 0.594097 354.888 0 0
1500 30.2493 57.0821 17.1759 -0.449846 0.763408 354.895 0 0
1500 82.8002 -14.1989 18.4029 0.453462 -0.200949 355.056 0 0
1500 76.8387 -30.296 17.3589 0.29902 -0.480922 354.973 0 0
1500 136.405 -61.3012 17.1906 1.16745 -0.853904 355.159 0 0
1500 47.5691 -15.0993 17.8222 -0.116762 -0.246627 355.291 0 0
1500 35.5627 -27.2698 17.3259 -0.292344 -0.452571 355.232 0 0
1500 113.788 -16.564 17.2031 0.810779 -0.244547 355.31 0 0
1500 85.5086 -50.2884 17.2168 0.40062 -0.762704 355.331 0 0
1500 25.4681 -3.27424 17.421 -0.471863 -0.10164 355.338 0 0
1500 43.7698 -49.7582 17.2866 -0.149189 -0.749654 355.395 0 0
1500 41.4131 8.28666 17.5125 -0.240803 0.168467 355.441 0 0
1500 63.1295 20.1769 17.5136 0.0632037 0.334664 355.501 0 0
1500 86.0159 -4.88205 17.2825 0.415924 -0.0681837 355.589 0 0
1500 109.761 -22.2649 17.2004 0.778102 -0.273109 355.605 0 0
1500 106.119 -14.8998 17.5896 0.729923 -0.282415 355.68 0 0
1500 10.6172 -10.4209 17.3736 -0.697008 -0.104163 355.692 0 0
1500 84.8025 50.6397 17.2049 0.428438 0.743081 355.79 0 0
1500 94.6445 9.13519 17.7111 0.549239 0.148247 355.843 0 0
1500 49.9068 51.7515 17.4397 -0.0786895 0.780931 355.866 0 0
1500 60.1172 -28.6737 17.2415 -0.0163397 -0.406009 355.856 0 0
1500 58.5521 32.9425 17.5196 -0.000828517 0.511023 355.813 0 0
1500 30.8191 -34.3478 17.2352 -0.409774 -0.550403 355.923 0 0
1500 96.7101 -26.4457 17.471 0.640267 -0.368087 355.941 0 0
1500 80.9206 -4.68522 17.6359 0.379859 -0.133759 356.017 0 0
1500 37.7549 6.54522 17.2501 -0.296067 0.0355068 356.035 0 0
1500 67.1828 60.7142 17.2113 0.182344 0.880167 356.055 0 0
1500 44.0944 -2.37047 17.2541 -0.216532 -0.0759542 356.117 0 0
1500 89.881 -30.4216 17.3283 0.46851 -0.410667 356.112 0 0
1500 59.891 -7.79081 17.2575 -0.0190956 -0.143567 356.189 0 0
1500 108.203 -35.2779 17.3078 0.738779 -0.541552 356.262 0 0
1500 76.9753 -27.6017 17.727 0.348029 -0.443135 356.497 0 0
1500 99.4987 -53.88 17.2205 0.627676 -0.706615 356.415 0 0
1500 58.0177 -3.27163 17.8652 -0.0164929 -0.0514246 356.475 0 0
1500 126.127 -38.2089 17.6042 1.14146 -0.640928 356.525 0 0
1500 5.92388 -20.4953 17.2491 -0.754139 -0.351822 356.563 0 0
1500 101.68 -0.444417 17.401 0.629252 -0.00671288 356.809 0 0
1500 83.1446 43.893 17.5857 0.378566 0.671126 356.913 0 0
1500 102.143 49.4234 17.4018 0.642018 0.808929 356.921 0 0
1500 104.052 19.778 17.2856 0.642934 0.348105 356.949 0 0
1500 84.1354 -10.3424 18.2069 0.483974 -0.202392 357.189 0 0
1500 33.032 12.1713 17.2748 -0.431881 0.177604 357.532 0 0
1500 113.588 -4.69192 17.6401 0.867751 -0.0868853 357.625 0 0
1500 73.5501 -0.814378 17.3945 0.291507 -0.0386454 357.739 0 0
1500 38.9941 -6.56761 17.4862 -0.254223 -0.130405 357.86 0 0
1500 137.519 -7.8646 17.3367 1.23764 -0.0732684 357.858 0 0
1500 50.9872 -5.79227 17.492 -0.104795 -0.120565 357.986 0 0
1500 97.4579 61.258 17.2647 0.586792 0.864576 357.983 0 0
1500 6.24836 -11.9785 17.3457 -0.80472 -0.23306 358.07 0 0
1500 72.3547 6.93856 18.3766 0.30527 0.152878 358.096 0 0
1500 -2.72409 25.544 17.2838 -0.845311 0.359723 358.314 0 0
1500 110.247 -11.875 17.7314 0.961779 -0.245415 358.342 0 0
1500 97.9288 -23.5666 17.631 0.613819 -0.391563 358.423 0 0
1500 60.727 18.4179 17.5752 0.106127 0.320857 358.556 0 0
1500 80.1024 5.29706 17.7994 0.423957 0.0312189 358.742 0 0
1500 90.8754 55.8425 17.4408 0.491808 0.860427 358.739 0 0
1500 54.1919 -40.1281 17.6411 -0.0320847 -0.624607 358.809 0 0
1500 74.6055 -5.03758 18.5012 0.35271 -0.106147 358.937 0 0
1500 34.6432 -68.5723 17.3339 -0.288349 -0.964904 359.143 0 0
1500 117.129 9.60949 17.3618 0.821575 0.114171 359.404 0 0
1500 94.3249 23.4407 17.679 0.570766 0.389941 359.264 0 0
1500 109.889 8.83638 17.5362 0.800395 0.0797865 359.303 0 0
1500 18.9651 -50.6324 17.3127 -0.616147 -0.700392 359.421 0 0
1500 87.4219 -83.1241 17.3925 0.461579 -1.20619 359.504 0 0
1500 85.3721 6.15063 18.0308 0.519411 0.0446403 359.654 0 0
1500 44.3144 2.49095 17.8749 -0.186024 0.00539293 359.87 0 0
1500 103.809 -0.626141 18.152 0.836844 -0.0439776 359.864 0 0
1500 82.4155 -1.38238 17.9691 0.416487 -0.0564337 360.017 0 0
1500 82.965 -3.4702 17.7638 0.424221 -0.11432 360.026 0 0
1500 88.3527 -10.3911 17.7073 0.459456 -0.172727 360.144 0 0
1500 74.6789 -52.2896 17.4153 0.204423 -0.793507 360.136 0 0
1500 -9.25674 14.0952 17.3833 -0.937623 0.211913 360.247 0 0
1500 103.187 -45.7083 17.4548 0.701231 -0.647379 360.276 0 0
1500 60.834 15.289 18.1464 0.140185 0.275497 360.467 0 0
1500 104.642 -12.8414 17.6009 0.686228 -0.248802 360.505 0 0
1500 124.872 -3.44164 17.349 0.926022 -0.00958722 360.484 0 0
1500 123.574 -15.8878 17.3493 0.908962 -0.172292 360.492 0 0
1500 142.728 27.9818 17.6151 1.33583 0.405664 360.557 0 0
1500 32.8646 -28.9777 17.5911 -0.398583 -0.410359 360.573 0 0
1500 98.2845 -54.2716 17.4633 0.630578 -0.761643 360.633 0 0
1500 101.844 -45.0917 17.5851 0.65279 -0.700998 360.673 0 0
1500 62.9563 -57.2879 17.38 0.108124 -0.86234 360.687 0 0
1500 55.9303 -4.63412 17.6488 -0.0653409 -0.0478945 360.679 0 0
1500 18.7762 50.6597 17.4057 -0.566143 0.685137 360.854 0 0
1500 47.5986 -30.2165 17.4166 -0.0928473 -0.481087 360.858 0 0
1500 122.276 24.7034 17.3698 0.855301 0.38787 360.929 0 0
1500 73.4212 -1.21402 17.7799 0.331462 -0.0343814 360.947 0 0
1500 67.6088 -30.4759 17.7594 0.16453 -0.436889 361.13 0 0
1500 1.83635 -39.1298 17.3818 -0.762718 -0.575675 361.117 0 0
1500 85.5377 45.1857 17.6727 0.402959 0.693827 361.208 0 0
1500 50.5959 -66.1573 17.3879 -0.121593 -0.928778 361.291 0 0
1500 66.2909 73.4977 17.3745 0.0571784 1.02006 361.191 0 0
1500 -6.43737 -33.9935 17.3636 -0.943591 -0.456535 361.387 0 0
1500 91.0365 -58.4636 17.481 0.436465 -0.868301 361.484 0 0
1500 112.8 -7.73609 17.3879 0.758092 -0.0648689 361.504 0 0
1500 75.0814 -2.46125 17.9853 0.37257 -0.0702857 361.538 0 0
1500 100.574 31.2892 17.3912 0.599698 0.438172 361.587 0 0
1500 47.6796 24.3181 17.5305 -0.199248 0.317423 361.564 0 0
1500 82.6532 6.68165 17.5117 0.395373 0.0613102 361.7 0 0
1500 124.312 -18.121 17.4258 0.967295 -0.314292 361.702 0 0
1500 73.9596 -36.3029 17.9009 0.264054 -0.568726 361.803 0 0
1500 104.055 17.4704 17.3995 0.642845 0.259375 361.795 0 0
1500 75.2216 23.0578 17.7954 0.297459 0.394715 361.788 0 0
1500 105.986 0.798345 17.4033 0.66685 0.0450196 361.89 0 0
1500 103.273 -31.0426 17.5021 0.684134 -0.498835 362.178 0 0
1500 83.4696 -47.3776 17.501 0.405115 -0.729954 362.114 0 0
1500 115.393 1.61664 17.5029 0.854537 -0.0380506 362.227 0 0
1500 124.771 20.6318 17.4007 0.937646 0.24425 362.327 0 0
1500 116.602 -3.90124 17.4389 0.883876 -0.0991933 362.353 0 0
1500 25.1417 -29.4072 17.5397 -0.518581 -0.452254 362.313 0 0
1500 45.6075 -41.2276 17.9349 -0.191249 -0.657407 362.506 0 0
1500 105.499 -39.15 17.6972 0.78887 -0.57888 362.559 0 0
1500 12.4785 -11.3458 17.6446 -0.729069 -0.22871 362.517 0 0
1500 81.9056 18.5306 17.9117 0.437734 0.316551 362.576 0 0
1500 105.677 52.1317 17.5078 0.709706 0.745886 362.729 0 0
1500 12.2979 -0.069011 17.4984 -0.718002 -0.00696566 362.73 0 0
1500 88.4496 20.6338 18.1361 0.53723 0.344544 362.805 0 0
1500 81.9233 -14.9091 18.1513 0.482861 -0.23822 362.789 0 0
1500 4.68427 4.37807 17.5466 -0.804851 0.0294267 362.793 0 0
1500 86.3871 0.0472843 18.3325 0.524767 -0.0632899 362.864 0 0
1500 52.1825 8.27827 17.5193 -0.0517747 0.187763 363.014 0 0
1500 23.7467 -11.7442 17.5264 -0.564677 -0.241224 362.963 0 0
1500 114.337 28.2868 17.4311 0.790976 0.341362 363.19 0 0
1500 111.497 -37.7436 17.521 0.788768 -0.584924 363.202 0 0
1500 -4.05305 -28.5766 17.4731 -0.931005 -0.458112 363.197 0 0
1500 123.041 -25.2932 17.6331 1.04534 -0.370979 363.228 0 0
1500 75.1871 -7.67103 18.0639 0.390023 -0.104047 363.37 0 0
1500 116.455 48.9982 17.5612 0.852381 0.739405 363.38 0 0
1500 24.4532 39.7224 17.4734 -0.472957 0.538407 363.527 0 0
1500 95.3386 19.5559 18.0653 0.658672 0.293389 363.53 0 0
1500 79.1443 36.8298 17.9619 0.380657 0.5791 363.552 0 0
1500 75.9072 25.8117 18.3524 0.363864 0.418822 363.567 0 0
1500 31.5635 -3.14186 17.6672 -0.38699 -0.108342 363.666 0 0
1500 84.1013 -25.045 18.1334 0.433632 -0.413593 363.694 0 0
1500 105.275 2.52859 18.0701 0.792118 0.0586716 363.839 0 0
1500 105.497 3.97457 17.4984 0.750048 0.0383868 363.893 0 0
1500 136.907 -27.484 17.6863 1.24294 -0.402503 363.822 0 0
1500 77.0126 18.678 18.4199 0.398576 0.320397 364.122 0 0
1500 36.0055 -12.8777 17.6689 -0.312405 -0.253816 364.085 0 0
1500 61.0764 -52.1247 17.4618 0.0444224 -0.814256 364.203 0 0
1500 81.1303 10.6004 18.306 0.485386 0.182143 364.241 0 0
1500 56.9477 20.6861 17.984 0.0350547 0.360334 364.413 0 0
1500 104.137 -33.4247 17.4649 0.656369 -0.546097 364.407 0 0
1500 92.6935 -44.6151 17.4655 0.493443 -0.704786 364.444 0 0
1500 38.4827 46.0474 17.6726 -0.278937 0.715745 364.549 0 0
1500 89.3225 45.2562 17.6766 0.437739 0.701809 364.827 0 0
1500 104.436 16.8717 17.5309 0.723546 0.206119 364.784 0 0
1500 53.2422 -28.7749 17.9933 -0.0837828 -0.461822 365.375 0 0
1500 13.1717 81.2145 17.9036 -0.735846 1.4567 365.359 0 0
1500 102.633 7.90048 18.4839 0.909448 0.221089 365.416 0 0
1500 -11.6723 17.743 17.5506 -1.01901 0.237914 365.587 0 0
1500 118.101 -32.8972 17.4844 0.841415 -0.530138 365.53 0 0
1500 66.9609 1.39231 18.1945 0.185471 -0.0466575 365.7 0 0
1500 89.3743 10.2357 18.1311 0.606323 0.195237 365.718 0 0
1500 81.8692 25.8711 17.9115 0.36718 0.43194 365.829 0 0
1500 83.5393 -10.674 18.1161 0.430739 -0.188666 366.044 0 0
1500 130.015 -10.3561 17.4932 1.00187 -0.213437 365.975 0 0
1500 107.379 56.1184 17.6863 0.829551 0.962787 366.296 0 0
1500 -13.2767 -10.6585 17.569 -1.0301 -0.150515 366.361 0 0
1500 45.5721 -50.8804 17.9647 -0.173219 -0.863695 366.493 0 0
1500 86.0835 19.7867 18.1504 0.539613 0.285031 366.606 0 0
1500 87.0757 -65.2594 17.5085 0.400869 -0.967274 366.685 0 0
1500 99.1466 14.1234 17.9748 0.700162 0.180539 366.781 0 0
1500 112.339 -45.7694 17.5072 0.816429 -0.619772 366.876 0 0
1500 94.1695 32.3257 17.7355 0.523091 0.528528 366.851 0 0
1500 90.177 -39.5405 17.6561 0.478311 -0.636699 366.883 0 0
1500 71.9542 17.1985 17.5663 0.253037 0.308937 366.848 0 0
1500 62.1114 28.6637 17.9508 0.130714 0.475253 367.054 0 0
1500 80.1797 -66.9637 17.5788 0.366323 -0.962505 367.358 0 0
1500 99.0819 28.6221 17.6324 0.607138 0.374634 367.518 0 0
1500 103.784 20.2779 17.6081 0.627611 0.324185 367.644 0 0
1500 75.3119 -15.2779 18.2606 0.344552 -0.223551 367.63 0 0
1500 84.2218 -14.3431 18.4452 0.542684 -0.210779 367.716 0 0
1500 124.224 114.515 17.5378 0.982506 1.58588 367.757 0 0
1500 8.43606 22.8567 17.6567 -0.767666 0.31003 367.75 0 0
1500 71.499 7.60407 18.2532 0.292094 0.17546 367.845 0 0
1500 87.1482 -3.69997 18.0499 0.541776 -0.0786121 367.867 0 0
1500 77.4177 -11.9889 17.8135 0.277536 -0.21471 367.91 0 0
1500 19.5838 25.2758 17.7097 -0.601251 0.397018 368.03 0 0
1500 61.815 -7.95927 17.8211 0.0799446 -0.163322 368.108 0 0
1500 57.9755 37.8292 17.7752 0.05878 0.610977 368.112 0 0
1500 109.87 19.8961 17.8331 0.8032 0.339282 368.252 0 0
1500 82.259 33.0386 18.0728 0.448657 0.520891 368.371 0 0
1500 121.241 47.1433 17.7466 1.04017 0.797 368.368 0 0
1500 69.8079 47.5172 17.6116 0.230051 0.735396 368.472 0 0
1500 80.1036 -6.83839 18.2144 0.398623 -0.166963 368.496 0 0
1500 103.726 22.5378 17.6131 0.720011 0.372198 368.652 0 0
1500 -4.13134 -24.5788 17.6013 -0.893217 -0.416973 368.751 0 0
1500 135.178 37.4142 17.7316 1.2345 0.551988 368.734 0 0
1500 4.85183 -45.8447 17.7861 -0.896255 -0.739368 368.83 0 0
1500 61.4925 63.2676 17.5859 0.0959663 0.956644 369.013 0 0
1500 101.456 17.9048 17.622 0.70661 0.265014 368.863 0 0
1500 84.9387 -59.2841 17.6769 0.49298 -0.951446 369.066 0 0
1500 93.3417 -41.6633 17.7671 0.604657 -0.667157 369.149 0 0
1500 105.7 6.62202 18.0553 0.794089 0.0609391 369.182 0 0
1500 74.604 62.0113 17.588 0.282367 0.936543 369.176 0 0
1500 20.5378 -57.3807 17.6105 -0.539389 -0.874098 369.343 0 0
1500 83.8954 -74.8611 17.6576 0.410833 -1.18681 369.35 0 0
1500 18.1424 45.297 17.7906 -0.616236 0.69097 369.413 0 0
1500 98.6739 52.366 17.9021 0.661765 0.864263 369.457 0 0
1500 59.5001 -3.72072 18.233 0.0793141 -0.106977 369.719 0 0
1500 59.6349 -24.7156 17.7255 -0.024046 -0.348322 369.763 0 0
1500 83.7658 3.93232 18.3449 0.524883 0.0300383 369.748 0 0
1500 113.768 33.0758 17.6387 0.787804 0.492445 369.918 0 0
1500 49.5491 -11.7234 17.7305 -0.153799 -0.18048 369.906 0 0
1500 82.9507 7.70914 18.2514 0.502515 0.137012 370.129 0 0
1500 95.3964 7.64337 18.1128 0.759751 0.121675 370.196 0 0
1500 84.8699 -39.5421 17.6083 0.353061 -0.58433 370.273 0 0
1500 91.6311 -7.50864 18.0801 0.553623 -0.177412 370.274 0 0
1500 30.2496 -61.4179 17.655 -0.404784 -0.889396 370.354 0 0
1500 66.2963 -28.7058 17.6783 0.197181 -0.444381 370.336 0 0
1500 63.6523 6.04505 17.6217 0.0796731 0.163832 370.336 0 0
1500 84.9395 -1.31262 18.2871 0.472741 0.00544522 370.573 0 0
1500 79.6982 -38.7105 17.9539 0.396088 -0.609972 370.693 0 0
1500 46.7204 16.3765 18.0162 -0.237204 0.333152 370.786 0 0
1500 61.3641 -25.9464 17.6334 0.0442263 -0.402017 371.019 0 0
1500 52.2925 9.71463 17.8477 -0.112334 0.189591 371.049 0 0
1500 48.3719 27.7349 17.9979 -0.162673 0.498694 371.061 0 0
1500 90.6934 -60.4551 17.7089 0.492243 -0.912639 371.287 0 0
1500 69.8913 54.0318 18.048 0.269603 0.926984 371.367 0 0
1500 100.48 -18.5991 17.714 0.683532 -0.311751 371.432 0 0
1500 104.049 42.2 17.6265 0.65966 0.620226 371.85 0 0
1500 50.2692 4.63297 18.2913 -0.164208 0.0695469 371.962 0 0
1500 84.6553 -31.0541 17.9729 0.492767 -0.466808 372.055 0 0
1500 59.4588 67.3608 17.694 0.0570304 1.01365 372.221 0 0
1500 88.4245 -60.8872 17.668 0.467751 -0.879437 372.415 0 0
1500 105.621 31.7351 17.6713 0.760561 0.455415 372.555 0 0
1500 58.9481 -34.5076 17.9228 0.0810691 -0.564692 372.588 0 0
1500 23.9975 44.9113 17.938 -0.505378 0.761989 372.716 0 0
1500 144.578 -26.3201 17.6993 1.31735 -0.406262 372.823 0 0
1500 52.3963 -57.0138 17.736 -0.132334 -0.859376 372.888 0 0
1500 116.352 13.7847 17.6504 0.900096 0.159614 372.867 0 0
1500 79.4328 -9.94905 18.4804 0.38042 -0.18379 372.915 0 0
1500 117.323 15.4228 17.6516 0.912512 0.182911 372.987 0 0
1500 86.715 -7.21335 17.8548 0.508333 -0.155313 373.001 0 0
1500 90.7175 30.2108 17.7191 0.455496 0.459945 373.042 0 0
1500 73.4536 -10.6306 18.1847 0.298543 -0.179708 373.05 0 0
1500 36.8085 -25.7258 17.7616 -0.287124 -0.396332 373.068 0 0
1500 169.879 19.7792 17.8161 1.78244 0.358705 373.098 0 0
1500 87.0412 -6.88422 18.0859 0.531847 -0.139415 373.241 0 0
1500 102.478 -41.2283 18.0671 0.792013 -0.761726 373.207 0 0
1500 114.005 12.0991 18.0007 0.894921 0.204268 373.392 0 0
1500 31.5003 -58.6449 17.6935 -0.421294 -0.889814 373.493 0 0
1500 57.7661 -11.2945 17.9792 0.00338784 -0.233312 373.529 0 0
1500 50.8846 23.143 17.9893 -0.128801 0.374454 373.546 0 0
1500 58.5877 -14.1755 17.7616 0.0756273 -0.204205 373.591 0 0
1500 55.8094 -44.5914 17.7084 -0.0416222 -0.655275 373.608 0 0
1500 25.0333 -57.0345 17.6963 -0.511769 -0.863964 373.728 0 0
1500 77.3325 -15.6908 18.0559 0.275836 -0.2766 373.598 0 0
1500 54.0601 4.86647 18.0494 -0.0292295 0.142452 373.636 0 0
1500 45.9606 15.3655 17.7439 -0.131986 0.261933 373.826 0 0
1500 71.6939 -48.2285 17.7167 0.174984 -0.695239 373.952 0 0
1500 60.9728 -60.3315 17.9986 0.0851759 -1.01122 374.033 0 0
1500 73.6059 12.9879 18.9806 0.3492 0.217852 374.082 0 0
1500 75.6491 19.135 18.0226 0.327672 0.348907 374.155 0 0
1500 112.706 -9.83731 17.9385 0.868702 -0.186074 374.203 0 0
1500 6.49332 -71.3342 17.7319 -0.849945 -1.1286 374.241 0 0
1500 82.2515 -6.12862 18.3214 0.416955 -0.157792 374.305 0 0
1500 85.9633 0.265515 18.4182 0.561105 0.0116944 374.366 0 0
1500 97.7155 -23.2547 18.0061 0.647397 -0.401284 374.685 0 0
1500 30.703 29.387 17.9011 -0.422613 0.490199 374.856 0 0
1500 77.1046 20.1409 18.4843 0.41129 0.343559 374.931 0 0
1500 13.8994 -3.92573 17.8479 -0.704895 -0.0519265 374.968 0 0
1500 30.3887 -12.3823 18.0768 -0.41636 -0.23435 374.998 0 0
1500 39.0257 -37.4332 17.8764 -0.31453 -0.59897 375.12 0 0
1500 93.8833 14.3638 17.9472 0.563543 0.198057 375.553 0 0
1500 89.4303 44.7382 17.7127 0.463153 0.711597 375.318 0 0
1500 50.7474 53.7932 17.7124 -0.0909891 0.841689 375.286 0 0
1500 63.9114 -33.5651 17.9883 0.0948372 -0.561946 375.354 0 0
1500 88.9831 -13.0514 17.894 0.549382 -0.162296 375.487 0 0
1500 74.2131 13.5633 18.4559 0.324979 0.265935 375.772 0 0
1500 86.2839 -7.6136 18.1504 0.456277 -0.182962 375.752 0 0
1500 104.357 6.82175 17.913 0.696925 0.116663 375.814 0 0
1500 89.1782 -4.69321 18.1504 0.498215 -0.14014 375.805 0 0
1500 69.9905 -34.4061 17.8463 0.152005 -0.501259 375.845 0 0
1500 90.3702 -6.2731 18.1503 0.515255 -0.163108 375.856 0 0
1500 88.2502 9.75359 18.1212 0.56826 0.140875 375.898 0 0
1500 64.3614 -7.9673 17.7639 0.152205 -0.100078 376.073 0 0
1500 -2.18921 -31.2895 17.679 -0.889622 -0.473063 376.096 0 0
1500 53.9869 51.8912 17.946 -0.0257425 0.828371 376.059 0 0
1500 46.1306 7.28126 18.3515 -0.224392 0.154244 376.087 0 0
1500 53.2565 69.4716 17.7087 -0.051042 1.04654 376.174 0 0
1500 91.5545 -9.58222 18.1525 0.541645 -0.158237 376.202 0 0
1500 67.1052 24.3808 17.994 0.109144 0.402526 376.198 0 0
1500 40.8739 -32.4951 17.8591 -0.307195 -0.50397 376.265 0 0
1500 48.5524 3.29785 18.015 -0.124586 0.119728 376.307 0 0
1500 127.378 44.5507 17.9697 1.2066 0.735937 376.222 0 0
1500 79.5328 44.5942 18.1611 0.357297 0.811236 376.243 0 0
1500 30.4349 -61.791 17.7393 -0.419565 -0.898438 376.321 0 0
1500 76.4472 63.2736 17.8487 0.313353 0.967997 376.454 0 0
1500 102.057 45.374 17.7044 0.59449 0.684079 376.561 0 0
1500 129.712 -42.9821 17.8816 1.17683 -0.654549 376.598 0 0
1500 65.738 0.274837 18.1532 0.213195 0.00256625 376.666 0 0
1500 87.4902 -1.31049 17.8704 0.466549 -0.00144166 376.727 0 0
1500 82.0274 55.1562 17.9487 0.378538 0.866701 376.789 0 0
1500 112.356 -9.57079 17.7779 0.7974 -0.149783 376.752 0 0
1500 -100.626 -80.2925 17.7788 -2.50882 -1.33673 376.887 0 0
1500 48.5356 23.1702 17.8541 -0.149267 0.359256 377.035 0 0
1500 50.5292 41.1795 18.1846 -0.124254 0.728205 376.969 0 0
1500 125.159 -3.40779 17.7115 1.0504 0.00195224 377.229 0 0
1500 98.8258 -44.6521 17.8236 0.620797 -0.718769 377.369 0 0
1500 47.5188 46.3082 17.8073 -0.190554 0.741489 377.323 0 0
1500 60.7973 49.2372 17.991 0.0390888 0.85514 377.352 0 0
1500 114.416 43.4228 18.2757 1.01952 0.772415 377.358 0 0
1500 50.0716 55.2714 17.7411 -0.0976986 0.837372 377.411 0 0
1500 117.097 -14.9578 18.3009 1.13659 -0.269739 377.378 0 0
1500 59.8683 7.28868 17.8229 0.0763541 0.17385 377.504 0 0
1500 34.8087 -32.1882 17.7737 -0.434237 -0.473377 377.5 0 0
1500 66.6676 48.8863 18.173 0.166734 0.896256 377.641 0 0
1500 26.4523 61.912 17.8162 -0.482065 0.930769 377.888 0 0
1500 83.0068 5.67701 18.5739 0.537599 0.0933998 377.955 0 0
1500 122.402 2.93287 17.9015 1.00952 0.0719137 377.808 0 0
1500 115.504 15.5963 17.9908 0.920679 0.262642 377.918 0 0
1500 73.3013 -4.34888 18.0455 0.321373 -0.015469 377.978 0 0
1500 50.2752 -11.4049 17.7786 -0.12464 -0.246852 377.912 0 0
1500 95.0146 31.3852 17.8754 0.55841 0.565303 377.846 0 0
1500 51.5878 -9.85098 17.9322 -0.146891 -0.147048 377.995 0 0
1500 14.4975 -25.1616 17.7786 -0.623452 -0.387504 378.018 0 0
1500 60.1599 21.3334 17.8339 -0.0174993 0.365183 378.084 0 0
1500 92.669 17.9792 17.8542 0.493063 0.335843 378.41 0 0
1500 80.331 -12.6447 17.842 0.356023 -0.204975 378.346 0 0
1500 84.045 -1.06591 18.09 0.443129 0.0294493 378.329 0 0
1500 22.2155 14.8823 17.8538 -0.552001 0.287283 378.466 0 0
1500 127.604 33.5803 18.133 1.21949 0.599988 378.386 0 0
1500 59.9451 35.5603 17.8327 -0.0206001 0.575252 378.483 0 0
1500 51.9992 -32.0119 18.0218 -0.139828 -0.53468 378.506 0 0
1500 88.1811 -42.0175 17.8515 0.53018 -0.61869 378.661 0 0
1500 33.5623 -43.3554 17.8374 -0.353099 -0.709653 378.681 0 0
1500 88.9879 29.3141 18.2052 0.607905 0.514318 378.695 0 0
1500 95.5527 14.573 18.0447 0.639364 0.265407 378.959 0 0
1500 38.9808 22.2261 18.1154 -0.299047 0.357753 378.978 0 0
1500 54.2933 47.5297 17.7874 -0.00639483 0.764258 379.045 0 0
1500 29.2904 -25.2479 17.7688 -0.487937 -0.33067 378.781 0 0
1500 110.9 -20.4336 18.6102 1.02996 -0.36914 378.905 0 0
1500 47.8928 -39.0579 17.8297 -0.181248 -0.646173 379.259 0 0
1500 63.7207 -12.0026 18.1083 0.174342 -0.175265 379.461 0 0
1500 73.1679 -53.6377 17.8513 0.283426 -0.834608 379.466 0 0
1500 8.02857 1.43114 17.7676 -0.79863 0.0692845 379.502 0 0
1500 71.8089 -17.1788 18.0654 0.175749 -0.282932 379.425 0 0
1500 87.0113 10.3183 18.2366 0.539114 0.245751 379.524 0 0
1500 92.3064 -17.9007 17.9583 0.512988 -0.336751 379.587 0 0
1500 91.008 9.09407 18.8286 0.660069 0.194634 379.605 0 0
1500 96.0366 -17.5332 17.958 0.567339 -0.33069 379.71 0 0
1500 80.7221 40.6748 17.8816 0.315959 0.668129 379.787 0 0
1500 68.0644 -3.77706 18.1229 0.175772 -0.127769 379.746 0 0
1500 89.2633 52.4112 17.8556 0.434927 0.827493 379.873 0 0
1500 60.7749 -11.135 18.2634 0.0332422 -0.171373 379.858 0 0
1500 63.6723 1.29839 18.2529 0.191577 0.00821576 379.968 0 0
1500 52.2575 -66.6585 17.8191 -0.0961795 -1.02369 379.92 0 0
1500 42.4023 1.80142 18.2632 -0.237125 0.0190998 379.905 0 0
1500 162.41 74.4617 17.7261 1.53602 1.0524 380.069 0 0
1500 128.067 -12.49 17.7429 1.02613 -0.118127 380.173 0 0
1500 64.1081 13.8958 18.456 0.180738 0.273864 380.25 0 0
1500 75.8344 19.1949 18.1086 0.259219 0.352927 380.339 0 0
1500 94.969 -31.0975 18.0898 0.652473 -0.567235 380.327 0 0
1500 62.7027 -8.91784 17.907 0.13072 -0.153808 380.553 0 0
1500 51.8056 65.1217 17.8593 -0.108988 1.00195 380.592 0 0
1500 259.051 111.046 17.7906 3.1827 1.71903 380.594 0 0
1500 92.8298 -10.0113 18.4595 0.592377 -0.215521 380.73 0 0
1500 65.7484 -15.423 18.1793 0.134199 -0.297191 380.936 0 0
1500 61.5995 11.9426 18.0037 0.00775115 0.194325 380.912 0 0
1500 125.445 -10.187 17.86 1.07687 -0.228105 380.906 0 0
1500 110.09 43.5274 17.8325 0.78919 0.682191 381.057 0 0
1500 73.0285 -32.4895 17.7763 0.299916 -0.517711 381.038 0 0
1500 110.041 43.0062 17.9786 0.863499 0.750752 381.193 0 0
1500 42.3741 31.1803 18.0127 -0.305282 0.574168 381.216 0 0
1500 169.695 60.8888 18.1477 1.94045 1.13209 381.043 0 0
1500 65.6338 -15.978 18.5994 0.157011 -0.255579 381.279 0 0
1500 107.685 18.8065 17.8857 0.823674 0.294531 381.295 0 0
1500 47.3347 24.1565 18.1021 -0.223931 0.355881 381.277 0 0
1500 71.8234 -42.433 17.9761 0.290153 -0.680293 381.345 0 0
1500 56.809 39.1263 17.9983 -0.0644013 0.601463 381.551 0 0
1500 61.3613 -68.4637 17.7896 0.0403402 -1.04744 381.742 0 0
1500 32.7701 26.4558 18.03 -0.396081 0.454315 381.666 0 0
1500 83.7662 63.8133 17.8401 0.409282 0.961719 381.784 0 0
1500 104.449 -23.9491 18.3135 0.837663 -0.477382 381.775 0 0
1500 64.0623 -56.4932 18.024 0.142855 -0.914538 381.892 0 0
1500 85.1085 -31.1167 18.366 0.461638 -0.524418 381.867 0 0
1500 96.0657 -17.3283 17.8684 0.570876 -0.248079 381.918 0 0
1500 38.1954 -24.9954 17.9613 -0.296631 -0.37725 382.011 0 0
1500 102.164 -7.73835 17.8972 0.752892 -0.120484 382.107 0 0
1500 159.928 35.3814 17.9633 1.67758 0.592397 382.028 0 0
1500 64.9067 39.3456 18.6387 0.156592 0.748144 382.355 0 0
1500 123.037 -8.90921 17.957 1.02742 -0.117429 382.456 0 0
1500 112.762 41.2047 17.7846 0.819793 0.644151 382.547 0 0
1500 58.9659 -26.0476 17.9117 -0.0119243 -0.460238 382.568 0 0
1500 123.192 2.25341 17.8877 1.03079 0.0479279 382.793 0 0
1500 102.211 49.9893 17.9852 0.751686 0.89017 382.806 0 0
1500 103.366 -41.921 17.9736 0.74409 -0.657587 382.879 0 0
1500 65.7965 2.95592 18.0295 0.110632 -0.0210856 382.908 0 0
1500 111.403 41.243 17.8331 0.806404 0.664698 383.06 0 0
1500 114.834 36.9204 17.7947 0.864191 0.571991 383.184 0 0
1500 23.3912 20.8411 17.954 -0.570223 0.283272 383.216 0 0
1500 110.578 15.2782 18.1055 0.88576 0.233594 383.34 0 0
1500 31.1333 32.5571 17.9145 -0.454641 0.528936 383.326 0 0
1500 49.6931 31.1279 18.5474 -0.17438 0.578923 383.284 0 0
1500 85.753 -18.1706 18.0469 0.516929 -0.238735 383.411 0 0
1500 35.6598 24.8914 18.2939 -0.351099 0.510028 383.409 0 0
1500 109.54 22.6594 18.1053 0.868954 0.341256 383.464 0 0
1500 31.7929 -19.8963 18.0246 -0.402875 -0.36542 383.443 0 0
1500 73.5692 42.2226 18.0293 0.255056 0.756458 383.571 0 0
1500 121.248 111.598 17.7836 0.977433 1.72327 383.715 0 0
1500 85.6747 82.0634 17.8323 0.369453 1.28307 383.682 0 0
1500 83.3367 -28.7524 17.994 0.416737 -0.508491 383.637 0 0
1500 119.277 -10.4429 17.7674 0.929021 -0.227411 383.78 0 0
1500 135.066 -19.5095 17.8287 1.29642 -0.279667 383.803 0 0
1500 86.5156 44.4618 18.4589 0.570068 0.777361 383.907 0 0
1500 78.7306 12.8262 18.4046 0.407932 0.166059 383.951 0 0
1500 116.536 26.4881 17.8942 0.94366 0.383657 383.885 0 0
1500 41.7874 25.4365 17.923 -0.244876 0.458018 383.914 0 0
1500 90.5869 -32.3383 18.0209 0.479652 -0.548628 383.97 0 0
1500 81.2987 -17.695 18.1541 0.397638 -0.281144 384.009 0 0
1500 84.6307 -24.5792 18.1327 0.503285 -0.408448 384.019 0 0
1500 80.5839 -10.6933 17.8908 0.430663 -0.166835 384.007 0 0
1500 111.375 41.7258 17.8402 0.794695 0.662267 384.043 0 0
1500 96.1662 19.3874 18.3954 0.704226 0.311142 384.053 0 0
1500 37.9355 24.021 18.1708 -0.376216 0.403486 384.08 0 0
1500 52.0435 -67.5692 17.8528 -0.057341 -1.03362 384.152 0 0
1500 38.7868 12.0985 18.0841 -0.310641 0.231615 384.241 0 0
1500 48.3203 26.7656 17.9021 -0.108493 0.47853 384.286 0 0
1500 56.1443 19.3162 17.9688 -0.0822585 0.278883 384.289 0 0
1500 32.715 -19.7948 17.8722 -0.411023 -0.399592 384.096 0 0
1500 44.2149 50.765 18.0376 -0.223411 0.807623 384.413 0 0
1500 85.3826 -48.9051 17.7977 0.445053 -0.796361 384.439 0 0
1500 51.781 40.9922 17.92 -0.0932116 0.687569 384.433 0 0
1500 37.4773 -5.72042 17.9661 -0.326502 -0.0189888 384.478 0 0
1500 55.1451 -29.035 18.3599 -0.0690989 -0.537102 384.472 0 0
1500 100.794 -6.09903 17.9157 0.63831 -0.132371 384.574 0 0
1500 94.5716 -55.0627 17.8571 0.546489 -0.849502 384.606 0 0
1500 129.279 -26.7335 17.8695 1.16602 -0.387731 384.77 0 0
1500 38.2189 34.4187 17.9931 -0.36262 0.644515 384.77 0 0
1500 55.432 -64.9373 17.8604 -0.00885222 -0.985344 384.912 0 0
1500 27.425 -33.1261 17.8049 -0.529922 -0.46306 384.892 0 0
1500 19.0418 -22.0638 17.7813 -0.599328 -0.411401 385 0 0
1500 95.9089 -58.3837 17.8793 0.662004 -0.93115 385.004 0 0
1500 94.1488 -41.4845 17.9084 0.578159 -0.743998 385.103 0 0
1500 77.3276 8.15807 18.1245 0.420944 0.155593 385.019 0 0
1500 69.4042 -20.4652 18.1087 0.162202 -0.333967 385.178 0 0
1500 36.5587 79.6818 17.9657 -0.432185 1.31577 385.146 0 0
1500 99.9351 11.1185 18.2844 0.752599 0.149999 385.22 0 0
1500 85.6489 15.6893 18.3755 0.510883 0.306878 385.291 0 0
1500 73.8746 0.0170888 18.0634 0.293761 -0.0364529 385.463 0 0
1500 67.5348 -8.7679 18.0644 0.209409 -0.153091 385.505 0 0
1500 103.838 -46.6503 17.8556 0.713201 -0.746023 385.506 0 0
1500 87.3689 -13.5174 18.1342 0.443015 -0.266069 385.52 0 0
1500 85.4299 19.2932 18.0876 0.463197 0.269114 385.729 0 0
1500 108.843 -24.3595 17.7985 0.803666 -0.30939 385.54 0 0
1500 79.2671 -8.26955 18.082 0.326015 -0.194315 385.572 0 0
1500 40.711 18.2233 18.0023 -0.307559 0.311934 385.669 0 0
1500 21.445 -17.7378 17.8107 -0.580284 -0.345288 385.729 0 0
1500 94.5563 43.7259 18.1147 0.598522 0.776073 385.543 0 0
1500 73.5499 26.0164 18.1244 0.288728 0.393636 385.764 0 0
1500 54.7795 -36.8148 17.8612 -0.0309026 -0.644163 385.8 0 0
1500 87.117 -38.3158 17.8197 0.41962 -0.596718 385.885 0 0
1500 43.0496 -23.7043 18.108 -0.308191 -0.405218 385.904 0 0
1500 82.7204 -48.0796 17.876 0.370598 -0.735088 386.075 0 0
1500 40.9049 21.916 17.8532 -0.253271 0.414663 386.071 0 0
1500 72.1253 16.1381 17.8438 0.230434 0.273957 386.094 0 0
1500 104.702 24.596 18.0147 0.768794 0.420324 386.146 0 0
1500 11.0312 19.0333 17.8814 -0.740789 0.349062 386.148 0 0
1500 47.3105 -25.0436 17.8727 -0.156594 -0.477947 386.142 0 0
1500 100.864 15.4801 18.3949 0.770656 0.25093 386.243 0 0
1500 45.376 60.6385 17.893 -0.148719 0.9643 386.311 0 0
1500 5.35157 10.589 17.8805 -0.824239 0.221288 386.318 0 0
1500 87.8943 -16.8599 18.1126 0.556273 -0.219407 386.367 0 0
1500 104.053 -10.5885 17.9274 0.714539 -0.131338 386.509 0 0
1500 75.0452 -54.2878 17.9433 0.268265 -0.904333 386.545 0 0
1500 41.2558 -55.8759 17.8129 -0.336684 -0.850983 386.644 0 0
1500 59.929 -3.9699 18.0914 0.0400733 -0.139355 386.668 0 0
1500 116.299 19.8466 18.0076 0.947969 0.312511 386.732 0 0
1500 14.7838 -38.8005 17.7831 -0.638204 -0.657929 386.722 0 0
1500 82.1936 12.9716 18.2201 0.371651 0.224067 386.755 0 0
1500 78.6675 -51.7533 18.0151 0.328255 -0.840662 386.75 0 0
1500 114.495 -20.2032 17.9148 0.876529 -0.287581 386.79 0 0
1500 54.8536 -37.3373 17.8903 0.000178257 -0.636823 386.816 0 0
1500 73.875 9.15966 17.9385 0.285491 0.213365 386.762 0 0
1500 61.4117 -16.4949 18.4236 0.0565907 -0.249593 386.859 0 0
1500 88.875 0.954633 18.3494 0.563093 0.0802984 387.032 0 0
1500 73.5422 40.8363 18.0103 0.282458 0.688239 386.999 0 0
1500 47.5595 13.8363 18.1592 -0.170246 0.26234 387.023 0 0
1500 44.0105 -0.738198 18.1602 -0.224511 0.0406911 386.941 0 0
1500 0.969457 24.9982 17.8777 -0.878509 0.432106 387.195 0 0
1500 40.5284 -23.8423 17.9873 -0.260982 -0.376563 387.243 0 0
1500 62.7692 12.9347 18.5098 0.101762 0.219762 387.371 0 0
1500 17.6285 -48.8753 17.7864 -0.5567 -0.760969 387.216 0 0
1500 79.17 -50.4393 17.9403 0.386631 -0.807749 387.267 0 0
1500 71.8172 51.4639 17.8484 0.271728 0.825377 387.308 0 0
1500 44.6038 -47.26 17.8854 -0.15537 -0.782014 387.374 0 0
1500 31.7782 -4.73155 18.0789 -0.420488 -0.0187608 387.228 0 0
1500 71.5947 48.8171 18.2267 0.284324 0.871599 387.223 0 0
1500 85.2812 -1.01708 17.9113 0.462443 0.0546247 387.476 0 0
1500 150.608 -16.3057 18.1019 1.63561 -0.235027 387.469 0 0
1500 122.902 18.6305 18.209 1.27904 0.339605 387.485 0 0
1500 80.6185 -48.2507 18.1495 0.382833 -0.787424 387.607 0 0
1500 82.2254 -21.9211 18.3092 0.373386 -0.374761 387.983 0 0
1500 67.8748 12.4118 18.8995 0.224157 0.216189 387.969 0 0
1500 84.7527 17.517 18.2172 0.466004 0.262364 387.691 0 0
1500 73.0673 -19.4125 18.538 0.280047 -0.318041 387.838 0 0
1500 85.322 9.14668 18.3579 0.49119 0.124999 388.077 0 0
1500 57.5698 6.71854 18.2069 0.071101 0.147017 388.125 0 0
1500 108.506 25.1759 17.8465 0.822008 0.425712 387.659 0 0
1500 55.991 -39.3358 18.0835 0.0116402 -0.669698 387.676 0 0
1500 46.8522 -41.9315 18.0451 -0.128343 -0.708664 388.064 0 0
1500 70.1375 -23.164 18.0888 0.268214 -0.411313 387.945 0 0
1500 69.0435 41.02 17.9165 0.2108 0.694812 387.999 0 0
1500 109.413 -11.8987 17.8318 0.823332 -0.112057 387.603 0 0
1500 39.4507 23.4787 17.8151 -0.361888 0.33271 387.587 0 0
1500 50.1988 12.7578 17.9924 -0.153418 0.252727 388.084 0 0
1500 89.6256 12.4662 18.3561 0.610961 0.263447 387.821 0 0
1500 60.2218 -19.8012 18.0298 0.106154 -0.310829 388.14 0 0
1500 73.3115 -65.1881 17.7926 0.18658 -1.0242 388.187 0 0
1500 57.1766 63.3171 17.8445 0.0497058 0.990735 388.232 0 0
1500 114.346 78.5135 17.8738 0.901952 1.25938 388.166 0 0
1500 79.9196 -42.1904 18.2994 0.36684 -0.761658 388.176 0 0
1500 106.187 31.2265 18.449 0.856659 0.554264 388.405 0 0
1500 -2.98659 -23.7438 17.9201 -0.958938 -0.348158 388.503 0 0
1500 77.2961 -57.0076 17.8184 0.306132 -0.866314 388.389 0 0
1500 84.4944 -61.8152 17.8644 0.359166 -0.972027 388.306 0 0
1500 18.1573 49.2955 17.8381 -0.58381 0.808836 388.313 0 0
1500 46.3195 50.3839 17.8705 -0.152449 0.837273 388.508 0 0
1500 138.803 -19.5621 18.0181 1.38078 -0.344986 388.487 0 0
1500 65.465 -14.6695 18.0467 0.166624 -0.311793 388.359 0 0
1500 66.1266 19.1867 17.9103 0.0546087 0.335637 388.315 0 0
1500 89.8035 -14.6605 18.0943 0.586294 -0.331881 388.466 0 0
1500 92.9736 34.0474 18.1496 0.608155 0.568686 388.594 0 0
1500 62.0771 3.08217 18.0497 0.0552169 0.116101 388.667 0 0
1500 91.1077 12.8574 18.0903 0.605273 0.203153 388.711 0 0
1500 47.4016 -4.33382 18.2323 -0.125316 -0.117509 388.835 0 0
1500 65.5904 15.1443 18.0929 0.194721 0.233517 388.934 0 0
1500 8.60245 -45.0924 17.795 -0.758149 -0.720203 388.941 0 0
1500 109.756 39.5058 17.8439 0.824883 0.629061 388.942 0 0
1500 86.333 -56.5449 17.8784 0.466816 -0.901523 388.937 0 0
1500 80.7805 47.9104 17.8985 0.385008 0.792259 388.834 0 0
1500 64.3194 38.4794 17.9841 0.0640193 0.643485 388.738 0 0
1500 69.8633 -110.204 17.9223 0.20123 -1.84388 388.729 0 0
1500 107.712 29.0075 17.8898 0.768243 0.436501 388.988 0 0
1500 90.6383 9.08843 18.4326 0.574996 0.111926 389.18 0 0
1500 75.4827 65.0005 17.8445 0.317161 0.998593 389.39 0 0
1500 119.688 23.6028 17.8441 0.967933 0.393032 389.186 0 0
1500 78.4864 62.4921 17.8376 0.311661 0.994007 389.09 0 0
1500 69.1978 11.7686 18.1019 0.269866 0.214021 389.121 0 0
1500 100.357 -22.5088 18.1051 0.678915 -0.412916 389.123 0 0
1500 81.4133 39.6927 17.9768 0.410033 0.670366 389.31 0 0
1500 36.1439 15.4813 18.0446 -0.34351 0.305964 389.021 0 0
1500 52.7417 26.3326 18.004 -0.125306 0.444744 389.284 0 0
1500 39.0647 -33.6849 17.8588 -0.314003 -0.592204 389.309 0 0
1500 160.268 56.808 17.8831 1.69853 0.989912 389.199 0 0
1500 32.9775 1.4642 17.9669 -0.442124 -0.048786 389.338 0 0
1500 26.2883 12.4707 18.167 -0.566038 0.27057 389.039 0 0
1500 81.2473 -52.4937 18.338 0.496032 -0.986137 389.07 0 0
1500 -7.09328 15.4859 17.8022 -0.999098 0.3129 389.495 0 0
1500 42.0578 -11.3989 17.997 -0.2236 -0.253521 389.445 0 0
1500 126.59 49.7203 18.2079 1.22139 0.84603 389.46 0 0
1500 58.8986 -34.6804 17.9356 0.0515747 -0.606745 389.56 0 0
1500 29.7244 -17.0406 18.1871 -0.483293 -0.247434 389.608 0 0
1500 127.167 -11.8493 17.9106 1.19532 -0.178119 389.602 0 0
1500 75.4957 29.2056 18.1217 0.388515 0.551557 389.549 0 0
1500 48.9771 -17.375 17.8524 -0.187977 -0.261055 389.744 0 0
1500 98.1299 1.20415 17.8215 0.684474 0.0610624 389.695 0 0
1500 78.4046 15.9464 18.2895 0.357908 0.275241 389.847 0 0
1500 114.232 30.7206 17.8937 0.874233 0.523222 390.035 0 0
1500 102.652 24.4555 18.0723 0.728811 0.438428 389.885 0 0
1500 90.7091 -33.1541 18.0307 0.564471 -0.565039 390.003 0 0
1500 54.1163 -25.7933 17.8466 -0.0204438 -0.415035 390.231 0 0
1500 95.7308 17.6194 18.1207 0.634848 0.338408 390.236 0 0
1500 25.7501 -6.73606 18.0058 -0.510861 -0.170482 390.324 0 0
1500 60.8294 -26.0638 17.925 0.0188238 -0.471734 390.448 0 0
1500 64.8411 -46.4615 18.2788 0.119991 -0.797931 390.404 0 0
1500 109.362 -8.60812 17.7985 0.825623 -0.0683847 390.598 0 0
1500 62.9936 96.8171 17.8435 0.0959352 1.51443 390.756 0 0
1500 82.8462 15.1929 18.8497 0.464787 0.281016 390.926 0 0
1500 63.1418 7.46351 18.1608 0.0790586 0.162051 390.91 0 0
1500 98.0211 13.5547 17.8857 0.681582 0.159917 390.933 0 0
1500 78.3297 9.85854 18.1765 0.370608 0.0954552 391.01 0 0
1500 154.772 -20.4262 17.7919 1.48405 -0.244767 391.048 0 0
1500 32.3407 51.2777 17.7947 -0.352178 0.843254 391.072 0 0
1500 56.4763 16.3624 17.9616 -0.011487 0.330933 390.981 0 0
1500 38.8951 25.5256 17.8894 -0.262889 0.467814 391.13 0 0
1500 115.881 -4.49457 18.1122 0.926041 0.00345277 391.232 0 0
1500 27.2955 53.2208 17.8497 -0.428003 0.829315 391.39 0 0
1500 45.1899 34.9433 17.8404 -0.23694 0.520417 391.304 0 0
1500 12.0383 -40.7916 17.9209 -0.74116 -0.646443 391.195 0 0
1500 80.1391 -6.07918 18.5591 0.49959 -0.0757441 391.529 0 0
1500 47.7068 -52.4039 17.9961 -0.200891 -0.826597 391.518 0 0
1500 22.7672 -57.8374 18.1419 -0.623663 -0.994186 391.344 0 0
1500 45.1975 54.0625 17.8184 -0.22556 0.822932 391.755 0 0
1500 92.4722 -35.1466 18.1064 0.574797 -0.60185 391.758 0 0
1500 43.349 34.4705 18.0357 -0.206643 0.602645 391.793 0 0
1500 45.3037 -23.1093 17.9402 -0.255263 -0.385413 391.587 0 0
1500 30.8514 -0.394482 17.9398 -0.478549 -0.0340863 391.619 0 0
1500 52.2485 21.8199 18.073 -0.0385285 0.363037 391.958 0 0
1500 100.611 -42.5317 17.8068 0.662916 -0.714124 391.954 0 0
1500 87.7946 -4.26863 18.2477 0.578624 -0.0857913 391.86 0 0
1500 90.6536 42.3127 17.8572 0.470047 0.6671 392.103 0 0
1500 104.777 -21.3238 17.9742 0.758693 -0.391875 392.007 0 0
1500 42.083 -33.2529 17.8721 -0.246379 -0.589985 392.154 0 0
1500 26.6246 15.4984 18.1179 -0.559952 0.322288 392.019 0 0
1500 110.644 3.14872 18.0029 0.826287 0.0302403 392.283 0 0
1500 99.9702 -4.79383 18.1684 0.672009 -0.101386 392.387 0 0
1500 88.8461 22.9535 17.8983 0.465862 0.351101 392.377 0 0
1500 121.942 -3.6545 17.798 0.994664 -0.0471497 392.408 0 0
1500 45.9015 57.7676 17.8164 -0.122336 0.919338 392.35 0 0
1500 13.3642 8.0109 17.9312 -0.74072 0.0948045 392.331 0 0
1500 81.8594 14.5249 17.9843 0.464171 0.231552 392.414 0 0
1500 55.2456 -16.7016 17.8935 -0.101738 -0.217107 392.382 0 0
1500 20.9166 -15.913 18.0531 -0.728536 -0.290959 392.361 0 0
1500 55.2851 -22.8113 18.0074 -0.0431501 -0.375484 392.514 0 0
1500 86.2719 46.1904 17.8628 0.478543 0.689578 392.487 0 0
1500 124.302 -16.4493 17.7889 1.02443 -0.183159 392.519 0 0
1500 120.179 6.5369 17.873 0.996291 0.0507341 392.622 0 0
1500 20.7626 48.5261 17.8326 -0.604752 0.788268 392.559 0 0
1500 91.9357 -65.8849 17.9522 0.604285 -1.16428 392.516 0 0
1500 48.6211 -2.26425 17.8262 -0.117756 -0.0985624 392.746 0 0
1500 65.9772 43.2999 17.864 0.121044 0.675932 392.637 0 0
1500 95.6885 -49.9584 17.8163 0.639919 -0.732496 392.708 0 0
1500 122.407 -34.0038 17.9526 1.10568 -0.628858 392.666 0 0
1500 100.544 -23.0244 17.9899 0.720312 -0.46385 392.674 0 0
1500 44.2762 22.1252 18.1726 -0.177739 0.447779 392.677 0 0
1500 28.9918 -0.373597 18.0134 -0.443994 0.0139314 392.827 0 0
1500 47.8782 -9.25763 18.0638 -0.117327 -0.193598 392.838 0 0
1500 123.238 -16.2009 17.8039 0.990673 -0.31236 392.874 0 0
1500 61.3425 -58.1229 18.002 0.0902695 -0.943592 392.923 0 0
1500 21.399 -37.7592 17.9266 -0.61327 -0.600526 392.821 0 0
1500 10.911 -47.0022 17.8147 -0.775513 -0.688984 393.03 0 0
1500 14.4988 22.2614 17.9068 -0.729966 0.337555 393.166 0 0
1500 -7.86164 65.3276 17.8392 -1.09539 1.07078 393.33 0 0
1500 43.857 16.411 17.9602 -0.250413 0.227705 393.331 0 0
1500 8.06282 -20.4779 17.8505 -0.776125 -0.297917 393.44 0 0
1500 68.8495 -65.2697 17.804 0.17902 -1.03143 393.618 0 0
1500 62.6433 60.4104 18.0218 0.0860386 0.97419 393.466 0 0
1500 85.6688 17.8917 18.4039 0.556561 0.30209 393.478 0 0
1500 105.794 34.9792 17.9135 0.752256 0.597527 393.491 0 0
1500 37.4338 38.4965 17.9766 -0.370809 0.602051 393.488 0 0
1500 98.2261 -11.2932 17.9748 0.652339 -0.24703 393.507 0 0
1500 80.2762 -32.4727 17.9207 0.428681 -0.515382 393.438 0 0
1500 96.5392 -21.6321 18.4813 0.705993 -0.412509 393.38 0 0
1500 79.5049 5.25646 17.8206 0.323825 0.160156 393.612 0 0
1500 112.759 38.9344 18.0587 0.913099 0.725406 393.331 0 0
1500 154.784 -34.1689 17.875 1.52118 -0.613699 393.788 0 0
1500 87.2189 46.3159 18.3405 0.614981 0.910716 393.732 0 0
1500 102.177 9.06952 17.9322 0.686455 0.168768 394.262 0 0
1500 98.8977 51.1486 17.8999 0.661827 0.786821 394.23 0 0
1500 36.2442 1.055 17.9597 -0.352103 -0.0556377 394.174 0 0
1500 128.791 -18.6767 18.2153 1.24277 -0.33778 394.162 0 0
1500 26.7906 16.3774 17.8631 -0.503511 0.221217 394.451 0 0
1500 27.5985 50.1304 17.8713 -0.515787 0.798531 394.492 0 0
1500 30.8518 -34.9398 18.0948 -0.421288 -0.580584 394.608 0 0
1500 113.755 15.4141 17.9089 0.924528 0.216415 394.765 0 0
1500 21.5297 -19.8998 17.8305 -0.63939 -0.284977 394.753 0 0
1500 122.243 18.9248 18.0941 1.12403 0.356666 394.663 0 0
1500 43.6401 3.24124 18.0856 -0.233914 0.0642973 394.889 0 0
1500 -3.89548 15.5897 17.8183 -0.969962 0.236434 394.828 0 0
1500 121.29 17.2585 17.8149 0.992916 0.272606 394.93 0 0
1500 112.031 -22.9521 17.908 0.896632 -0.360863 394.907 0 0
1500 135.353 36.0934 18.1583 1.36834 0.637769 394.902 0 0
1500 36.2556 -24.6732 18.0193 -0.437436 -0.395634 394.986 0 0
1500 51.5829 46.642 17.8848 -0.0890026 0.791644 395.079 0 0
1500 75.6184 -58.1808 17.8108 0.272568 -0.906707 395.142 0 0
1500 41.3064 -64.0629 17.8552 -0.246987 -1.01842 395.138 0 0
1500 63.9334 17.6371 17.8162 0.0509581 0.341298 395.202 0 0
1500 -4.39838 -34.701 18.0408 -1.10255 -0.62089 395.123 0 0
1500 96.7131 -29.3454 18.0877 0.761759 -0.505272 395.162 0 0
1500 44.1832 -1.59392 18.0036 -0.220022 0.0277566 395.825 0 0
1500 80.8943 -1.56919 18.05 0.379396 -0.0790966 396.344 0 0
1500 121.857 1.49652 17.8159 0.982213 0.06244 395.57 0 0
1500 -8.01438 11.0719 17.8669 -1.02819 0.204018 396.111 0 0
1500 104.396 -16.8795 18.2084 0.79608 -0.307148 395.625 0 0
1500 64.2776 54.7237 18.0016 0.153842 0.892 395.574 0 0
1500 18.3847 -30.1202 17.9448 -0.61827 -0.530313 395.354 0 0
1500 7.69975 2.24146 17.8241 -0.845535 0.0569855 395.348 0 0
1500 55.5723 -52.9101 17.9378 0.00215733 -0.875523 396.044 0 0
1500 52.5609 4.76145 18.1995 -0.0504786 0.148638 395.425 0 0
1500 26.291 -23.681 17.8637 -0.467827 -0.437434 395.82 0 0
1500 74.4631 27.2744 18.1239 0.257042 0.486543 395.803 0 0
1500 108.031 38.8994 17.8537 0.852003 0.621883 395.335 0 0
1500 61.92 -35.5839 17.9885 0.139794 -0.596185 395.882 0 0
1500 114.581 -82.166 17.8486 0.937706 -1.31625 395.644 0 0
1500 53.782 -45.0906 17.8944 -0.0214828 -0.760501 396.202 0 0
1500 86.1136 -14.2769 17.9488 0.525583 -0.22665 396.301 0 0
1500 15.3604 -11.026 17.8269 -0.686056 -0.24318 396.347 0 0
1500 65.7239 2.18843 17.8415 0.093459 -0.0396813 395.306 0 0
1500 86.6953 -8.33354 17.8467 0.430508 -0.206083 395.768 0 0
1500 57.6069 -67.1553 17.9976 0.0359589 -1.12122 396.026 0 0
1500 80.7752 35.3763 17.8452 0.433477 0.564091 395.93 0 0
1500 67.6781 -90.893 17.8727 0.174498 -1.50818 396.311 0 0
1500 136.65 -16.4011 18.2114 1.49329 -0.315929 395.329 0 0
1500 112.972 -9.98823 18.4079 1.10546 -0.169245 396.198 0 0
1500 66.3499 28.3263 18.1337 0.172973 0.455959 396.694 0 0
1500 107.54 34.2238 17.8777 0.739548 0.557295 396.362 0 0
1500 75.9132 64.4564 17.8544 0.32294 0.993892 396.774 0 0
1500 48.3095 41.9096 17.9505 -0.0876132 0.694165 396.672 0 0
1500 61.5767 -48.8749 18.0561 0.0279085 -0.793224 396.576 0 0
1500 30.5705 -33.4717 17.8511 -0.38613 -0.585349 396.361 0 0
1500 58.3392 39.1625 17.9735 0.0294899 0.683591 396.774 0 0
1500 69.8196 14.3013 18.1372 0.220071 0.261572 396.947 0 0
1500 28.6435 -57.0553 17.9341 -0.450728 -0.918846 396.955 0 0
1500 79.4517 48.1551 18.1119 0.328089 0.7933 396.86 0 0
1500 131.383 56.6644 17.9653 1.19259 0.974353 396.994 0 0
1500 77.4175 58.4111 17.842 0.239593 0.89734 397.348 0 0
1500 101.173 -13.0471 17.8328 0.676566 -0.164336 397.224 0 0
1500 99.7005 -24.8364 17.8961 0.688835 -0.457065 397.262 0 0
1500 51.995 -3.64471 17.8372 -0.0654271 -0.117393 397.477 0 0
1500 87.8385 -6.01857 18.9323 0.635646 -0.0286176 397.466 0 0
1500 13.8732 -117.475 17.7992 -0.711742 -1.83392 397.571 0 0
1500 113.487 -4.97383 17.9338 0.927743 -0.0811058 397.749 0 0
1500 7.2764 -22.5286 17.8434 -0.846387 -0.337202 397.741 0 0
1500 18.0009 33.1695 17.8461 -0.686398 0.513133 397.428 0 0
1500 105.779 23.2816 18.1905 0.866028 0.384039 397.641 0 0
1500 55.4412 -39.7194 18.02 0.00174598 -0.621689 397.889 0 0
1500 65.7388 -42.2799 17.8375 0.112734 -0.666992 397.868 0 0
1500 119.933 27.4004 17.8061 0.955072 0.437705 397.992 0 0
1500 73.3596 65.1901 17.8181 0.265264 1.06194 398.025 0 0
1500 106.566 49.4992 17.8507 0.824768 0.74474 398.014 0 0
1500 91.5273 -36.7959 17.9201 0.552749 -0.534551 399.193 0 0
1500 23.1582 11.8787 17.9429 -0.539802 0.140616 398.53 0 0
1500 66.2673 38.8616 18.0411 0.130883 0.610335 398.163 0 0
1500 62.2791 -19.8235 18.1684 0.123443 -0.335792 399.281 0 0
1500 72.9451 7.60512 17.8769 0.215197 0.175387 398.416 0 0
1500 58.531 -22.9551 17.9485 -0.0455154 -0.343932 398.937 0 0
1500 32.1816 -61.4885 17.933 -0.390623 -0.966546 398.228 0 0
1500 65.0251 -66.3629 17.9331 0.0893773 -1.0369 398.287 0 0
1500 41.8139 62.9672 17.8171 -0.305393 0.934886 399.037 0 0
1500 49.2544 -53.2879 17.8546 -0.111263 -0.848632 399.019 0 0
1500 87.0638 58.9735 17.9083 0.486454 0.911214 399.266 0 0
1500 114.289 -28.9368 17.8405 0.918097 -0.450135 398.302 0 0
1500 121.005 4.11607 17.9285 1.02567 0.0554111 398.76 0 0
1500 85.0745 8.93125 18.533 0.571432 0.137514 398.69 0 0
1500 113.754 -13.8077 17.9295 0.929483 -0.204271 398.06 0 0
1500 -8.12595 -75.7961 17.8476 -1.01594 -1.20959 398.351 0 0
1500 96.3849 8.11012 18.0466 0.685798 0.150593 398.088 0 0
1500 134.239 8.03126 17.9528 1.221 0.181363 398.637 0 0
1500 65.6154 43.7892 17.9849 0.0641431 0.696822 398.257 0 0
1500 40.4192 27.0577 18.1922 -0.283363 0.457541 398.679 0 0
1500 32.9089 51.1339 17.8535 -0.37931 0.852048 399.393 0 0
1500 110.01 28.1498 18.125 0.849435 0.515986 398.108 0 0
1500 22.2407 22.9448 17.859 -0.625283 0.364128 398.813 0 0
1500 54.9489 38.3717 17.863 -0.121436 0.605057 398.491 0 0
1500 77.1138 -18.2947 17.8892 0.336141 -0.354759 398.288 0 0
1500 74.9018 -27.4061 17.844 0.337433 -0.404445 399.156 0 0
1500 44.4998 -5.59073 17.9323 -0.225904 -0.0137968 399.278 0 0
1500 92.3917 -11.1611 18.0207 0.583499 -0.261091 398.353 0 0
1500 -37.6061 50.6643 17.8894 -1.53063 0.900575 398.212 0 0
1500 115.139 52.765 18.2423 1.05211 0.954279 398.48 0 0
1500 146.151 -11.5903 18.1314 1.58194 -0.214955 399.028 0 0
1500 149.307 -48.9909 17.8408 1.44098 -0.747685 399.416 0 0
1500 94.4791 -31.4182 17.8613 0.597577 -0.550157 399.415 0 0
1500 26.9196 51.0083 17.8207 -0.517141 0.755084 399.613 0 0
1500 15.205 25.0489 17.8022 -0.65867 0.426483 399.7 0 0
1500 78.2843 -10.4827 18.6972 0.400931 -0.228527 399.66 0 0
1500 48.3958 83.2151 17.9297 -0.140053 1.3354 399.562 0 0
1500 104.202 -34.0995 18.1334 0.786719 -0.572536 399.945 0 0
1500 12.2699 18.8428 18.0336 -0.744005 0.277368 399.844 0 0
1500 11.7371 -74.9372 17.7995 -0.761796 -1.19653 399.968 0 0
1500 119.59 -125.945 17.8139 1.01637 -1.93999 399.659 0 0
1500 95.2179 11.5066 17.9233 0.559738 0.250447 399.901 0 0
1500 69.1477 -17.2121 18.0209 0.123492 -0.293759 399.864 0 0
1500 127.772 10.3099 17.9849 1.18905 0.123195 399.817 0 0
1500 127.597 -45.3437 17.8947 1.20389 -0.700128 399.673 0 0
1500 57.3919 -8.56737 18.0759 0.0658001 -0.168039 400.184 0 0
1500 45.135 0.350011 17.9773 -0.193839 -0.0571447 400.277 0 0
1500 72.6811 -11.4895 17.9899 0.236886 -0.226472 400.307 0 0
1500 36.6199 -16.1652 17.9897 -0.351009 -0.224788 400.464 0 0
1500 82.5711 33.788 17.9513 0.406957 0.542552 400.24 0 0
1500 80.2943 21.5292 17.9566 0.370924 0.363798 400.893 0 0
1500 52.8883 57.4358 17.853 -0.0277413 0.879589 400.841 0 0
1500 116.796 -28.1524 17.8419 0.925945 -0.445497 400.322 0 0
1500 120.863 16.1719 17.8622 0.969829 0.286919 400.934 0 0
1500 99.0443 25.4417 18.4907 0.747456 0.423948 400.367 0 0
1500 122.171 6.29735 18.03 1.03858 0.118233 400.676 0 0
1500 109.806 -12.0428 18.436 0.912853 -0.191495 400.782 0 0
1500 117.511 -17.1604 18.0403 0.984431 -0.241206 400.524 0 0
1500 69.0785 61.2815 17.986 0.22438 0.978173 400.613 0 0
1500 89.8275 -21.1718 18.3418 0.509422 -0.384274 400.355 0 0
1500 -2.46853 20.6858 17.8441 -0.975957 0.319337 400.834 0 0
1500 88.7148 -51.6641 17.8688 0.500477 -0.846475 400.35 0 0
1500 70.4665 -58.861 17.8828 0.158064 -0.953762 400.355 0 0
1500 49.9264 -62.3604 17.8514 -0.0838615 -1.00355 400.786 0 0
1500 96.333 36.1339 17.9862 0.673669 0.568539 400.28 0 0
1500 86.9082 34.7418 17.9184 0.42874 0.605653 400.299 0 0
1500 59.8803 -36.1147 18.0143 -0.0199518 -0.582497 400.321 0 0
1500 79.218 -18.7254 18.0263 0.321371 -0.359745 400.898 0 0
1500 27.259 -20.5031 17.8544 -0.538416 -0.361086 400.742 0 0
1500 64.7311 4.93235 17.9262 0.188172 0.104564 400.479 0 0
1500 108.646 -10.2041 18.0705 0.811538 -0.161301 401.027 0 0
1500 105.334 38.3337 17.8243 0.786251 0.600081 401.202 0 0
1500 105.218 -3.12806 18.0559 0.819917 -0.034387 401.132 0 0
1500 6.29158 0.78188 17.9728 -0.842797 0.0026631 401.104 0 0
1500 121.582 47.9921 18.0106 1.13335 0.786536 401.313 0 0
1500 81.1992 -3.66607 18.5281 0.454806 -0.0882686 401.679 0 0
1500 80.2584 25.8883 18.0227 0.326552 0.43032 401.46 0 0
1500 50.63 -20.2624 17.9595 -0.115219 -0.346665 401.637 0 0
1500 76.8737 -41.5923 18.017 0.308946 -0.650924 401.537 0 0
1500 81.5711 -10.512 18.6219 0.52193 -0.153497 401.417 0 0
1500 0.159133 32.2671 17.8429 -0.927362 0.487669 401.504 0 0
1500 99.4928 31.0174 18.0778 0.699834 0.52999 401.39 0 0
1500 37.9116 54.5099 17.9086 -0.318219 0.894278 401.382 0 0
1500 53.7026 -57.1393 17.8319 -0.134433 -0.902299 401.51 0 0
1500 14.5333 9.60622 17.8394 -0.676405 0.225508 401.419 0 0
1500 42.8188 38.918 17.8392 -0.239334 0.67814 401.44 0 0
1500 84.3013 21.462 17.8476 0.418842 0.410414 401.357 0 0
1500 85.165 14.0163 17.9186 0.489197 0.165945 401.64 0 0
1500 33.8652 -62.9871 17.8491 -0.320247 -0.997891 401.792 0 0
1500 43.1224 59.6028 17.9625 -0.236712 0.960096 401.712 0 0
1500 3.79851 24.8377 17.9677 -0.872362 0.36486 401.732 0 0
1500 92.5534 -5.42858 17.8571 0.614151 -0.0720043 401.767 0 0
1500 43.2514 42.8882 17.9734 -0.319836 0.695579 401.759 0 0
1500 68.0047 -1.89145 18.2284 0.22979 -0.0756937 401.878 0 0
1500 78.0062 -32.2029 18.0211 0.323202 -0.51642 401.9 0 0
1500 27.7533 12.9023 17.9214 -0.481788 0.162369 402.154 0 0
1500 2.34275 2.69894 17.8456 -0.86602 0.0440173 401.949 0 0
1500 -6.82614 -0.25158 17.8449 -1.01361 0.00601949 402.649 0 0
1500 76.6075 -63.4036 17.8492 0.310537 -0.998877 402.142 0 0
1500 94.4643 50.7634 17.7996 0.603028 0.812246 402.637 0 0
1500 90.242 -23.1184 17.8438 0.562452 -0.322278 401.977 0 0
1500 76.7448 -31.8764 18.2151 0.289759 -0.544979 402.174 0 0
1500 113.053 19.1931 17.8304 0.833847 0.368401 402.336 0 0
1500 106.366 28.6025 17.8312 0.733176 0.51257 402.23 0 0
1500 62.7694 39.7874 17.9423 0.0239221 0.666798 401.879 0 0
1500 47.3933 -3.76905 18.0205 -0.208644 -0.0195871 402.34 0 0
1500 66.292 73.6771 18.0668 0.206769 1.26309 402.138 0 0
1500 19.6892 2.17574 17.9115 -0.702908 -0.0215809 402.344 0 0
1500 51.0015 -34.292 18.1984 -0.0520087 -0.660031 402.326 0 0
1500 84.7706 39.4126 18.2579 0.55258 0.781018 402.097 0 0
1500 35.8428 2.03926 18.0602 -0.387939 0.050266 402.715 0 0
1500 87.3772 70.9799 17.9505 0.541009 1.19842 402.694 0 0
1500 63.5845 25.5347 18.0643 0.0765685 0.417692 402.764 0 0
1500 36.2086 -11.4299 17.9798 -0.31584 -0.222433 403.479 0 0
1500 42.831 -12.7393 17.9809 -0.223431 -0.24037 403.563 0 0
1500 15.2406 49.2507 17.8968 -0.638883 0.781532 402.853 0 0
1500 50.7285 62.8474 17.8984 -0.123468 0.974192 403.178 0 0
1500 69.8761 -62.9332 17.808 0.225097 -0.961322 403.082 0 0
1500 73.4488 -62.9358 17.8072 0.27773 -0.963956 402.897 0 0
1500 31.6753 61.0889 17.9031 -0.401742 0.967952 403.139 0 0
1500 117.778 28.0649 17.8377 0.954975 0.428312 403.697 0 0
1500 113.983 -11.4981 18.0754 0.94357 -0.16262 402.83 0 0
1500 78.3809 -12.0659 18.0785 0.416677 -0.194624 402.759 0 0
1500 110.524 -17.7756 17.9024 0.86252 -0.319692 403.131 0 0
1500 105.747 35.0398 17.8751 0.803186 0.525138 403.576 0 0
1500 107.124 -24.3656 17.8777 0.828591 -0.374623 403.209 0 0
1500 44.2488 -31.4471 18.2428 -0.217604 -0.520641 403.46 0 0
1500 105.998 29.8344 17.8528 0.798283 0.413595 403.333 0 0
1500 38.4307 -48.2839 17.8085 -0.377535 -0.74375 403.369 0 0
1500 110.828 5.92032 17.8953 0.875867 0.0474705 403.612 0 0
1500 78.3348 -7.61051 18.0728 0.416354 -0.143516 402.946 0 0
1500 70.4388 13.1843 18.2802 0.206717 0.266831 403.099 0 0
1500 77.152 58.2094 17.9073 0.236357 0.944341 402.888 0 0
1500 66.5525 3.48716 17.9876 0.216346 0.102751 403.383 0 0
1500 107.285 5.64979 18.1026 0.816287 0.082004 404.034 0 0
1500 119.447 29.3691 17.8231 0.909683 0.511293 403.893 0 0
1500 25.249 56.638 17.8232 -0.492523 0.917957 403.828 0 0
1500 108.509 -34.2331 17.8718 0.835799 -0.540846 403.776 0 0
1500 21.4875 60.8452 17.8272 -0.552817 0.994368 403.842 0 0
1500 67.8023 14.2936 18.7489 0.204693 0.379074 403.787 0 0
1500 106.336 10.2755 18.0514 0.776435 0.15738 404.184 0 0
1500 22.7162 56.8141 17.9134 -0.558994 0.881381 404.139 0 0
1500 73.3587 -0.642537 17.986 0.336444 0.00600974 404.057 0 0
1500 74.7176 -0.776071 18.2406 0.296321 -0.0763303 404.379 0 0
1500 113.297 32.696 17.9757 0.863344 0.529294 404.333 0 0
1500 68.6706 65.1864 17.8231 0.152461 1.03321 404.613 0 0
1500 72.6208 -8.05668 18.1575 0.204017 -0.167759 404.424 0 0
1500 89.4224 35.213 17.8132 0.447005 0.612444 404.571 0 0
1500 76.3083 3.03891 18.995 0.441951 0.016339 404.812 0 0
1500 71.042 -22.7889 17.944 0.24758 -0.320043 405.053 0 0
1500 85.0448 -20.2486 17.8716 0.415001 -0.347168 405.371 0 0
1500 119.422 -5.86489 17.8244 0.944843 -0.12738 404.771 0 0
1500 7.25417 -33.4541 17.83 -0.797628 -0.513063 405.155 0 0
1500 34.8818 -60.9981 17.8377 -0.395075 -0.928732 404.876 0 0
1500 82.497 60.0784 17.8921 0.375941 0.944958 405.162 0 0
1500 -0.18138 -31.1794 17.8067 -0.897106 -0.518845 404.983 0 0
1500 -8.79256 0.911669 17.9065 -1.04764 0.0227865 404.823 0 0
1500 122.35 26.9206 17.8766 1.03578 0.380725 404.723 0 0
1500 24.4315 -57.851 17.8998 -0.564184 -0.882579 404.815 0 0
1500 120.114 17.1081 17.8041 0.988585 0.207929 405.104 0 0
1500 117.243 -4.61216 17.8779 0.951818 -0.126148 405.144 0 0
1500 -17.978 55.6047 17.8463 -1.18226 0.917767 404.793 0 0
1500 80.1638 52.259 17.8454 0.311732 0.865658 405.226 0 0
1500 48.8816 -12.7129 18.0623 -0.186792 -0.205154 404.962 0 0
1500 53.3491 -41.1237 17.8257 -0.0135485 -0.683659 404.802 0 0
1500 45.2443 99.0477 17.9984 -0.195071 1.64315 405.457 0 0
1500 44.3817 32.5744 18.0791 -0.290596 0.540853 404.944 0 0
1500 44.5232 54.767 17.8048 -0.242528 0.901613 405.477 0 0
1500 118.41 -23.4952 17.9405 0.955882 -0.358175 405.716 0 0
1500 113.08 29.3729 17.8323 0.803884 0.495121 406.321 0 0
1500 121.469 -19.2256 17.8019 0.9937 -0.333756 406.126 0 0
1500 124.162 8.36202 17.8734 1.03886 0.0687045 406.258 0 0
1500 82.8497 -32.5186 18.2686 0.438127 -0.565134 405.738 0 0
1500 118.235 -12.6981 17.8143 0.978268 -0.212726 406.176 0 0
1500 55.4871 -63.9184 17.8151 0.0328844 -0.986785 406.022 0 0
1500 46.2613 -16.5279 18.2861 -0.195825 -0.256188 406.178 0 0
1500 72.6082 11.4318 18.0231 0.245563 0.254259 405.907 0 0
1500 -113.326 -51.5421 17.8265 -2.68564 -0.861563 406.262 0 0
1500 82.5598 -1.86521 17.8278 0.454506 -0.00325975 405.936 0 0
1500 80.8904 -1.64338 18.5353 0.51092 0.0228931 405.972 0 0
1500 54.6933 -27.1342 17.9126 -0.0586319 -0.526999 405.944 0 0
1500 76.3277 -16.4986 18.6399 0.364621 -0.357327 405.968 0 0
1500 47.0747 32.0384 18.017 -0.148731 0.569481 406.337 0 0
1500 42.2777 11.239 18.2859 -0.227858 0.172366 406.433 0 0
1500 76.1319 1.15537 17.8488 0.320475 0.0362059 406.393 0 0
1500 64.5951 -51.3438 17.8716 0.0814568 -0.799277 406.549 0 0
1500 101.527 -43.6024 18.0215 0.722838 -0.703634 406.43 0 0
1500 96.2015 -50.3301 18.0848 0.662677 -0.807745 406.476 0 0
1500 92.8744 6.02768 18.1336 0.550272 0.145721 406.766 0 0
1500 62.4801 -7.01668 17.9571 0.127564 -0.137012 407.383 0 0
1500 66.0694 15.0501 18.072 0.206791 0.219953 407.473 0 0
1500 39.8771 -16.9586 17.9883 -0.304004 -0.244318 407.216 0 0
1500 68.2848 15.7151 17.8253 0.194651 0.265185 407.55 0 0
1500 94.7597 18.1034 17.8433 0.514085 0.32576 407.584 0 0
1500 109.415 -29.87 17.877 0.815619 -0.432898 407.065 0 0
1500 1.78882 -31.815 17.8869 -0.874739 -0.486296 407.293 0 0
1500 77.703 -62.4108 17.8036 0.340054 -0.959887 407.107 0 0
1500 110.296 -36.7388 17.8046 0.813285 -0.582729 407.354 0 0
1500 116.794 -29.4125 17.8838 0.934368 -0.474192 407.553 0 0
1500 121.686 4.85344 18.0226 1.0351 0.0448587 407.404 0 0
1500 127.543 -36.3388 17.8028 1.10052 -0.511772 406.962 0 0
1500 117.521 27.3956 17.8102 0.943036 0.361433 407.179 0 0
1500 122.233 -11.1524 17.8217 1.00795 -0.224042 406.989 0 0
1500 12.9732 42.6552 17.9131 -0.716076 0.693233 407.396 0 0
1500 -38.2445 -72.3427 17.7982 -1.49648 -1.15964 407.421 0 0
1500 79.4119 54.056 17.9146 0.322914 0.895557 407.699 0 0
1500 18.342 23.109 17.8797 -0.678751 0.36953 407.339 0 0
1500 79.6219 9.50704 18.2325 0.468243 0.150093 407.634 0 0
1500 141.119 -5.72577 17.9116 1.44121 -0.0601842 407.209 0 0
1500 -10.0809 -7.50077 17.7991 -1.03642 -0.0445101 407.834 0 0
1500 71.8548 0.142887 18.4684 0.332915 0.0661588 407.863 0 0
1500 34.9078 91.9282 17.8815 -0.41227 1.54083 407.974 0 0
1500 27.506 32.7126 17.8149 -0.507943 0.459176 408.048 0 0
1500 53.3422 -33.7698 17.858 -0.112521 -0.589081 408.118 0 0
1500 81.9303 -32.198 17.9147 0.398298 -0.499648 408.234 0 0
1500 49.5606 -58.9138 17.8102 -0.0699273 -0.893898 408.248 0 0
1500 94.6363 -55.2837 17.899 0.61018 -0.848973 408.405 0 0
1500 114.848 4.17303 17.8504 0.934974 0.0326803 408.348 0 0
1500 17.3536 9.73649 17.9586 -0.679266 0.120123 408.4 0 0
1500 64.0834 -20.9233 17.9772 0.106789 -0.403012 408.187 0 0
1500 116.18 -92.1634 17.9268 1.0231 -1.49954 408.355 0 0
1500 135.672 7.97063 18.1299 1.4194 0.20723 408.168 0 0
1500 80.3025 -11.967 18.1983 0.41704 -0.182091 408.467 0 0
1500 87.8306 -12.4534 17.9183 0.479308 -0.220935 408.531 0 0
1500 82.2514 -16.0466 17.893 0.411046 -0.249239 408.634 0 0
1500 104.246 22.1083 18.0873 0.739425 0.352249 408.468 0 0
1500 84.5202 45.3202 17.9761 0.417699 0.708123 408.702 0 0
1500 63.9906 74.3258 17.9083 0.117202 1.17231 408.679 0 0
1500 105.515 42.0654 17.9564 0.734458 0.700937 408.513 0 0
1500 137.204 15.6368 17.8281 1.28393 0.237385 408.681 0 0
1500 -13.8148 3.44441 17.8481 -1.1743 0.0391831 408.627 0 0
1500 105.45 21.1674 17.8161 0.726287 0.254446 408.91 0 0
1500 95.7478 -26.1629 17.8182 0.586545 -0.418109 409.107 0 0
1500 55.3594 52.351 17.804 -0.0683639 0.814166 408.811 0 0
1500 171.224 -50.6665 17.814 1.76877 -0.75836 409.234 0 0
1500 140.608 13.2588 17.815 1.2799 0.282824 409.139 0 0
1500 36.5729 -11.3299 17.9061 -0.344445 -0.251787 408.953 0 0
1500 35.2495 -11.3446 17.9057 -0.364884 -0.251908 408.98 0 0
1500 119.787 22.561 17.8995 1.0462 0.303903 408.85 0 0
1500 27.1027 45.9511 17.8484 -0.465532 0.723665 409.412 0 0
1500 -5.96002 13.8727 17.8661 -1.0179 0.22029 409.521 0 0
1500 117.74 -24.7257 17.8446 0.960436 -0.398269 409.613 0 0
1500 81.6377 6.37928 17.9336 0.447961 0.133747 409.845 0 0
1500 4.3784 12.4889 18.0775 -0.909008 0.167358 409.514 0 0
1500 44.1262 2.32049 18.0201 -0.231468 0.0668679 410.102 0 0
1500 11.066 49.6312 17.8282 -0.672049 0.804294 410.133 0 0
1500 7.56313 -11.8353 17.8922 -0.782286 -0.255219 410.068 0 0
1500 76.4434 41.7399 17.8273 0.324928 0.719235 409.919 0 0
1500 84.0272 -15.7885 18.7244 0.549968 -0.344024 409.984 0 0
1500 111.89 1.74941 18.0751 0.914864 0.0435349 410.443 0 0
1500 79.182 -22.5188 17.8164 0.400906 -0.328589 410.239 0 0
1500 22.2345 -37.6686 17.8418 -0.625128 -0.63482 410.238 0 0
1500 69.4672 46.5841 17.9223 0.255527 0.747206 410.746 0 0
1500 31.7386 29.6709 17.9781 -0.376431 0.532453 410.719 0 0
1500 30.9633 12.8286 17.8836 -0.476026 0.246866 410.82 0 0
1500 148.052 34.7646 17.9017 1.49293 0.557198 410.788 0 0
1500 89.7745 4.52749 17.835 0.51296 0.0437141 410.895 0 0
1500 92.3667 -49.1302 17.9683 0.567392 -0.802888 410.856 0 0
1500 54.0437 -61.1176 17.8835 -0.070094 -0.991349 411.233 0 0
1500 67.0981 37.585 18.0224 0.136557 0.647532 410.999 0 0
1500 48.6608 19.3163 17.8425 -0.206102 0.250596 411.256 0 0
1500 47.0162 7.16166 17.8438 -0.232157 0.0603831 411.171 0 0
1500 11.1742 12.8211 17.9741 -0.750716 0.248582 411.436 0 0
1500 69.3283 58.1306 17.829 0.16912 0.908358 411.676 0 0
1500 49.3201 59.3925 17.8347 -0.104006 0.924137 411.92 0 0
1500 80.0037 42.9819 17.843 0.333195 0.678584 412.87 0 0
1500 66.0043 52.5728 17.8397 0.13501 0.818723 412.533 0 0
1500 112.296 14.8885 17.8187 0.832088 0.17003 412.474 0 0
1500 122.431 -5.62356 17.999 1.02886 -0.0940101 411.89 0 0
1500 113.349 -35.1261 17.8871 0.886479 -0.535726 412.62 0 0
1500 44.8861 -64.9285 17.8807 -0.202704 -1.02333 412.878 0 0
1500 85.951 -59.7521 17.9163 0.397226 -0.955707 412.318 0 0
1500 115.894 19.0387 18.0533 0.963477 0.291403 412.947 0 0
1500 92.7825 -42.6531 18.1149 0.555172 -0.714537 412.378 0 0
1500 -7.47933 -7.92254 17.8331 -1.03717 -0.0780432 412.943 0 0
1500 56.609 53.7445 17.9705 -0.057179 0.867967 411.813 0 0
1500 41.1407 49.6904 17.971 -0.292102 0.807212 411.752 0 0
1500 73.1329 -1.86367 17.9496 0.306824 -0.079219 412.757 0 0
1500 45.8258 33.3864 17.8375 -0.16248 0.5986 412.673 0 0
1500 135.034 43.1543 18.0707 1.34973 0.759695 411.601 0 0
1500 84.1877 11.5109 18.0211 0.381515 0.229438 413.24 0 0
1500 35.3833 39.5245 17.8454 -0.299563 0.627426 413.101 0 0
1500 86.989 -62.5323 17.7936 0.500271 -0.911945 413.113 0 0
1500 74.9758 -58.4056 17.8727 0.200623 -0.979559 413.17 0 0
1500 46.0296 -8.15546 18.2877 -0.178452 -0.114994 413.859 0 0
1500 41.8834 11.9097 18.0239 -0.206037 0.234309 413.446 0 0
1500 53.1317 12.3068 18.0249 -0.0500528 0.239568 413.521 0 0
1500 47.3097 -11.8445 17.8945 -0.212341 -0.151939 413.931 0 0
1500 29.4943 -4.34421 17.8904 -0.462772 -0.0475329 413.627 0 0
1500 79.6623 8.97822 18.1259 0.39073 0.164605 414.613 0 0
1500 83.3878 12.2335 17.8534 0.376536 0.238871 413.754 0 0
1500 55.0185 23.9439 17.8363 0.00707101 0.384228 413.956 0 0
1500 64.1926 10.0099 17.8528 0.0852043 0.209829 414.248 0 0
1500 35.4883 -53.7498 17.846 -0.344559 -0.839557 413.335 0 0
1500 57.3793 -64.7552 17.918 -0.0266054 -1.00345 414.102 0 0
1500 30.4517 -59.1112 17.9175 -0.417166 -0.923491 413.972 0 0
1500 119.839 9.89836 18.0521 1.01694 0.154892 413.287 0 0
1500 90.2219 -53.92 17.8266 0.505992 -0.842955 414.776 0 0
1500 119.261 24.2685 17.8364 0.973125 0.378246 414.269 0 0
1500 111.13 38.8757 17.8362 0.860122 0.597684 413.747 0 0
1500 8.5339 -33.6835 17.843 -0.744962 -0.586417 413.51 0 0
1500 17.3124 -50.837 17.8384 -0.603306 -0.834631 414.447 0 0
1500 46.59 -63.0737 17.8263 -0.190255 -1.01478 414.638 0 0
1500 108.027 1.04172 17.8222 0.841901 0.00888605 413.495 0 0
1500 77.0255 4.84677 18.2852 0.421306 0.0499178 414.058 0 0
1500 106.646 -0.848548 17.8979 0.792576 0.0529799 413.667 0 0
1500 81.232 -49.7531 17.8821 0.440266 -0.784881 413.519 0 0
1500 44.0001 21.1288 17.9737 -0.23746 0.394671 413.473 0 0
1500 19.6291 3.03964 17.9689 -0.611498 0.113944 413.826 0 0
1500 50.4292 2.54926 18.1235 -0.156054 0.0504098 414.024 0 0
1500 64.8533 -38.5689 18.4417 0.192832 -0.750733 414.602 0 0
1500 97.9022 15.5478 18.2743 0.729609 0.210076 414.911 0 0
1500 105.114 42.0647 17.9365 0.72473 0.671682 415.618 0 0
1500 91.092 -53.9923 17.8531 0.5491 -0.807747 415.494 0 0
1500 109.256 -35.3426 17.8341 0.822256 -0.517004 415.275 0 0
1500 86.9024 -80.1408 17.7945 0.491378 -1.21736 415.482 0 0
1500 77.723 -54.2924 17.9284 0.363011 -0.85497 415.39 0 0
1500 80.2161 -61.8604 17.9265 0.322054 -0.988222 415.537 0 0
1500 83.5995 24.2612 18.5442 0.433392 0.423002 415.224 0 0
1500 104.428 13.7275 17.9272 0.71103 0.28045 415.228 0 0
1500 63.0189 33.1115 18.3888 0.153082 0.573448 415.223 0 0
1500 16.258 -4.09899 17.9089 -0.678403 -5.31861e-05 415.617 0 0
1500 85.1494 -66.1531 17.9468 0.48774 -1.17024 415.23 0 0
1500 46.524 2.08118 17.9601 -0.213962 0.0136722 415.981 0 0
1500 27.6791 -20.5442 17.9023 -0.4356 -0.356506 415.922 0 0
1500 113.215 16.1623 17.9401 0.858783 0.307774 415.925 0 0
1500 91.5469 -18.9179 17.8584 0.590842 -0.258213 416.009 0 0
1500 44.1465 -2.66615 17.9097 -0.202845 -0.10471 416.476 0 0
1500 85.2813 57.5662 17.9487 0.426422 0.900981 417.27 0 0
1500 124.223 -6.51817 17.8524 1.03662 -0.14924 416.775 0 0
1500 92.1229 -55.7881 17.8441 0.570681 -0.872663 417.774 0 0
1500 122.894 15.7205 17.844 1.02709 0.190463 417.85 0 0
1500 71.2402 -60.6069 17.847 0.26353 -0.956577 416.912 0 0
1500 90.9252 21.6487 18.4239 0.542969 0.393 417.84 0 0
1500 65.1655 7.63496 18.2004 0.141911 0.192323 416.492 0 0
1500 115.896 13.5179 17.8012 0.876495 0.282268 417.604 0 0
1500 63.3032 66.6002 17.8909 0.0780985 1.10301 417.197 0 0
1500 50.6364 36.6921 17.8595 -0.144996 0.637702 416.939 0 0
1500 53.3758 -39.4658 17.8487 -0.0721228 -0.68737 417.804 0 0
1500 60.4016 -42.7026 17.8972 0.103694 -0.7281 416.521 0 0
1500 118.411 25.8103 18.1744 1.03616 0.492081 418.055 0 0
1500 63.0244 -0.891464 18.1371 0.099845 -0.0809048 418.413 0 0
1500 61.6149 -4.73032 18.0362 0.137086 -0.0900256 418.503 0 0
1500 53.7122 31.0866 17.9554 -0.0559829 0.505397 418.788 0 0
1500 65.7396 -13.1353 18.1529 0.15674 -0.248362 420.19 0 0
1500 102.585 -18.9637 18.1261 0.726147 -0.290838 419.981 0 0
1500 91.2408 11.5259 17.8751 0.519773 0.111901 420.459 0 0
1500 99.254 79.7114 17.8168 0.620973 1.21323 419.301 0 0
1500 87.588 -9.8345 18.3132 0.512596 -0.183255 422.768 0 0
1500 96.0008 -8.26487 17.861 0.591959 -0.161477 421 0 0
1500 59.2795 13.694 17.9201 -0.0137805 0.247735 422.551 0 0
1500 32.6912 16.1643 17.9154 -0.385893 0.283494 422.207 0 0
1500 23.48 56.2512 17.8302 -0.563669 0.86869 419.409 0 0
1500 38.2429 63.2951 17.8305 -0.346698 0.970306 419.524 0 0
1500 72.3581 25.1832 18.1958 0.226586 0.414611 423.892 0 0
1500 86.6847 -58.1723 17.9381 0.439147 -0.937416 418.987 0 0
1500 64.6123 -5.40588 18.0638 0.17181 -0.0324044 424.348 0 0
1500 52.5143 62.0093 17.7983 -0.0853908 0.971992 420.945 0 0
1500 90.5511 47.8767 18.0228 0.52069 0.79312 418.836 0 0
1500 54.9679 62.915 17.9247 -0.0731465 1.00373 419.33 0 0
1500 98.0468 -53.6231 17.8531 0.670368 -0.804554 420.144 0 0
1500 6.73283 -12.1718 17.9354 -0.83909 -0.205762 418.45 0 0
1500 91.5089 31.3106 18.282 0.599189 0.533825 419.504 0 0
1500 62.9842 -14.7859 18.3168 0.0742691 -0.264798 418.431 0 0
1500 96.099 32.4642 18.045 0.663887 0.51853 420.037 0 0
1500 103.077 24.5148 17.9901 0.771583 0.402663 419.4 0 0
1500 99.0637 14.01 18.0289 0.711598 0.235643 420.202 0 0
1500 116.037 3.57615 18.0131 0.920753 0.0595306 424.261 0 0
1500 105.753 42.8175 17.8184 0.790906 0.629891 420.858 0 0
1500 119.605 -23.0148 17.8163 0.985705 -0.35504 421.767 0 0
1500 94.9954 -34.3925 17.8273 0.64167 -0.541506 419.562 0 0
1500 120.25 -14.5687 17.7965 0.913563 -0.281143 423.565 0 0
1500 90.5292 -3.0004 17.9121 0.551385 -0.11373 419.667 0 0
1500 114.859 -30.8116 17.8656 0.85268 -0.515329 424.126 0 0
1500 92.759 50.5248 17.8645 0.591685 0.799777 421.792 0 0
1500 -4.23394 -20.2339 17.8338 -0.961681 -0.345106 423.955 0 0
1500 66.3834 44.8479 17.8458 0.176185 0.751869 420.572 0 0
1500 108.963 4.1533 17.8429 0.827847 0.125032 420.857 0 0
1500 111.461 59.0148 17.9293 0.937303 0.96397 418.572 0 0
1500 40.9743 -74.6814 17.9718 -0.288182 -1.20415 421.43 0 0
1500 67.9807 17.5335 18.0688 0.255531 0.299373 420.932 0 0
1500 53.3278 38.5408 18.1578 -0.0144269 0.660827 421.902 0 0
1500 -5.32118 -18.9298 17.8327 -1.00143 -0.307014 424.033 0 0
1500 105.419 -35.3205 17.8479 0.734657 -0.640089 419.146 0 0
1500 89.3684 -23.3591 18.3166 0.610984 -0.352334 423.37 0 0
1500 -1.58648 21.532 17.836 -0.948527 0.268997 423.356 0 0
1500 96.5409 -18.6625 18.1167 0.673601 -0.338819 423.28 0 0
1500 100.798 -32.0121 17.9369 0.714265 -0.541351 423.342 0 0
1500 77.117 33.201 17.8323 0.372724 0.513809 422.056 0 0
1500 63.5343 33.359 18.1918 0.0580718 0.529482 423.253 0 0
1500 70.285 13.6347 18.1974 0.162001 0.229943 422.869 0 0
1500 115.019 27.8391 17.909 1.01721 0.449906 418.667 0 0
1500 50.2652 48.3692 17.9345 -0.205623 0.785802 418.974 0 0
1500 77.0822 5.80535 17.9176 0.346227 0.020474 419.281 0 0
1500 102.031 -13.0439 18.0498 0.747147 -0.255825 423.972 0 0
1500 79.7905 -31.5825 18.0542 0.411743 -0.540708 423.577 0 0
1500 44.7467 -16.1553 17.9739 -0.260637 -0.221276 422.889 0 0
1500 70.9132 43.5921 17.8134 0.273358 0.670682 423.201 0 0
1500 33.6585 -22.7605 18.0182 -0.427518 -0.359589 423.523 0 0
1500 35.982 27.0754 17.9872 -0.322111 0.494072 423.508 0 0
1500 58.8278 9.49092 17.9954 0.0300819 0.225142 422.945 0 0
1500 111.825 12.8356 17.8433 0.897479 0.181044 424.55 0 0
1500 69.1564 76.4402 17.9137 0.149187 1.26272 423.691 0 0
1500 94.6469 -6.20322 18.6403 0.79489 -0.0697441 421.139 0 0
1500 45.0942 -13.0387 18.5097 -0.240555 -0.222773 423.101 0 0
1500 49.0026 -20.6033 17.9773 -0.206685 -0.282963 424.527 0 0
1500 96.3669 0.449121 18.3128 0.795348 -0.0406708 422.901 0 0
1500 45.7589 -14.9357 18.0647 -0.209246 -0.225049 427.108 0 0
1500 77.0836 -22.2556 17.8869 0.294854 -0.378241 426.505 0 0
1500 74.1195 19.9394 17.8573 0.268935 0.335689 426.929 0 0
1500 112.328 25.0368 17.8385 0.825741 0.417862 425.1 0 0
1500 92.2009 -5.98695 19.0027 0.674269 -0.15661 425.319 0 0
1500 64.1253 -59.5212 17.84 0.0408733 -0.9081 426.701 0 0
1500 78.8334 -39.1354 18.3394 0.408241 -0.654312 425.238 0 0
1500 111.186 36.0628 17.7987 0.821833 0.611113 426.389 0 0
1500 15.3308 -39.3942 17.9084 -0.710351 -0.604173 425.992 0 0
1500 68.6211 -56.8308 17.8886 0.109856 -0.909971 425.889 0 0
1500 23.9014 -19.3877 17.8994 -0.578169 -0.347437 424.816 0 0
1500 62.0164 -40.4762 17.8994 0.00979199 -0.672799 424.811 0 0
1500 48.8474 -18.6299 18.4117 -0.0986924 -0.348198 426.316 0 0
1500 66.4526 -28.3501 18.4079 0.167053 -0.493304 426.582 0 0
1500 77.6688 0.25766 18.5533 0.46656 0.0117434 427.369 0 0
1500 41.0459 -37.9894 17.9582 -0.289705 -0.644798 426.27 0 0
1500 69.3225 1.79397 17.8954 0.21988 -0.0408149 425.929 0 0
1500 100.509 -27.0298 17.877 0.691742 -0.480527 427.376 0 0
1500 24.8273 9.25328 17.9932 -0.549726 0.0924503 427.13 0 0
1500 52.3852 -29.8726 18.0472 -0.0601121 -0.536314 427.419 0 0
1500 32.7059 29.4907 17.859 -0.450692 0.408843 426.949 0 0
1500 129.541 -79.2956 17.8522 1.21417 -1.2386 425.463 0 0
1500 109.34 47.536 17.9603 0.938654 0.793463 425.506 0 0
1500 86.4571 47.9937 18.0375 0.488992 0.909205 426.171 0 0
1500 69.3608 -47.327 17.8481 0.114599 -0.723664 427.595 0 0
1500 104.732 -17.7361 18.037 0.735274 -0.345116 428.275 0 0
1500 80.8108 -38.5708 17.8884 0.41858 -0.638682 428.203 0 0
1500 55.1208 -9.56173 17.862 -0.0859871 -0.185203 428.703 0 0
1500 88.8219 6.47319 17.8363 0.502487 0.0898386 428.706 0 0
1500 39.1377 -61.5315 17.8679 -0.241386 -0.987405 428.737 0 0
1500 108.35 30.874 17.8999 0.837133 0.495087 428.628 0 0
1500 64.1399 -10.3924 18.1316 0.0228517 -0.166003 428.355 0 0
1500 41.4812 6.74364 18.0791 -0.255917 0.134148 429.078 0 0
1500 64.7112 35.4297 17.9328 0.0524338 0.542783 429.173 0 0
1500 101.838 36.2649 17.8033 0.740579 0.547426 429.171 0 0
1500 85.7269 -3.50304 18.6054 0.524899 -0.0831307 430.782 0 0
1500 78.4317 -23.8792 18.1247 0.364514 -0.381884 429.505 0 0
1500 62.5181 -6.15422 18.5846 0.149293 -0.150003 432.239 0 0
1500 96.1034 -0.215587 18.0569 0.603169 -0.0559374 429.857 0 0
1500 102.205 18.5661 17.8132 0.650372 0.329942 430.147 0 0
1500 48.6931 -42.2504 17.8178 -0.203577 -0.614001 431.31 0 0
1500 57.2389 0.532238 18.0014 0.00418567 0.0765188 433.253 0 0
1500 59.0519 -46.3029 17.9581 -0.0122523 -0.708621 432.133 0 0
1500 -4.7545 -14.5504 17.8397 -0.994553 -0.264327 429.355 0 0
1500 20.7447 -52.646 17.7966 -0.630493 -0.817315 429.605 0 0
1500 115.508 -4.56789 17.8824 0.886428 -0.108431 432.985 0 0
1500 105.915 29.322 18.1755 0.81081 0.48954 430.374 0 0
1500 112.1 -38.052 17.7973 0.862623 -0.562927 431.786 0 0
1500 122.377 11.9188 17.7965 1.0298 0.172337 430.691 0 0
1500 107.08 13.4346 18.1738 0.844414 0.241245 430.334 0 0
1500 29.8118 44.0816 17.9705 -0.458926 0.72693 429.544 0 0
1500 29.1869 51.2485 17.9156 -0.478125 0.824868 432.075 0 0
1500 13.7769 -42.8602 17.811 -0.733872 -0.604258 431.984 0 0
1500 86.4632 60.7091 17.8069 0.36532 0.956603 432.793 0 0
1500 124.132 5.08223 17.9726 1.10256 0.0195319 430.513 0 0
1500 65.2744 -0.54373 17.8758 0.053708 0.0376571 431.296 0 0
1500 122.016 42.8181 17.9783 1.10662 0.673302 430.869 0 0
1500 -17.324 55.5114 17.834 -1.22397 0.809276 432.549 0 0
1500 101.963 -13.0203 17.8357 0.700323 -0.274374 432.629 0 0
1500 -9.22706 -135.549 17.8395 -1.09998 -2.10754 433.287 0 0
1500 133.162 -102.968 17.8488 1.25216 -1.70946 430.6 0 0
1500 33.3172 -37.8813 18.0162 -0.444408 -0.595867 431.962 0 0
1500 103.841 -53.0824 17.9777 0.841471 -0.849605 429.512 0 0
1500 71.0624 -51.4035 17.9145 0.284039 -0.896457 430.079 0 0
1500 67.8432 34.1227 18.1851 0.22325 0.692029 430.689 0 0
1500 42.7798 -5.33473 17.9998 -0.245561 -0.119188 434.359 0 0
1500 98.7614 7.36164 17.8933 0.636695 0.0612971 434.094 0 0
1500 88.2582 -38.9964 17.8114 0.497846 -0.559578 433.882 0 0
1500 40.1261 -66.6836 17.8036 -0.342147 -0.990181 434.19 0 0
1500 46.3507 -62.3937 17.823 -0.181832 -1.00924 433.77 0 0
1500 73.7567 2.41999 18.4293 0.291096 0.107688 434.174 0 0
1500 93.1213 -47.8416 17.922 0.559721 -0.792842 434.595 0 0
1500 90.4188 -44.2582 17.8196 0.490425 -0.751834 434.206 0 0
1500 67.6952 35.1089 18.7937 0.212044 0.640164 434.513 0 0
1500 92.8773 48.2304 17.9959 0.601498 0.910384 434.636 0 0
1500 97.0891 23.6389 17.936 0.60048 0.393334 436.555 0 0
1500 50.6323 20.0151 18.3263 -0.107151 0.294735 439.619 0 0
1500 39.317 39.1854 17.8174 -0.314021 0.602774 438.263 0 0
1500 113.342 -34.9184 17.9358 0.891632 -0.51396 436.141 0 0
1500 122.745 8.71131 17.9353 1.03174 0.120934 435.916 0 0
1500 23.2281 48.8507 17.8517 -0.555452 0.744994 437.011 0 0
1500 102.68 -48.3181 17.9178 0.690806 -0.785505 435.822 0 0
1500 107.308 -21.911 18.1073 0.825022 -0.321533 437.19 0 0
1500 95.9197 -52.2478 17.8126 0.563881 -0.857799 435.427 0 0
1500 108.22 -35.0081 17.8184 0.718851 -0.57595 438.152 0 0
1500 23.4708 -51.4672 17.8163 -0.503476 -0.816459 437.85 0 0
1500 102.816 -10.8426 17.9851 0.766605 -0.121826 435.656 0 0
1500 86.6187 -5.35726 17.9956 0.474142 -0.0347887 441.91 0 0
1500 108.276 17.9708 17.9821 0.789413 0.295286 440.68 0 0
1500 102.002 21.9351 18.0465 0.739568 0.393288 436.306 0 0
1500 96.9057 -13.679 17.9055 0.633637 -0.265894 437.27 0 0
1500 89.1973 -23.0408 17.9074 0.501584 -0.392406 439.534 0 0
1500 84.5618 2.0291 17.9135 0.428987 -0.0299376 440.446 0 0
1500 99.4024 -38.1363 17.8238 0.640472 -0.586859 440.824 0 0
1500 80.6717 -13.2156 17.9023 0.314081 -0.253971 442.119 0 0
1500 121.111 -29.5031 17.8084 0.969177 -0.510415 437.551 0 0
1500 123.858 -1.52131 17.8882 1.03806 -0.0757714 438.289 0 0
1500 78.351 44.1057 17.8553 0.341662 0.675788 441.784 0 0
1500 60.1145 10.0249 17.8701 0.0814108 0.188797 442.99 0 0
1500 65.626 65.6811 17.8409 0.168731 1.02896 438.572 0 0
1500 99.5949 -7.55797 17.8575 0.699725 -0.0626101 436.094 0 0
1500 34.9357 61.6373 17.8845 -0.374416 0.97532 438.863 0 0
1500 77.3134 32.6932 17.9059 0.240225 0.517705 442.606 0 0
1500 39.6832 59.1782 17.9136 -0.31813 0.939353 438.04 0 0
1500 67.5277 -5.44971 18.1836 0.153638 -0.141138 444.664 0 0
1500 73.4754 -26.6232 18.178 0.236629 -0.434272 444.252 0 0
1500 27.1391 42.532 18.0744 -0.4884 0.694693 438.354 0 0
1500 123.405 -11.5604 17.9307 1.08405 -0.260523 435.178 0 0
1500 71.2546 14.0822 18.0601 0.192904 0.283269 437.674 0 0
1500 68.6468 -49.5087 17.9386 0.152596 -0.842187 437.961 0 0
1500 117.051 -5.46129 17.8456 0.957732 -0.0108316 437.271 0 0
1500 118.279 39.6685 17.962 1.03752 0.595813 438.114 0 0
1500 20.8031 -40.548 17.9282 -0.67115 -0.706497 436.155 0 0
1500 79.1747 58.8697 17.8652 0.364788 0.944495 441.594 0 0
1500 115.823 49.4134 17.842 0.96245 0.74897 440.553 0 0
1500 19.2932 1.8797 17.9007 -0.657385 0.0655488 440.041 0 0
1500 48.4872 64.5222 17.8203 -0.145503 1.01671 444.011 0 0
1500 114.068 37.052 17.888 0.845277 0.616534 443.95 0 0
1500 65.1717 -38.8195 17.8675 0.0968755 -0.591828 450.378 0 0
1500 129.169 42.2954 18.2617 1.27632 0.749812 437.324 0 0
1500 48.292 -63.5504 17.9264 -0.112158 -1.01863 444.505 0 0
1500 104.458 -42.6143 17.927 0.726208 -0.70847 444.344 0 0
1500 89.3994 -14.1705 18.2123 0.503634 -0.260256 449.952 0 0
1500 71.4326 -6.08104 17.9059 0.235872 -0.140446 449.404 0 0
1500 107.692 -40.8559 17.878 0.791675 -0.667674 444.846 0 0
1500 79.2198 -62.4351 17.878 0.361285 -0.971398 446.058 0 0
1500 124.035 -6.241 17.8787 1.01274 -0.149083 446.321 0 0
1500 69.9181 -65.4972 17.8774 0.226592 -1.02217 445.658 0 0
1500 58.2789 -28.5207 18.4536 0.0325366 -0.481953 444.429 0 0
1500 48.1816 -20.2931 18.0627 -0.129487 -0.389793 442.853 0 0
1500 49.1644 -2.2527 18.4531 -0.113207 -0.0908184 442.266 0 0
1500 6.36208 45.594 17.7961 -0.828161 0.628667 445.204 0 0
1500 69.2667 -20.3029 17.823 0.104342 -0.333606 449.559 0 0
1500 116.795 -91.5709 17.8004 0.951 -1.36954 445.188 0 0
1500 96.6027 3.45527 17.9054 0.648006 0.116982 443.912 0 0
1500 77.2392 35.7782 17.9036 0.348383 0.614392 444.06 0 0
1500 60.1101 -86.8271 17.9657 0.0295767 -1.42633 443.486 0 0
1500 110.465 21.4155 18.0302 0.894379 0.308141 445.321 0 0
1500 87.9933 58.9064 17.9114 0.427791 0.943468 446.569 0 0
1500 23.4247 46.0879 17.8125 -0.484239 0.764241 444.827 0 0
1500 55.3578 -55.0143 17.8996 -0.105937 -0.854295 445.39 0 0
1500 60.456 -45.5684 17.9059 -0.0284838 -0.716924 444.784 0 0
1500 34.9898 -41.0386 17.8991 -0.350748 -0.705348 445.315 0 0
1500 86.1132 -6.72835 18.3823 0.518448 -0.0960587 454.359 0 0
1500 93.9059 52.9254 17.905 0.554256 0.834614 450.415 0 0
1500 48.9339 58.0918 17.8149 -0.0799101 0.930382 447.164 0 0
1500 51.7555 51.9449 17.8221 -0.0346352 0.783598 451.634 0 0
1500 87.0868 -12.4911 17.8329 0.462408 -0.132366 452.57 0 0
1500 49.2924 26.7897 17.8343 -0.0686948 0.4191 452.677 0 0
1500 91.706 10.8375 17.8286 0.582601 0.216014 445.82 0 0
1500 71.42 -24.4149 17.8674 0.2895 -0.383378 445.864 0 0
1500 114.515 -23.2066 17.8485 0.889546 -0.337592 450.994 0 0
1500 47.1608 61.8986 17.8808 -0.127448 0.997918 448.434 0 0
1500 76.7699 4.39822 18.1247 0.283772 0.129053 454.363 0 0
1500 55.0291 56.8613 17.9502 -0.0098328 0.93151 448.173 0 0
1500 41.6121 -51.3249 17.9787 -0.300428 -0.804967 448.268 0 0
1500 64.1874 -44.7912 17.8901 0.0421505 -0.68064 453.527 0 0
1500 26.2779 -39.1327 17.8833 -0.533689 -0.650494 448.112 0 0
1500 92.9619 -24.6246 18.0715 0.545043 -0.408357 454.428 0 0
1500 123.656 -28.4462 18.3078 1.16296 -0.530849 444.616 0 0
1500 112.754 7.95209 17.8134 0.898064 0.160177 448.767 0 0
1500 107.941 43.259 17.806 0.79935 0.677076 450.844 0 0
1500 113.512 -20.7913 17.8116 0.906149 -0.277029 449.018 0 0
1500 104.824 -22.9812 17.8522 0.768075 -0.428914 447.338 0 0
1500 45.9994 13.583 18.0124 -0.24133 0.209957 447.931 0 0
1500 91.662 -36.1244 18.1617 0.665514 -0.628015 444.795 0 0
1500 85.0369 -34.7781 17.835 0.452112 -0.499737 455.373 0 0
1500 78.7506 -34.1468 17.8352 0.397505 -0.537222 449.266 0 0
1500 20.6241 -25.3597 17.8781 -0.644179 -0.406015 450.188 0 0
1500 111.833 -12.5081 17.8283 0.889117 -0.221236 450.811 0 0
1500 114.644 12.7631 17.8296 0.878065 0.154145 454.838 0 0
1500 40.1093 33.4442 17.8662 -0.268801 0.538719 456.184 0 0
1500 88.3641 36.6581 18.0602 0.482579 0.631786 451.388 0 0
1500 104.449 -8.07301 18.2665 0.825756 -0.135534 452.378 0 0
1500 80.3647 -75.5614 17.8402 0.401954 -1.1698 452.631 0 0
1500 85.902 8.23438 18.2126 0.45867 0.135362 462.407 0 0
1500 104.706 -17.4534 17.9467 0.79676 -0.293355 452.388 0 0
1500 -11.0078 16.0455 17.9102 -1.0804 0.234486 454.523 0 0
1500 4.07733 0.974307 17.8184 -0.834415 0.050169 456.812 0 0
1500 38.3059 -2.38025 18.2381 -0.308544 0.0109057 452.232 0 0
1500 67.5227 8.5101 18.1706 0.187165 0.207583 453.204 0 0
1500 70.201 21.3257 18.1668 0.227454 0.402997 453.454 0 0
1500 60.9077 68.1063 17.86 -0.0259192 1.13267 450.834 0 0
1500 120.679 6.56232 17.839 1.01137 0.124654 455.364 0 0
1500 39.1992 -59.2156 17.8362 -0.315996 -0.956655 455.541 0 0
1500 8.70762 -8.86464 17.846 -0.790441 -0.204017 454.183 0 0
1500 26.2612 -19.7466 17.853 -0.526033 -0.374499 453.572 0 0
1500 69.695 -63.7602 17.8366 0.137643 -0.990904 457.828 0 0
1500 58.8285 40.0726 17.8086 0.0600137 0.636923 458.134 0 0
1500 58.9128 14.3172 17.8182 0.0600066 0.256277 459.546 0 0
1500 84.8394 -22.2588 17.812 0.457656 -0.282997 455.354 0 0
1500 6.49488 -17.7965 17.8354 -0.796328 -0.217563 459.926 0 0
1500 -6.57354 1.90864 17.8262 -1.00202 0.0648792 458.583 0 0
1500 -5.88141 3.10256 17.825 -1.02139 0.0846907 456.602 0 0
1500 35.2435 26.031 17.8459 -0.380835 0.402332 460.89 0 0
1500 49.5094 40.6136 17.8432 -0.18059 0.609529 460.666 0 0
1500 37.8968 39.284 17.8388 -0.376273 0.645102 454.7 0 0
1500 3.30081 -2.55939 17.8346 -0.842994 -0.000124502 459.835 0 0
1500 40.6749 -26.9164 17.8994 -0.268737 -0.435214 462.185 0 0
1500 24.668 44.9711 17.8317 -0.535731 0.754377 456.223 0 0
1500 68.9407 -10.2227 18.1228 0.232731 -0.229538 455.708 0 0
1500 94.7893 -53.4953 17.9528 0.599771 -0.828882 460.106 0 0
1500 99.0064 -30.8186 17.9637 0.644994 -0.487868 461.811 0 0
1500 22.415 -32.5258 17.837 -0.621369 -0.456323 455.073 0 0
1500 90.2411 -93.1868 18.0347 0.54462 -1.58632 454.176 0 0
1500 95.6412 -2.73494 18.0221 0.676923 -0.0317506 457.754 0 0
1500 110.926 41.2133 17.8751 0.857196 0.740758 455.162 0 0
1500 121.761 -7.19411 17.9921 1.03535 -0.0872921 461.375 0 0
1500 50.3923 1.52391 18.3891 -0.168785 0.0327778 452.105 0 0
1500 -28.4149 -66.3481 17.8322 -1.45125 -1.04121 457.232 0 0
1500 61.2593 -15.7166 18.007 0.12334 -0.313198 456.21 0 0
1500 102.8 -32.6312 18.1445 0.758495 -0.544382 461.789 0 0
1500 51.1173 -5.46993 17.9976 -0.0675284 -0.144335 467.275 0 0
1500 82.4882 -35.389 17.9856 0.372008 -0.566287 466.334 0 0
1500 106.112 -19.1561 17.9785 0.76153 -0.366214 460.922 0 0
1500 83.6304 -3.98005 17.8531 0.456505 -0.11606 459.428 0 0
1500 62.2265 -51.9618 17.8415 0.112165 -0.789204 465.516 0 0
1500 74.1716 -21.8787 17.8607 0.28647 -0.319425 472.855 0 0
1500 54.1414 -42.1089 17.9262 0.00231847 -0.705978 465.072 0 0
1500 83.4588 60.1641 18.1198 0.471024 1.10601 459.741 0 0
1500 18.7304 23.2199 17.9197 -0.593641 0.433395 466.426 0 0
1500 30.3505 -17.1313 18.2189 -0.445355 -0.275292 467.507 0 0
1500 74.3809 5.60796 17.9112 0.334676 0.0552869 468.191 0 0
1500 99.0052 -38.2649 17.8931 0.658149 -0.575786 474.075 0 0
1500 70.3769 8.69179 17.8767 0.276632 0.132656 467.404 0 0
1500 80.778 66.6095 17.9229 0.430723 1.09114 468.342 0 0
1500 10.3156 8.69138 17.8685 -0.724656 0.170801 476.926 0 0
1500 -7.99837 6.6084 17.8431 -1.03562 0.124123 476.207 0 0
1500 91.2949 -13.0238 17.8449 0.591474 -0.221839 473.29 0 0
1500 8.74239 36.0172 17.7938 -0.824735 0.544218 476.046 0 0
1500 14.9236 12.9812 17.8045 -0.746163 0.199918 474.727 0 0
1500 33.528 8.02396 17.8148 -0.464928 0.124996 473.922 0 0
1500 16.5357 35.5347 17.7987 -0.714572 0.542743 475.336 0 0
1500 151.768 20.4627 17.8437 1.51403 0.255109 473.856 0 0
1500 129.719 39.9484 18.0011 1.16708 0.709016 474.109 0 0
1500 62.2026 25.6383 18.2193 0.124822 0.418026 485.773 0 0
1500 75.3915 -3.12701 17.9654 0.284323 0.0271545 482.549 0 0
1500 64.1233 36.6765 17.8121 0.0317502 0.56989 485.416 0 0
1500 90.1312 32.9305 17.938 0.600313 0.500472 477.775 0 0
1500 102.799 -35.9897 18.0272 0.696474 -0.627431 493.447 0 0
1500 94.2912 5.63178 18.0591 0.641336 0.0914723 500.899 0 0
1500 -10.1826 -3.01617 17.8356 -1.04504 0.0153842 503.082 0 0
1500 8.58373 36.0989 17.8386 -0.787005 0.605172 501.51 0 0
1500 88.2357 20.8905 17.8569 0.425948 0.387534 499.534 0 0
