Total number of secondary electrons: 262
1500.0 230.204481 15.703105 19.209893 3.848608 0.399075 275.008 0 0
1500.0 115.308151 13.289276 20.665941 1.551337 0.345110 308.882 0 0
1500.0 85.745067 10.144588 19.343504 0.642118 0.232350 312.295 0 0
1500.0 87.118215 3.370499 20.334307 0.775391 0.052356 329.306 0 0
1500.0 108.446760 25.152142 18.043517 0.828509 0.438987 345.791 0 0
1500.0 102.273523 37.127021 18.042394 0.734020 0.617134 345.959 0 0
1500.0 108.429625 -42.334949 17.997402 0.885955 -0.672802 348.099 0 0
1500.0 116.291091 -17.633300 18.037822 0.969180 -0.257178 351.976 0 0
1500.0 111.165202 13.911528 18.008834 0.897915 0.190758 353.831 0 0
1500.0 119.563996 -13.694351 17.967225 1.017588 -0.250087 355.112 0 0
1500.0 62.096267 -50.423104 17.875097 0.041078 -0.842297 355.799 0 0
1500.0 53.581694 -52.177206 17.873734 -0.088882 -0.867149 355.947 0 0
1500.0 107.506625 5.882143 18.060254 0.852450 0.103331 356.322 0 0
1500.0 45.259999 15.573470 17.927731 -0.217036 0.266758 358.376 0 0
1500.0 26.277443 -58.264151 17.864359 -0.487409 -0.925930 358.359 0 0
1500.0 12.988469 -21.918934 17.835873 -0.678970 -0.371497 360.133 0 0
1500.0 94.097867 42.570522 17.907984 0.580030 0.717127 360.798 0 0
1500.0 23.394289 53.814034 17.810359 -0.508884 0.882150 361.041 0 0
1500.0 104.079782 -2.093114 17.894175 0.744171 0.034110 361.944 0 0
1500.0 102.443255 11.360098 17.893674 0.718621 0.237665 362.014 0 0
1500.0 73.144221 16.823746 18.076397 0.305551 0.246201 362.349 0 0
1500.0 83.427906 3.965138 19.423992 0.638308 0.063980 362.857 0 0
1500.0 94.260605 27.125025 17.916719 0.549763 0.485335 363.316 0 0
1500.0 80.515029 -24.035121 18.462690 0.427934 -0.378840 366.210 0 0
1500.0 54.683206 29.993839 17.925119 -0.015746 0.486277 366.272 0 0
1500.0 115.758495 -40.638580 17.852641 0.932461 -0.655847 367.263 0 0
1500.0 50.899363 47.030007 17.807170 -0.168690 0.777828 373.155 0 0
1500.0 104.172759 -5.458931 18.616592 0.850683 -0.061423 374.191 0 0
1500.0 85.053834 16.145351 18.636022 0.505605 0.270102 376.997 0 0
1500.0 102.632299 -15.736789 18.689962 0.809210 -0.286483 378.211 0 0
1500.0 164.976056 -35.054887 17.911118 1.750027 -0.659342 378.250 0 0
1500.0 73.475702 -54.877274 17.899521 0.205683 -0.850657 383.581 0 0
1500.0 84.311974 -6.139402 18.536168 0.483236 -0.166638 383.709 0 0
1500.0 93.019314 1.684998 18.368296 0.666917 0.052457 385.761 0 0
1500.0 93.514347 14.442074 18.372489 0.706949 0.186556 386.389 0 0
1500.0 92.269705 -3.915974 18.370697 0.598740 -0.028911 392.091 0 0
1500.0 105.182426 16.407722 18.442525 0.818779 0.309232 394.031 0 0
1500.0 76.569250 1.644786 19.131316 0.426584 0.077771 396.379 0 0
1500.0 78.147023 5.415540 18.816551 0.485862 0.123782 396.806 0 0
1500.0 54.528417 13.656174 18.432165 -0.043800 0.178178 401.680 0 0
1500.0 73.410916 -2.249082 18.482908 0.343025 0.037256 403.454 0 0
1500.0 67.641212 -19.261583 18.006943 0.232967 -0.355172 403.028 0 0
1500.0 39.715983 -22.793007 18.261460 -0.340667 -0.470503 402.330 0 0
1500.0 95.669905 25.772084 18.174036 0.658281 0.449105 403.860 0 0
1500.0 91.342547 23.185798 18.053481 0.554944 0.428429 404.675 0 0
1500.0 90.364118 -42.770348 17.996965 0.606082 -0.715127 403.752 0 0
1500.0 100.385509 -6.115663 18.712391 0.781146 -0.147094 405.887 0 0
1500.0 54.869464 51.746849 18.046790 -0.001898 0.856174 405.311 0 0
1500.0 117.232473 -16.385229 18.125971 1.015319 -0.345089 405.549 0 0
1500.0 78.233341 -17.204501 18.809103 0.444477 -0.265130 406.634 0 0
1500.0 114.277806 -32.502459 18.233221 1.009104 -0.591381 406.451 0 0
1500.0 86.238925 56.694528 17.967504 0.471717 0.909157 407.707 0 0
1500.0 68.496581 18.492248 18.066577 0.240282 0.344923 408.006 0 0
1500.0 62.001115 -6.737133 18.046505 0.114793 -0.152330 409.413 0 0
1500.0 96.863111 43.109650 17.993974 0.650616 0.706738 409.626 0 0
1500.0 108.901686 0.469376 18.051494 0.846849 0.065783 409.261 0 0
1500.0 71.956968 -14.793194 18.153994 0.298263 -0.210586 410.413 0 0
1500.0 112.827968 -27.765468 17.901181 0.870012 -0.397130 412.342 0 0
1500.0 75.141126 -62.815189 17.972312 0.288203 -1.000373 410.882 0 0
1500.0 83.742237 -33.819649 18.112576 0.492495 -0.553309 409.853 0 0
1500.0 24.692954 -43.749634 17.813310 -0.509181 -0.744087 410.789 0 0
1500.0 30.261263 -41.557290 17.816681 -0.426634 -0.714722 410.414 0 0
1500.0 91.195160 10.544956 18.081543 0.618668 0.124778 410.030 0 0
1500.0 80.471792 12.670627 18.198565 0.474417 0.180818 410.203 0 0
1500.0 81.004330 -6.892016 17.988034 0.393707 -0.181910 411.719 0 0
1500.0 61.960654 -2.361211 17.992637 0.099307 -0.112276 411.422 0 0
1500.0 45.457215 -29.578132 17.984739 -0.156119 -0.531263 411.950 0 0
1500.0 37.617635 -28.325956 18.028472 -0.369110 -0.409256 410.503 0 0
1500.0 70.973150 16.893427 17.880607 0.282471 0.281397 412.411 0 0
1500.0 47.404739 28.135477 18.519526 -0.156139 0.526670 410.649 0 0
1500.0 83.895038 -36.031870 18.121920 0.395190 -0.666687 412.083 0 0
1500.0 117.563841 -11.327695 18.822664 1.310716 -0.289509 412.396 0 0
1500.0 66.394372 -10.851185 18.543889 0.191826 -0.213581 412.730 0 0
1500.0 81.612247 -13.556493 18.818372 0.466208 -0.239703 414.334 0 0
1500.0 85.295073 -1.730457 18.792685 0.537203 0.012718 414.970 0 0
1500.0 77.716169 -25.675480 18.729397 0.374991 -0.444421 414.249 0 0
1500.0 95.182721 3.556361 18.580001 0.666336 0.125192 413.982 0 0
1500.0 105.429603 -11.508014 18.047905 0.821258 -0.187028 413.856 0 0
1500.0 103.576332 32.173547 17.861281 0.770387 0.506197 414.121 0 0
1500.0 60.500075 -25.627685 18.075155 0.060886 -0.470764 413.282 0 0
1500.0 48.153591 -3.241509 18.614144 -0.110619 -0.089673 414.863 0 0
1500.0 70.446965 -0.250243 18.052258 0.276430 -0.057025 413.915 0 0
1500.0 91.704981 -25.092303 18.039362 0.596559 -0.435012 414.873 0 0
1500.0 35.444845 27.461963 17.824896 -0.409117 0.479650 414.416 0 0
1500.0 89.978114 55.143394 17.808946 0.426078 0.885602 416.148 0 0
1500.0 52.475098 2.665369 17.984147 -0.104588 -0.027206 415.016 0 0
1500.0 97.076626 55.300885 18.132946 0.728150 0.935847 413.684 0 0
1500.0 110.167916 17.117002 17.994112 0.930436 0.228252 414.774 0 0
1500.0 36.591059 22.800498 17.982408 -0.423061 0.459851 415.780 0 0
1500.0 71.446827 10.867798 18.590665 0.195142 0.158860 414.407 0 0
1500.0 79.839531 -13.816400 18.774584 0.471300 -0.196513 418.218 0 0
1500.0 69.556335 5.814760 18.654123 0.309273 0.114037 418.365 0 0
1500.0 67.377895 -4.468754 17.873067 0.172998 -0.118015 419.147 0 0
1500.0 72.514943 -3.325944 18.372007 0.326868 -0.057832 421.750 0 0
1500.0 113.138665 -36.413872 17.856114 0.877813 -0.513538 416.958 0 0
1500.0 98.959819 -48.004386 17.954728 0.672764 -0.772170 416.347 0 0
1500.0 -6.652722 13.123610 17.805308 -1.017271 0.246053 417.293 0 0
1500.0 51.114147 64.224040 17.806467 -0.160119 1.014133 416.719 0 0
1500.0 58.009439 50.568815 17.819392 -0.053897 0.768588 420.266 0 0
1500.0 59.393657 -1.878534 18.034388 0.035887 -0.094866 422.767 0 0
1500.0 75.022750 -49.775053 17.992793 0.325106 -0.813953 416.949 0 0
1500.0 72.768662 -42.742941 18.000139 0.269990 -0.656450 422.082 0 0
1500.0 80.220923 30.165068 18.345037 0.437513 0.519583 418.899 0 0
1500.0 1.411330 -11.286031 17.891254 -0.863006 -0.197405 422.418 0 0
1500.0 6.454855 -16.748628 17.890955 -0.841712 -0.293170 418.196 0 0
1500.0 96.939196 -33.975607 17.982554 0.635431 -0.586923 418.590 0 0
1500.0 -3.852018 27.003990 17.841924 -0.980558 0.366093 420.086 0 0
1500.0 8.730015 15.804486 17.852613 -0.819378 0.206405 417.995 0 0
1500.0 87.374564 -36.089055 18.220641 0.525290 -0.610252 420.502 0 0
1500.0 86.460825 -41.304993 18.218380 0.509751 -0.686206 420.738 0 0
1500.0 104.219709 -22.300022 17.897322 0.786274 -0.360932 419.703 0 0
1500.0 8.732306 -38.473023 17.814348 -0.819083 -0.576993 420.627 0 0
1500.0 -6.630008 10.833406 17.812404 -1.023219 0.161522 422.398 0 0
1500.0 58.888953 19.138745 17.839813 -0.065964 0.302494 418.095 0 0
1500.0 1.838792 34.709344 17.811757 -0.909795 0.518052 421.586 0 0
1500.0 109.911990 -60.717063 17.964631 0.871144 -0.997463 418.959 0 0
1500.0 122.257982 5.032739 17.899683 1.034734 0.097397 422.131 0 0
1500.0 117.796956 -20.484165 17.901048 0.975182 -0.283412 421.670 0 0
1500.0 87.089069 -17.494244 17.921910 0.483645 -0.223704 426.158 0 0
1500.0 116.879951 4.596847 17.905895 0.921965 0.087790 424.536 0 0
1500.0 107.777589 -37.764329 17.902383 0.829075 -0.544172 421.372 0 0
1500.0 83.750196 -5.464168 17.994947 0.494144 -0.071185 419.989 0 0
1500.0 68.648385 21.168691 18.708861 0.260678 0.387214 422.692 0 0
1500.0 26.242833 58.212966 17.876201 -0.511105 0.901038 424.801 0 0
1500.0 74.560544 -41.164992 18.356136 0.312084 -0.690365 423.554 0 0
1500.0 68.086568 -2.154555 17.859938 0.186709 -0.083450 428.904 0 0
1500.0 15.651325 -32.728931 17.869588 -0.637688 -0.576082 423.073 0 0
1500.0 56.923092 -39.895678 18.022827 -0.077279 -0.648958 420.802 0 0
1500.0 94.173251 53.283745 17.892265 0.578565 0.830821 427.504 0 0
1500.0 62.856410 33.870740 17.924560 0.150877 0.565925 423.740 0 0
1500.0 83.556749 50.049249 17.797977 0.393645 0.834522 425.120 0 0
1500.0 109.257340 27.129989 17.800337 0.744084 0.462277 428.617 0 0
1500.0 25.695711 23.919642 17.809437 -0.493725 0.446722 423.847 0 0
1500.0 102.405342 -4.337358 17.808434 0.692059 0.009569 423.934 0 0
1500.0 38.435426 59.369708 17.793662 -0.286373 0.960698 426.165 0 0
1500.0 6.306946 33.359548 17.797708 -0.743427 0.555233 428.216 0 0
1500.0 89.103722 -7.445100 18.512372 0.532536 -0.107728 436.993 0 0
1500.0 122.627147 38.418314 17.986345 1.122876 0.692800 420.504 0 0
1500.0 96.764465 8.692966 18.252464 0.683406 0.193180 425.875 0 0
1500.0 122.667816 -100.851714 17.889626 1.123574 -1.662701 421.601 0 0
1500.0 125.978230 11.144495 17.894188 1.123791 0.118097 423.938 0 0
1500.0 157.811605 56.421230 17.830201 1.547963 0.940718 425.470 0 0
1500.0 124.640118 -41.869968 18.442771 1.227257 -0.753271 421.087 0 0
1500.0 98.721039 22.026982 17.913639 0.700779 0.298783 426.052 0 0
1500.0 130.814957 -14.126300 18.190424 1.307802 -0.195481 421.912 0 0
1500.0 54.506747 -12.904086 18.335848 -0.009330 -0.269278 428.405 0 0
1500.0 40.827090 -13.753648 17.854015 -0.220116 -0.259581 434.382 0 0
1500.0 107.800781 -16.529161 17.879109 0.840607 -0.261605 428.927 0 0
1500.0 78.749871 -22.599840 17.892547 0.405349 -0.360649 427.735 0 0
1500.0 72.884669 6.902264 18.294835 0.269523 0.161667 436.465 0 0
1500.0 87.206399 -23.330527 18.109598 0.435696 -0.416961 429.202 0 0
1500.0 40.983337 3.422978 18.301213 -0.245662 0.046659 437.335 0 0
1500.0 56.423639 -1.877798 18.302857 -0.039051 -0.028778 429.511 0 0
1500.0 87.998696 2.516949 17.921904 0.520932 0.113108 426.421 0 0
1500.0 42.616922 -61.104134 17.874897 -0.207205 -0.988908 431.023 0 0
1500.0 59.240539 38.154043 18.267870 0.065849 0.651519 431.282 0 0
1500.0 59.872631 -30.220515 18.200091 0.018294 -0.510177 431.075 0 0
1500.0 51.373129 -9.792235 18.206101 -0.100104 -0.178353 438.467 0 0
1500.0 64.135792 -63.375153 17.816257 0.049086 -0.980659 435.069 0 0
1500.0 100.357312 -47.504850 17.816114 0.598390 -0.781747 432.310 0 0
1500.0 20.919185 -34.909480 17.822772 -0.610168 -0.599658 431.404 0 0
1500.0 24.780961 20.907682 18.167732 -0.524292 0.366349 432.252 0 0
1500.0 116.443517 -35.428060 17.820330 0.928186 -0.487124 436.368 0 0
1500.0 70.871401 86.449386 17.919503 0.259673 1.418481 432.995 0 0
1500.0 44.571701 -7.546681 18.379716 -0.268826 -0.170062 427.213 0 0
1500.0 82.006734 -81.257021 17.881053 0.397785 -1.281630 437.481 0 0
1500.0 92.048091 51.294223 17.872981 0.587809 0.799989 437.449 0 0
1500.0 97.219529 37.030588 17.880814 0.630635 0.554728 441.134 0 0
1500.0 112.246137 10.216307 17.876943 0.900011 0.183920 436.826 0 0
1500.0 118.742476 23.413314 17.870960 0.959853 0.369350 439.488 0 0
1500.0 99.295066 -10.899291 17.885774 0.713316 -0.138580 435.910 0 0
1500.0 92.904838 2.398856 17.889735 0.617985 0.066487 435.589 0 0
1500.0 123.338589 6.336167 17.869697 1.026958 0.124440 439.654 0 0
1500.0 84.224254 26.529239 17.897988 0.363054 0.469568 436.418 0 0
1500.0 51.177806 -28.825427 18.159496 -0.177968 -0.507433 430.662 0 0
1500.0 48.624660 10.473526 18.011725 -0.110820 0.239056 436.345 0 0
1500.0 111.465007 -22.700388 17.888345 0.829637 -0.369122 441.713 0 0
1500.0 80.957105 -16.563723 17.903734 0.425372 -0.304664 436.341 0 0
1500.0 94.703672 -12.300333 17.898554 0.634831 -0.237062 436.733 0 0
1500.0 97.210026 -23.835955 17.896693 0.617348 -0.380397 442.629 0 0
1500.0 116.292503 -20.457733 17.867674 0.948764 -0.266412 438.197 0 0
1500.0 96.336938 18.606483 18.086914 0.630674 0.287288 444.270 0 0
1500.0 94.798671 -40.682141 18.217916 0.602499 -0.718082 436.402 0 0
1500.0 78.563702 58.390303 17.887591 0.383101 0.913849 439.944 0 0
1500.0 107.376553 28.936342 17.892550 0.776815 0.448376 443.317 0 0
1500.0 61.170146 -33.629798 18.040900 0.011054 -0.558994 438.519 0 0
1500.0 37.018986 1.092680 18.144249 -0.337809 -0.036462 438.735 0 0
1500.0 71.769724 -34.267341 18.031091 0.237259 -0.521680 447.817 0 0
1500.0 91.492604 -11.684244 18.069947 0.618107 -0.161649 439.718 0 0
1500.0 53.841698 -12.707338 18.213553 -0.061261 -0.279128 437.350 0 0
1500.0 21.462307 -36.637410 17.832197 -0.542963 -0.636384 441.153 0 0
1500.0 25.638496 -50.792140 17.803343 -0.463673 -0.840070 442.030 0 0
1500.0 124.800630 15.619455 17.798933 1.024928 0.165051 443.062 0 0
1500.0 74.918838 13.952836 18.029906 0.353493 0.253326 441.285 0 0
1500.0 63.724840 24.917749 18.030415 0.162369 0.380000 448.557 0 0
1500.0 89.571654 48.065315 17.806927 0.463972 0.761023 446.309 0 0
1500.0 14.438099 43.710399 17.802243 -0.648121 0.735628 442.792 0 0
1500.0 115.868692 29.846851 17.801703 0.851621 0.505158 445.502 0 0
1500.0 107.942198 9.351405 17.810825 0.779405 0.219373 441.707 0 0
1500.0 118.990227 24.685673 17.799649 0.925511 0.443822 443.382 0 0
1500.0 79.041029 57.032288 17.803955 0.314561 0.895158 445.896 0 0
1500.0 20.465983 -17.165929 17.985940 -0.626483 -0.293015 442.136 0 0
1500.0 67.828010 22.048144 18.290456 0.266351 0.433637 436.773 0 0
1500.0 -156.399057 -103.948483 17.853392 -3.413597 -1.646049 442.139 0 0
1500.0 -11.911535 -24.222525 18.141247 -1.218679 -0.498857 436.228 0 0
1500.0 77.404536 51.671595 18.186642 0.423259 0.935315 436.787 0 0
1500.0 75.790498 17.714912 18.095298 0.300052 0.308628 451.201 0 0
1500.0 66.721707 49.523330 18.235258 0.167441 0.935574 437.075 0 0
1500.0 43.142075 21.745532 17.998218 -0.235974 0.418236 442.548 0 0
1500.0 41.023676 -21.432206 18.088684 -0.242498 -0.349600 452.386 0 0
1500.0 56.003438 -4.202187 18.146865 -0.006842 -0.124749 453.012 0 0
1500.0 7.756932 22.930440 17.905349 -0.827939 0.332604 447.505 0 0
1500.0 111.864141 42.404186 17.935782 0.855986 0.719794 447.570 0 0
1500.0 117.234646 11.903061 17.877152 0.958813 0.224236 448.452 0 0
1500.0 55.224248 -23.569707 18.016300 -0.014255 -0.392178 455.628 0 0
1500.0 83.358053 -23.959974 18.059443 0.417135 -0.443889 448.604 0 0
1500.0 54.236351 28.384695 18.180255 -0.044381 0.502898 448.970 0 0
1500.0 54.501727 66.038415 17.858124 -0.091211 1.021360 452.193 0 0
1500.0 79.539781 64.607344 17.856921 0.276434 1.008974 451.616 0 0
1500.0 82.293638 -21.038965 18.121650 0.410940 -0.441716 443.356 0 0
1500.0 43.645213 -67.622418 17.853051 -0.163467 -1.079835 451.728 0 0
1500.0 112.040133 -7.832440 18.175095 0.975977 -0.111597 448.765 0 0
1500.0 98.687713 10.434980 17.875208 0.708305 0.152064 450.737 0 0
1500.0 121.251029 -15.401971 17.870573 0.993268 -0.257785 454.625 0 0
1500.0 61.213935 -20.927580 17.896724 0.112723 -0.323989 457.668 0 0
1500.0 122.200108 1.821582 17.870333 1.030325 -0.006760 453.079 0 0
1500.0 31.784096 12.947007 18.248207 -0.419570 0.231679 451.896 0 0
1500.0 102.942720 -20.508753 18.174471 0.795050 -0.315129 453.678 0 0
1500.0 65.820989 -71.194751 17.947871 0.201392 -1.188307 449.305 0 0
1500.0 101.899312 17.972076 17.936931 0.745671 0.228066 452.588 0 0
1500.0 73.951743 -54.934912 17.810245 0.276084 -0.901762 453.622 0 0
1500.0 60.131492 -62.660993 17.806518 0.065367 -1.008900 454.293 0 0
1500.0 27.466430 -8.217963 17.858058 -0.437445 -0.179153 461.310 0 0
1500.0 70.917675 -7.101675 17.840365 0.242958 -0.045222 452.540 0 0
1500.0 128.401423 44.911533 17.823893 1.137014 0.736746 455.037 0 0
1500.0 112.925686 -46.028293 18.024404 1.013402 -0.779992 449.992 0 0
1500.0 74.560249 89.995873 17.840942 0.238468 1.372596 462.465 0 0
1500.0 78.294930 -53.465147 18.042683 0.329715 -0.877365 460.591 0 0
1500.0 76.208614 -49.260401 18.045927 0.300252 -0.819305 460.181 0 0
1500.0 77.271482 -54.683883 18.042120 0.313969 -0.894555 460.673 0 0
1500.0 50.961161 -55.901456 17.892143 -0.070243 -0.865453 464.277 0 0
1500.0 40.539265 -22.508653 17.907862 -0.214558 -0.381018 465.723 0 0
1500.0 58.624109 -51.693764 17.895218 0.038931 -0.801486 464.620 0 0
1500.0 57.717735 -59.189470 18.043572 0.016061 -0.958151 461.287 0 0
1500.0 35.803585 4.801369 17.857484 -0.421773 0.089752 458.864 0 0
1500.0 29.530235 26.130750 17.850330 -0.515469 0.419163 459.385 0 0
1500.0 -21.896293 7.490537 17.826074 -1.240428 0.144052 463.774 0 0
1500.0 88.203097 -57.393943 17.870858 0.511285 -0.903341 463.790 0 0
1500.0 42.466850 -29.981200 17.870948 -0.284940 -0.414425 469.088 0 0
1500.0 13.630054 -32.846195 17.855527 -0.748572 -0.493460 463.483 0 0
1500.0 14.875472 0.974210 17.862777 -0.737862 0.022006 462.748 0 0
1500.0 15.045032 51.210964 17.847484 -0.708740 0.767281 465.176 0 0
1500.0 3.167269 32.301260 17.848962 -0.892984 0.490765 464.584 0 0
1500.0 139.322422 -19.999910 17.986688 1.390512 -0.339093 462.533 0 0
1500.0 127.402219 -80.582800 18.053682 1.203407 -1.346227 462.507 0 0
1500.0 21.961062 32.764092 17.823807 -0.625085 0.468942 466.033 0 0
1500.0 14.862641 -25.945529 17.823761 -0.723958 -0.443396 466.511 0 0
1500.0 39.811737 60.878755 17.885818 -0.299913 0.975336 472.010 0 0
1500.0 89.101737 -0.490476 18.022567 0.558648 0.045495 472.037 0 0
1500.0 100.947759 28.500208 18.010077 0.728426 0.483349 473.155 0 0
1500.0 17.117879 45.591375 17.885741 -0.623809 0.809237 471.455 0 0
1500.0 -31.304950 57.475357 17.842407 -1.406617 0.895235 482.869 0 0
