Total number of secondary electrons: 1237
1500.0 87.916113 7.125752 19.738474 0.742547 0.126666 273.476 0 0
1500.0 97.438592 -2.394519 18.844112 0.802282 -0.081296 280.571 0 0
1500.0 104.703808 -13.128853 19.396770 1.158299 -0.229086 283.967 0 0
1500.0 86.357457 -1.023503 18.101977 0.586032 0.038241 285.621 0 0
1500.0 89.232241 2.549489 18.096579 0.627116 0.090568 285.746 0 0
1500.0 87.151743 1.766870 18.658357 0.605900 -0.020836 286.572 0 0
1500.0 109.789399 1.734350 18.097239 1.130790 0.074068 291.717 0 0
1500.0 94.765485 0.098661 18.609797 0.770481 -0.001182 293.245 0 0
1500.0 101.486455 -2.521663 18.610589 0.860124 -0.037939 293.675 0 0
1500.0 89.079192 15.363436 18.165544 0.715765 0.288698 294.813 0 0
1500.0 96.511556 8.901905 17.289897 0.639693 0.077027 296.834 0 0
1500.0 103.723008 9.405697 17.289929 0.745847 0.084266 297.194 0 0
1500.0 65.686657 -4.831466 18.194423 0.137176 -0.065399 297.558 0 0
1500.0 110.093981 23.247162 17.291270 0.834554 0.291892 297.839 0 0
1500.0 45.449543 -56.295294 17.291980 -0.138551 -0.903363 298.030 0 0
1500.0 64.126066 -64.021805 17.297694 0.139866 -1.004791 298.997 0 0
1500.0 99.559910 -49.693631 17.299936 0.661653 -0.789528 299.270 0 0
1500.0 51.623644 5.134057 18.198035 -0.111708 0.064808 299.712 0 0
1500.0 44.838425 -67.136784 17.305791 -0.143758 -1.037516 299.869 0 0
1500.0 118.640856 -29.080303 17.308088 0.931901 -0.479973 300.073 0 0
1500.0 123.605987 -16.829758 17.313062 0.998347 -0.299725 300.478 0 0
1500.0 80.921603 -1.835488 18.798477 0.554814 0.034100 301.014 0 0
1500.0 78.717064 23.437750 18.387522 0.477582 0.398269 301.251 0 0
1500.0 122.365463 1.576658 17.331213 0.963522 -0.032565 301.687 0 0
1500.0 85.816690 -1.868066 18.988676 0.672813 -0.021772 301.800 0 0
1500.0 31.475900 28.785192 17.682982 -0.437596 0.510010 302.071 0 0
1500.0 113.294118 -19.151498 17.341738 0.827502 -0.324913 302.272 0 0
1500.0 21.329627 -49.144611 17.300177 -0.557759 -0.805710 302.705 0 0
1500.0 100.387513 -33.444851 17.976331 0.722116 -0.601414 302.967 0 0
1500.0 84.874064 -5.455444 18.004492 0.554672 -0.057592 303.004 0 0
1500.0 82.664277 -37.663268 17.551219 0.405906 -0.638402 303.637 0 0
1500.0 87.552141 -7.569844 17.374849 0.454159 -0.157957 303.823 0 0
1500.0 68.230548 16.997819 18.454358 0.286763 0.316983 303.853 0 0
1500.0 58.287943 8.018154 18.495130 0.060702 0.139818 304.544 0 0
1500.0 57.316923 12.177179 18.145176 0.019530 0.179133 305.145 0 0
1500.0 151.592599 39.957437 17.910232 1.687346 0.760078 305.153 0 0
1500.0 87.925813 -49.235430 17.348020 0.518482 -0.713739 305.188 0 0
1500.0 88.281880 -36.486441 17.561583 0.463040 -0.618562 305.436 0 0
1500.0 61.568478 -16.305224 17.389773 0.113543 -0.245296 306.849 0 0
1500.0 56.621440 11.645043 18.460460 0.019796 0.166074 307.152 0 0
1500.0 77.520122 14.005683 18.854769 0.422139 0.243641 307.666 0 0
1500.0 87.968402 15.204882 18.355305 0.627339 0.221729 308.178 0 0
1500.0 78.991339 -27.780189 18.663450 0.456337 -0.486523 308.508 0 0
1500.0 134.828799 12.887642 17.574495 1.293669 0.250838 308.511 0 0
1500.0 81.799723 -8.168450 19.057913 0.567594 -0.198016 308.901 0 0
1500.0 89.031055 5.661783 17.847870 0.554783 0.148570 310.167 0 0
1500.0 88.824119 -1.673386 17.847943 0.552119 0.039647 310.117 0 0
1500.0 67.376258 5.289919 18.093423 0.267239 0.090654 310.535 0 0
1500.0 77.118728 -5.123758 17.641380 0.292720 -0.136988 310.512 0 0
1500.0 89.602057 3.532649 17.606809 0.590319 0.069090 310.626 0 0
1500.0 98.344507 -11.572900 18.533260 0.786334 -0.157296 311.156 0 0
1500.0 103.377098 25.378014 17.848778 0.755325 0.434211 311.285 0 0
1500.0 68.173130 34.741530 17.535397 0.091899 0.536825 311.356 0 0
1500.0 96.920642 39.151470 17.849685 0.658458 0.633015 311.549 0 0
1500.0 75.970679 39.058002 17.435514 0.250627 0.663765 313.245 0 0
1500.0 63.991284 -12.862838 18.006197 0.151367 -0.237637 313.415 0 0
1500.0 72.289589 -24.532736 18.521454 0.284083 -0.459914 313.894 0 0
1500.0 70.035448 27.503855 17.815110 0.287250 0.451335 314.422 0 0
1500.0 114.540928 32.326262 17.440541 0.814445 0.549097 314.802 0 0
1500.0 119.748259 25.985414 17.442015 0.887685 0.456206 315.007 0 0
1500.0 55.786683 36.835928 17.900421 -0.064185 0.609001 315.012 0 0
1500.0 77.080257 0.703204 17.883088 0.336230 0.068420 315.133 0 0
1500.0 70.297957 -37.460491 17.491530 0.171373 -0.639594 315.233 0 0
1500.0 13.589464 -21.199801 17.491741 -0.680426 -0.391382 315.680 0 0
1500.0 0.805573 23.278571 17.565382 -0.887426 0.434765 315.653 0 0
1500.0 115.519552 39.247812 17.447770 0.817801 0.642591 315.720 0 0
1500.0 112.728430 -19.940586 17.852874 0.886519 -0.347058 315.722 0 0
1500.0 4.531027 -13.219232 17.492432 -0.812136 -0.270282 316.023 0 0
1500.0 65.579066 -32.680858 17.913122 0.141673 -0.629534 316.258 0 0
1500.0 32.628392 42.234558 17.640905 -0.367974 0.701438 316.517 0 0
1500.0 107.288107 -39.713330 17.495801 0.712868 -0.657816 316.823 0 0
1500.0 37.447131 -54.791999 17.580485 -0.306168 -0.942844 317.007 0 0
1500.0 128.394150 -8.012721 17.811488 1.205033 -0.190637 317.000 0 0
1500.0 -5.047704 -26.804131 17.503201 -0.930312 -0.460750 317.807 0 0
1500.0 54.316694 -66.868566 17.504700 -0.067202 -1.040784 317.964 0 0
1500.0 72.971341 49.359124 17.642591 0.261716 0.801884 318.203 0 0
1500.0 71.136789 27.212802 18.335648 0.310814 0.464937 318.634 0 0
1500.0 98.368760 46.835029 17.646763 0.628790 0.753567 319.182 0 0
1500.0 77.982002 59.595825 17.647667 0.330445 0.937930 319.324 0 0
1500.0 26.446607 -12.990221 17.523868 -0.492889 -0.270984 319.416 0 0
1500.0 102.440491 -3.879291 18.414513 0.818458 -0.038137 319.692 0 0
1500.0 59.141467 65.622706 17.650420 0.055629 1.020130 319.702 0 0
1500.0 84.283828 -1.753128 18.204900 0.517883 0.032027 319.934 0 0
1500.0 93.403554 -3.593165 18.204055 0.651686 0.019495 320.233 0 0
1500.0 49.091139 10.789333 17.528353 -0.140504 0.213475 320.378 0 0
1500.0 85.988893 -23.130849 18.250876 0.552993 -0.383392 320.710 0 0
1500.0 64.203149 21.354441 18.429151 0.175452 0.343263 321.279 0 0
1500.0 89.675517 -3.965557 18.785241 0.656516 0.002554 321.254 0 0
1500.0 54.299646 3.451524 17.624389 -0.029755 0.113348 321.426 0 0
1500.0 -3.759760 30.630824 17.617965 -0.938358 0.463995 321.709 0 0
1500.0 101.844127 -4.536223 18.215187 0.749555 -0.133439 321.786 0 0
1500.0 138.539362 -21.701171 18.489567 1.665708 -0.464842 321.893 0 0
1500.0 108.839308 23.550259 18.351410 0.909451 0.448698 322.037 0 0
1500.0 63.872858 -36.317840 17.574754 0.018847 -0.572582 322.171 0 0
1500.0 59.803016 -49.089828 17.627223 0.005805 -0.797874 322.245 0 0
1500.0 32.785782 -6.879644 17.579588 -0.356851 -0.160547 322.335 0 0
1500.0 82.518154 3.439722 18.262309 0.499941 -0.003108 322.450 0 0
1500.0 105.356557 11.024508 17.909260 0.767290 0.229304 322.643 0 0
1500.0 87.346685 53.164578 17.535141 0.444072 0.805316 322.681 0 0
1500.0 97.624174 -47.854919 17.630293 0.560632 -0.768956 323.168 0 0
1500.0 68.108556 28.140232 18.150666 0.242246 0.482466 323.614 0 0
1500.0 44.864761 -87.648608 18.056639 -0.178933 -1.542598 323.748 0 0
1500.0 68.409109 -65.711963 17.636150 0.130317 -1.017855 324.045 0 0
1500.0 0.184344 -22.208658 17.579343 -0.915287 -0.349537 324.104 0 0
1500.0 96.394322 11.556510 18.802744 0.752644 0.189875 324.300 0 0
1500.0 69.475585 27.644211 17.725198 0.192261 0.439803 324.409 0 0
1500.0 65.696013 23.709337 17.710898 0.176021 0.357310 324.503 0 0
1500.0 89.316515 35.476513 18.150618 0.545716 0.582658 324.445 0 0
1500.0 133.568228 4.615272 17.847302 1.341382 0.123155 324.522 0 0
1500.0 81.881004 8.907949 18.590851 0.493730 0.096945 324.690 0 0
1500.0 70.457269 -5.316077 18.403085 0.318340 -0.100648 324.582 0 0
1500.0 55.088341 -30.783805 18.237675 0.016365 -0.558815 324.709 0 0
1500.0 109.078465 -47.486213 17.993341 0.949553 -0.891765 325.329 0 0
1500.0 67.604625 -7.605734 18.022058 0.247145 -0.168822 325.543 0 0
1500.0 92.506092 -6.291795 17.801034 0.539780 -0.168211 325.738 0 0
1500.0 5.611910 -4.915192 17.696508 -0.823519 -0.033229 325.772 0 0
1500.0 86.856416 -6.337674 18.208423 0.573037 -0.105166 325.801 0 0
1500.0 24.073775 5.299095 17.872251 -0.581479 0.143010 325.949 0 0
1500.0 89.798581 8.127285 18.020951 0.571850 0.063800 326.026 0 0
1500.0 52.996367 -2.062509 17.966801 -0.098156 -0.050774 326.081 0 0
1500.0 90.433406 -27.282636 17.680881 0.509403 -0.387476 326.240 0 0
1500.0 -52.762053 -16.475948 17.612215 -1.743662 -0.329042 326.221 0 0
1500.0 63.473556 20.081824 18.706040 0.180257 0.342632 326.596 0 0
1500.0 50.768781 -32.639738 17.965397 -0.130371 -0.502446 326.575 0 0
1500.0 93.453161 -31.263285 18.021054 0.618673 -0.509897 326.788 0 0
1500.0 84.343907 2.567852 18.422051 0.499574 0.000266 326.937 0 0
1500.0 91.210634 -38.135338 18.021452 0.584340 -0.608078 326.989 0 0
1500.0 53.578611 -61.456109 17.614988 -0.000740 -0.942308 326.835 0 0
1500.0 77.646275 -1.867139 17.792627 0.388520 -0.051776 327.085 0 0
1500.0 50.560944 -5.289563 18.397169 -0.120027 -0.078536 326.952 0 0
1500.0 62.589142 11.505734 18.652606 0.108094 0.181232 327.005 0 0
1500.0 129.699943 2.702432 18.002847 1.335529 0.033883 326.869 0 0
1500.0 88.895458 12.781237 17.791865 0.553976 0.166741 327.454 0 0
1500.0 92.799406 -10.902315 18.539804 0.632979 -0.224848 327.562 0 0
1500.0 102.045793 -17.230051 17.605848 0.676341 -0.329184 327.550 0 0
1500.0 91.585092 21.018562 19.011453 0.702525 0.353725 327.844 0 0
1500.0 88.699372 -9.996770 18.025070 0.521192 -0.218988 327.704 0 0
1500.0 119.373765 -24.888983 17.622165 0.951593 -0.398524 327.899 0 0
1500.0 125.114647 10.170808 17.623563 1.032352 0.108687 328.056 0 0
1500.0 96.283426 53.368821 17.621034 0.626399 0.799243 328.136 0 0
1500.0 52.208154 0.597582 17.678752 -0.157392 -0.000936 328.283 0 0
1500.0 98.215224 -13.259895 18.418255 0.749928 -0.191688 328.401 0 0
1500.0 31.847635 -6.682438 17.713829 -0.373457 -0.152254 328.820 0 0
1500.0 126.803382 6.791957 17.630918 1.046117 0.059290 328.759 0 0
1500.0 100.165144 6.692900 18.298710 0.725693 0.161479 328.606 0 0
1500.0 59.851283 -20.353212 18.499296 0.073455 -0.315697 328.721 0 0
1500.0 111.417912 -12.369334 17.793288 0.873114 -0.204119 328.715 0 0
1500.0 60.679129 -31.076445 17.816262 0.005338 -0.522098 328.716 0 0
1500.0 86.800250 15.564899 18.425693 0.530987 0.368429 328.619 0 0
1500.0 58.988544 -58.322210 18.169410 0.068577 -1.017597 328.919 0 0
1500.0 78.469691 16.731120 17.992693 0.341357 0.285733 329.122 0 0
1500.0 65.722759 68.008697 17.716517 0.129601 1.040240 329.208 0 0
1500.0 109.599614 -42.370499 17.831912 0.798766 -0.666373 329.328 0 0
1500.0 59.393772 0.567943 17.879472 0.040983 -0.065552 329.467 0 0
1500.0 120.084682 -30.953580 17.638162 0.949822 -0.416451 329.767 0 0
1500.0 13.643758 -20.430973 17.677233 -0.726535 -0.312938 329.599 0 0
1500.0 48.226137 -12.585616 18.222589 -0.156912 -0.279180 329.747 0 0
1500.0 69.650321 8.471069 18.755979 0.279245 0.172912 329.846 0 0
1500.0 38.837587 -10.460155 17.719158 -0.264798 -0.207808 330.088 0 0
1500.0 99.497513 58.240002 17.618962 0.659416 0.813257 330.619 0 0
1500.0 64.835502 13.699005 18.069876 0.121455 0.267628 330.683 0 0
1500.0 90.391685 -34.809275 17.877712 0.495747 -0.584221 330.711 0 0
1500.0 67.678557 -60.370257 18.155807 0.209782 -1.048562 330.786 0 0
1500.0 96.336497 18.422187 18.066326 0.686224 0.262256 330.959 0 0
1500.0 42.494628 -56.061517 17.864733 -0.283483 -0.903091 330.849 0 0
1500.0 79.392289 31.339527 18.014613 0.303495 0.578063 331.069 0 0
1500.0 89.965025 8.075903 18.345554 0.562994 0.077229 331.828 0 0
1500.0 104.724126 36.367245 17.664223 0.715192 0.527160 331.396 0 0
1500.0 112.933744 9.955176 17.669608 0.825876 0.160019 331.679 0 0
1500.0 125.748805 -1.013595 17.771495 1.048026 -0.006619 331.747 0 0
1500.0 92.477074 -44.981912 17.879167 0.521444 -0.726811 331.357 0 0
1500.0 94.375243 -47.696658 17.880406 0.546635 -0.762924 331.664 0 0
1500.0 134.705582 13.730617 18.031239 1.281855 0.266378 331.711 0 0
1500.0 77.887748 -7.794297 18.449086 0.471279 -0.171094 331.552 0 0
1500.0 121.989901 16.982325 17.830243 1.004378 0.264930 332.008 0 0
1500.0 83.985487 -24.478466 18.190578 0.456800 -0.371217 332.293 0 0
1500.0 108.396419 -14.935360 17.998276 0.826360 -0.267403 332.351 0 0
1500.0 38.488317 -3.570123 17.785996 -0.307347 -0.012152 332.367 0 0
1500.0 108.391356 36.410757 17.647677 0.765737 0.488074 332.517 0 0
1500.0 57.035840 -30.630905 17.796022 0.012313 -0.530742 332.712 0 0
1500.0 111.610237 -26.220184 17.658536 0.760522 -0.430258 332.714 0 0
1500.0 85.222487 -21.506475 17.695008 0.435661 -0.270408 332.870 0 0
1500.0 106.905856 33.205300 17.857530 0.855506 0.611087 332.789 0 0
1500.0 134.760547 7.721893 18.201894 1.432493 0.122737 333.163 0 0
1500.0 69.260754 -19.991054 18.120337 0.221197 -0.328683 333.446 0 0
1500.0 111.885889 2.206166 17.849363 0.822992 0.008439 333.448 0 0
1500.0 78.168074 4.909045 18.647002 0.484137 0.087155 333.589 0 0
1500.0 94.985252 20.225680 18.052863 0.608725 0.365568 333.663 0 0
1500.0 85.448051 -5.848727 18.190106 0.479360 -0.157569 333.720 0 0
1500.0 69.593594 21.980079 18.978262 0.264772 0.408703 333.556 0 0
1500.0 87.485189 6.586384 18.820970 0.679982 0.091786 333.724 0 0
1500.0 104.051386 -24.549950 17.930865 0.758580 -0.405133 333.797 0 0
1500.0 93.683038 3.001126 18.635893 0.630677 0.079378 334.172 0 0
1500.0 116.883714 -0.206763 17.932766 0.938313 -0.050370 334.315 0 0
1500.0 77.825214 -6.457385 18.535402 0.462825 -0.066954 334.649 0 0
1500.0 54.079122 10.626721 18.530509 -0.017322 0.163673 334.672 0 0
1500.0 99.624680 11.559610 17.931116 0.713690 0.186860 334.667 0 0
1500.0 46.471600 30.016047 17.983574 -0.128565 0.516807 334.832 0 0
1500.0 95.660446 -7.708792 17.829145 0.592380 -0.096989 335.140 0 0
1500.0 46.527683 4.329737 17.988772 -0.166810 0.130529 335.048 0 0
1500.0 65.194313 16.268358 17.988388 0.110402 0.307423 335.162 0 0
1500.0 75.876136 37.143933 17.983188 0.303602 0.618148 335.258 0 0
1500.0 65.305495 12.376292 18.790840 0.110292 0.234813 335.194 0 0
1500.0 4.689021 -48.337736 17.666138 -0.822087 -0.648321 335.663 0 0
1500.0 99.338832 -15.090697 17.889433 0.645858 -0.182984 335.820 0 0
1500.0 142.169305 -34.388458 17.683232 1.245763 -0.540522 335.727 0 0
1500.0 58.236404 38.738999 17.956382 0.021314 0.725654 335.796 0 0
1500.0 59.908911 51.258446 18.447857 0.064295 0.949430 335.827 0 0
1500.0 89.321019 7.862421 18.737681 0.574032 0.148324 336.202 0 0
1500.0 99.055604 54.010453 17.765388 0.647012 0.820333 336.159 0 0
1500.0 71.882719 -2.531537 17.999515 0.284899 -0.103736 336.199 0 0
1500.0 115.251052 -27.489170 17.731825 0.836123 -0.473443 336.332 0 0
1500.0 119.443458 -18.365878 17.930500 1.029793 -0.369343 336.253 0 0
1500.0 90.960275 12.517304 18.220797 0.617545 0.173891 336.546 0 0
1500.0 67.766913 -11.479908 18.214053 0.198011 -0.216450 336.668 0 0
1500.0 73.223420 67.219922 17.681485 0.152333 0.983168 336.774 0 0
1500.0 88.678546 21.796125 17.996450 0.470686 0.392705 336.617 0 0
1500.0 36.702857 -7.646478 18.060147 -0.334608 -0.147658 336.628 0 0
1500.0 72.063411 -21.401006 18.031095 0.222076 -0.384890 336.929 0 0
1500.0 67.348207 -1.083102 17.910204 0.161365 0.050589 337.055 0 0
1500.0 43.539445 -26.627948 18.030852 -0.198652 -0.461296 337.039 0 0
1500.0 57.713212 11.007186 17.996626 -0.027899 0.209042 337.149 0 0
1500.0 87.878664 -21.090243 17.971933 0.545613 -0.301315 337.266 0 0
1500.0 50.658362 -13.190804 17.971374 -0.139300 -0.233595 337.368 0 0
1500.0 62.836409 22.675489 17.995962 0.048130 0.381423 337.342 0 0
1500.0 36.272943 -12.081488 17.996023 -0.345766 -0.133877 337.323 0 0
1500.0 81.454283 8.374698 17.858138 0.436790 0.099013 337.230 0 0
1500.0 51.450867 -16.752221 17.966978 -0.069482 -0.289664 337.573 0 0
1500.0 60.870329 -24.569799 18.113538 0.114460 -0.384944 337.825 0 0
1500.0 13.236675 94.906944 17.711133 -0.652596 1.459171 337.708 0 0
1500.0 80.523547 -10.783338 18.212324 0.365987 -0.225482 337.727 0 0
1500.0 37.023746 -22.118687 17.970957 -0.338872 -0.363473 337.751 0 0
1500.0 80.632575 -0.019750 18.229580 0.419242 -0.026174 337.837 0 0
1500.0 46.139032 12.875248 17.878458 -0.189784 0.220465 337.945 0 0
1500.0 100.785121 13.800535 17.857037 0.717230 0.177996 338.000 0 0
1500.0 29.679930 5.197436 17.830771 -0.440052 0.147939 337.957 0 0
1500.0 9.673973 -14.982525 18.121521 -0.884613 -0.251261 338.112 0 0
1500.0 76.524154 6.312849 18.435564 0.377022 0.042134 338.325 0 0
1500.0 67.669125 -10.062435 18.086469 0.216056 -0.180098 338.740 0 0
1500.0 24.356137 -35.725095 17.833942 -0.502117 -0.519062 338.974 0 0
1500.0 110.882586 -23.663632 17.974319 0.866925 -0.332543 338.626 0 0
1500.0 117.809698 -6.409282 17.975824 0.962616 -0.083136 338.934 0 0
1500.0 99.287858 5.443251 18.057057 0.695463 0.025323 338.614 0 0
1500.0 70.383248 -19.581920 18.165716 0.261806 -0.357091 338.445 0 0
1500.0 -139.307778 34.925476 17.728190 -2.973513 0.586534 338.679 0 0
1500.0 2.237499 -14.605514 17.809671 -0.894438 -0.158396 338.932 0 0
1500.0 34.118953 42.227279 17.825828 -0.343752 0.743363 338.749 0 0
1500.0 46.486313 -5.061641 18.263657 -0.227702 -0.099279 338.549 0 0
1500.0 63.901411 -72.811263 18.375208 0.068260 -1.377704 338.939 0 0
1500.0 67.022546 20.737558 18.155526 0.221734 0.370591 339.208 0 0
1500.0 94.256649 -41.500500 18.058184 0.613630 -0.652928 339.528 0 0
1500.0 47.952744 -27.884622 18.020528 -0.194740 -0.457903 339.761 0 0
1500.0 78.569933 -8.037410 18.938432 0.463365 -0.180328 340.007 0 0
1500.0 98.980106 -19.355198 18.106450 0.716858 -0.289604 339.809 0 0
1500.0 32.338018 -27.533923 18.036747 -0.431596 -0.514120 339.867 0 0
1500.0 71.264477 -0.179263 18.020058 0.257095 -0.046021 340.258 0 0
1500.0 89.263248 13.185595 17.831854 0.479692 0.224383 340.166 0 0
1500.0 89.659057 -40.713788 18.057550 0.521132 -0.665378 340.602 0 0
1500.0 25.939003 20.123170 17.852537 -0.508336 0.367381 340.733 0 0
1500.0 35.279200 102.079953 17.894550 -0.354822 1.723684 340.701 0 0
1500.0 119.066091 14.966599 18.004801 1.002196 0.309936 340.931 0 0
1500.0 59.287313 4.602955 18.161753 -0.039677 0.087267 340.877 0 0
1500.0 93.036389 -11.686303 18.007511 0.563869 -0.140994 341.088 0 0
1500.0 2.237998 -40.782644 17.802577 -0.829055 -0.629611 341.353 0 0
1500.0 123.192026 -20.089577 17.765303 0.973283 -0.355691 341.399 0 0
1500.0 11.236206 16.370336 17.850708 -0.723236 0.308461 341.282 0 0
1500.0 64.236365 -7.867631 18.185619 0.072794 -0.120594 341.371 0 0
1500.0 20.700257 -61.205536 17.756606 -0.633274 -0.934252 341.376 0 0
1500.0 87.924525 6.821375 17.852949 0.433871 0.173206 341.003 0 0
1500.0 85.318091 -12.081787 17.852060 0.476391 -0.129687 341.210 0 0
1500.0 45.345674 -30.328571 17.779896 -0.143219 -0.522702 341.373 0 0
1500.0 90.751491 71.691094 18.034424 0.591853 1.188264 341.079 0 0
1500.0 80.184561 15.820928 18.631971 0.422505 0.261861 341.673 0 0
1500.0 52.152519 0.570074 18.081307 -0.053397 -0.057688 341.839 0 0
1500.0 84.568833 -1.753372 18.150627 0.463569 -0.027958 341.831 0 0
1500.0 68.961030 -10.482696 18.021007 0.239108 -0.123880 341.673 0 0
1500.0 90.525674 -16.809157 18.651947 0.648507 -0.254115 342.282 0 0
1500.0 68.675125 -30.608660 18.166628 0.218572 -0.519256 341.531 0 0
1500.0 69.799848 12.302169 18.395724 0.259541 0.253437 341.623 0 0
1500.0 107.580531 13.768608 18.142437 0.842990 0.196639 342.267 0 0
1500.0 101.687254 21.246326 17.982686 0.730106 0.360972 342.284 0 0
1500.0 73.170270 -8.021084 18.152617 0.288363 -0.192986 342.368 0 0
1500.0 82.925034 16.930012 17.856077 0.443257 0.304582 341.936 0 0
1500.0 58.360043 -11.857712 17.891953 0.073776 -0.235049 341.486 0 0
1500.0 15.749475 -18.994404 17.994771 -0.723163 -0.261778 342.235 0 0
1500.0 79.208532 1.112804 18.364896 0.410569 0.034111 342.413 0 0
1500.0 68.838615 -14.447597 18.152449 0.223692 -0.288709 342.392 0 0
1500.0 97.958545 15.170054 17.853608 0.665085 0.275870 342.449 0 0
1500.0 90.652322 -29.463110 18.281652 0.556653 -0.525196 342.549 0 0
1500.0 116.183155 24.478111 17.742869 0.924866 0.363605 342.919 0 0
1500.0 15.730014 19.652631 17.856010 -0.681628 0.341091 343.006 0 0
1500.0 19.936465 24.783970 17.786940 -0.583505 0.449268 342.870 0 0
1500.0 127.629151 0.512043 17.790325 1.045473 0.066511 343.129 0 0
1500.0 63.456883 13.294851 18.529788 0.180687 0.233649 343.404 0 0
1500.0 89.965029 -10.214960 18.296809 0.549130 -0.141986 343.320 0 0
1500.0 105.759469 -47.306037 17.744781 0.765829 -0.686971 343.428 0 0
1500.0 81.324410 9.265827 18.314754 0.486563 0.144693 343.178 0 0
1500.0 93.363107 1.820609 18.208070 0.611050 0.095431 343.231 0 0
1500.0 58.559183 -30.214259 17.865259 0.046921 -0.528322 343.341 0 0
1500.0 74.308313 -15.730655 18.544054 0.288754 -0.305436 343.152 0 0
1500.0 71.943208 33.149343 17.799993 0.283586 0.529510 343.516 0 0
1500.0 65.930656 -36.395209 17.863417 0.158123 -0.619557 343.613 0 0
1500.0 86.424343 -43.337411 17.983812 0.412715 -0.770438 343.561 0 0
1500.0 80.935849 14.243571 18.339456 0.480149 0.191169 343.707 0 0
1500.0 67.970686 68.080346 17.856987 0.117722 1.040567 343.754 0 0
1500.0 37.073158 65.129490 17.857940 -0.325665 0.996311 343.884 0 0
1500.0 118.148400 -31.374997 17.747005 0.941080 -0.451730 343.836 0 0
1500.0 11.472509 40.407904 17.880061 -0.709559 0.653299 343.695 0 0
1500.0 63.448067 61.714504 17.805275 0.036065 0.966214 343.862 0 0
1500.0 63.157488 47.481231 17.797073 0.148867 0.741853 344.012 0 0
1500.0 78.221184 39.917498 17.797525 0.376724 0.628548 343.922 0 0
1500.0 92.264303 -65.124339 17.802095 0.593962 -0.989339 344.034 0 0
1500.0 62.296050 30.606589 17.917641 0.013894 0.500955 343.989 0 0
1500.0 78.937376 0.306945 18.306471 0.450736 -0.044019 344.029 0 0
1500.0 53.872040 -93.132027 17.962077 -0.054034 -1.541595 344.003 0 0
1500.0 84.303768 19.042207 18.051695 0.447208 0.262642 344.218 0 0
1500.0 24.863543 53.720504 17.805875 -0.530143 0.844526 344.173 0 0
1500.0 102.476072 13.670023 17.796697 0.741386 0.231282 344.092 0 0
1500.0 56.707659 50.489585 17.796496 0.051427 0.785773 344.137 0 0
1500.0 93.375885 -22.905466 17.856276 0.591503 -0.401870 344.292 0 0
1500.0 69.386461 -34.782781 18.308558 0.163494 -0.617655 344.166 0 0
1500.0 38.032773 14.411037 17.887589 -0.325282 0.209049 344.584 0 0
1500.0 124.459588 17.227500 18.464531 1.307223 0.308286 344.531 0 0
1500.0 78.389579 13.010286 18.189600 0.370771 0.258743 344.872 0 0
1500.0 78.140041 5.706443 17.902238 0.294576 0.156519 344.730 0 0
1500.0 115.609914 -9.796195 17.794293 0.927287 -0.120879 344.956 0 0
1500.0 110.625839 -24.573540 17.794429 0.854490 -0.341318 344.848 0 0
1500.0 111.012362 -23.451483 17.794436 0.860306 -0.324615 344.844 0 0
1500.0 17.602575 -26.850731 17.865634 -0.669466 -0.375826 344.883 0 0
1500.0 76.056916 0.151888 18.223860 0.388641 0.049540 344.640 0 0
1500.0 34.222803 40.124962 18.023319 -0.369266 0.720129 344.800 0 0
1500.0 37.064684 -18.183148 18.359320 -0.452538 -0.403531 344.908 0 0
1500.0 88.642259 -7.684973 18.382257 0.537477 -0.106657 345.029 0 0
1500.0 83.665680 -20.000483 18.775427 0.510348 -0.355745 345.194 0 0
1500.0 120.121353 -11.199044 17.947911 0.996329 -0.164445 345.115 0 0
1500.0 124.750932 -10.442010 17.783190 1.027072 -0.102382 345.180 0 0
1500.0 95.967734 13.935891 18.154846 0.629582 0.278552 345.068 0 0
1500.0 73.442362 55.627311 17.834391 0.257274 0.897486 345.338 0 0
1500.0 55.933790 -5.777857 18.260920 -0.031105 -0.130983 345.088 0 0
1500.0 54.384363 -14.945646 18.045291 -0.097967 -0.213495 345.305 0 0
1500.0 76.936243 40.003827 17.891339 0.244691 0.669525 345.112 0 0
1500.0 55.587090 -38.938773 18.046107 -0.073330 -0.707532 345.042 0 0
1500.0 51.709844 -55.319999 17.968256 -0.161589 -0.980566 345.002 0 0
1500.0 82.405897 52.559118 17.819352 0.381144 0.787962 345.571 0 0
1500.0 107.037239 46.296302 17.800760 0.785601 0.685982 345.794 0 0
1500.0 17.785125 46.702718 17.822104 -0.664279 0.706052 345.462 0 0
1500.0 49.695704 42.418933 17.831614 -0.061081 0.688370 345.527 0 0
1500.0 63.139963 -18.092539 17.927991 0.022162 -0.307141 345.813 0 0
1500.0 -33.168020 51.493408 17.870561 -1.426610 0.865864 345.893 0 0
1500.0 102.225461 -48.143077 17.882747 0.770410 -0.777749 345.421 0 0
1500.0 42.714142 23.420873 17.990579 -0.269368 0.427712 345.952 0 0
1500.0 119.109634 -39.540321 18.040951 1.066003 -0.630506 345.818 0 0
1500.0 112.418348 -23.505802 17.895407 0.943921 -0.332059 345.557 0 0
1500.0 32.986798 -32.177866 18.170424 -0.447243 -0.510614 345.586 0 0
1500.0 95.867632 83.351208 18.005559 0.673465 1.422918 345.634 0 0
1500.0 42.349059 -22.470897 18.663472 -0.244462 -0.493504 345.608 0 0
1500.0 93.633410 -25.279741 17.848176 0.528488 -0.404976 346.541 0 0
1500.0 52.872208 -44.901536 17.847582 -0.030550 -0.674372 346.510 0 0
1500.0 93.414499 -36.229243 17.840941 0.528344 -0.558164 346.147 0 0
1500.0 92.130307 -45.159180 17.780294 0.540500 -0.625126 346.771 0 0
1500.0 138.873270 42.409321 17.787057 1.202616 0.646971 346.102 0 0
1500.0 87.605608 -13.089806 18.904618 0.605213 -0.243743 346.246 0 0
1500.0 -2.072315 31.656977 17.818004 -0.899298 0.506215 346.144 0 0
1500.0 125.683694 0.047727 17.799136 1.047836 0.024905 346.838 0 0
1500.0 81.447935 65.378143 17.779240 0.413758 0.950582 346.198 0 0
1500.0 121.455290 -14.062397 17.901966 1.008987 -0.221610 346.950 0 0
1500.0 48.597195 9.737964 18.160184 -0.172569 0.157275 346.970 0 0
1500.0 57.223185 57.394048 17.825557 0.062032 0.907075 346.375 0 0
1500.0 0.000012 82.374248 18.004040 -1.058995 1.361003 346.443 0 0
1500.0 92.210638 11.450853 18.641365 0.712372 0.313998 346.972 0 0
1500.0 102.636221 39.530237 17.879781 0.671497 0.663232 347.178 0 0
1500.0 68.630507 -51.814670 17.901532 0.225422 -0.830307 347.008 0 0
1500.0 44.881167 -45.688710 17.797311 -0.252529 -0.768145 347.018 0 0
1500.0 44.371101 4.016019 17.853794 -0.239370 0.134342 347.119 0 0
1500.0 82.913643 -2.412727 18.777252 0.496538 -0.047152 347.310 0 0
1500.0 116.461642 -29.778336 17.876283 0.919897 -0.479657 347.296 0 0
1500.0 83.785412 6.533081 18.343296 0.520289 0.063087 347.438 0 0
1500.0 -1.208464 13.645114 17.776991 -0.948249 0.156533 347.536 0 0
1500.0 68.471234 -26.674640 18.304120 0.252467 -0.466049 347.712 0 0
1500.0 74.442133 -21.168300 18.063496 0.297524 -0.394925 347.289 0 0
1500.0 40.593226 -17.735044 17.992888 -0.319423 -0.267644 347.559 0 0
1500.0 56.533047 -12.033363 17.809791 -0.055584 -0.258414 347.392 0 0
1500.0 88.833370 -0.657867 18.247953 0.637280 0.013045 347.222 0 0
1500.0 64.147858 13.606526 18.534894 0.161114 0.242336 347.904 0 0
1500.0 109.377221 78.317789 17.815632 0.807683 1.171353 347.768 0 0
1500.0 122.558767 16.461687 17.877913 1.014513 0.261606 347.834 0 0
1500.0 124.889720 -3.489136 17.878112 1.047651 -0.027691 347.878 0 0
1500.0 82.986278 -63.601973 17.854961 0.423913 -0.980585 347.846 0 0
1500.0 44.220635 -30.524028 17.803637 -0.244469 -0.540610 347.938 0 0
1500.0 57.534836 25.534007 17.801488 -0.040482 0.466524 347.903 0 0
1500.0 72.207799 -65.964497 17.862030 0.257761 -0.996140 347.980 0 0
1500.0 85.492320 12.059664 17.801794 0.440839 0.168485 347.957 0 0
1500.0 92.609290 -6.155396 18.382090 0.578600 -0.123884 348.548 0 0
1500.0 82.103512 6.867554 18.076619 0.417586 0.114363 348.168 0 0
1500.0 99.393320 -16.029126 18.016635 0.655098 -0.232322 348.382 0 0
1500.0 83.378074 -46.776418 18.054019 0.424632 -0.767994 348.584 0 0
1500.0 63.143809 -34.605019 18.151644 0.098774 -0.591651 348.499 0 0
1500.0 55.035829 -52.652908 17.876067 -0.049563 -0.865778 348.599 0 0
1500.0 74.154188 37.024527 17.796339 0.214850 0.639312 348.396 0 0
1500.0 163.752470 -6.308984 17.824520 1.648844 -0.025591 348.559 0 0
1500.0 71.047438 10.684069 17.854113 0.275748 0.135684 348.060 0 0
1500.0 72.737398 -75.794011 17.827557 0.179333 -1.261063 348.129 0 0
1500.0 84.848447 -64.006101 17.935282 0.513062 -1.053482 348.368 0 0
1500.0 147.698637 28.001293 18.086069 1.552838 0.463366 348.321 0 0
1500.0 138.288277 0.535445 17.992102 1.392064 0.053464 348.218 0 0
1500.0 103.242020 7.051189 18.535199 0.866791 0.219168 348.551 0 0
1500.0 115.016011 -20.644329 17.818239 0.868441 -0.266932 348.826 0 0
1500.0 119.713267 -22.057781 17.912184 0.959671 -0.329909 348.661 0 0
1500.0 119.897608 -11.394109 17.917303 0.955289 -0.176980 349.176 0 0
1500.0 98.006471 -47.995593 17.945958 0.665923 -0.791469 349.035 0 0
1500.0 102.632740 -3.041073 17.843503 0.753070 -0.075666 349.069 0 0
1500.0 63.953558 -14.780311 18.091231 0.054864 -0.255544 349.007 0 0
1500.0 96.235407 32.303245 17.834491 0.679414 0.502020 349.028 0 0
1500.0 94.081324 -54.758756 18.261770 0.717518 -0.960539 348.911 0 0
1500.0 59.098655 -27.633079 18.213429 0.054989 -0.427402 349.286 0 0
1500.0 79.820437 -14.175765 18.668788 0.433695 -0.227564 349.320 0 0
1500.0 27.290741 11.944918 17.854067 -0.485773 0.179975 349.329 0 0
1500.0 0.288025 -8.211872 17.848194 -0.874465 -0.101104 349.232 0 0
1500.0 8.616046 23.798466 17.789541 -0.779819 0.430277 349.317 0 0
1500.0 87.488915 0.935828 17.933515 0.503660 -0.053018 349.480 0 0
1500.0 75.049316 11.234333 18.903268 0.399322 0.259827 349.479 0 0
1500.0 31.625770 51.743359 17.787655 -0.428989 0.847854 349.728 0 0
1500.0 51.331001 -46.803410 17.856045 -0.033203 -0.754447 349.627 0 0
1500.0 54.393067 -30.734180 18.098077 -0.089409 -0.498204 349.869 0 0
1500.0 127.374996 12.632317 18.095654 1.302937 0.274434 349.847 0 0
1500.0 125.653505 -15.254972 17.872545 1.109596 -0.328739 349.995 0 0
1500.0 82.059522 46.205072 18.215192 0.421428 0.765512 350.844 0 0
1500.0 19.083138 15.475000 17.864003 -0.602210 0.227646 350.270 0 0
1500.0 100.949609 -14.758671 17.890812 0.647098 -0.255752 350.302 0 0
1500.0 -2.787948 -30.429143 17.826906 -0.907443 -0.516887 350.178 0 0
1500.0 101.703462 16.946197 18.169817 0.769344 0.231267 350.530 0 0
1500.0 73.417146 -43.307868 18.055451 0.218312 -0.714294 350.167 0 0
1500.0 75.587182 2.057005 18.162333 0.286982 0.102926 350.852 0 0
1500.0 92.968456 -19.981129 18.133074 0.545090 -0.373808 350.644 0 0
1500.0 23.712293 32.737472 17.847430 -0.594052 0.524729 350.433 0 0
1500.0 62.404805 -22.915526 17.922388 0.151057 -0.382897 350.159 0 0
1500.0 71.919251 77.168375 17.985037 0.222496 1.263396 350.892 0 0
1500.0 59.816867 -12.040851 18.077245 0.007581 -0.248501 350.251 0 0
1500.0 10.007191 57.775663 17.858652 -0.815444 0.942911 350.567 0 0
1500.0 95.981331 1.272976 17.826676 0.666562 0.038428 350.938 0 0
1500.0 95.354298 40.374682 18.053998 0.596758 0.712768 350.857 0 0
1500.0 79.096731 -51.520835 17.914714 0.313306 -0.792195 351.343 0 0
1500.0 63.116439 -51.672002 17.802836 0.013689 -0.770639 351.915 0 0
1500.0 46.942447 70.235093 17.819903 -0.126594 1.079133 351.400 0 0
1500.0 116.883798 32.165838 17.800966 0.923280 0.466275 351.580 0 0
1500.0 95.123207 -54.357476 17.835179 0.618617 -0.831245 351.186 0 0
1500.0 98.367727 2.745578 18.265415 0.730739 0.014263 351.122 0 0
1500.0 115.499542 -23.197555 17.909522 0.935423 -0.329638 351.918 0 0
1500.0 14.306484 -43.805852 17.846251 -0.727466 -0.639735 351.843 0 0
1500.0 100.895246 -34.200128 17.843620 0.630531 -0.592801 351.221 0 0
1500.0 65.074330 -17.617157 18.168643 0.200855 -0.328974 351.749 0 0
1500.0 93.157100 15.016217 18.046353 0.589045 0.302171 351.919 0 0
1500.0 64.118704 6.551619 17.851905 0.169628 0.129184 351.007 0 0
1500.0 107.642176 -1.593745 17.843248 0.798253 -0.100872 351.721 0 0
1500.0 183.758443 -13.155546 18.136018 2.203034 -0.258254 351.675 0 0
1500.0 9.476842 129.472112 18.330847 -0.975784 2.516242 351.066 0 0
1500.0 38.041803 -26.148681 17.935952 -0.268415 -0.428142 351.953 0 0
1500.0 100.127952 17.983000 17.838517 0.659453 0.328583 352.074 0 0
1500.0 106.718661 -13.024630 18.231699 0.850977 -0.186483 352.114 0 0
1500.0 96.774813 1.680182 18.235120 0.662911 0.096743 352.222 0 0
1500.0 61.306625 -21.814752 18.132297 0.012756 -0.329821 352.366 0 0
1500.0 82.227599 -14.425756 17.880868 0.399520 -0.299952 352.455 0 0
1500.0 95.569200 5.048646 17.828368 0.661451 0.070187 352.350 0 0
1500.0 43.036877 59.875220 18.030027 -0.224021 1.063476 352.211 0 0
1500.0 113.418817 -18.383505 17.948887 0.867896 -0.267287 354.016 0 0
1500.0 117.863472 17.795837 18.043260 0.970142 0.306718 352.813 0 0
1500.0 82.600449 -8.041052 18.540969 0.464895 -0.070426 352.916 0 0
1500.0 70.748180 -34.486184 17.862610 0.161161 -0.545800 353.996 0 0
1500.0 95.932617 -51.490837 17.803465 0.511883 -0.802069 352.883 0 0
1500.0 21.129438 56.544924 17.838675 -0.607137 0.851474 353.277 0 0
1500.0 23.201970 58.102858 17.843624 -0.579781 0.873139 353.426 0 0
1500.0 114.253756 26.284883 18.010398 0.907667 0.444349 353.070 0 0
1500.0 77.411179 -44.910257 18.193272 0.356747 -0.746168 352.784 0 0
1500.0 70.796998 61.307492 17.815768 0.266775 0.936763 353.064 0 0
1500.0 0.418118 13.423630 17.857203 -0.936314 0.170424 353.287 0 0
1500.0 107.226472 11.632464 18.143341 0.841537 0.219172 353.920 0 0
1500.0 83.877459 -26.202716 18.061170 0.462960 -0.467435 352.847 0 0
1500.0 105.716789 6.068952 17.840637 0.782609 0.152747 352.573 0 0
1500.0 76.541517 1.685973 18.270455 0.381510 -0.038338 353.423 0 0
1500.0 19.261109 -21.934102 17.962514 -0.643534 -0.372607 353.634 0 0
1500.0 33.124926 -41.657373 17.931098 -0.388599 -0.709657 353.994 0 0
1500.0 105.071920 -16.650404 18.138106 0.827173 -0.215092 353.822 0 0
1500.0 52.826902 -18.333110 17.828424 -0.074836 -0.361312 353.189 0 0
1500.0 45.194556 21.352948 17.860514 -0.192929 0.410714 352.927 0 0
1500.0 64.228013 1.890807 17.865648 0.104368 0.107830 352.596 0 0
1500.0 68.095004 35.116495 17.861694 0.101327 0.596452 353.284 0 0
1500.0 115.562374 -18.846618 17.833119 0.924526 -0.221904 353.405 0 0
1500.0 36.161161 -5.786478 18.069488 -0.370410 -0.132733 353.933 0 0
1500.0 63.562768 25.522669 17.967502 0.172707 0.426725 353.948 0 0
1500.0 60.827324 -1.539821 18.277236 0.024421 -0.042377 353.753 0 0
1500.0 75.803481 -32.282847 17.902758 0.325435 -0.592292 353.842 0 0
1500.0 108.285561 -36.667735 18.239978 0.945539 -0.643834 353.771 0 0
1500.0 54.335005 -84.457455 18.038045 -0.044697 -1.520300 352.577 0 0
1500.0 81.487403 27.840640 18.237095 0.355900 0.525528 352.974 0 0
1500.0 34.332063 -2.213090 18.014145 -0.372854 -0.038150 354.453 0 0
1500.0 110.917662 32.979195 17.837286 0.817562 0.521501 354.739 0 0
1500.0 120.207683 21.603299 17.902306 0.980451 0.358480 354.816 0 0
1500.0 94.598429 32.471569 18.365388 0.659895 0.541024 354.396 0 0
1500.0 119.415779 3.591873 18.006691 1.002557 0.091057 354.510 0 0
1500.0 98.514217 -3.801532 18.316656 0.735312 -0.097612 354.099 0 0
1500.0 69.731038 -21.148525 18.519404 0.261809 -0.392050 354.340 0 0
1500.0 16.445263 -36.266944 17.988123 -0.682849 -0.560533 354.476 0 0
1500.0 61.531489 -58.951760 17.923277 0.067226 -0.962981 354.997 0 0
1500.0 37.186314 -55.160577 17.923814 -0.299750 -0.907052 354.912 0 0
1500.0 20.591722 22.167224 18.061733 -0.610946 0.367065 354.357 0 0
1500.0 84.509827 54.657908 17.846898 0.347941 0.879396 354.759 0 0
1500.0 93.217810 37.532582 17.933378 0.546382 0.647718 354.553 0 0
1500.0 99.433162 1.447039 17.900007 0.711964 0.061923 354.660 0 0
1500.0 43.985203 4.633514 18.092070 -0.256239 0.097116 355.006 0 0
1500.0 47.284771 2.517779 18.092864 -0.205450 0.064497 354.956 0 0
1500.0 61.921156 -15.020602 18.092954 0.020729 -0.206543 354.950 0 0
1500.0 105.610535 57.365217 18.038783 0.891196 1.014575 354.842 0 0
1500.0 23.102898 49.657117 17.852639 -0.565899 0.729226 355.270 0 0
1500.0 100.958886 -11.930257 17.853001 0.658964 -0.122164 356.345 0 0
1500.0 24.365881 -7.455453 17.875455 -0.493292 -0.168112 358.146 0 0
1500.0 75.428127 49.688042 17.945218 0.271935 0.773363 356.975 0 0
1500.0 69.977168 -3.987455 18.374144 0.288110 -0.055553 357.188 0 0
1500.0 40.928724 -16.838596 18.069999 -0.260437 -0.274259 355.862 0 0
1500.0 75.733701 -15.125579 17.838279 0.305127 -0.177921 355.257 0 0
1500.0 68.525695 7.164566 17.827846 0.115915 0.163397 355.460 0 0
1500.0 73.191239 16.843517 17.873487 0.276312 0.206657 355.686 0 0
1500.0 80.212142 -2.442035 18.198898 0.410011 -0.053042 356.846 0 0
1500.0 71.582379 25.555564 17.827119 0.252827 0.374984 355.597 0 0
1500.0 53.164838 8.366293 18.286856 -0.056175 0.166290 358.367 0 0
1500.0 87.252031 52.410091 17.839951 0.474486 0.797187 355.090 0 0
1500.0 75.866321 -0.385686 17.863910 0.302556 0.039827 357.133 0 0
1500.0 56.680994 -26.761236 17.865310 -0.039066 -0.439842 357.151 0 0
1500.0 99.975288 -38.031455 17.813862 0.635885 -0.603443 355.560 0 0
1500.0 72.662175 -2.194716 17.932370 0.277604 -0.055472 357.680 0 0
1500.0 83.977660 -57.503694 17.833768 0.344866 -0.892770 356.060 0 0
1500.0 49.778572 34.650933 17.888035 -0.147778 0.546217 358.063 0 0
1500.0 -7.333114 3.770965 17.870448 -1.018139 0.052832 356.183 0 0
1500.0 110.428832 33.501843 17.832109 0.804818 0.540638 356.632 0 0
1500.0 102.532525 47.828612 17.828747 0.698419 0.756381 355.857 0 0
1500.0 39.166053 -30.932546 17.944827 -0.320430 -0.444494 359.067 0 0
1500.0 75.805686 29.757401 17.992878 0.305672 0.474000 359.519 0 0
1500.0 84.523619 -44.463138 17.937021 0.406800 -0.698856 358.492 0 0
1500.0 22.151963 55.363541 17.795816 -0.551179 0.888381 356.161 0 0
1500.0 13.482297 49.241392 17.876307 -0.730231 0.734994 355.641 0 0
1500.0 85.011632 -59.002857 17.962484 0.424027 -0.940721 356.661 0 0
1500.0 95.557385 -41.693636 17.809929 0.562186 -0.692266 356.089 0 0
1500.0 76.761321 -40.572907 17.818118 0.274468 -0.654366 358.281 0 0
1500.0 84.575589 56.333798 17.879206 0.390045 0.860421 359.890 0 0
1500.0 78.960014 61.633902 17.835890 0.318422 0.991725 355.968 0 0
1500.0 67.215642 63.913947 17.837509 0.140526 1.003699 357.438 0 0
1500.0 73.484934 59.777366 17.840270 0.229975 0.935817 357.998 0 0
1500.0 13.290835 50.046763 17.835559 -0.656457 0.815960 356.239 0 0
1500.0 5.601455 36.090944 17.842542 -0.837559 0.590205 355.617 0 0
1500.0 6.026679 17.263007 17.851914 -0.792936 0.294210 358.841 0 0
1500.0 66.840135 -10.163160 17.895643 0.195859 -0.123581 360.623 0 0
1500.0 84.519784 -29.097231 18.297510 0.471646 -0.512691 355.549 0 0
1500.0 110.875508 31.580942 17.945624 0.865575 0.498422 356.791 0 0
1500.0 75.604217 1.744243 18.313030 0.356807 -0.009607 362.421 0 0
1500.0 93.117374 -2.567370 18.006889 0.586242 -0.033963 360.257 0 0
1500.0 89.171940 31.386164 18.182115 0.489634 0.545000 355.386 0 0
1500.0 98.344706 -22.587263 18.011077 0.705806 -0.377115 355.086 0 0
1500.0 108.646812 10.305002 18.201108 0.873996 0.184798 356.434 0 0
1500.0 109.807778 5.319937 18.200888 0.890982 0.110275 356.461 0 0
1500.0 54.349321 5.286631 18.117607 -0.026482 0.141082 362.259 0 0
1500.0 96.334272 51.772899 17.884430 0.642657 0.809400 356.844 0 0
1500.0 115.348532 -18.306553 17.837363 0.911313 -0.338890 355.951 0 0
1500.0 112.934386 14.699841 17.843335 0.808479 0.278137 359.903 0 0
1500.0 42.712748 26.926857 18.229220 -0.243952 0.452622 355.784 0 0
1500.0 105.781579 -16.564469 17.813981 0.789528 -0.204084 355.413 0 0
1500.0 80.054203 -9.438315 17.969434 0.344489 -0.197288 362.210 0 0
1500.0 98.960547 -3.131226 17.960897 0.670624 -0.120783 355.478 0 0
1500.0 70.522032 -62.573879 17.944493 0.226186 -1.001089 357.627 0 0
1500.0 90.714847 -53.660195 17.944979 0.527644 -0.870326 357.487 0 0
1500.0 109.155175 -41.679860 17.943278 0.793306 -0.683824 358.265 0 0
1500.0 123.337902 -37.631110 17.920129 1.016424 -0.613749 358.520 0 0
1500.0 16.049380 31.405881 17.922887 -0.682602 0.529264 356.473 0 0
1500.0 70.325709 61.925974 17.916347 0.141469 0.980007 357.396 0 0
1500.0 29.121253 -6.932296 17.950320 -0.451450 -0.062803 362.416 0 0
1500.0 108.520797 5.044453 18.116124 0.847005 0.133744 357.199 0 0
1500.0 73.261768 42.332394 17.839881 0.235194 0.650420 363.116 0 0
1500.0 103.846113 -18.651012 18.242373 0.799862 -0.323257 358.000 0 0
1500.0 75.241247 4.636575 17.954760 0.247392 0.133829 363.129 0 0
1500.0 36.502099 51.165384 17.897425 -0.373359 0.827983 357.144 0 0
1500.0 7.288946 -74.641356 17.844602 -0.767523 -1.200531 357.605 0 0
1500.0 123.604552 10.417412 17.829089 1.039681 0.130669 359.152 0 0
1500.0 66.965541 5.231515 17.858462 0.215621 0.057378 355.267 0 0
1500.0 60.042286 56.019530 17.842875 0.034020 0.927270 357.264 0 0
1500.0 59.665467 -43.293191 17.827324 -0.031730 -0.658811 362.236 0 0
1500.0 89.085579 -14.891864 18.081129 0.488710 -0.302263 356.798 0 0
1500.0 70.010926 -16.547920 18.757404 0.336720 -0.309227 359.425 0 0
1500.0 89.427138 -37.613554 17.813824 0.496100 -0.653205 357.017 0 0
1500.0 57.844037 -56.433750 17.808260 0.010616 -0.933206 357.661 0 0
1500.0 123.336120 -17.854012 17.802169 0.986406 -0.338945 359.050 0 0
1500.0 67.780747 -64.916871 17.802506 0.156211 -1.025416 360.024 0 0
1500.0 105.916152 -44.336630 17.804034 0.711323 -0.717985 360.510 0 0
1500.0 20.406449 -54.861830 17.803102 -0.537915 -0.874832 360.249 0 0
1500.0 108.634912 -86.090921 17.889372 0.845401 -1.406237 355.946 0 0
1500.0 117.183599 22.593851 18.039043 0.976522 0.329513 359.704 0 0
1500.0 56.475180 19.280789 18.181741 0.031170 0.371715 357.423 0 0
1500.0 21.865268 55.003614 17.809254 -0.564502 0.885775 359.587 0 0
1500.0 70.097503 9.402962 17.996470 0.229048 0.166732 366.518 0 0
1500.0 108.762531 30.931006 17.924205 0.825577 0.521540 358.757 0 0
1500.0 112.482075 -26.173829 18.068205 0.875621 -0.456548 359.422 0 0
1500.0 97.304746 38.909755 17.942925 0.584706 0.661554 358.154 0 0
1500.0 115.309957 -22.616683 17.894935 0.924803 -0.388488 359.056 0 0
1500.0 82.332007 -24.301335 17.914322 0.402640 -0.387097 363.648 0 0
1500.0 91.444422 10.401024 17.914908 0.530116 0.099624 363.695 0 0
1500.0 72.831591 -39.631927 17.881860 0.210263 -0.683898 357.363 0 0
1500.0 84.801044 50.640009 18.031416 0.403647 0.831985 359.017 0 0
1500.0 20.640799 33.463223 17.868441 -0.557727 0.538956 362.956 0 0
1500.0 97.892414 18.048595 18.024137 0.704300 0.302082 358.210 0 0
1500.0 103.764092 -13.222701 17.918263 0.739734 -0.150597 361.098 0 0
1500.0 78.933563 3.632293 18.426963 0.416073 0.127119 358.880 0 0
1500.0 84.755920 -21.998486 18.436607 0.546218 -0.365096 359.489 0 0
1500.0 90.324181 1.447552 18.063179 0.579190 0.077161 357.895 0 0
1500.0 110.521711 17.398989 17.833643 0.876116 0.266210 358.393 0 0
1500.0 99.772945 -24.778188 18.053156 0.716660 -0.427451 358.768 0 0
1500.0 74.876975 57.828993 17.925316 0.278319 0.896804 362.548 0 0
1500.0 85.962924 -5.106030 18.070933 0.477409 -0.039217 364.888 0 0
1500.0 61.965171 -58.860106 17.803099 0.098614 -0.903138 362.320 0 0
1500.0 102.681460 7.911876 18.123771 0.759500 0.180955 358.930 0 0
1500.0 94.639674 43.486224 18.115787 0.628958 0.709465 359.856 0 0
1500.0 71.624168 25.876915 18.132442 0.292574 0.457824 358.216 0 0
1500.0 66.100015 9.137392 17.938018 0.060481 0.150518 356.955 0 0
1500.0 34.460265 41.672718 17.922060 -0.425350 0.646242 358.140 0 0
1500.0 42.587423 23.586705 17.938950 -0.272477 0.427570 357.410 0 0
1500.0 120.029442 20.360327 17.821291 0.997902 0.288017 359.947 0 0
1500.0 45.746963 -49.314041 17.833238 -0.167564 -0.829393 358.248 0 0
1500.0 159.984914 -47.349722 17.868663 1.692908 -0.795845 355.811 0 0
1500.0 68.064368 6.572631 17.944106 0.218600 0.074234 365.032 0 0
1500.0 104.714134 -7.012738 17.927301 0.800144 -0.125999 358.568 0 0
1500.0 104.822468 28.988049 17.922982 0.796057 0.421004 359.040 0 0
1500.0 91.094232 -45.392945 17.922090 0.586808 -0.706083 359.153 0 0
1500.0 113.272338 -34.364232 17.915185 0.901601 -0.526771 360.695 0 0
1500.0 71.376468 -3.910148 17.942965 0.296307 -0.080086 357.350 0 0
1500.0 80.112254 -11.452648 17.940532 0.387525 -0.177050 364.773 0 0
1500.0 38.725247 -62.418508 17.943221 -0.300837 -0.995982 360.407 0 0
1500.0 96.871832 -92.615042 17.860227 0.629620 -1.421239 360.876 0 0
1500.0 117.918921 -19.197990 17.966941 0.932564 -0.326260 362.852 0 0
1500.0 85.425791 -19.639020 17.836161 0.499893 -0.325850 357.796 0 0
1500.0 96.210069 27.380484 17.831919 0.609081 0.369317 363.964 0 0
1500.0 82.947350 33.609056 17.833217 0.459752 0.499711 358.025 0 0
1500.0 80.325245 5.921112 18.069832 0.392942 0.166045 358.332 0 0
1500.0 67.203035 87.120029 17.792130 0.098683 1.371392 360.231 0 0
1500.0 34.249878 -9.361431 17.819848 -0.364475 -0.223834 357.514 0 0
1500.0 67.020708 7.011258 17.844387 0.216526 0.091672 357.370 0 0
1500.0 -2.811746 -26.566687 17.801150 -0.941346 -0.459657 360.958 0 0
1500.0 -9.248306 15.867799 17.801109 -1.034400 0.169989 361.121 0 0
1500.0 85.967064 -15.218878 18.033360 0.401820 -0.280495 365.577 0 0
1500.0 31.432597 44.298932 17.842585 -0.351834 0.696519 364.005 0 0
1500.0 120.380792 -5.062560 17.948180 1.003959 -0.025633 360.624 0 0
1500.0 88.399009 53.241368 17.936215 0.473836 0.832586 363.419 0 0
1500.0 92.422038 47.859738 17.938222 0.529328 0.752032 363.721 0 0
1500.0 94.166983 7.333711 17.952784 0.542739 0.168864 365.208 0 0
1500.0 98.015508 41.084443 17.936964 0.642802 0.691134 360.079 0 0
1500.0 -6.084736 7.000608 17.873407 -0.991866 0.080605 362.837 0 0
1500.0 9.920380 9.555862 17.882622 -0.803321 0.124337 359.112 0 0
1500.0 65.892049 8.740353 17.895436 0.172207 0.095879 367.469 0 0
1500.0 107.722959 -7.535366 17.900595 0.834946 -0.081245 359.564 0 0
1500.0 1.888977 0.106727 17.825565 -0.875338 -0.012551 363.748 0 0
1500.0 92.340118 -35.950713 18.299486 0.597403 -0.606884 361.061 0 0
1500.0 -4.732254 -31.120794 17.896734 -1.002721 -0.456720 360.929 0 0
1500.0 100.759105 -49.795927 17.836335 0.681942 -0.795319 361.570 0 0
1500.0 6.589974 -5.823436 18.016800 -0.820932 -0.127171 360.000 0 0
1500.0 42.216423 -15.506973 18.031521 -0.285408 -0.279201 358.805 0 0
1500.0 35.301709 4.034339 18.031659 -0.392346 0.022858 358.795 0 0
1500.0 98.501149 12.017167 17.980939 0.641343 0.261019 359.331 0 0
1500.0 66.139480 53.295513 17.972051 0.143031 0.882355 360.205 0 0
1500.0 104.858597 34.623257 17.969713 0.725724 0.596967 360.511 0 0
1500.0 73.923345 -56.142468 17.895064 0.296708 -0.906857 360.363 0 0
1500.0 1.022604 30.473831 17.809956 -0.905255 0.456653 362.750 0 0
1500.0 17.271985 -49.944276 17.810160 -0.688967 -0.738972 360.682 0 0
1500.0 -1.321708 27.393946 17.809047 -0.943160 0.413338 362.481 0 0
1500.0 -7.780829 1.918116 17.808042 -1.046215 0.040502 361.930 0 0
1500.0 44.916213 -39.326014 17.874120 -0.207134 -0.620194 365.104 0 0
1500.0 65.089379 65.700045 17.900548 0.160549 1.031593 361.758 0 0
1500.0 33.800689 46.872079 17.932334 -0.350637 0.732973 364.811 0 0
1500.0 78.416816 67.605065 18.132960 0.366353 1.170223 356.401 0 0
1500.0 6.200405 40.381089 17.818372 -0.775262 0.660115 362.923 0 0
1500.0 90.154724 1.521183 18.257601 0.557841 0.046304 367.133 0 0
1500.0 86.886591 -33.544872 18.296172 0.542955 -0.560033 361.274 0 0
1500.0 63.074779 -18.670935 17.920696 0.051908 -0.359340 358.847 0 0
1500.0 114.083642 -15.987586 18.156488 0.937098 -0.278546 362.046 0 0
1500.0 112.962456 4.795799 18.159162 0.926150 0.029957 361.633 0 0
1500.0 106.982479 -35.823367 18.019075 0.840204 -0.613035 358.953 0 0
1500.0 75.223515 25.586236 18.010314 0.329096 0.365402 366.700 0 0
1500.0 102.901767 -19.478557 18.000551 0.723166 -0.265394 365.848 0 0
1500.0 77.775305 23.258648 18.010257 0.364659 0.333005 366.695 0 0
1500.0 111.561843 15.119851 17.995477 0.851960 0.224036 365.288 0 0
1500.0 106.078131 8.916403 18.181417 0.900190 0.119386 356.035 0 0
1500.0 86.658207 48.524397 17.894980 0.515980 0.757905 360.966 0 0
1500.0 91.246348 -6.884825 18.039571 0.552904 -0.114214 366.993 0 0
1500.0 52.802134 -35.651067 18.045483 -0.074093 -0.561192 366.872 0 0
1500.0 74.928099 40.632638 18.038942 0.299849 0.628217 366.482 0 0
1500.0 32.857979 1.671614 17.841023 -0.426204 0.100860 358.520 0 0
1500.0 83.583801 4.493549 18.520435 0.519810 0.126402 362.072 0 0
1500.0 59.892134 42.643499 18.061811 0.053196 0.684806 364.980 0 0
1500.0 -7.813565 11.917709 17.801957 -1.026653 0.114373 362.313 0 0
1500.0 -8.610151 8.825045 17.801628 -1.036438 0.067951 362.450 0 0
1500.0 104.117952 -21.600906 17.814932 0.667775 -0.398805 360.373 0 0
1500.0 25.765102 -48.882249 17.808331 -0.504308 -0.765380 364.942 0 0
1500.0 80.917379 -47.199074 17.814500 0.286834 -0.733567 365.659 0 0
1500.0 -5.831553 -16.268864 17.801527 -0.994198 -0.306576 362.500 0 0
1500.0 -8.189218 -8.053240 17.801326 -1.027544 -0.183646 362.620 0 0
1500.0 34.250182 -44.657459 17.814235 -0.378375 -0.697615 365.632 0 0
1500.0 108.081460 -47.627264 17.801252 0.703879 -0.772511 362.676 0 0
1500.0 10.717031 -8.890267 17.816726 -0.711400 -0.187041 365.877 0 0
1500.0 59.625172 -2.029627 18.048174 0.069626 0.036976 368.197 0 0
1500.0 94.281781 34.306293 18.028632 0.601494 0.591124 361.799 0 0
1500.0 108.181829 -17.301901 18.144305 0.884339 -0.357414 356.984 0 0
1500.0 117.402180 13.954960 17.917072 1.019683 0.264945 358.608 0 0
1500.0 79.388153 -29.541601 18.080349 0.391350 -0.437446 367.712 0 0
1500.0 109.717045 12.015712 18.067819 0.879884 0.152468 362.289 0 0
1500.0 126.469517 -10.719239 18.183789 1.171391 -0.236635 358.941 0 0
1500.0 56.681284 -28.603196 18.157247 -0.020209 -0.451117 368.449 0 0
1500.0 95.897696 8.414703 17.862586 0.607100 0.118075 366.984 0 0
1500.0 70.420421 -25.766286 17.866674 0.273878 -0.401801 360.269 0 0
1500.0 104.168068 11.816762 18.640931 0.882154 0.245359 359.492 0 0
1500.0 111.835496 24.624061 17.826637 0.900829 0.443940 359.497 0 0
1500.0 36.498099 -5.416644 17.969187 -0.352927 -0.062611 368.088 0 0
1500.0 50.325649 -15.298532 17.871490 -0.169390 -0.240281 367.877 0 0
1500.0 38.443428 -13.744839 17.825046 -0.277785 -0.286617 360.231 0 0
1500.0 109.280817 -40.943980 17.800148 0.776511 -0.665828 364.681 0 0
1500.0 64.253244 -57.918035 17.803843 0.122288 -0.948575 362.198 0 0
1500.0 62.708229 -42.312610 17.814497 0.100637 -0.724665 361.019 0 0
1500.0 107.918556 39.213068 17.960439 0.807244 0.654736 362.840 0 0
1500.0 73.237192 -13.107927 18.178169 0.326852 -0.247266 363.602 0 0
1500.0 -6.697685 1.537226 17.951293 -1.019632 0.038127 363.826 0 0
1500.0 12.810553 3.079519 17.964538 -0.749302 0.062783 362.019 0 0
1500.0 40.812883 -11.440624 17.977324 -0.291366 -0.144803 368.615 0 0
1500.0 118.762489 23.092608 17.898401 0.991344 0.346322 363.715 0 0
1500.0 103.391505 28.772030 17.968917 0.781266 0.434619 362.789 0 0
1500.0 1.191295 -27.152735 17.822679 -0.849948 -0.459813 365.870 0 0
1500.0 33.872084 2.882251 17.844190 -0.407293 -0.027288 360.750 0 0
1500.0 37.447095 -54.185996 17.823295 -0.341082 -0.891938 362.692 0 0
1500.0 97.736596 -11.056993 17.837567 0.586287 -0.243298 361.223 0 0
1500.0 -3.896951 -0.791267 17.822498 -0.966218 -0.082037 362.819 0 0
1500.0 59.347342 -65.076520 17.818556 -0.008811 -1.039573 363.804 0 0
1500.0 144.973847 26.066475 17.939046 1.528102 0.456704 356.799 0 0
1500.0 76.278517 -26.613074 18.167517 0.334319 -0.423236 369.217 0 0
1500.0 121.384972 -5.538289 17.813783 1.005998 -0.030397 363.518 0 0
1500.0 101.037741 29.880430 17.823483 0.663371 0.476645 367.158 0 0
1500.0 67.682110 25.612506 18.031198 0.245451 0.436513 360.975 0 0
1500.0 81.689927 -32.755585 18.032123 0.459921 -0.527236 362.743 0 0
1500.0 6.235507 -44.482923 17.798834 -0.743404 -0.735139 363.326 0 0
1500.0 101.144302 -32.775505 17.802494 0.725726 -0.468301 362.819 0 0
1500.0 113.274823 -65.172871 17.881529 0.851093 -1.124265 359.385 0 0
1500.0 105.146661 -22.267853 18.139802 0.834042 -0.434726 359.117 0 0
1500.0 52.175819 -1.697124 18.352815 -0.067460 0.034172 363.376 0 0
1500.0 44.963065 -25.469554 17.971047 -0.190044 -0.420848 369.541 0 0
1500.0 63.440032 -7.420807 17.975829 0.075463 -0.188762 362.092 0 0
1500.0 64.081331 41.178872 18.314871 0.109865 0.776864 356.690 0 0
1500.0 15.984917 -32.216519 17.935348 -0.636114 -0.565899 363.720 0 0
1500.0 48.411998 -46.631890 17.893255 -0.141832 -0.788658 363.496 0 0
1500.0 71.734174 -54.784839 17.831824 0.261812 -0.811870 367.984 0 0
1500.0 114.949613 -38.419157 17.820884 0.905080 -0.528874 365.634 0 0
1500.0 90.903166 -31.886799 18.048965 0.508285 -0.558602 363.774 0 0
1500.0 100.933022 8.892725 18.016131 0.719901 0.070670 363.711 0 0
1500.0 21.604330 -32.466705 18.011494 -0.606375 -0.483102 363.947 0 0
1500.0 92.953539 45.236346 17.971061 0.541045 0.710605 368.726 0 0
1500.0 137.339032 108.259803 17.926513 1.308659 1.738808 362.707 0 0
1500.0 -3.471429 117.238980 17.793468 -0.910844 1.792633 366.828 0 0
1500.0 0.776671 -26.135832 17.919513 -0.917292 -0.366887 365.349 0 0
1500.0 103.321981 -42.059549 17.943413 0.707806 -0.663661 368.275 0 0
1500.0 63.848752 5.298642 17.969111 0.135245 0.016749 370.809 0 0
1500.0 99.421421 108.309961 17.829255 0.639765 1.645926 367.252 0 0
1500.0 111.515195 27.553091 18.012462 0.898164 0.400603 365.728 0 0
1500.0 78.524049 -4.463901 18.011500 0.420705 -0.041917 361.159 0 0
1500.0 54.290236 -21.794833 18.215020 -0.074026 -0.354162 365.660 0 0
1500.0 76.857820 -50.836839 17.947784 0.278247 -0.843129 364.835 0 0
1500.0 97.172871 -12.656834 17.957879 0.594992 -0.268006 363.876 0 0
1500.0 76.836593 -60.787427 17.941029 0.273374 -0.977758 365.932 0 0
1500.0 37.744919 -28.301159 17.961433 -0.290442 -0.462388 370.393 0 0
1500.0 39.869316 -37.827954 17.890952 -0.349216 -0.570841 363.789 0 0
1500.0 43.754314 20.991784 17.897862 -0.291528 0.339859 363.281 0 0
1500.0 96.064139 -3.685903 17.875397 0.669922 -0.055037 363.782 0 0
1500.0 81.531979 38.579736 17.977859 0.335008 0.710661 358.117 0 0
1500.0 44.498882 52.894927 17.823805 -0.144098 0.851856 364.493 0 0
1500.0 57.399409 -44.351762 18.013819 0.002737 -0.691494 370.559 0 0
1500.0 49.632633 -7.641253 18.025646 -0.117450 -0.195229 363.737 0 0
1500.0 75.436496 60.722141 17.894796 0.324357 0.960048 366.191 0 0
1500.0 86.210540 -9.369963 17.916159 0.503419 -0.091968 363.821 0 0
1500.0 110.381985 37.801566 17.894517 0.823083 0.599512 368.152 0 0
1500.0 84.095577 43.038863 17.906176 0.430193 0.659112 369.877 0 0
1500.0 59.821174 33.796425 17.915667 0.084955 0.521813 370.720 0 0
1500.0 27.845871 -24.316763 18.182372 -0.481882 -0.400960 365.144 0 0
1500.0 57.809884 43.304495 17.875213 -0.071554 0.658068 365.854 0 0
1500.0 80.968414 -62.151831 18.086378 0.449450 -1.076069 360.925 0 0
1500.0 51.172923 -7.296994 17.980431 -0.095313 -0.190999 363.952 0 0
1500.0 86.240202 -16.521041 17.974654 0.403962 -0.300141 371.308 0 0
1500.0 50.086378 -30.612439 17.974549 -0.100704 -0.496893 371.300 0 0
1500.0 78.566974 -12.197820 17.977674 0.295911 -0.239033 371.537 0 0
1500.0 79.183015 -8.425396 18.196809 0.389716 -0.093023 373.760 0 0
1500.0 96.043581 -54.062739 17.799304 0.567981 -0.878368 367.011 0 0
1500.0 -30.612188 43.692290 17.823761 -1.470858 0.676693 363.716 0 0
1500.0 117.933094 -2.529507 17.916133 0.945810 -0.107524 366.212 0 0
1500.0 114.280404 -164.638458 17.796435 0.904846 -2.480915 367.041 0 0
1500.0 95.701712 49.419650 17.911114 0.556642 0.782874 369.512 0 0
1500.0 76.180332 6.587437 18.081764 0.354644 0.165796 364.894 0 0
1500.0 121.316494 -36.647820 17.978721 1.114744 -0.655000 360.730 0 0
1500.0 102.673349 -45.334998 18.031903 0.836808 -0.734405 359.931 0 0
1500.0 42.347447 -37.443231 17.944872 -0.259543 -0.557467 372.883 0 0
1500.0 91.281300 4.356743 17.938166 0.517460 0.057211 374.700 0 0
1500.0 94.756592 -18.303630 17.902804 0.591939 -0.236190 371.287 0 0
1500.0 25.179731 -47.691339 17.820127 -0.511169 -0.746430 369.982 0 0
1500.0 131.830675 -35.192506 18.004949 1.293474 -0.639919 360.976 0 0
1500.0 63.339688 -53.391265 17.854928 0.095074 -0.831133 370.837 0 0
1500.0 111.459636 -13.842130 17.852684 0.835761 -0.285421 366.292 0 0
1500.0 15.608194 37.145470 17.883265 -0.653718 0.576534 370.862 0 0
1500.0 35.962948 58.682491 17.864617 -0.379742 0.932626 367.496 0 0
1500.0 111.069996 24.448122 17.862343 0.882228 0.355984 366.966 0 0
1500.0 78.036106 57.990649 17.826359 0.308768 0.948739 367.453 0 0
1500.0 28.335404 16.746718 17.823662 -0.481564 0.271675 372.043 0 0
1500.0 22.806365 -19.141677 17.819750 -0.615496 -0.257528 365.586 0 0
1500.0 9.119991 -8.335288 17.813140 -0.820201 -0.089176 366.175 0 0
1500.0 102.281069 39.883339 17.823176 0.745443 0.611459 367.160 0 0
1500.0 11.512977 44.608692 17.899970 -0.716967 0.732163 368.274 0 0
1500.0 60.972445 40.376780 17.915962 0.021541 0.690573 366.183 0 0
1500.0 43.904338 -9.586987 17.927436 -0.244367 -0.079794 365.362 0 0
1500.0 99.350831 23.524024 17.913719 0.610705 0.429802 366.374 0 0
1500.0 63.290215 -38.813377 18.043062 0.049908 -0.644032 366.542 0 0
1500.0 116.838575 -32.117753 17.882140 0.946552 -0.448915 368.925 0 0
1500.0 95.797782 31.732463 17.896134 0.609606 0.474554 371.808 0 0
1500.0 72.789916 -8.796105 18.054744 0.218844 -0.190034 373.589 0 0
1500.0 80.471266 -37.562699 18.404844 0.373901 -0.680206 361.722 0 0
1500.0 107.988903 35.440745 18.049836 0.830423 0.571772 368.883 0 0
1500.0 78.883088 -10.929461 18.073830 0.371397 -0.108842 373.757 0 0
1500.0 92.107220 23.426892 18.221559 0.583428 0.353240 373.674 0 0
1500.0 117.048460 -5.745530 17.942456 0.930243 -0.069951 371.445 0 0
1500.0 39.659928 18.678160 17.972210 -0.253905 0.328456 373.396 0 0
1500.0 101.186595 -49.820818 17.829126 0.664417 -0.809420 369.025 0 0
1500.0 24.820018 -53.239276 17.834404 -0.455722 -0.837074 370.881 0 0
1500.0 28.175409 -37.082811 17.842965 -0.434193 -0.643750 366.588 0 0
1500.0 118.885594 -25.204229 17.886897 0.968154 -0.354558 370.230 0 0
1500.0 35.734376 -2.337883 17.929727 -0.331881 0.029683 373.446 0 0
1500.0 79.385208 60.122045 17.904304 0.296812 0.966394 368.529 0 0
1500.0 82.023021 32.736168 18.298797 0.402524 0.602814 363.253 0 0
1500.0 89.673418 -35.136333 17.996720 0.526932 -0.529458 372.835 0 0
1500.0 38.049387 24.464708 18.424448 -0.355123 0.394770 361.691 0 0
1500.0 111.950544 -19.860397 17.987277 0.847047 -0.323201 372.160 0 0
1500.0 74.434851 -8.194012 18.172771 0.319315 -0.069729 374.760 0 0
1500.0 76.068560 -60.478192 17.981575 0.304722 -0.972139 369.412 0 0
1500.0 84.191026 -13.606868 17.930640 0.415959 -0.288435 366.684 0 0
1500.0 62.139429 -40.442284 17.926272 0.067224 -0.639019 373.289 0 0
1500.0 30.031666 -57.818373 17.908639 -0.407742 -0.937276 369.199 0 0
1500.0 73.586921 -20.643509 17.931601 0.251831 -0.397931 366.617 0 0
1500.0 110.208145 -27.723256 18.253363 0.944205 -0.492698 364.870 0 0
1500.0 108.488445 -17.246206 17.907262 0.779609 -0.293351 372.535 0 0
1500.0 82.398255 -42.088040 17.910452 0.406627 -0.643630 372.867 0 0
1500.0 51.058736 -37.681652 17.915365 -0.040363 -0.633983 366.991 0 0
1500.0 57.968638 -45.304772 17.910915 0.065949 -0.747423 367.360 0 0
1500.0 70.401029 -57.585639 17.901196 0.252568 -0.920481 368.456 0 0
1500.0 119.536198 -12.143492 17.900027 0.950138 -0.223937 371.543 0 0
1500.0 75.427947 -25.419809 18.000906 0.289263 -0.468918 367.106 0 0
1500.0 92.431506 4.261448 18.102682 0.625645 0.137266 364.287 0 0
1500.0 19.985114 50.328263 17.849144 -0.562770 0.798809 371.404 0 0
1500.0 107.346152 -43.952342 17.821354 0.733251 -0.680593 373.048 0 0
1500.0 112.277123 36.887847 17.840309 0.856786 0.583819 370.645 0 0
1500.0 54.997795 -14.913827 18.154029 -0.081045 -0.223680 367.679 0 0
1500.0 82.740097 52.805405 17.905681 0.366869 0.826877 372.528 0 0
1500.0 101.571178 33.378954 17.906285 0.675814 0.583084 368.437 0 0
1500.0 0.927064 2.535890 17.974715 -0.914635 0.015441 368.903 0 0
1500.0 19.091196 69.817916 17.830632 -0.623159 1.094424 370.070 0 0
1500.0 123.272648 31.413315 18.002753 1.177952 0.506066 362.614 0 0
1500.0 120.470929 -20.514566 17.853450 0.996759 -0.324405 370.654 0 0
1500.0 72.715835 -19.732779 17.878499 0.307836 -0.330097 367.117 0 0
1500.0 96.123932 8.590063 17.873569 0.608176 0.100443 373.901 0 0
1500.0 118.887214 26.897793 17.853521 0.976834 0.376863 370.414 0 0
1500.0 78.209139 -23.093412 17.841088 0.354940 -0.425330 367.338 0 0
1500.0 74.601879 -55.056625 17.824587 0.291552 -0.900206 368.939 0 0
1500.0 42.302746 -39.340865 17.838101 -0.184998 -0.615818 373.840 0 0
1500.0 46.457240 -58.087274 17.824126 -0.135553 -0.945225 369.008 0 0
1500.0 24.489211 -21.311782 17.838256 -0.584607 -0.287634 367.853 0 0
1500.0 63.072881 48.198431 17.832915 0.013283 0.784119 368.309 0 0
1500.0 16.808918 34.137218 17.830582 -0.648513 0.526942 373.338 0 0
1500.0 1.504174 30.969108 17.820016 -0.906323 0.503461 370.310 0 0
1500.0 22.188764 -37.050811 17.899306 -0.613220 -0.578070 368.851 0 0
1500.0 111.107444 -9.001400 17.866485 0.830382 -0.110848 373.504 0 0
1500.0 97.254485 12.921664 18.127268 0.709742 0.184733 369.267 0 0
1500.0 57.813944 -4.474018 18.321038 0.025355 -0.000840 368.898 0 0
1500.0 78.563639 -14.692968 18.049234 0.424843 -0.290719 363.522 0 0
1500.0 49.424788 49.525946 17.973706 -0.083782 0.824397 369.158 0 0
1500.0 102.150265 39.495381 17.966615 0.708801 0.662652 370.061 0 0
1500.0 92.368096 30.720120 17.916508 0.565247 0.435242 374.397 0 0
1500.0 110.974944 29.644068 17.824434 0.858673 0.397826 369.436 0 0
1500.0 29.999712 -26.388889 18.007513 -0.520403 -0.526306 362.108 0 0
1500.0 112.663104 -9.095641 17.808075 0.814936 -0.069192 373.686 0 0
1500.0 123.697670 -3.506353 17.959796 1.044139 -0.088560 371.913 0 0
1500.0 50.265282 -41.873069 17.959928 -0.085598 -0.778083 362.812 0 0
1500.0 85.090249 42.879064 18.148777 0.524341 0.717897 367.887 0 0
1500.0 158.086041 48.398593 17.878090 1.619382 0.746969 369.067 0 0
1500.0 124.697171 -0.778305 17.831160 1.028234 -0.063367 372.309 0 0
1500.0 40.294461 17.865848 17.900965 -0.318278 0.218160 368.292 0 0
1500.0 48.184181 -16.850094 18.116526 -0.173677 -0.308830 369.113 0 0
1500.0 43.270472 -1.603448 18.118495 -0.223138 -0.066306 376.737 0 0
1500.0 39.815238 18.245487 17.956777 -0.259254 0.360079 368.669 0 0
1500.0 116.515224 4.243371 17.845537 0.945883 0.013721 370.163 0 0
1500.0 36.051399 -5.328828 18.417000 -0.389000 -0.059672 363.733 0 0
1500.0 47.672056 38.990292 17.836499 -0.134584 0.620346 375.081 0 0
1500.0 76.698853 41.422978 17.830981 0.300309 0.713827 369.218 0 0
1500.0 83.055394 60.628946 17.817077 0.384006 0.973614 371.620 0 0
1500.0 42.619186 58.721475 17.820532 -0.220182 0.961147 370.508 0 0
1500.0 53.343983 78.853871 17.994884 -0.128823 1.296240 366.998 0 0
1500.0 98.442396 9.049607 18.085594 0.719503 0.164791 370.110 0 0
1500.0 71.682649 -3.345136 18.069526 0.239822 0.025580 369.010 0 0
1500.0 101.767577 48.219310 17.973359 0.717439 0.761237 372.289 0 0
1500.0 27.356246 40.686761 17.903899 -0.520875 0.664430 370.107 0 0
1500.0 48.607627 34.642614 17.913315 -0.199104 0.579562 369.274 0 0
1500.0 86.659561 8.788123 18.589078 0.535981 0.155602 378.475 0 0
1500.0 82.167219 53.622659 17.891456 0.459672 0.853539 368.630 0 0
1500.0 84.211986 57.960216 18.000072 0.486045 1.027791 365.215 0 0
1500.0 74.368329 72.984189 17.896291 0.311307 1.266900 365.628 0 0
1500.0 58.042299 39.082396 17.833538 -0.077041 0.620422 369.256 0 0
1500.0 83.280175 0.625727 17.904996 0.407429 0.060284 376.467 0 0
1500.0 101.576214 47.535074 17.904570 0.767214 0.741851 368.833 0 0
1500.0 120.094145 21.556249 17.847349 0.965140 0.272584 373.771 0 0
1500.0 70.723569 7.535854 17.917325 0.286203 0.150226 365.899 0 0
1500.0 44.849736 -57.034038 17.872810 -0.185517 -0.889328 374.786 0 0
1500.0 2.439188 -28.832464 17.815712 -0.900320 -0.388390 371.313 0 0
1500.0 64.285661 26.320128 17.837858 0.032187 0.413299 376.454 0 0
1500.0 42.086889 13.281581 17.838113 -0.311162 0.256753 369.135 0 0
1500.0 143.932468 10.678413 17.840476 1.354525 0.122093 372.034 0 0
1500.0 52.520972 -100.364461 17.847268 -0.153878 -1.602079 369.456 0 0
1500.0 82.912494 -48.398424 17.855881 0.400710 -0.797081 372.031 0 0
1500.0 71.255721 58.676183 17.876989 0.275621 0.917916 371.586 0 0
1500.0 84.791598 39.112019 18.161902 0.471502 0.732676 365.618 0 0
1500.0 46.539785 2.584519 18.066121 -0.208524 0.088143 370.064 0 0
1500.0 22.343869 -1.049256 18.058259 -0.578149 0.031647 370.602 0 0
1500.0 69.983980 -30.583433 18.023905 0.238805 -0.474859 377.288 0 0
1500.0 126.399973 -44.693391 17.915207 1.123848 -0.687706 371.539 0 0
1500.0 168.091564 -89.883783 18.006862 1.944841 -1.523317 364.967 0 0
1500.0 45.645035 -3.495545 18.062889 -0.239571 -0.053580 370.383 0 0
1500.0 56.054429 8.938940 18.063852 -0.078569 0.138962 370.323 0 0
1500.0 26.047581 -11.135861 18.055716 -0.538745 -0.170516 370.873 0 0
1500.0 9.441725 -0.126939 18.152476 -0.857618 -0.041608 365.789 0 0
1500.0 64.726166 -16.878795 18.029433 0.134793 -0.338260 370.546 0 0
1500.0 78.913508 1.488491 18.118580 0.356208 -0.038774 378.482 0 0
1500.0 107.406879 30.997912 18.114288 0.862598 0.578414 367.533 0 0
1500.0 28.073628 26.830427 17.900162 -0.528189 0.432321 370.859 0 0
1500.0 -8.135867 -4.995046 17.882644 -1.043822 -0.056104 373.511 0 0
1500.0 90.554629 -13.086407 18.001945 0.484561 -0.264820 373.762 0 0
1500.0 58.089224 -65.404153 17.940980 -0.028058 -1.030926 373.544 0 0
1500.0 -8.248738 -4.541210 17.866125 -1.038677 -0.075993 374.453 0 0
1500.0 20.168796 -56.461756 17.865855 -0.623765 -0.839760 374.257 0 0
1500.0 70.803659 -44.913789 17.886731 0.230137 -0.760310 371.486 0 0
1500.0 94.662978 -25.379431 17.888431 0.597363 -0.461939 371.330 0 0
1500.0 67.006336 -64.611615 17.874001 0.166509 -1.028867 373.606 0 0
1500.0 75.648640 -60.614704 17.875251 0.296939 -0.976436 373.129 0 0
1500.0 79.909241 -1.154531 17.817899 0.331306 -0.095899 370.297 0 0
1500.0 108.123948 -41.682289 17.792742 0.732389 -0.691683 373.788 0 0
1500.0 99.225399 52.982754 17.805217 0.572462 0.841717 375.128 0 0
1500.0 23.425819 -15.439990 17.824413 -0.569266 -0.167912 370.975 0 0
1500.0 56.830710 56.638994 17.813729 0.051939 0.890113 372.167 0 0
1500.0 0.768677 -9.629080 17.800477 -0.942948 -0.115698 372.533 0 0
1500.0 105.175569 -1.894159 17.867688 0.794263 -0.068029 371.914 0 0
1500.0 28.532755 -67.042161 17.881315 -0.515740 -1.124749 369.933 0 0
1500.0 43.805945 58.301187 17.873557 -0.201385 1.014569 369.011 0 0
1500.0 112.137600 -96.669731 17.868139 0.821777 -1.563570 371.985 0 0
1500.0 54.879521 25.292904 18.082715 -0.108668 0.497117 365.429 0 0
1500.0 4.919967 -14.760341 17.828078 -0.884097 -0.210175 373.132 0 0
1500.0 25.473369 59.233051 17.820431 -0.553672 0.889859 375.169 0 0
1500.0 48.590191 -0.263883 18.070745 -0.254485 -0.011424 364.538 0 0
1500.0 158.618710 22.708693 17.856116 1.569692 0.404855 373.703 0 0
1500.0 114.968868 15.100121 17.920634 0.895642 0.299870 374.024 0 0
1500.0 73.217386 6.671224 18.098518 0.236185 0.172890 372.678 0 0
1500.0 74.873703 -55.419927 17.944896 0.258525 -0.910053 374.324 0 0
1500.0 59.831762 52.030132 17.967037 -0.010278 0.842587 373.849 0 0
1500.0 71.369933 -65.332546 17.822802 0.260650 -1.012149 375.540 0 0
1500.0 120.868491 21.600674 17.823185 0.999875 0.281079 375.309 0 0
1500.0 73.475906 -19.336930 17.848611 0.275358 -0.309752 379.595 0 0
1500.0 71.618244 64.627107 17.832973 0.234323 1.021649 375.982 0 0
1500.0 97.280306 41.713185 18.197399 0.630708 0.732126 371.514 0 0
1500.0 42.877136 33.536263 17.820381 -0.300812 0.565874 372.992 0 0
1500.0 129.489410 1.375662 17.993046 1.295929 0.074215 366.944 0 0
1500.0 75.774282 -38.013174 17.950282 0.281536 -0.659827 374.071 0 0
1500.0 159.350972 1.476455 17.869133 1.618211 -0.023309 374.281 0 0
1500.0 85.479989 77.962315 17.814814 0.499036 1.204641 373.653 0 0
1500.0 93.964762 -18.930446 17.900565 0.529404 -0.361749 373.904 0 0
1500.0 87.394033 -16.104529 17.862519 0.520114 -0.296895 373.715 0 0
1500.0 98.538415 30.881320 17.854290 0.685563 0.427320 374.413 0 0
1500.0 21.669819 -47.493601 17.976752 -0.554081 -0.812601 373.820 0 0
1500.0 42.089328 58.164704 17.811695 -0.229044 0.953857 375.466 0 0
1500.0 62.743192 31.860654 17.831007 0.077493 0.517626 380.384 0 0
1500.0 16.370448 -23.101430 17.956207 -0.651384 -0.422972 374.749 0 0
1500.0 100.113884 -76.428026 18.052734 0.655631 -1.346828 368.514 0 0
1500.0 75.068277 10.845524 17.886909 0.240268 0.221266 381.203 0 0
1500.0 52.531780 60.322842 17.862636 -0.080339 0.983855 375.997 0 0
1500.0 25.211180 29.201660 17.877438 -0.460892 0.482684 380.456 0 0
1500.0 92.769987 44.473780 17.835873 0.564496 0.663985 379.572 0 0
1500.0 89.827427 25.579955 17.845497 0.515273 0.388103 380.533 0 0
1500.0 97.889325 -38.430051 17.835458 0.680381 -0.558051 375.201 0 0
1500.0 78.523168 -21.711578 17.853974 0.396722 -0.369184 373.294 0 0
1500.0 92.020662 9.162956 17.966737 0.629718 0.192471 371.447 0 0
1500.0 70.296854 -54.513800 17.863162 0.140521 -0.838090 379.988 0 0
1500.0 91.928413 -1.793775 18.042341 0.566896 -0.028459 381.788 0 0
1500.0 47.263254 58.140484 17.904888 -0.199037 0.936197 376.332 0 0
1500.0 12.938630 25.302799 17.902733 -0.791060 0.358802 372.102 0 0
1500.0 27.381309 115.321071 17.858523 -0.518412 1.892567 373.632 0 0
1500.0 88.807814 -61.774336 17.819985 0.435754 -0.966353 379.381 0 0
1500.0 122.473734 -19.200569 17.842625 0.983497 -0.347519 378.479 0 0
1500.0 98.203255 -52.293099 17.842615 0.626895 -0.833910 378.472 0 0
1500.0 105.550263 -32.114468 17.851044 0.716352 -0.523804 380.232 0 0
1500.0 57.954385 -13.002248 18.249152 0.072254 -0.273111 375.815 0 0
1500.0 71.963754 -8.562157 18.281906 0.312076 -0.195227 376.202 0 0
1500.0 111.289338 41.711956 17.834358 0.851192 0.587373 379.045 0 0
1500.0 111.576415 -25.449228 17.840302 0.840188 -0.389314 380.281 0 0
1500.0 59.243545 -23.334837 18.170804 -0.006215 -0.390829 376.017 0 0
1500.0 120.921989 -12.420935 17.962647 1.019281 -0.206387 378.427 0 0
1500.0 101.326999 -23.355092 17.973112 0.749846 -0.378406 376.588 0 0
1500.0 83.982354 -5.849679 17.985581 0.494040 -0.114071 375.535 0 0
1500.0 103.510173 -25.322817 17.841073 0.755938 -0.339658 376.686 0 0
1500.0 95.229551 -57.975469 18.155210 0.684306 -1.016817 372.330 0 0
1500.0 23.369912 30.387281 18.051177 -0.620132 0.454320 372.298 0 0
1500.0 64.755222 -32.225571 17.956387 0.060459 -0.547806 376.115 0 0
1500.0 65.169086 -24.599391 17.959536 0.067084 -0.431414 375.894 0 0
1500.0 36.902242 -40.232135 17.948779 -0.366540 -0.665248 376.728 0 0
1500.0 32.219117 -55.646109 17.937961 -0.429612 -0.883496 378.039 0 0
1500.0 26.395443 -58.889125 17.934295 -0.507927 -0.915778 379.232 0 0
1500.0 -1.598272 -23.979388 17.936085 -0.931546 -0.405771 378.441 0 0
1500.0 -16.465369 12.679445 17.832425 -1.208724 0.219878 376.942 0 0
1500.0 75.432497 71.042495 17.845166 0.284150 1.125148 378.884 0 0
1500.0 104.177276 29.664936 17.893991 0.782674 0.469462 377.689 0 0
1500.0 107.344969 7.356732 17.897273 0.835566 0.131668 377.309 0 0
1500.0 101.950026 32.342912 17.897044 0.703104 0.478928 381.979 0 0
1500.0 0.932972 -35.570432 17.835493 -0.857372 -0.600700 379.275 0 0
1500.0 38.720003 -13.020457 17.862225 -0.280197 -0.251254 383.293 0 0
1500.0 73.898738 -56.730592 17.840314 0.229527 -0.933402 377.914 0 0
1500.0 64.897446 -18.639823 17.925890 0.182278 -0.333559 376.144 0 0
1500.0 63.284033 7.663839 17.929242 0.140458 0.067688 383.791 0 0
1500.0 122.723277 -4.333093 17.899829 1.032918 -0.105896 379.203 0 0
1500.0 94.963867 26.921199 18.037599 0.575466 0.484965 377.535 0 0
1500.0 86.239765 17.728077 17.850768 0.459885 0.217142 383.099 0 0
1500.0 37.252861 -48.039941 18.109252 -0.342073 -0.828643 375.186 0 0
1500.0 75.190766 -12.166820 18.156230 0.324591 -0.215304 384.760 0 0
1500.0 129.858068 4.240703 17.883846 1.185515 0.108178 376.704 0 0
1500.0 120.116263 -18.501560 17.815916 0.961301 -0.229064 381.153 0 0
1500.0 91.331901 -10.749021 17.835163 0.526904 -0.112973 383.309 0 0
1500.0 95.720922 7.690929 17.884132 0.620042 0.047971 377.011 0 0
1500.0 73.608926 5.538471 17.892738 0.280400 0.014794 376.413 0 0
1500.0 20.582043 -22.505756 18.047512 -0.634163 -0.461918 371.820 0 0
1500.0 24.475009 53.524681 17.946011 -0.524641 0.862257 379.400 0 0
1500.0 46.459669 17.719676 17.816252 -0.237225 0.335771 376.399 0 0
1500.0 -0.077952 10.055220 17.797735 -0.888283 0.198550 381.957 0 0
1500.0 49.931642 4.582383 17.819864 -0.163513 0.116379 383.970 0 0
1500.0 107.541178 -56.999023 18.272047 0.899708 -0.991926 374.165 0 0
1500.0 60.387155 -61.407531 17.909529 0.076936 -0.990275 379.248 0 0
1500.0 42.909601 -38.062376 17.924022 -0.190163 -0.656567 377.560 0 0
1500.0 -1.116807 17.559110 17.869062 -0.910043 0.287350 382.022 0 0
1500.0 63.227107 -38.367318 17.952934 0.122537 -0.635913 380.552 0 0
1500.0 79.294148 -25.203180 17.831566 0.406893 -0.399266 377.336 0 0
1500.0 89.041076 -61.923790 17.831024 0.552589 -0.939719 378.136 0 0
1500.0 -26.143098 46.565973 17.982205 -1.527949 0.779824 371.686 0 0
1500.0 2.097684 38.062288 17.886677 -0.902299 0.624977 379.521 0 0
1500.0 17.346432 -28.433001 18.170584 -0.686288 -0.502199 375.778 0 0
1500.0 108.711384 -12.921022 17.808349 0.783103 -0.219146 384.321 0 0
1500.0 106.901503 35.330222 17.801659 0.805900 0.500026 380.094 0 0
1500.0 43.422685 -39.277558 17.937622 -0.225957 -0.678516 379.428 0 0
1500.0 117.168711 -35.370941 17.916044 0.999943 -0.565361 379.052 0 0
1500.0 77.675134 -1.074358 17.894387 0.364848 -0.074858 378.552 0 0
1500.0 77.669129 -56.234898 18.038237 0.301076 -0.913422 381.324 0 0
1500.0 139.621232 18.215700 17.850326 1.231233 0.311560 384.196 0 0
1500.0 69.834923 22.096459 17.929497 0.139239 0.433806 374.440 0 0
1500.0 82.816021 -9.680568 17.819508 0.415066 -0.141303 386.032 0 0
1500.0 146.879270 5.230812 18.140502 1.598316 0.102504 374.414 0 0
1500.0 118.283191 -26.916643 17.803104 0.953902 -0.434060 382.476 0 0
1500.0 71.664818 -22.624273 17.827458 0.278777 -0.390981 378.945 0 0
1500.0 60.764291 -8.562220 17.832998 0.097281 -0.153572 386.413 0 0
1500.0 36.749031 -60.533997 17.806657 -0.257788 -0.951511 381.047 0 0
1500.0 68.140048 -32.880912 18.024248 0.104119 -0.555578 376.803 0 0
1500.0 92.725765 28.913363 17.847981 0.609290 0.419964 380.133 0 0
1500.0 49.073627 28.490807 17.940184 -0.201251 0.424068 379.938 0 0
1500.0 39.599511 -58.719176 17.834911 -0.234659 -0.949635 381.909 0 0
1500.0 115.171309 28.955878 17.931160 0.918134 0.479083 383.190 0 0
1500.0 54.436978 -45.797272 17.937762 -0.038125 -0.777251 381.244 0 0
1500.0 25.109120 -50.388829 17.825489 -0.574085 -0.770966 382.005 0 0
1500.0 70.288102 16.056260 17.842861 0.115994 0.279746 378.794 0 0
1500.0 70.999608 -47.153389 17.926228 0.167218 -0.783619 381.493 0 0
1500.0 61.721865 29.297159 17.939678 0.027285 0.518057 380.690 0 0
1500.0 64.481625 -65.775713 17.903965 0.180720 -1.073864 379.254 0 0
1500.0 67.030077 -65.480522 17.906783 0.168470 -1.034585 384.395 0 0
1500.0 67.128309 -44.455839 17.920738 0.176639 -0.753378 381.813 0 0
1500.0 66.449505 -65.340309 17.906851 0.160255 -1.034726 384.250 0 0
1500.0 88.667938 -37.392524 17.918777 0.505201 -0.643304 382.001 0 0
1500.0 5.482677 -13.980454 17.817819 -0.848984 -0.150484 381.865 0 0
1500.0 37.621065 7.024776 17.834992 -0.326526 0.156667 387.921 0 0
1500.0 33.251810 -42.815047 17.946136 -0.474179 -0.668522 377.972 0 0
1500.0 101.976803 -25.476473 18.334106 0.859000 -0.517397 373.532 0 0
1500.0 121.556955 -18.674356 17.910905 1.017672 -0.246316 384.480 0 0
1500.0 9.271121 -104.598486 17.875724 -0.777500 -1.710481 380.803 0 0
1500.0 -36.254187 -13.739633 17.811123 -1.446940 -0.282261 382.909 0 0
1500.0 41.348307 -18.515016 17.897465 -0.284137 -0.358955 381.412 0 0
1500.0 92.124783 -64.571431 17.897814 0.614849 -1.013919 381.484 0 0
1500.0 112.802250 -28.568036 17.907016 0.905353 -0.407956 383.835 0 0
1500.0 66.247190 24.297436 17.897657 0.212766 0.407415 379.520 0 0
1500.0 55.350661 10.964263 18.426991 -0.037646 0.170578 383.310 0 0
1500.0 122.078631 -11.455477 17.848576 1.004491 -0.231278 384.449 0 0
1500.0 100.301199 -50.476278 17.847893 0.667882 -0.800500 385.585 0 0
1500.0 60.503507 -68.040950 17.846506 -0.037223 -1.096055 381.237 0 0
1500.0 37.210014 -12.656481 17.923728 -0.346333 -0.160386 390.650 0 0
1500.0 7.024299 31.317541 17.847243 -0.807168 0.537879 384.176 0 0
1500.0 66.675574 33.402805 17.940205 0.193707 0.502696 389.446 0 0
1500.0 98.165416 -9.780767 17.926615 0.666454 -0.082650 383.315 0 0
1500.0 63.352448 -35.627274 18.113730 0.055861 -0.646103 379.330 0 0
1500.0 69.744584 4.482770 17.874204 0.257439 0.040257 383.441 0 0
1500.0 105.072509 3.326534 17.868808 0.799257 0.026496 383.970 0 0
1500.0 41.487513 -45.598328 17.933101 -0.299432 -0.779510 382.319 0 0
1500.0 53.083350 64.223544 17.816501 -0.137664 0.962075 388.046 0 0
1500.0 1.788117 -17.101408 17.820313 -0.873422 -0.214038 388.613 0 0
1500.0 61.687234 68.675637 17.812425 -0.013269 1.043833 386.903 0 0
1500.0 5.355397 -24.050178 17.818639 -0.870571 -0.332335 384.744 0 0
1500.0 120.494291 -54.575790 18.369248 1.107569 -1.044726 375.894 0 0
1500.0 83.902004 49.179043 17.927971 0.479757 0.762322 385.126 0 0
1500.0 110.317447 -57.986090 18.125368 0.938122 -0.960135 381.945 0 0
1500.0 160.969656 28.619030 18.014421 1.755950 0.517547 381.103 0 0
1500.0 3.233108 38.707979 17.831922 -0.877316 0.563365 387.830 0 0
1500.0 83.096593 -60.997353 17.840107 0.391949 -0.972054 387.746 0 0
1500.0 142.080424 -24.237381 17.907872 1.453126 -0.390206 381.326 0 0
1500.0 -22.522145 40.331174 17.882643 -1.327198 0.584795 383.638 0 0
1500.0 111.624041 -39.572544 17.858062 0.785801 -0.663221 387.220 0 0
1500.0 35.881670 -42.864531 17.871849 -0.328087 -0.676076 390.816 0 0
1500.0 54.627170 -64.601106 17.911788 -0.075072 -0.996738 389.437 0 0
1500.0 100.761535 -30.413421 17.842193 0.668158 -0.475829 390.950 0 0
1500.0 67.628169 40.626535 17.969843 0.216049 0.750027 380.151 0 0
1500.0 118.066097 -14.218779 17.972629 0.987070 -0.190502 388.041 0 0
1500.0 79.438743 13.068943 18.100051 0.358732 0.277602 386.121 0 0
1500.0 80.519021 27.760255 18.094964 0.373209 0.500604 386.493 0 0
1500.0 69.627242 -46.920749 17.920847 0.111545 -0.758842 383.435 0 0
1500.0 97.209951 35.810153 17.911546 0.716495 0.557207 382.656 0 0
1500.0 47.424697 -58.500212 17.907504 -0.238749 -0.913722 385.074 0 0
1500.0 31.442741 -45.402725 17.909737 -0.437558 -0.756584 387.243 0 0
1500.0 41.101857 -10.793903 17.908009 -0.250450 -0.246017 386.224 0 0
1500.0 76.404262 -49.900129 17.878984 0.224545 -0.800595 388.129 0 0
1500.0 73.640333 60.824847 17.871993 0.247352 0.950137 391.463 0 0
1500.0 18.255710 -24.798853 17.872416 -0.626274 -0.455080 387.807 0 0
1500.0 32.121711 -61.903898 17.800777 -0.350439 -0.974738 390.889 0 0
1500.0 48.268266 -42.647046 17.818052 -0.109359 -0.667574 393.379 0 0
1500.0 60.184032 -54.103609 17.808304 0.064084 -0.894874 388.250 0 0
1500.0 57.761696 98.396011 17.808870 -0.039408 1.552221 389.178 0 0
1500.0 69.546019 -14.593815 18.171783 0.154722 -0.262515 388.360 0 0
1500.0 35.029928 23.651293 18.021708 -0.352593 0.437365 388.265 0 0
1500.0 51.717415 35.445840 18.019635 -0.095540 0.617401 388.422 0 0
1500.0 58.853277 -1.368256 17.931889 0.073281 0.002796 399.034 0 0
1500.0 124.516450 8.988174 17.830637 1.039581 0.066074 389.321 0 0
1500.0 70.541316 33.245471 17.815342 0.179047 0.539261 394.507 0 0
1500.0 73.117084 6.850105 17.821826 0.239432 0.185558 387.387 0 0
1500.0 58.267711 63.555422 17.794746 0.006283 1.027731 390.306 0 0
1500.0 116.366142 -35.030279 17.877867 0.912954 -0.560123 392.192 0 0
1500.0 96.431308 11.988879 17.873767 0.612587 0.191748 395.234 0 0
1500.0 95.902432 52.956058 17.893860 0.582667 0.860187 391.724 0 0
1500.0 73.391310 22.947645 17.916892 0.259315 0.432857 388.857 0 0
1500.0 39.956666 13.763402 17.919741 -0.260229 0.291233 388.663 0 0
1500.0 43.224415 64.637995 17.893372 -0.198801 1.028275 392.081 0 0
1500.0 6.997486 85.003646 17.818217 -0.782412 1.278890 394.148 0 0
1500.0 109.731396 -63.021676 18.088664 0.939883 -1.107909 385.296 0 0
1500.0 -2.460616 -15.751260 17.811674 -0.910789 -0.291276 394.437 0 0
1500.0 16.908733 -40.124554 17.812177 -0.662674 -0.676258 391.104 0 0
1500.0 57.235249 -60.456219 17.812713 -0.047581 -0.935470 394.597 0 0
1500.0 72.303192 -15.535678 18.203593 0.205807 -0.273147 398.121 0 0
1500.0 -7.563185 15.215151 17.792913 -1.009679 0.165791 393.775 0 0
1500.0 8.061943 -42.447753 17.791456 -0.791520 -0.687239 392.867 0 0
1500.0 99.070548 5.279283 17.896965 0.697329 0.130144 390.609 0 0
1500.0 121.575721 -3.114191 17.882839 1.004312 0.001280 393.100 0 0
1500.0 117.316008 18.925315 17.883083 0.944569 0.328183 392.869 0 0
1500.0 122.739154 20.045833 17.944431 1.014868 0.301550 395.415 0 0
1500.0 111.118790 -22.617870 17.925466 0.824011 -0.371056 395.920 0 0
1500.0 121.340926 -49.737844 18.090535 1.117928 -0.873523 386.987 0 0
1500.0 109.652710 -44.094424 17.815713 0.831609 -0.632482 394.537 0 0
1500.0 111.708023 -19.154836 17.822027 0.889779 -0.273625 392.409 0 0
1500.0 58.540118 24.495156 17.893708 0.074487 0.426308 391.734 0 0
1500.0 31.326735 60.613102 17.814155 -0.397292 0.967502 394.600 0 0
1500.0 132.020517 82.133957 18.043008 1.237071 1.406620 388.993 0 0
1500.0 37.416519 43.417021 17.860121 -0.280428 0.736492 392.518 0 0
1500.0 103.235813 -57.864817 18.342007 0.918945 -1.093238 382.632 0 0
1500.0 104.649370 -26.894470 17.819987 0.663082 -0.456318 397.538 0 0
1500.0 44.989049 -24.893873 17.926686 -0.275615 -0.358522 389.281 0 0
1500.0 105.374898 47.826834 17.857860 0.773695 0.700481 396.982 0 0
1500.0 5.887581 -14.637473 17.826552 -0.866212 -0.192025 394.844 0 0
1500.0 21.022791 48.189240 17.874978 -0.624807 0.744764 395.877 0 0
1500.0 102.674584 -22.589193 17.983157 0.692292 -0.419753 395.545 0 0
1500.0 80.155872 6.538872 17.910986 0.360024 0.146300 401.903 0 0
1500.0 113.067986 -34.225543 17.877618 0.857562 -0.551638 399.274 0 0
1500.0 108.496690 -30.486388 17.880457 0.820053 -0.515460 396.842 0 0
1500.0 77.962640 4.428239 17.902822 0.371176 0.011714 394.730 0 0
1500.0 91.160003 -46.291832 17.881909 0.560357 -0.756481 396.619 0 0
1500.0 88.874819 -55.817469 17.878821 0.503292 -0.862199 399.568 0 0
1500.0 62.942994 -51.783987 17.888903 0.124939 -0.787700 400.974 0 0
1500.0 65.022373 -61.757631 17.878918 0.163407 -0.983113 397.124 0 0
1500.0 95.781068 10.562371 17.893484 0.574865 0.208384 401.787 0 0
1500.0 108.574285 32.617438 18.027436 0.825271 0.546469 397.854 0 0
1500.0 55.177551 57.204239 17.836009 -0.008208 0.884221 401.008 0 0
1500.0 24.669496 37.087796 17.840088 -0.477687 0.638892 396.310 0 0
1500.0 41.707939 61.550291 17.831126 -0.203385 0.956392 400.288 0 0
1500.0 25.377425 46.997415 17.834693 -0.462627 0.784111 396.898 0 0
1500.0 38.856244 47.755234 17.838091 -0.258854 0.800390 396.509 0 0
1500.0 118.374001 -4.793336 17.832638 0.949802 -0.004727 397.179 0 0
1500.0 35.696282 59.909895 17.829162 -0.301204 0.967144 397.824 0 0
1500.0 83.087626 -38.253076 17.926345 0.339669 -0.654254 394.375 0 0
1500.0 87.424719 -49.930215 17.869965 0.492765 -0.740496 402.002 0 0
1500.0 44.426284 -47.257712 18.102476 -0.236905 -0.828687 394.233 0 0
1500.0 107.862293 53.300468 18.132270 0.867361 0.916368 395.592 0 0
1500.0 120.808352 19.616433 17.845123 0.996197 0.286702 401.290 0 0
1500.0 77.520553 64.086358 17.798126 0.329332 0.982567 402.179 0 0
1500.0 99.144295 -5.864112 17.898554 0.700716 -0.139348 398.439 0 0
1500.0 104.751595 -45.763889 17.882184 0.756213 -0.724084 401.087 0 0
1500.0 74.208813 -63.668951 17.893734 0.240398 -1.033434 400.341 0 0
1500.0 -7.666600 1.752220 17.797950 -1.046122 0.038849 401.923 0 0
1500.0 102.034650 -50.677791 17.814439 0.721106 -0.757395 402.127 0 0
1500.0 -0.151623 28.623969 17.916570 -0.929287 0.411286 401.291 0 0
1500.0 46.700785 -36.956020 17.934205 -0.237092 -0.586764 399.164 0 0
1500.0 -0.567534 -30.866555 17.915096 -0.928129 -0.473426 401.822 0 0
1500.0 8.503756 -14.674482 17.925196 -0.816047 -0.240077 399.976 0 0
1500.0 5.337277 -8.967185 17.926726 -0.805214 -0.142667 404.791 0 0
1500.0 39.412820 -40.758139 18.055296 -0.326073 -0.646666 401.653 0 0
1500.0 60.674278 -38.418476 18.059377 -0.001905 -0.614103 401.321 0 0
1500.0 -48.340438 -37.361505 17.868622 -1.745744 -0.570158 400.046 0 0
1500.0 103.362304 -55.924124 18.165621 0.826835 -0.967989 398.058 0 0
1500.0 107.010182 6.287114 17.800443 0.813478 0.123732 402.459 0 0
1500.0 88.588458 -20.906788 17.810477 0.496443 -0.270686 407.272 0 0
1500.0 81.062906 -59.259437 17.851046 0.379541 -0.937646 405.059 0 0
1500.0 80.615394 -42.691160 17.888013 0.312528 -0.755140 399.543 0 0
1500.0 93.277958 -86.531722 17.823042 0.615391 -1.329973 403.370 0 0
1500.0 89.303081 -30.212326 17.928663 0.440045 -0.526475 401.453 0 0
1500.0 34.149469 44.604526 17.808822 -0.409512 0.698848 409.193 0 0
1500.0 28.770661 -12.334779 17.820407 -0.475229 -0.132188 411.078 0 0
1500.0 75.165907 7.060556 17.825392 0.202514 0.156809 405.570 0 0
1500.0 37.441143 11.711596 17.821735 -0.379654 0.227695 405.888 0 0
1500.0 101.416720 -37.348591 17.949093 0.800842 -0.598740 401.863 0 0
1500.0 77.992056 57.653804 17.868371 0.330844 0.937713 408.911 0 0
1500.0 102.480965 47.743076 17.865719 0.690396 0.779022 409.739 0 0
1500.0 63.193899 65.064550 17.824425 0.102864 1.038191 409.818 0 0
1500.0 54.833880 7.536025 17.934357 -0.076358 0.049502 407.553 0 0
1500.0 56.282369 103.484081 17.934886 -0.009368 1.683668 407.974 0 0
1500.0 28.010024 130.934166 17.916620 -0.478799 2.118673 408.721 0 0
1500.0 98.604768 7.790581 17.815708 0.632733 0.075912 415.699 0 0
1500.0 54.210066 -16.252345 17.825184 0.004817 -0.261428 416.428 0 0
1500.0 126.837013 -3.630666 17.811059 1.079632 0.016390 410.543 0 0
1500.0 97.936737 -22.288341 17.938194 0.693913 -0.372824 412.394 0 0
1500.0 58.061021 -59.318443 17.946858 -0.028936 -0.923573 416.202 0 0
1500.0 85.270203 -20.728577 17.962503 0.386716 -0.377462 412.995 0 0
1500.0 200.458357 -54.528127 17.864426 2.230326 -0.869738 414.505 0 0
1500.0 108.813788 30.173879 17.838464 0.759438 0.499299 419.153 0 0
1500.0 40.261926 3.575870 17.837130 -0.301174 -0.019596 413.725 0 0
