Total number of secondary electrons: 267
1500.0 71.674946 3.302738 19.480182 0.408929 0.094898 260.645 0 0
1500.0 89.864417 -17.992318 18.214092 0.627860 -0.358320 261.014 0 0
1500.0 81.547607 18.083081 18.513689 0.514462 0.288700 270.971 0 0
1500.0 75.833223 -21.445226 18.653196 0.337125 -0.356202 271.746 0 0
1500.0 68.610720 24.536558 18.811657 0.249296 0.425927 273.830 0 0
1500.0 118.031259 -3.761187 18.048450 0.995850 -0.068027 274.327 0 0
1500.0 125.488808 -30.949589 18.618028 1.331517 -0.554629 274.162 0 0
1500.0 115.478400 29.074567 18.041753 0.967511 0.549514 275.884 0 0
1500.0 45.932558 -47.561569 17.897416 -0.165709 -0.803159 277.113 0 0
1500.0 98.682333 -29.561104 17.896967 0.640600 -0.527494 277.158 0 0
1500.0 39.684720 -64.153924 17.885532 -0.251429 -1.017136 279.670 0 0
1500.0 69.150570 12.654666 18.247909 0.155565 0.226015 278.019 0 0
1500.0 76.396275 -37.300083 17.921756 0.235015 -0.662475 278.475 0 0
1500.0 61.211775 -35.694564 18.271511 0.029113 -0.648487 279.803 0 0
1500.0 86.081612 63.309166 18.000975 0.479019 1.074059 280.836 0 0
1500.0 63.624039 -15.583196 17.851275 0.166188 -0.247413 281.370 0 0
1500.0 45.664073 -29.200546 17.909131 -0.155526 -0.478392 283.120 0 0
1500.0 76.346055 -10.516667 18.709124 0.376084 -0.230628 284.805 0 0
1500.0 66.305921 -10.183249 18.084193 0.110872 -0.216818 284.537 0 0
1500.0 73.637253 10.368339 18.121543 0.247607 0.230411 285.222 0 0
1500.0 66.712385 -18.178169 18.732027 0.186677 -0.311723 286.372 0 0
1500.0 55.688958 3.355828 18.756698 0.019038 0.020806 287.331 0 0
1500.0 56.826593 42.463947 18.110564 -0.011083 0.715586 286.038 0 0
1500.0 94.447199 -22.338403 18.806301 0.672670 -0.396914 290.750 0 0
1500.0 12.528068 9.716833 18.084239 -0.747186 0.223437 287.789 0 0
1500.0 73.104467 -45.805433 18.320891 0.296163 -0.842908 288.039 0 0
1500.0 105.881290 -24.132434 18.080135 0.868962 -0.376945 290.631 0 0
1500.0 106.517930 4.893011 18.319120 0.927838 0.047137 290.186 0 0
1500.0 86.737198 -7.344040 18.495265 0.537896 -0.108946 291.287 0 0
1500.0 82.258149 -6.881614 18.675383 0.493332 -0.079351 293.931 0 0
1500.0 83.956562 12.523241 18.674025 0.516963 0.182073 293.819 0 0
1500.0 69.473175 -23.488654 18.421988 0.248925 -0.384191 296.763 0 0
1500.0 67.447598 -65.119337 17.900046 0.133883 -1.036270 293.270 0 0
1500.0 41.585033 -52.574689 17.910237 -0.239504 -0.818207 295.941 0 0
1500.0 78.627722 18.234145 18.427534 0.414346 0.276641 299.203 0 0
1500.0 75.757359 0.737262 18.989878 0.438763 0.009664 301.562 0 0
1500.0 66.561287 0.901354 18.389936 0.178931 -0.055601 300.347 0 0
1500.0 144.107381 -31.603373 17.872109 1.364053 -0.491880 293.738 0 0
1500.0 53.187261 -26.955019 18.133583 -0.057434 -0.436565 300.205 0 0
1500.0 104.869557 156.968480 17.841985 0.704469 2.453988 295.128 0 0
1500.0 80.946102 20.139473 18.398456 0.373768 0.362648 296.227 0 0
1500.0 70.753095 2.773189 18.404215 0.221371 0.101361 295.833 0 0
1500.0 49.782946 18.484972 18.402447 -0.096590 0.339122 295.949 0 0
1500.0 121.020838 46.191142 18.061865 1.089122 0.831641 291.141 0 0
1500.0 52.838354 59.554370 17.809311 -0.093352 0.929218 300.290 0 0
1500.0 124.718064 -33.526394 18.285823 1.255368 -0.569436 292.725 0 0
1500.0 -0.939842 -24.728806 17.851614 -0.940746 -0.410056 301.138 0 0
1500.0 14.167805 -48.768727 17.850608 -0.710261 -0.764593 301.570 0 0
1500.0 79.084928 -4.076398 18.272559 0.383552 0.013956 300.094 0 0
1500.0 105.891182 13.405070 18.471760 0.932961 0.232754 296.028 0 0
1500.0 95.147368 -18.553850 18.363729 0.689020 -0.317445 302.195 0 0
1500.0 58.889726 26.406540 18.420942 0.017673 0.416735 302.218 0 0
1500.0 120.984763 15.205986 17.971520 1.021309 0.207086 303.891 0 0
1500.0 98.387967 -8.826816 18.329615 0.688833 -0.205745 303.039 0 0
1500.0 87.855465 24.636300 17.931766 0.448931 0.453353 301.290 0 0
1500.0 36.185655 74.470439 18.198758 -0.340860 1.385438 294.217 0 0
1500.0 63.442985 7.931621 18.082142 0.089578 0.177084 309.530 0 0
1500.0 115.087356 -75.369111 17.795099 0.803048 -1.166693 306.379 0 0
1500.0 109.775459 -40.580397 17.855365 0.843197 -0.620019 305.461 0 0
1500.0 102.617787 2.017032 17.872173 0.703402 0.010751 308.696 0 0
1500.0 120.206259 3.407968 18.355310 1.139836 0.090710 299.988 0 0
1500.0 86.973362 -14.583735 18.310652 0.523002 -0.212744 311.395 0 0
1500.0 69.434874 -22.754965 18.223581 0.150085 -0.357685 304.440 0 0
1500.0 47.540059 10.975440 17.895019 -0.201647 0.235565 304.659 0 0
1500.0 17.040492 -10.005059 17.884920 -0.670240 -0.090949 305.381 0 0
1500.0 94.375314 48.214739 17.872779 0.513598 0.792358 306.645 0 0
1500.0 28.719087 -18.918205 17.889450 -0.492573 -0.229770 305.036 0 0
1500.0 77.205822 5.539681 17.895159 0.261518 0.150725 304.650 0 0
1500.0 31.586917 -15.534190 17.891193 -0.448919 -0.177588 304.913 0 0
1500.0 115.541857 13.048771 18.007515 0.958485 0.180983 307.728 0 0
1500.0 116.535858 -20.029404 18.005287 0.966644 -0.311865 308.192 0 0
1500.0 84.350240 -2.781234 18.026709 0.506440 -0.057589 305.783 0 0
1500.0 98.647629 -11.031236 18.021016 0.660899 -0.167996 312.254 0 0
1500.0 41.102810 -10.967980 17.893325 -0.327346 -0.135994 305.190 0 0
1500.0 13.486894 31.898497 17.874024 -0.739107 0.519326 306.841 0 0
1500.0 45.940358 30.815859 17.887737 -0.250379 0.512730 305.575 0 0
1500.0 114.300329 11.464250 17.932587 0.918693 0.120097 307.617 0 0
1500.0 119.713364 -13.237186 17.929509 0.954153 -0.241655 310.833 0 0
1500.0 49.793674 7.895865 18.902460 -0.129743 0.128770 298.484 0 0
1500.0 108.990324 7.043439 18.380496 0.987594 0.213081 296.859 0 0
1500.0 90.954826 -40.086020 18.484144 0.591625 -0.731570 304.029 0 0
1500.0 98.137850 -50.291867 17.907877 0.603269 -0.824784 310.112 0 0
1500.0 81.372824 56.385655 17.797787 0.331883 0.926384 309.639 0 0
1500.0 90.201112 33.897447 18.256871 0.596460 0.556179 310.431 0 0
1500.0 74.839208 -35.346148 18.008404 0.320925 -0.606690 309.173 0 0
1500.0 161.815027 58.923182 17.944395 1.767208 0.978177 305.877 0 0
1500.0 35.158982 38.572374 18.067640 -0.431321 0.614471 305.588 0 0
1500.0 97.577741 11.206437 18.028920 0.700256 0.140355 309.778 0 0
1500.0 90.967106 2.397871 18.024506 0.580185 0.050864 312.737 0 0
1500.0 53.780969 52.859595 18.017505 -0.040756 0.874886 311.729 0 0
1500.0 35.939464 15.831574 18.033128 -0.316983 0.321511 310.385 0 0
1500.0 82.816230 61.607086 17.828940 0.362305 0.982566 313.481 0 0
1500.0 39.071088 6.821410 17.856889 -0.268375 0.165206 317.200 0 0
1500.0 54.453328 58.105184 17.833975 -0.057665 0.955938 311.706 0 0
1500.0 56.475161 13.462556 17.857312 -0.027928 0.288828 309.591 0 0
1500.0 36.802577 2.020381 17.856183 -0.335463 0.109610 309.664 0 0
1500.0 43.339539 31.128499 17.849370 -0.231543 0.560534 310.138 0 0
1500.0 101.278506 -50.709364 17.878642 0.713029 -0.761323 314.135 0 0
1500.0 77.744299 -7.278220 17.905226 0.350286 -0.118418 317.560 0 0
1500.0 150.766080 94.764628 17.867007 1.490111 1.496947 311.183 0 0
1500.0 103.860345 62.638679 18.126276 0.841340 1.118729 305.624 0 0
1500.0 109.213547 -35.521315 18.218387 0.862424 -0.646618 308.740 0 0
1500.0 57.881047 -21.350257 18.159346 0.034757 -0.403993 311.337 0 0
1500.0 24.464912 0.749934 17.832761 -0.582332 -0.038650 310.686 0 0
1500.0 35.809210 -50.413880 17.819103 -0.398053 -0.817967 311.960 0 0
1500.0 118.367731 1.561261 17.946765 0.942684 0.057358 316.203 0 0
1500.0 23.783007 -31.166650 18.019788 -0.526810 -0.545468 312.069 0 0
1500.0 50.953036 -33.648271 18.027563 -0.102831 -0.533120 318.242 0 0
1500.0 62.529022 13.037954 17.996622 0.110066 0.277412 311.079 0 0
1500.0 91.303565 41.405498 18.156501 0.527921 0.726353 309.821 0 0
1500.0 128.162777 1.692276 17.851657 1.114114 -0.009693 314.950 0 0
1500.0 106.972004 2.166630 17.952262 0.833120 0.006417 313.572 0 0
1500.0 64.670759 -29.045518 18.167039 0.124557 -0.527672 312.083 0 0
1500.0 89.607190 55.183545 17.926778 0.501558 0.894271 315.174 0 0
1500.0 96.118152 -13.559027 17.840803 0.605213 -0.170174 318.869 0 0
1500.0 90.993683 -19.510744 18.054291 0.524136 -0.374608 313.403 0 0
1500.0 102.540993 18.254222 18.305955 0.792716 0.299824 315.485 0 0
1500.0 68.585714 -1.545763 17.961627 0.222495 -0.052064 320.306 0 0
1500.0 112.374212 29.319678 17.906753 0.840156 0.514754 314.805 0 0
1500.0 77.500563 45.913974 17.913405 0.372586 0.709780 316.060 0 0
1500.0 149.999109 5.759590 17.897757 1.468963 0.093657 315.856 0 0
1500.0 16.109494 11.708790 17.935612 -0.631259 0.199420 321.809 0 0
1500.0 83.628523 11.620414 18.122919 0.384080 0.236561 318.462 0 0
1500.0 125.054626 30.656230 18.180247 1.203991 0.527609 311.518 0 0
1500.0 111.342902 -26.427026 18.132126 0.898930 -0.410176 317.887 0 0
1500.0 75.374877 30.850470 18.025800 0.363956 0.499328 315.559 0 0
1500.0 6.838893 -20.774004 18.000299 -0.904815 -0.394558 310.963 0 0
1500.0 17.981535 -5.151432 17.846907 -0.677258 -0.030675 315.336 0 0
1500.0 58.141363 66.862184 17.806440 -0.063938 1.036979 317.683 0 0
1500.0 28.099249 58.261636 17.807459 -0.501716 0.889616 319.111 0 0
1500.0 29.015058 58.553966 17.807667 -0.487914 0.893127 319.170 0 0
1500.0 34.645696 4.763352 17.831074 -0.433922 0.115048 314.714 0 0
1500.0 -6.481728 -11.259879 17.806531 -1.029296 -0.129333 317.641 0 0
1500.0 41.350632 42.073322 17.820447 -0.325017 0.689016 315.535 0 0
1500.0 9.315680 -21.382933 17.815847 -0.813378 -0.287641 315.990 0 0
1500.0 73.545354 54.554464 18.015473 0.196432 0.895386 314.331 0 0
1500.0 38.592217 -24.609497 18.034572 -0.345849 -0.348793 315.273 0 0
1500.0 101.682081 -46.253062 18.283136 0.793502 -0.856639 310.404 0 0
1500.0 69.881277 39.707882 18.017502 0.161894 0.751969 309.486 0 0
1500.0 -73.368168 -22.628721 17.875618 -2.116615 -0.376731 315.154 0 0
1500.0 98.092286 7.721605 18.319535 0.734776 0.085396 318.089 0 0
1500.0 79.326697 26.108373 17.857422 0.363620 0.358540 323.849 0 0
1500.0 119.809597 -1.683456 17.827085 0.960756 -0.050576 321.144 0 0
1500.0 104.700353 -43.121908 17.823702 0.769720 -0.673605 318.682 0 0
1500.0 115.504357 -29.779347 17.824025 0.906765 -0.460939 320.515 0 0
1500.0 99.201600 -43.237267 17.829032 0.660002 -0.648517 321.441 0 0
1500.0 97.180661 -28.148373 17.834402 0.673017 -0.460102 317.095 0 0
1500.0 105.258738 19.301740 17.833273 0.795662 0.268045 317.209 0 0
1500.0 137.703977 19.340982 18.045253 1.341385 0.341588 316.144 0 0
1500.0 41.247568 52.488675 17.814678 -0.280398 0.811314 322.488 0 0
1500.0 111.092692 11.475597 17.834206 0.876109 0.212552 318.389 0 0
1500.0 107.021305 14.690405 17.932796 0.868162 0.311804 312.950 0 0
1500.0 86.049628 -78.964471 17.804806 0.477232 -1.211680 320.623 0 0
1500.0 112.801476 -7.327505 17.816057 0.860062 -0.040290 319.125 0 0
1500.0 102.770657 12.737132 17.820598 0.712663 0.267652 318.618 0 0
1500.0 39.619977 18.524534 17.939583 -0.308114 0.249474 330.034 0 0
1500.0 2.784705 -138.881650 17.839747 -0.901217 -2.177254 319.204 0 0
1500.0 71.456785 31.042531 18.189365 0.309648 0.519684 320.273 0 0
1500.0 89.371715 25.358952 18.185124 0.578310 0.431017 320.641 0 0
1500.0 79.163573 -45.907090 17.942667 0.399595 -0.742269 320.371 0 0
1500.0 81.294053 -31.699500 17.949315 0.436116 -0.530886 319.757 0 0
1500.0 59.328423 15.959218 18.055266 0.071603 0.283994 327.011 0 0
1500.0 84.420888 86.264577 17.840808 0.396795 1.359915 321.872 0 0
1500.0 73.021977 -22.942688 18.103090 0.274254 -0.419709 322.414 0 0
1500.0 90.835921 56.278440 17.975107 0.540771 0.893691 324.378 0 0
1500.0 51.433880 -36.441299 18.082874 -0.099183 -0.589680 325.651 0 0
1500.0 99.181192 17.158641 17.812698 0.706459 0.284885 321.554 0 0
1500.0 84.697436 60.965407 17.798603 0.467210 0.929457 323.741 0 0
1500.0 82.454813 -27.299946 17.818670 0.451784 -0.404160 321.065 0 0
1500.0 117.871476 -14.510144 17.801264 0.973496 -0.199388 322.976 0 0
1500.0 99.279452 -0.588916 18.183947 0.779476 0.064453 314.639 0 0
1500.0 89.462252 19.551456 18.313129 0.551281 0.389491 320.292 0 0
1500.0 148.211336 11.497424 18.210705 1.589744 0.189585 319.004 0 0
1500.0 107.796111 -2.812494 18.058317 0.797358 -0.055206 328.629 0 0
1500.0 81.396931 42.333186 17.932535 0.398740 0.641142 328.432 0 0
1500.0 57.365766 -31.541752 18.106257 -0.079299 -0.506224 315.589 0 0
1500.0 82.969898 -7.581787 17.999998 0.458421 -0.174430 322.514 0 0
1500.0 84.650854 -68.424677 17.995317 0.487249 -1.208700 318.465 0 0
1500.0 71.597250 54.346586 17.804203 0.254917 0.810324 328.732 0 0
1500.0 76.603546 6.207755 17.821194 0.319763 0.118483 330.226 0 0
1500.0 76.163518 -0.260073 17.820984 0.350460 0.031078 322.722 0 0
1500.0 90.346408 26.113471 17.812422 0.517418 0.401418 329.538 0 0
1500.0 95.801619 27.811950 17.806695 0.646971 0.462903 323.824 0 0
1500.0 47.464637 55.936455 17.801998 -0.096750 0.889242 324.322 0 0
1500.0 42.946552 33.724636 18.064106 -0.183622 0.588935 325.364 0 0
1500.0 64.162050 28.185699 18.075472 0.050292 0.447976 324.886 0 0
1500.0 71.543255 68.219137 17.834954 0.169817 1.136786 323.877 0 0
1500.0 61.809829 31.253484 17.849767 0.108475 0.546594 324.626 0 0
1500.0 92.223264 21.261349 18.143968 0.583370 0.395359 326.370 0 0
1500.0 51.195580 -64.294409 17.887657 -0.096431 -1.005747 329.505 0 0
1500.0 65.802410 -44.701475 18.147937 0.193580 -0.743900 327.121 0 0
1500.0 16.596516 47.685088 17.832470 -0.657681 0.734972 330.238 0 0
1500.0 -7.584726 -9.714628 17.829375 -1.035898 -0.100034 328.402 0 0
1500.0 -1.372382 18.699718 17.833465 -0.915836 0.313834 330.419 0 0
1500.0 -2.437430 5.533085 17.832764 -0.972431 0.128867 327.490 0 0
1500.0 36.100418 -36.135373 17.869968 -0.418024 -0.539666 324.650 0 0
1500.0 2.422261 21.534532 17.804124 -0.870596 0.283433 330.976 0 0
1500.0 97.577598 22.598696 18.000240 0.612618 0.414299 328.923 0 0
1500.0 88.837605 7.283557 18.007848 0.487962 0.186841 328.023 0 0
1500.0 72.969465 46.630385 17.998667 0.232467 0.741302 331.965 0 0
1500.0 102.832649 14.322047 17.901112 0.684799 0.300005 325.934 0 0
1500.0 42.714949 -61.081654 17.895774 -0.213490 -0.953635 332.055 0 0
1500.0 107.102215 -38.578283 17.894973 0.745048 -0.654657 329.326 0 0
1500.0 195.108931 24.089216 17.840429 2.150658 0.353188 329.003 0 0
1500.0 -14.441227 5.696751 17.824827 -1.097460 0.144848 331.407 0 0
1500.0 92.468762 -52.459282 17.885831 0.597211 -0.806855 329.651 0 0
1500.0 108.606336 -31.326707 17.889822 0.803181 -0.468834 332.645 0 0
1500.0 89.642582 1.417498 17.906475 0.518444 0.001153 334.329 0 0
1500.0 85.227222 50.461579 17.814859 0.488885 0.780708 328.732 0 0
1500.0 80.170932 25.430216 17.963621 0.361574 0.407705 335.586 0 0
1500.0 139.821739 88.499231 17.812292 1.256763 1.380012 331.441 0 0
1500.0 88.425602 25.528564 18.011993 0.577291 0.392941 327.834 0 0
1500.0 83.184638 4.059342 17.928461 0.426139 -0.011471 328.426 0 0
1500.0 58.064115 -26.038568 17.875143 0.064589 -0.399602 336.193 0 0
1500.0 64.120803 42.863587 17.934674 0.166805 0.706137 330.382 0 0
1500.0 -2.667724 -58.873527 18.159652 -1.064372 -1.008687 325.229 0 0
1500.0 60.069551 -39.369311 18.077275 0.095168 -0.742288 323.764 0 0
1500.0 77.030909 -63.365829 17.864011 0.267552 -0.997572 333.776 0 0
1500.0 84.440511 -57.502303 17.865221 0.385531 -0.935336 332.059 0 0
1500.0 77.564041 -60.578052 17.864775 0.281946 -0.979763 332.174 0 0
1500.0 57.973518 42.529269 17.965141 -0.019716 0.652670 337.271 0 0
1500.0 -22.010583 27.855642 17.834989 -1.277804 0.390026 331.571 0 0
1500.0 97.310564 -6.365678 17.876799 0.640620 -0.170291 330.270 0 0
1500.0 90.063584 -22.241464 17.876451 0.528390 -0.415474 330.298 0 0
1500.0 65.431241 56.794420 17.838869 0.039023 0.879816 331.176 0 0
1500.0 23.930121 6.272506 17.850034 -0.604184 0.110009 330.153 0 0
1500.0 4.292820 8.347251 17.840488 -0.837071 0.130968 335.679 0 0
1500.0 46.136498 58.198834 17.836254 -0.254357 0.896776 331.504 0 0
1500.0 15.542630 12.936340 17.907731 -0.713521 0.228002 331.583 0 0
1500.0 22.703906 3.162755 17.912920 -0.607517 0.078427 331.158 0 0
1500.0 141.282108 -21.066516 17.920474 1.431942 -0.306991 327.991 0 0
1500.0 106.371193 -3.086320 17.852819 0.813083 -0.013187 332.049 0 0
1500.0 117.727625 21.529933 17.841835 0.962823 0.355420 333.706 0 0
1500.0 117.938118 18.121599 17.844433 0.934800 0.294604 335.935 0 0
1500.0 71.077211 27.943063 17.997811 0.149706 0.501949 327.157 0 0
1500.0 112.305708 -25.325820 18.005870 0.861433 -0.396007 337.245 0 0
1500.0 34.590796 -11.751713 18.016648 -0.349536 -0.216285 339.513 0 0
1500.0 111.514768 -28.834367 17.858540 0.865100 -0.485205 334.131 0 0
1500.0 83.741708 38.641070 17.999873 0.361200 0.655529 331.307 0 0
1500.0 123.066477 3.509952 17.957193 1.043711 0.017660 335.841 0 0
1500.0 107.384045 -60.606056 17.855883 0.803471 -1.012935 332.453 0 0
1500.0 78.278191 21.260987 18.057523 0.274206 0.365734 334.166 0 0
1500.0 129.279569 12.649109 18.068442 1.210791 0.150132 333.055 0 0
1500.0 124.692834 -24.668023 17.888780 1.078209 -0.477756 332.435 0 0
1500.0 76.776585 22.451526 18.012670 0.286738 0.381963 342.880 0 0
1500.0 99.453552 -46.486016 17.842229 0.671751 -0.677678 340.373 0 0
1500.0 102.872649 39.540344 17.841907 0.756478 0.591392 337.131 0 0
1500.0 88.606911 -38.515584 17.851967 0.506695 -0.553342 341.540 0 0
1500.0 -28.092677 -18.341523 17.810961 -1.312453 -0.337100 339.225 0 0
1500.0 64.896646 17.962170 17.855454 0.087006 0.355518 336.383 0 0
1500.0 47.290161 30.316782 17.851560 -0.169351 0.494271 343.400 0 0
1500.0 31.691031 33.192207 17.846822 -0.391070 0.537762 343.000 0 0
1500.0 113.584956 -24.624488 17.839497 0.870855 -0.350380 342.104 0 0
1500.0 107.444612 24.553671 17.835104 0.805683 0.400388 339.836 0 0
1500.0 75.037893 17.262308 17.852106 0.333767 0.302140 337.494 0 0
1500.0 103.048329 -39.356762 18.187671 0.810535 -0.724599 333.674 0 0
1500.0 29.644510 -42.397489 17.978463 -0.437708 -0.736036 337.736 0 0
1500.0 71.115972 58.887874 17.872796 0.137716 0.928010 339.536 0 0
1500.0 41.113487 -12.653753 17.894443 -0.291981 -0.143773 345.170 0 0
1500.0 14.360926 37.420571 17.872675 -0.722094 0.602563 339.553 0 0
1500.0 123.072994 -9.146197 17.834159 1.033910 -0.166124 341.178 0 0
1500.0 113.588043 -33.633326 18.006125 0.889761 -0.529969 343.952 0 0
1500.0 52.110617 44.197388 17.987932 -0.166073 0.716117 338.813 0 0
1500.0 104.381812 -31.949419 17.818349 0.664290 -0.526119 351.150 0 0
1500.0 90.819740 67.280351 17.850497 0.585932 1.058237 346.177 0 0
1500.0 121.359997 12.573665 18.111524 1.105637 0.170900 345.609 0 0
1500.0 79.059983 45.497844 18.118399 0.364661 0.843780 345.396 0 0
