Total number of secondary electrons: 892
1500.0 93.236877 -7.957819 17.326685 0.793894 -0.108954 267.972 0 0
1500.0 89.455359 -5.224583 16.793390 0.659917 -0.072510 281.323 0 0
1500.0 90.397954 9.506780 17.189703 0.630430 0.159340 283.167 0 0
1500.0 86.605835 -2.459581 16.853863 0.589081 -0.062567 286.648 0 0
1500.0 96.410751 11.123697 17.573564 0.756955 0.197590 287.793 0 0
1500.0 79.617999 5.102862 17.877298 0.552164 0.078672 288.349 0 0
1500.0 83.406359 10.245621 17.213126 0.498071 0.201306 289.200 0 0
1500.0 86.470328 8.296113 16.945965 0.494393 0.177063 290.992 0 0
1500.0 100.352824 6.722899 17.674749 0.880733 0.139917 294.089 0 0
1500.0 56.635219 0.376657 17.251593 0.035400 0.002895 298.499 0 0
1500.0 109.835047 5.750554 17.409964 0.861512 0.089946 300.598 0 0
1500.0 96.832750 9.616029 17.263212 0.683687 0.125613 300.981 0 0
1500.0 80.313030 0.174116 17.869624 0.468158 0.045790 301.752 0 0
1500.0 92.282331 -1.224002 17.515752 0.610611 0.041021 302.266 0 0
1500.0 90.997478 -1.453405 17.640515 0.578495 0.009049 303.276 0 0
1500.0 93.535855 -13.931265 17.266917 0.574656 -0.247519 304.088 0 0
1500.0 103.358316 9.149249 17.830884 0.797378 0.135859 304.339 0 0
1500.0 28.611203 -8.347210 17.460359 -0.456993 -0.136791 305.113 0 0
1500.0 78.421973 51.638985 17.543338 0.366625 0.936924 305.413 0 0
1500.0 93.171047 -17.988681 17.810667 0.646509 -0.272077 306.004 0 0
1500.0 78.180570 17.891291 17.671764 0.342827 0.271644 307.328 0 0
1500.0 92.743843 -48.633551 17.787266 0.706956 -0.855553 307.832 0 0
1500.0 82.139018 -12.500771 17.665741 0.395280 -0.217153 307.981 0 0
1500.0 91.822853 -6.745801 18.098672 0.635614 -0.035883 308.799 0 0
1500.0 80.936242 -12.770143 17.489586 0.454098 -0.167524 308.923 0 0
1500.0 131.453902 -8.076785 17.138198 1.205436 -0.093947 308.932 0 0
1500.0 93.119303 -16.410575 17.557985 0.568489 -0.212870 309.000 0 0
1500.0 109.911275 -10.957287 17.394792 0.813105 -0.139310 309.209 0 0
1500.0 98.650097 -16.744118 17.514680 0.680024 -0.217602 309.634 0 0
1500.0 75.762951 -32.446106 17.204237 0.315933 -0.486588 309.791 0 0
1500.0 77.207790 -32.415034 16.968127 0.332475 -0.456837 310.064 0 0
1500.0 83.362205 -45.785314 16.992994 0.411382 -0.630651 310.740 0 0
1500.0 52.870237 12.457767 17.246873 -0.078737 0.126310 310.841 0 0
1500.0 61.180915 -22.085571 17.253418 0.032082 -0.333790 311.035 0 0
1500.0 91.642501 6.543080 18.257241 0.655792 0.102188 311.215 0 0
1500.0 83.211802 4.213559 18.043662 0.539717 0.064619 311.342 0 0
1500.0 122.307172 16.368134 17.037642 0.915707 0.193526 311.885 0 0
1500.0 82.033689 15.688547 17.770459 0.392174 0.279917 312.146 0 0
1500.0 47.991507 -7.050020 17.255882 -0.110561 -0.159497 312.311 0 0
1500.0 57.578857 -22.162016 17.262641 0.017225 -0.360033 312.510 0 0
1500.0 70.121075 -8.384992 17.729810 0.265300 -0.207862 312.399 0 0
1500.0 65.017032 -29.353828 17.544032 0.153202 -0.448410 312.635 0 0
1500.0 64.330429 26.640083 17.589511 0.090410 0.489660 312.861 0 0
1500.0 99.121793 -62.204232 17.082386 0.603299 -0.824803 312.959 0 0
1500.0 73.145411 -1.298194 18.099925 0.338038 -0.079540 313.051 0 0
1500.0 57.890539 -13.054419 17.668080 0.066463 -0.213260 313.224 0 0
1500.0 129.830558 23.749172 17.096797 0.995963 0.285023 313.291 0 0
1500.0 93.501525 10.615261 17.791736 0.619805 0.121169 313.377 0 0
1500.0 55.149326 -6.039798 17.909825 0.025108 -0.113071 313.391 0 0
1500.0 49.711657 -23.981659 17.678720 -0.116413 -0.339907 313.293 0 0
1500.0 129.684838 25.691924 17.102075 0.992549 0.309548 313.412 0 0
1500.0 113.722008 -21.666640 17.266539 0.819136 -0.259603 313.452 0 0
1500.0 99.922167 -23.602037 17.661190 0.675554 -0.339964 313.552 0 0
1500.0 154.345666 0.280576 17.324162 1.490989 0.018298 313.836 0 0
1500.0 52.485177 0.345789 17.653665 -0.050209 0.036277 313.894 0 0
1500.0 67.359202 12.658133 17.657520 0.144137 0.197033 314.011 0 0
1500.0 102.968559 1.133521 18.007442 0.749648 0.042348 314.283 0 0
1500.0 74.553249 -16.627023 17.132054 0.205279 -0.286224 314.473 0 0
1500.0 88.877126 -11.730551 17.138368 0.396263 -0.220063 314.656 0 0
1500.0 83.138055 15.565381 18.269554 0.527436 0.223250 314.868 0 0
1500.0 112.669847 -53.796561 17.168071 0.759749 -0.698943 314.860 0 0
1500.0 84.722217 3.526737 17.983431 0.519753 0.029009 315.006 0 0
1500.0 51.792649 -34.673136 17.537816 -0.080289 -0.487254 315.069 0 0
1500.0 86.783359 20.070325 17.778802 0.481163 0.304194 315.317 0 0
1500.0 81.327552 8.762418 17.807246 0.370077 0.173501 315.167 0 0
1500.0 55.715685 18.550086 17.655541 -0.023144 0.252258 315.247 0 0
1500.0 94.650408 -32.357675 17.161222 0.469398 -0.491580 315.301 0 0
1500.0 6.801971 -15.822969 17.170804 -0.692562 -0.271483 315.563 0 0
1500.0 87.575421 17.369679 18.447917 0.535426 0.258253 316.024 0 0
1500.0 89.040910 -54.975912 17.197379 0.390062 -0.781377 316.266 0 0
1500.0 95.858998 14.597617 17.826529 0.586540 0.232381 316.444 0 0
1500.0 97.499008 -56.947222 17.218814 0.497206 -0.801460 316.811 0 0
1500.0 83.072585 0.787308 17.454202 0.392357 -0.050162 316.824 0 0
1500.0 97.323064 25.535810 17.838400 0.634052 0.368723 317.243 0 0
1500.0 93.527325 15.493645 17.654685 0.566011 0.247439 317.176 0 0
1500.0 34.505322 -47.676809 17.238854 -0.374247 -0.682085 317.192 0 0
1500.0 89.476454 2.601272 17.868664 0.505881 0.056208 317.535 0 0
1500.0 115.699935 -39.820852 17.255518 0.783705 -0.572348 317.525 0 0
1500.0 104.445899 0.515783 17.478564 0.668583 -0.053246 317.543 0 0
1500.0 130.393305 -25.506116 17.453030 1.156506 -0.433435 317.627 0 0
1500.0 91.152723 -40.636115 17.308560 0.471583 -0.514680 317.668 0 0
1500.0 116.373194 18.529823 17.705536 0.896149 0.334296 317.670 0 0
1500.0 93.985152 11.215570 17.850427 0.580639 0.197194 317.769 0 0
1500.0 90.735022 -37.017536 17.486734 0.487532 -0.543151 317.775 0 0
1500.0 101.240929 -26.741234 17.489220 0.624135 -0.408602 317.845 0 0
1500.0 90.577931 14.916048 17.345647 0.460688 0.160839 318.361 0 0
1500.0 48.790203 20.327199 17.805360 -0.087770 0.320424 318.861 0 0
1500.0 97.145623 15.233366 17.829730 0.640469 0.203090 318.976 0 0
1500.0 91.938785 -13.700966 18.816078 0.666191 -0.235393 319.315 0 0
1500.0 45.871492 17.513838 17.677632 -0.138751 0.289288 319.139 0 0
1500.0 73.788351 38.932646 17.480605 0.196661 0.569181 319.094 0 0
1500.0 103.171351 -10.318131 17.928293 0.817611 -0.218790 319.094 0 0
1500.0 107.342651 -9.281868 17.844797 0.767472 -0.111932 319.410 0 0
1500.0 6.074716 -58.356605 17.343231 -0.665918 -0.790266 319.684 0 0
1500.0 119.056774 2.905593 17.385010 0.859280 0.080031 319.598 0 0
1500.0 67.068705 -41.773448 17.819951 0.173936 -0.625515 319.838 0 0
1500.0 92.012832 -10.198193 17.893886 0.504365 -0.168853 319.851 0 0
1500.0 73.997636 -17.697186 18.559916 0.353322 -0.282293 319.880 0 0
1500.0 46.318208 0.044060 17.669315 -0.147528 -0.034930 320.310 0 0
1500.0 43.728766 56.924718 17.373401 -0.158961 0.810967 320.523 0 0
1500.0 85.041792 -7.022823 17.661137 0.414270 -0.079433 321.139 0 0
1500.0 91.297810 -1.205960 17.988500 0.572172 0.000421 321.274 0 0
1500.0 100.118981 19.950956 17.733202 0.637563 0.308890 321.270 0 0
1500.0 81.389218 28.314124 17.814571 0.412226 0.410562 321.309 0 0
1500.0 78.544234 13.208198 17.803647 0.376852 0.214492 320.956 0 0
1500.0 69.348628 26.010997 17.540371 0.186377 0.418837 321.070 0 0
1500.0 106.660272 -35.505584 17.843250 0.772331 -0.592433 320.816 0 0
1500.0 69.415086 -20.364773 17.932127 0.189063 -0.296821 321.396 0 0
1500.0 69.784726 10.556163 17.718929 0.227416 0.200203 321.410 0 0
1500.0 11.465536 21.975881 17.430840 -0.635038 0.357036 321.453 0 0
1500.0 63.199963 87.506933 17.562440 0.124458 1.317686 321.518 0 0
1500.0 162.146047 -127.076910 17.713336 1.739911 -2.003104 321.508 0 0
1500.0 42.311222 -62.808479 17.441931 -0.206742 -0.825045 321.715 0 0
1500.0 94.013877 0.781184 18.830311 0.679655 -0.021575 321.659 0 0
1500.0 89.766347 -2.021987 18.147282 0.568624 -0.023961 321.817 0 0
1500.0 74.375808 18.046852 18.049247 0.341865 0.279680 321.853 0 0
1500.0 54.686515 34.084377 17.833590 -0.033821 0.494412 321.848 0 0
1500.0 92.316614 -19.534339 17.683696 0.464361 -0.319030 321.633 0 0
1500.0 89.046584 -5.918359 17.652035 0.508763 -0.093908 321.855 0 0
1500.0 41.632381 -18.148255 17.692041 -0.246379 -0.223606 321.797 0 0
1500.0 40.872446 -1.702759 17.689451 -0.256844 -0.004142 321.703 0 0
1500.0 76.248245 4.869410 18.224157 0.386476 0.014890 322.098 0 0
1500.0 58.385965 12.938482 18.004109 0.019352 0.152943 321.911 0 0
1500.0 132.075526 16.513030 17.438826 0.983080 0.271684 322.298 0 0
1500.0 82.505101 32.172056 17.945072 0.419848 0.472874 322.302 0 0
1500.0 89.787679 4.941914 18.264326 0.510673 0.097898 322.456 0 0
1500.0 77.265727 -1.669739 17.944748 0.344532 -0.016369 322.580 0 0
1500.0 76.788635 16.569233 17.848345 0.349760 0.264387 322.445 0 0
1500.0 85.001119 -7.562432 17.855483 0.465819 -0.135333 322.563 0 0
1500.0 101.082798 -21.562605 17.681834 0.664487 -0.295105 322.811 0 0
1500.0 58.213760 -34.864664 17.713620 0.053373 -0.528756 322.640 0 0
1500.0 42.662354 -19.334871 17.741528 -0.234249 -0.265959 322.733 0 0
1500.0 72.294244 -19.119173 17.679714 0.275789 -0.295204 322.773 0 0
1500.0 70.753813 -1.449713 17.674497 0.255792 -0.058088 322.573 0 0
1500.0 73.230980 -23.248874 17.682186 0.288007 -0.350219 322.867 0 0
1500.0 115.490850 9.625793 17.691774 0.846024 0.111012 323.154 0 0
1500.0 15.915376 -29.706549 17.440724 -0.621388 -0.441728 322.990 0 0
1500.0 67.636048 6.351746 17.936960 0.235435 0.136939 322.967 0 0
1500.0 104.050215 216.224238 17.556509 0.698061 3.256080 323.087 0 0
1500.0 89.231175 13.435859 18.251218 0.487007 0.235104 323.680 0 0
1500.0 99.275037 -50.089055 17.457310 0.495363 -0.710419 323.541 0 0
1500.0 49.479970 1.222338 18.047421 -0.102692 -0.002955 323.742 0 0
1500.0 33.398098 -60.876771 17.471964 -0.381192 -0.849069 324.007 0 0
1500.0 38.144119 -160.989726 17.479384 -0.332716 -2.213607 323.884 0 0
1500.0 95.784959 15.263410 18.177590 0.637255 0.303937 323.884 0 0
1500.0 39.020966 -13.015335 17.818855 -0.367106 -0.166512 324.185 0 0
1500.0 80.545895 -13.238466 18.838323 0.503448 -0.188661 324.246 0 0
1500.0 83.842738 -23.944453 18.334878 0.454250 -0.370787 325.134 0 0
1500.0 82.889610 -10.522123 18.210551 0.385993 -0.177376 325.049 0 0
1500.0 83.457705 8.081860 17.880129 0.400020 0.069255 324.591 0 0
1500.0 52.058104 77.116694 17.562806 -0.089456 1.041346 325.117 0 0
1500.0 117.852849 7.580486 17.682249 0.874580 0.083790 324.311 0 0
1500.0 27.290759 15.877002 17.584428 -0.483669 0.218129 324.449 0 0
1500.0 -20.900782 76.387577 17.622964 -1.141019 1.153956 324.436 0 0
1500.0 110.237530 -38.619302 17.944592 0.871072 -0.649505 324.921 0 0
1500.0 74.150073 -3.986535 18.482274 0.395115 -0.057885 325.138 0 0
1500.0 70.667106 2.230219 18.297102 0.286508 0.049896 325.319 0 0
1500.0 68.534724 -20.492147 17.840085 0.179089 -0.296615 325.720 0 0
1500.0 115.239731 -16.648308 17.774825 0.849845 -0.222188 325.469 0 0
1500.0 107.608194 -20.923816 17.663342 0.715875 -0.340812 325.520 0 0
1500.0 77.971564 -18.777153 17.795253 0.369187 -0.268676 325.572 0 0
1500.0 57.716809 -18.373477 17.723838 -0.019893 -0.315094 325.606 0 0
1500.0 79.102273 -7.470884 17.612057 0.343894 -0.051672 325.348 0 0
1500.0 96.175777 -1.485848 17.852990 0.644990 0.021655 325.580 0 0
1500.0 91.671501 -6.373215 18.381199 0.702291 -0.141933 325.464 0 0
1500.0 84.085464 4.614706 18.865201 0.486445 0.093841 325.967 0 0
1500.0 88.940229 5.837507 17.696907 0.425785 0.108408 326.646 0 0
1500.0 88.129024 54.317225 17.615591 0.396122 0.721168 326.349 0 0
1500.0 -12.167825 -30.020666 17.551073 -0.956680 -0.427122 326.269 0 0
1500.0 43.150961 -75.929783 17.563265 -0.243539 -1.013960 326.588 0 0
1500.0 70.141616 -4.621658 18.003844 0.251490 -0.117637 326.164 0 0
1500.0 57.316321 -3.046852 18.235973 0.050660 -0.101867 326.157 0 0
1500.0 76.639242 -18.593222 18.243763 0.306447 -0.307368 326.520 0 0
1500.0 88.775756 9.332924 18.133963 0.535603 0.160993 326.491 0 0
1500.0 81.988952 40.808268 17.848338 0.396776 0.604127 326.261 0 0
1500.0 102.627563 -25.721540 17.711769 0.688727 -0.365175 326.554 0 0
1500.0 107.579212 16.821455 17.635671 0.729189 0.282652 326.540 0 0
1500.0 98.288353 9.715950 17.623996 0.606322 0.186549 325.978 0 0
1500.0 72.912795 52.411648 17.638644 0.252825 0.769787 326.676 0 0
1500.0 135.832638 28.132785 17.612501 1.140385 0.372707 326.771 0 0
1500.0 115.979431 -37.376192 17.764824 0.880324 -0.566435 326.512 0 0
1500.0 75.377443 -9.821852 17.736080 0.249242 -0.207533 326.533 0 0
1500.0 46.103084 7.635724 18.117361 -0.194431 0.105925 326.564 0 0
1500.0 71.990517 62.541933 17.968068 0.295772 1.062798 326.324 0 0
1500.0 64.684785 -76.235768 17.595119 0.032207 -1.007471 327.395 0 0
1500.0 30.766795 -68.704962 17.604321 -0.397058 -0.909301 327.620 0 0
1500.0 36.712739 -53.155571 17.754921 -0.304572 -0.780693 327.126 0 0
1500.0 117.385685 25.763161 17.658438 0.852283 0.399992 327.525 0 0
1500.0 83.554088 -7.627501 17.994936 0.393810 -0.173847 327.519 0 0
1500.0 63.289854 18.490071 17.867525 0.056084 0.308213 327.005 0 0
1500.0 96.536497 -34.476319 17.754866 0.537767 -0.545023 327.669 0 0
1500.0 56.388740 42.230627 17.880820 -0.005920 0.655351 327.346 0 0
1500.0 29.743048 -18.454421 17.840215 -0.435236 -0.232724 327.453 0 0
1500.0 23.915345 -9.734759 17.641297 -0.537611 -0.185238 327.150 0 0
1500.0 85.433761 -5.095392 19.032219 0.583579 -0.079711 327.800 0 0
1500.0 52.811199 -17.005413 17.751031 -0.015155 -0.292888 327.819 0 0
1500.0 35.677222 8.621422 17.677748 -0.362915 0.062527 327.907 0 0
1500.0 84.160367 -8.487339 17.677963 0.341227 -0.185922 327.938 0 0
1500.0 81.940705 -18.883235 17.785266 0.321405 -0.281899 328.066 0 0
1500.0 92.920905 -3.389604 18.341981 0.619835 -0.047624 328.063 0 0
1500.0 57.682413 70.205096 17.672510 0.043303 0.994465 328.080 0 0
1500.0 107.459771 -29.694322 17.651861 0.736772 -0.400722 328.147 0 0
1500.0 112.525627 21.773681 17.797586 0.827012 0.309552 328.071 0 0
1500.0 112.280688 -9.637633 17.739427 0.812966 -0.086715 328.020 0 0
1500.0 32.434525 15.806311 17.678610 -0.409304 0.166608 328.028 0 0
1500.0 1.771713 19.837136 17.659704 -0.837530 0.230200 328.333 0 0
1500.0 57.820497 -62.412925 17.838863 -0.000951 -0.981010 328.204 0 0
1500.0 99.690752 -37.819827 17.805330 0.636706 -0.572015 328.458 0 0
1500.0 16.778103 27.775766 17.835862 -0.631162 0.387081 328.910 0 0
1500.0 77.888574 -9.719341 18.931857 0.405912 -0.138059 328.730 0 0
1500.0 67.037550 -65.331089 17.780099 0.127862 -0.955033 328.914 0 0
1500.0 51.752998 -19.350116 18.192721 -0.051067 -0.327358 328.585 0 0
1500.0 93.067863 -44.384945 17.846884 0.543487 -0.669915 328.941 0 0
1500.0 119.679348 -0.159460 17.818607 0.928542 -0.032248 329.413 0 0
1500.0 70.573908 -6.487782 18.071172 0.226525 -0.160311 328.752 0 0
1500.0 26.199865 -43.790011 17.767623 -0.502546 -0.654809 329.348 0 0
1500.0 75.305718 -22.420037 17.992402 0.338901 -0.365665 329.152 0 0
1500.0 10.420178 3.360725 17.685077 -0.720771 -0.013721 328.771 0 0
1500.0 88.999196 -0.685482 17.747645 0.510426 -0.057205 328.984 0 0
1500.0 132.003747 -38.557448 17.690281 1.139391 -0.584241 329.161 0 0
1500.0 80.687045 -5.220263 18.488476 0.517698 -0.071417 328.890 0 0
1500.0 -30.172811 -5.114693 17.778356 -1.295096 -0.088005 331.055 0 0
1500.0 96.098600 17.305776 18.421254 0.665622 0.291167 331.363 0 0
1500.0 99.853828 -55.836511 17.785158 0.644095 -0.800452 330.885 0 0
1500.0 43.832191 -53.600338 17.884126 -0.209306 -0.814923 329.888 0 0
1500.0 36.952549 -24.313182 17.770802 -0.275791 -0.350417 329.797 0 0
1500.0 66.904306 -14.889109 18.040715 0.151881 -0.236145 331.136 0 0
1500.0 65.764803 -22.406647 18.035503 0.138433 -0.326472 331.027 0 0
1500.0 80.739350 -2.329997 18.001430 0.348782 -0.062510 331.402 0 0
1500.0 74.803859 2.672249 18.905463 0.432648 0.004730 330.147 0 0
1500.0 -2.484272 72.873142 17.729020 -0.842062 1.035611 331.206 0 0
1500.0 47.760022 0.847017 18.255678 -0.127693 0.054279 329.601 0 0
1500.0 103.327769 -53.394618 17.755419 0.672612 -0.790971 331.320 0 0
1500.0 106.342248 -48.346300 17.704475 0.641266 -0.739265 330.305 0 0
1500.0 92.651898 33.629407 17.798737 0.567479 0.518252 329.722 0 0
1500.0 95.665553 -2.000148 17.914779 0.614443 -0.083028 330.126 0 0
1500.0 114.709310 44.920670 17.764459 0.881546 0.676530 331.058 0 0
1500.0 44.199261 54.074243 17.806867 -0.220874 0.863712 329.754 0 0
1500.0 60.997312 -7.674405 17.884802 -0.009954 -0.100499 329.939 0 0
1500.0 55.516909 -29.390161 17.816064 0.011847 -0.494842 330.309 0 0
1500.0 101.922072 -54.977512 17.762538 0.708341 -0.858978 330.134 0 0
1500.0 36.482004 6.476744 17.933529 -0.366091 0.127515 330.667 0 0
1500.0 3.805212 72.173439 17.838855 -0.847539 1.136688 330.682 0 0
1500.0 68.264040 42.335266 17.834825 0.085304 0.656996 330.861 0 0
1500.0 127.949736 29.361690 18.508713 1.328452 0.498113 329.592 0 0
1500.0 91.086429 -65.020073 17.725081 0.420026 -0.957175 331.507 0 0
1500.0 81.629237 -1.664506 18.289470 0.473550 -0.012864 331.614 0 0
1500.0 38.518293 -52.609133 17.743211 -0.251117 -0.830942 331.654 0 0
1500.0 42.052047 38.405056 18.117559 -0.291921 0.621162 331.596 0 0
1500.0 101.524907 13.136976 17.964302 0.670203 0.262639 331.752 0 0
1500.0 82.128611 -1.149203 18.359182 0.400760 -0.044847 332.028 0 0
1500.0 103.243807 60.757962 17.810363 0.723332 0.890879 331.784 0 0
1500.0 26.349365 43.804242 17.911378 -0.482263 0.683978 331.943 0 0
1500.0 90.679541 -34.507744 18.273629 0.558643 -0.617483 331.832 0 0
1500.0 114.076699 -15.784443 18.031057 0.977794 -0.328398 331.892 0 0
1500.0 137.346291 25.302768 17.864109 1.343069 0.358066 332.088 0 0
1500.0 47.310935 -19.108272 17.864881 -0.187799 -0.234838 332.748 0 0
1500.0 -0.741619 -40.750299 17.743936 -0.836983 -0.614326 332.429 0 0
1500.0 -9.951168 -24.034109 17.745011 -0.961878 -0.386205 332.478 0 0
1500.0 50.346597 -82.816395 17.739652 -0.047808 -1.176690 332.718 0 0
1500.0 81.419272 -21.683630 18.438542 0.451644 -0.370420 332.742 0 0
1500.0 68.377822 -20.289615 18.437935 0.268070 -0.352195 332.437 0 0
1500.0 87.501136 -5.239194 18.280584 0.533440 -0.016665 332.405 0 0
1500.0 84.774675 -22.746344 18.017950 0.496240 -0.354693 332.332 0 0
1500.0 62.694472 19.947456 17.858230 0.018075 0.346584 332.482 0 0
1500.0 54.819460 12.883318 18.241088 -0.058592 0.152090 332.469 0 0
1500.0 98.985066 36.665498 17.885030 0.634513 0.669430 332.837 0 0
1500.0 81.421683 -1.505960 18.570895 0.499615 0.005670 332.875 0 0
1500.0 78.828811 -9.020225 17.933481 0.372629 -0.198494 332.957 0 0
1500.0 84.319838 29.298987 17.847232 0.374844 0.415128 333.351 0 0
1500.0 0.612409 -39.486282 17.758676 -0.811382 -0.591885 333.074 0 0
1500.0 48.062365 -63.508777 17.841272 -0.142195 -0.982716 333.216 0 0
1500.0 74.630263 95.964407 17.830351 0.285435 1.465780 333.034 0 0
1500.0 77.355142 27.707197 17.866568 0.308668 0.490983 333.024 0 0
1500.0 74.903697 -0.577090 17.802729 0.320031 0.034748 333.129 0 0
1500.0 115.579327 32.373614 17.923082 0.989220 0.545109 333.079 0 0
1500.0 61.249498 4.636157 17.936870 -0.019088 0.115124 333.166 0 0
1500.0 124.878532 -23.566258 18.189427 1.238822 -0.435391 333.013 0 0
1500.0 104.599084 -24.798735 18.235023 0.799272 -0.402045 335.346 0 0
1500.0 65.710169 24.779277 18.630736 0.212035 0.426677 335.790 0 0
1500.0 34.187058 -10.602457 17.871010 -0.366477 -0.118523 335.611 0 0
1500.0 80.160498 4.458972 17.979973 0.356896 0.009493 333.853 0 0
1500.0 33.488173 -20.553219 17.832301 -0.354356 -0.324341 335.747 0 0
1500.0 80.186055 -9.769044 19.326843 0.551935 -0.161293 334.841 0 0
1500.0 5.866278 8.278099 17.803860 -0.777061 0.080720 334.874 0 0
1500.0 18.277471 -59.874587 17.765261 -0.527941 -0.905458 334.034 0 0
1500.0 -1.312488 26.943713 17.843981 -0.918357 0.404548 333.508 0 0
1500.0 99.294063 43.776441 17.957492 0.659145 0.701886 335.236 0 0
1500.0 77.741854 -9.191028 18.237115 0.412200 -0.095946 334.407 0 0
1500.0 118.011610 -14.449090 18.011337 0.988980 -0.220558 334.584 0 0
1500.0 96.358475 11.963945 18.003115 0.670169 0.200215 334.676 0 0
1500.0 87.964072 11.584374 18.298276 0.535661 0.238901 335.467 0 0
1500.0 24.936438 -5.399256 18.036544 -0.538879 -0.099950 334.438 0 0
1500.0 6.395231 35.828230 17.864777 -0.831644 0.606233 333.503 0 0
1500.0 65.592302 38.220018 18.055528 0.121227 0.648494 334.462 0 0
1500.0 56.997986 -6.771167 18.051416 0.047074 -0.171758 334.281 0 0
1500.0 164.313164 -23.791144 17.790335 1.687838 -0.415463 333.525 0 0
1500.0 58.190073 24.339788 17.863532 -0.067453 0.364992 334.254 0 0
1500.0 9.236596 23.662586 17.854052 -0.796978 0.346412 335.807 0 0
1500.0 56.920741 -48.816938 17.856539 -0.085616 -0.742709 335.205 0 0
1500.0 44.316977 27.387027 17.832457 -0.215935 0.495247 334.545 0 0
1500.0 65.311732 -16.419536 18.017355 0.175479 -0.316074 335.097 0 0
1500.0 66.247300 49.695055 18.073946 0.115519 0.820979 335.465 0 0
1500.0 92.600812 -22.939087 17.814111 0.515812 -0.426455 335.527 0 0
1500.0 55.636485 67.247461 17.859219 0.032102 1.082048 335.198 0 0
1500.0 103.255500 -7.163161 18.437461 0.872761 -0.065347 333.595 0 0
1500.0 129.106043 -20.056379 18.236010 1.300573 -0.382829 333.449 0 0
1500.0 84.212685 -3.028711 19.138045 0.542954 -0.128670 335.633 0 0
1500.0 52.791179 -59.253661 17.804608 -0.040245 -0.868541 336.335 0 0
1500.0 65.630961 68.598099 17.843459 0.083521 1.037293 336.261 0 0
1500.0 47.621940 54.487098 17.823844 -0.161952 0.891262 335.918 0 0
1500.0 109.925560 0.243261 17.902480 0.864166 0.017498 336.158 0 0
1500.0 56.013585 -62.828244 17.800164 -0.005949 -1.037010 336.337 0 0
1500.0 122.230557 -23.667201 17.984857 1.111715 -0.434585 336.404 0 0
1500.0 120.315427 -7.979828 18.214005 1.149092 -0.193628 336.204 0 0
1500.0 5.847100 46.157652 17.827788 -0.815977 0.653257 336.871 0 0
1500.0 72.890320 -8.635252 18.955128 0.355972 -0.105069 337.044 0 0
1500.0 64.917919 -17.621710 18.039235 0.079328 -0.282649 336.663 0 0
1500.0 92.597402 -44.399109 17.809117 0.501641 -0.663833 336.549 0 0
1500.0 81.140252 -3.443636 18.667222 0.459583 -0.122129 337.000 0 0
1500.0 109.693228 -32.659929 17.938362 0.818096 -0.542885 336.718 0 0
1500.0 15.311563 48.509240 17.822411 -0.636761 0.789877 336.914 0 0
1500.0 50.115774 -25.928081 17.906182 -0.105825 -0.476441 336.946 0 0
1500.0 160.425753 -32.968887 17.829286 1.679209 -0.489519 336.496 0 0
1500.0 117.642035 -26.362297 17.951250 0.970881 -0.493610 336.695 0 0
1500.0 96.584978 -27.108696 17.977284 0.581276 -0.427601 339.644 0 0
1500.0 45.682343 -59.356297 17.994267 -0.203523 -0.949251 340.608 0 0
1500.0 77.484057 10.478813 18.773517 0.394720 0.151912 338.071 0 0
1500.0 65.890454 16.919773 18.333993 0.185778 0.274011 339.715 0 0
1500.0 75.778029 0.969966 18.385566 0.355785 0.000513 340.017 0 0
1500.0 86.540253 60.333486 17.807974 0.463741 0.899931 337.962 0 0
1500.0 103.177690 58.196889 17.805063 0.707066 0.859667 338.010 0 0
1500.0 84.424635 -56.900612 17.814863 0.380745 -0.882923 339.857 0 0
1500.0 122.677848 -25.800462 17.805561 0.943605 -0.447338 338.586 0 0
1500.0 44.197373 -42.193241 17.844001 -0.250196 -0.642606 340.247 0 0
1500.0 120.823109 -24.121642 17.804886 0.918985 -0.431143 337.559 0 0
1500.0 66.696066 -53.974620 17.950210 0.149469 -0.883350 337.519 0 0
1500.0 90.204335 -38.639279 17.986098 0.572327 -0.615096 337.468 0 0
1500.0 80.157760 -11.315917 18.301655 0.423290 -0.240486 338.176 0 0
1500.0 36.946394 -59.124219 17.810889 -0.384804 -0.915245 338.575 0 0
1500.0 2.603114 -33.715945 17.840066 -0.874538 -0.547691 339.320 0 0
1500.0 37.002158 -63.388593 17.888623 -0.293462 -1.004253 340.149 0 0
1500.0 100.298923 14.081707 17.919480 0.687605 0.285516 337.655 0 0
1500.0 100.368769 35.052235 17.798412 0.601229 0.599094 338.157 0 0
1500.0 107.091658 29.539029 17.797540 0.702563 0.514077 338.272 0 0
1500.0 -3.932021 -29.772436 17.791125 -0.964739 -0.379945 339.877 0 0
1500.0 122.616761 19.657035 17.831331 1.016647 0.255498 340.704 0 0
1500.0 13.620531 34.949233 17.810656 -0.745257 0.498970 338.578 0 0
1500.0 15.089776 -43.903566 17.806655 -0.714520 -0.690502 339.354 0 0
1500.0 27.575570 -0.964070 17.987894 -0.501513 0.040568 338.131 0 0
1500.0 98.988977 -34.210461 18.012101 0.678898 -0.579595 339.720 0 0
1500.0 104.917623 -5.036461 18.034699 0.798631 -0.140337 338.093 0 0
1500.0 93.705478 43.995067 17.868934 0.506630 0.728669 340.289 0 0
1500.0 32.434542 -7.098178 18.105812 -0.433662 -0.120758 339.832 0 0
1500.0 83.818864 -0.626319 18.716509 0.586728 -0.034102 339.907 0 0
1500.0 62.009919 34.304640 18.125867 0.066367 0.628342 337.253 0 0
1500.0 121.014440 -44.851469 18.048570 1.088265 -0.781773 337.873 0 0
1500.0 27.417449 -41.753055 17.963066 -0.459626 -0.736621 340.310 0 0
1500.0 109.619766 -27.005128 18.098255 0.843105 -0.510815 340.387 0 0
1500.0 101.926245 -54.982060 17.952294 0.769496 -1.001574 338.717 0 0
1500.0 137.727112 -0.820326 18.494567 1.521782 -0.007234 340.152 0 0
1500.0 78.967674 42.122297 18.490530 0.418734 0.818624 340.403 0 0
1500.0 44.822894 76.492279 18.352002 -0.163692 1.472133 337.969 0 0
1500.0 102.080706 11.095879 18.069728 0.700056 0.225316 341.915 0 0
1500.0 80.601969 17.407301 18.073760 0.367092 0.282313 341.610 0 0
1500.0 83.905654 12.634363 18.164505 0.451008 0.200411 342.537 0 0
1500.0 70.465645 29.515482 18.003769 0.211585 0.473167 342.255 0 0
1500.0 90.352202 -23.238669 18.051357 0.540792 -0.338731 342.683 0 0
1500.0 73.702655 4.604637 17.975115 0.305190 0.073322 342.193 0 0
1500.0 48.450538 -19.489442 17.923341 -0.118165 -0.338968 344.263 0 0
1500.0 60.438599 -7.827373 17.926346 0.047760 -0.176965 344.453 0 0
1500.0 44.423539 -63.309707 17.824304 -0.186888 -0.987818 341.702 0 0
1500.0 85.832885 -43.975486 17.836811 0.403688 -0.693190 343.182 0 0
1500.0 31.493125 54.666061 17.865184 -0.423415 0.873845 341.477 0 0
1500.0 86.298018 0.034784 18.117080 0.474120 -0.073046 341.153 0 0
1500.0 91.465044 -11.567247 18.261011 0.638101 -0.173156 342.213 0 0
1500.0 101.126835 -24.994495 17.980187 0.750443 -0.368523 342.158 0 0
1500.0 59.737805 8.331153 18.435170 0.091160 0.200332 342.548 0 0
1500.0 7.263465 -11.239066 18.033395 -0.815194 -0.190419 342.686 0 0
1500.0 78.873983 -36.119149 18.055792 0.341115 -0.627001 342.399 0 0
1500.0 97.425639 -5.468260 18.526052 0.754468 -0.039874 342.682 0 0
1500.0 108.551618 46.310980 17.932949 0.801848 0.808853 341.223 0 0
1500.0 24.146688 -38.392077 17.881506 -0.551781 -0.659651 342.800 0 0
1500.0 57.486010 33.070552 17.900678 -0.010954 0.588721 342.555 0 0
1500.0 107.352985 21.169305 17.890188 0.750454 0.398759 343.476 0 0
1500.0 105.669266 0.517377 18.098790 0.788527 0.076873 344.149 0 0
1500.0 35.964236 11.206177 18.257949 -0.355428 0.144515 343.377 0 0
1500.0 37.597209 25.834579 18.157439 -0.321832 0.449872 343.886 0 0
1500.0 121.473273 23.182447 18.193365 1.087616 0.442280 341.397 0 0
1500.0 71.595828 -13.660884 17.917817 0.208767 -0.289688 343.186 0 0
1500.0 127.466727 -92.042379 17.944944 1.095739 -1.554609 341.736 0 0
1500.0 24.809004 -30.376615 17.860892 -0.493275 -0.543687 344.650 0 0
1500.0 89.104965 -15.502328 18.115079 0.484555 -0.311386 344.095 0 0
1500.0 93.988549 5.374399 18.783230 0.750499 0.135981 343.392 0 0
1500.0 110.705252 28.345057 18.100180 0.896579 0.526620 343.876 0 0
1500.0 128.825231 16.466931 17.981265 1.204059 0.213146 344.661 0 0
1500.0 107.859143 12.434143 18.000165 0.903851 0.202279 343.531 0 0
1500.0 133.750015 -3.082283 17.995945 1.324911 -0.008323 343.708 0 0
1500.0 85.662164 31.023845 18.286678 0.537923 0.624815 344.227 0 0
1500.0 72.233885 31.194776 18.026828 0.216581 0.467294 347.656 0 0
1500.0 96.073940 -5.497847 18.435899 0.646477 -0.117247 346.736 0 0
1500.0 65.362677 -21.621815 18.386117 0.201418 -0.351909 347.437 0 0
1500.0 86.219217 -7.183789 18.844032 0.559977 -0.092093 346.729 0 0
1500.0 72.057174 -2.387939 18.109697 0.269484 0.018208 345.373 0 0
1500.0 43.511496 3.071624 18.350786 -0.201692 0.059419 346.828 0 0
1500.0 66.911184 -6.648601 18.822112 0.260737 -0.150136 349.757 0 0
1500.0 81.622552 9.942890 18.502676 0.457199 0.172292 348.772 0 0
1500.0 120.335987 1.791445 17.942685 0.978526 0.043776 345.660 0 0
1500.0 75.937324 -13.724620 18.268358 0.365940 -0.186666 348.982 0 0
1500.0 87.669748 4.210802 18.650187 0.566506 0.058253 350.380 0 0
1500.0 120.867230 -14.328599 17.970705 1.000608 -0.196559 345.441 0 0
1500.0 119.991163 -8.097937 17.972497 0.981985 -0.105700 345.859 0 0
1500.0 100.198043 31.945143 17.817958 0.668352 0.437496 347.451 0 0
1500.0 69.652511 7.778869 17.834159 0.228417 0.091165 348.803 0 0
1500.0 70.590543 -37.165377 17.825944 0.243657 -0.542270 348.182 0 0
1500.0 55.785447 65.747990 17.879745 -0.035632 1.046162 345.550 0 0
1500.0 36.824735 56.794358 17.885728 -0.307094 0.887368 347.554 0 0
1500.0 55.171654 61.836056 17.884416 -0.043557 0.962695 347.346 0 0
1500.0 68.309030 0.191464 18.477037 0.272438 0.039407 351.866 0 0
1500.0 77.873530 57.280293 17.829389 0.315747 0.892502 347.292 0 0
1500.0 105.049411 17.643756 17.943155 0.735610 0.296704 348.809 0 0
1500.0 118.921201 -25.127468 17.921575 0.983416 -0.362676 346.506 0 0
1500.0 87.611285 -17.891705 18.111835 0.516114 -0.279065 349.757 0 0
1500.0 123.366399 -1.331332 17.983557 1.041222 0.005720 347.615 0 0
1500.0 101.592744 23.886668 17.996381 0.701511 0.361464 349.819 0 0
1500.0 105.967529 -41.285334 18.053416 0.775590 -0.674262 346.638 0 0
1500.0 77.501924 -50.042282 17.918396 0.335362 -0.764168 349.541 0 0
1500.0 113.998307 -19.328592 18.108120 0.920982 -0.341073 346.492 0 0
1500.0 53.167172 23.993590 18.432723 -0.061601 0.395596 345.483 0 0
1500.0 -7.795217 6.075224 17.831234 -1.045286 0.079238 346.883 0 0
1500.0 9.428839 39.583608 17.836530 -0.771529 0.561011 348.549 0 0
1500.0 86.298774 -3.216976 18.254602 0.525391 0.015952 345.118 0 0
1500.0 96.241448 7.997559 18.035405 0.674000 0.078177 345.260 0 0
1500.0 90.472379 -34.799814 18.122160 0.522634 -0.600850 346.402 0 0
1500.0 75.067742 -10.449418 18.135704 0.294848 -0.236993 345.306 0 0
1500.0 112.826682 7.592318 17.929990 0.909477 0.150806 346.307 0 0
1500.0 96.976392 0.087656 17.942886 0.621340 0.034570 351.446 0 0
1500.0 99.757036 8.157849 17.940853 0.662013 0.148231 351.270 0 0
1500.0 79.752759 -8.414595 18.224835 0.339007 -0.190508 345.981 0 0
1500.0 101.241081 -88.889384 17.805641 0.627787 -1.361540 349.657 0 0
1500.0 81.040551 -41.047028 17.821191 0.414694 -0.592382 348.032 0 0
1500.0 76.727564 -27.911414 18.074043 0.258993 -0.450731 352.998 0 0
1500.0 92.289529 -13.843096 18.071722 0.524215 -0.281631 346.265 0 0
1500.0 38.958644 16.080328 17.831746 -0.256511 0.316466 345.066 0 0
1500.0 31.536672 112.282169 17.796855 -0.395597 1.745491 348.782 0 0
1500.0 54.885860 -42.245477 17.992742 -0.087046 -0.694863 346.955 0 0
1500.0 62.903504 -25.533027 18.030171 0.043817 -0.405985 354.311 0 0
1500.0 59.635742 21.119296 18.466881 0.114613 0.393333 348.708 0 0
1500.0 85.571645 22.147957 18.462044 0.457653 0.370181 355.637 0 0
1500.0 72.500778 -45.222534 18.109671 0.300395 -0.760880 347.355 0 0
1500.0 106.247587 -10.671767 18.097548 0.826934 -0.225122 347.156 0 0
1500.0 18.269135 40.833447 17.848301 -0.701721 0.686235 346.038 0 0
1500.0 48.950118 24.564395 18.184969 -0.167417 0.360917 348.475 0 0
1500.0 89.104379 -20.045993 17.856887 0.550126 -0.270085 347.576 0 0
1500.0 54.336265 13.523521 17.918556 -0.006887 0.277257 347.214 0 0
1500.0 83.537903 59.160595 17.892183 0.417436 0.920380 352.003 0 0
1500.0 85.242939 6.662578 17.914988 0.426008 0.152608 354.619 0 0
1500.0 109.473470 25.677306 17.895876 0.827232 0.452642 349.225 0 0
1500.0 104.095570 47.099736 17.890040 0.725842 0.755760 351.051 0 0
1500.0 111.943199 37.596411 17.890079 0.844988 0.618564 350.758 0 0
1500.0 72.907771 18.224086 17.916164 0.253208 0.313892 354.707 0 0
1500.0 78.371787 7.150249 18.190619 0.364490 0.185130 348.676 0 0
1500.0 114.193375 -27.300266 17.909794 0.868970 -0.499498 348.063 0 0
1500.0 166.300701 -103.833860 17.856170 1.746278 -1.665480 347.805 0 0
1500.0 47.148407 -2.235903 18.248925 -0.168597 -0.033002 356.314 0 0
1500.0 42.843764 61.298771 17.868397 -0.217666 0.992751 350.485 0 0
1500.0 92.043004 6.829863 17.888264 0.537548 0.183361 348.194 0 0
1500.0 32.290372 25.540888 17.886817 -0.388408 0.472729 348.301 0 0
1500.0 62.137314 -42.810682 17.881886 0.133929 -0.713144 347.692 0 0
1500.0 -5.458095 -9.513674 17.879823 -1.007120 -0.097414 350.430 0 0
1500.0 115.050148 -6.522564 17.928115 0.957142 -0.031860 346.311 0 0
1500.0 92.056624 -9.186160 18.004220 0.578593 -0.076229 350.732 0 0
1500.0 67.950735 -9.319040 18.386835 0.268401 -0.133270 357.902 0 0
1500.0 102.742572 18.804538 17.873193 0.753354 0.363304 347.753 0 0
1500.0 74.152959 20.891976 18.287279 0.243152 0.356595 352.387 0 0
1500.0 39.865014 -42.617809 17.998308 -0.367033 -0.674891 345.383 0 0
1500.0 60.661495 -87.369500 17.849987 0.072450 -1.351327 352.928 0 0
1500.0 101.540461 54.395598 18.260064 0.792512 0.976069 345.534 0 0
1500.0 79.833470 -2.117343 18.718186 0.498830 -0.077036 352.568 0 0
1500.0 93.901613 26.059093 18.216444 0.667096 0.389698 351.595 0 0
1500.0 36.102175 -24.330383 17.992390 -0.354379 -0.358637 356.925 0 0
1500.0 28.860087 8.160494 17.993457 -0.454853 0.094367 357.007 0 0
1500.0 62.103559 74.664114 17.833702 0.104014 1.175772 352.283 0 0
1500.0 37.353334 12.354541 17.989399 -0.339311 0.167861 357.495 0 0
1500.0 -4.265074 5.659231 17.966060 -0.987923 0.080456 352.406 0 0
1500.0 120.516062 -16.138135 18.013021 0.996564 -0.262151 354.908 0 0
1500.0 17.644771 -51.599461 17.917738 -0.616768 -0.833897 353.284 0 0
1500.0 60.136175 -26.676606 17.931108 -0.033131 -0.418425 350.447 0 0
1500.0 43.314133 -25.681018 17.929103 -0.293933 -0.402096 350.584 0 0
1500.0 41.345694 -37.387344 17.923738 -0.322457 -0.580035 350.984 0 0
1500.0 38.382227 -13.974973 17.931827 -0.333208 -0.198406 357.784 0 0
1500.0 77.846830 34.038377 17.916113 0.393355 0.525626 351.110 0 0
1500.0 112.393450 -37.171989 17.897648 0.888908 -0.549671 353.831 0 0
1500.0 121.199397 -15.847255 17.898545 1.003553 -0.230394 354.888 0 0
1500.0 34.184874 46.533633 17.850884 -0.333327 0.733711 356.799 0 0
1500.0 108.175591 39.683444 18.030073 0.822649 0.732273 347.504 0 0
1500.0 35.236494 -55.223375 17.970061 -0.378461 -0.881050 353.217 0 0
1500.0 15.604517 -29.248617 17.975888 -0.681082 -0.496121 352.480 0 0
1500.0 77.058935 -45.560737 17.978330 0.253902 -0.746819 352.236 0 0
1500.0 25.159918 10.791055 18.070994 -0.549258 0.171930 351.920 0 0
1500.0 32.313377 18.193871 17.827871 -0.439658 0.214750 350.825 0 0
1500.0 54.460403 -23.837506 18.132865 -0.122961 -0.447105 345.066 0 0
1500.0 78.782814 39.074314 17.941462 0.398541 0.637577 352.080 0 0
1500.0 115.266332 -25.811083 17.815600 0.905620 -0.447920 353.339 0 0
1500.0 71.478176 -18.379703 17.990000 0.155780 -0.312111 351.755 0 0
1500.0 56.107904 -6.262558 18.446989 0.039927 -0.152118 361.045 0 0
1500.0 72.035017 52.062443 17.953959 0.273358 0.881227 351.112 0 0
1500.0 98.592283 -18.419965 17.874070 0.704251 -0.266076 352.221 0 0
1500.0 48.694606 16.955296 18.385775 -0.160708 0.357879 345.789 0 0
1500.0 43.937611 -58.262616 17.834036 -0.172853 -0.903845 356.859 0 0
1500.0 45.253547 -34.234108 17.846842 -0.165976 -0.601937 351.812 0 0
1500.0 114.350215 -34.732161 17.828025 0.854547 -0.575241 355.670 0 0
1500.0 105.189233 -39.924526 17.829774 0.741422 -0.670150 353.740 0 0
1500.0 100.642755 -48.156838 17.829414 0.650254 -0.767331 356.058 0 0
1500.0 123.780249 -15.359793 17.827635 0.994768 -0.292402 355.517 0 0
1500.0 46.638118 -50.044258 17.840340 -0.132601 -0.777375 357.598 0 0
1500.0 98.344966 -8.798819 17.846738 0.598277 -0.188778 358.188 0 0
1500.0 99.742194 -20.814939 17.840767 0.673792 -0.390725 352.321 0 0
1500.0 107.093723 -52.213112 17.974791 0.868874 -0.924404 347.988 0 0
1500.0 104.434718 -15.712324 17.918027 0.792425 -0.227106 353.221 0 0
1500.0 65.918729 -11.177176 18.066337 0.123532 -0.244756 352.292 0 0
1500.0 89.472170 -44.330873 17.987172 0.519793 -0.827016 347.608 0 0
1500.0 -235.286559 -135.232108 17.853653 -4.692970 -2.224223 350.953 0 0
1500.0 101.002767 7.876320 18.107130 0.756668 0.085861 354.051 0 0
1500.0 120.136084 17.725484 18.411215 1.117573 0.360765 349.693 0 0
1500.0 70.353580 1.371383 18.113690 0.267371 0.042244 361.395 0 0
1500.0 10.866647 -20.684723 17.882438 -0.781202 -0.278900 354.332 0 0
1500.0 94.448263 9.845403 18.151544 0.659745 0.107856 354.927 0 0
1500.0 48.222307 12.983071 18.075829 -0.183462 0.245365 354.006 0 0
1500.0 64.492796 46.537500 17.853198 0.143970 0.779293 354.447 0 0
1500.0 100.058697 -40.005116 17.845590 0.596739 -0.670358 355.050 0 0
1500.0 16.548230 -37.406202 17.844321 -0.674432 -0.629210 355.210 0 0
1500.0 -2.774677 19.087450 17.840860 -0.960381 0.227875 355.747 0 0
1500.0 76.342794 -24.859060 17.860889 0.240265 -0.448832 353.687 0 0
1500.0 2.750989 1.727684 17.846073 -0.887150 -0.034321 354.992 0 0
1500.0 70.828283 20.270443 18.164477 0.209651 0.348120 361.992 0 0
1500.0 99.730533 1.527387 18.070098 0.741487 0.035651 355.175 0 0
1500.0 102.826053 -21.622110 18.096938 0.787720 -0.335797 355.897 0 0
1500.0 62.333365 -55.993729 17.835058 0.123877 -0.891622 356.197 0 0
1500.0 42.500488 1.483539 17.865714 -0.292591 -0.034825 353.816 0 0
1500.0 50.284792 -18.837175 17.851627 -0.134844 -0.328331 361.342 0 0
1500.0 82.667835 -8.345510 17.953409 0.471617 -0.109584 354.624 0 0
1500.0 111.131300 -14.532013 17.936667 0.891652 -0.200715 356.139 0 0
1500.0 92.729840 -12.058996 17.948329 0.623880 -0.166150 354.998 0 0
1500.0 117.756514 -28.448879 17.929405 0.966944 -0.401010 357.847 0 0
1500.0 97.296008 -18.458900 17.947111 0.634085 -0.241799 361.155 0 0
1500.0 72.711404 12.836835 17.956599 0.285166 0.196402 361.913 0 0
1500.0 47.738286 53.426913 17.978008 -0.264203 0.926012 348.683 0 0
1500.0 98.606954 29.346595 18.180695 0.665171 0.555414 351.399 0 0
1500.0 41.807813 13.362682 18.378685 -0.300858 0.208956 350.026 0 0
1500.0 85.287967 24.676657 18.112100 0.519067 0.361205 357.583 0 0
1500.0 29.708200 -44.440314 17.820430 -0.385912 -0.740020 355.747 0 0
1500.0 53.731258 -39.029738 17.952887 -0.041076 -0.675914 355.889 0 0
1500.0 5.885392 40.471763 17.817060 -0.817818 0.652601 358.631 0 0
1500.0 8.399310 23.931625 17.827272 -0.757349 0.396409 360.725 0 0
1500.0 75.493549 35.291006 17.886009 0.211338 0.598804 354.133 0 0
1500.0 48.108164 9.668274 18.174341 -0.180620 0.173446 356.091 0 0
1500.0 102.283191 25.471596 18.039840 0.797594 0.376160 354.358 0 0
1500.0 81.470216 -61.688989 17.827018 0.420869 -0.950965 358.212 0 0
1500.0 91.673267 -14.960786 18.038039 0.609314 -0.191342 357.038 0 0
1500.0 91.675314 -43.572598 17.962870 0.592569 -0.746314 355.460 0 0
1500.0 71.300854 11.764978 17.961905 0.147402 0.230430 352.010 0 0
1500.0 104.730996 57.917549 18.142414 0.850389 0.990488 354.339 0 0
1500.0 115.626175 0.877667 17.942729 0.946855 -0.028331 358.938 0 0
1500.0 89.042008 17.223516 17.916275 0.548750 0.315250 357.389 0 0
1500.0 105.985553 15.549149 17.910023 0.744220 0.265773 363.145 0 0
1500.0 76.637732 -8.064176 17.824490 0.280545 -0.178126 364.255 0 0
1500.0 70.640829 5.042722 18.040299 0.278585 0.028117 358.270 0 0
1500.0 61.520194 -23.127127 17.982659 0.000114 -0.393656 356.496 0 0
1500.0 65.807142 -6.706690 18.261168 0.119547 -0.154970 358.161 0 0
1500.0 83.903240 -60.477320 17.861811 0.429330 -0.942149 361.281 0 0
1500.0 86.465625 2.970168 17.908364 0.443925 0.100095 364.541 0 0
1500.0 83.523277 24.027403 17.905206 0.404159 0.396038 364.294 0 0
1500.0 124.383842 10.267859 17.883454 1.026313 0.212962 360.923 0 0
1500.0 15.027740 -37.205460 18.000386 -0.666887 -0.624152 359.407 0 0
1500.0 60.570415 -48.210065 18.005884 0.020205 -0.797439 358.800 0 0
1500.0 73.747584 -22.681898 17.892143 0.315973 -0.394850 357.588 0 0
1500.0 -0.864708 24.508861 17.871471 -0.929723 0.464500 356.794 0 0
1500.0 3.972863 -10.776676 17.958113 -0.903469 -0.130198 356.957 0 0
1500.0 112.928625 46.187219 17.845867 0.845877 0.696416 363.408 0 0
1500.0 45.446758 -62.440751 17.964702 -0.138471 -1.045399 357.037 0 0
1500.0 115.273099 -4.101659 17.994515 0.947228 -0.022686 359.936 0 0
1500.0 56.163645 45.290675 17.915321 0.043712 0.741429 358.575 0 0
1500.0 9.562311 -45.801524 17.835199 -0.739639 -0.793194 357.278 0 0
1500.0 76.941618 -21.646302 18.106446 0.333211 -0.405397 359.269 0 0
1500.0 51.424998 15.040116 18.279532 -0.116131 0.247892 359.319 0 0
1500.0 68.904678 -8.492739 17.839690 0.148723 -0.208804 357.738 0 0
1500.0 28.692355 -20.041707 17.832840 -0.432854 -0.350336 364.933 0 0
1500.0 104.420520 -43.655564 17.813630 0.678565 -0.731029 360.270 0 0
1500.0 81.257747 -42.991034 18.211765 0.390146 -0.784279 354.838 0 0
1500.0 109.352845 -11.612248 18.141955 0.921823 -0.132605 355.971 0 0
1500.0 50.851877 7.837900 18.182356 -0.110198 0.058470 359.461 0 0
1500.0 60.671608 -4.701667 18.182241 0.040882 -0.134447 359.468 0 0
1500.0 23.520260 21.144749 17.820124 -0.487272 0.369241 365.347 0 0
1500.0 93.818406 47.767658 17.804392 0.542687 0.799822 360.520 0 0
1500.0 -2.786018 10.020156 17.805217 -0.923488 0.228072 360.391 0 0
1500.0 38.739039 56.222467 17.804087 -0.292009 0.927274 360.570 0 0
1500.0 111.746442 2.191656 18.063446 0.883744 0.102209 360.493 0 0
1500.0 47.096435 12.969273 18.170261 -0.154475 0.231467 367.801 0 0
1500.0 43.386341 38.783092 17.857320 -0.216635 0.658719 361.624 0 0
1500.0 376.709731 -103.940596 17.897779 5.292450 -1.761364 356.093 0 0
1500.0 74.996433 37.210782 18.101754 0.356401 0.624875 359.936 0 0
1500.0 115.528852 -20.291009 17.870282 0.900008 -0.322196 364.741 0 0
1500.0 79.370897 -35.353982 17.881936 0.405374 -0.576925 360.213 0 0
1500.0 105.962183 19.940310 17.829836 0.722535 0.343210 365.576 0 0
1500.0 38.083431 -129.562587 17.893986 -0.376651 -2.074872 359.081 0 0
1500.0 13.896757 -37.865814 17.916503 -0.714691 -0.626400 361.319 0 0
1500.0 121.407751 9.519999 17.858879 1.069892 0.106174 358.629 0 0
1500.0 94.462091 51.259604 17.799750 0.576944 0.838247 362.275 0 0
1500.0 36.020910 -24.427800 18.196581 -0.406761 -0.382642 356.493 0 0
1500.0 85.612424 42.055351 17.853339 0.453582 0.714582 361.150 0 0
1500.0 101.861231 21.851762 17.854897 0.703941 0.406405 360.991 0 0
1500.0 225.424006 -47.557355 18.003141 2.814716 -0.827572 356.990 0 0
1500.0 0.107380 19.382359 17.885507 -0.915400 0.347138 362.291 0 0
1500.0 46.044860 42.686435 17.896660 -0.228058 0.712310 360.969 0 0
1500.0 28.195339 27.131604 17.901123 -0.460126 0.433487 366.941 0 0
1500.0 37.871730 59.383936 17.883992 -0.345048 0.945319 362.592 0 0
1500.0 29.653893 55.114124 17.884387 -0.468867 0.882443 362.506 0 0
1500.0 55.700690 21.633912 17.908654 -0.072375 0.353171 367.532 0 0
1500.0 114.450045 -6.417320 18.282183 0.965129 -0.106060 364.071 0 0
1500.0 50.022184 -13.984255 17.853139 -0.087530 -0.261207 367.778 0 0
1500.0 87.075527 -44.261480 17.892561 0.471527 -0.710618 364.631 0 0
1500.0 49.780605 -3.671371 18.251433 -0.127346 -0.003999 361.683 0 0
1500.0 108.858611 -23.413017 17.955645 0.860307 -0.336560 362.468 0 0
1500.0 45.076178 24.107958 17.969257 -0.260838 0.378286 360.995 0 0
1500.0 27.699812 29.190321 17.961739 -0.525394 0.453049 361.559 0 0
1500.0 58.732481 -24.789404 17.971051 -0.049405 -0.379807 360.875 0 0
1500.0 22.831175 -23.610729 17.961554 -0.600011 -0.357630 361.575 0 0
1500.0 -1.569037 -18.433037 17.947889 -0.951268 -0.271490 363.172 0 0
1500.0 49.120414 22.503796 17.971445 -0.178042 0.317498 368.303 0 0
1500.0 124.597389 -12.643614 17.865292 1.014602 -0.252943 364.632 0 0
1500.0 53.078974 -16.730644 17.862344 -0.014802 -0.279698 368.263 0 0
1500.0 110.215715 -4.494968 18.334095 0.907440 -0.036065 364.342 0 0
1500.0 64.974370 2.549864 18.205025 0.102593 0.101825 359.321 0 0
1500.0 122.166654 22.948240 17.971103 1.108417 0.332777 359.650 0 0
1500.0 98.869245 13.626301 18.202721 0.683780 0.243371 367.117 0 0
1500.0 118.696699 3.498025 17.845661 0.957990 0.133331 360.730 0 0
1500.0 56.077226 -18.667082 17.828253 -0.085001 -0.303168 368.921 0 0
1500.0 116.364614 57.725954 18.280182 1.073779 0.990191 358.120 0 0
1500.0 90.900892 22.220206 18.067772 0.606805 0.313962 362.450 0 0
1500.0 77.471298 -10.354446 17.859609 0.315969 -0.239055 361.309 0 0
1500.0 77.934814 -40.416757 17.850040 0.293087 -0.642474 367.890 0 0
1500.0 94.461161 -51.750780 17.852350 0.627131 -0.776853 363.769 0 0
1500.0 132.229060 -9.088800 18.282731 1.297250 -0.177307 360.717 0 0
1500.0 117.739849 -21.939383 17.872126 0.941362 -0.302668 366.410 0 0
1500.0 93.536436 -44.369620 17.876555 0.620735 -0.658887 363.103 0 0
1500.0 63.241414 19.644510 17.896529 0.147064 0.288592 368.963 0 0
1500.0 89.375136 -15.845363 17.888988 0.567611 -0.229337 361.928 0 0
1500.0 80.314262 35.520465 17.887816 0.389087 0.515107 368.282 0 0
1500.0 108.607710 18.124424 17.876875 0.850368 0.291369 363.063 0 0
1500.0 -22.995888 -39.508869 17.979222 -1.377927 -0.701325 358.435 0 0
1500.0 56.822068 -34.096814 18.094173 0.020504 -0.596619 362.897 0 0
1500.0 95.613984 -16.074864 18.090904 0.610013 -0.320200 363.174 0 0
1500.0 54.401372 18.622675 18.290196 -0.096542 0.265063 354.837 0 0
1500.0 90.418526 35.127266 18.068415 0.598314 0.539084 363.482 0 0
1500.0 118.157987 13.325394 18.057774 0.995724 0.203847 365.013 0 0
1500.0 46.044178 -10.547523 17.911135 -0.143683 -0.214864 369.458 0 0
1500.0 83.398457 0.052103 17.907900 0.420760 -0.074997 361.964 0 0
1500.0 63.595401 -54.957339 17.889633 0.109877 -0.908028 363.583 0 0
1500.0 49.381300 -24.144836 17.906992 -0.108410 -0.451045 362.026 0 0
1500.0 103.043412 -48.505936 17.882962 0.682673 -0.780500 366.083 0 0
1500.0 19.533139 34.967652 17.852675 -0.617348 0.603694 363.581 0 0
1500.0 36.948008 11.397261 17.868224 -0.358347 0.248440 362.279 0 0
1500.0 9.312137 18.401784 17.856061 -0.719881 0.326221 368.458 0 0
1500.0 62.779028 -66.136460 17.900473 0.101947 -1.039647 366.515 0 0
1500.0 81.750250 -18.922145 18.154868 0.491447 -0.291007 362.025 0 0
1500.0 119.988288 -10.256416 17.850148 1.004339 -0.129892 365.270 0 0
1500.0 72.959006 23.264047 18.148884 0.323011 0.411122 364.490 0 0
1500.0 118.852761 -4.975079 17.815346 0.927042 -0.021952 368.529 0 0
1500.0 95.512198 24.472855 17.825596 0.581253 0.395887 369.661 0 0
1500.0 115.842655 25.412137 17.810392 0.921107 0.433500 365.708 0 0
1500.0 88.698204 2.450131 17.832796 0.480575 0.082965 370.259 0 0
1500.0 74.284492 42.335139 18.023435 0.259336 0.663873 370.398 0 0
1500.0 -29.517598 -13.727534 17.847350 -1.378628 -0.205345 366.175 0 0
1500.0 58.980678 21.923416 18.093834 0.055086 0.414188 364.898 0 0
1500.0 104.737709 -24.257746 18.096710 0.877813 -0.455610 359.094 0 0
1500.0 64.482746 12.914344 17.916143 0.172234 0.248378 364.207 0 0
1500.0 93.255810 -15.859075 17.907045 0.614783 -0.198339 364.848 0 0
1500.0 59.247746 53.607635 17.897693 0.088523 0.862736 365.710 0 0
1500.0 52.608368 49.688961 18.072368 -0.110439 0.798530 366.072 0 0
1500.0 -0.785998 -25.138778 17.873999 -0.893308 -0.375263 370.989 0 0
1500.0 85.217651 38.240763 17.835030 0.388487 0.607714 371.399 0 0
1500.0 39.113549 -52.261704 18.000915 -0.312043 -0.935175 361.571 0 0
1500.0 4.335686 5.308888 17.804363 -0.895995 0.103997 365.915 0 0
1500.0 -25.895624 55.720204 18.014519 -1.413098 0.911971 362.640 0 0
1500.0 41.695249 43.432202 17.917729 -0.251126 0.676865 371.756 0 0
1500.0 43.950534 64.796313 17.901623 -0.229145 1.022553 368.708 0 0
1500.0 69.248058 56.098499 17.910873 0.139351 0.864543 371.033 0 0
1500.0 109.427579 10.017873 18.239687 0.890769 0.172356 368.219 0 0
1500.0 30.395675 20.728633 17.895456 -0.443898 0.296629 374.012 0 0
1500.0 124.461172 -11.600717 17.809544 1.027459 -0.104420 367.565 0 0
1500.0 125.221541 17.543742 17.799664 1.039687 0.236806 370.767 0 0
1500.0 105.781774 -26.419527 17.873109 0.753164 -0.495492 365.108 0 0
1500.0 83.466024 21.747060 17.851467 0.387435 0.370086 372.987 0 0
1500.0 114.831714 20.334936 17.897165 0.881217 0.357973 370.280 0 0
1500.0 -11.032097 -79.410455 17.883368 -1.107350 -1.314512 365.850 0 0
1500.0 233.842765 192.006668 17.969502 2.935681 3.237383 362.767 0 0
1500.0 57.750631 54.832915 17.909044 -0.008369 0.850527 372.318 0 0
1500.0 55.547280 -27.714851 17.927210 -0.019304 -0.445852 375.428 0 0
1500.0 133.933568 35.356070 18.017823 1.234849 0.610007 367.093 0 0
1500.0 7.864699 45.727368 17.815109 -0.781816 0.742549 369.681 0 0
1500.0 51.830838 44.161610 18.055395 -0.060253 0.750264 367.786 0 0
1500.0 115.149652 26.840239 17.972832 0.923490 0.448123 369.757 0 0
1500.0 -2.651665 -27.157679 17.814586 -0.940874 -0.461363 370.101 0 0
1500.0 -7.413933 -13.806765 17.815141 -1.004755 -0.262323 370.540 0 0
1500.0 -3.027249 -30.574408 17.811534 -0.941301 -0.519788 370.526 0 0
1500.0 113.055908 -2.922803 17.866469 0.880035 0.022636 368.964 0 0
1500.0 104.913496 22.100252 17.870275 0.704899 0.376906 373.708 0 0
1500.0 122.844322 12.802863 17.858028 1.005389 0.256318 370.522 0 0
1500.0 119.743516 -34.679309 17.807852 0.948023 -0.474467 373.546 0 0
1500.0 35.360853 62.212128 17.875041 -0.309068 0.995190 371.053 0 0
1500.0 77.621581 -43.168141 17.855948 0.292742 -0.682056 374.322 0 0
1500.0 59.294608 -30.177597 17.863002 0.035973 -0.545572 368.150 0 0
1500.0 66.636613 -65.184391 17.841233 0.141550 -1.027690 372.031 0 0
1500.0 87.212003 -31.820674 17.858713 0.427224 -0.519261 374.575 0 0
1500.0 30.411217 66.835660 17.859903 -0.424595 1.012067 374.184 0 0
1500.0 95.622328 33.297990 17.871856 0.674395 0.500526 366.602 0 0
1500.0 117.811151 -23.586513 17.927776 0.951823 -0.355588 373.164 0 0
1500.0 131.834618 35.758089 17.930373 1.242708 0.643954 366.223 0 0
1500.0 114.911881 -28.579109 18.440518 1.098578 -0.527025 363.194 0 0
1500.0 84.153039 -48.282158 17.908878 0.452751 -0.792588 370.440 0 0
1500.0 42.909501 17.326845 17.982261 -0.291466 0.284455 369.129 0 0
1500.0 43.713208 14.115641 18.062161 -0.273973 0.220950 368.814 0 0
1500.0 86.997534 -60.693057 18.243418 0.563746 -1.045173 366.884 0 0
1500.0 84.458761 -18.908591 17.855255 0.442618 -0.274965 376.188 0 0
1500.0 85.328717 -61.326842 17.832485 0.481911 -0.922983 372.192 0 0
1500.0 -0.917181 -16.915166 17.837620 -0.907884 -0.285857 374.427 0 0
1500.0 45.427759 -57.504431 17.840375 -0.237781 -0.866670 374.818 0 0
1500.0 49.848534 -66.827851 17.832225 -0.179930 -1.032484 372.656 0 0
1500.0 -7.357669 -11.442884 17.832721 -1.018048 -0.210453 373.254 0 0
1500.0 53.198270 -38.121393 17.851177 -0.136305 -0.635253 369.694 0 0
1500.0 46.576125 -7.613148 17.926966 -0.203354 -0.049229 369.413 0 0
1500.0 30.404293 59.136820 17.898044 -0.433650 0.944381 372.675 0 0
1500.0 54.644272 -24.324474 18.142825 -0.052078 -0.438080 370.530 0 0
1500.0 50.292893 -40.584388 18.157498 -0.138352 -0.766357 364.733 0 0
1500.0 80.317699 9.037232 17.845492 0.419986 0.107298 369.933 0 0
1500.0 122.277642 -6.820350 17.852810 0.983498 -0.153553 375.431 0 0
1500.0 104.634431 31.994070 17.863390 0.715318 0.568467 371.577 0 0
1500.0 61.897557 65.791438 17.930282 0.047671 1.042853 374.241 0 0
1500.0 87.904200 33.043758 17.945701 0.448312 0.579354 371.818 0 0
1500.0 33.064839 23.804861 17.952636 -0.358241 0.399180 378.103 0 0
1500.0 74.347334 -34.633752 17.811863 0.252836 -0.614755 371.212 0 0
1500.0 115.939925 -16.642403 17.982690 1.006510 -0.267932 370.329 0 0
1500.0 51.649751 66.293680 17.867521 -0.056343 1.037196 375.278 0 0
1500.0 136.053878 57.354594 17.932348 1.376840 0.979907 367.207 0 0
1500.0 101.995999 40.660213 17.877321 0.727247 0.660462 373.800 0 0
1500.0 118.762430 0.162936 17.879802 0.934916 0.048230 376.985 0 0
1500.0 86.215290 19.192610 17.893871 0.503069 0.346435 372.020 0 0
1500.0 108.034041 32.778659 17.837444 0.837332 0.512445 373.109 0 0
1500.0 99.944184 19.211221 18.286011 0.783175 0.435162 363.191 0 0
1500.0 -1.719796 68.111275 17.979715 -1.076023 1.121790 367.593 0 0
1500.0 103.034976 22.159515 17.877487 0.758457 0.379525 373.537 0 0
1500.0 44.750970 25.656302 18.094065 -0.277805 0.532077 364.732 0 0
1500.0 35.527325 29.187643 18.050728 -0.391304 0.464240 373.655 0 0
1500.0 93.044075 58.901321 17.818504 0.477422 0.931916 376.319 0 0
1500.0 64.025919 -32.676164 17.932584 0.107811 -0.526466 380.081 0 0
1500.0 58.875976 -61.961095 17.869488 -0.007330 -1.001050 375.435 0 0
1500.0 8.565465 -44.199814 17.867896 -0.741518 -0.713577 377.365 0 0
1500.0 36.757222 -39.971955 17.880983 -0.347278 -0.685999 373.956 0 0
1500.0 37.963375 -44.153411 17.878869 -0.327736 -0.747922 374.157 0 0
1500.0 29.368970 -45.506979 17.878115 -0.427271 -0.714966 379.060 0 0
1500.0 83.849651 -58.943627 17.868413 0.366359 -0.952017 375.694 0 0
1500.0 40.854294 -31.627973 17.886398 -0.286334 -0.561733 373.503 0 0
1500.0 66.794112 -59.286812 17.871104 0.112117 -0.965303 375.130 0 0
1500.0 25.376661 35.398348 17.973583 -0.617748 0.555647 368.851 0 0
1500.0 51.643165 39.802109 18.074175 -0.169217 0.674759 369.325 0 0
1500.0 72.204879 78.278641 18.278849 0.277705 1.393433 369.005 0 0
1500.0 66.278711 65.061617 17.855322 0.183213 1.019337 376.507 0 0
1500.0 96.555943 26.935237 17.961502 0.679363 0.390774 375.164 0 0
1500.0 101.874186 -23.955607 17.961234 0.704113 -0.357896 380.416 0 0
1500.0 40.935588 -14.641745 18.039131 -0.256123 -0.257534 381.850 0 0
1500.0 39.309168 -6.640784 17.971398 -0.287200 -0.147610 381.691 0 0
1500.0 6.157185 -38.094922 17.945448 -0.801974 -0.627035 376.863 0 0
1500.0 84.062127 -2.994967 18.054547 0.462080 -0.116472 374.700 0 0
1500.0 120.289841 -23.104681 17.836057 1.001485 -0.290808 374.701 0 0
1500.0 41.048500 10.283836 17.892705 -0.293639 0.175651 381.577 0 0
1500.0 64.951914 31.661805 17.888150 0.044706 0.527288 374.371 0 0
1500.0 62.975746 62.467639 17.869303 0.013612 0.976618 376.287 0 0
1500.0 44.075965 41.635708 17.881044 -0.277093 0.676347 374.926 0 0
1500.0 22.717143 -25.145972 17.882211 -0.606870 -0.352397 374.827 0 0
1500.0 19.172680 47.732488 17.870801 -0.617723 0.720314 379.426 0 0
1500.0 69.532614 27.514478 17.871035 0.233936 0.395243 381.409 0 0
1500.0 79.641355 25.038111 17.869324 0.376341 0.361195 381.277 0 0
1500.0 120.212121 -11.216970 17.939778 0.982813 -0.146260 379.364 0 0
1500.0 91.846305 11.646672 17.955785 0.611806 0.196015 375.017 0 0
1500.0 51.424863 -9.162163 17.942547 -0.113789 -0.188355 382.520 0 0
1500.0 49.432703 -10.858400 18.047438 -0.154362 -0.180257 385.306 0 0
1500.0 41.603635 -58.347104 17.838194 -0.299735 -0.869896 380.539 0 0
1500.0 110.047427 -23.663965 17.803777 0.773047 -0.404575 380.751 0 0
1500.0 120.505676 -20.180147 17.796812 0.937794 -0.360253 379.656 0 0
1500.0 91.174512 -23.285236 17.811674 0.542430 -0.431023 375.595 0 0
1500.0 91.585593 -14.195230 17.879156 0.533329 -0.241464 382.340 0 0
1500.0 90.776998 -45.119067 18.017286 0.586556 -0.711323 377.987 0 0
1500.0 121.590469 12.501411 17.835476 1.041917 0.213501 377.257 0 0
1500.0 52.056321 6.979726 17.955853 -0.155398 0.120644 375.802 0 0
1500.0 65.021458 -1.655570 17.901013 0.085152 0.045821 375.628 0 0
1500.0 33.077425 38.706140 17.884313 -0.406763 0.664454 376.863 0 0
1500.0 63.242293 10.355315 17.899991 0.051051 0.208184 383.472 0 0
1500.0 90.141139 -32.959887 17.834333 0.562077 -0.525209 377.447 0 0
1500.0 72.268778 -3.842660 17.929916 0.276425 -0.027985 383.035 0 0
1500.0 79.983339 27.254216 17.921680 0.418299 0.444407 377.331 0 0
1500.0 95.974993 23.341635 17.873365 0.599928 0.435559 377.083 0 0
1500.0 67.157494 -32.682229 17.879714 0.166653 -0.581203 376.767 0 0
1500.0 65.782872 -62.846887 18.023295 0.134368 -1.032839 377.907 0 0
1500.0 62.651428 -63.927780 17.886521 0.093789 -1.025737 379.765 0 0
1500.0 78.280151 -62.866761 17.885624 0.321849 -0.994705 380.791 0 0
1500.0 46.481930 -64.995040 17.885637 -0.146311 -1.034961 380.198 0 0
1500.0 119.105855 13.500042 17.927469 0.995545 0.224404 379.836 0 0
1500.0 92.848010 -26.336880 17.941700 0.621585 -0.380334 377.941 0 0
1500.0 33.988676 60.034390 17.917540 -0.380704 0.925065 382.008 0 0
1500.0 122.261502 12.840456 17.930675 1.019583 0.218931 381.390 0 0
1500.0 64.504559 -17.204883 18.086271 0.142278 -0.302851 385.560 0 0
1500.0 73.032637 3.419892 18.014119 0.263623 -0.024092 378.146 0 0
1500.0 100.719742 49.762945 17.794542 0.679079 0.796745 381.069 0 0
1500.0 37.746265 24.425976 17.817816 -0.269811 0.440806 377.905 0 0
1500.0 64.121329 -54.925781 17.801949 0.154692 -0.879574 379.589 0 0
1500.0 118.489038 -12.552515 17.798530 0.933341 -0.219508 383.264 0 0
1500.0 2.392798 -3.011337 18.007298 -0.889030 -0.067017 380.525 0 0
1500.0 21.178386 0.231684 18.018845 -0.615270 -0.018319 379.442 0 0
1500.0 113.130484 101.653422 17.932830 0.992545 1.698043 374.960 0 0
1500.0 88.143178 21.769823 17.840891 0.475040 0.268677 386.909 0 0
1500.0 49.128703 -2.561914 17.880381 -0.178788 0.002322 386.412 0 0
1500.0 59.167610 -66.713868 17.807427 0.062481 -1.046245 382.305 0 0
1500.0 78.844604 15.546604 18.061210 0.369717 0.216238 389.112 0 0
1500.0 57.231224 -66.625001 17.911541 0.014146 -1.054296 382.895 0 0
1500.0 -8.080283 -108.472236 17.802900 -0.970001 -1.632166 384.609 0 0
1500.0 118.261961 -5.265191 17.860980 0.982684 -0.163338 377.535 0 0
1500.0 31.700873 50.304533 17.881055 -0.427643 0.829053 381.783 0 0
1500.0 92.465980 20.475724 17.941743 0.589622 0.428706 375.373 0 0
1500.0 113.617191 34.988989 17.860689 0.889758 0.522385 384.572 0 0
1500.0 109.401900 -39.844884 17.860892 0.846401 -0.583875 383.097 0 0
1500.0 72.435431 30.305139 18.138961 0.224979 0.530551 382.065 0 0
1500.0 120.477178 -7.602778 17.846116 1.004883 -0.150866 383.425 0 0
1500.0 100.547887 42.348468 17.899517 0.726379 0.637606 383.128 0 0
1500.0 43.663385 -72.864867 17.866159 -0.244300 -1.110370 386.199 0 0
1500.0 116.145486 -57.633518 18.000716 1.053472 -1.030464 376.001 0 0
1500.0 87.447345 52.139262 18.014007 0.477805 0.825297 386.122 0 0
1500.0 74.689288 -88.100818 18.028178 0.343018 -1.602042 374.734 0 0
1500.0 86.132724 7.672119 18.009869 0.532862 0.112909 382.476 0 0
1500.0 23.941348 54.011839 17.823471 -0.503788 0.885159 384.298 0 0
1500.0 16.669336 38.236654 17.829527 -0.622567 0.658649 383.265 0 0
1500.0 73.639490 53.379932 17.828752 0.245428 0.888129 383.364 0 0
1500.0 71.521794 19.249967 17.872691 0.186840 0.339153 389.148 0 0
1500.0 24.170877 49.752669 17.811106 -0.517286 0.828393 384.276 0 0
1500.0 34.182138 37.524759 17.824389 -0.342600 0.602560 388.752 0 0
1500.0 64.734480 63.648978 17.876172 0.094063 0.994418 387.442 0 0
1500.0 124.381319 110.396533 17.802726 0.981514 1.728371 385.291 0 0
1500.0 98.497234 52.437536 17.816326 0.618807 0.845484 386.249 0 0
1500.0 77.756866 51.822657 18.143043 0.274957 0.921586 376.824 0 0
1500.0 89.132245 -41.753779 17.805240 0.544280 -0.619804 384.726 0 0
1500.0 102.638507 -14.193914 17.907359 0.766761 -0.254357 383.776 0 0
1500.0 47.042025 47.850087 17.866117 -0.203612 0.727310 390.039 0 0
1500.0 1.928792 29.135126 17.853177 -0.891337 0.488021 386.258 0 0
1500.0 -2.927281 22.314471 17.853697 -0.934943 0.374113 388.340 0 0
1500.0 -31.923047 -66.714493 17.849451 -1.423926 -1.069148 385.292 0 0
1500.0 98.293874 -0.543322 17.968859 0.646997 0.016759 391.105 0 0
1500.0 115.347534 -9.959189 17.872179 0.898572 -0.134028 389.986 0 0
1500.0 89.926374 91.108808 17.965533 0.539882 1.536109 382.839 0 0
1500.0 105.919782 65.281928 17.849256 0.752204 1.026980 388.104 0 0
1500.0 78.893727 39.374287 17.986206 0.395398 0.669721 385.867 0 0
1500.0 124.277697 -6.477079 17.837765 1.040801 -0.060933 389.923 0 0
1500.0 -52.697142 215.153500 17.794886 -1.703043 3.202156 389.946 0 0
1500.0 66.418012 12.440031 17.947909 0.118670 0.241823 394.034 0 0
1500.0 29.968201 21.823314 17.890408 -0.504943 0.407888 384.541 0 0
1500.0 63.690854 -38.465232 18.139900 0.049337 -0.671101 383.185 0 0
1500.0 69.521626 74.097869 17.815674 0.159334 1.233816 386.974 0 0
1500.0 64.395014 65.667834 17.926378 0.106973 1.042027 390.778 0 0
1500.0 63.577421 65.814913 17.926357 0.094859 1.043564 390.820 0 0
1500.0 45.979043 -3.505530 18.079162 -0.225374 -0.085396 388.191 0 0
1500.0 -69.076086 21.900922 17.924048 -2.136488 0.416569 384.810 0 0
1500.0 62.715079 11.926736 17.929764 0.062960 0.260937 388.340 0 0
1500.0 37.367433 23.053705 17.923539 -0.330065 0.431590 388.760 0 0
1500.0 74.279416 -53.319593 17.852505 0.285775 -0.812618 395.199 0 0
1500.0 50.205864 -17.278714 17.870203 -0.063793 -0.325168 389.230 0 0
1500.0 103.016133 -14.671268 17.855421 0.748201 -0.279438 390.370 0 0
1500.0 47.430159 -36.984653 17.861942 -0.106208 -0.627439 389.811 0 0
1500.0 67.430194 -51.051471 17.852655 0.200926 -0.834428 390.652 0 0
1500.0 88.138083 -26.545228 17.907689 0.528471 -0.466561 391.556 0 0
1500.0 85.975400 55.163272 17.904846 0.379212 0.906173 391.628 0 0
1500.0 24.474588 54.369744 17.869674 -0.498474 0.888469 394.759 0 0
1500.0 77.104817 32.439982 17.886844 0.298623 0.578570 392.646 0 0
1500.0 35.752918 57.899219 17.870680 -0.330874 0.944687 394.519 0 0
1500.0 30.080617 54.368484 17.871492 -0.417086 0.893831 394.357 0 0
1500.0 73.230712 -39.402823 17.818877 0.260898 -0.688268 392.052 0 0
1500.0 83.499250 3.702151 17.973986 0.464930 0.135916 391.813 0 0
1500.0 42.279688 39.500043 18.045071 -0.299880 0.763637 389.951 0 0
1500.0 82.495929 50.277396 17.875277 0.325550 0.855342 394.803 0 0
1500.0 77.217652 -15.827243 17.848030 0.371870 -0.276535 397.042 0 0
1500.0 96.716163 61.404342 17.909112 0.693596 1.015162 395.666 0 0
1500.0 140.131822 22.659124 17.891927 1.412541 0.362765 395.038 0 0
1500.0 111.821300 -53.760599 18.023909 0.944787 -0.855589 400.179 0 0
1500.0 94.170921 5.457774 17.844182 0.593073 0.018851 402.761 0 0
