Total number of secondary electrons: 397
1500.0 91.400721 -9.492585 20.035323 0.779077 -0.182329 250.354 0 0
1500.0 90.732346 0.529939 19.279696 0.681117 0.003604 258.109 0 0
1500.0 53.996509 -1.693964 17.991260 -0.066713 0.047856 272.390 0 0
1500.0 43.945651 16.093817 17.987168 -0.222232 0.323375 272.651 0 0
1500.0 74.728216 58.661603 17.964625 0.246460 0.950620 274.861 0 0
1500.0 105.456546 43.898414 18.255860 0.844739 0.790009 276.040 0 0
1500.0 82.263163 13.404367 18.781177 0.437621 0.246370 276.367 0 0
1500.0 119.534638 -48.947798 17.936651 1.083300 -0.891734 276.366 0 0
1500.0 82.531421 -11.321190 18.286040 0.414548 -0.251028 278.050 0 0
1500.0 77.028553 -0.534991 18.539843 0.291653 0.044812 279.127 0 0
1500.0 73.755733 31.978933 17.982815 0.216245 0.513586 279.687 0 0
1500.0 98.563801 -7.716825 19.180650 0.819821 -0.085596 279.998 0 0
1500.0 97.503661 12.558303 18.396604 0.732375 0.217580 281.713 0 0
1500.0 189.586231 -4.443132 18.190193 2.475043 -0.034803 282.011 0 0
1500.0 87.181954 44.961674 17.965683 0.455514 0.757069 282.501 0 0
1500.0 70.966188 49.942092 17.947496 0.243547 0.828373 282.703 0 0
1500.0 14.134956 10.754766 18.097228 -0.703293 0.190256 283.052 0 0
1500.0 123.415356 39.519768 17.878875 1.080179 0.594963 283.148 0 0
1500.0 71.752372 23.555706 18.190594 0.192228 0.407684 283.219 0 0
1500.0 113.504076 -19.073880 17.829088 0.835894 -0.366144 283.512 0 0
1500.0 62.881750 65.855501 17.956899 0.084771 1.043553 284.409 0 0
1500.0 54.769440 -5.582812 17.996649 -0.090507 -0.037323 285.042 0 0
1500.0 67.654234 -43.072783 18.398669 0.210910 -0.798537 285.213 0 0
1500.0 68.799181 -65.257513 17.821786 0.149834 -1.034729 285.729 0 0
1500.0 74.549158 -0.420276 19.193307 0.439827 0.016780 286.109 0 0
1500.0 123.666877 5.981791 17.918807 1.038221 0.124595 286.665 0 0
1500.0 84.390554 -3.911976 18.296589 0.506119 -0.120647 286.644 0 0
1500.0 94.929956 -11.007977 18.306604 0.633607 -0.239758 286.888 0 0
1500.0 13.701669 16.661949 17.892345 -0.720633 0.195303 286.955 0 0
1500.0 73.988240 -53.825482 17.831208 0.219934 -0.841908 287.692 0 0
1500.0 -88.041842 -13.455961 17.812529 -2.276816 -0.203868 287.592 0 0
1500.0 50.569542 12.383898 18.034633 -0.179635 0.282663 287.551 0 0
1500.0 67.156182 -22.517606 18.420373 0.155867 -0.386048 287.758 0 0
1500.0 108.155802 15.883797 18.386502 0.901642 0.287405 287.891 0 0
1500.0 82.091426 -21.983002 17.900666 0.413478 -0.320968 288.010 0 0
1500.0 96.982301 0.698594 18.542216 0.731488 0.054255 288.058 0 0
1500.0 65.705569 -61.157569 17.880896 0.077166 -0.980329 288.324 0 0
1500.0 68.591675 -20.388241 17.848349 0.139550 -0.355159 289.243 0 0
1500.0 2.578322 -35.658995 17.877541 -0.860926 -0.588026 289.274 0 0
1500.0 34.018210 -62.047910 17.877442 -0.389856 -0.968773 290.036 0 0
1500.0 -14.511548 -13.082316 17.882500 -1.174113 -0.211434 290.020 0 0
1500.0 105.326300 25.624359 17.808948 0.763436 0.328037 290.573 0 0
1500.0 70.508274 8.014554 17.857106 0.274434 0.118391 290.457 0 0
1500.0 75.115560 -1.659524 17.856220 0.346230 -0.032978 290.514 0 0
1500.0 -42.963741 37.370770 17.858699 -1.655216 0.565482 290.835 0 0
1500.0 38.465183 0.455504 18.021439 -0.285900 -0.052873 290.988 0 0
1500.0 98.109508 -35.506444 17.885078 0.691038 -0.517130 291.365 0 0
1500.0 98.495133 -29.693637 17.839994 0.697677 -0.461971 291.808 0 0
1500.0 69.169149 30.334422 17.842912 0.209226 0.540378 291.577 0 0
1500.0 72.996128 -51.986776 17.838948 0.306362 -0.802271 291.919 0 0
1500.0 7.843939 -24.523801 17.887508 -0.752033 -0.406146 292.028 0 0
1500.0 116.577652 -3.998581 17.879947 0.962888 -0.036153 292.036 0 0
1500.0 67.001006 -2.365996 18.001808 0.191865 -0.107771 292.024 0 0
1500.0 72.469262 -29.567944 18.246099 0.317577 -0.510581 292.092 0 0
1500.0 42.079464 20.430368 18.332655 -0.240780 0.349436 292.055 0 0
1500.0 99.684394 46.733274 17.877421 0.702696 0.724570 292.518 0 0
1500.0 227.669668 -142.458362 17.817426 2.609271 -2.218575 292.451 0 0
1500.0 76.648810 -57.515444 17.834344 0.359070 -0.879081 292.497 0 0
1500.0 65.956961 -45.240271 17.894272 0.075932 -0.694765 292.715 0 0
1500.0 111.898551 -24.919246 17.860918 0.847475 -0.341951 292.713 0 0
1500.0 84.032355 60.656812 17.875857 0.464751 0.926653 292.996 0 0
1500.0 82.120924 -22.592227 18.294786 0.396147 -0.424014 293.006 0 0
1500.0 40.772243 -26.936578 17.986324 -0.295390 -0.542085 293.219 0 0
1500.0 12.312730 -51.153113 17.798462 -0.635111 -0.812679 293.667 0 0
1500.0 53.337554 51.141290 18.370656 -0.037609 0.952401 294.290 0 0
1500.0 71.815484 -18.505913 17.880661 0.265068 -0.243397 294.574 0 0
1500.0 83.368081 -56.528955 17.974974 0.428304 -0.911272 294.703 0 0
1500.0 99.177249 8.234375 18.102797 0.728072 0.088518 295.184 0 0
1500.0 81.290418 -64.028762 18.293792 0.455752 -1.133429 295.644 0 0
1500.0 78.581271 -14.659509 18.247577 0.442620 -0.238994 295.708 0 0
1500.0 73.224944 42.538530 18.271381 0.264336 0.710951 295.811 0 0
1500.0 62.720257 20.257088 18.309557 0.166135 0.377119 296.364 0 0
1500.0 96.260921 17.297938 18.306215 0.704455 0.291496 296.414 0 0
1500.0 87.300541 1.102818 18.306094 0.537865 0.085564 296.610 0 0
1500.0 65.212498 -1.409121 18.110611 0.107137 0.044518 297.093 0 0
1500.0 81.157816 -13.220907 18.690838 0.474486 -0.208199 297.323 0 0
1500.0 93.757456 1.603984 17.850361 0.574381 0.016258 297.566 0 0
1500.0 73.517113 -59.775717 18.005987 0.255021 -0.965829 298.026 0 0
1500.0 109.144743 -21.784908 17.825949 0.823353 -0.393548 298.246 0 0
1500.0 121.032295 17.429226 17.795979 0.990437 0.245355 299.034 0 0
1500.0 121.727947 -11.878229 17.828302 1.024404 -0.182417 298.898 0 0
1500.0 66.294637 -17.511821 18.235506 0.102976 -0.266976 299.086 0 0
1500.0 92.525708 -155.961854 18.228689 0.712133 -2.916620 298.404 0 0
1500.0 132.154125 37.446227 18.445728 1.436606 0.786697 298.400 0 0
1500.0 94.762068 15.326582 18.521417 0.707401 0.248175 299.325 0 0
1500.0 85.808978 8.942237 17.974483 0.519505 0.110908 299.336 0 0
1500.0 66.360814 35.661305 18.061888 0.186229 0.616742 299.538 0 0
1500.0 -19.751892 -17.183051 17.802868 -1.224910 -0.192566 299.580 0 0
1500.0 106.301500 -7.248197 18.423719 0.865873 -0.114884 300.428 0 0
1500.0 96.406164 -21.368073 18.110677 0.684281 -0.362101 300.392 0 0
1500.0 108.964287 13.788957 17.960777 0.861072 0.182363 300.552 0 0
1500.0 76.713872 52.378504 18.049876 0.338472 0.856900 300.732 0 0
1500.0 115.348213 20.411231 17.955233 0.946444 0.279411 301.349 0 0
1500.0 81.700239 -3.553029 17.820651 0.398677 -0.058999 301.886 0 0
1500.0 111.320356 -38.307628 17.827505 0.851855 -0.566447 302.282 0 0
1500.0 90.913052 0.683893 18.459026 0.644887 -0.017047 302.681 0 0
1500.0 41.298592 -1.272625 17.855961 -0.317780 0.033528 302.270 0 0
1500.0 74.695958 -0.989636 17.878113 0.343392 0.003047 302.021 0 0
1500.0 109.128956 4.473486 17.994671 0.858203 0.023117 303.402 0 0
1500.0 78.409687 5.782083 18.274989 0.427908 0.135891 303.240 0 0
1500.0 18.103790 13.104424 17.844359 -0.671755 0.255075 303.118 0 0
1500.0 79.620845 58.750099 17.832024 0.272135 0.939320 304.534 0 0
1500.0 67.549923 24.082861 18.133060 0.111727 0.391183 303.749 0 0
1500.0 98.423103 -1.325762 18.265634 0.734524 0.062433 303.869 0 0
1500.0 39.006815 18.743514 18.065630 -0.315460 0.344653 304.696 0 0
1500.0 94.738415 -22.821954 18.014918 0.664551 -0.322361 304.707 0 0
1500.0 77.433319 -19.620105 18.820751 0.431235 -0.360449 305.050 0 0
1500.0 75.936079 -46.012131 18.102810 0.321211 -0.768875 305.223 0 0
1500.0 107.609652 33.288634 17.844057 0.818789 0.536244 306.009 0 0
1500.0 76.216638 3.342954 17.979214 0.334087 0.021955 306.547 0 0
1500.0 65.501619 -8.003006 18.114397 0.073143 -0.162863 306.390 0 0
1500.0 47.795741 30.340300 18.480658 -0.186554 0.513810 306.460 0 0
1500.0 84.667588 13.384857 18.434002 0.529382 0.322037 306.152 0 0
1500.0 70.148295 10.406532 18.111589 0.267881 0.133998 307.782 0 0
1500.0 41.741829 116.304941 17.832455 -0.276335 1.792189 307.640 0 0
1500.0 65.972237 64.139468 17.846653 0.165276 1.018585 307.963 0 0
1500.0 89.709884 10.217291 18.349277 0.608057 0.196129 307.697 0 0
1500.0 91.290016 10.598489 18.036794 0.506303 0.232684 306.969 0 0
1500.0 77.448554 -1.579700 18.027278 0.353509 -0.095711 306.753 0 0
1500.0 25.983827 62.498682 17.819722 -0.450843 1.032359 306.677 0 0
1500.0 54.151103 -3.303944 18.016573 -0.052349 0.024901 307.306 0 0
1500.0 43.260231 22.469752 18.066645 -0.225036 0.361940 311.889 0 0
1500.0 122.026890 -2.566899 17.843072 0.996542 -0.004896 308.662 0 0
1500.0 96.268130 16.156793 17.858723 0.605763 0.259676 310.579 0 0
1500.0 108.888925 22.837377 17.855657 0.771615 0.384646 310.958 0 0
1500.0 119.655070 -8.078119 17.840682 0.939445 -0.064058 311.276 0 0
1500.0 118.085347 22.914719 17.835770 0.951014 0.396838 308.781 0 0
1500.0 69.914072 59.721886 17.838392 0.233141 0.956048 308.150 0 0
1500.0 43.532897 24.235485 18.028680 -0.183387 0.406143 314.536 0 0
1500.0 59.953776 44.326239 18.018424 0.049193 0.752241 308.137 0 0
1500.0 48.559729 60.190334 18.007427 -0.122130 0.974456 309.467 0 0
1500.0 107.143831 -5.137684 18.221688 0.856055 -0.046721 309.422 0 0
1500.0 109.159488 16.115095 18.218550 0.881199 0.269879 309.803 0 0
1500.0 99.910705 -45.544258 17.969764 0.659675 -0.753380 309.611 0 0
1500.0 5.220476 40.756283 17.900456 -0.798271 0.672808 310.353 0 0
1500.0 17.490244 53.137025 17.900225 -0.612373 0.850417 310.812 0 0
1500.0 78.124107 17.258507 17.926298 0.265368 0.306066 314.477 0 0
1500.0 47.935772 -22.116961 17.993673 -0.164024 -0.414248 308.425 0 0
1500.0 77.942096 32.576378 17.908923 0.281043 0.527610 315.299 0 0
1500.0 25.087306 41.804262 17.811093 -0.578573 0.664396 309.657 0 0
1500.0 26.421089 -32.942037 17.819854 -0.516986 -0.443535 314.866 0 0
1500.0 34.115993 27.874716 17.821381 -0.447006 0.458030 308.703 0 0
1500.0 97.220781 -5.798543 18.725247 0.758835 -0.114985 312.817 0 0
1500.0 78.602078 0.493123 18.347296 0.406978 0.028688 318.043 0 0
1500.0 17.398559 68.520861 17.886223 -0.697800 1.131664 308.514 0 0
1500.0 104.860467 31.013868 17.982351 0.765539 0.531769 311.713 0 0
1500.0 106.298160 35.092366 18.063091 0.818790 0.552167 312.876 0 0
1500.0 78.799269 21.605749 18.081531 0.421667 0.361946 310.909 0 0
1500.0 15.262407 -52.423274 17.802794 -0.713212 -0.750375 311.594 0 0
1500.0 43.402241 43.254454 17.914014 -0.264561 0.720405 311.090 0 0
1500.0 21.703605 0.806618 17.922017 -0.546020 0.063561 317.212 0 0
1500.0 20.710649 46.118649 17.904557 -0.602318 0.751612 312.193 0 0
1500.0 58.015611 47.724651 17.913080 -0.040432 0.787901 311.177 0 0
1500.0 74.810890 -24.732045 18.089406 0.246639 -0.442289 311.388 0 0
1500.0 75.246244 -26.499924 18.090085 0.228692 -0.423792 318.401 0 0
1500.0 82.813340 -17.904071 17.843561 0.426504 -0.344863 310.558 0 0
1500.0 103.070237 -14.751404 17.839847 0.725349 -0.217023 315.815 0 0
1500.0 76.170916 -4.476964 17.852139 0.359364 -0.073140 311.402 0 0
1500.0 88.853094 -16.537132 18.180512 0.535901 -0.245838 318.997 0 0
1500.0 90.507565 -65.132007 17.942459 0.537385 -1.120642 309.419 0 0
1500.0 82.118038 3.846124 17.900633 0.376219 -0.007802 318.451 0 0
1500.0 100.116944 -15.889416 17.858527 0.727391 -0.249785 312.401 0 0
1500.0 68.643664 -27.616831 17.868085 0.246145 -0.435235 311.645 0 0
1500.0 100.286979 50.863215 17.845133 0.708196 0.753764 314.404 0 0
1500.0 68.207734 -42.550485 18.254191 0.171675 -0.706323 313.887 0 0
1500.0 95.761070 -133.761753 18.015484 0.627406 -2.244076 309.560 0 0
1500.0 24.810829 -55.788472 17.821692 -0.478913 -0.884809 316.540 0 0
1500.0 70.487609 3.253169 17.849160 0.178510 -0.024248 319.443 0 0
1500.0 59.795372 -43.499437 17.836839 0.029560 -0.686485 318.483 0 0
1500.0 118.759703 -23.457368 17.821344 0.917536 -0.427514 314.389 0 0
1500.0 47.164668 -26.389552 17.842618 -0.164236 -0.488821 312.042 0 0
1500.0 139.598483 -20.156876 18.078609 1.420299 -0.346450 309.767 0 0
1500.0 95.469356 29.742480 17.958127 0.583134 0.530447 313.716 0 0
1500.0 72.820470 -28.985639 18.006863 0.276223 -0.518472 313.391 0 0
1500.0 23.126180 57.420958 17.846511 -0.488731 0.911157 316.841 0 0
1500.0 65.021854 -32.513108 17.995457 0.141706 -0.518903 320.309 0 0
1500.0 74.968848 3.925779 18.000790 0.311820 -0.011443 313.123 0 0
1500.0 1.709865 29.314140 17.893862 -0.870745 0.451662 318.051 0 0
1500.0 60.317834 -6.148681 17.920589 -0.026424 -0.065415 312.785 0 0
1500.0 4.561782 -12.145644 17.898746 -0.873718 -0.154866 314.551 0 0
1500.0 12.517429 -0.681696 17.904609 -0.759645 0.019670 313.952 0 0
1500.0 90.550392 14.452192 18.152204 0.563699 0.308603 311.973 0 0
1500.0 49.074562 -19.859793 18.054153 -0.149959 -0.372396 314.105 0 0
1500.0 55.890690 45.577386 17.814424 -0.098386 0.748628 314.276 0 0
1500.0 -5.373939 -23.215582 17.800204 -0.993828 -0.298123 317.546 0 0
1500.0 -3.872287 -28.354383 17.799767 -0.975438 -0.375041 317.290 0 0
1500.0 3.444608 11.721605 17.809227 -0.843312 0.209998 319.237 0 0
1500.0 5.008106 -15.120820 17.807970 -0.874831 -0.186331 314.936 0 0
1500.0 23.349043 50.972243 17.802232 -0.586665 0.812519 315.822 0 0
1500.0 66.066372 -46.555946 17.921318 0.087544 -0.773217 314.805 0 0
1500.0 34.085218 48.405935 17.921974 -0.425419 0.756045 315.285 0 0
1500.0 19.767036 -9.570860 17.932764 -0.593443 -0.116328 320.804 0 0
1500.0 88.889601 -23.631227 18.165651 0.554998 -0.343341 319.762 0 0
1500.0 44.708637 -19.686350 18.486562 -0.212011 -0.395389 309.095 0 0
1500.0 75.447038 10.679685 18.221334 0.290654 0.234929 315.194 0 0
1500.0 50.363520 -34.427644 18.205547 -0.081495 -0.597993 315.655 0 0
1500.0 83.106638 -11.157532 18.209102 0.417936 -0.245207 315.394 0 0
1500.0 25.836534 32.988295 18.047777 -0.547686 0.571495 313.171 0 0
1500.0 105.143743 11.244054 17.880700 0.744684 0.158980 320.618 0 0
1500.0 66.909028 11.029351 17.894690 0.223163 0.171786 314.111 0 0
1500.0 74.937534 -10.613383 17.963794 0.354631 -0.180080 314.645 0 0
1500.0 108.540401 -37.033904 17.939483 0.842179 -0.567245 317.242 0 0
1500.0 6.252301 -31.949699 17.901499 -0.790802 -0.502157 319.974 0 0
1500.0 18.599689 -47.928720 17.898193 -0.641293 -0.764618 316.961 0 0
1500.0 68.357490 -26.911531 17.943417 0.112444 -0.464707 314.851 0 0
1500.0 156.511739 -49.113620 17.813792 1.485432 -0.721933 320.474 0 0
1500.0 90.249740 -16.773262 17.873314 0.573057 -0.292723 315.818 0 0
1500.0 75.586587 20.799209 17.824728 0.228746 0.388073 316.010 0 0
1500.0 124.816245 -56.242910 17.815904 1.068565 -0.848782 318.857 0 0
1500.0 14.368762 10.421862 17.911720 -0.736390 0.161984 316.950 0 0
1500.0 21.575127 50.750264 17.900728 -0.613379 0.765474 318.267 0 0
1500.0 36.842092 14.872249 17.922820 -0.356168 0.209527 323.406 0 0
1500.0 90.659155 20.380021 18.163087 0.612806 0.328134 317.736 0 0
1500.0 57.320157 -76.238311 17.820756 0.029353 -1.166164 320.813 0 0
1500.0 6.287656 -44.319028 17.825105 -0.751429 -0.725429 320.013 0 0
1500.0 65.537700 25.208840 18.502127 0.132544 0.408233 318.768 0 0
1500.0 56.953298 -42.367270 17.925944 -0.002666 -0.666787 323.334 0 0
1500.0 77.964603 82.526772 17.818599 0.334641 1.281999 320.511 0 0
1500.0 93.729006 -8.646134 18.047494 0.585657 -0.222581 313.727 0 0
1500.0 120.018371 6.678285 17.845736 1.008871 0.174325 316.984 0 0
1500.0 81.103973 10.447618 18.058273 0.478592 0.196708 313.673 0 0
1500.0 94.021047 -17.385666 17.997777 0.591364 -0.263034 325.029 0 0
1500.0 76.249410 23.070604 17.930103 0.327674 0.338934 326.203 0 0
1500.0 43.651095 40.337593 17.872415 -0.197512 0.696264 318.847 0 0
1500.0 138.147429 1.975102 18.073408 1.387964 -0.008948 316.087 0 0
1500.0 57.633928 86.909685 17.827770 -0.056284 1.395937 319.718 0 0
1500.0 115.190931 -36.286106 17.829567 0.914246 -0.510927 322.673 0 0
1500.0 141.343210 21.117805 18.030965 1.486989 0.395262 314.282 0 0
1500.0 75.240131 -63.136534 17.915303 0.279421 -0.989904 323.930 0 0
1500.0 88.705318 -44.095844 17.925300 0.464171 -0.695847 325.597 0 0
1500.0 116.093043 -32.861651 17.914234 0.886570 -0.557021 322.965 0 0
1500.0 90.829440 -50.236217 17.918051 0.522887 -0.828307 321.758 0 0
1500.0 97.448546 -14.337924 17.931079 0.636624 -0.295277 320.270 0 0
1500.0 66.472346 -35.770966 17.935155 0.146258 -0.569991 326.528 0 0
1500.0 31.863059 -41.493334 17.872874 -0.427805 -0.652670 324.036 0 0
1500.0 75.692620 -49.321455 17.871470 0.214330 -0.783093 322.583 0 0
1500.0 54.189081 -33.431299 17.881928 -0.100923 -0.524492 325.464 0 0
1500.0 64.564381 48.662565 18.132626 0.173797 0.818137 320.656 0 0
1500.0 53.894170 -15.617933 18.132793 -0.140139 -0.290887 313.979 0 0
1500.0 65.926961 -38.984547 18.074382 0.101028 -0.746389 314.164 0 0
1500.0 52.892888 50.293413 17.801445 -0.043448 0.838237 321.754 0 0
1500.0 43.494208 64.800630 17.791530 -0.179211 1.012577 324.869 0 0
1500.0 111.054881 4.363613 17.803293 0.789609 0.123478 326.714 0 0
1500.0 102.508202 -5.109114 17.945545 0.761470 -0.117360 322.109 0 0
1500.0 107.254251 35.024599 18.066817 0.795705 0.588913 324.119 0 0
1500.0 84.707489 -39.366121 18.103523 0.504374 -0.634966 323.069 0 0
1500.0 102.582476 -35.381130 18.096621 0.765057 -0.567546 323.903 0 0
1500.0 98.721458 4.287297 17.928414 0.708596 0.035478 322.303 0 0
1500.0 85.578071 -51.603927 17.917307 0.497383 -0.808782 323.502 0 0
1500.0 118.915037 25.876237 17.912083 0.981577 0.353851 324.784 0 0
1500.0 101.174066 -39.759603 17.916502 0.731408 -0.628819 323.627 0 0
1500.0 102.890268 30.184648 17.921033 0.764257 0.428850 323.020 0 0
1500.0 87.203152 -43.896448 17.820701 0.506979 -0.715970 322.934 0 0
1500.0 110.386059 -39.904299 17.811929 0.828152 -0.629580 325.566 0 0
1500.0 47.357026 32.868810 17.837283 -0.211222 0.498993 328.670 0 0
1500.0 19.622095 -20.455943 17.831143 -0.660509 -0.276301 322.341 0 0
1500.0 51.116088 112.598200 17.821937 -0.095743 1.710699 326.948 0 0
1500.0 64.335222 35.212050 17.840855 0.108618 0.622935 322.894 0 0
1500.0 38.458325 63.214938 17.821836 -0.277060 1.000684 326.538 0 0
1500.0 147.152440 19.031567 18.082770 1.559060 0.330670 319.724 0 0
1500.0 7.234137 39.543026 17.797161 -0.764596 0.645426 327.262 0 0
1500.0 35.251797 -10.217272 17.820942 -0.383251 -0.085174 322.481 0 0
1500.0 19.939621 2.256224 17.816147 -0.561394 0.099200 329.484 0 0
1500.0 25.093096 87.265450 17.860329 -0.524693 1.483444 320.945 0 0
1500.0 91.377720 40.535296 17.868235 0.464198 0.677575 324.339 0 0
1500.0 38.698185 41.115129 17.873066 -0.316507 0.633853 329.756 0 0
1500.0 23.796422 31.798598 17.804978 -0.564984 0.560899 324.072 0 0
1500.0 21.045035 57.656809 17.810502 -0.509173 0.914079 327.145 0 0
1500.0 65.380433 -25.587839 17.923161 0.201485 -0.440106 320.023 0 0
1500.0 -2.162579 -27.983585 17.877491 -0.945510 -0.451505 327.052 0 0
1500.0 69.135642 23.893918 18.061525 0.171800 0.400181 331.649 0 0
1500.0 33.460077 -33.916388 17.951824 -0.380387 -0.595176 324.682 0 0
1500.0 52.718200 -65.996284 17.935156 -0.081316 -1.044250 327.394 0 0
1500.0 59.580440 -52.302112 17.944706 0.020446 -0.868340 325.367 0 0
1500.0 81.782632 -41.425249 17.950787 0.332091 -0.652578 330.460 0 0
1500.0 99.217182 63.232458 17.834653 0.626203 0.989955 328.377 0 0
1500.0 81.281928 65.091028 17.973549 0.461406 1.111078 321.023 0 0
1500.0 81.374612 -48.012156 17.850246 0.354402 -0.753709 330.350 0 0
1500.0 86.243534 38.975865 18.155629 0.464941 0.733431 319.871 0 0
1500.0 55.234331 10.743481 17.900954 -0.031150 0.219378 333.828 0 0
1500.0 109.646145 4.918823 17.880339 0.787261 0.122346 332.555 0 0
1500.0 97.445374 52.818692 17.867421 0.636020 0.831866 330.108 0 0
1500.0 85.343871 57.457085 17.870459 0.450652 0.885938 331.197 0 0
1500.0 124.241612 4.996139 17.867512 1.037638 0.128780 329.639 0 0
1500.0 119.845183 14.546240 17.869046 0.981814 0.272938 328.997 0 0
1500.0 96.503663 39.793428 17.858660 0.655726 0.641291 328.139 0 0
1500.0 86.247802 18.235749 17.866668 0.518055 0.293296 326.978 0 0
1500.0 34.340418 -42.769986 17.844632 -0.358988 -0.741534 327.296 0 0
1500.0 107.888149 4.913821 17.812473 0.753937 0.123297 333.350 0 0
1500.0 85.441337 45.300662 17.806937 0.466894 0.750231 328.469 0 0
1500.0 18.812094 52.664040 17.824838 -0.623636 0.841629 331.201 0 0
1500.0 52.603722 64.836798 17.826926 -0.120362 1.004171 332.408 0 0
1500.0 47.792262 19.089960 17.850754 -0.204154 0.361972 327.804 0 0
1500.0 11.856380 43.061828 17.828323 -0.710848 0.683896 332.713 0 0
1500.0 43.130833 29.852525 17.847461 -0.249496 0.477502 334.850 0 0
1500.0 26.526778 41.359798 17.837115 -0.489529 0.647916 333.915 0 0
1500.0 61.058434 55.180958 17.832717 0.002944 0.903502 329.369 0 0
1500.0 56.407604 58.605468 17.830139 -0.067592 0.950629 329.719 0 0
1500.0 67.078507 -6.333081 18.103951 0.224891 -0.092132 336.288 0 0
1500.0 87.415903 12.936447 18.012347 0.552016 0.206142 329.177 0 0
1500.0 110.151967 16.953426 18.137628 0.903593 0.254767 330.595 0 0
1500.0 54.343145 -18.258642 18.079171 0.009028 -0.350974 329.421 0 0
1500.0 48.145383 23.363255 17.940628 -0.195261 0.316302 336.586 0 0
1500.0 -4.558872 -14.231655 17.915463 -0.995513 -0.222389 331.858 0 0
1500.0 40.836114 -54.020011 17.922333 -0.323666 -0.830382 330.708 0 0
1500.0 79.152436 -38.179372 18.069414 0.322164 -0.651049 330.963 0 0
1500.0 86.314426 -47.361320 18.062057 0.426439 -0.782072 331.705 0 0
1500.0 70.925567 32.627890 17.862638 0.204857 0.588053 329.816 0 0
1500.0 35.657200 -41.393547 17.870482 -0.368438 -0.705646 331.013 0 0
1500.0 59.270440 -45.195038 17.874341 -0.005640 -0.704066 336.559 0 0
1500.0 26.552195 -40.793090 17.853973 -0.503325 -0.643965 335.100 0 0
1500.0 141.211128 -56.851820 17.879578 1.309775 -0.952151 331.081 0 0
1500.0 115.420553 12.724409 17.844715 0.889670 0.270723 331.970 0 0
1500.0 29.990797 -53.231136 17.999667 -0.423900 -0.867994 333.433 0 0
1500.0 96.739012 -19.242673 18.012222 0.589017 -0.366082 332.044 0 0
1500.0 69.476949 -12.640365 18.022737 0.173662 -0.268140 331.279 0 0
1500.0 72.405979 -13.007199 18.052573 0.221199 -0.249276 339.558 0 0
1500.0 93.225387 -40.289500 17.829815 0.610383 -0.589176 332.611 0 0
1500.0 93.868364 -4.822055 17.838874 0.628012 -0.046352 331.803 0 0
1500.0 84.358728 52.818659 17.824536 0.469801 0.828981 333.269 0 0
1500.0 131.298784 97.214743 18.000390 1.333868 1.633070 326.441 0 0
1500.0 87.526370 -1.314899 18.181203 0.505090 0.021992 341.925 0 0
1500.0 178.286697 12.052804 18.524140 2.303004 0.302330 324.007 0 0
1500.0 96.785338 -52.117744 17.901717 0.616972 -0.839778 337.640 0 0
1500.0 114.506536 -16.496868 17.906810 0.895984 -0.317389 336.416 0 0
1500.0 135.737443 -35.970847 17.985621 1.300807 -0.619768 334.087 0 0
1500.0 55.598927 -7.765985 18.132085 -0.002403 -0.215943 328.877 0 0
1500.0 62.336553 -28.287220 17.908707 0.115429 -0.458213 341.543 0 0
1500.0 69.639681 -33.854619 17.904297 0.233320 -0.571645 337.339 0 0
1500.0 80.137540 4.314348 17.992529 0.353635 0.143830 336.870 0 0
1500.0 131.051160 15.133790 18.033388 1.295309 0.314331 332.276 0 0
1500.0 40.163003 56.642826 17.855753 -0.325902 0.903190 339.406 0 0
1500.0 47.288674 -20.646474 17.878027 -0.225131 -0.274500 337.345 0 0
1500.0 -8.294534 -12.241766 17.850898 -1.037709 -0.136030 340.756 0 0
1500.0 14.791370 37.543488 17.856785 -0.711352 0.615716 339.252 0 0
1500.0 97.842157 -21.607179 17.952339 0.642045 -0.333872 344.806 0 0
1500.0 96.193249 8.535797 17.954092 0.671379 0.099920 339.258 0 0
1500.0 102.723809 -43.285000 17.938863 0.745882 -0.671589 341.499 0 0
1500.0 110.392396 -29.053862 17.941896 0.835512 -0.447739 343.441 0 0
1500.0 65.994867 66.735369 17.798444 0.178386 1.011813 343.637 0 0
1500.0 96.085862 30.814188 17.811812 0.532173 0.532593 340.310 0 0
1500.0 80.242351 21.350216 18.369852 0.491729 0.345998 340.141 0 0
1500.0 66.406170 30.638612 18.304949 0.202654 0.538163 342.256 0 0
1500.0 48.969062 17.137106 18.230896 -0.156272 0.292948 341.553 0 0
1500.0 176.257746 50.015230 17.948302 1.938454 0.865526 340.229 0 0
1500.0 70.792324 11.971062 18.122457 0.306685 0.209769 343.312 0 0
1500.0 79.452226 -31.375447 18.023883 0.342869 -0.505080 349.889 0 0
1500.0 111.243791 -35.409378 17.939145 0.892382 -0.571777 344.508 0 0
1500.0 46.206568 45.175785 17.826760 -0.129875 0.698382 351.129 0 0
1500.0 2.145590 -6.125180 17.808809 -0.927223 -0.076085 347.060 0 0
1500.0 13.471571 -13.396974 17.818338 -0.704042 -0.174214 351.797 0 0
1500.0 47.330107 25.907808 17.827682 -0.220880 0.379671 352.572 0 0
1500.0 74.934054 -49.514439 17.981021 0.248987 -0.821947 347.513 0 0
1500.0 76.342363 -35.766391 17.988952 0.374630 -0.571680 346.911 0 0
1500.0 104.239219 15.290955 17.983100 0.796052 0.209768 347.441 0 0
1500.0 -2.787491 2.588946 17.909321 -1.076090 0.025518 343.403 0 0
1500.0 76.909293 11.423977 18.211452 0.285372 0.225729 353.370 0 0
1500.0 86.487661 55.257659 17.977553 0.474288 0.891846 350.574 0 0
1500.0 61.840416 -39.225650 17.867973 0.031918 -0.611680 356.021 0 0
1500.0 88.322417 15.564723 17.842752 0.546866 0.256383 349.803 0 0
1500.0 78.043761 6.915427 18.178960 0.366188 0.047787 358.361 0 0
1500.0 55.443453 -29.479851 17.852624 0.031503 -0.492205 350.103 0 0
1500.0 74.885417 -36.503691 17.925145 0.249513 -0.583466 357.252 0 0
1500.0 58.899489 -66.135891 17.906154 0.025771 -1.040430 354.492 0 0
1500.0 44.758985 -43.817659 17.922295 -0.174647 -0.688733 357.000 0 0
1500.0 76.740947 -32.995890 17.902855 0.379960 -0.534570 349.802 0 0
1500.0 49.637182 -78.426280 17.833980 -0.094097 -1.231333 355.211 0 0
1500.0 104.677492 13.487998 17.987558 0.755301 0.300017 349.234 0 0
1500.0 93.039617 -41.868631 17.827504 0.556157 -0.618246 359.204 0 0
1500.0 112.290377 8.480118 18.157419 0.961132 0.070951 350.220 0 0
1500.0 32.108929 -14.084101 17.826766 -0.462823 -0.272825 354.161 0 0
1500.0 50.105354 -63.965256 17.805345 -0.175552 -1.010508 356.671 0 0
1500.0 56.686042 -38.091258 17.823048 -0.079539 -0.644099 354.439 0 0
1500.0 54.721722 5.241082 17.887224 -0.124276 0.072015 354.814 0 0
1500.0 70.674053 49.026737 18.067545 0.247215 0.812405 358.460 0 0
1500.0 67.578569 37.106503 18.075064 0.202572 0.639003 357.763 0 0
1500.0 89.302908 18.529580 17.913029 0.473283 0.377559 353.134 0 0
1500.0 64.495100 -67.767601 17.792439 0.027272 -1.029742 361.661 0 0
1500.0 43.784892 -63.663086 17.792423 -0.282479 -0.990898 360.192 0 0
1500.0 62.952884 -20.565401 17.818581 0.004978 -0.360743 357.291 0 0
1500.0 91.525940 30.738874 18.100288 0.639626 0.490856 357.512 0 0
1500.0 104.390658 -7.445495 17.838388 0.787762 -0.094529 359.508 0 0
1500.0 78.558555 10.012962 17.850748 0.396520 0.176542 358.535 0 0
1500.0 75.411923 62.488118 17.827182 0.334220 0.957836 361.062 0 0
1500.0 115.564520 22.304684 17.827773 0.939131 0.355161 360.923 0 0
1500.0 75.610099 -25.085153 17.888761 0.353469 -0.411921 360.817 0 0
1500.0 112.376523 -41.679893 17.823930 0.892195 -0.590849 361.720 0 0
1500.0 90.777078 -9.159779 17.927157 0.552854 -0.072413 361.312 0 0
1500.0 96.783626 54.070651 17.900700 0.663457 0.851884 365.812 0 0
1500.0 74.391108 38.766381 17.817594 0.307947 0.651122 364.935 0 0
1500.0 117.371873 -35.555858 17.801318 0.932863 -0.477792 367.687 0 0
1500.0 73.448185 -44.190196 17.826773 0.264988 -0.680247 372.144 0 0
1500.0 102.565566 -7.538896 17.881427 0.739231 -0.102408 370.396 0 0
1500.0 -4.734039 -15.466789 17.796987 -0.951756 -0.308708 371.326 0 0
1500.0 115.901926 -21.087055 17.815306 0.883645 -0.401046 370.703 0 0
1500.0 -19.779649 114.469529 17.824040 -1.215263 1.731403 373.654 0 0
1500.0 60.620969 -63.089782 17.868879 0.026950 -0.983107 377.240 0 0
