Total number of secondary electrons: 250
1500.0 83.079555 4.255181 20.916592 0.763422 0.097482 254.339 0 0
1500.0 104.183618 -19.298407 19.366409 1.073479 -0.460020 288.441 0 0
1500.0 81.279004 2.763662 19.394315 0.523584 0.090346 294.900 0 0
1500.0 75.995689 -2.693059 19.144339 0.464993 -0.103857 296.996 0 0
1500.0 98.270052 -10.503150 19.214564 0.812343 -0.185711 301.721 0 0
1500.0 70.697793 -18.805218 18.888940 0.275124 -0.313395 310.396 0 0
1500.0 43.931780 -27.347506 18.293681 -0.199044 -0.475066 312.422 0 0
1500.0 107.922059 -30.934100 19.358166 1.183594 -0.731786 313.792 0 0
1500.0 121.943966 -45.868801 18.245087 1.191676 -0.787895 314.240 0 0
1500.0 86.203931 10.481305 18.668110 0.594201 0.122025 317.913 0 0
1500.0 92.904987 5.687988 18.664484 0.709077 0.022938 318.027 0 0
1500.0 94.012800 -18.216857 18.662249 0.704540 -0.300619 318.419 0 0
1500.0 91.847171 -9.768325 18.194695 0.636877 -0.157053 318.967 0 0
1500.0 99.475878 -1.001112 18.424910 0.749913 0.037377 320.327 0 0
1500.0 104.522912 12.329599 18.420482 0.819713 0.234530 320.772 0 0
1500.0 41.156199 -28.286851 18.582596 -0.265732 -0.517066 322.874 0 0
1500.0 100.904558 -0.656319 18.192676 0.709538 -0.017188 324.985 0 0
1500.0 77.840838 -5.766029 18.202245 0.384543 -0.087285 325.779 0 0
1500.0 70.887349 4.591448 18.204149 0.288340 0.055078 325.919 0 0
1500.0 92.249418 28.487107 18.084986 0.567691 0.437770 326.882 0 0
1500.0 102.796732 -5.830407 18.284954 0.788030 -0.176478 327.430 0 0
1500.0 75.942101 -39.731257 18.272483 0.334505 -0.672286 327.661 0 0
1500.0 71.579559 11.436347 18.894098 0.376895 0.231368 329.012 0 0
1500.0 82.020242 1.969226 19.223680 0.545646 -0.041353 329.442 0 0
1500.0 71.178830 -12.421210 19.225887 0.390592 -0.249010 329.275 0 0
1500.0 1.459506 -35.444174 17.872280 -0.863635 -0.591137 331.688 0 0
1500.0 136.304066 13.736790 18.248542 1.409539 0.276354 332.230 0 0
1500.0 129.461350 4.316293 18.244712 1.251436 0.109109 333.002 0 0
1500.0 67.329064 -22.065459 18.326683 0.231601 -0.352794 333.436 0 0
1500.0 52.422087 -36.110187 17.890792 -0.153349 -0.583707 334.543 0 0
1500.0 86.996766 9.037900 17.882325 0.521490 0.180530 334.525 0 0
1500.0 176.284113 75.643678 18.002141 2.007562 1.300719 334.542 0 0
1500.0 79.495285 42.180081 17.873162 0.400365 0.686923 335.280 0 0
1500.0 70.075100 -9.770954 18.933360 0.338562 -0.175290 335.572 0 0
1500.0 75.801099 8.092682 18.894390 0.396776 0.164718 336.242 0 0
1500.0 76.029448 -2.313156 18.895031 0.399544 0.026448 336.292 0 0
1500.0 -77.818315 -49.018143 18.022951 -2.338877 -0.797978 337.284 0 0
1500.0 35.900890 -64.144744 17.870284 -0.390777 -0.972068 337.579 0 0
1500.0 94.206174 54.820562 17.860294 0.605386 0.851763 337.506 0 0
1500.0 85.328016 44.991204 18.095851 0.525313 0.850656 337.902 0 0
1500.0 88.828108 59.028291 17.860125 0.522283 0.908420 337.934 0 0
1500.0 106.398959 -34.655372 17.944192 0.736136 -0.597232 337.997 0 0
1500.0 93.710473 -16.652952 18.009694 0.570245 -0.282392 338.976 0 0
1500.0 101.151244 10.048592 18.201755 0.699745 0.182959 340.163 0 0
1500.0 52.667771 9.415441 18.023059 -0.132230 0.119487 340.635 0 0
1500.0 70.455883 40.947413 17.994117 0.280961 0.659274 340.861 0 0
1500.0 80.381977 28.682482 18.416621 0.437570 0.500298 341.328 0 0
1500.0 160.711703 18.704696 18.006747 1.791048 0.292920 341.297 0 0
1500.0 59.651755 -54.497811 18.086884 0.049484 -1.002692 342.229 0 0
1500.0 42.642915 -40.054810 17.956846 -0.209682 -0.632720 342.810 0 0
1500.0 89.660658 16.831569 17.935265 0.503019 0.287270 343.660 0 0
1500.0 77.936882 57.024553 17.803522 0.284995 0.937269 343.576 0 0
1500.0 121.781461 31.917683 17.969650 1.086294 0.462024 343.614 0 0
1500.0 36.695883 43.388124 17.934328 -0.373109 0.709250 344.292 0 0
1500.0 30.007576 42.409919 17.932599 -0.474058 0.692464 344.466 0 0
1500.0 37.694860 54.918930 17.927416 -0.353503 0.874718 345.096 0 0
1500.0 68.892924 54.512476 18.500861 0.227499 1.024443 344.970 0 0
1500.0 65.414989 65.669850 17.799722 0.093220 1.042263 345.213 0 0
1500.0 34.910333 17.444380 18.216908 -0.415078 0.249382 345.231 0 0
1500.0 21.982697 53.730016 17.801658 -0.541713 0.855939 346.006 0 0
1500.0 48.652695 61.349014 17.803919 -0.151451 0.960541 346.477 0 0
1500.0 58.185105 45.092121 17.967214 -0.023721 0.756578 347.191 0 0
1500.0 93.408713 12.670140 17.968391 0.624262 0.149731 347.635 0 0
1500.0 113.115328 -12.624224 18.535433 1.153870 -0.221080 347.825 0 0
1500.0 78.250449 33.355124 17.857648 0.329426 0.591736 348.444 0 0
1500.0 42.021250 37.656127 17.941126 -0.268122 0.571351 350.054 0 0
1500.0 26.527234 7.504537 17.945107 -0.483536 0.147207 350.377 0 0
1500.0 53.954954 66.044624 17.839874 -0.044007 1.044610 351.699 0 0
1500.0 101.318728 6.757912 18.888626 0.822427 0.140769 353.289 0 0
1500.0 88.499490 -11.484187 18.390683 0.597428 -0.134834 353.320 0 0
1500.0 84.461908 8.968794 18.615457 0.569499 0.148418 353.956 0 0
1500.0 104.149562 -13.033263 18.146582 0.805655 -0.164278 354.008 0 0
1500.0 67.062485 -1.606725 17.884986 0.191696 -0.088779 354.076 0 0
1500.0 74.684267 -34.701635 17.833562 0.335147 -0.538038 355.254 0 0
1500.0 98.168631 -15.978274 18.469739 0.751677 -0.256439 355.356 0 0
1500.0 47.261077 -17.383460 18.491137 -0.193822 -0.292991 355.426 0 0
1500.0 84.932240 -15.200476 18.002370 0.459899 -0.236986 358.117 0 0
1500.0 70.668281 18.694860 18.196910 0.227441 0.325237 358.996 0 0
1500.0 76.355888 8.442544 18.161175 0.353542 0.145773 360.230 0 0
1500.0 118.165679 19.858931 17.817459 0.944764 0.288619 359.689 0 0
1500.0 57.301817 -34.531638 17.975041 -0.080794 -0.535876 360.181 0 0
1500.0 37.988744 75.968154 17.941320 -0.387201 1.220447 360.912 0 0
1500.0 85.847251 43.839953 18.460940 0.505250 0.792419 360.721 0 0
1500.0 92.923538 -52.460517 17.987048 0.615944 -0.952950 362.503 0 0
1500.0 88.281408 18.287149 18.014516 0.439514 0.324698 363.909 0 0
1500.0 116.480309 37.718241 17.799554 0.838855 0.628508 363.707 0 0
1500.0 80.320445 -11.877463 17.956460 0.438123 -0.187759 364.014 0 0
1500.0 74.847462 11.976853 18.171743 0.251145 0.240797 364.965 0 0
1500.0 125.937892 130.253392 18.078250 1.247264 2.269246 363.915 0 0
1500.0 22.138697 36.619183 17.812529 -0.537417 0.589768 366.280 0 0
1500.0 64.008130 40.557396 18.162437 0.083897 0.672439 365.647 0 0
1500.0 77.039082 12.435701 18.109020 0.358025 0.143488 368.537 0 0
1500.0 72.489364 8.614246 18.110504 0.294706 0.090540 368.646 0 0
1500.0 96.897450 -8.754236 18.147792 0.620515 -0.177062 369.296 0 0
1500.0 114.998794 -26.686648 17.913483 0.932747 -0.420610 367.190 0 0
1500.0 102.926457 -24.345743 17.915951 0.761210 -0.408545 368.917 0 0
1500.0 88.992218 -17.243198 18.181854 0.586485 -0.311336 369.510 0 0
1500.0 81.250242 -47.573668 17.914610 0.458030 -0.764613 368.708 0 0
1500.0 99.163680 24.369911 18.731314 0.769634 0.477042 368.928 0 0
1500.0 92.316027 -4.696943 18.103331 0.572182 -0.165559 368.084 0 0
1500.0 183.749523 -0.661460 17.818672 2.035509 0.020204 370.761 0 0
1500.0 89.587179 -90.618780 18.011051 0.534167 -1.524253 369.830 0 0
1500.0 92.944488 -5.703330 18.684760 0.663479 -0.040804 372.428 0 0
1500.0 14.740091 -30.894924 17.892208 -0.727060 -0.478004 373.634 0 0
1500.0 40.536576 -36.076173 17.901269 -0.338316 -0.564208 372.790 0 0
1500.0 78.100072 -50.138341 17.836505 0.389760 -0.771273 373.821 0 0
1500.0 93.488700 -50.494966 17.830449 0.611841 -0.767073 374.721 0 0
1500.0 94.911740 -2.359792 18.022094 0.657294 -0.073257 374.240 0 0
1500.0 101.780621 -1.279589 18.018171 0.758676 -0.056413 374.575 0 0
1500.0 77.180889 76.022350 17.960467 0.290854 1.246312 374.566 0 0
1500.0 75.358102 32.861419 17.954831 0.333939 0.563027 374.984 0 0
1500.0 65.310323 4.355590 18.749947 0.229933 0.118386 378.971 0 0
1500.0 85.273245 9.555557 18.682526 0.535696 0.116265 379.677 0 0
1500.0 122.868610 -3.991883 17.826977 1.040431 -0.063766 375.686 0 0
1500.0 97.769941 17.722366 17.844477 0.633652 0.246598 379.199 0 0
1500.0 98.983839 -14.196242 17.844382 0.650902 -0.204984 379.190 0 0
1500.0 118.522896 -26.523440 17.826633 0.970188 -0.396922 376.070 0 0
1500.0 114.300307 -4.410631 17.835663 0.878782 -0.067385 378.292 0 0
1500.0 96.907396 38.959541 17.837865 0.627219 0.552123 378.548 0 0
1500.0 101.224869 7.415088 18.020885 0.689968 0.070045 380.300 0 0
1500.0 96.014014 19.666942 18.526637 0.727994 0.294916 377.049 0 0
1500.0 96.475772 -6.645597 18.577161 0.675399 -0.120630 382.985 0 0
1500.0 105.988303 10.239283 17.990602 0.822796 0.176727 376.617 0 0
1500.0 106.226707 14.258275 17.989788 0.825320 0.237449 376.705 0 0
1500.0 75.748463 70.371108 17.845404 0.305290 1.115483 377.978 0 0
1500.0 105.089829 17.856164 17.855317 0.801492 0.256211 376.256 0 0
1500.0 86.325690 -5.060572 17.850614 0.489762 -0.058195 379.637 0 0
1500.0 39.648402 -7.540556 18.049017 -0.293498 -0.131421 383.637 0 0
1500.0 98.222140 10.268474 18.294225 0.734065 0.123531 378.686 0 0
1500.0 43.798276 -18.714296 18.219493 -0.230810 -0.327555 377.924 0 0
1500.0 -7.851914 5.265349 18.005225 -1.089194 0.093990 376.501 0 0
1500.0 101.938821 10.070961 18.102007 0.800354 0.149806 376.638 0 0
1500.0 82.900969 -2.308509 18.641984 0.547876 -0.011942 380.834 0 0
1500.0 44.806207 -11.537686 17.848162 -0.282020 -0.201836 378.269 0 0
1500.0 65.433181 12.234327 17.850670 0.040764 0.170469 378.111 0 0
1500.0 39.014237 -49.728018 17.828537 -0.300197 -0.835116 380.794 0 0
1500.0 152.007172 -42.610723 17.908041 1.491778 -0.702644 381.530 0 0
1500.0 -12.716170 -16.655829 17.803172 -1.080686 -0.327145 383.466 0 0
1500.0 77.267572 -4.860920 18.235159 0.406511 -0.022686 382.892 0 0
1500.0 49.137658 -44.681880 17.952658 -0.171462 -0.740619 384.484 0 0
1500.0 76.010543 20.870339 17.953487 0.244388 0.357989 391.559 0 0
1500.0 121.402041 -17.462240 17.815205 0.998997 -0.310085 388.352 0 0
1500.0 19.811285 -16.902037 17.852067 -0.664133 -0.247830 386.960 0 0
1500.0 104.471246 3.308698 18.290718 0.816656 0.005728 389.935 0 0
1500.0 103.913440 -26.021536 18.215201 0.810484 -0.393395 390.118 0 0
1500.0 105.825241 19.021664 17.825969 0.806400 0.274840 390.064 0 0
1500.0 89.204751 -22.536725 17.835964 0.508231 -0.333280 395.657 0 0
1500.0 75.908157 -64.655749 17.817457 0.331394 -0.958848 393.349 0 0
1500.0 68.631370 -63.632408 17.818160 0.232602 -0.974707 391.184 0 0
1500.0 89.880793 -9.854940 17.873320 0.510923 -0.101848 396.026 0 0
1500.0 121.754367 52.788269 18.182294 1.152778 0.874200 386.453 0 0
1500.0 114.264677 18.453621 17.900736 0.941111 0.325056 391.123 0 0
1500.0 82.876625 15.623503 18.104021 0.467276 0.292852 392.074 0 0
1500.0 59.147986 2.997600 18.111932 0.096245 0.091385 398.684 0 0
1500.0 62.577532 -27.582544 18.326012 0.158175 -0.512042 389.793 0 0
1500.0 79.734914 -11.244998 18.192457 0.336410 -0.265434 384.947 0 0
1500.0 93.600225 11.663534 18.234413 0.654150 0.218494 394.697 0 0
1500.0 97.827092 53.064085 17.808473 0.575691 0.849522 396.957 0 0
1500.0 100.282492 29.745053 17.818505 0.641484 0.533093 393.776 0 0
1500.0 -6.152731 23.770888 17.807659 -0.950414 0.422850 396.634 0 0
1500.0 115.222225 -11.795925 18.194747 0.961896 -0.205667 397.429 0 0
1500.0 -44.981295 -195.077876 17.790920 -1.497709 -2.948718 397.907 0 0
1500.0 118.904603 6.100808 17.802509 0.970421 0.146850 396.608 0 0
1500.0 120.578587 21.253343 17.799662 0.965263 0.364558 398.695 0 0
1500.0 118.411069 4.151549 18.273797 1.125945 0.133863 390.272 0 0
1500.0 60.367565 93.501447 18.276290 -0.030029 1.742067 386.747 0 0
1500.0 81.032159 -13.487785 18.624889 0.521546 -0.201315 399.799 0 0
1500.0 89.015510 41.789093 17.939432 0.558000 0.659484 398.452 0 0
1500.0 112.786027 -10.281505 17.936446 0.914398 -0.131515 398.814 0 0
1500.0 63.115306 -23.055821 18.184501 0.154933 -0.422793 398.766 0 0
1500.0 67.997630 -7.183148 17.999113 0.131313 -0.164108 405.952 0 0
1500.0 65.255639 38.723805 18.297079 0.090741 0.685481 393.818 0 0
1500.0 73.547078 -53.585724 18.071844 0.271095 -0.879232 401.951 0 0
1500.0 124.105143 1.061677 17.802968 1.047553 0.031926 403.155 0 0
1500.0 108.497297 23.413128 17.810031 0.841055 0.373469 401.193 0 0
1500.0 109.389860 3.552462 17.815712 0.800026 0.066307 405.674 0 0
1500.0 123.457385 -10.997926 17.803201 1.033828 -0.145915 403.426 0 0
1500.0 116.332725 19.278712 17.805788 0.950558 0.307271 401.876 0 0
1500.0 106.615823 -43.129494 17.804619 0.800678 -0.631267 402.152 0 0
1500.0 59.330915 64.541124 17.806024 0.090986 0.990592 401.827 0 0
1500.0 89.200028 58.980844 17.804383 0.525101 0.878784 403.930 0 0
1500.0 67.111614 -69.971526 17.959334 0.154228 -1.144903 401.142 0 0
1500.0 84.311022 -51.850772 18.089248 0.468288 -0.872904 400.502 0 0
1500.0 60.577258 -30.049735 18.424729 0.111688 -0.532882 402.322 0 0
1500.0 82.561232 -8.199477 18.438424 0.508817 -0.231159 392.508 0 0
1500.0 107.698518 -7.070023 17.812502 0.818986 -0.058583 403.108 0 0
1500.0 106.982169 17.304968 17.810438 0.805300 0.314978 403.324 0 0
1500.0 90.032373 2.358046 17.821459 0.556913 0.084574 402.491 0 0
1500.0 101.881268 8.738957 17.961879 0.677862 0.176904 409.816 0 0
1500.0 95.160432 35.065704 17.926194 0.601079 0.529807 409.655 0 0
1500.0 84.970412 -32.748502 17.896449 0.451152 -0.604201 401.953 0 0
1500.0 41.044422 59.432456 17.894424 -0.291031 0.952028 406.945 0 0
1500.0 52.329201 42.708363 17.909655 -0.114119 0.657800 411.313 0 0
1500.0 54.963465 0.292603 17.957304 -0.047112 0.071164 412.550 0 0
1500.0 103.357002 -46.266932 17.967538 0.755062 -0.717067 408.704 0 0
1500.0 -4.416087 20.490513 17.876409 -0.988220 0.264928 408.340 0 0
1500.0 40.389844 10.583496 17.902859 -0.297493 0.109122 413.095 0 0
1500.0 -6.738648 4.016047 17.876410 -1.022932 0.018731 408.340 0 0
1500.0 21.973137 -56.057333 17.874957 -0.586784 -0.868552 409.146 0 0
1500.0 63.437696 -7.223132 17.904962 0.026992 -0.156124 405.385 0 0
1500.0 -5.313041 12.600416 17.818562 -1.006432 0.234027 410.676 0 0
1500.0 11.264232 -16.205040 17.832964 -0.720657 -0.186763 414.199 0 0
1500.0 72.600475 -26.217216 18.436978 0.231044 -0.430702 408.939 0 0
1500.0 111.712759 32.211572 17.805420 0.860040 0.430194 411.126 0 0
1500.0 98.925950 8.950046 18.101894 0.673217 0.119714 416.894 0 0
1500.0 44.442454 4.118510 18.052536 -0.319445 0.049377 403.178 0 0
1500.0 114.975439 20.170587 18.002941 0.935453 0.342469 412.645 0 0
1500.0 35.986167 43.597960 17.903333 -0.440406 0.691498 407.125 0 0
1500.0 21.039310 -8.246446 17.812061 -0.569133 -0.060796 417.517 0 0
1500.0 4.428760 -43.745608 17.790979 -0.851025 -0.594928 413.562 0 0
1500.0 -5.955374 12.716346 17.791054 -1.006725 0.249026 413.528 0 0
1500.0 8.274813 -72.583444 17.843262 -0.796982 -1.102018 414.704 0 0
1500.0 42.487811 -7.967814 17.822919 -0.213849 -0.195893 410.882 0 0
1500.0 86.055133 55.785663 17.837831 0.440168 0.910795 414.508 0 0
1500.0 116.036026 24.064750 17.929286 0.954048 0.353920 415.710 0 0
1500.0 97.910935 -42.312554 17.933278 0.691404 -0.643623 414.956 0 0
1500.0 57.587790 39.848384 17.943149 -0.018171 0.685243 414.330 0 0
1500.0 104.893841 28.729504 18.003199 0.746268 0.507632 417.955 0 0
1500.0 107.244225 24.450990 17.897889 0.759283 0.400230 422.467 0 0
1500.0 101.096941 31.474445 17.896184 0.716261 0.533595 418.098 0 0
1500.0 76.531371 6.360896 17.915156 0.314537 0.139280 424.005 0 0
1500.0 37.942601 -50.703563 17.864803 -0.346713 -0.869933 415.929 0 0
1500.0 53.315582 -26.922272 18.071394 -0.008216 -0.512706 412.359 0 0
1500.0 110.380812 -38.903781 17.829309 0.833466 -0.629479 420.870 0 0
1500.0 35.948678 -49.049559 17.839576 -0.281221 -0.803507 418.928 0 0
1500.0 61.385081 -2.527643 17.895891 0.121405 -0.026278 427.241 0 0
1500.0 38.551292 25.934076 17.868540 -0.376101 0.392575 420.044 0 0
1500.0 12.443127 -37.143310 17.851381 -0.761926 -0.572662 421.722 0 0
1500.0 47.117229 32.536326 17.884007 -0.156794 0.581196 420.247 0 0
1500.0 96.163976 124.145278 17.845487 0.671839 1.948512 421.689 0 0
1500.0 91.924273 2.285512 17.943044 0.543911 0.020074 430.714 0 0
1500.0 97.020232 -23.207782 17.826710 0.674128 -0.377462 423.131 0 0
1500.0 66.840490 -54.905459 18.262065 0.206836 -0.984828 419.185 0 0
1500.0 135.000723 -5.992074 17.976859 1.319856 -0.142432 421.638 0 0
1500.0 88.104862 -2.009469 17.959048 0.557098 -0.042064 425.283 0 0
1500.0 126.309920 13.665560 17.954542 1.218181 0.220479 421.452 0 0
1500.0 53.865337 -28.849842 17.919782 0.005976 -0.501897 426.185 0 0
1500.0 79.869192 -63.374587 17.865963 0.297549 -0.996089 433.628 0 0
1500.0 49.315313 -32.504187 17.886240 -0.158718 -0.574989 429.925 0 0
1500.0 81.854389 -22.818459 17.889322 0.312531 -0.384533 436.708 0 0
1500.0 33.287434 -47.929292 17.876594 -0.374397 -0.748714 435.549 0 0
1500.0 4.893004 17.562512 17.973312 -0.858130 0.246971 432.997 0 0
1500.0 -2.235287 -2.767159 17.843312 -0.951351 -0.105457 435.633 0 0
1500.0 -2.474358 2.289603 17.843397 -0.955160 -0.028885 435.620 0 0
1500.0 -6.930226 -17.711883 17.838455 -0.992829 -0.322160 437.603 0 0
1500.0 90.929009 -49.838005 17.844207 0.460403 -0.819918 435.500 0 0
1500.0 -68.233338 -71.244595 17.795894 -1.907181 -1.115263 439.918 0 0
1500.0 104.411001 47.285761 17.852910 0.693207 0.777521 441.223 0 0
1500.0 114.990012 15.780664 17.859375 0.868677 0.315614 439.817 0 0
1500.0 126.794592 -36.655489 17.821445 1.084434 -0.502531 442.423 0 0
