Total number of secondary electrons: 13
1500.0 68.530404 -5.157671 18.441176 0.240155 -0.153673 297.759 0 0
1500.0 23.448265 -24.613888 17.975135 -0.581861 -0.345361 300.766 0 0
1500.0 41.554583 33.273795 17.978926 -0.276654 0.494983 307.159 0 0
1500.0 46.896369 0.194336 17.986722 -0.200315 0.032155 307.745 0 0
1500.0 16.539343 -21.735375 17.972298 -0.685418 -0.300047 301.007 0 0
1500.0 50.477755 -35.130669 18.325038 -0.102536 -0.672247 297.530 0 0
1500.0 31.399720 -25.740461 18.183275 -0.430881 -0.417458 305.151 0 0
1500.0 19.437547 17.951609 17.935716 -0.653515 0.304513 308.555 0 0
1500.0 118.441260 -7.445559 18.040554 0.999927 -0.121396 311.431 0 0
1500.0 18.756636 37.574607 17.983303 -0.633326 0.615795 318.746 0 0
1500.0 55.584080 62.313815 17.851504 -0.064256 0.964775 326.160 0 0
1500.0 50.469020 -51.596692 17.830365 -0.097053 -0.863353 325.590 0 0
1500.0 95.849367 -54.368590 17.820943 0.574768 -0.871988 328.121 0 0
