Total number of secondary electrons: 1426
1500.0 85.277931 -2.992385 21.202784 0.844297 -0.042027 246.194 0 0
1500.0 94.889659 -6.755164 18.242042 0.910081 -0.111958 270.536 0 0
1500.0 89.826014 -7.676869 15.482678 0.635403 -0.057739 289.092 0 0
1500.0 86.833482 0.383485 16.718509 0.727699 -0.032538 291.778 0 0
1500.0 133.171596 -14.286309 16.551631 1.647330 -0.280351 296.393 0 0
1500.0 120.311656 -21.164389 16.475725 1.381418 -0.459640 301.659 0 0
1500.0 83.684395 -12.967016 16.533247 0.631393 -0.250541 305.492 0 0
1500.0 24.332425 14.523740 14.517622 -0.472495 0.141494 310.181 0 0
1500.0 15.116075 -26.728709 14.535651 -0.586913 -0.393960 310.979 0 0
1500.0 106.317058 11.896693 15.303050 0.779350 0.116714 313.738 0 0
1500.0 97.743510 -6.564481 15.143162 0.633473 -0.141391 316.492 0 0
1500.0 117.677095 22.290401 16.712006 1.216599 0.369801 319.310 0 0
1500.0 28.247376 -14.437998 14.643007 -0.370268 -0.208575 320.716 0 0
1500.0 91.357928 -4.403390 16.448416 0.666729 -0.083610 322.329 0 0
1500.0 87.392847 -4.036888 16.353266 0.616176 -0.042952 323.507 0 0
1500.0 125.359365 1.851403 15.021887 0.896714 0.040037 325.503 0 0
1500.0 101.170229 0.920516 16.030598 0.680499 0.039806 326.352 0 0
1500.0 95.800956 0.491917 16.098252 0.598797 0.016550 327.549 0 0
1500.0 40.553056 -11.358725 15.270426 -0.238388 -0.138140 327.974 0 0
1500.0 43.587413 -24.129792 15.281025 -0.201127 -0.293080 328.110 0 0
1500.0 103.552270 -16.518435 15.953444 0.690042 -0.233250 328.382 0 0
1500.0 91.054353 -11.322248 16.409641 0.598114 -0.168544 328.455 0 0
1500.0 112.336241 21.829184 15.633920 0.794856 0.328924 328.496 0 0
1500.0 80.492678 -8.180616 16.728639 0.470644 -0.148138 329.638 0 0
1500.0 143.906226 0.480024 16.427428 1.448982 0.038945 330.061 0 0
1500.0 94.581044 -11.530536 16.227243 0.565438 -0.126417 330.782 0 0
1500.0 83.999824 14.045078 16.781703 0.464834 0.209113 331.221 0 0
1500.0 80.498215 -0.835299 16.722219 0.465717 -0.003014 334.488 0 0
1500.0 81.830192 -1.219542 17.634073 0.560880 0.012148 335.796 0 0
1500.0 96.924062 33.599759 15.704774 0.473373 0.470174 335.868 0 0
1500.0 73.255673 -71.870720 15.874293 0.189863 -0.908789 336.794 0 0
1500.0 1.390361 41.873546 15.798124 -0.679909 0.562248 337.141 0 0
1500.0 105.335722 -11.580043 16.083179 0.614331 -0.198861 337.650 0 0
1500.0 114.582588 -35.382524 15.832148 0.728915 -0.465809 337.775 0 0
1500.0 49.491038 20.162767 15.878908 -0.060649 0.296186 337.782 0 0
1500.0 92.738299 13.159631 17.479764 0.627684 0.190304 337.953 0 0
1500.0 65.404355 -4.633403 16.990648 0.198721 -0.098250 338.085 0 0
1500.0 5.129088 60.969577 15.896925 -0.625193 0.779037 338.456 0 0
1500.0 130.883812 -17.494353 15.889206 0.917115 -0.247472 338.556 0 0
1500.0 122.105976 -38.646228 15.892205 0.811714 -0.500259 338.596 0 0
1500.0 110.569580 -13.657277 17.263293 0.911839 -0.236735 339.788 0 0
1500.0 56.179025 -15.302182 16.132910 0.016276 -0.247449 340.059 0 0
1500.0 88.206222 80.282818 16.021491 0.349275 0.988255 340.073 0 0
1500.0 49.102407 -7.550373 16.383754 -0.133794 -0.120411 340.130 0 0
1500.0 142.794488 17.217825 16.030467 1.041362 0.151766 340.450 0 0
1500.0 76.351781 -7.838152 17.207708 0.393435 -0.136127 340.719 0 0
1500.0 73.681939 3.746883 17.560637 0.368614 0.097922 340.906 0 0
1500.0 92.194366 -9.369869 16.537815 0.465448 -0.176617 341.027 0 0
1500.0 81.921864 -0.128626 17.227145 0.459725 0.040688 341.362 0 0
1500.0 133.824915 -39.302931 16.108395 0.920381 -0.491320 341.455 0 0
1500.0 124.068814 -17.576461 16.272009 0.854005 -0.259368 341.467 0 0
1500.0 84.775697 11.365328 17.515472 0.469311 0.154496 341.491 0 0
1500.0 119.585187 4.052454 16.448651 0.837297 0.034538 341.858 0 0
1500.0 54.258996 3.541859 17.136863 -0.011706 0.118759 341.886 0 0
1500.0 95.464711 -13.475316 16.539702 0.579041 -0.143084 342.277 0 0
1500.0 92.623160 1.409365 17.127576 0.641248 0.100506 342.388 0 0
1500.0 103.091320 -32.455885 16.307705 0.607478 -0.444386 342.478 0 0
1500.0 49.430867 -0.021085 16.455725 -0.188585 0.011286 342.620 0 0
1500.0 78.802272 18.620943 17.435800 0.344903 0.269179 342.876 0 0
1500.0 124.026923 -39.883913 16.274387 0.787908 -0.486195 343.561 0 0
1500.0 87.674031 -0.441528 17.329020 0.540480 -0.004874 343.662 0 0
1500.0 11.604097 11.601257 16.452423 -0.668047 0.185694 343.737 0 0
1500.0 105.236963 -56.490061 16.307069 0.573197 -0.670543 343.969 0 0
1500.0 112.498938 -44.643983 16.331349 0.652580 -0.535641 344.269 0 0
1500.0 59.705663 34.330877 16.454016 0.017887 0.429236 345.400 0 0
1500.0 78.613532 12.139834 17.536281 0.356506 0.193163 346.028 0 0
1500.0 80.928500 -19.294210 17.436441 0.437801 -0.270534 346.143 0 0
1500.0 81.525230 15.070253 17.900733 0.484766 0.217101 347.076 0 0
1500.0 69.432927 -40.994219 16.743716 0.106072 -0.609053 347.230 0 0
1500.0 91.958387 -23.289940 16.924037 0.507505 -0.335043 347.718 0 0
1500.0 35.079568 22.800423 16.744863 -0.278995 0.285583 348.209 0 0
1500.0 118.901443 -10.540297 16.846871 0.841503 -0.163311 348.220 0 0
1500.0 67.055011 6.380735 17.932426 0.243128 0.137728 348.215 0 0
1500.0 64.770176 10.183036 17.711674 0.198860 0.154992 348.341 0 0
1500.0 80.244635 17.740515 17.955218 0.411386 0.279273 348.358 0 0
1500.0 99.041027 -1.146178 17.759375 0.721772 -0.071548 348.433 0 0
1500.0 93.211291 -10.050083 17.292934 0.541782 -0.176305 348.563 0 0
1500.0 26.457743 3.864464 16.779839 -0.452364 0.037527 348.583 0 0
1500.0 98.652972 40.663331 16.871717 0.560545 0.560201 348.622 0 0
1500.0 105.092716 -0.046397 17.057398 0.676916 0.041321 349.168 0 0
1500.0 32.971869 30.452940 16.981508 -0.350993 0.398731 349.916 0 0
1500.0 71.660317 9.768291 18.160601 0.302175 0.232490 350.751 0 0
1500.0 79.494977 -2.836702 18.014674 0.417269 -0.092444 350.890 0 0
1500.0 13.279565 78.099885 16.758748 -0.602634 1.070545 350.901 0 0
1500.0 74.758086 -19.284522 17.664794 0.345983 -0.289815 351.251 0 0
1500.0 66.363217 -16.579744 17.835684 0.181857 -0.224032 351.357 0 0
1500.0 63.331858 -32.699127 17.404745 0.161777 -0.538943 351.589 0 0
1500.0 117.234741 -16.452175 17.804140 1.147555 -0.304537 351.661 0 0
1500.0 77.632811 6.571970 18.342450 0.470659 0.108430 351.830 0 0
1500.0 102.221791 -12.115588 17.892822 0.766949 -0.247985 351.813 0 0
1500.0 58.661802 42.404773 17.092425 0.027817 0.640300 352.253 0 0
1500.0 41.094457 -22.878664 16.997827 -0.195421 -0.369543 352.326 0 0
1500.0 33.788509 -19.320224 17.042646 -0.366841 -0.278125 352.736 0 0
1500.0 114.897336 -37.622002 16.975022 0.741627 -0.548292 352.985 0 0
1500.0 100.851831 -31.836877 17.722937 0.820024 -0.588726 353.069 0 0
1500.0 91.009276 -11.931195 17.239613 0.534632 -0.178007 353.260 0 0
1500.0 98.792924 10.452330 17.657120 0.668405 0.136387 353.630 0 0
1500.0 58.780800 23.313113 17.340262 -0.018618 0.382684 353.629 0 0
1500.0 98.642968 4.163740 17.973920 0.684457 0.029145 353.825 0 0
1500.0 105.065168 -19.303827 17.129212 0.705938 -0.253437 353.907 0 0
1500.0 17.528554 -19.401385 17.141212 -0.621014 -0.309264 354.125 0 0
1500.0 64.611765 14.257798 17.418198 0.153885 0.198202 354.394 0 0
1500.0 115.527987 9.408782 17.951036 0.986473 0.183123 354.536 0 0
1500.0 93.170643 6.879309 18.576718 0.670049 0.067505 354.657 0 0
1500.0 103.394455 63.017772 17.053818 0.667553 0.963596 354.889 0 0
1500.0 125.697338 -4.964889 18.576982 1.351907 -0.134380 355.187 0 0
1500.0 126.379142 5.183949 17.178602 1.002656 0.135258 355.229 0 0
1500.0 56.200201 8.992688 17.367578 -0.099613 0.190188 355.463 0 0
1500.0 92.146514 23.570152 17.407445 0.562172 0.317639 355.533 0 0
1500.0 82.181320 -7.009926 18.114071 0.429487 -0.148193 355.735 0 0
1500.0 108.360152 -26.343574 17.087273 0.706703 -0.408647 355.931 0 0
1500.0 97.727274 -7.155321 18.337629 0.780203 -0.167075 356.414 0 0
1500.0 85.708407 -22.653029 17.488805 0.483790 -0.307393 356.715 0 0
1500.0 57.151603 14.934712 17.398452 0.042081 0.218557 357.105 0 0
1500.0 111.340958 1.732022 17.906315 1.038777 0.002369 357.123 0 0
1500.0 99.854226 3.175472 17.438786 0.674676 0.080856 357.169 0 0
1500.0 84.373454 -6.733334 18.350590 0.516728 -0.129358 357.537 0 0
1500.0 90.518041 -54.718634 17.155987 0.516864 -0.738479 357.669 0 0
1500.0 75.672443 24.390049 17.911552 0.321895 0.379621 357.986 0 0
1500.0 98.332282 14.939528 17.946799 0.649723 0.247764 358.052 0 0
1500.0 63.858018 8.740588 17.743414 0.089138 0.119921 358.158 0 0
1500.0 58.508826 -13.462074 17.222860 0.049311 -0.245467 358.174 0 0
1500.0 61.741421 -76.438327 17.186077 0.083626 -1.040521 358.435 0 0
1500.0 50.177520 -37.996999 17.238732 -0.065781 -0.581063 358.795 0 0
1500.0 75.579200 28.405062 17.444807 0.259571 0.465840 358.879 0 0
1500.0 90.852463 3.137088 17.944700 0.569265 -0.006038 359.606 0 0
1500.0 41.145249 14.653228 17.345769 -0.236046 0.274366 359.610 0 0
1500.0 79.846687 12.603085 17.777117 0.429157 0.178964 359.743 0 0
1500.0 43.103741 6.514919 17.678033 -0.210219 0.072714 359.939 0 0
1500.0 80.458121 7.872553 18.564614 0.437482 0.083762 359.952 0 0
1500.0 66.184240 17.041793 17.439637 0.099303 0.259935 360.088 0 0
1500.0 38.761439 -13.205137 17.681034 -0.268702 -0.194623 360.064 0 0
1500.0 96.325645 31.115647 17.561619 0.580727 0.556762 360.294 0 0
1500.0 77.310483 -29.146662 17.718364 0.289274 -0.523077 360.731 0 0
1500.0 39.176077 -66.542859 17.298097 -0.211314 -0.947559 360.819 0 0
1500.0 75.596455 5.548656 17.454908 0.296653 0.013848 360.856 0 0
1500.0 67.495443 -56.737376 17.309118 0.081154 -0.820783 360.947 0 0
1500.0 51.550287 -42.561953 17.357053 -0.146426 -0.664078 361.014 0 0
1500.0 70.031792 -38.121964 17.693334 0.178308 -0.571812 361.171 0 0
1500.0 69.266116 -43.372661 17.287774 0.201287 -0.659009 361.225 0 0
1500.0 103.870463 63.198803 17.442790 0.747138 1.005891 361.248 0 0
1500.0 20.344036 25.870630 17.336451 -0.537593 0.452092 361.411 0 0
1500.0 108.350874 -25.700635 17.353290 0.761387 -0.322501 361.494 0 0
1500.0 83.409748 -39.035703 17.591841 0.385611 -0.612808 361.580 0 0
1500.0 92.657327 -35.183342 17.334019 0.534219 -0.537165 361.633 0 0
1500.0 39.898567 -53.599822 17.301161 -0.207314 -0.795447 361.805 0 0
1500.0 77.060323 -18.220655 18.343117 0.344778 -0.287837 361.924 0 0
1500.0 97.654812 -9.525724 17.329281 0.577601 -0.066361 361.994 0 0
1500.0 -8.342787 12.794277 17.338838 -0.942032 0.222664 362.036 0 0
1500.0 35.988082 63.464692 17.339729 -0.340951 0.909157 362.067 0 0
1500.0 112.621916 -10.944473 17.310512 0.822779 -0.167409 362.186 0 0
1500.0 85.440348 -1.585756 17.665853 0.499027 0.015211 362.290 0 0
1500.0 89.875470 41.544741 17.365150 0.477326 0.670065 362.410 0 0
1500.0 68.799214 19.047413 17.956336 0.138902 0.329680 362.608 0 0
1500.0 93.639427 -53.861598 17.363452 0.538971 -0.783624 362.821 0 0
1500.0 95.851470 58.853719 17.393481 0.577622 0.824081 362.977 0 0
1500.0 79.379516 12.403641 18.202545 0.358056 0.218683 363.016 0 0
1500.0 108.090069 -31.320261 17.391749 0.674421 -0.429286 363.058 0 0
1500.0 95.518643 -37.104376 17.345156 0.519088 -0.473223 363.144 0 0
1500.0 74.866362 -15.162021 18.296741 0.291557 -0.226987 363.186 0 0
1500.0 85.445473 -0.013225 18.199857 0.516591 -0.053166 363.265 0 0
1500.0 108.236901 14.271241 17.916306 0.926213 0.205019 363.376 0 0
1500.0 73.034621 -7.534213 18.873432 0.377565 -0.156861 363.435 0 0
1500.0 129.892942 -1.902579 17.406447 1.030592 0.004812 363.412 0 0
1500.0 82.870874 -23.802659 18.204889 0.480902 -0.368353 363.493 0 0
1500.0 90.536658 -5.196779 18.212392 0.553651 -0.153278 363.665 0 0
1500.0 91.224986 -63.237674 17.350257 0.515241 -0.873827 363.715 0 0
1500.0 64.947665 -69.318796 17.598058 0.149467 -1.123552 363.731 0 0
1500.0 57.794878 16.071030 17.992113 0.034170 0.235208 363.921 0 0
1500.0 99.196164 -18.662491 17.923155 0.691492 -0.261411 364.217 0 0
1500.0 54.891324 -58.725239 17.424634 -0.065888 -0.878609 364.152 0 0
1500.0 65.550441 11.338821 17.664052 0.113581 0.219086 364.301 0 0
1500.0 133.554972 6.078143 17.378520 1.053603 0.017076 364.586 0 0
1500.0 97.430568 -5.681222 17.629705 0.649251 -0.065332 364.773 0 0
1500.0 119.105511 13.708341 18.241888 1.181055 0.229158 364.976 0 0
1500.0 118.416530 -42.428942 17.393898 0.842945 -0.613097 365.046 0 0
1500.0 110.555620 -45.353368 17.453428 0.737684 -0.684643 365.030 0 0
1500.0 104.124523 34.490052 17.951601 0.889087 0.656486 365.079 0 0
1500.0 112.176068 9.585170 17.752891 0.838161 0.174827 365.550 0 0
1500.0 81.828066 -8.195893 18.586490 0.476372 -0.172563 365.602 0 0
1500.0 78.083944 -13.421380 18.222359 0.326623 -0.216546 365.756 0 0
1500.0 61.081944 6.182718 18.513337 0.144762 0.126312 365.741 0 0
1500.0 81.159011 2.835744 18.716000 0.438658 0.076261 365.944 0 0
1500.0 63.466462 8.977598 17.583721 0.151349 0.171629 365.995 0 0
1500.0 139.976741 -16.456437 17.813373 1.332354 -0.287424 366.238 0 0
1500.0 24.641211 -26.225083 17.534469 -0.463643 -0.443056 366.471 0 0
1500.0 122.976123 -21.437804 17.973015 1.156531 -0.443295 366.529 0 0
1500.0 77.944648 -21.026692 18.304124 0.407895 -0.377291 366.733 0 0
1500.0 20.092721 56.726455 17.587638 -0.599917 0.940577 366.711 0 0
1500.0 99.457701 33.307245 17.793367 0.655936 0.514699 366.757 0 0
1500.0 84.631420 -13.265951 19.174283 0.603525 -0.206139 366.793 0 0
1500.0 79.956614 -64.620099 17.459150 0.367311 -0.886974 367.037 0 0
1500.0 78.165138 -2.769052 18.304038 0.384717 -0.017774 367.121 0 0
1500.0 99.048618 4.341535 17.567546 0.646695 0.092578 367.230 0 0
1500.0 104.660974 -5.999603 17.755740 0.745821 -0.047236 367.480 0 0
1500.0 93.993445 45.700648 17.678723 0.528444 0.702880 367.518 0 0
1500.0 88.436687 22.143952 17.630332 0.511859 0.281225 367.803 0 0
1500.0 85.053118 -15.731584 18.003704 0.455916 -0.290288 367.894 0 0
1500.0 63.878120 -20.087595 18.217307 0.149212 -0.295682 368.008 0 0
1500.0 67.572533 4.090393 18.041015 0.213597 0.092603 367.958 0 0
1500.0 67.991198 -47.541597 17.546336 0.175593 -0.649264 368.234 0 0
1500.0 86.328558 -0.509460 17.593774 0.418115 0.021990 368.493 0 0
1500.0 25.449215 -6.917081 17.601112 -0.515658 -0.032385 368.523 0 0
1500.0 100.354915 -32.413421 17.510808 0.607479 -0.529540 368.609 0 0
1500.0 94.977817 -9.611241 19.033538 0.790738 -0.217937 368.565 0 0
1500.0 143.940831 -4.534135 18.346023 1.563079 -0.053736 368.614 0 0
1500.0 103.944221 34.144894 17.557798 0.687808 0.548651 368.705 0 0
1500.0 107.333066 -18.254781 17.645904 0.768873 -0.362813 368.838 0 0
1500.0 16.550154 -16.893181 17.604811 -0.633805 -0.193712 368.878 0 0
1500.0 88.502229 -25.079273 17.706646 0.428555 -0.372291 368.964 0 0
1500.0 66.004955 7.499729 17.550547 0.140201 0.046548 369.152 0 0
1500.0 73.881573 -14.999236 17.981585 0.270549 -0.279815 369.193 0 0
1500.0 126.475518 4.399751 17.611575 1.054112 0.085265 369.346 0 0
1500.0 92.239867 51.162679 17.728974 0.494880 0.799849 369.432 0 0
1500.0 91.561021 18.045161 18.133592 0.615907 0.336326 369.378 0 0
1500.0 100.330817 -34.728099 17.570712 0.599973 -0.562152 369.524 0 0
1500.0 115.826177 -26.711072 17.660903 0.877630 -0.402060 369.670 0 0
1500.0 114.248864 16.136341 17.623469 0.829909 0.248500 369.723 0 0
1500.0 91.363244 39.621612 17.759278 0.508115 0.643091 369.922 0 0
1500.0 112.786770 -27.299232 17.577410 0.771607 -0.454295 369.949 0 0
1500.0 52.388449 24.304119 17.826316 -0.020721 0.436131 370.029 0 0
1500.0 71.278976 19.153877 18.254770 0.223139 0.292771 370.120 0 0
1500.0 49.012295 63.650619 17.627811 -0.168329 0.932949 370.348 0 0
1500.0 49.142365 -44.019176 17.875009 -0.130599 -0.672900 370.609 0 0
1500.0 70.545603 40.237951 17.785424 0.246123 0.629891 370.564 0 0
1500.0 68.999150 -45.531086 17.981934 0.228104 -0.765988 370.727 0 0
1500.0 51.770864 11.582797 18.000556 -0.080526 0.218112 370.737 0 0
1500.0 74.844801 18.480400 18.236153 0.370222 0.304833 370.877 0 0
1500.0 95.375423 -24.026133 17.777893 0.620030 -0.374360 371.175 0 0
1500.0 112.060716 -7.655676 17.683508 0.800837 -0.071307 371.258 0 0
1500.0 58.355598 37.664887 17.872721 -0.022084 0.568945 371.374 0 0
1500.0 83.946113 -10.771469 18.219278 0.451450 -0.122012 371.556 0 0
1500.0 101.428110 17.021837 18.171435 0.729221 0.275205 371.660 0 0
1500.0 88.719914 14.393730 18.151730 0.571655 0.191312 371.595 0 0
1500.0 87.282001 19.297468 18.051296 0.530392 0.310699 371.665 0 0
1500.0 106.730099 -7.516129 17.797600 0.786807 -0.091159 371.822 0 0
1500.0 39.332153 23.916814 17.849169 -0.254987 0.396195 371.900 0 0
1500.0 107.964788 9.821078 17.824216 0.880663 0.106860 371.945 0 0
1500.0 98.926130 -44.275607 17.723652 0.659505 -0.714046 371.955 0 0
1500.0 93.623485 -62.763565 17.617615 0.488028 -0.926564 371.990 0 0
1500.0 92.840983 -1.718555 17.943809 0.526732 0.018357 372.003 0 0
1500.0 125.211772 15.084961 17.697730 0.991832 0.254690 372.129 0 0
1500.0 116.588605 -1.238419 17.834137 0.916752 -0.035236 372.132 0 0
1500.0 65.534756 -4.040949 18.044852 0.201000 -0.119893 372.120 0 0
1500.0 49.511132 39.156008 18.092533 -0.121190 0.719807 372.338 0 0
1500.0 34.800116 -61.944062 17.594533 -0.294473 -0.937598 372.864 0 0
1500.0 74.641378 12.150445 17.749306 0.188404 0.203750 372.690 0 0
1500.0 123.627660 41.836708 17.937921 1.154521 0.721748 372.856 0 0
1500.0 46.131401 30.559203 17.720637 -0.234527 0.460808 372.925 0 0
1500.0 49.980117 30.203302 17.870116 -0.185898 0.543552 372.968 0 0
1500.0 45.047918 -70.202301 17.642951 -0.173736 -1.013863 373.030 0 0
1500.0 89.332641 -21.773082 17.712543 0.510168 -0.375490 373.076 0 0
1500.0 34.322693 36.374611 17.800054 -0.416602 0.555420 373.048 0 0
1500.0 64.392882 -7.774462 18.816280 0.200401 -0.149905 373.174 0 0
1500.0 84.992818 -27.284195 17.773729 0.403064 -0.468491 373.136 0 0
1500.0 104.597031 16.006512 17.715074 0.728361 0.173915 373.471 0 0
1500.0 93.748759 -3.886876 18.313360 0.626183 -0.112741 373.536 0 0
1500.0 79.038885 11.496919 18.560993 0.381124 0.195457 373.569 0 0
1500.0 53.666771 18.286647 17.980109 -0.091248 0.267333 373.630 0 0
1500.0 74.260944 -32.835075 18.059139 0.314440 -0.534606 373.709 0 0
1500.0 102.659978 41.824340 17.860115 0.709741 0.634792 373.985 0 0
1500.0 78.442577 -23.678413 18.557109 0.439926 -0.383152 374.017 0 0
1500.0 89.526713 52.689468 17.635064 0.514156 0.788015 374.060 0 0
1500.0 42.151828 -27.853136 17.896678 -0.268933 -0.388394 373.993 0 0
1500.0 24.952114 17.190857 17.897675 -0.517072 0.265313 374.237 0 0
1500.0 71.871640 19.682521 17.796564 0.301168 0.318571 374.324 0 0
1500.0 39.119632 -35.908447 17.695620 -0.276861 -0.601089 374.464 0 0
1500.0 94.335900 42.336160 17.733679 0.567319 0.670968 374.589 0 0
1500.0 83.501966 -4.411389 19.043343 0.556711 0.006880 374.638 0 0
1500.0 80.464936 -11.427063 18.077493 0.390871 -0.161975 374.879 0 0
1500.0 137.076431 10.491691 18.354946 1.453439 0.119877 374.942 0 0
1500.0 15.548542 -22.097511 17.824786 -0.667129 -0.425250 375.013 0 0
1500.0 62.389607 -3.823835 18.538234 0.152841 -0.119684 375.042 0 0
1500.0 84.897900 -6.554711 18.132513 0.512017 -0.063812 375.285 0 0
1500.0 57.859287 6.906488 17.889301 -0.045802 0.106407 375.271 0 0
1500.0 75.654656 10.578772 17.778628 0.333978 0.197712 375.294 0 0
1500.0 85.981619 -8.746980 17.819325 0.430506 -0.142203 375.404 0 0
1500.0 30.628422 -19.621175 17.781826 -0.391238 -0.361712 375.417 0 0
1500.0 86.467901 -35.865516 17.721295 0.371422 -0.531889 375.683 0 0
1500.0 109.873572 10.113121 17.941398 0.843718 0.238485 375.668 0 0
1500.0 88.450002 -7.714437 18.670880 0.606473 -0.143129 375.698 0 0
1500.0 78.063257 29.965017 18.243909 0.398748 0.484539 375.698 0 0
1500.0 63.916884 8.488757 17.833421 0.146892 0.078365 375.798 0 0
1500.0 81.110011 -5.367145 18.323573 0.439672 -0.142514 375.750 0 0
1500.0 12.005595 50.303514 17.730579 -0.697971 0.750087 375.895 0 0
1500.0 56.820692 -13.245275 18.064300 -0.037541 -0.168675 375.900 0 0
1500.0 89.628547 -17.130334 17.784038 0.453046 -0.321404 376.006 0 0
1500.0 101.897082 18.454269 18.137343 0.746089 0.291122 376.199 0 0
1500.0 74.023905 -27.160877 18.298374 0.262313 -0.441404 376.337 0 0
1500.0 45.839844 69.112663 17.710541 -0.200036 1.027551 376.385 0 0
1500.0 88.273135 -41.792325 18.217544 0.592920 -0.815445 376.485 0 0
1500.0 45.900682 -10.970946 17.749946 -0.154942 -0.205595 376.523 0 0
1500.0 72.548789 16.817919 18.796574 0.314063 0.293497 376.661 0 0
1500.0 110.860648 30.975814 17.776884 0.817117 0.494321 376.709 0 0
1500.0 49.154909 17.735654 18.166462 -0.122417 0.374035 376.893 0 0
1500.0 65.295052 -20.584222 18.179509 0.143478 -0.321664 376.954 0 0
1500.0 80.869659 10.454701 18.366611 0.460648 0.201803 377.184 0 0
1500.0 106.494744 14.722216 17.960186 0.798511 0.187334 377.295 0 0
1500.0 88.658189 13.850321 17.733431 0.527247 0.187063 377.471 0 0
1500.0 85.135089 -8.727293 18.071735 0.449692 -0.106086 377.517 0 0
1500.0 100.475744 38.875372 17.835734 0.661239 0.622402 377.550 0 0
1500.0 109.647830 -16.814257 17.698124 0.760382 -0.318177 377.514 0 0
1500.0 39.259944 -39.756156 17.721440 -0.263506 -0.653307 377.502 0 0
1500.0 82.701911 7.683529 18.194868 0.463761 0.168286 377.726 0 0
1500.0 58.602456 28.699954 17.889003 0.060070 0.489072 377.679 0 0
1500.0 91.974114 12.983126 17.744215 0.578183 0.196891 377.725 0 0
1500.0 47.973993 50.567437 18.115265 -0.109370 0.896820 377.795 0 0
1500.0 113.494599 -21.472504 17.965935 0.888859 -0.328764 378.094 0 0
1500.0 82.472592 28.013834 18.243839 0.459666 0.459932 378.245 0 0
1500.0 82.659351 -38.357868 18.119129 0.411148 -0.621502 378.201 0 0
1500.0 108.605965 23.029108 17.867376 0.806049 0.375107 378.231 0 0
1500.0 65.191448 56.917452 17.874850 0.092454 0.942479 378.221 0 0
1500.0 117.975694 -1.509845 17.772342 0.881469 -0.025829 378.326 0 0
1500.0 84.635366 61.518383 17.834443 0.439485 0.922873 378.487 0 0
1500.0 13.046327 -50.849489 17.801351 -0.649118 -0.787971 378.540 0 0
1500.0 100.206848 16.182820 18.122506 0.729035 0.237996 378.544 0 0
1500.0 72.845686 50.276332 17.852852 0.179397 0.811395 378.622 0 0
1500.0 77.589450 35.258745 18.206770 0.306644 0.572561 378.686 0 0
1500.0 91.443586 61.408188 17.903043 0.595878 1.027873 378.816 0 0
1500.0 33.065570 11.225521 18.672349 -0.425399 0.257987 379.097 0 0
1500.0 77.870342 13.672656 18.740773 0.415270 0.195528 379.262 0 0
1500.0 73.058985 57.647261 17.772514 0.240833 0.836860 379.230 0 0
1500.0 117.329814 6.056560 17.750978 0.932183 0.092641 379.197 0 0
1500.0 79.779494 15.981818 18.846742 0.413304 0.325085 379.335 0 0
1500.0 61.061574 -67.825685 17.714663 0.049460 -1.034412 379.416 0 0
1500.0 91.428842 -27.506358 17.998707 0.575565 -0.444499 379.465 0 0
1500.0 96.862095 -2.056644 17.838772 0.588877 -0.010447 379.640 0 0
1500.0 141.639798 -14.099164 18.036768 1.442765 -0.223849 379.618 0 0
1500.0 53.871666 9.659621 17.836397 -0.064412 0.218078 379.707 0 0
1500.0 61.694149 -66.490196 17.766653 0.128097 -1.038066 379.739 0 0
1500.0 60.946137 14.050954 17.836237 0.041333 0.283501 379.763 0 0
1500.0 90.431641 -9.763879 17.844337 0.502475 -0.112125 379.839 0 0
1500.0 119.198453 22.658333 17.756760 0.949857 0.329244 379.877 0 0
1500.0 58.758383 -38.990278 17.957276 0.067475 -0.647995 379.900 0 0
1500.0 72.982395 -25.321562 17.924225 0.260958 -0.445444 379.935 0 0
1500.0 87.717657 4.269796 17.835678 0.439648 0.136860 380.013 0 0
1500.0 92.801963 -20.996704 17.957502 0.567745 -0.364551 380.211 0 0
1500.0 84.305634 10.673692 18.629298 0.477548 0.173831 380.219 0 0
1500.0 97.583225 12.902216 18.358085 0.669275 0.249209 380.240 0 0
1500.0 88.954507 -21.540687 17.794107 0.520036 -0.367579 380.264 0 0
1500.0 118.801960 -30.368992 17.761188 0.938493 -0.426771 380.301 0 0
1500.0 122.666402 33.877691 17.741221 0.985468 0.471902 380.522 0 0
1500.0 85.356783 -33.317366 17.924375 0.440057 -0.558979 380.476 0 0
1500.0 38.779809 -9.659414 17.940854 -0.286883 -0.213252 380.458 0 0
1500.0 126.003827 6.335291 17.764343 1.036906 0.094786 380.572 0 0
1500.0 92.379300 26.667147 17.835331 0.504767 0.466283 380.581 0 0
1500.0 14.872609 8.530722 17.969080 -0.675944 0.127614 380.719 0 0
1500.0 38.084593 -1.984445 18.237562 -0.285638 -0.061046 380.803 0 0
1500.0 32.946231 29.717205 17.802760 -0.396794 0.508745 380.738 0 0
1500.0 87.218065 -5.195528 17.781730 0.476148 -0.012974 381.024 0 0
1500.0 89.568818 39.427090 17.777280 0.490950 0.544472 381.328 0 0
1500.0 69.184560 -39.670994 17.858534 0.242498 -0.621584 381.321 0 0
1500.0 12.545752 -61.547210 17.738744 -0.727627 -0.967848 381.390 0 0
1500.0 91.941421 43.269153 17.803643 0.473013 0.701603 381.528 0 0
1500.0 103.307151 -37.242583 17.797358 0.718688 -0.588796 381.593 0 0
1500.0 25.734347 48.867571 17.837996 -0.471505 0.781738 381.639 0 0
1500.0 82.008280 -17.155071 18.111771 0.462400 -0.283489 381.567 0 0
1500.0 81.227042 26.345621 17.802229 0.425579 0.381386 381.623 0 0
1500.0 114.700147 14.104536 17.797450 0.841304 0.195041 381.680 0 0
1500.0 125.622375 -15.319747 17.779754 1.015608 -0.208693 381.676 0 0
1500.0 73.395482 -58.936719 17.798035 0.283210 -0.902536 381.723 0 0
1500.0 68.648400 -61.118779 17.798562 0.214022 -0.932930 381.817 0 0
1500.0 73.688120 47.576505 17.763051 0.162097 0.733781 381.834 0 0
1500.0 27.673492 33.884442 17.860099 -0.451323 0.487338 381.859 0 0
1500.0 110.748332 45.421127 17.783508 0.805549 0.636383 381.909 0 0
1500.0 106.194970 10.746208 18.069850 0.807446 0.145740 382.009 0 0
1500.0 75.345850 6.775091 17.857104 0.317788 0.163925 382.046 0 0
1500.0 109.438330 18.223184 18.144450 0.922527 0.245347 382.241 0 0
1500.0 122.517108 9.259884 18.054777 1.062676 0.211818 382.410 0 0
1500.0 84.090351 16.165755 18.420271 0.504268 0.288333 382.476 0 0
1500.0 45.862596 24.218662 17.972615 -0.170412 0.434507 382.403 0 0
1500.0 68.270386 4.209761 17.992225 0.160796 0.135686 382.468 0 0
1500.0 62.125717 -15.513231 17.907358 0.138334 -0.277719 382.467 0 0
1500.0 106.298520 55.486238 18.146003 0.855430 0.956414 382.481 0 0
1500.0 47.801771 -16.198189 18.094323 -0.153841 -0.300738 382.508 0 0
1500.0 55.439182 14.973097 17.890503 0.022836 0.244770 382.642 0 0
1500.0 43.773410 60.260077 17.862084 -0.212547 0.941008 382.649 0 0
1500.0 36.664322 15.765388 18.066627 -0.338696 0.279962 382.747 0 0
1500.0 80.252410 5.921751 17.888278 0.377780 0.055153 382.778 0 0
1500.0 52.614969 26.768666 18.066506 -0.101769 0.443196 382.774 0 0
1500.0 119.980136 14.115899 17.801759 0.920984 0.198408 382.917 0 0
1500.0 41.043998 -31.058822 18.092634 -0.252483 -0.517898 382.944 0 0
1500.0 83.001789 -42.252207 18.045801 0.506741 -0.741323 382.850 0 0
1500.0 28.876856 0.818596 18.115291 -0.523784 0.027821 382.959 0 0
1500.0 75.265493 -53.221306 17.857696 0.354269 -0.846184 383.066 0 0
1500.0 72.060691 14.937576 18.506763 0.260881 0.253333 383.424 0 0
1500.0 128.006336 1.155380 17.814180 1.047681 -0.029605 383.572 0 0
1500.0 76.991979 -32.075304 18.159025 0.317094 -0.541989 383.157 0 0
1500.0 54.901219 -1.916927 18.349575 -0.044753 -0.028151 383.181 0 0
1500.0 17.719191 -36.803179 17.979891 -0.627444 -0.596380 383.462 0 0
1500.0 34.031069 77.325097 17.811025 -0.450384 1.178862 383.219 0 0
1500.0 106.911795 30.872747 18.026115 0.772708 0.561184 383.469 0 0
1500.0 81.845722 -47.112833 18.191990 0.477704 -0.799292 383.325 0 0
1500.0 80.043042 5.579797 18.925678 0.470114 0.061239 383.625 0 0
1500.0 49.114988 12.034571 17.801924 -0.216573 0.191048 383.648 0 0
1500.0 71.621859 -13.500569 18.070011 0.182532 -0.251918 383.746 0 0
1500.0 96.882981 0.467621 19.032622 0.758778 0.032368 383.883 0 0
1500.0 76.633494 -24.546550 17.807231 0.326816 -0.415651 383.823 0 0
1500.0 122.241651 88.528678 17.787112 1.005607 1.300027 383.930 0 0
1500.0 70.364889 -2.473535 17.988464 0.181369 -0.107845 384.070 0 0
1500.0 63.722624 2.043133 17.944160 0.063710 0.096483 384.068 0 0
1500.0 30.340457 65.464662 17.815614 -0.368578 1.055887 384.033 0 0
1500.0 118.629507 1.927312 17.813525 0.955720 -0.008574 384.108 0 0
1500.0 72.601714 45.752826 18.053952 0.241359 0.742161 384.324 0 0
1500.0 59.741792 -75.959599 17.844767 0.080777 -1.191279 384.308 0 0
1500.0 96.169820 20.816607 17.834815 0.582526 0.284400 384.423 0 0
1500.0 75.052854 -0.917745 17.984927 0.251982 0.053395 384.482 0 0
1500.0 82.066690 -11.631072 17.840107 0.447969 -0.182543 384.444 0 0
1500.0 15.301006 17.078884 17.851379 -0.698453 0.210948 384.505 0 0
1500.0 118.573154 17.458624 17.871170 0.953168 0.289746 384.616 0 0
1500.0 117.893634 -57.441348 18.349442 1.170421 -1.016317 384.586 0 0
1500.0 100.978721 -15.116407 18.275974 0.741851 -0.265049 384.728 0 0
1500.0 92.621993 -24.202516 18.274588 0.618954 -0.400110 384.750 0 0
1500.0 51.991510 42.796633 18.023382 -0.141816 0.736163 384.713 0 0
1500.0 80.773509 24.771964 17.844785 0.373696 0.335713 384.826 0 0
1500.0 123.912146 16.946057 17.782378 1.017352 0.235161 384.836 0 0
1500.0 41.550011 -42.980510 17.811296 -0.187014 -0.675762 384.983 0 0
1500.0 37.842397 42.018594 17.890197 -0.384980 0.658191 385.293 0 0
1500.0 85.276099 22.742485 18.139452 0.566194 0.383821 385.431 0 0
1500.0 116.335647 -11.100628 17.938967 0.945087 -0.179080 385.573 0 0
1500.0 59.540399 23.643665 18.088379 0.067365 0.433905 385.559 0 0
1500.0 54.004940 14.824082 17.888723 -0.129406 0.202758 385.529 0 0
1500.0 31.900201 -17.052353 18.106317 -0.495522 -0.247615 385.723 0 0
1500.0 82.939584 3.299436 18.141293 0.423156 0.073239 385.758 0 0
1500.0 34.813633 48.302593 17.931858 -0.369342 0.784497 385.739 0 0
1500.0 57.915641 -19.360013 17.984847 0.030562 -0.325583 385.877 0 0
1500.0 19.319827 -48.666757 17.839193 -0.644270 -0.710112 386.001 0 0
1500.0 121.877671 8.962547 18.263739 1.131712 0.237122 385.988 0 0
1500.0 88.380391 55.577825 17.927130 0.574060 0.963328 386.031 0 0
1500.0 50.132273 -63.892621 17.847468 -0.168485 -0.986580 386.162 0 0
1500.0 56.085765 4.332954 17.883884 -0.058855 -0.005939 386.178 0 0
1500.0 55.336915 36.308868 18.268093 -0.051417 0.687743 386.220 0 0
1500.0 80.320682 -20.840994 17.916839 0.314432 -0.344933 386.581 0 0
1500.0 44.881298 -50.034869 17.887345 -0.141394 -0.814345 386.627 0 0
1500.0 103.445471 -18.241738 17.887680 0.744221 -0.334123 386.577 0 0
1500.0 84.633481 -8.031114 17.919513 0.371516 -0.173518 386.690 0 0
1500.0 49.289987 -51.631772 17.987298 -0.084781 -0.844417 386.678 0 0
1500.0 97.675168 5.397366 18.364526 0.762418 0.137087 386.679 0 0
1500.0 65.138348 43.510095 17.910519 0.093876 0.653401 386.955 0 0
1500.0 -5.773644 15.235803 17.789916 -1.011952 0.229037 386.856 0 0
1500.0 120.367673 2.927401 18.295804 1.140761 -0.015752 387.024 0 0
1500.0 25.307119 -59.196390 17.850138 -0.526550 -0.904525 387.130 0 0
1500.0 42.532266 -9.938899 18.131050 -0.258015 -0.196908 387.163 0 0
1500.0 95.093689 -20.284059 19.197189 0.759009 -0.357969 387.453 0 0
1500.0 76.622206 3.452231 18.452470 0.331076 0.106612 387.395 0 0
1500.0 83.082812 -3.475870 17.979753 0.438176 -0.125046 387.332 0 0
1500.0 37.468197 -6.210911 18.180690 -0.440903 -0.074836 387.401 0 0
1500.0 67.921510 -6.726590 18.075364 0.215621 -0.057039 387.699 0 0
1500.0 118.545768 -24.316939 17.806268 0.935893 -0.421103 387.582 0 0
1500.0 50.053230 -41.170779 17.972913 -0.111990 -0.701959 387.698 0 0
1500.0 81.364881 66.799626 17.829912 0.434231 1.031334 387.629 0 0
1500.0 80.109396 -9.172143 19.204537 0.486908 -0.157285 387.895 0 0
1500.0 75.171454 3.280508 18.994126 0.405455 0.074504 387.906 0 0
1500.0 56.800840 66.205110 17.938838 -0.037239 1.159394 387.889 0 0
1500.0 107.443735 -4.922850 17.998100 0.923238 -0.059821 387.883 0 0
1500.0 71.434679 -40.186838 17.965513 0.199913 -0.609556 388.329 0 0
1500.0 82.739007 -66.167711 17.818013 0.436158 -0.980955 388.254 0 0
1500.0 98.521999 16.977821 18.252493 0.732835 0.261300 388.016 0 0
1500.0 91.122629 -26.070830 18.272623 0.605726 -0.443038 388.167 0 0
1500.0 29.969889 -15.988175 18.008964 -0.472762 -0.204174 388.257 0 0
1500.0 42.636901 15.305743 18.011814 -0.278992 0.277670 388.046 0 0
1500.0 84.542807 12.256111 17.975710 0.505054 0.191004 388.063 0 0
1500.0 12.580971 44.722599 17.800957 -0.751701 0.632879 388.412 0 0
1500.0 78.361136 -61.689742 17.899631 0.378285 -1.031667 388.362 0 0
1500.0 51.355688 -34.453386 17.899153 -0.116019 -0.524279 388.447 0 0
1500.0 120.265236 21.936028 17.818717 0.964372 0.382788 388.577 0 0
1500.0 118.122173 21.833460 17.803792 0.891446 0.402583 388.573 0 0
1500.0 88.414537 -32.666055 17.887903 0.545235 -0.528731 388.450 0 0
1500.0 29.229964 -40.495215 17.862891 -0.424516 -0.617149 388.653 0 0
1500.0 123.848823 -9.799626 17.930823 1.032228 -0.181704 388.596 0 0
1500.0 39.230125 -39.890381 17.819183 -0.351228 -0.624076 388.666 0 0
1500.0 94.148625 -24.925622 17.962240 0.638439 -0.408249 388.594 0 0
1500.0 136.005089 -27.989771 17.953779 1.335878 -0.438341 388.592 0 0
1500.0 92.687950 -51.928285 18.326486 0.631868 -1.001005 388.677 0 0
1500.0 48.521069 40.070591 17.878380 -0.126024 0.613300 388.704 0 0
1500.0 109.445081 -56.673178 18.042120 0.949870 -0.978643 388.707 0 0
1500.0 58.573694 -21.505230 18.312517 0.008181 -0.318442 388.752 0 0
1500.0 34.280718 -49.884041 17.826785 -0.337841 -0.830711 388.950 0 0
1500.0 107.521876 11.098240 17.808949 0.825902 0.140570 388.919 0 0
1500.0 31.088513 13.364886 18.044462 -0.478776 0.170001 388.891 0 0
1500.0 86.450933 8.374403 18.502214 0.488486 0.160210 389.560 0 0
1500.0 46.117861 25.791264 17.843235 -0.146408 0.416487 389.381 0 0
1500.0 44.294928 -27.608617 17.878571 -0.215179 -0.435316 389.454 0 0
1500.0 73.805628 20.755260 17.906747 0.279578 0.395657 389.320 0 0
1500.0 83.784271 48.006817 17.978854 0.386370 0.822104 389.343 0 0
1500.0 90.682248 44.766494 18.174797 0.531072 0.788436 389.460 0 0
1500.0 85.993598 17.728574 18.379471 0.480702 0.339558 389.582 0 0
1500.0 67.719141 59.679734 17.892045 0.193937 0.915894 390.017 0 0
1500.0 115.077258 33.401454 17.955406 0.908032 0.515837 390.175 0 0
1500.0 105.873858 -40.520567 17.817951 0.722576 -0.638024 389.999 0 0
1500.0 112.741733 18.154367 18.082338 0.912851 0.291112 389.798 0 0
1500.0 89.925052 -26.392244 18.127021 0.544732 -0.472896 389.877 0 0
1500.0 108.490622 -9.245533 18.016974 0.848264 -0.093341 390.058 0 0
1500.0 35.333312 28.669512 17.985533 -0.384843 0.482484 389.778 0 0
1500.0 60.013841 38.669966 17.984961 -0.009369 0.634055 389.836 0 0
1500.0 94.165681 -18.174715 18.048295 0.652333 -0.251335 390.074 0 0
1500.0 55.977179 16.059071 18.162133 -0.064974 0.255705 389.857 0 0
1500.0 70.478762 -43.144485 17.819833 0.264541 -0.687183 389.826 0 0
1500.0 85.297838 33.423896 17.976252 0.445189 0.621676 389.833 0 0
1500.0 74.078889 12.230173 18.122206 0.228850 0.272549 389.947 0 0
1500.0 135.105032 -17.478003 17.977039 1.244559 -0.297036 390.303 0 0
1500.0 115.629257 19.299494 18.081163 0.948497 0.305768 390.298 0 0
1500.0 71.040006 -68.292310 17.842628 0.181807 -1.061596 390.392 0 0
1500.0 14.651117 -50.517706 17.820773 -0.623397 -0.823396 390.304 0 0
1500.0 91.342859 -52.913517 17.843890 0.591571 -0.852266 390.240 0 0
1500.0 81.782048 -19.744639 18.170330 0.369925 -0.330658 390.786 0 0
1500.0 88.817884 -3.001367 18.039475 0.575862 -0.058811 390.537 0 0
1500.0 74.842089 -37.956967 18.024169 0.251344 -0.650423 390.860 0 0
1500.0 96.238394 37.438627 17.912668 0.704539 0.592135 390.695 0 0
1500.0 54.210482 -39.998342 18.016862 -0.058181 -0.611880 391.291 0 0
1500.0 68.121604 -2.594028 18.709833 0.286654 -0.063026 390.992 0 0
1500.0 91.800763 19.998106 17.828963 0.516370 0.323597 391.365 0 0
1500.0 110.062697 -32.563497 17.985982 0.845003 -0.540945 390.929 0 0
1500.0 111.335229 15.966816 17.912251 0.887890 0.271290 391.325 0 0
1500.0 97.744576 37.897851 17.816148 0.645220 0.642037 391.329 0 0
1500.0 60.341497 31.020453 18.101476 -0.018618 0.577565 391.038 0 0
1500.0 129.493891 1.906324 18.177742 1.365711 0.068789 391.033 0 0
1500.0 91.142756 1.236427 18.898185 0.626967 -0.011860 391.551 0 0
1500.0 100.219411 -34.709385 17.901257 0.647449 -0.542943 391.477 0 0
1500.0 120.642646 4.631900 17.992781 1.022718 0.051008 391.435 0 0
1500.0 82.331719 -0.029078 17.895657 0.379640 -0.078159 391.501 0 0
1500.0 61.024287 -20.522417 17.895378 0.047535 -0.397448 391.519 0 0
1500.0 54.232924 -10.157016 17.865852 -0.042126 -0.235850 391.420 0 0
1500.0 78.681971 17.666065 18.352023 0.399088 0.340546 391.570 0 0
1500.0 88.159283 -43.293729 18.086410 0.507729 -0.799143 391.654 0 0
1500.0 86.004188 52.206868 17.938212 0.505815 0.938732 391.655 0 0
1500.0 77.995884 49.911286 17.848184 0.242892 0.804513 391.829 0 0
1500.0 50.083271 -38.869510 17.942898 -0.134029 -0.670129 391.999 0 0
1500.0 47.070675 33.753149 17.829732 -0.104806 0.564721 391.896 0 0
1500.0 44.344333 72.331402 17.915279 -0.168696 1.204718 391.808 0 0
1500.0 35.822789 12.447030 18.086371 -0.453057 0.180214 392.102 0 0
1500.0 75.278356 36.632643 18.490753 0.274405 0.669364 391.866 0 0
1500.0 77.056364 8.535110 18.680372 0.387411 0.159342 392.200 0 0
1500.0 38.678768 -11.693658 18.183695 -0.312566 -0.136194 392.227 0 0
1500.0 65.546338 16.152802 18.265822 0.144288 0.323150 392.329 0 0
1500.0 123.186267 1.253886 18.024080 1.047314 0.038926 392.463 0 0
1500.0 47.796402 52.966738 17.818148 -0.156089 0.822452 392.449 0 0
1500.0 68.402340 40.808084 17.854837 0.110001 0.686994 392.564 0 0
1500.0 92.410393 13.124885 18.144166 0.536181 0.240028 392.746 0 0
1500.0 115.261534 -4.616983 18.005644 0.940703 -0.135940 392.857 0 0
1500.0 67.969607 -6.285383 17.923654 0.189691 -0.032993 392.891 0 0
1500.0 110.662308 -19.879082 17.969495 0.853348 -0.317564 393.018 0 0
1500.0 76.347525 59.940942 17.987609 0.264451 0.962737 392.894 0 0
1500.0 58.334494 9.912303 18.716285 0.089989 0.215207 393.033 0 0
1500.0 115.571454 51.071929 17.969515 1.000998 0.814120 392.971 0 0
1500.0 116.140749 -12.810365 17.959151 0.910469 -0.209262 393.131 0 0
1500.0 36.251911 63.830109 17.808570 -0.284349 1.008773 393.193 0 0
1500.0 20.042909 -43.747946 17.931439 -0.585345 -0.731778 393.188 0 0
1500.0 30.445792 -12.596635 18.141624 -0.455035 -0.215021 393.250 0 0
1500.0 95.938067 -9.116923 17.986445 0.622010 -0.214296 393.094 0 0
1500.0 151.278363 -12.479675 17.939762 1.533944 -0.241768 393.112 0 0
1500.0 61.099786 -71.033868 18.121145 0.111802 -1.242685 393.222 0 0
1500.0 114.009600 -11.200264 17.809440 0.865382 -0.187929 393.437 0 0
1500.0 114.025327 -32.584381 18.252307 0.971607 -0.590398 393.318 0 0
1500.0 112.185406 -65.511076 18.205168 1.039155 -1.146237 393.320 0 0
1500.0 88.092556 7.526966 19.306862 0.606100 0.122408 393.454 0 0
1500.0 59.281937 -29.739748 17.995383 0.035450 -0.479530 393.459 0 0
1500.0 63.781342 -17.062908 17.999657 0.097194 -0.303410 393.730 0 0
1500.0 57.406324 28.239607 17.941524 -0.031032 0.451404 393.493 0 0
1500.0 124.335120 1.630159 17.943812 1.167757 0.034520 393.650 0 0
1500.0 28.956197 -55.029794 17.818044 -0.429660 -0.839347 394.308 0 0
1500.0 98.881640 -12.354227 18.965072 0.808293 -0.185818 394.053 0 0
1500.0 84.126588 61.555508 17.879497 0.461358 0.940185 394.255 0 0
1500.0 25.020835 -56.096270 17.926146 -0.501866 -0.903356 394.282 0 0
1500.0 73.185217 -14.026164 18.573670 0.264585 -0.253901 393.830 0 0
1500.0 126.555607 -13.516288 18.021872 1.154878 -0.155723 394.052 0 0
1500.0 129.023361 -5.448983 18.074440 1.232675 -0.143560 394.359 0 0
1500.0 14.929295 -31.349133 17.985322 -0.709877 -0.612301 393.863 0 0
1500.0 95.434194 60.215231 18.033481 0.665238 1.113103 394.245 0 0
1500.0 75.211638 -0.211065 19.179940 0.397068 -0.076475 394.324 0 0
1500.0 76.364162 7.166817 17.829474 0.318284 0.073347 395.163 0 0
1500.0 72.873588 11.400830 17.829958 0.269367 0.132469 395.196 0 0
1500.0 86.592946 -60.040294 17.869133 0.422278 -0.959455 395.113 0 0
1500.0 94.197451 -27.892050 18.233171 0.652452 -0.466559 394.570 0 0
1500.0 102.121878 63.282205 17.803843 0.743525 0.968872 394.439 0 0
1500.0 81.309198 -19.232532 18.175981 0.441389 -0.357631 395.144 0 0
1500.0 32.286973 27.535967 17.843860 -0.474974 0.413231 394.515 0 0
1500.0 76.345951 -8.540234 17.826195 0.361891 -0.128080 394.541 0 0
1500.0 73.945133 -31.586680 17.820789 0.322422 -0.485933 394.916 0 0
1500.0 84.128467 40.600836 18.269839 0.500677 0.761724 394.677 0 0
1500.0 148.504966 -5.761079 18.171411 1.665652 -0.126285 394.690 0 0
1500.0 92.525031 10.042936 17.983207 0.570337 0.114608 395.276 0 0
1500.0 99.074818 16.087914 18.195201 0.742727 0.242863 395.581 0 0
1500.0 171.589244 -48.504225 17.844087 1.802195 -0.734736 395.701 0 0
1500.0 110.386234 -11.764844 17.844916 0.874849 -0.161167 395.397 0 0
1500.0 6.810301 20.062746 17.930273 -0.839975 0.319050 395.745 0 0
1500.0 82.344264 8.533184 17.843115 0.439772 0.182032 395.728 0 0
1500.0 39.035078 1.973206 18.142934 -0.395847 -0.027805 395.556 0 0
1500.0 12.123682 49.140793 17.894888 -0.732956 0.743830 396.124 0 0
1500.0 109.290538 -15.178595 18.099564 0.876080 -0.252369 395.780 0 0
1500.0 89.913862 0.791917 19.122247 0.649010 0.087389 396.063 0 0
1500.0 109.324851 4.718706 17.931768 0.847355 0.126507 396.093 0 0
1500.0 53.480966 32.716789 18.505945 -0.041521 0.611351 396.022 0 0
1500.0 32.909446 -4.118573 17.991239 -0.509476 -0.027773 396.007 0 0
1500.0 72.550643 4.761622 18.021102 0.289351 0.049432 396.209 0 0
1500.0 102.373208 -64.707584 17.907619 0.786854 -1.054833 396.175 0 0
1500.0 85.843283 19.588191 18.053040 0.478903 0.296752 396.406 0 0
1500.0 79.952204 24.717262 18.053727 0.396552 0.367901 396.461 0 0
1500.0 94.552808 3.611194 18.360584 0.617705 0.093199 396.810 0 0
1500.0 112.428549 21.100945 18.034059 0.916258 0.313894 396.551 0 0
1500.0 72.188312 -40.424031 17.937679 0.291306 -0.668049 396.760 0 0
1500.0 67.860727 56.808570 17.972411 0.229278 0.931973 396.817 0 0
1500.0 79.406187 10.345771 18.150996 0.467926 0.166747 396.607 0 0
1500.0 94.364337 -24.035041 18.045989 0.603215 -0.352544 397.018 0 0
1500.0 36.369843 62.724485 17.794487 -0.378142 0.974865 397.055 0 0
1500.0 94.129777 -28.394748 17.809680 0.531067 -0.512503 397.020 0 0
1500.0 52.747799 -0.414065 18.045551 -0.070624 -0.082392 397.012 0 0
1500.0 139.576176 68.952530 17.911210 1.383923 1.168238 397.229 0 0
1500.0 99.045587 17.378385 18.463374 0.817678 0.309731 397.236 0 0
1500.0 98.774374 3.327613 18.094578 0.672106 0.067738 397.319 0 0
1500.0 39.667129 -53.376211 17.878504 -0.261579 -0.833932 397.323 0 0
1500.0 95.379503 -27.689392 17.886091 0.528552 -0.461704 398.110 0 0
1500.0 27.300938 -46.264717 17.879569 -0.437495 -0.731005 397.449 0 0
1500.0 41.232401 -55.192510 17.800045 -0.297482 -0.842481 397.523 0 0
1500.0 74.653946 20.212568 18.848871 0.380295 0.363147 398.229 0 0
1500.0 93.215432 -14.122018 18.906111 0.660568 -0.277620 397.667 0 0
1500.0 88.922899 59.325454 17.837431 0.524750 0.884904 398.234 0 0
1500.0 109.036822 -40.112357 17.831416 0.799142 -0.662801 397.802 0 0
1500.0 115.082493 26.705798 17.845007 0.919234 0.352098 397.818 0 0
1500.0 42.688941 50.650213 17.830298 -0.247957 0.848729 397.356 0 0
1500.0 107.455617 -20.723429 17.984656 0.837877 -0.353046 398.073 0 0
1500.0 40.262350 -12.752291 18.047293 -0.246619 -0.269507 398.139 0 0
1500.0 68.818328 48.027037 17.930306 0.111054 0.771816 397.749 0 0
1500.0 98.653487 0.741310 17.908655 0.709967 0.015399 397.867 0 0
1500.0 50.581080 -42.771438 17.915965 -0.056934 -0.718600 397.964 0 0
1500.0 44.316810 -17.799504 17.916489 -0.254192 -0.335866 397.389 0 0
1500.0 99.687600 20.017262 17.837769 0.718507 0.305307 398.158 0 0
1500.0 72.793326 41.656235 17.840718 0.305860 0.640870 397.898 0 0
1500.0 53.011184 -10.862852 17.914924 -0.120230 -0.228566 398.193 0 0
1500.0 102.574670 -33.399808 18.358700 0.773818 -0.604369 397.823 0 0
1500.0 22.444397 -67.683011 17.891433 -0.647891 -1.089000 398.221 0 0
1500.0 121.021630 -24.237576 17.939397 1.066287 -0.473775 397.364 0 0
1500.0 126.109955 -35.248949 17.992620 1.196231 -0.536526 397.964 0 0
1500.0 20.352979 -45.484340 18.155090 -0.608402 -0.821601 398.224 0 0
1500.0 19.015619 -47.345536 18.292596 -0.664182 -0.871743 398.021 0 0
1500.0 18.202448 -3.497379 17.811458 -0.618268 -0.097803 398.675 0 0
1500.0 121.275454 -0.974984 17.866373 0.994328 -0.007996 398.593 0 0
1500.0 125.123359 0.896897 17.841415 1.046816 -0.036373 399.330 0 0
1500.0 124.734747 -0.737131 17.841408 1.045804 -0.060745 399.024 0 0
1500.0 3.611628 -6.804173 17.899682 -0.867965 -0.161255 398.822 0 0
1500.0 76.833370 7.635285 18.240145 0.413057 0.091998 398.685 0 0
1500.0 91.069342 11.197926 18.049011 0.595976 0.124988 399.058 0 0
1500.0 80.160786 23.850768 17.998428 0.296617 0.407782 398.737 0 0
1500.0 85.892762 -36.200436 17.862480 0.508502 -0.568469 399.242 0 0
1500.0 97.899544 15.879176 17.863745 0.694411 0.233134 399.130 0 0
1500.0 88.543345 14.159944 17.868967 0.553795 0.207980 398.712 0 0
1500.0 43.028123 12.296375 17.824087 -0.307088 0.229187 398.575 0 0
1500.0 113.940244 -50.653981 18.120355 0.937519 -0.877560 399.024 0 0
1500.0 56.278768 56.215885 18.049777 -0.020200 1.050886 398.550 0 0
1500.0 51.128785 -19.522282 18.207320 -0.172960 -0.373534 398.655 0 0
1500.0 60.737884 21.695142 18.684929 0.108907 0.468429 398.711 0 0
1500.0 100.561495 -43.827206 18.040757 0.710487 -0.707531 399.570 0 0
1500.0 44.601389 9.459607 18.337707 -0.189570 0.199636 399.819 0 0
1500.0 99.211154 -60.379835 17.867748 0.700678 -1.011242 399.970 0 0
1500.0 95.841946 -70.184539 18.029088 0.699285 -1.167127 399.733 0 0
1500.0 75.271810 14.583931 18.975950 0.405265 0.333060 399.645 0 0
1500.0 71.103725 -0.339034 17.997020 0.217160 -0.071739 400.108 0 0
1500.0 23.153091 -4.950235 17.956068 -0.531958 -0.030473 400.213 0 0
1500.0 53.508920 36.795319 17.955105 -0.107491 0.554017 400.136 0 0
1500.0 120.801761 -15.480814 17.824639 1.011505 -0.233594 400.209 0 0
1500.0 83.289040 -42.637969 18.216573 0.445540 -0.712706 400.263 0 0
1500.0 76.745284 -3.708486 18.449681 0.407718 0.005668 400.056 0 0
1500.0 82.390685 -59.058063 17.805932 0.309677 -0.942519 400.215 0 0
1500.0 84.881102 12.098748 17.891412 0.484570 0.139578 400.140 0 0
1500.0 61.072107 -26.400297 17.892261 0.114704 -0.459084 400.081 0 0
1500.0 76.027083 -8.279331 19.097368 0.398369 -0.173757 403.297 0 0
1500.0 59.808775 1.364328 18.365998 0.073616 0.085084 401.480 0 0
1500.0 94.640509 11.915995 17.931565 0.587178 0.201219 400.325 0 0
1500.0 48.088857 -10.751205 18.207499 -0.159992 -0.159222 402.141 0 0
1500.0 71.415406 -3.728923 18.297056 0.305532 -0.060732 402.435 0 0
1500.0 53.525152 16.045324 18.226060 -0.027998 0.287423 402.232 0 0
1500.0 92.845253 -2.135304 17.894952 0.532016 0.026096 401.959 0 0
1500.0 84.510204 28.977395 18.098111 0.463055 0.435285 402.585 0 0
1500.0 74.315485 -0.939855 17.984146 0.308565 0.009874 402.823 0 0
1500.0 96.462988 -1.721573 17.918439 0.591889 0.019239 403.479 0 0
1500.0 86.145080 -24.638480 17.830558 0.465618 -0.347641 402.013 0 0
1500.0 52.097810 -26.477206 18.075145 -0.093525 -0.423798 403.318 0 0
1500.0 106.543428 -39.764452 17.845084 0.758969 -0.624643 400.567 0 0
1500.0 91.070399 12.372350 17.944183 0.530051 0.129753 403.035 0 0
1500.0 86.134365 10.697644 17.946273 0.459898 0.106066 403.199 0 0
1500.0 54.124193 65.041275 17.822000 -0.000358 0.989754 400.499 0 0
1500.0 73.051900 13.020854 18.033876 0.299147 0.194929 403.731 0 0
1500.0 17.538452 15.087680 17.840387 -0.584821 0.282698 402.649 0 0
1500.0 59.800178 -47.140128 18.035158 0.047835 -0.754338 401.422 0 0
1500.0 87.807358 2.301527 19.020174 0.658858 0.019495 401.505 0 0
1500.0 94.471526 -5.060578 19.016538 0.751844 -0.086749 401.831 0 0
1500.0 -12.850250 18.613948 17.832041 -1.102282 0.318042 400.348 0 0
1500.0 99.175657 12.190441 17.918530 0.660403 0.171374 403.480 0 0
1500.0 109.857122 13.909315 17.940855 0.812796 0.245049 402.577 0 0
1500.0 120.417385 -2.245116 17.823210 0.946411 -0.088164 402.810 0 0
1500.0 104.963405 30.164022 18.074638 0.799194 0.492173 400.334 0 0
1500.0 96.477536 -12.764114 18.479125 0.684775 -0.259307 401.032 0 0
1500.0 -4.954532 16.481409 17.872326 -0.995938 0.282475 401.079 0 0
1500.0 4.856223 -28.874956 17.808431 -0.823638 -0.465663 403.219 0 0
1500.0 55.475946 -65.736689 17.804781 -0.093447 -1.008213 402.523 0 0
1500.0 72.344986 -66.188923 17.802844 0.155622 -1.034388 401.226 0 0
1500.0 3.055130 -36.181823 17.802802 -0.868693 -0.584001 401.702 0 0
1500.0 -4.226108 -23.655159 17.886306 -0.962270 -0.406561 401.605 0 0
1500.0 121.077412 -5.129121 17.849368 1.020912 -0.087974 401.080 0 0
1500.0 88.754835 -54.381824 17.881026 0.534463 -0.851512 401.091 0 0
1500.0 92.821612 -56.546896 17.878978 0.581662 -0.863501 402.673 0 0
1500.0 111.702831 -34.230470 17.879609 0.873590 -0.546106 401.478 0 0
1500.0 122.363449 -13.086153 17.879150 1.013175 -0.226464 402.761 0 0
1500.0 96.536863 45.664125 18.053110 0.653843 0.736402 401.741 0 0
1500.0 -1.548558 25.921504 17.798583 -0.940201 0.413993 402.969 0 0
1500.0 38.855069 58.281362 17.800986 -0.359742 0.916731 400.825 0 0
1500.0 1.150058 -27.019987 17.800166 -0.927623 -0.372207 400.986 0 0
1500.0 54.903627 -66.319435 17.796409 0.016303 -1.028733 401.518 0 0
1500.0 68.010983 -63.494779 17.799352 0.205923 -0.954670 403.735 0 0
1500.0 113.128151 -23.380309 17.799252 0.897822 -0.388941 400.864 0 0
1500.0 121.754571 2.070885 17.798773 0.987125 -0.003533 403.626 0 0
1500.0 118.065318 26.749246 17.846283 0.957704 0.426268 402.561 0 0
1500.0 73.689313 -47.887896 17.978906 0.289145 -0.796649 400.800 0 0
1500.0 30.564158 -84.345384 17.887555 -0.437947 -1.340456 401.301 0 0
1500.0 3.297144 35.878496 17.839517 -0.885885 0.546125 402.246 0 0
1500.0 119.762118 -9.640717 17.871742 1.001811 -0.168585 402.086 0 0
1500.0 103.851905 6.693160 18.203350 0.813468 0.095835 402.193 0 0
1500.0 31.622644 43.972417 17.867481 -0.384745 0.756130 400.370 0 0
1500.0 84.707451 -50.318149 17.908659 0.416283 -0.836820 402.439 0 0
1500.0 98.798746 -4.627019 17.920938 0.641547 -0.148414 401.193 0 0
1500.0 66.125418 -62.104764 17.904424 0.133653 -1.003667 403.194 0 0
1500.0 96.272986 -51.215970 17.903892 0.583340 -0.839035 403.335 0 0
1500.0 52.164232 -3.586301 17.932359 -0.078445 -0.134011 400.398 0 0
1500.0 29.167960 -34.832584 17.917446 -0.430107 -0.611376 401.486 0 0
1500.0 50.635464 -59.335351 17.906585 -0.098674 -0.968564 402.757 0 0
1500.0 110.879156 4.146657 17.829216 0.863492 0.010125 401.812 0 0
1500.0 81.104745 53.451631 17.836732 0.293013 0.861432 402.553 0 0
1500.0 113.010788 -43.707176 17.877894 0.818425 -0.728349 403.719 0 0
1500.0 9.639074 61.625633 17.802040 -0.815775 0.932351 402.681 0 0
1500.0 29.724596 -61.869863 17.909059 -0.419338 -1.050456 401.052 0 0
1500.0 89.641658 -33.739930 17.819919 0.540065 -0.573243 402.608 0 0
1500.0 87.458154 -22.961072 18.191878 0.534396 -0.412548 403.627 0 0
1500.0 67.818995 -0.242929 17.846403 0.232189 -0.007904 400.866 0 0
1500.0 94.777239 34.598938 17.836831 0.632709 0.563069 403.186 0 0
1500.0 64.718086 26.373084 17.850525 0.175381 0.444868 402.043 0 0
1500.0 52.891502 43.214066 17.843148 -0.008912 0.701338 402.599 0 0
1500.0 72.491878 22.047769 17.850476 0.296554 0.377419 402.047 0 0
1500.0 63.621847 -0.256195 18.237939 0.117576 0.069714 403.138 0 0
1500.0 40.939956 34.335024 18.034268 -0.247788 0.601677 403.314 0 0
1500.0 115.704047 16.486058 18.116928 1.015236 0.207835 400.679 0 0
1500.0 48.470231 -17.356876 17.948002 -0.196327 -0.317052 402.945 0 0
1500.0 70.379909 10.487296 18.199064 0.244317 0.237058 403.872 0 0
1500.0 63.845977 4.755810 17.968872 0.139037 0.146557 402.545 0 0
1500.0 77.689300 -59.588044 18.049101 0.400770 -0.984151 402.649 0 0
1500.0 150.498445 6.986922 18.011292 1.573907 0.156384 402.948 0 0
1500.0 45.408737 -28.935451 17.970547 -0.187729 -0.552329 403.618 0 0
1500.0 57.232510 -21.069033 18.236281 -0.081647 -0.426565 401.793 0 0
1500.0 120.213564 19.476640 18.528972 1.277418 0.401347 401.927 0 0
1500.0 79.736408 -27.917341 18.924438 0.474170 -0.677549 401.054 0 0
1500.0 82.494447 13.988217 18.313150 0.426772 0.190019 409.289 0 0
1500.0 47.744767 -6.963224 17.847991 -0.133221 -0.166343 404.182 0 0
1500.0 62.819422 -23.083812 17.913962 0.136326 -0.355967 404.408 0 0
1500.0 57.474573 -14.789156 17.930506 -0.019710 -0.271929 405.431 0 0
1500.0 7.468948 15.662290 17.823366 -0.742156 0.287017 404.499 0 0
1500.0 71.503813 4.333670 17.907413 0.256206 0.027075 406.170 0 0
1500.0 83.083529 13.811425 17.903647 0.419197 0.159778 405.895 0 0
1500.0 0.509512 -19.415081 17.803973 -0.896028 -0.246158 404.038 0 0
1500.0 49.584194 2.303369 18.109317 -0.094416 0.099877 407.349 0 0
1500.0 89.642944 -52.182324 17.801223 0.517425 -0.787054 404.043 0 0
1500.0 109.012435 11.775775 17.858298 0.794264 0.197614 405.088 0 0
1500.0 89.021654 35.846869 17.886027 0.433183 0.576810 405.910 0 0
1500.0 95.794650 -11.680918 18.904059 0.706158 -0.240223 404.490 0 0
1500.0 83.883155 -20.584852 18.178285 0.404408 -0.337379 411.250 0 0
1500.0 50.641837 -62.986609 17.824134 -0.055077 -0.961188 405.619 0 0
1500.0 61.637625 -67.054496 17.819581 0.105784 -1.038268 404.403 0 0
1500.0 103.727377 -5.579445 17.835984 0.698447 -0.128479 407.015 0 0
1500.0 18.907436 55.648765 17.819644 -0.651426 0.820080 404.231 0 0
1500.0 52.778689 -20.201116 17.888841 -0.108914 -0.339066 408.170 0 0
1500.0 143.053240 -23.674751 17.836050 1.293563 -0.405200 405.033 0 0
1500.0 26.934263 32.225536 17.846059 -0.494701 0.500379 407.508 0 0
1500.0 29.128163 9.552242 17.853120 -0.459800 0.177803 408.096 0 0
1500.0 86.599758 1.274228 18.677921 0.562725 0.088134 404.437 0 0
1500.0 84.348668 -34.760586 17.901168 0.353692 -0.549394 409.550 0 0
1500.0 49.677985 28.501951 18.025950 -0.073652 0.462965 409.542 0 0
1500.0 64.700493 -65.274708 17.808454 0.147864 -1.003437 406.192 0 0
1500.0 107.278339 -2.447000 18.185311 0.827396 -0.100508 404.232 0 0
1500.0 59.894165 -9.589585 18.616886 0.116245 -0.211864 406.165 0 0
1500.0 109.896067 -33.604699 17.836053 0.852342 -0.531545 404.353 0 0
1500.0 91.099062 22.130602 17.854022 0.533935 0.287459 408.800 0 0
1500.0 116.940217 17.298039 17.836916 0.960840 0.234630 404.176 0 0
1500.0 65.314589 -62.525021 17.837059 0.182420 -0.969467 404.149 0 0
1500.0 121.407526 -22.636993 17.826171 1.003078 -0.302277 405.628 0 0
1500.0 122.989698 11.459606 17.826571 1.021378 0.200143 405.964 0 0
1500.0 116.897346 -28.326124 17.978441 0.944725 -0.451758 406.480 0 0
1500.0 117.173918 -19.739119 18.074907 0.977051 -0.313722 405.925 0 0
1500.0 64.077990 -0.342704 18.103099 0.180166 -0.025491 410.759 0 0
1500.0 36.523589 59.139651 17.931142 -0.344864 0.948270 405.125 0 0
1500.0 59.722348 -11.756892 18.352313 0.112568 -0.222104 411.742 0 0
1500.0 123.275058 -1.396641 17.850697 1.045448 -0.029733 405.759 0 0
1500.0 57.184881 49.045660 18.066486 -0.039651 0.792692 404.263 0 0
1500.0 98.094992 62.089259 17.829085 0.614039 0.972120 407.016 0 0
1500.0 123.391879 5.995966 17.821353 1.056615 0.118401 404.715 0 0
1500.0 4.300643 -30.563708 17.924552 -0.852124 -0.504146 405.265 0 0
1500.0 13.732393 -50.178264 17.921243 -0.696952 -0.783035 406.573 0 0
1500.0 37.357764 -5.154811 17.827811 -0.356035 -0.101372 410.002 0 0
1500.0 90.916298 18.472431 17.964014 0.580482 0.234715 404.162 0 0
1500.0 96.967454 -30.949592 18.018921 0.626928 -0.480703 409.935 0 0
1500.0 89.328885 48.008055 17.863258 0.451227 0.758048 408.935 0 0
1500.0 119.764736 -22.756021 17.906341 0.986020 -0.326361 407.663 0 0
1500.0 115.446643 25.640279 17.907410 0.942910 0.389093 406.212 0 0
1500.0 78.791653 22.796377 17.929665 0.370721 0.324773 410.721 0 0
1500.0 115.597782 -7.702852 17.910682 0.954574 -0.109779 405.552 0 0
1500.0 102.513364 35.720055 17.883516 0.703017 0.550715 409.205 0 0
1500.0 26.372457 -59.568058 17.830989 -0.428832 -0.949045 406.527 0 0
1500.0 92.371178 -19.478101 17.848361 0.575360 -0.365686 404.027 0 0
1500.0 126.228030 43.616707 17.865916 1.048079 0.700219 407.840 0 0
1500.0 57.713163 -18.113615 18.095831 0.030041 -0.319148 412.084 0 0
1500.0 74.560762 -7.667228 18.221168 0.380293 -0.120765 405.360 0 0
1500.0 124.762288 1.060777 17.807387 1.031232 -0.057668 406.097 0 0
1500.0 58.073870 -29.125209 17.827041 -0.023563 -0.528666 404.569 0 0
1500.0 21.423696 -10.356018 17.823502 -0.592348 -0.235182 404.831 0 0
1500.0 -2.278791 -10.957129 17.808640 -0.937440 -0.238703 406.399 0 0
1500.0 70.221156 -64.099997 17.804532 0.158698 -1.028038 407.422 0 0
1500.0 107.774376 5.127877 17.891009 0.783978 0.078528 410.868 0 0
1500.0 104.258836 21.843764 17.887736 0.789099 0.339438 405.956 0 0
1500.0 114.871945 -5.019955 17.883361 0.943147 -0.069824 406.503 0 0
1500.0 123.149361 -6.257387 17.954227 1.041182 -0.121824 408.582 0 0
1500.0 82.512113 27.795524 18.365155 0.477453 0.481570 407.189 0 0
1500.0 16.878026 15.739793 17.886413 -0.702854 0.243495 405.620 0 0
1500.0 24.111023 43.346012 17.878840 -0.511930 0.759423 404.097 0 0
1500.0 40.406652 -8.447762 18.059606 -0.277318 -0.152196 413.225 0 0
1500.0 101.073813 -9.231641 18.284728 0.780550 -0.136301 407.767 0 0
1500.0 79.997133 5.270903 18.295643 0.470994 0.082140 406.873 0 0
1500.0 2.358688 -32.066698 17.856602 -0.859359 -0.512046 410.069 0 0
1500.0 57.228073 -31.912317 17.876155 -0.067330 -0.545422 405.570 0 0
1500.0 58.457999 1.716013 17.884519 -0.048648 -0.023408 405.017 0 0
1500.0 73.587480 -9.419845 17.905793 0.292819 -0.119018 412.873 0 0
1500.0 91.582331 -9.365821 18.330400 0.589841 -0.121405 414.073 0 0
1500.0 99.819412 -51.905843 17.872379 0.694951 -0.784818 409.087 0 0
1500.0 98.065329 25.391178 17.888353 0.641289 0.341189 412.021 0 0
1500.0 86.956974 -20.481206 17.903558 0.533177 -0.285942 404.502 0 0
1500.0 78.642371 -20.598296 18.315377 0.352966 -0.349780 414.548 0 0
1500.0 64.925717 -7.958726 18.320149 0.183334 -0.196205 407.224 0 0
1500.0 18.707115 -36.349909 17.930773 -0.657718 -0.529135 407.430 0 0
1500.0 41.326284 19.722337 17.953745 -0.308835 0.334185 407.164 0 0
1500.0 95.552471 1.608929 17.815161 0.641452 -0.021512 406.367 0 0
1500.0 104.644861 -13.677229 17.849129 0.772321 -0.263425 407.200 0 0
1500.0 103.748282 -47.196863 17.837005 0.731862 -0.750288 409.578 0 0
1500.0 114.966108 -27.650317 17.838542 0.908853 -0.466594 408.764 0 0
1500.0 76.815650 31.085109 18.172270 0.293467 0.499267 414.418 0 0
1500.0 98.479941 29.155713 17.957916 0.616050 0.476645 413.065 0 0
1500.0 31.860316 10.083918 17.910079 -0.388593 0.203811 413.998 0 0
1500.0 101.369280 45.200567 17.880279 0.728001 0.699615 409.351 0 0
1500.0 93.831895 -5.001351 17.913394 0.581874 -0.068227 413.787 0 0
1500.0 116.845377 -11.110632 17.895970 0.969521 -0.164987 409.049 0 0
1500.0 42.504825 56.770487 17.839630 -0.284329 0.924969 408.101 0 0
1500.0 95.173567 44.587912 17.883199 0.664543 0.677165 406.229 0 0
1500.0 55.352340 36.994023 18.017514 -0.048949 0.637351 408.387 0 0
1500.0 45.180009 -1.239298 18.027585 -0.207283 0.051199 407.684 0 0
1500.0 112.919864 -35.818492 17.947275 0.885966 -0.555076 411.565 0 0
1500.0 102.220980 -17.762769 17.961738 0.703547 -0.280558 414.078 0 0
1500.0 95.563861 -30.992392 17.961264 0.609992 -0.467586 414.031 0 0
1500.0 101.275289 18.631896 17.835072 0.694507 0.233544 411.814 0 0
1500.0 84.898120 1.877417 18.012880 0.479728 0.093841 408.067 0 0
1500.0 100.752693 34.531662 17.996131 0.707736 0.584095 409.598 0 0
1500.0 72.792563 -3.705966 18.017109 0.294148 0.007688 407.784 0 0
1500.0 90.221781 14.039786 18.008651 0.559224 0.280239 408.378 0 0
1500.0 9.113193 -9.133922 17.924240 -0.769115 -0.208553 408.692 0 0
1500.0 36.724017 -62.673890 17.912130 -0.330660 -0.979623 411.885 0 0
1500.0 60.275772 -65.015501 17.912143 0.013048 -1.033614 410.568 0 0
1500.0 37.396331 -12.496412 17.936749 -0.341706 -0.263988 407.700 0 0
1500.0 66.888092 -54.204371 17.919453 0.113664 -0.890901 409.207 0 0
1500.0 166.211120 -3.950681 17.993879 1.783020 -0.078958 407.576 0 0
1500.0 44.604669 -40.655500 18.041330 -0.251247 -0.641756 408.938 0 0
1500.0 64.103228 -30.324482 17.830015 0.166919 -0.482161 409.066 0 0
1500.0 71.380122 2.750415 18.096257 0.297640 0.102016 406.212 0 0
1500.0 58.577773 20.388754 18.088197 0.012966 0.346593 416.031 0 0
1500.0 64.890553 -11.421293 17.897613 0.035831 -0.182880 407.865 0 0
1500.0 121.604920 17.062178 17.875356 0.977582 0.306641 412.553 0 0
1500.0 118.635992 -8.687476 17.836073 1.000941 -0.080369 407.937 0 0
1500.0 129.625343 -16.246651 18.045959 1.235487 -0.226822 406.809 0 0
1500.0 97.344469 -40.870154 17.959499 0.585166 -0.688980 410.098 0 0
1500.0 58.059419 -25.292171 18.316556 0.051271 -0.448489 411.376 0 0
1500.0 81.964647 47.721708 17.822552 0.433360 0.763899 409.596 0 0
1500.0 110.272594 -21.483518 17.823622 0.810782 -0.275364 414.063 0 0
1500.0 103.279326 45.769067 17.814254 0.742640 0.717999 411.058 0 0
1500.0 119.737449 -3.086718 17.816306 0.996874 -0.012725 410.514 0 0
1500.0 112.947347 36.625735 17.813466 0.875344 0.573482 411.966 0 0
1500.0 70.828024 0.919467 18.757120 0.306889 0.073773 419.167 0 0
1500.0 95.247267 52.510259 17.941143 0.605445 0.811581 413.388 0 0
1500.0 120.187648 19.570235 17.934331 0.982132 0.346851 411.919 0 0
1500.0 118.370623 -25.300518 17.828822 0.949930 -0.403258 412.696 0 0
1500.0 95.188409 17.935366 18.123820 0.624936 0.345439 410.301 0 0
1500.0 62.342258 25.040740 18.132835 0.114400 0.412235 416.874 0 0
1500.0 -2.993181 -20.362914 17.807122 -0.989086 -0.302565 411.476 0 0
1500.0 45.704244 65.951559 17.887314 -0.225173 1.023770 412.501 0 0
1500.0 35.632709 32.974199 17.904908 -0.390745 0.562498 409.522 0 0
1500.0 85.517444 51.444917 17.894707 0.372276 0.834076 410.542 0 0
1500.0 42.225205 34.339063 17.908166 -0.263554 0.531907 415.819 0 0
1500.0 15.732334 44.191408 17.893048 -0.650525 0.685893 414.204 0 0
1500.0 2.789483 26.607408 17.893242 -0.836232 0.432929 414.233 0 0
1500.0 -3.445612 23.549467 17.889199 -0.936274 0.393377 413.457 0 0
1500.0 24.873363 -58.088282 17.924016 -0.494524 -0.923972 412.727 0 0
1500.0 67.714895 -9.998909 18.531637 0.235064 -0.199131 418.809 0 0
1500.0 121.221434 -19.522593 17.929692 1.011399 -0.267957 413.249 0 0
1500.0 73.812607 13.054281 17.956573 0.300724 0.199041 416.838 0 0
1500.0 122.870391 0.244596 17.813076 1.029198 0.048766 411.870 0 0
1500.0 116.726781 -34.062982 17.870304 0.997128 -0.487189 406.739 0 0
1500.0 92.001200 39.395752 18.640154 0.698243 0.729909 405.148 0 0
1500.0 54.852042 60.315415 17.839931 0.018906 0.952800 411.473 0 0
1500.0 99.914393 66.772515 17.848856 0.667355 1.103826 410.382 0 0
1500.0 6.189779 40.984738 17.796231 -0.834469 0.591639 413.862 0 0
1500.0 18.821864 -16.403858 17.974840 -0.619012 -0.319253 410.870 0 0
1500.0 84.205010 -44.983919 17.855436 0.358140 -0.708985 416.090 0 0
1500.0 114.141882 36.165143 17.965933 1.015254 0.626255 405.982 0 0
1500.0 107.897275 32.053516 17.827615 0.769921 0.532764 414.025 0 0
1500.0 98.761698 35.942022 17.829916 0.653604 0.606130 412.185 0 0
1500.0 62.269769 33.504936 17.842353 0.106150 0.582795 410.661 0 0
1500.0 56.893549 40.496415 17.838936 0.023118 0.687257 410.978 0 0
1500.0 4.584108 15.569287 17.875461 -0.859062 0.180361 411.542 0 0
1500.0 46.601365 2.335300 18.146293 -0.190764 0.089410 410.995 0 0
1500.0 9.060127 27.361588 17.902682 -0.757226 0.487711 412.184 0 0
1500.0 106.467625 18.477207 18.216822 0.842950 0.305667 413.369 0 0
1500.0 71.487997 12.133975 17.880771 0.236780 0.223221 418.207 0 0
1500.0 111.866461 24.600049 17.857567 0.866274 0.429817 412.806 0 0
1500.0 87.283644 -30.399694 18.060132 0.547526 -0.486355 412.436 0 0
1500.0 57.710670 -27.405168 18.214373 -0.043615 -0.517259 405.703 0 0
1500.0 17.224762 43.770490 17.918193 -0.624352 0.768787 410.250 0 0
1500.0 111.582553 -4.587298 17.955660 0.896200 -0.036117 412.923 0 0
1500.0 3.697732 -30.747337 17.878176 -0.880401 -0.481064 413.842 0 0
1500.0 101.113741 5.951155 18.180739 0.743857 0.186620 405.267 0 0
1500.0 61.230763 30.478917 17.927796 0.074370 0.548098 411.857 0 0
1500.0 24.889675 15.831519 18.111297 -0.544430 0.224439 412.749 0 0
1500.0 73.859719 23.451639 18.043451 0.308635 0.428043 412.444 0 0
1500.0 119.538636 23.186230 17.809004 0.969936 0.367511 415.637 0 0
1500.0 14.814284 -89.460740 18.008315 -0.771375 -1.467192 408.929 0 0
1500.0 52.445025 -29.139818 18.036532 -0.135216 -0.464915 412.450 0 0
1500.0 102.853632 -4.728230 18.093008 0.784950 -0.098863 413.622 0 0
1500.0 112.295658 -3.249872 17.896687 0.896067 -0.005596 413.434 0 0
1500.0 44.390773 -60.422899 17.811728 -0.213562 -0.984437 414.171 0 0
1500.0 47.152035 11.366036 18.145600 -0.194373 0.138107 412.688 0 0
1500.0 62.727696 5.317808 18.147053 0.045570 0.045023 412.597 0 0
1500.0 102.360637 50.708505 17.837176 0.635708 0.813840 416.088 0 0
1500.0 85.650950 59.424446 17.838209 0.389294 0.937047 416.407 0 0
1500.0 66.406831 17.942429 17.895150 0.061302 0.298067 411.978 0 0
1500.0 107.670922 -34.613012 17.873577 0.799564 -0.645564 409.333 0 0
1500.0 99.913989 -13.331782 17.954897 0.672024 -0.169315 419.055 0 0
1500.0 71.745276 29.026786 17.959610 0.302576 0.468503 412.725 0 0
1500.0 119.251729 8.287176 17.828022 0.949842 0.135044 417.761 0 0
1500.0 78.173301 14.480415 18.561450 0.356535 0.260407 423.130 0 0
1500.0 84.425596 -59.320455 17.823404 0.359091 -0.930551 417.186 0 0
1500.0 59.703473 -50.535438 17.833964 -0.000220 -0.786347 418.631 0 0
1500.0 65.339890 -45.631067 17.815733 0.134881 -0.710412 418.894 0 0
1500.0 47.507705 -57.441540 17.805174 -0.126605 -0.939652 414.281 0 0
1500.0 123.207151 1.789918 17.962073 1.041923 0.035214 417.000 0 0
1500.0 59.744027 40.057716 17.926697 0.047418 0.632277 419.713 0 0
1500.0 116.337818 10.053144 18.181773 0.978707 0.172700 416.374 0 0
1500.0 28.421550 0.250554 18.356121 -0.517992 0.068738 407.178 0 0
1500.0 47.172760 -29.756493 17.853768 -0.238766 -0.431463 413.019 0 0
1500.0 8.707965 -3.696883 17.871378 -0.755938 -0.068612 420.226 0 0
1500.0 61.287716 63.213321 17.871988 0.072623 0.997623 417.086 0 0
1500.0 72.973872 25.647303 17.893305 0.233756 0.428321 420.054 0 0
1500.0 98.991249 6.133923 17.887124 0.656318 0.168898 413.862 0 0
1500.0 61.052450 15.818593 17.833616 0.109577 0.211325 420.488 0 0
1500.0 19.291184 17.480213 17.902733 -0.639960 0.370677 409.695 0 0
1500.0 81.407663 -20.704227 18.422520 0.395915 -0.394605 411.509 0 0
1500.0 5.567350 35.635649 17.883567 -0.811723 0.553441 418.385 0 0
1500.0 63.158043 54.034573 17.889645 0.021705 0.864445 414.774 0 0
1500.0 15.314460 49.118767 17.880587 -0.691059 0.770830 416.362 0 0
1500.0 51.578543 -29.954274 18.227155 -0.132948 -0.627892 404.711 0 0
1500.0 122.813717 12.030420 17.805812 1.031473 0.186949 416.864 0 0
1500.0 97.280752 -39.715277 17.803500 0.661517 -0.566040 414.676 0 0
1500.0 42.283451 45.356751 17.808373 -0.182182 0.742466 414.189 0 0
1500.0 99.779695 44.089440 17.889633 0.696500 0.707211 415.996 0 0
1500.0 69.949521 -6.724427 17.915595 0.230134 -0.052180 421.245 0 0
1500.0 17.838782 12.155243 17.852700 -0.685857 0.224097 414.436 0 0
1500.0 30.557093 -40.694889 17.850854 -0.488389 -0.589913 414.599 0 0
1500.0 44.648859 62.053314 17.841183 -0.254905 0.930967 418.827 0 0
1500.0 47.262334 33.150243 17.857250 -0.233152 0.551139 414.073 0 0
1500.0 175.382645 -69.363908 17.994920 2.066674 -1.247268 408.145 0 0
1500.0 105.219855 46.819066 17.834824 0.778508 0.678577 416.823 0 0
1500.0 102.345496 28.174944 17.844111 0.753229 0.409668 415.254 0 0
1500.0 93.700149 8.965920 18.066113 0.652522 0.137444 415.335 0 0
1500.0 123.108055 12.421454 17.864177 1.013126 0.246590 417.314 0 0
1500.0 77.505261 49.612473 17.875266 0.322032 0.766290 420.188 0 0
1500.0 77.844629 49.705256 17.872347 0.349374 0.820469 415.665 0 0
1500.0 107.559865 38.393262 17.865794 0.789023 0.637883 416.731 0 0
1500.0 86.620905 54.144969 17.866731 0.476820 0.876701 416.517 0 0
1500.0 96.970155 39.720132 17.945729 0.676010 0.625345 416.208 0 0
1500.0 141.379419 -45.375895 17.807648 1.324746 -0.676218 416.809 0 0
1500.0 80.840869 -60.439162 17.841495 0.350640 -0.951357 418.979 0 0
1500.0 102.032227 56.620651 17.961926 0.813421 0.916627 410.662 0 0
1500.0 73.209532 -22.091653 18.712636 0.304222 -0.363463 425.052 0 0
1500.0 127.517248 -4.051181 17.921843 1.165608 -0.132158 413.083 0 0
1500.0 46.191549 18.768335 18.097314 -0.163715 0.321224 423.246 0 0
1500.0 74.909379 -7.632745 18.179345 0.278725 -0.189404 416.096 0 0
1500.0 114.878033 -13.706405 17.953530 0.945105 -0.189031 417.536 0 0
1500.0 126.259335 -47.410417 17.924549 1.204696 -0.787385 411.837 0 0
1500.0 65.565820 -16.378663 17.950370 0.154850 -0.328681 415.377 0 0
1500.0 72.291633 -64.588281 17.923646 0.244318 -1.015387 419.348 0 0
1500.0 109.940922 35.335359 17.847630 0.817937 0.596321 417.962 0 0
1500.0 77.860134 22.912340 17.869429 0.314716 0.383335 422.579 0 0
1500.0 120.123121 4.103550 17.919247 0.968286 0.023052 420.911 0 0
1500.0 57.742900 -3.660611 17.877244 -0.027089 -0.115244 423.636 0 0
1500.0 119.606163 -21.450020 17.867568 0.953619 -0.409975 416.180 0 0
1500.0 3.421614 -3.678200 18.000187 -0.877937 -0.042940 417.874 0 0
1500.0 54.121153 6.287159 18.020937 -0.113646 0.110677 416.190 0 0
1500.0 74.915374 42.385601 17.877112 0.235173 0.723292 416.869 0 0
1500.0 107.839849 19.983085 17.829858 0.824559 0.346076 417.515 0 0
1500.0 58.616653 41.761876 18.317929 -0.012733 0.746032 411.733 0 0
1500.0 88.838295 -12.957477 18.237089 0.527646 -0.272354 417.954 0 0
1500.0 78.712331 -40.225061 18.230295 0.370705 -0.680380 418.526 0 0
1500.0 30.324492 53.464661 17.799608 -0.460713 0.873107 418.273 0 0
1500.0 106.547110 28.195590 17.806207 0.701154 0.497985 417.362 0 0
1500.0 31.099530 45.100648 17.805139 -0.454433 0.755712 417.482 0 0
1500.0 58.355674 52.725787 17.831074 0.071639 0.845592 417.662 0 0
1500.0 114.695900 74.051097 17.856880 0.937129 1.123553 418.487 0 0
1500.0 68.094651 5.552784 18.054496 0.220925 0.037038 424.742 0 0
1500.0 66.711325 -16.057102 18.052851 0.202132 -0.262117 424.624 0 0
1500.0 105.655656 -24.384127 17.871600 0.773714 -0.434671 418.056 0 0
1500.0 90.520971 -46.369783 17.869055 0.540485 -0.765772 418.382 0 0
1500.0 21.361258 41.969011 17.959378 -0.558177 0.691485 419.686 0 0
1500.0 55.286070 41.087400 17.967919 -0.054916 0.692704 418.295 0 0
1500.0 60.121597 57.879016 17.958106 0.017838 0.913830 420.732 0 0
1500.0 104.441467 -2.482987 18.096169 0.752873 -0.035732 423.824 0 0
1500.0 84.898220 39.698452 18.390947 0.475845 0.739087 412.562 0 0
1500.0 82.364790 -29.940790 18.293184 0.425082 -0.575821 412.949 0 0
1500.0 70.408161 -3.369563 17.868465 0.200718 0.025475 416.524 0 0
1500.0 22.419983 -8.407193 17.903680 -0.587327 -0.192545 417.480 0 0
1500.0 86.506817 -54.873988 17.887984 0.393501 -0.888250 419.138 0 0
1500.0 44.527768 84.621840 17.823929 -0.196953 1.287966 422.809 0 0
1500.0 86.727125 -38.679607 18.259638 0.604725 -0.676634 412.266 0 0
1500.0 112.912252 -14.366916 18.051136 0.920854 -0.244119 420.108 0 0
1500.0 108.641579 38.650225 17.792267 0.813130 0.627531 420.100 0 0
1500.0 85.088665 9.611345 17.815765 0.431117 0.179964 424.542 0 0
1500.0 81.189435 -0.905582 18.134591 0.406075 0.020226 427.273 0 0
1500.0 125.038956 -2.326015 17.854756 1.038266 -0.087533 421.713 0 0
1500.0 62.049495 -25.101644 17.879127 0.120720 -0.447475 417.803 0 0
1500.0 5.158042 -11.848190 17.896896 -0.864193 -0.146785 419.333 0 0
1500.0 65.865604 -23.136889 18.129963 0.086894 -0.381437 418.967 0 0
1500.0 53.516140 -33.404000 18.125942 -0.102494 -0.536941 419.248 0 0
1500.0 14.370519 -0.604181 17.935908 -0.715070 -0.059534 419.021 0 0
1500.0 76.833707 29.156701 18.576651 0.331221 0.500264 419.384 0 0
1500.0 86.623791 59.624574 17.794407 0.431245 0.954216 421.720 0 0
1500.0 20.735632 43.494259 17.803863 -0.526605 0.694672 423.778 0 0
1500.0 111.592410 13.953074 18.071658 0.956900 0.169906 414.953 0 0
1500.0 194.875536 -9.374688 18.185620 2.420023 -0.185628 413.255 0 0
1500.0 123.606976 1.210684 17.841084 1.030769 -0.006424 422.550 0 0
1500.0 113.475328 -26.028749 17.967712 0.884707 -0.385253 423.990 0 0
1500.0 120.417436 -18.259900 17.963757 0.998098 -0.277589 423.029 0 0
1500.0 123.025230 1.954544 17.963082 1.047491 0.016752 422.279 0 0
1500.0 89.693605 3.280107 18.415135 0.626884 0.037878 421.033 0 0
1500.0 84.431585 -11.488761 18.418343 0.498319 -0.167104 427.667 0 0
1500.0 65.335686 14.048963 18.006085 0.166296 0.217217 430.043 0 0
1500.0 45.263473 34.114061 18.207529 -0.212833 0.551847 420.555 0 0
1500.0 49.667246 3.845161 17.997163 -0.128266 -0.015732 419.136 0 0
1500.0 47.520677 42.802880 17.810869 -0.126226 0.727812 419.731 0 0
1500.0 120.662736 4.355331 17.798647 0.981716 0.130712 421.202 0 0
1500.0 73.825843 51.452410 17.806440 0.259465 0.797533 424.919 0 0
1500.0 75.314612 34.346115 17.813509 0.304308 0.599169 419.511 0 0
1500.0 114.368826 -2.832366 17.803604 0.896592 0.022359 420.466 0 0
1500.0 100.302499 -48.617665 17.811391 0.703803 -0.749347 422.345 0 0
1500.0 48.074368 10.368916 18.409852 -0.200460 0.191816 414.226 0 0
1500.0 73.579966 22.672792 18.080958 0.201658 0.370810 426.407 0 0
1500.0 108.451513 -23.478791 18.471733 0.970995 -0.401661 417.528 0 0
1500.0 119.025781 -19.267529 17.868769 0.989643 -0.267762 422.769 0 0
1500.0 97.444913 -17.227337 17.846886 0.688187 -0.257673 420.527 0 0
1500.0 88.676678 38.296014 17.987885 0.529967 0.644623 422.310 0 0
1500.0 100.680495 6.040141 17.994655 0.657639 0.142532 427.789 0 0
1500.0 65.831047 53.447683 17.985234 0.181948 0.871003 422.604 0 0
1500.0 106.430148 -16.564205 18.039254 0.833544 -0.234140 422.812 0 0
1500.0 97.256207 12.031242 18.047637 0.643034 0.183311 428.146 0 0
1500.0 85.855616 45.927311 17.801807 0.450113 0.701691 426.595 0 0
1500.0 56.402353 26.081828 18.284869 0.054863 0.470653 422.458 0 0
1500.0 62.679141 1.241088 18.059330 0.101139 -0.050972 429.274 0 0
1500.0 87.949983 -14.298669 18.129597 0.524467 -0.317843 417.638 0 0
1500.0 65.854448 -26.313039 18.671227 0.170615 -0.439048 424.320 0 0
1500.0 39.013104 2.551273 18.049574 -0.355207 0.122028 415.519 0 0
1500.0 59.024468 -29.713848 17.888944 0.038539 -0.537053 421.581 0 0
1500.0 101.332545 -18.395647 17.882805 0.633384 -0.329173 427.879 0 0
1500.0 73.510107 -48.770596 17.954815 0.317429 -0.781414 422.900 0 0
1500.0 17.183793 41.925411 17.978075 -0.642333 0.686434 423.808 0 0
1500.0 66.410598 16.047274 18.006455 0.127326 0.291548 429.305 0 0
1500.0 70.810065 4.989965 17.914984 0.215060 0.000902 424.469 0 0
1500.0 26.676135 -14.564732 17.894560 -0.460186 -0.273578 427.798 0 0
1500.0 57.174131 -54.822225 17.880859 -0.028858 -0.880893 424.885 0 0
1500.0 29.395161 38.002904 18.148343 -0.459260 0.704738 418.297 0 0
1500.0 66.921859 12.849046 18.092083 0.212988 0.262683 422.426 0 0
1500.0 80.206516 57.773139 17.816703 0.382252 0.854017 427.458 0 0
1500.0 46.984353 -7.197925 18.945060 -0.218599 -0.115229 410.926 0 0
1500.0 56.624567 63.061090 17.916157 -0.010825 0.973391 427.783 0 0
1500.0 91.258836 -2.166556 18.026570 0.579907 0.029931 422.941 0 0
1500.0 109.719933 -2.006441 18.455003 0.915805 -0.022806 425.951 0 0
1500.0 100.367152 19.789560 18.458683 0.783399 0.299450 425.512 0 0
1500.0 82.037209 30.524594 17.916638 0.380947 0.547645 422.780 0 0
1500.0 30.493117 -52.615313 17.961565 -0.425930 -0.860041 424.468 0 0
1500.0 68.200296 -54.631684 17.886695 0.142085 -0.902514 424.148 0 0
1500.0 21.978536 -45.587807 17.887721 -0.527328 -0.721075 428.180 0 0
1500.0 8.362758 -45.007372 17.879938 -0.738379 -0.728834 426.640 0 0
1500.0 19.415525 -49.905443 17.883537 -0.569050 -0.789860 427.559 0 0
1500.0 63.132515 -41.618935 17.974753 0.158922 -0.683560 423.523 0 0
1500.0 99.126087 -3.415623 17.974150 0.710401 -0.097559 423.574 0 0
1500.0 3.075094 -34.021201 17.796010 -0.876162 -0.560875 425.341 0 0
1500.0 45.609072 -59.549731 17.801561 -0.233314 -0.911155 427.607 0 0
1500.0 76.734242 -29.572796 17.817401 0.233095 -0.515837 422.566 0 0
1500.0 32.387654 -21.559809 17.818068 -0.414044 -0.353880 429.310 0 0
1500.0 62.610340 -35.445528 17.817910 0.011892 -0.549671 429.298 0 0
1500.0 34.322220 -49.917303 17.802814 -0.418532 -0.815387 423.927 0 0
1500.0 8.112764 41.801606 17.798609 -0.810070 0.577522 424.588 0 0
1500.0 18.583800 -27.706588 17.807540 -0.663922 -0.480563 423.396 0 0
1500.0 1.153661 40.230265 17.795709 -0.894424 0.541262 426.122 0 0
1500.0 -7.112876 16.971417 17.796718 -1.009153 0.196634 426.609 0 0
1500.0 4.089100 13.086499 17.806769 -0.824973 0.136399 428.269 0 0
1500.0 81.371907 -64.514217 17.795575 0.289993 -1.006783 425.960 0 0
1500.0 38.360115 -49.318544 17.804438 -0.358038 -0.808704 423.729 0 0
1500.0 84.995574 -52.625500 17.802318 0.353892 -0.855838 423.992 0 0
1500.0 101.459528 -44.846579 17.961426 0.690109 -0.699374 427.897 0 0
1500.0 22.330709 49.563071 17.841142 -0.539454 0.823166 424.774 0 0
1500.0 68.606000 8.624084 18.333196 0.224090 0.207273 424.300 0 0
1500.0 96.615795 35.640661 18.373040 0.675624 0.642811 421.891 0 0
1500.0 80.658588 4.074402 18.323034 0.436610 0.057860 431.792 0 0
1500.0 107.359598 -20.122246 18.147253 0.804436 -0.359222 426.958 0 0
1500.0 81.330620 65.568087 17.942064 0.452190 1.098561 420.965 0 0
1500.0 109.396421 -21.228857 18.376893 0.945399 -0.322721 423.382 0 0
1500.0 56.245928 23.094810 17.892872 0.011146 0.430413 423.264 0 0
1500.0 35.537026 9.088370 17.955405 -0.373400 0.207772 423.710 0 0
1500.0 95.575720 5.574828 17.924152 0.596302 0.117049 430.484 0 0
1500.0 133.265388 34.144927 18.123687 1.325690 0.613731 420.371 0 0
1500.0 -5.430819 -5.060183 18.015885 -1.084935 -0.095325 421.572 0 0
1500.0 115.757306 54.801757 18.410730 1.084161 0.972675 419.579 0 0
1500.0 99.073081 -6.673878 18.331078 0.781673 -0.043572 420.005 0 0
1500.0 65.597044 -41.016697 17.834530 0.136103 -0.642930 430.638 0 0
1500.0 28.051113 -91.635895 17.825252 -0.555009 -1.436392 423.307 0 0
1500.0 102.229599 -24.896669 17.942602 0.710292 -0.352290 430.551 0 0
1500.0 122.010086 8.584225 17.930911 1.016078 0.124889 428.762 0 0
1500.0 115.852769 -12.006580 17.933601 0.958676 -0.180230 426.461 0 0
1500.0 72.721368 11.368749 17.991479 0.199826 0.237471 424.347 0 0
1500.0 32.796751 -18.790120 18.129998 -0.482123 -0.268944 418.604 0 0
1500.0 122.469376 14.556503 17.856589 1.028084 0.203337 427.860 0 0
1500.0 121.458748 12.205794 17.858601 0.999389 0.166370 428.796 0 0
1500.0 45.983188 -45.299951 18.021781 -0.213084 -0.742761 425.762 0 0
1500.0 74.594114 -26.104647 18.031177 0.225338 -0.455596 425.007 0 0
1500.0 31.479127 -36.432104 18.022831 -0.434658 -0.608561 425.666 0 0
1500.0 113.199861 20.024360 18.177499 0.956681 0.409730 421.272 0 0
1500.0 12.307004 -14.104913 17.932119 -0.788364 -0.171064 422.801 0 0
1500.0 65.514455 -74.055219 18.088683 0.194382 -1.269000 422.322 0 0
1500.0 -9.950664 -6.570777 17.801283 -1.025347 -0.166186 428.891 0 0
1500.0 19.510811 -46.603945 17.806647 -0.581808 -0.741271 430.117 0 0
1500.0 37.330115 -57.112949 17.803866 -0.339317 -0.933728 427.097 0 0
1500.0 60.842193 -111.051455 17.959031 0.088100 -1.831921 424.105 0 0
1500.0 73.160275 -63.625098 17.838987 0.197728 -0.995472 429.660 0 0
1500.0 30.818040 -44.663185 17.849280 -0.409949 -0.703331 431.209 0 0
1500.0 35.638505 -61.592650 17.838051 -0.350416 -0.969881 429.376 0 0
1500.0 77.914154 -5.248493 18.161458 0.404765 -0.126539 427.014 0 0
1500.0 64.543652 -18.161767 18.163052 0.185547 -0.295788 432.914 0 0
1500.0 106.947598 -7.150671 18.148362 0.796183 -0.146431 431.040 0 0
1500.0 -5.729064 -19.225734 17.866655 -0.995644 -0.316679 429.292 0 0
1500.0 37.281879 -5.672845 17.899740 -0.386708 -0.120498 425.456 0 0
1500.0 -8.620518 9.818096 17.873660 -1.041160 0.114147 429.187 0 0
1500.0 70.980571 15.813189 18.138210 0.164929 0.263741 426.523 0 0
1500.0 36.969163 -35.930667 17.895793 -0.309873 -0.559942 434.143 0 0
1500.0 16.569018 52.323270 17.791792 -0.686533 0.781352 429.628 0 0
1500.0 33.654438 63.483734 17.791313 -0.438200 0.952291 429.150 0 0
1500.0 37.707381 -45.921835 17.804265 -0.392950 -0.695294 426.606 0 0
1500.0 64.850019 -0.562285 17.822150 0.025582 0.003331 425.275 0 0
1500.0 7.189670 31.251290 17.795351 -0.848518 0.484965 427.709 0 0
1500.0 118.431681 27.662959 17.909056 0.936328 0.470978 429.892 0 0
1500.0 121.517199 15.334799 17.909852 0.992143 0.292699 429.178 0 0
1500.0 114.053041 -61.049159 17.991507 0.931603 -0.996042 427.032 0 0
1500.0 30.629634 20.826530 17.839764 -0.448863 0.397616 426.429 0 0
1500.0 91.386557 28.069753 17.911130 0.484727 0.498629 427.005 0 0
1500.0 37.728348 66.581759 17.840215 -0.313943 1.122260 425.939 0 0
1500.0 51.846020 38.947676 18.543100 -0.039870 0.726108 422.589 0 0
1500.0 121.188407 -9.583727 18.032101 1.017436 -0.188086 429.975 0 0
1500.0 51.188453 32.185692 18.265938 -0.113649 0.622136 421.383 0 0
1500.0 146.471592 48.348099 17.910158 1.524480 0.795234 424.002 0 0
1500.0 58.903121 -53.450384 17.891910 0.008146 -0.888038 428.430 0 0
1500.0 22.731681 6.669728 17.835065 -0.624624 0.089538 427.306 0 0
1500.0 113.057612 -57.612079 17.828568 0.844246 -0.908567 431.188 0 0
1500.0 -22.162256 84.821643 17.954825 -1.286127 1.462947 424.349 0 0
1500.0 100.155322 12.268465 17.866632 0.705480 0.132026 427.893 0 0
1500.0 101.924644 -8.811008 18.150095 0.763928 -0.084049 429.288 0 0
1500.0 117.306123 0.490735 17.915695 0.978404 0.000430 429.997 0 0
1500.0 11.674565 63.141481 18.079262 -0.787009 1.159643 422.279 0 0
1500.0 23.254411 -37.319418 17.841612 -0.541921 -0.584081 434.057 0 0
1500.0 19.501312 -53.141537 17.829451 -0.612533 -0.832709 432.088 0 0
1500.0 46.347224 -58.537463 17.813843 -0.162495 -0.915390 433.269 0 0
1500.0 52.843668 -34.765122 18.221630 -0.134002 -0.682044 420.474 0 0
1500.0 231.694829 -66.422478 17.907488 2.869366 -1.098596 426.253 0 0
1500.0 -43.282051 118.081971 18.040407 -1.812568 2.057995 422.367 0 0
1500.0 79.722762 -29.162173 17.900737 0.420601 -0.459138 428.777 0 0
1500.0 58.513863 22.856839 18.010442 0.072215 0.403373 431.244 0 0
1500.0 60.564039 -44.476756 17.813153 -0.041776 -0.685602 428.597 0 0
1500.0 106.642518 -24.688006 17.994535 0.830846 -0.360374 430.507 0 0
1500.0 86.339534 51.234907 17.825958 0.378676 0.801371 434.017 0 0
1500.0 34.022177 41.642535 17.829376 -0.398130 0.710782 429.406 0 0
1500.0 56.940069 41.687870 17.833564 -0.046370 0.715675 429.024 0 0
1500.0 37.729839 0.133473 17.845147 -0.310863 0.066677 435.755 0 0
1500.0 32.371874 26.952496 17.894280 -0.468097 0.374666 425.923 0 0
1500.0 110.630991 -39.486339 17.845587 0.879404 -0.693781 427.269 0 0
1500.0 3.645913 -32.676613 17.796568 -0.779617 -0.544060 433.621 0 0
1500.0 82.115917 -5.767882 18.274500 0.394055 -0.171837 421.022 0 0
1500.0 43.552275 -35.297735 17.812062 -0.195161 -0.618103 428.982 0 0
1500.0 86.672717 -59.375632 17.793223 0.450549 -0.942295 432.373 0 0
1500.0 121.918428 -6.397053 17.935355 1.034702 -0.105715 432.101 0 0
1500.0 124.952489 24.430285 18.112111 1.282016 0.434564 420.565 0 0
1500.0 11.129391 48.076063 17.900788 -0.745137 0.727591 433.018 0 0
1500.0 75.267032 -14.929739 18.133739 0.263144 -0.274303 437.163 0 0
1500.0 25.552396 40.580153 17.868171 -0.515999 0.617786 435.066 0 0
1500.0 46.032869 0.984020 17.991502 -0.238427 -0.014826 429.265 0 0
1500.0 40.668277 226.806809 17.825940 -0.295016 3.611066 429.144 0 0
1500.0 46.252544 -53.614063 17.865023 -0.174561 -0.891411 430.779 0 0
1500.0 53.778801 -9.239196 17.886607 -0.061803 -0.222684 428.968 0 0
1500.0 43.230153 17.213898 18.141382 -0.261402 0.283511 430.462 0 0
1500.0 153.567552 -57.594541 17.809060 1.520411 -0.909270 431.298 0 0
1500.0 81.536255 -5.924448 18.249621 0.440507 -0.092184 438.379 0 0
1500.0 84.324596 -24.893415 18.243407 0.527488 -0.388658 431.663 0 0
1500.0 122.431614 6.046942 17.926183 1.089946 0.171969 426.923 0 0
1500.0 120.430675 -17.466398 18.022530 1.078102 -0.243869 429.259 0 0
1500.0 67.964186 -42.352809 18.176693 0.142823 -0.695212 431.924 0 0
1500.0 73.733774 -16.145624 18.265587 0.303139 -0.279652 438.954 0 0
1500.0 65.017407 -54.612121 17.962557 0.162110 -0.891304 432.190 0 0
1500.0 50.505723 26.948602 18.291751 -0.162537 0.465250 426.052 0 0
1500.0 143.375723 3.052693 17.926634 1.472514 0.080137 427.347 0 0
1500.0 97.591579 27.128906 18.027850 0.701587 0.395373 432.019 0 0
1500.0 64.822271 38.442450 17.982616 0.031498 0.643555 425.474 0 0
1500.0 30.006746 -3.522501 17.927708 -0.437285 -0.091031 437.860 0 0
1500.0 34.530438 -8.980503 17.927487 -0.415771 -0.185934 430.683 0 0
1500.0 69.716171 -6.033851 18.237560 0.276326 -0.080804 439.281 0 0
1500.0 79.896538 -13.677426 18.227994 0.345397 -0.256738 439.078 0 0
1500.0 91.370567 12.673765 18.294257 0.631085 0.226305 433.050 0 0
1500.0 77.404334 64.721617 17.872879 0.245232 1.015420 434.642 0 0
1500.0 49.000881 -17.736871 17.882306 -0.164332 -0.303363 438.867 0 0
1500.0 103.506666 22.073847 18.286087 0.786007 0.361282 435.968 0 0
1500.0 -22.529316 -65.173698 17.830129 -1.267475 -1.088998 431.856 0 0
1500.0 96.956503 12.404835 18.313121 0.696397 0.268648 431.331 0 0
1500.0 95.266619 26.791585 17.866867 0.642841 0.450049 432.841 0 0
1500.0 -55.653843 76.797355 17.809759 -1.788224 1.169841 434.199 0 0
1500.0 92.540197 -33.862557 18.280753 0.622973 -0.563713 434.872 0 0
1500.0 111.355084 2.487144 18.035440 0.905585 0.047966 434.413 0 0
1500.0 115.625330 -32.588267 17.916761 0.888551 -0.540692 436.636 0 0
1500.0 53.608822 57.857263 17.848331 -0.002367 0.923393 434.037 0 0
1500.0 64.996551 -64.881145 17.895420 0.162978 -1.021068 435.638 0 0
1500.0 105.357765 -43.371323 17.895311 0.763098 -0.700520 435.682 0 0
1500.0 112.717351 -36.144843 17.894624 0.866475 -0.588927 436.153 0 0
1500.0 105.883960 -45.818475 17.908170 0.791092 -0.686460 436.228 0 0
1500.0 98.987892 32.856895 17.819338 0.700572 0.485086 433.891 0 0
1500.0 55.259435 0.547395 17.895998 -0.022462 0.085446 432.669 0 0
1500.0 76.425208 6.555857 17.846674 0.342204 0.044401 431.770 0 0
1500.0 11.039603 -31.145432 17.920238 -0.771983 -0.528862 433.847 0 0
1500.0 120.698621 -8.032672 17.796183 0.985528 -0.182366 435.262 0 0
1500.0 112.610036 -0.452719 17.854675 0.898306 -0.048988 434.657 0 0
1500.0 44.234301 58.850718 17.897854 -0.181388 0.959528 435.785 0 0
1500.0 131.438529 -70.187200 17.968199 1.220759 -1.175868 432.815 0 0
1500.0 25.737854 32.039728 18.108339 -0.527058 0.506874 435.475 0 0
1500.0 56.508552 1.522547 18.122943 -0.060485 0.043885 434.413 0 0
1500.0 90.934245 47.787146 17.871354 0.486921 0.755462 439.677 0 0
1500.0 54.567061 59.657951 17.869813 -0.034142 0.928299 439.467 0 0
1500.0 123.633660 6.606473 17.815002 1.035497 0.115447 437.990 0 0
1500.0 123.053715 4.328281 17.816045 1.020689 0.081436 438.408 0 0
1500.0 84.647611 -49.600531 18.004463 0.403052 -0.820019 436.352 0 0
1500.0 87.511477 -7.178948 18.115030 0.454692 -0.167427 442.289 0 0
1500.0 95.917549 -30.534543 17.885668 0.609006 -0.540918 436.174 0 0
1500.0 74.446045 -54.825268 17.881953 0.261925 -0.853087 440.748 0 0
1500.0 115.346278 -11.749034 18.102369 0.971380 -0.252220 434.916 0 0
1500.0 94.738850 18.791293 17.860581 0.580895 0.229045 442.140 0 0
1500.0 79.694637 -37.297961 18.165408 0.354112 -0.720708 429.392 0 0
1500.0 94.492473 -52.461980 17.814809 0.599062 -0.769571 440.405 0 0
1500.0 88.038342 -37.724857 17.826281 0.495374 -0.544835 441.819 0 0
1500.0 122.119786 11.150929 17.970813 1.029682 0.193124 439.797 0 0
1500.0 -46.785115 -28.040941 17.893143 -1.790130 -0.425307 433.016 0 0
1500.0 18.442497 -37.476922 17.844031 -0.665920 -0.528503 437.221 0 0
1500.0 101.913881 -18.217712 18.156384 0.735396 -0.343731 438.320 0 0
1500.0 104.898855 25.133986 17.971249 0.859152 0.409485 432.897 0 0
1500.0 61.349641 -59.562681 17.879100 0.111826 -0.985091 436.271 0 0
1500.0 120.197411 21.360419 17.827816 0.994616 0.330332 439.790 0 0
1500.0 70.987377 -63.886369 17.963754 0.245750 -1.010071 439.918 0 0
1500.0 4.846680 36.722473 17.861104 -0.832806 0.565726 441.253 0 0
1500.0 26.662171 59.061403 17.859380 -0.519867 0.897186 440.723 0 0
1500.0 60.342042 -38.797426 17.928736 0.073333 -0.676945 437.187 0 0
1500.0 110.972090 -21.269719 17.948758 0.837195 -0.328792 443.098 0 0
1500.0 66.155856 1.304312 18.075796 0.116548 0.087151 437.140 0 0
1500.0 58.733274 -62.610019 17.846340 0.002981 -0.977722 442.236 0 0
1500.0 13.375736 -38.192760 17.850663 -0.647324 -0.618546 442.887 0 0
1500.0 28.247160 -49.247936 17.866226 -0.412273 -0.815854 439.182 0 0
1500.0 82.912354 -27.909279 17.879604 0.387551 -0.455148 444.444 0 0
1500.0 119.113527 -26.820034 17.858855 0.941230 -0.461503 441.105 0 0
1500.0 63.440087 -66.151766 17.879267 0.067870 -1.041010 441.655 0 0
1500.0 26.542791 -1.374406 17.902408 -0.501023 -0.096282 437.880 0 0
1500.0 122.050887 -9.866451 17.986953 1.098819 -0.232673 434.726 0 0
1500.0 81.562026 -37.547025 18.374846 0.428971 -0.635237 440.755 0 0
1500.0 94.121579 40.967367 17.873541 0.529568 0.728459 435.169 0 0
1500.0 94.759357 5.485433 18.117223 0.683770 0.040418 436.402 0 0
1500.0 115.463265 1.939902 18.117783 0.968218 -0.010661 440.230 0 0
1500.0 16.018767 99.499379 17.826916 -0.602335 1.585046 439.712 0 0
1500.0 83.279932 58.228817 17.909349 0.387597 0.912839 443.460 0 0
1500.0 57.727573 34.047527 18.060914 -0.063084 0.553202 436.269 0 0
1500.0 6.070631 34.974706 17.899670 -0.808293 0.588478 441.058 0 0
1500.0 92.110562 28.726836 17.913558 0.494619 0.507573 439.377 0 0
1500.0 113.125958 -79.352617 18.121207 0.972085 -1.348548 436.293 0 0
1500.0 87.517453 -48.795758 17.922234 0.481180 -0.808998 440.797 0 0
1500.0 78.060364 -41.010328 17.929974 0.342875 -0.700678 439.921 0 0
1500.0 107.708992 -14.669470 17.930854 0.786335 -0.193549 445.153 0 0
1500.0 84.683474 -53.052651 17.990212 0.388200 -0.919446 436.294 0 0
1500.0 121.450402 -19.340318 17.802198 1.005496 -0.279528 442.825 0 0
1500.0 88.936149 -10.949350 17.823333 0.555993 -0.164649 439.220 0 0
1500.0 11.497805 -32.879895 17.991638 -0.740037 -0.541515 441.330 0 0
1500.0 106.631762 -33.335854 17.881549 0.720249 -0.547034 445.496 0 0
1500.0 86.966510 18.608427 18.041876 0.433984 0.328496 447.555 0 0
1500.0 70.046634 32.238556 18.041544 0.198423 0.518508 447.528 0 0
1500.0 41.426215 27.276443 18.041908 -0.221164 0.496172 440.758 0 0
1500.0 86.579321 -64.262945 18.239073 0.570763 -1.157770 434.723 0 0
1500.0 85.540736 -45.470211 17.850208 0.381636 -0.717925 446.130 0 0
1500.0 70.320308 -0.804173 17.867807 0.161404 -0.079897 447.603 0 0
1500.0 96.674078 -10.781235 17.857398 0.587470 -0.243269 440.488 0 0
1500.0 117.878350 -19.050216 18.062969 1.092016 -0.370592 435.281 0 0
1500.0 80.971688 -29.536832 18.140642 0.373776 -0.477349 448.497 0 0
1500.0 58.723913 20.056670 18.097060 0.067980 0.382435 441.553 0 0
1500.0 91.700477 12.650088 18.090242 0.571568 0.266345 442.044 0 0
1500.0 102.298733 2.600678 17.925063 0.779725 0.008004 439.941 0 0
1500.0 92.956281 -30.167945 18.253501 0.670950 -0.608141 433.982 0 0
1500.0 111.274802 -7.777357 18.029627 0.849126 -0.104127 447.593 0 0
1500.0 87.582460 -38.165997 18.146137 0.455274 -0.655589 441.541 0 0
1500.0 105.428278 36.264494 18.034846 0.802462 0.573032 444.056 0 0
1500.0 5.665552 18.917080 17.804039 -0.825397 0.264001 446.767 0 0
1500.0 7.707466 -43.493503 17.794327 -0.820782 -0.650401 444.671 0 0
1500.0 54.520919 -16.077252 17.822696 -0.136612 -0.260059 440.786 0 0
1500.0 62.509906 -3.158026 18.002580 0.107644 0.020073 449.398 0 0
1500.0 113.762017 -5.308243 17.820077 0.852954 -0.120461 447.140 0 0
1500.0 97.958515 -46.633685 18.386793 0.727297 -0.844878 438.448 0 0
1500.0 88.886792 6.674228 18.387303 0.506154 0.150995 452.212 0 0
1500.0 119.970409 8.529620 17.838247 0.982070 0.186560 444.392 0 0
1500.0 113.489684 35.608996 17.873584 0.868566 0.586586 445.736 0 0
1500.0 86.183821 19.840078 17.893820 0.487316 0.370459 442.663 0 0
1500.0 114.191812 0.221877 17.818401 0.894625 -0.037811 445.466 0 0
1500.0 65.024472 -46.546121 17.979939 0.187609 -0.756268 443.623 0 0
1500.0 53.917525 -39.212763 17.867434 -0.083252 -0.611205 449.949 0 0
1500.0 120.120647 -33.047949 18.094714 1.088100 -0.621762 438.735 0 0
1500.0 68.023927 12.587873 18.153740 0.249193 0.258895 441.640 0 0
1500.0 35.842897 27.480676 17.879618 -0.413651 0.405789 443.166 0 0
1500.0 17.924654 12.652769 17.877233 -0.628872 0.159900 449.591 0 0
1500.0 38.330427 13.792927 17.883978 -0.376863 0.194438 442.860 0 0
1500.0 117.472703 50.333800 17.974675 1.043181 0.904653 439.017 0 0
1500.0 75.207378 21.369008 17.874912 0.196528 0.353358 443.155 0 0
1500.0 106.922136 20.993153 17.837238 0.760712 0.266642 449.249 0 0
1500.0 47.975173 39.885471 17.868875 -0.140385 0.691822 443.954 0 0
1500.0 81.058880 -47.474624 17.867919 0.310548 -0.823794 441.559 0 0
1500.0 80.714404 -83.201938 17.809571 0.403697 -1.242076 447.858 0 0
1500.0 92.235668 57.040931 17.848200 0.588248 0.852342 446.981 0 0
1500.0 113.425364 26.374482 17.852730 0.874533 0.382057 449.258 0 0
1500.0 111.658828 -35.614247 17.848658 0.880076 -0.530680 446.814 0 0
1500.0 110.417041 34.373318 17.851850 0.832912 0.498478 449.111 0 0
1500.0 123.182017 -9.184608 17.847816 1.033681 -0.133168 448.022 0 0
1500.0 48.482817 46.130265 18.104146 -0.095322 0.823081 441.618 0 0
1500.0 32.791845 22.026693 17.854637 -0.374689 0.376680 451.142 0 0
1500.0 148.153787 12.450231 18.152728 1.599369 0.211626 440.802 0 0
1500.0 123.425531 -3.733309 17.813185 1.026664 -0.075817 448.674 0 0
1500.0 82.643026 29.905771 17.925448 0.442868 0.517314 445.879 0 0
1500.0 70.588698 -29.634859 17.990532 0.276607 -0.528433 443.364 0 0
1500.0 91.436781 12.803327 18.095306 0.565452 0.172023 453.140 0 0
1500.0 6.447805 13.112000 17.951681 -0.857665 0.265484 444.633 0 0
1500.0 58.179555 -24.923142 17.882891 -0.067208 -0.365755 445.571 0 0
1500.0 73.291072 -34.182303 18.006332 0.319450 -0.569180 446.717 0 0
1500.0 87.214211 55.205471 17.942806 0.470896 0.896042 448.685 0 0
1500.0 74.553430 61.779505 17.943485 0.272860 0.962184 450.911 0 0
1500.0 71.238320 49.794378 17.953329 0.220527 0.773461 452.307 0 0
1500.0 111.664354 -37.916241 17.826378 0.852818 -0.608931 449.321 0 0
1500.0 74.259999 -29.024586 17.847403 0.312913 -0.500132 446.223 0 0
1500.0 106.948930 25.913257 17.881892 0.825940 0.387205 447.808 0 0
1500.0 115.880258 -20.781575 17.877071 0.950394 -0.318225 448.584 0 0
1500.0 16.894927 45.789647 17.843307 -0.684698 0.722009 448.901 0 0
1500.0 90.419264 -16.375999 17.955972 0.537407 -0.220560 454.140 0 0
1500.0 108.603537 9.759824 17.973606 0.855208 0.115161 449.486 0 0
1500.0 100.143668 21.960192 17.976936 0.730601 0.301877 449.145 0 0
1500.0 86.882226 34.947197 17.811422 0.461215 0.613750 448.534 0 0
1500.0 94.440233 12.859630 17.816354 0.581509 0.274795 448.120 0 0
1500.0 77.094428 -2.405225 17.825131 0.315242 0.038184 447.504 0 0
1500.0 47.505602 49.192738 17.810815 -0.135033 0.769923 453.886 0 0
1500.0 120.082630 25.103746 17.797493 0.941213 0.446665 450.747 0 0
1500.0 65.316258 64.377019 17.798816 0.121804 1.011658 452.126 0 0
1500.0 80.436600 9.096839 17.823851 0.329033 0.195534 454.988 0 0
1500.0 53.569091 24.092150 18.105458 -0.037431 0.401851 456.063 0 0
1500.0 119.609944 -0.160663 17.875404 0.965360 -0.016993 453.246 0 0
1500.0 0.891965 21.295086 17.851102 -0.917526 0.415033 447.298 0 0
1500.0 126.015963 -6.454284 18.338996 1.287761 -0.072643 442.349 0 0
1500.0 55.348475 -53.073653 17.844297 0.032615 -0.849835 448.636 0 0
1500.0 110.146490 45.425650 17.820614 0.764072 0.724462 453.960 0 0
1500.0 44.378993 24.074043 17.929056 -0.209629 0.442674 450.319 0 0
1500.0 114.865985 41.849612 17.814220 0.879677 0.604595 455.009 0 0
1500.0 121.815488 -36.882379 17.820991 0.982032 -0.607447 452.636 0 0
1500.0 82.427888 -32.678160 18.026081 0.456095 -0.549664 450.628 0 0
1500.0 118.714213 -7.092725 17.821621 0.996529 -0.074110 450.725 0 0
1500.0 43.030535 -103.595050 17.946778 -0.274545 -1.714566 448.806 0 0
1500.0 77.765190 -43.237024 17.977848 0.278468 -0.777685 446.512 0 0
1500.0 10.532141 -7.010659 17.860880 -0.794054 -0.185512 448.545 0 0
1500.0 109.919286 39.504681 17.854431 0.767313 0.665609 452.794 0 0
1500.0 116.151295 78.199565 17.909639 1.010446 1.369151 446.313 0 0
1500.0 147.562598 13.928171 17.821597 1.387843 0.211825 454.441 0 0
1500.0 17.445475 -21.504187 17.831091 -0.700742 -0.313721 451.609 0 0
1500.0 30.394428 -10.341006 17.834573 -0.403435 -0.214051 458.201 0 0
1500.0 17.152208 -41.040363 17.818030 -0.602638 -0.659689 456.639 0 0
1500.0 104.015530 -7.119999 17.825949 0.693965 -0.185786 451.696 0 0
1500.0 77.951673 -56.176282 17.904603 0.271157 -0.915639 452.985 0 0
1500.0 61.252488 8.275962 17.865993 0.113931 0.096110 458.748 0 0
1500.0 121.238782 -8.737645 17.838538 0.990370 -0.147130 455.887 0 0
1500.0 114.159271 -12.827907 17.856722 0.856007 -0.144843 458.080 0 0
1500.0 55.568534 35.863596 17.822758 0.008742 0.559084 458.435 0 0
1500.0 116.646140 -33.205273 17.802033 0.925429 -0.441094 454.164 0 0
1500.0 96.382266 -1.684266 17.852337 0.584462 0.032208 459.420 0 0
1500.0 123.557298 -10.980341 17.984131 1.136564 -0.208236 451.048 0 0
1500.0 69.972932 -37.081113 17.984700 0.150717 -0.692065 447.936 0 0
1500.0 104.611815 11.954362 17.856374 0.783478 0.142691 453.822 0 0
1500.0 79.219973 -59.218885 17.845769 0.385089 -0.929804 455.255 0 0
1500.0 99.304804 -50.150397 17.903791 0.618700 -0.799375 457.682 0 0
1500.0 134.967224 38.331467 17.898661 1.227184 0.681560 452.556 0 0
1500.0 132.802060 0.567963 17.925918 1.276434 -0.033216 451.802 0 0
1500.0 58.948286 34.157269 18.100419 -0.059700 0.584611 450.315 0 0
1500.0 118.377834 17.824216 17.981639 0.961168 0.266933 461.822 0 0
1500.0 91.109139 -34.328724 18.023585 0.539321 -0.606684 457.426 0 0
1500.0 96.996039 -45.593293 17.852479 0.652676 -0.732142 459.159 0 0
1500.0 110.923208 -38.798716 17.802771 0.824475 -0.641028 460.239 0 0
1500.0 57.018692 -27.926885 17.827635 0.020592 -0.452061 464.263 0 0
1500.0 91.364665 55.254084 17.850608 0.600816 0.898502 456.715 0 0
1500.0 65.627340 66.784092 17.815581 0.180138 1.026377 461.533 0 0
1500.0 60.397899 33.808205 17.838621 0.096497 0.505091 465.517 0 0
1500.0 112.848493 -24.915999 17.820036 0.898713 -0.345646 460.411 0 0
1500.0 135.402824 68.772039 17.809683 1.235521 1.071702 461.428 0 0
1500.0 94.314200 51.949395 17.869670 0.591043 0.781672 465.665 0 0
1500.0 105.928994 29.269905 17.838263 0.705865 0.487320 466.439 0 0
1500.0 6.151444 -31.181303 17.819193 -0.857403 -0.445713 463.286 0 0
1500.0 0.450218 -30.915873 17.815639 -0.932684 -0.436512 464.069 0 0
1500.0 10.727347 44.733111 17.816274 -0.759715 0.678735 465.752 0 0
1500.0 114.283462 -12.889074 17.846295 0.880888 -0.180970 469.248 0 0
1500.0 112.831936 28.481396 17.840906 0.902115 0.432664 465.999 0 0
1500.0 91.340425 -37.794181 17.849937 0.589721 -0.575264 464.762 0 0
1500.0 23.145133 32.381006 17.870752 -0.505401 0.570255 465.306 0 0
