Total number of secondary electrons: 42
1500.0 94.002612 -6.552832 18.794667 0.726901 -0.120090 274.811 0 0
1500.0 75.233973 -21.220283 18.671531 0.342856 -0.385426 283.871 0 0
1500.0 104.492879 6.138861 18.531376 0.842891 0.057266 291.336 0 0
1500.0 82.149522 -21.250755 18.554594 0.466736 -0.331893 297.925 0 0
1500.0 50.235550 -195.151549 17.936810 -0.122214 -3.222536 295.635 0 0
1500.0 134.136877 38.543081 18.664456 1.487229 0.772589 289.465 0 0
1500.0 48.287413 -5.440658 18.361395 -0.150847 -0.100721 300.460 0 0
1500.0 44.096388 -3.352394 18.360911 -0.214207 -0.069061 300.494 0 0
1500.0 51.323966 22.563510 18.155464 -0.048407 0.421765 300.560 0 0
1500.0 172.303588 29.485488 18.299082 2.143191 0.482415 292.404 0 0
1500.0 67.916848 13.330226 18.173373 0.206583 0.243532 316.700 0 0
1500.0 70.934251 -51.083474 17.968748 0.204649 -0.849912 311.228 0 0
1500.0 94.584249 -40.216411 17.968168 0.562745 -0.684406 311.296 0 0
1500.0 98.090959 -11.165205 18.111172 0.696848 -0.133281 314.686 0 0
1500.0 88.600844 26.859299 17.849769 0.495168 0.412814 318.549 0 0
1500.0 104.929621 40.948475 18.083903 0.782110 0.655261 316.420 0 0
1500.0 69.632634 -29.316965 18.329443 0.175294 -0.517603 310.535 0 0
1500.0 66.413056 30.439235 17.889574 0.188708 0.451386 324.560 0 0
1500.0 71.687115 17.900125 17.988789 0.266271 0.346091 320.236 0 0
1500.0 127.546714 33.267099 18.183584 1.220905 0.601099 322.283 0 0
1500.0 40.415118 -62.085899 18.076521 -0.329830 -1.048499 323.811 0 0
1500.0 73.192714 0.658604 18.272349 0.286513 0.071795 335.806 0 0
1500.0 -6.878516 -21.578261 17.819707 -0.971645 -0.393071 331.158 0 0
1500.0 32.529993 -13.238625 17.843589 -0.408029 -0.283567 327.815 0 0
1500.0 107.654947 24.082993 17.887692 0.780027 0.374270 333.739 0 0
1500.0 54.668579 52.522195 17.973649 -0.019637 0.845889 332.245 0 0
1500.0 67.781965 45.765714 17.978031 0.169033 0.727866 333.980 0 0
1500.0 5.160977 14.911620 17.907992 -0.867362 0.236092 330.691 0 0
1500.0 115.973108 -32.836887 17.820991 0.852021 -0.571747 330.581 0 0
1500.0 119.877925 15.929681 17.903314 0.979174 0.230717 334.833 0 0
1500.0 110.751856 5.201416 17.909384 0.887915 0.078879 331.647 0 0
1500.0 70.334618 4.509855 17.929690 0.250862 0.062641 337.668 0 0
1500.0 121.496087 0.683028 17.903542 1.001866 0.009747 334.886 0 0
1500.0 106.013310 -42.475902 17.824630 0.786841 -0.601747 334.958 0 0
1500.0 57.779095 -2.963136 17.901769 -0.019556 0.028357 334.231 0 0
1500.0 37.001342 16.384830 17.895527 -0.341805 0.328365 334.651 0 0
1500.0 107.859637 5.482149 17.820292 0.801029 0.151514 337.160 0 0
1500.0 92.370110 39.288330 17.817602 0.560598 0.667971 337.446 0 0
1500.0 54.382706 59.866327 17.812409 -0.020257 0.972157 338.158 0 0
1500.0 19.308024 31.861936 17.821401 -0.560369 0.557727 337.053 0 0
1500.0 120.642275 -24.653516 17.804763 0.945921 -0.440209 342.406 0 0
1500.0 146.428694 -66.477363 17.873806 1.416673 -1.022793 341.636 0 0
