Total number of secondary electrons: 1379
1500.0 99.679430 -17.779647 17.821546 1.039587 -0.504868 282.731 0 0
1500.0 89.282816 10.620503 17.829952 0.756069 0.179772 282.824 0 0
1500.0 84.741189 -8.134702 17.091314 0.612960 -0.077728 307.180 0 0
1500.0 80.045225 26.487459 16.915444 0.547874 0.557905 308.753 0 0
1500.0 75.519995 21.674621 16.697211 0.357877 0.326591 316.111 0 0
1500.0 77.031056 -16.460461 16.986237 0.443594 -0.270929 319.400 0 0
1500.0 101.368180 14.404861 17.397692 0.825110 0.238545 322.400 0 0
1500.0 82.258560 10.611097 17.700325 0.541692 0.187758 324.365 0 0
1500.0 108.140271 6.554915 17.206029 0.877264 0.083879 324.401 0 0
1500.0 146.042700 30.171212 17.504996 1.792004 0.675923 325.391 0 0
1500.0 108.584688 -1.495346 17.040500 0.998971 -0.010431 327.101 0 0
1500.0 81.357938 -11.476296 16.751273 0.470615 -0.196295 327.593 0 0
1500.0 91.013611 -2.851344 17.016179 0.632276 -0.123803 328.661 0 0
1500.0 101.818200 -28.846226 16.147730 0.637703 -0.433787 328.748 0 0
1500.0 79.734439 -10.528649 17.004083 0.407014 -0.197861 329.430 0 0
1500.0 78.639652 10.587830 17.314426 0.429397 0.174719 330.487 0 0
1500.0 65.373907 -14.634077 16.690141 0.176210 -0.243684 331.671 0 0
1500.0 70.461608 -22.839057 17.255459 0.304050 -0.389162 333.478 0 0
1500.0 96.752060 9.457366 16.934033 0.684124 0.122952 334.104 0 0
1500.0 74.943148 0.990665 17.360641 0.371951 0.073362 334.908 0 0
1500.0 68.013254 -3.220214 17.017935 0.218349 -0.098311 335.911 0 0
1500.0 118.010821 7.536906 16.292388 0.843705 0.108115 336.157 0 0
1500.0 97.999674 48.800113 16.297426 0.588803 0.631646 336.246 0 0
1500.0 80.622083 -11.223966 17.130119 0.461901 -0.159989 336.878 0 0
1500.0 86.970360 13.934965 17.240513 0.462278 0.214241 337.151 0 0
1500.0 101.475088 -24.114941 16.447241 0.645850 -0.311521 337.217 0 0
1500.0 103.910030 11.613159 18.120543 0.874295 0.213303 337.214 0 0
1500.0 122.216173 -18.881885 16.521175 0.894346 -0.241009 338.536 0 0
1500.0 127.141040 16.591033 16.530246 0.987154 0.291162 338.771 0 0
1500.0 32.323333 -7.948433 16.477980 -0.437954 -0.127566 338.847 0 0
1500.0 84.063843 21.840176 16.468092 0.390316 0.322363 339.395 0 0
1500.0 116.630782 43.847817 16.506468 0.778583 0.661152 339.700 0 0
1500.0 62.852290 -14.079908 17.175012 0.103980 -0.185857 339.816 0 0
1500.0 91.649630 5.526537 17.553116 0.596643 0.145570 340.223 0 0
1500.0 86.699036 -3.710679 18.406540 0.589223 -0.075667 340.651 0 0
1500.0 85.424570 -14.191991 16.768279 0.447997 -0.207800 340.666 0 0
1500.0 91.402907 -22.416327 17.040265 0.547888 -0.309817 340.679 0 0
1500.0 86.391048 -9.838969 17.357123 0.525941 -0.138888 340.904 0 0
1500.0 96.528974 -26.471061 16.800686 0.584097 -0.360556 341.291 0 0
1500.0 47.236205 6.087139 17.411055 -0.140816 0.068502 342.072 0 0
1500.0 78.270097 -8.693694 17.615117 0.409905 -0.112745 342.345 0 0
1500.0 80.319135 -5.285088 17.753586 0.428067 -0.016058 342.997 0 0
1500.0 118.655452 -2.805701 16.594372 0.793921 0.023770 343.347 0 0
1500.0 125.604155 -1.365596 16.622155 0.876563 0.041832 343.872 0 0
1500.0 114.048217 -32.265194 16.853902 0.753786 -0.477343 343.924 0 0
1500.0 112.608012 28.220096 16.786893 0.704821 0.377700 344.747 0 0
1500.0 68.640024 11.672399 17.844698 0.271278 0.201192 345.032 0 0
1500.0 86.706864 -9.243458 17.326668 0.483803 -0.073705 345.412 0 0
1500.0 84.531558 73.149804 16.715829 0.349381 0.963885 345.573 0 0
1500.0 105.970241 -14.888278 16.977163 0.699340 -0.202227 345.746 0 0
1500.0 61.662076 -58.498603 17.058941 0.046072 -0.861047 345.900 0 0
1500.0 27.349544 -25.442749 16.824196 -0.436750 -0.283754 345.990 0 0
1500.0 74.056691 -6.745096 16.999340 0.267562 -0.081712 346.041 0 0
1500.0 107.506341 4.643830 17.115714 0.727907 0.077199 346.034 0 0
1500.0 81.360796 4.464548 17.682193 0.422635 0.030892 346.123 0 0
1500.0 133.688652 29.869211 16.746071 0.951996 0.425036 346.101 0 0
1500.0 141.364214 2.541173 16.761262 1.043079 0.088473 346.364 0 0
1500.0 90.154742 -6.974739 18.071703 0.610854 -0.081546 346.463 0 0
1500.0 64.031668 -23.963146 17.406044 0.139766 -0.360196 346.452 0 0
1500.0 42.901494 -10.195816 16.880628 -0.177955 -0.194912 346.412 0 0
1500.0 132.626429 -33.898588 17.007251 1.045133 -0.492380 346.445 0 0
1500.0 102.138657 -61.588765 17.403570 0.730974 -1.002602 346.566 0 0
1500.0 84.759154 5.417661 18.197488 0.529897 0.013023 346.777 0 0
1500.0 64.843259 -73.767000 16.832719 0.054100 -0.981071 346.874 0 0
1500.0 59.724314 -32.270044 16.904503 0.037731 -0.475187 346.914 0 0
1500.0 33.522161 -3.492378 17.344376 -0.383517 -0.042357 347.154 0 0
1500.0 39.934254 79.565430 16.810150 -0.198997 1.022809 347.194 0 0
1500.0 88.874702 17.505970 16.980130 0.418550 0.314533 347.226 0 0
1500.0 60.591014 -4.773390 17.232820 0.078382 -0.125783 347.715 0 0
1500.0 49.294157 -16.832282 17.238490 -0.066966 -0.280571 347.850 0 0
1500.0 98.503190 -6.369542 17.205942 0.638173 -0.136753 347.851 0 0
1500.0 90.827545 -15.552101 17.177062 0.520224 -0.214666 347.940 0 0
1500.0 127.328587 40.091104 16.860528 0.853494 0.538059 348.029 0 0
1500.0 78.247553 -28.212239 16.905835 0.329954 -0.389868 348.303 0 0
1500.0 71.106903 -0.032000 17.635371 0.268462 0.061766 348.430 0 0
1500.0 22.522628 -63.179616 16.960942 -0.476116 -0.845040 348.499 0 0
1500.0 70.767079 -60.795428 17.263637 0.186115 -0.896975 348.714 0 0
1500.0 49.065382 -57.294207 17.000619 -0.095863 -0.775375 348.830 0 0
1500.0 84.792702 -5.871376 17.456494 0.464165 -0.042658 348.880 0 0
1500.0 67.095975 -36.644836 17.248436 0.090977 -0.579092 349.006 0 0
1500.0 73.845771 -14.307388 18.325400 0.335989 -0.221165 349.488 0 0
1500.0 81.419925 -14.529026 17.002391 0.363760 -0.148085 349.490 0 0
1500.0 103.340925 -33.189115 17.026056 0.656159 -0.455417 349.618 0 0
1500.0 98.751863 -32.018858 17.217724 0.581416 -0.457847 349.898 0 0
1500.0 73.851599 -19.265830 17.810313 0.291335 -0.301936 350.350 0 0
1500.0 78.155377 -5.443230 17.970619 0.389530 -0.062959 350.462 0 0
1500.0 86.459891 6.943979 18.168092 0.557016 0.087931 350.403 0 0
1500.0 -13.629548 35.503846 17.014492 -0.949384 0.440002 350.505 0 0
1500.0 68.121213 51.691887 17.024672 0.137520 0.656995 350.625 0 0
1500.0 78.137347 -8.621110 17.046816 0.338082 -0.099183 350.647 0 0
1500.0 60.498353 29.103242 17.050795 0.097353 0.414585 350.774 0 0
1500.0 63.368657 28.328939 17.050830 0.136429 0.404037 350.775 0 0
1500.0 89.040988 15.814555 17.058761 0.484302 0.232876 351.023 0 0
1500.0 81.076826 10.211879 17.087719 0.285358 0.171580 351.580 0 0
1500.0 74.274169 2.946888 17.909378 0.318337 0.100257 351.683 0 0
1500.0 89.565141 -44.420115 17.083848 0.486439 -0.578496 351.777 0 0
1500.0 90.692097 40.723360 17.083808 0.501583 0.565079 351.776 0 0
1500.0 68.178447 -5.071460 17.718317 0.239149 -0.056192 352.382 0 0
1500.0 72.411782 -5.261473 18.064260 0.305396 -0.094572 352.409 0 0
1500.0 63.414926 -17.560228 17.778465 0.137546 -0.250946 352.510 0 0
1500.0 69.443438 -7.627336 17.781820 0.204490 -0.140376 352.560 0 0
1500.0 76.891361 -18.627376 17.657198 0.375801 -0.271575 352.829 0 0
1500.0 51.210087 -31.496518 17.527343 -0.091228 -0.491926 353.154 0 0
1500.0 62.380528 2.157553 17.881164 0.121736 0.084994 353.183 0 0
1500.0 107.211151 5.685852 17.585413 0.859486 0.044152 353.449 0 0
1500.0 35.205547 -19.528125 17.227995 -0.374230 -0.222633 353.528 0 0
1500.0 63.981314 75.190645 17.156722 0.139122 1.001375 353.756 0 0
1500.0 21.606347 38.164920 17.224906 -0.547138 0.564835 353.774 0 0
1500.0 98.347526 -64.526084 17.158763 0.588342 -0.826002 353.808 0 0
1500.0 103.151336 18.250754 17.510434 0.675582 0.300761 353.902 0 0
1500.0 67.412312 6.106769 18.085981 0.257518 0.089737 353.882 0 0
1500.0 82.749057 -16.686917 18.104750 0.474795 -0.258459 353.846 0 0
1500.0 101.472752 -14.750061 18.012245 0.825406 -0.185192 353.947 0 0
1500.0 0.117616 -34.751867 17.185328 -0.839021 -0.448320 353.999 0 0
1500.0 82.357972 15.541812 17.736621 0.394389 0.268427 354.176 0 0
1500.0 82.289750 -17.855349 18.140252 0.474734 -0.271899 354.330 0 0
1500.0 78.600264 -17.321094 18.177771 0.436115 -0.261223 354.418 0 0
1500.0 69.634407 -15.261810 17.878148 0.211974 -0.261333 354.471 0 0
1500.0 66.216070 -7.327868 18.414472 0.233864 -0.148264 354.635 0 0
1500.0 115.737922 -51.228960 17.481268 0.893305 -0.791627 354.584 0 0
1500.0 140.155145 -12.700938 17.710073 1.367233 -0.254799 354.550 0 0
1500.0 115.161269 -18.433928 17.780681 0.996467 -0.392339 354.620 0 0
1500.0 85.223893 73.017369 17.194055 0.412058 0.961313 354.681 0 0
1500.0 77.529291 7.175687 17.754840 0.331400 0.059154 354.724 0 0
1500.0 129.139704 27.526729 17.198079 0.978525 0.372799 354.778 0 0
1500.0 60.851349 1.854248 17.890817 0.084695 0.077376 354.719 0 0
1500.0 104.721821 61.443416 17.198630 0.663161 0.810547 354.791 0 0
1500.0 98.805965 -5.409400 17.243107 0.630255 -0.111068 354.868 0 0
1500.0 35.261729 44.766049 17.449023 -0.317179 0.667661 355.032 0 0
1500.0 39.937506 -3.651046 17.720644 -0.259206 -0.064022 355.043 0 0
1500.0 56.716388 -50.320487 17.251201 0.040993 -0.735983 355.221 0 0
1500.0 92.470726 -3.572961 17.630994 0.557113 0.007805 355.329 0 0
1500.0 188.484313 42.688835 17.730702 2.291750 0.687603 355.460 0 0
1500.0 93.510019 -0.970574 17.851680 0.601506 0.031166 355.607 0 0
1500.0 77.800426 -5.359950 17.695682 0.362462 -0.132556 355.798 0 0
1500.0 74.125775 -14.272134 17.696268 0.311899 -0.254796 355.826 0 0
1500.0 83.179217 -42.225917 17.888950 0.495234 -0.747471 356.247 0 0
1500.0 101.417724 -4.607128 17.860226 0.717448 -0.081413 356.382 0 0
1500.0 96.986546 24.103919 17.873344 0.624537 0.427403 356.330 0 0
1500.0 76.300172 -40.348240 17.585963 0.300801 -0.748161 356.445 0 0
1500.0 73.432963 -7.103359 17.999295 0.223166 -0.169773 356.510 0 0
1500.0 97.977947 8.087409 17.913319 0.682926 0.112357 356.775 0 0
1500.0 119.859964 31.045821 17.291940 0.900579 0.388634 356.799 0 0
1500.0 57.963558 -6.348587 17.519228 -0.038967 -0.058789 356.820 0 0
1500.0 72.548275 -10.161053 17.795319 0.304128 -0.196492 356.895 0 0
1500.0 86.561548 8.532439 18.585683 0.568018 0.153560 356.937 0 0
1500.0 96.193519 -8.410763 17.563392 0.611735 -0.169413 357.061 0 0
1500.0 49.848898 5.159400 17.676922 -0.105187 0.090576 357.255 0 0
1500.0 78.222540 -2.906033 17.744392 0.414929 -0.002928 357.295 0 0
1500.0 93.479661 3.350412 17.804346 0.589069 -0.009993 357.372 0 0
1500.0 65.766993 -18.206872 17.649802 0.176771 -0.312882 357.577 0 0
1500.0 69.793678 -39.807804 17.797056 0.195803 -0.610265 357.862 0 0
1500.0 128.781187 24.871789 17.332895 1.003477 0.298937 358.165 0 0
1500.0 77.621801 -0.185342 18.258988 0.381214 0.064396 358.176 0 0
1500.0 102.655702 -60.283782 17.336754 0.694927 -0.877821 358.249 0 0
1500.0 52.752115 35.597011 17.641747 -0.060684 0.550335 358.321 0 0
1500.0 122.784276 -35.361125 17.350179 0.916738 -0.503296 358.695 0 0
1500.0 25.614096 19.513879 17.645034 -0.479283 0.317859 358.897 0 0
1500.0 89.512414 -11.452852 17.586545 0.522577 -0.212117 358.870 0 0
1500.0 57.733767 -4.042259 17.934439 0.005418 -0.089408 359.027 0 0
1500.0 83.035825 1.485443 18.262744 0.474842 -0.043934 359.199 0 0
1500.0 123.020506 22.587554 17.373085 0.945337 0.293973 359.235 0 0
1500.0 78.965406 13.036367 17.663969 0.399388 0.160283 359.115 0 0
1500.0 68.990298 32.004201 17.832667 0.231634 0.512098 359.386 0 0
1500.0 123.096963 -10.844842 17.501427 1.073141 -0.145777 359.307 0 0
1500.0 93.222694 1.698831 19.272206 0.719929 0.007708 359.424 0 0
1500.0 101.739539 6.495350 17.958286 0.730517 0.054216 359.486 0 0
1500.0 79.561694 -1.556566 17.878625 0.345312 -0.055351 359.497 0 0
1500.0 80.377186 -12.511327 17.422187 0.328705 -0.135750 359.553 0 0
1500.0 77.019763 -32.155980 17.970865 0.361933 -0.505774 359.509 0 0
1500.0 88.114276 -20.907627 17.670015 0.525855 -0.318843 359.544 0 0
1500.0 58.283358 15.247449 17.789293 -0.003548 0.259847 359.704 0 0
1500.0 70.447678 -7.525200 19.154782 0.344880 -0.140992 359.763 0 0
1500.0 64.608591 35.464629 17.832433 0.139655 0.564176 359.832 0 0
1500.0 95.391545 -60.445918 17.393188 0.543940 -0.823027 359.930 0 0
1500.0 132.854380 24.855235 17.455249 1.091377 0.362421 359.871 0 0
1500.0 43.570494 28.016292 17.751764 -0.229393 0.411124 360.070 0 0
1500.0 -8.613243 18.996917 17.376470 -0.961374 0.321120 360.159 0 0
1500.0 137.111509 24.703911 17.560325 1.219002 0.346498 360.154 0 0
1500.0 45.479243 19.665432 17.455950 -0.214371 0.256657 360.462 0 0
1500.0 79.756927 -33.096662 17.746314 0.424391 -0.518108 360.489 0 0
1500.0 120.650621 -19.842233 17.607968 0.986683 -0.322814 360.849 0 0
1500.0 118.283691 -13.266951 18.161949 1.053235 -0.264054 361.069 0 0
1500.0 74.912119 1.356076 18.106288 0.316398 -0.050529 361.352 0 0
1500.0 138.298901 -8.364743 17.944503 1.347466 -0.162645 361.919 0 0
1500.0 102.301381 -34.312466 17.601009 0.706849 -0.484048 361.446 0 0
1500.0 83.276342 3.572901 17.634751 0.457175 0.048954 361.631 0 0
1500.0 31.579716 16.943944 17.774885 -0.423801 0.224659 361.627 0 0
1500.0 130.339147 -10.037103 17.907793 1.282566 -0.197152 361.600 0 0
1500.0 56.121962 41.626099 18.086189 0.035229 0.765147 361.646 0 0
1500.0 61.063466 -29.841342 17.774484 0.070187 -0.433632 362.243 0 0
1500.0 84.868650 -9.424950 18.165386 0.524121 -0.165325 362.128 0 0
1500.0 54.928635 -2.611749 18.030914 -0.033210 -0.068699 362.213 0 0
1500.0 114.634359 36.493437 17.648525 0.865575 0.617421 362.319 0 0
1500.0 93.022179 -6.636882 18.847430 0.688009 -0.124795 362.389 0 0
1500.0 67.164492 23.330274 18.088108 0.181207 0.395737 362.391 0 0
1500.0 91.016130 -3.636647 18.465244 0.687486 -0.005852 362.424 0 0
1500.0 90.062562 -51.968294 18.194543 0.657187 -0.993973 362.546 0 0
1500.0 72.061329 56.226573 17.613100 0.266245 0.840378 362.573 0 0
1500.0 120.216921 -3.953447 17.831918 1.101038 -0.021031 362.580 0 0
1500.0 117.747912 -11.956430 17.947883 1.050218 -0.201155 362.709 0 0
1500.0 98.311337 5.490103 17.809976 0.677659 0.051548 362.805 0 0
1500.0 61.730276 5.462577 17.772226 0.117373 0.145103 362.804 0 0
1500.0 108.673832 -9.941797 18.208591 0.881465 -0.198259 362.753 0 0
1500.0 40.481881 55.631225 17.507565 -0.330167 0.816877 362.867 0 0
1500.0 71.090269 31.507105 17.517057 0.264353 0.460538 362.913 0 0
1500.0 54.805142 -25.425736 17.530322 -0.119134 -0.385854 362.919 0 0
1500.0 67.511279 13.154925 17.513161 0.172785 0.133669 362.928 0 0
1500.0 125.338501 3.395286 17.455130 1.001345 0.078373 362.971 0 0
1500.0 35.769670 -38.802069 17.570085 -0.318034 -0.627673 363.150 0 0
1500.0 98.339149 19.403031 17.665155 0.586377 0.275987 363.275 0 0
1500.0 84.406059 1.568249 18.261357 0.532261 0.041366 363.413 0 0
1500.0 85.838164 2.196758 18.261907 0.551688 0.050020 363.461 0 0
1500.0 116.873319 0.856062 18.670766 1.203552 0.006581 363.619 0 0
1500.0 81.302706 92.686509 17.724812 0.414685 1.479460 363.721 0 0
1500.0 77.920134 11.509063 18.151425 0.433035 0.160016 364.021 0 0
1500.0 100.527472 -0.136608 17.982257 0.699707 -0.057675 364.068 0 0
1500.0 85.580576 -49.356633 17.529898 0.467034 -0.701228 364.024 0 0
1500.0 62.749270 -20.644153 17.971557 0.139558 -0.306570 364.304 0 0
1500.0 56.124468 -1.261575 17.814376 -0.011921 -0.074748 364.415 0 0
1500.0 32.043440 23.290631 17.857063 -0.396254 0.348155 364.540 0 0
1500.0 59.068660 2.099581 17.836678 -0.013729 0.018047 364.678 0 0
1500.0 119.098571 9.157707 17.539965 0.936353 0.132855 364.712 0 0
1500.0 99.265672 8.868362 17.856620 0.664414 0.185950 364.906 0 0
1500.0 101.886283 14.815433 18.162613 0.757943 0.203490 364.997 0 0
1500.0 73.937380 -38.567680 17.735378 0.316182 -0.588215 364.998 0 0
1500.0 91.825587 30.496108 18.231193 0.597257 0.507136 364.967 0 0
1500.0 54.049731 -21.300840 17.846019 -0.106114 -0.290194 365.193 0 0
1500.0 76.730348 -12.402408 18.415840 0.381846 -0.162824 365.614 0 0
1500.0 97.492443 -32.889129 17.782965 0.659539 -0.479919 365.591 0 0
1500.0 99.249030 -14.568389 18.213432 0.751054 -0.209400 365.579 0 0
1500.0 79.418324 34.928976 17.595066 0.260008 0.514193 365.934 0 0
1500.0 88.590551 9.938888 18.249367 0.546560 0.166729 365.933 0 0
1500.0 -181.624562 -121.358414 17.537524 -3.470408 -1.787070 365.796 0 0
1500.0 98.126551 -12.548951 17.697258 0.660807 -0.145212 365.984 0 0
1500.0 57.486072 -2.657297 17.803548 0.040281 -0.109973 365.899 0 0
1500.0 120.907345 -32.414203 17.565557 0.943017 -0.445933 366.130 0 0
1500.0 64.187702 -28.047949 17.955758 0.072316 -0.421959 366.123 0 0
1500.0 42.681448 3.784101 17.999591 -0.242357 0.030884 366.145 0 0
1500.0 86.012161 -66.197601 17.626304 0.384450 -0.974736 366.428 0 0
1500.0 77.228897 -18.905669 18.513465 0.378900 -0.327870 366.329 0 0
1500.0 95.140790 20.720289 17.747425 0.541829 0.369883 366.336 0 0
1500.0 108.812301 -51.716207 17.573405 0.771361 -0.709754 366.507 0 0
1500.0 59.000997 16.323433 18.027651 0.084035 0.305902 366.515 0 0
1500.0 69.141269 46.726004 17.750216 0.164496 0.742386 366.710 0 0
1500.0 63.387508 39.571804 18.007914 0.086298 0.654275 366.664 0 0
1500.0 84.166453 42.894316 17.808017 0.452723 0.774228 366.646 0 0
1500.0 98.418839 76.782342 17.754397 0.726997 1.286706 366.695 0 0
1500.0 -120.085326 23.099024 17.781345 -2.952046 0.445631 366.465 0 0
1500.0 76.763886 -68.270198 17.611213 0.294344 -1.004987 366.979 0 0
1500.0 72.185435 -3.292087 17.965236 0.300795 -0.104503 366.952 0 0
1500.0 77.481109 -29.513758 17.861261 0.283837 -0.438629 367.211 0 0
1500.0 101.124018 -20.335468 17.966428 0.778224 -0.275823 367.205 0 0
1500.0 63.926180 45.155889 17.763397 0.026092 0.725874 367.260 0 0
1500.0 29.905765 8.676560 17.979065 -0.456744 0.181116 367.361 0 0
1500.0 17.053813 -44.818756 17.672118 -0.577214 -0.715678 367.885 0 0
1500.0 117.485870 4.041512 17.843705 0.931947 0.097297 368.044 0 0
1500.0 84.365711 2.841865 18.075617 0.431724 -0.008930 368.062 0 0
1500.0 116.478044 38.782232 17.600822 0.862997 0.529403 367.688 0 0
1500.0 90.630443 4.951490 18.341552 0.600942 0.121228 367.657 0 0
1500.0 107.645953 -26.872215 17.644590 0.788916 -0.420284 367.955 0 0
1500.0 118.854785 24.218523 17.720231 0.920710 0.436517 367.642 0 0
1500.0 129.802639 -6.512627 17.760426 1.155629 -0.044677 367.528 0 0
1500.0 93.545250 62.820704 17.923687 0.621771 1.057230 367.927 0 0
1500.0 65.115591 -61.388091 17.675159 0.112755 -0.949709 368.178 0 0
1500.0 58.097460 -34.261308 18.400015 0.025273 -0.585960 368.201 0 0
1500.0 123.153868 -2.549516 17.620955 0.943675 -0.031014 368.461 0 0
1500.0 94.055827 -11.784519 17.957581 0.639377 -0.163840 368.494 0 0
1500.0 90.371966 -12.799173 17.753330 0.564161 -0.163874 368.644 0 0
1500.0 110.327103 24.922720 17.924119 0.842146 0.391954 369.068 0 0
1500.0 56.984942 8.375744 17.889142 -0.055329 0.121719 369.061 0 0
1500.0 57.769780 20.068069 18.103690 0.046695 0.315042 369.120 0 0
1500.0 92.382084 -29.815793 17.882804 0.528813 -0.505646 369.138 0 0
1500.0 85.307946 11.501161 18.469824 0.476460 0.191304 369.557 0 0
1500.0 68.811686 -23.981378 18.022324 0.212790 -0.361674 369.416 0 0
1500.0 104.190989 8.793958 17.755224 0.760983 0.153269 369.272 0 0
1500.0 73.684380 22.570655 17.944006 0.219555 0.383717 369.512 0 0
1500.0 47.861685 19.823213 17.888975 -0.189932 0.290465 369.252 0 0
1500.0 102.344633 40.991924 17.818849 0.724297 0.618751 369.721 0 0
1500.0 80.565964 9.701498 18.009111 0.393752 0.125745 370.521 0 0
1500.0 116.655216 35.630218 17.698426 0.856155 0.576464 370.420 0 0
1500.0 82.454427 -27.430749 18.249059 0.465562 -0.454232 370.113 0 0
1500.0 100.470151 -37.723355 17.803280 0.624746 -0.617124 369.902 0 0
1500.0 101.324400 35.302299 17.758377 0.712881 0.536094 369.867 0 0
1500.0 109.085711 -21.533348 17.757747 0.826569 -0.287965 369.766 0 0
1500.0 95.025125 -1.757144 17.927054 0.641743 -0.047691 370.358 0 0
1500.0 72.220490 -19.536789 17.986771 0.276201 -0.356351 369.817 0 0
1500.0 76.640807 -34.649590 17.987343 0.338408 -0.573486 370.337 0 0
1500.0 104.119048 14.008825 17.677167 0.747402 0.243268 369.784 0 0
1500.0 86.908823 50.221434 17.680483 0.489310 0.768440 370.460 0 0
1500.0 80.446316 50.200986 17.678944 0.396733 0.771199 370.188 0 0
1500.0 106.847802 -8.883052 17.676874 0.745656 -0.201423 369.763 0 0
1500.0 76.435120 18.201734 17.833081 0.368826 0.269672 370.229 0 0
1500.0 103.296614 -41.864582 17.980934 0.761554 -0.699685 370.349 0 0
1500.0 74.572487 27.507922 17.942263 0.270623 0.414032 370.864 0 0
1500.0 120.202444 -31.095838 17.702667 0.925137 -0.492328 371.067 0 0
1500.0 73.076012 59.034125 17.697856 0.282170 0.901829 370.742 0 0
1500.0 81.957883 58.584410 17.684234 0.414002 0.883491 370.987 0 0
1500.0 81.306383 50.382191 17.824286 0.356665 0.802962 370.907 0 0
1500.0 61.869081 6.936278 18.065281 0.093979 0.173465 370.679 0 0
1500.0 72.333278 10.865388 17.771402 0.302128 0.177348 370.967 0 0
1500.0 -101.588552 75.022016 17.700144 -2.531051 1.193936 370.839 0 0
1500.0 113.286521 29.468330 17.821214 0.898322 0.413944 371.317 0 0
1500.0 80.998386 12.136543 18.136941 0.419362 0.256209 371.317 0 0
1500.0 100.992348 24.413426 17.687931 0.641757 0.385850 371.586 0 0
1500.0 106.113820 45.642696 17.689955 0.756416 0.690161 371.611 0 0
1500.0 11.218761 11.300818 17.774459 -0.707765 0.232948 371.518 0 0
1500.0 71.895603 36.579361 17.770559 0.293077 0.558007 371.534 0 0
1500.0 69.937366 24.241000 17.715503 0.251825 0.419106 371.577 0 0
1500.0 121.095876 -18.766861 17.698909 0.936081 -0.241591 371.659 0 0
1500.0 81.648583 -14.755345 18.228957 0.436457 -0.283441 371.663 0 0
1500.0 103.758007 -50.544356 18.098790 0.781077 -0.837237 372.418 0 0
1500.0 111.169836 42.609057 17.711707 0.817546 0.650101 372.178 0 0
1500.0 73.579771 0.198362 18.277314 0.342434 -0.060442 372.427 0 0
1500.0 33.192886 -21.077116 17.837691 -0.380330 -0.380110 371.871 0 0
1500.0 106.476033 -24.038703 18.084779 0.807155 -0.458217 372.059 0 0
1500.0 97.387035 -25.069620 18.252294 0.734220 -0.489877 371.845 0 0
1500.0 134.991067 10.783115 18.342013 1.461683 0.158004 371.967 0 0
1500.0 85.604787 -30.461705 18.706695 0.617400 -0.692165 372.139 0 0
1500.0 97.387972 13.896992 18.293720 0.700216 0.244664 372.645 0 0
1500.0 53.934312 -9.149783 18.241140 -0.057850 -0.130254 372.491 0 0
1500.0 47.054993 -41.182799 17.669972 -0.217957 -0.667005 372.796 0 0
1500.0 71.677462 6.702118 17.699301 0.282407 0.108111 372.837 0 0
1500.0 87.937449 47.402482 17.795603 0.444290 0.811745 372.568 0 0
1500.0 43.611070 -37.261613 18.013707 -0.228465 -0.692142 372.835 0 0
1500.0 42.516141 -38.325794 17.675675 -0.266764 -0.548272 373.147 0 0
1500.0 68.825975 57.673448 17.843784 0.178488 1.012390 373.045 0 0
1500.0 76.127671 42.561802 18.294940 0.334697 0.774518 373.115 0 0
1500.0 78.976230 -43.658932 17.954679 0.334153 -0.798757 373.081 0 0
1500.0 99.061808 -7.485396 18.085637 0.718892 -0.082343 373.483 0 0
1500.0 82.567887 52.616367 17.753247 0.355384 0.782633 373.598 0 0
1500.0 90.152553 -18.077334 17.900408 0.483498 -0.311283 373.631 0 0
1500.0 52.668191 -22.428800 17.942798 -0.026995 -0.356514 374.113 0 0
1500.0 84.379432 12.499993 18.406355 0.479904 0.165498 374.189 0 0
1500.0 93.687296 -15.717430 18.689088 0.694183 -0.249839 373.938 0 0
1500.0 124.186467 -0.524727 17.781611 1.031671 0.006340 374.048 0 0
1500.0 106.401958 7.069102 18.086216 0.820359 0.128713 373.936 0 0
1500.0 83.250304 1.645332 17.934377 0.456251 -0.030862 374.168 0 0
1500.0 58.467758 -8.102183 17.877015 0.021775 -0.196174 373.845 0 0
1500.0 60.039947 -13.581852 17.946893 0.069202 -0.240479 374.252 0 0
1500.0 94.115155 -9.515305 17.959757 0.574225 -0.213929 374.292 0 0
1500.0 76.505569 19.273350 17.747386 0.242682 0.353989 374.302 0 0
1500.0 112.911351 -4.991256 18.087576 0.908524 -0.045430 374.391 0 0
1500.0 89.469728 -11.844421 18.458111 0.613893 -0.134246 374.635 0 0
1500.0 78.258136 -10.187631 18.748462 0.408708 -0.127654 374.555 0 0
1500.0 114.515769 -77.101914 17.674657 0.909845 -1.151873 374.396 0 0
1500.0 108.832970 -37.714846 17.901459 0.815527 -0.657692 374.405 0 0
1500.0 116.831017 26.085101 17.829553 0.931454 0.399719 374.694 0 0
1500.0 88.673067 -3.392604 18.032764 0.494790 -0.008731 374.827 0 0
1500.0 100.790496 -25.108342 18.054074 0.710791 -0.422180 374.714 0 0
1500.0 81.647121 61.048018 18.216391 0.463454 1.078616 374.852 0 0
1500.0 36.331135 -20.426555 17.786668 -0.382666 -0.271296 374.928 0 0
1500.0 77.938083 24.294851 17.845259 0.286982 0.461403 375.066 0 0
1500.0 47.061147 37.171702 18.301164 -0.160645 0.684547 375.170 0 0
1500.0 94.954770 -10.627516 18.059846 0.594658 -0.134085 375.203 0 0
1500.0 58.655884 28.707761 18.018680 0.060521 0.440625 375.222 0 0
1500.0 81.741539 14.341385 18.207054 0.418341 0.186385 375.292 0 0
1500.0 74.627501 -10.417070 18.162261 0.332021 -0.125635 375.733 0 0
1500.0 70.863415 6.471923 18.077114 0.274577 0.090644 375.856 0 0
1500.0 62.641578 3.511913 17.798975 0.082233 0.111779 375.436 0 0
1500.0 100.970923 17.654690 18.458546 0.770778 0.285502 375.351 0 0
1500.0 65.858396 -69.182656 17.683886 0.060155 -1.043022 375.476 0 0
1500.0 67.227988 50.536901 17.742864 0.140286 0.822736 375.318 0 0
1500.0 76.008351 -4.943317 18.776561 0.437749 -0.139633 375.834 0 0
1500.0 76.365306 -26.009169 17.860545 0.307021 -0.462676 375.314 0 0
1500.0 38.632652 30.112904 17.757113 -0.281614 0.528282 375.527 0 0
1500.0 37.088756 23.825846 17.757731 -0.305590 0.434715 375.366 0 0
1500.0 119.745643 25.205201 17.803818 0.943304 0.365376 375.879 0 0
1500.0 33.253112 20.951007 17.761600 -0.421211 0.372681 375.953 0 0
1500.0 90.599921 12.680212 18.114017 0.554237 0.267257 375.909 0 0
1500.0 130.442830 -12.635808 17.864839 1.223626 -0.279132 375.962 0 0
1500.0 88.007991 -22.235525 17.997494 0.541139 -0.368244 376.084 0 0
1500.0 81.205866 -2.435749 17.936578 0.430049 -0.083934 376.266 0 0
1500.0 92.512339 14.115164 17.935800 0.600260 0.163773 376.279 0 0
1500.0 -29.386056 149.243719 17.962248 -1.435813 2.599771 376.216 0 0
1500.0 95.973242 -9.690207 18.692799 0.762931 -0.250388 376.165 0 0
1500.0 77.180112 -1.145818 18.549824 0.455174 0.001860 376.576 0 0
1500.0 75.734490 58.399197 17.873726 0.255874 0.918515 376.620 0 0
1500.0 64.528332 21.741940 18.485898 0.158333 0.395376 376.677 0 0
1500.0 45.291979 -33.094565 18.490968 -0.174229 -0.594949 377.460 0 0
1500.0 120.185264 17.080657 17.757262 0.920665 0.323334 377.338 0 0
1500.0 66.816166 19.096790 17.965898 0.207792 0.268655 377.297 0 0
1500.0 33.072824 17.700373 18.099262 -0.364246 0.323420 377.142 0 0
1500.0 68.034852 -13.090118 18.584461 0.221758 -0.229828 376.956 0 0
1500.0 -2.709315 -20.151494 17.704776 -0.907431 -0.246411 377.086 0 0
1500.0 89.564591 5.639644 18.757469 0.629355 0.130968 377.323 0 0
1500.0 81.776328 -26.309770 18.214834 0.423462 -0.457702 377.152 0 0
1500.0 114.628238 14.516071 17.800008 0.874432 0.281067 377.350 0 0
1500.0 67.519440 -48.892371 17.819258 0.155029 -0.800010 376.842 0 0
1500.0 51.704363 -38.226262 17.724911 -0.169584 -0.556495 376.949 0 0
1500.0 72.800866 49.699798 17.955096 0.234794 0.885356 377.353 0 0
1500.0 56.106819 -18.706737 17.879704 -0.058128 -0.342305 377.502 0 0
1500.0 77.887244 -19.821269 18.243031 0.323312 -0.324536 377.538 0 0
1500.0 118.186014 -49.504191 17.771439 1.015634 -0.755964 377.605 0 0
1500.0 92.346534 8.829379 18.534072 0.716178 0.183091 377.576 0 0
1500.0 72.108991 35.383421 18.071624 0.164254 0.615670 377.582 0 0
1500.0 110.199701 -1.361559 18.192100 0.879409 0.011720 377.751 0 0
1500.0 73.751010 0.787932 18.279015 0.328298 -0.004128 377.810 0 0
1500.0 1.243442 1.086238 17.716405 -0.845004 0.048650 377.718 0 0
1500.0 105.142639 13.608367 18.127744 0.811174 0.187836 377.811 0 0
1500.0 90.118151 -1.008711 18.306990 0.606701 -0.053541 377.773 0 0
1500.0 114.683545 -24.581431 18.069505 0.936214 -0.471311 377.806 0 0
1500.0 70.844084 -8.032188 18.622998 0.329067 -0.183234 378.794 0 0
1500.0 36.421313 68.101616 17.835652 -0.321829 1.060451 378.581 0 0
1500.0 20.177961 48.907259 17.722091 -0.630391 0.745016 378.794 0 0
1500.0 97.883616 20.648459 17.784530 0.670918 0.274976 378.480 0 0
1500.0 25.930322 6.828696 18.153758 -0.520736 0.108106 378.852 0 0
1500.0 76.379750 -2.542923 17.891460 0.286671 0.038681 378.353 0 0
1500.0 70.515312 25.590655 18.145284 0.174645 0.518498 378.404 0 0
1500.0 92.027386 -1.291782 18.636909 0.670221 -0.022524 378.953 0 0
1500.0 35.301796 32.624326 17.936412 -0.340046 0.557869 379.005 0 0
1500.0 105.965813 30.454260 17.883841 0.816045 0.518602 378.897 0 0
1500.0 111.495968 -23.102322 17.951765 0.835178 -0.370980 379.866 0 0
1500.0 6.757022 -25.140456 17.807643 -0.778612 -0.441644 379.252 0 0
1500.0 89.893993 -3.013244 17.789299 0.560752 -0.027662 379.046 0 0
1500.0 61.229343 42.380424 17.726896 0.119512 0.652042 379.677 0 0
1500.0 74.985771 9.238324 17.767345 0.199651 0.188124 379.328 0 0
1500.0 61.403399 112.930045 17.759489 0.099810 1.801162 379.424 0 0
1500.0 -122.638732 -128.627379 17.921200 -3.132065 -2.162527 379.203 0 0
1500.0 72.002165 7.997381 18.664544 0.256391 0.176775 379.430 0 0
1500.0 87.525868 -32.578773 17.935031 0.521928 -0.531027 380.020 0 0
1500.0 104.795846 12.589571 17.835383 0.701667 0.214000 380.351 0 0
1500.0 56.154803 -9.621040 17.951327 -0.052345 -0.202893 380.333 0 0
1500.0 149.286867 1.833803 17.840792 1.543274 0.034024 380.312 0 0
1500.0 70.208441 19.239657 17.783016 0.232559 0.265982 380.703 0 0
1500.0 112.419499 16.978146 18.044884 0.878298 0.304407 380.549 0 0
1500.0 92.936278 -39.011328 17.836044 0.598840 -0.607018 380.646 0 0
1500.0 82.066108 14.686083 18.170128 0.487395 0.198722 380.666 0 0
1500.0 115.143007 -42.968787 18.144834 1.001022 -0.701746 380.508 0 0
1500.0 84.247921 70.847295 17.894209 0.491474 1.179967 380.473 0 0
1500.0 65.847237 -12.049619 18.647918 0.153882 -0.238208 380.584 0 0
1500.0 103.431260 -17.321391 18.148413 0.753721 -0.260406 381.479 0 0
1500.0 66.522735 -10.715926 18.142891 0.195399 -0.194898 381.329 0 0
1500.0 86.045603 -7.761480 18.607125 0.510208 -0.177887 381.206 0 0
1500.0 32.401467 64.086084 17.734663 -0.436432 0.940018 380.890 0 0
1500.0 2.233915 32.194029 17.830075 -0.876989 0.448783 381.531 0 0
1500.0 29.799091 48.374979 17.915955 -0.457490 0.753161 381.206 0 0
1500.0 112.200997 -17.824536 17.765687 0.877470 -0.276570 381.549 0 0
1500.0 56.735979 0.551952 18.112923 -0.029116 0.057858 380.815 0 0
1500.0 23.103435 -26.779700 17.807073 -0.592608 -0.390886 380.998 0 0
1500.0 68.234263 4.229113 17.977357 0.250280 0.094977 381.274 0 0
1500.0 15.214111 20.331286 17.915103 -0.717100 0.415633 381.047 0 0
1500.0 45.021344 11.448313 18.344360 -0.191537 0.273759 381.129 0 0
1500.0 41.306628 19.835275 18.069697 -0.254410 0.277329 382.400 0 0
1500.0 44.877341 35.159674 17.940867 -0.179346 0.539270 381.866 0 0
1500.0 103.801484 13.314941 18.289524 0.776930 0.216644 381.982 0 0
1500.0 69.465854 12.651498 17.952700 0.151898 0.233349 382.403 0 0
1500.0 47.766378 48.545338 17.807709 -0.131778 0.736538 381.766 0 0
1500.0 122.147423 4.150677 17.834792 0.975875 0.086898 381.644 0 0
1500.0 112.777570 1.802187 17.990196 0.897290 0.062965 382.165 0 0
1500.0 75.039060 56.144242 17.809063 0.262588 0.902230 382.473 0 0
1500.0 102.340233 -19.575634 18.057083 0.740231 -0.352865 382.026 0 0
1500.0 64.100919 11.050935 18.187620 0.154931 0.238764 382.298 0 0
1500.0 47.503966 -13.298405 18.245514 -0.167949 -0.192642 382.521 0 0
1500.0 59.705438 -5.140918 18.246351 0.013516 -0.071449 382.414 0 0
1500.0 53.705441 6.673765 17.788394 -0.128635 0.147646 382.205 0 0
1500.0 45.755348 18.178019 17.786266 -0.249855 0.323198 382.441 0 0
1500.0 64.532370 -17.093251 17.797068 0.095254 -0.338201 382.414 0 0
1500.0 30.806883 -10.641255 18.258136 -0.436184 -0.234768 381.840 0 0
1500.0 198.096693 -77.796143 17.939005 2.340402 -1.312063 381.894 0 0
1500.0 53.309635 115.930653 17.949725 -0.086533 1.949679 382.506 0 0
1500.0 271.430067 -58.944130 17.925918 3.651372 -0.988070 382.340 0 0
1500.0 37.683261 23.491995 17.945938 -0.395021 0.454890 382.422 0 0
1500.0 103.127895 -3.824215 18.540674 0.813849 -0.083709 382.623 0 0
1500.0 114.887496 -39.517234 17.795579 0.889906 -0.549737 382.688 0 0
1500.0 69.953862 -11.800480 18.197248 0.163000 -0.198887 382.597 0 0
1500.0 49.046519 -1.432111 17.845362 -0.162578 0.047785 382.814 0 0
1500.0 130.773125 -22.050791 17.992760 1.237263 -0.385416 382.834 0 0
1500.0 80.119791 8.172671 18.196457 0.454725 0.144800 382.952 0 0
1500.0 86.944138 63.966861 17.733303 0.485433 0.928879 383.044 0 0
1500.0 -4.096975 -23.043185 17.747397 -0.950043 -0.396241 383.088 0 0
1500.0 73.831235 -31.067710 18.225063 0.322511 -0.526148 383.303 0 0
1500.0 60.758463 30.138155 18.346604 0.079544 0.507532 383.541 0 0
1500.0 115.900127 18.285816 17.756301 0.887773 0.203232 383.094 0 0
1500.0 98.215347 13.743022 18.031741 0.688503 0.155797 383.470 0 0
1500.0 66.894514 27.876771 17.841485 0.110471 0.494119 383.241 0 0
1500.0 55.911355 -27.607578 17.785742 -0.007595 -0.494411 383.007 0 0
1500.0 69.465364 39.118642 17.830052 0.138352 0.661116 383.374 0 0
1500.0 22.023875 20.306041 17.860009 -0.642866 0.269913 383.098 0 0
1500.0 91.565406 -5.827840 18.192118 0.648043 -0.034272 383.125 0 0
1500.0 76.007507 -25.414682 18.171262 0.406299 -0.478946 383.096 0 0
1500.0 80.527513 25.248417 17.870170 0.379302 0.372273 383.790 0 0
1500.0 24.690688 21.006345 17.774950 -0.525870 0.310721 383.676 0 0
1500.0 93.027296 27.165641 18.192421 0.638836 0.421937 383.760 0 0
1500.0 51.022403 29.911466 18.018268 -0.185681 0.529023 383.827 0 0
1500.0 49.665534 -10.107739 18.410206 -0.092713 -0.165381 384.018 0 0
1500.0 106.024071 49.291594 17.817324 0.700544 0.779560 384.345 0 0
1500.0 103.453908 -14.195708 18.191841 0.789666 -0.184806 383.955 0 0
1500.0 0.151608 -16.714870 17.867378 -0.887759 -0.307199 384.423 0 0
1500.0 3.096710 -26.803874 17.787699 -0.820587 -0.472441 384.418 0 0
1500.0 7.768127 3.362645 17.836097 -0.780517 0.119009 384.086 0 0
1500.0 75.067010 12.318448 17.986274 0.296057 0.262301 384.254 0 0
1500.0 61.669781 9.218735 17.950596 0.018012 0.191067 384.209 0 0
1500.0 63.313461 17.866670 17.949273 0.043078 0.322763 384.334 0 0
1500.0 35.675779 15.822162 17.824294 -0.325057 0.318251 384.410 0 0
1500.0 16.006783 13.856424 17.990764 -0.704196 0.165069 384.129 0 0
1500.0 121.389440 15.456259 17.857369 1.014730 0.328416 384.382 0 0
1500.0 119.137404 50.505114 17.909482 1.094305 0.871254 383.925 0 0
1500.0 117.770890 -7.633268 18.028928 0.959161 -0.159159 384.911 0 0
1500.0 73.861826 20.230485 18.163379 0.317702 0.299092 385.123 0 0
1500.0 83.845701 -2.076666 17.883092 0.428635 -0.017652 385.445 0 0
1500.0 106.885760 4.694277 18.296384 0.843652 0.100189 384.974 0 0
1500.0 106.117390 16.416869 18.296121 0.830898 0.270104 385.105 0 0
1500.0 168.272172 104.786889 17.785278 1.654535 1.607037 384.958 0 0
1500.0 111.532184 43.456060 17.793838 0.767430 0.704893 385.626 0 0
1500.0 -1.021889 -25.387883 17.777707 -0.932701 -0.331840 384.762 0 0
1500.0 76.907306 14.930808 18.255342 0.374373 0.289906 384.574 0 0
1500.0 2.893065 13.338721 17.834301 -0.847500 0.267098 384.586 0 0
1500.0 8.725386 -34.668749 17.777856 -0.711921 -0.588076 384.600 0 0
1500.0 82.343802 -18.983257 18.147276 0.485949 -0.285945 384.596 0 0
1500.0 99.072945 12.556040 18.193998 0.685284 0.256346 385.647 0 0
1500.0 113.255937 -25.577652 17.761884 0.888644 -0.348962 385.647 0 0
1500.0 26.812638 16.685237 17.944761 -0.510532 0.302484 384.818 0 0
1500.0 43.661605 34.512445 17.944064 -0.254796 0.571969 384.904 0 0
1500.0 69.837260 43.302833 17.942032 0.140876 0.702097 385.182 0 0
1500.0 69.475328 -43.642852 18.010525 0.254302 -0.706533 385.644 0 0
1500.0 75.172224 -1.248834 18.018286 0.344569 -0.071996 384.703 0 0
1500.0 108.869523 7.614815 17.816333 0.786556 0.189245 385.433 0 0
1500.0 52.120992 39.332455 17.905041 -0.151463 0.596235 385.122 0 0
1500.0 75.864864 27.581218 17.884221 0.298632 0.495333 385.073 0 0
1500.0 91.867858 -12.428343 17.908260 0.556258 -0.260574 385.625 0 0
1500.0 138.416499 16.373717 17.928236 1.303781 0.304301 385.329 0 0
1500.0 81.518362 -3.372295 17.859178 0.427440 -0.100304 385.502 0 0
1500.0 88.249786 65.178080 18.011106 0.508480 1.101467 385.248 0 0
1500.0 51.640915 -19.625950 18.226958 -0.151730 -0.417018 385.212 0 0
1500.0 49.998780 -0.866960 17.914163 -0.123223 -0.073259 385.694 0 0
1500.0 51.942847 15.743009 18.116279 -0.103973 0.247315 385.723 0 0
1500.0 107.151091 -19.606960 17.766071 0.748499 -0.266771 385.681 0 0
1500.0 124.147803 -15.558337 17.778885 0.992451 -0.297081 385.878 0 0
1500.0 86.712066 53.225558 17.761787 0.491626 0.827442 385.713 0 0
1500.0 105.391318 -12.815777 18.008742 0.788984 -0.243229 385.962 0 0
1500.0 5.780685 9.803030 17.899102 -0.844329 0.145314 386.027 0 0
1500.0 61.633163 20.621834 17.949481 -0.001940 0.323659 385.668 0 0
1500.0 67.915687 44.501147 18.082015 0.129069 0.714535 386.113 0 0
1500.0 87.182155 48.612837 17.845056 0.415971 0.744814 386.681 0 0
1500.0 25.008177 -59.273358 17.792552 -0.482362 -0.930673 386.175 0 0
1500.0 39.211174 -65.410984 17.781661 -0.249656 -1.018120 386.505 0 0
1500.0 82.624578 60.143832 17.891079 0.395045 0.949558 386.744 0 0
1500.0 124.733153 1.533933 17.810179 1.027927 0.080773 386.723 0 0
1500.0 92.106953 -46.209852 18.006322 0.584923 -0.734143 386.632 0 0
1500.0 79.799106 -1.687448 18.447141 0.457269 -0.080705 386.728 0 0
1500.0 59.802849 -20.956083 18.173012 0.003760 -0.339308 386.467 0 0
1500.0 66.885268 -39.431981 17.853905 0.200916 -0.648654 386.063 0 0
1500.0 90.305960 2.543190 17.832701 0.569075 0.010247 386.186 0 0
1500.0 104.204662 -65.875084 17.968227 0.816829 -1.059969 386.656 0 0
1500.0 91.304908 19.565009 18.098683 0.639476 0.302254 386.644 0 0
1500.0 99.184775 -33.241117 17.822226 0.569370 -0.532542 388.912 0 0
1500.0 64.190510 58.034886 17.798897 0.148306 0.851059 390.175 0 0
1500.0 87.164822 31.713116 17.807021 0.464745 0.418988 390.908 0 0
1500.0 71.971275 -65.606892 17.896299 0.202397 -1.009800 388.383 0 0
1500.0 98.618325 -53.245714 17.931885 0.660372 -0.813977 388.090 0 0
1500.0 76.374761 61.449988 17.975358 0.303643 0.969713 386.917 0 0
1500.0 97.978929 28.433183 17.922998 0.587992 0.460935 390.423 0 0
1500.0 93.145372 -39.559211 17.955261 0.560974 -0.594764 390.606 0 0
1500.0 73.684925 15.968603 18.052537 0.297701 0.248989 388.135 0 0
1500.0 84.743938 -16.360525 18.360669 0.491491 -0.235878 388.818 0 0
1500.0 49.915104 -20.977438 18.099179 -0.072386 -0.349727 389.702 0 0
1500.0 82.982902 3.565974 18.609205 0.495149 0.053542 390.820 0 0
1500.0 -5.263999 -9.895253 17.831394 -0.953604 -0.163464 386.837 0 0
1500.0 45.607527 8.024791 17.834412 -0.225590 0.150136 390.124 0 0
1500.0 77.785112 -61.629117 17.804120 0.276544 -0.946107 387.539 0 0
1500.0 104.472840 -12.588129 17.795032 0.708487 -0.231913 387.612 0 0
1500.0 23.823249 -37.414945 17.815431 -0.531348 -0.565618 389.239 0 0
1500.0 48.542342 47.845745 17.868688 -0.154200 0.727637 389.626 0 0
1500.0 57.234530 64.754640 17.849034 -0.034195 0.982947 388.125 0 0
1500.0 96.724979 54.257283 17.913508 0.599442 0.855585 386.908 0 0
1500.0 -6.895468 6.630994 17.789971 -0.968797 0.152649 388.742 0 0
1500.0 110.908103 -45.885050 17.764589 0.832900 -0.636532 387.308 0 0
1500.0 123.426632 11.899607 17.770227 1.002499 0.203183 388.189 0 0
1500.0 112.121777 37.812300 17.777620 0.858687 0.588849 387.381 0 0
1500.0 14.506759 -61.710069 17.831510 -0.691779 -0.923825 388.546 0 0
1500.0 123.191845 -14.464475 17.810709 1.025040 -0.219521 388.332 0 0
1500.0 102.113124 51.762776 17.809320 0.722274 0.751268 387.888 0 0
1500.0 97.271264 3.739839 18.390885 0.725081 0.039458 387.995 0 0
1500.0 17.081359 42.102117 17.936005 -0.665919 0.635012 387.494 0 0
1500.0 121.835050 -11.703659 17.855332 0.974670 -0.212563 390.318 0 0
1500.0 76.680956 -65.154735 17.848238 0.334162 -0.993035 389.197 0 0
1500.0 115.327154 13.316505 17.847096 0.921865 0.151956 387.263 0 0
1500.0 124.858988 1.942579 17.852464 1.023392 -0.017466 389.944 0 0
1500.0 115.182042 20.734263 17.846646 0.917556 0.262293 387.419 0 0
1500.0 119.912203 -19.685075 17.845953 0.974694 -0.336222 388.343 0 0
1500.0 71.471198 -65.874537 17.846566 0.260320 -1.010839 388.697 0 0
1500.0 118.409558 -30.939095 17.778820 0.941240 -0.427765 389.498 0 0
1500.0 87.180277 -5.442043 18.448527 0.576321 -0.036913 388.188 0 0
1500.0 63.550275 -53.133376 17.825560 0.156829 -0.830590 387.146 0 0
1500.0 117.863186 20.293353 17.822037 0.960543 0.273452 388.276 0 0
1500.0 104.022162 16.782618 17.914233 0.758464 0.308020 387.383 0 0
1500.0 115.816435 33.320140 17.912795 0.899348 0.535149 390.090 0 0
1500.0 108.702767 15.958952 17.912666 0.825261 0.294316 387.677 0 0
1500.0 133.258306 2.045319 17.896368 1.199671 -0.027794 387.019 0 0
1500.0 75.926715 -3.315006 18.129503 0.296197 -0.123886 386.992 0 0
1500.0 97.037436 1.200510 18.038763 0.662776 0.079774 387.538 0 0
1500.0 99.621769 13.785897 18.022659 0.721308 0.240083 387.848 0 0
1500.0 79.832485 24.546051 18.074033 0.434667 0.399228 387.772 0 0
1500.0 74.372372 61.819703 17.800839 0.261098 0.986375 389.267 0 0
1500.0 104.781416 12.412329 18.342641 0.799104 0.242313 389.997 0 0
1500.0 83.127310 20.993489 17.786999 0.372311 0.398966 386.926 0 0
1500.0 105.635207 -10.890864 17.921065 0.795353 -0.111258 387.502 0 0
1500.0 105.816137 -8.395291 18.020545 0.811509 -0.156048 389.032 0 0
1500.0 106.931013 -34.234798 18.016868 0.816235 -0.534626 390.011 0 0
1500.0 52.824553 41.919535 17.847115 -0.009149 0.678457 387.798 0 0
1500.0 116.598019 18.002780 17.839234 0.938739 0.306268 389.464 0 0
1500.0 67.387397 34.505286 17.848899 0.213415 0.567272 387.592 0 0
1500.0 72.121224 0.701009 18.049172 0.294487 -0.048349 387.817 0 0
1500.0 97.846900 -17.807676 18.079869 0.691587 -0.325849 388.108 0 0
1500.0 144.609598 -21.941917 17.805291 1.320988 -0.398783 389.135 0 0
1500.0 89.170639 10.832466 17.816051 0.507385 0.236692 387.646 0 0
1500.0 30.099149 -26.285413 17.816212 -0.485685 -0.353152 387.719 0 0
1500.0 60.383294 -41.290231 18.062580 0.083097 -0.717307 386.997 0 0
1500.0 69.899962 1.768845 17.982028 0.280200 0.021084 387.963 0 0
1500.0 103.508537 12.088419 17.989797 0.777487 0.206013 389.291 0 0
1500.0 108.251052 -5.093662 17.988615 0.846028 -0.051616 389.497 0 0
1500.0 76.832678 -26.947579 17.833971 0.332377 -0.479815 387.758 0 0
1500.0 102.804209 17.936402 18.149488 0.795973 0.242529 388.542 0 0
1500.0 64.911320 -33.799008 17.920788 0.064665 -0.568308 388.491 0 0
1500.0 -3.224233 3.315509 17.891931 -0.966745 0.078211 390.301 0 0
1500.0 18.738874 38.270960 17.893963 -0.646461 0.602996 389.680 0 0
1500.0 13.449930 2.908938 17.897970 -0.733182 0.073589 389.005 0 0
1500.0 89.689201 -54.739271 17.820706 0.515280 -0.870217 390.597 0 0
1500.0 89.759891 10.796265 17.794550 0.474200 0.240512 388.801 0 0
1500.0 83.038603 -2.085621 18.427067 0.516391 -0.068324 390.689 0 0
1500.0 10.602451 -30.635443 17.847953 -0.732202 -0.530100 390.493 0 0
1500.0 85.023192 37.800423 18.023001 0.453382 0.649443 389.992 0 0
1500.0 59.598583 -58.867068 18.131723 0.082202 -1.014220 387.192 0 0
1500.0 109.723055 17.299326 18.371247 0.912905 0.357267 387.121 0 0
1500.0 115.898821 42.239064 17.877463 0.980535 0.647583 390.700 0 0
1500.0 121.478122 -13.890926 17.981316 1.047343 -0.284015 390.496 0 0
1500.0 124.218944 -89.181987 18.039607 1.180224 -1.520496 387.168 0 0
1500.0 81.770939 -56.928664 18.129402 0.397969 -0.985561 389.941 0 0
1500.0 80.136522 -68.667868 18.004508 0.400198 -1.169802 390.234 0 0
1500.0 60.447853 -39.425197 18.162997 0.015378 -0.713432 388.130 0 0
1500.0 84.425700 69.748665 17.933075 0.510178 1.151435 390.095 0 0
1500.0 102.326318 -25.565437 18.099336 0.748910 -0.509012 389.266 0 0
1500.0 120.984000 -170.542105 17.983916 1.128794 -2.892392 389.868 0 0
1500.0 113.801045 -23.995177 17.980451 0.916891 -0.334034 392.309 0 0
1500.0 21.484464 26.449057 17.920000 -0.613260 0.359883 394.300 0 0
1500.0 88.216188 -35.664130 17.990751 0.496257 -0.532587 393.640 0 0
1500.0 3.153501 12.858074 17.873437 -0.827307 0.227492 397.727 0 0
1500.0 -1.598655 -25.746992 17.883003 -0.920340 -0.375127 397.890 0 0
1500.0 104.568437 16.030659 17.975891 0.734312 0.215575 395.662 0 0
1500.0 78.337379 18.204151 17.948208 0.261806 0.314625 401.103 0 0
1500.0 86.248678 -33.828062 18.197645 0.538624 -0.533610 392.235 0 0
1500.0 94.579735 27.259382 18.797905 0.750723 0.470865 392.931 0 0
1500.0 62.980240 -15.676609 18.256478 0.150449 -0.268332 391.666 0 0
1500.0 64.920058 -23.532692 18.253492 0.176837 -0.374470 391.507 0 0
1500.0 60.963514 -18.470673 18.071523 0.095318 -0.290638 394.589 0 0
1500.0 52.665290 1.446139 17.941611 -0.070487 -0.047821 391.774 0 0
1500.0 57.706646 5.418268 17.814099 0.054126 0.104998 391.436 0 0
1500.0 78.973888 -4.258135 17.810109 0.347577 -0.028133 391.219 0 0
1500.0 81.401735 -6.654716 17.809077 0.381359 -0.061231 391.162 0 0
1500.0 80.523210 -14.037439 17.973526 0.378903 -0.235336 391.785 0 0
1500.0 73.998270 10.141195 18.289621 0.314574 0.186783 393.121 0 0
1500.0 48.934977 17.916181 17.984453 -0.157954 0.289543 392.018 0 0
1500.0 81.611123 -1.745662 18.017779 0.407821 0.003326 392.473 0 0
1500.0 83.296733 -4.282625 18.017037 0.431144 -0.031410 392.430 0 0
1500.0 66.805572 -26.722009 17.850954 0.192052 -0.377489 392.111 0 0
1500.0 85.486065 -1.976013 17.880398 0.429935 -0.058697 394.390 0 0
1500.0 68.671999 4.257785 17.997113 0.174550 -0.009402 393.495 0 0
1500.0 105.792541 -33.192586 17.863847 0.736102 -0.513582 391.182 0 0
1500.0 108.410535 -13.475301 17.870341 0.767337 -0.233249 391.713 0 0
1500.0 96.797441 -49.975873 17.834469 0.621948 -0.739069 391.075 0 0
1500.0 66.227016 -13.498802 17.867263 0.180010 -0.211843 393.488 0 0
1500.0 106.601600 -1.761599 17.849629 0.747926 -0.050891 392.367 0 0
1500.0 97.086540 -2.482688 17.944871 0.601087 0.016559 393.238 0 0
1500.0 91.240526 -17.337398 18.213201 0.542649 -0.289847 394.278 0 0
1500.0 82.613735 35.019548 17.983453 0.406110 0.535871 393.575 0 0
1500.0 100.108680 -23.164425 17.928846 0.667308 -0.334663 394.179 0 0
1500.0 14.315266 40.390537 17.822954 -0.673535 0.618631 392.945 0 0
1500.0 79.263870 17.266220 18.025328 0.378225 0.259347 395.549 0 0
1500.0 75.126860 -9.334142 17.936432 0.228899 -0.194834 395.738 0 0
1500.0 36.574620 8.704198 17.934259 -0.347795 0.146550 395.678 0 0
1500.0 27.018958 -24.285228 17.880919 -0.449551 -0.402300 395.881 0 0
1500.0 75.376090 57.348086 17.888055 0.243122 0.880330 394.636 0 0
1500.0 104.413098 14.371746 18.024705 0.768134 0.273925 391.282 0 0
1500.0 116.917341 31.329377 17.855774 0.924888 0.493367 393.178 0 0
1500.0 70.395174 0.278535 18.025364 0.255228 0.022614 397.785 0 0
1500.0 63.228254 8.144458 18.372410 0.076885 0.132908 391.645 0 0
1500.0 12.019556 -19.586735 17.862759 -0.764174 -0.302282 391.200 0 0
1500.0 53.470063 57.514509 17.977675 -0.086886 0.918090 392.213 0 0
1500.0 80.784406 4.386995 18.492456 0.498046 0.053282 392.747 0 0
1500.0 88.688231 -0.403959 18.227481 0.525682 -0.032937 398.529 0 0
1500.0 79.261987 1.697371 18.301953 0.360923 0.097354 391.690 0 0
1500.0 9.177856 5.966598 17.859020 -0.790466 0.140659 391.210 0 0
1500.0 70.056374 -4.003543 18.106424 0.258414 -0.077553 398.555 0 0
1500.0 111.146031 -5.508116 17.797225 0.833267 -0.016865 391.622 0 0
1500.0 77.962812 -10.803362 18.183446 0.379351 -0.232345 391.544 0 0
1500.0 55.624972 114.004342 17.855551 -0.038169 1.775268 392.485 0 0
1500.0 69.769793 -54.364205 17.892039 0.226637 -0.878401 392.168 0 0
1500.0 116.847774 7.314051 17.866626 0.959363 0.110848 392.656 0 0
1500.0 122.853460 -11.402738 17.865914 1.030784 -0.165593 393.841 0 0
1500.0 109.981177 43.228406 17.867080 0.836407 0.631459 394.295 0 0
1500.0 114.363299 36.726657 17.868156 0.896677 0.534599 394.569 0 0
1500.0 116.356462 -17.828757 17.866145 0.949376 -0.263698 392.844 0 0
1500.0 109.730437 41.221506 17.880939 0.833413 0.631186 393.997 0 0
1500.0 64.416823 -35.329307 17.980843 0.146639 -0.607587 391.487 0 0
1500.0 84.777524 -30.900207 17.978659 0.454539 -0.538290 391.726 0 0
1500.0 121.615397 14.453561 17.830401 0.978579 0.244682 395.245 0 0
1500.0 131.860923 37.899168 17.853688 1.165209 0.586895 393.810 0 0
1500.0 34.942629 35.319969 17.822789 -0.304436 0.561288 397.693 0 0
1500.0 89.415802 43.437119 17.807964 0.532883 0.705050 392.452 0 0
1500.0 107.418149 -0.303616 17.877580 0.814859 0.043823 392.400 0 0
1500.0 110.317747 -19.127568 18.020656 0.880249 -0.274130 393.648 0 0
1500.0 6.621096 42.518023 17.894613 -0.819656 0.637479 394.561 0 0
1500.0 14.148422 9.083446 17.903896 -0.732592 0.149970 392.356 0 0
1500.0 85.512630 -43.296635 17.835470 0.444082 -0.728801 392.728 0 0
1500.0 112.391821 -18.908059 17.841013 0.891385 -0.254471 393.370 0 0
1500.0 102.278582 27.840782 17.843152 0.742826 0.452950 393.016 0 0
1500.0 51.707372 28.227816 17.863486 -0.155098 0.401713 399.410 0 0
1500.0 37.375595 15.996960 17.876473 -0.372947 0.296406 391.914 0 0
1500.0 19.061767 45.975314 17.833306 -0.606761 0.761511 393.942 0 0
1500.0 85.695172 65.118110 17.789092 0.482530 0.963538 394.562 0 0
1500.0 84.874023 -36.315192 17.836559 0.454821 -0.619105 392.906 0 0
1500.0 115.227548 -21.817546 17.835790 0.860328 -0.371739 397.388 0 0
1500.0 67.997656 -39.980785 17.850946 0.180293 -0.619355 398.798 0 0
1500.0 58.020901 -12.841970 18.255562 -0.005690 -0.151065 393.268 0 0
1500.0 76.847549 13.253008 17.898554 0.323222 0.225725 399.647 0 0
1500.0 85.427068 -38.198963 17.961561 0.428450 -0.656234 393.747 0 0
1500.0 73.754187 -57.483732 17.954125 0.247053 -0.934099 394.816 0 0
1500.0 93.373625 -23.898021 17.945501 0.608571 -0.418443 393.535 0 0
1500.0 113.911727 31.629413 17.884501 0.883590 0.478360 397.352 0 0
1500.0 97.601198 -36.509677 17.816877 0.613243 -0.568084 398.377 0 0
1500.0 51.559978 -34.577164 18.105623 -0.117592 -0.578587 393.811 0 0
1500.0 99.538743 -35.398420 17.995636 0.673105 -0.602800 394.742 0 0
1500.0 87.147599 -25.373885 18.004561 0.494160 -0.458915 393.748 0 0
1500.0 78.892666 31.385728 17.889173 0.275955 0.540067 393.206 0 0
1500.0 -8.806537 4.704205 17.881337 -1.041110 0.055121 397.136 0 0
1500.0 84.061225 -9.677548 18.025229 0.461983 -0.085968 395.690 0 0
1500.0 46.531849 -10.055727 18.146604 -0.164545 -0.191715 401.650 0 0
1500.0 89.620164 19.088819 18.018200 0.531517 0.270815 400.577 0 0
1500.0 98.286647 7.235549 18.009635 0.713763 0.115572 394.398 0 0
1500.0 90.520684 19.660268 17.874544 0.461053 0.367305 392.558 0 0
1500.0 73.257894 23.948687 18.309343 0.289950 0.429192 396.290 0 0
1500.0 52.693139 42.110975 17.835807 -0.057976 0.726111 393.547 0 0
1500.0 93.341624 -38.670966 17.882056 0.496066 -0.648346 394.484 0 0
1500.0 34.062468 -41.617431 17.887625 -0.379169 -0.641323 399.794 0 0
1500.0 61.936686 -28.785214 17.947030 0.065855 -0.471264 400.849 0 0
1500.0 74.698997 -60.791674 17.922888 0.260700 -0.981027 396.224 0 0
1500.0 41.094876 35.402847 17.938510 -0.283685 0.611665 394.363 0 0
1500.0 51.140447 25.924038 18.060286 -0.042159 0.467938 394.405 0 0
1500.0 68.274589 -15.908736 18.438710 0.216381 -0.283524 403.135 0 0
1500.0 78.210258 12.223951 17.913482 0.400674 0.187426 393.809 0 0
1500.0 95.567456 26.265173 18.353046 0.636950 0.476682 395.091 0 0
1500.0 94.621168 -34.069824 17.862848 0.591066 -0.592940 394.924 0 0
1500.0 97.962776 -48.152989 17.853886 0.629471 -0.792409 396.245 0 0
1500.0 106.131099 22.976245 17.886883 0.787834 0.419862 394.561 0 0
1500.0 62.290734 23.048456 18.136503 0.081478 0.425058 395.289 0 0
1500.0 63.067983 -49.553872 17.887889 0.133971 -0.816351 395.282 0 0
1500.0 85.832275 -44.713801 17.885304 0.480083 -0.739165 395.561 0 0
1500.0 97.100759 -52.685894 17.876331 0.632527 -0.835265 397.551 0 0
1500.0 47.555630 -40.715278 17.893539 -0.104099 -0.686578 394.767 0 0
1500.0 121.090345 -16.937248 17.878091 0.971407 -0.301966 398.645 0 0
1500.0 75.203713 -39.054135 17.891968 0.321457 -0.659618 394.900 0 0
1500.0 74.528309 -39.785166 17.891743 0.310973 -0.670662 394.919 0 0
1500.0 86.743229 -39.756777 17.887732 0.495947 -0.666349 395.298 0 0
1500.0 -20.274227 -26.617403 17.980709 -1.336778 -0.473526 391.417 0 0
1500.0 -7.262889 6.255691 17.849333 -1.022367 0.085222 398.572 0 0
1500.0 42.068051 23.934433 17.872141 -0.322143 0.366028 394.323 0 0
1500.0 71.455285 -33.254428 18.447442 0.271000 -0.571907 396.931 0 0
1500.0 96.104251 -30.163866 18.011698 0.644385 -0.521248 396.029 0 0
1500.0 95.076928 9.702096 18.019358 0.635369 0.084939 395.347 0 0
1500.0 54.000726 13.560295 17.996480 -0.063196 0.285901 394.530 0 0
1500.0 104.782529 -4.850899 17.892451 0.710692 -0.126818 400.884 0 0
1500.0 84.357848 17.737868 17.849997 0.469492 0.224991 394.644 0 0
1500.0 90.107983 27.636754 18.139776 0.526002 0.440862 402.207 0 0
1500.0 74.154028 -7.524892 17.888168 0.216689 -0.184242 394.474 0 0
1500.0 40.880701 -14.915142 18.100339 -0.275917 -0.224786 401.934 0 0
1500.0 137.914825 -55.750001 17.959430 1.287372 -0.920667 395.847 0 0
1500.0 75.542088 22.388374 18.191783 0.367139 0.396724 396.615 0 0
1500.0 74.927937 -41.571663 18.124992 0.271244 -0.702138 397.056 0 0
1500.0 87.948704 -15.661369 17.901720 0.483803 -0.248709 403.082 0 0
1500.0 2.865129 -14.302540 17.922788 -0.887248 -0.175460 397.096 0 0
1500.0 137.977291 36.201063 17.813475 1.210380 0.608409 398.464 0 0
1500.0 105.909717 -34.352337 17.809623 0.751213 -0.592249 397.117 0 0
1500.0 15.304323 -52.977205 17.804464 -0.608453 -0.853574 398.760 0 0
1500.0 112.122708 37.045803 17.919262 0.872727 0.551762 399.876 0 0
1500.0 23.218449 -11.225695 17.836746 -0.545282 -0.251954 395.665 0 0
1500.0 89.993160 -2.994285 18.125582 0.554958 0.025679 396.718 0 0
1500.0 82.568575 -43.371773 18.051995 0.383818 -0.791158 391.842 0 0
1500.0 121.617976 18.074777 17.906360 0.978854 0.323600 400.062 0 0
1500.0 80.973309 -51.132730 17.981400 0.320278 -0.854836 395.378 0 0
1500.0 104.530797 -12.003598 17.888501 0.779773 -0.152564 397.800 0 0
1500.0 107.647789 -2.931534 17.887169 0.823834 -0.015666 398.038 0 0
1500.0 106.433677 -29.974377 17.884010 0.788266 -0.413042 399.500 0 0
1500.0 109.914356 42.144904 18.119641 0.962619 0.693740 392.310 0 0
1500.0 83.739557 -11.670296 17.927596 0.392727 -0.265634 393.153 0 0
1500.0 105.000510 -22.993802 17.986973 0.807770 -0.338227 397.774 0 0
1500.0 -3.046016 74.299733 17.916970 -1.047777 1.293124 392.713 0 0
1500.0 116.552645 -2.084325 17.842067 0.905412 0.003706 401.620 0 0
1500.0 124.227245 2.716155 17.834602 1.039510 0.074334 400.017 0 0
1500.0 44.777066 11.213059 17.921065 -0.242302 0.237556 396.163 0 0
1500.0 94.889474 -29.026461 18.121086 0.573609 -0.530507 394.002 0 0
1500.0 35.282120 -49.401575 17.918569 -0.383704 -0.806813 397.983 0 0
1500.0 86.099653 46.198690 17.840841 0.458416 0.693704 402.635 0 0
1500.0 34.199527 -27.562234 17.879867 -0.423332 -0.377058 396.592 0 0
1500.0 50.103990 58.058843 17.863886 -0.172390 0.928915 398.153 0 0
1500.0 91.863607 23.444678 18.164381 0.532640 0.436976 395.540 0 0
1500.0 95.173786 -18.054096 18.513458 0.747723 -0.330939 394.486 0 0
1500.0 107.713302 25.016724 18.146086 0.845240 0.466256 395.924 0 0
1500.0 44.593043 54.643520 17.965653 -0.218047 0.868151 400.044 0 0
1500.0 62.232595 4.799999 17.975410 0.007019 0.093033 396.737 0 0
1500.0 27.495036 -49.828139 17.826751 -0.497397 -0.757770 402.207 0 0
1500.0 50.906842 -51.647640 17.931093 -0.062401 -0.890470 395.354 0 0
1500.0 70.284639 79.778851 17.877058 0.235426 1.301595 397.206 0 0
1500.0 102.367260 19.676141 18.025374 0.725927 0.369986 398.615 0 0
1500.0 86.334014 49.936516 18.018839 0.476763 0.819811 399.397 0 0
1500.0 40.000609 -25.135729 17.991805 -0.333665 -0.371617 397.580 0 0
1500.0 25.951400 20.584787 17.987310 -0.547908 0.333058 397.913 0 0
1500.0 42.939675 -26.393759 17.992172 -0.288371 -0.391209 397.554 0 0
1500.0 63.402201 33.112321 17.941551 0.113705 0.518505 405.486 0 0
1500.0 69.071132 95.510873 17.883817 0.220739 1.524759 398.378 0 0
1500.0 119.732576 -16.910771 17.879386 0.966490 -0.302572 401.027 0 0
1500.0 1.176204 84.541772 17.839089 -0.919046 1.332623 399.150 0 0
1500.0 122.179588 17.586028 18.199712 1.152249 0.360078 393.334 0 0
1500.0 20.081907 -30.160262 17.862960 -0.653929 -0.448235 398.502 0 0
1500.0 16.639857 51.254587 17.850430 -0.685931 0.778153 400.481 0 0
1500.0 103.827948 47.537282 17.966444 0.715019 0.766429 401.563 0 0
1500.0 69.214221 -21.945170 17.939015 0.232064 -0.332591 405.365 0 0
1500.0 65.196623 -27.505690 17.821510 0.070130 -0.499760 397.442 0 0
1500.0 93.234634 -40.241841 17.886392 0.600125 -0.662640 399.472 0 0
1500.0 11.505636 -47.417138 17.870652 -0.729125 -0.752685 401.660 0 0
1500.0 22.593325 -51.764144 17.872798 -0.575496 -0.830824 400.510 0 0
1500.0 -5.411426 17.712178 17.811937 -1.005679 0.253775 401.935 0 0
1500.0 -3.701286 19.547014 17.813312 -0.974179 0.278883 402.382 0 0
1500.0 1.228270 -5.978624 17.819752 -0.888176 -0.091966 403.471 0 0
1500.0 18.152770 55.288712 17.811370 -0.663367 0.809901 401.561 0 0
1500.0 24.007408 58.779488 17.812469 -0.572061 0.854151 402.139 0 0
1500.0 105.101361 6.146411 17.856664 0.786187 0.046185 398.969 0 0
1500.0 91.939805 -18.172380 17.861321 0.587610 -0.329519 398.565 0 0
1500.0 81.871636 55.504339 18.012335 0.368363 0.903920 400.810 0 0
1500.0 59.756323 63.088792 18.010356 0.037303 1.011259 401.215 0 0
1500.0 46.942316 4.045639 18.037774 -0.142529 0.124004 406.266 0 0
1500.0 -10.228453 14.878182 18.030094 -1.182179 0.221789 395.219 0 0
1500.0 26.113592 -16.849596 18.109461 -0.509660 -0.307273 399.651 0 0
1500.0 40.796685 13.330103 18.116294 -0.287227 0.155378 399.172 0 0
1500.0 86.862830 22.970231 17.908388 0.482623 0.334171 405.584 0 0
1500.0 62.074031 -59.689272 17.861810 0.001862 -0.944516 400.523 0 0
1500.0 -5.345180 -20.060470 17.856027 -0.993148 -0.335165 402.282 0 0
1500.0 57.768492 -12.664107 18.082245 0.075122 -0.222329 407.037 0 0
1500.0 97.708846 -64.630296 18.073354 0.733210 -1.145946 394.362 0 0
1500.0 104.838876 -42.365177 18.023327 0.766994 -0.683907 402.175 0 0
1500.0 109.949579 3.527281 18.032049 0.861111 -0.004654 400.727 0 0
1500.0 113.305073 15.377128 17.977690 0.901925 0.287682 401.141 0 0
1500.0 93.095669 51.839324 17.973855 0.591363 0.827276 401.868 0 0
1500.0 61.044619 -12.461019 17.884446 0.116874 -0.236578 399.194 0 0
1500.0 28.381978 7.850650 18.166830 -0.526830 0.089672 395.540 0 0
1500.0 58.355042 -8.859547 18.030103 -0.044997 -0.117012 399.111 0 0
1500.0 23.733947 -4.144713 18.021249 -0.577081 -0.043417 399.710 0 0
1500.0 8.905758 -43.079551 17.876563 -0.764574 -0.702555 402.013 0 0
1500.0 52.078169 -64.005290 17.877311 -0.122977 -1.017983 401.736 0 0
1500.0 71.789347 -42.453759 17.893882 0.161915 -0.657591 405.659 0 0
1500.0 -3.845097 -21.799709 17.876945 -0.956432 -0.386956 401.857 0 0
1500.0 43.837270 -38.273613 17.895213 -0.232054 -0.597641 405.775 0 0
1500.0 7.994225 -16.196876 17.886188 -0.798413 -0.310620 400.305 0 0
1500.0 88.941786 -29.183146 17.893853 0.441700 -0.514386 399.593 0 0
1500.0 92.153071 -10.340104 17.882165 0.581788 -0.220905 399.518 0 0
1500.0 93.294531 -49.756235 17.867544 0.558068 -0.773642 404.309 0 0
1500.0 66.627614 2.667375 17.891985 0.188652 -0.019771 398.845 0 0
1500.0 4.976862 29.238807 17.887934 -0.834699 0.502038 401.305 0 0
1500.0 115.570731 12.292091 17.889626 0.951725 0.183513 401.372 0 0
1500.0 122.426790 13.263125 17.885212 1.029548 0.193355 403.019 0 0
1500.0 122.187014 -4.949936 17.887016 1.013606 -0.073723 403.851 0 0
1500.0 86.003231 9.416978 17.907730 0.520189 0.144125 399.548 0 0
1500.0 82.863247 11.628876 17.910091 0.425351 0.160958 406.545 0 0
1500.0 85.931996 17.130493 17.906428 0.518322 0.263340 399.643 0 0
1500.0 99.057861 15.789333 17.899945 0.715721 0.240616 400.168 0 0
1500.0 107.900996 35.777333 17.962127 0.831518 0.564132 402.030 0 0
1500.0 29.297946 -8.797337 18.026680 -0.482911 -0.176608 400.162 0 0
1500.0 26.930546 12.093558 18.025958 -0.518982 0.145232 400.213 0 0
1500.0 82.362104 -7.550388 17.995050 0.471023 -0.180883 395.989 0 0
1500.0 34.566144 -13.528915 18.329130 -0.360212 -0.235137 401.399 0 0
1500.0 44.052773 6.906469 18.403171 -0.207400 0.131805 401.441 0 0
1500.0 63.290989 2.923269 18.122452 0.155775 -0.007133 408.332 0 0
1500.0 54.184180 -21.576839 17.820658 -0.094072 -0.409565 399.718 0 0
1500.0 80.746454 -2.521540 18.096058 0.384594 -0.091568 408.168 0 0
1500.0 62.525244 -15.228776 17.835670 0.138344 -0.272869 400.088 0 0
1500.0 95.527459 3.277149 18.079010 0.639676 -0.018511 401.339 0 0
1500.0 83.589216 35.149902 17.959344 0.484869 0.545651 401.182 0 0
1500.0 119.745863 8.859966 17.945235 1.010034 0.138712 403.056 0 0
1500.0 114.487651 -24.833618 17.959374 0.933719 -0.348764 402.831 0 0
1500.0 114.670367 -55.428284 17.860576 0.946041 -0.850599 401.592 0 0
1500.0 -3.341864 2.998835 18.101206 -1.077244 0.029151 396.461 0 0
1500.0 93.789254 33.992776 17.962368 0.598164 0.584214 402.055 0 0
1500.0 123.437614 4.546087 17.904208 1.036130 0.045521 404.827 0 0
1500.0 71.392380 32.319421 17.954039 0.197869 0.522326 407.830 0 0
1500.0 49.383136 54.388861 17.939800 -0.119243 0.899345 402.421 0 0
1500.0 92.670256 21.697422 18.119650 0.640009 0.318702 402.237 0 0
1500.0 106.845692 -18.788350 17.903873 0.828310 -0.295398 402.226 0 0
1500.0 79.008609 52.523535 17.865383 0.260195 0.841382 402.166 0 0
1500.0 6.927374 34.458407 17.861458 -0.793355 0.535221 405.929 0 0
1500.0 108.079568 15.734169 17.888443 0.786097 0.248246 406.895 0 0
1500.0 66.616178 63.699530 17.892410 0.128644 1.022967 403.843 0 0
1500.0 36.903088 47.032369 17.904398 -0.299093 0.737845 407.193 0 0
1500.0 69.072964 -50.528404 17.920140 0.222634 -0.832518 402.506 0 0
1500.0 47.678124 -41.910934 18.299145 -0.162080 -0.796624 395.470 0 0
1500.0 115.227147 14.817204 17.974887 0.898645 0.246496 406.842 0 0
1500.0 31.967077 31.409928 17.934160 -0.464775 0.490123 402.057 0 0
1500.0 25.531770 43.535718 17.807747 -0.455167 0.728600 402.395 0 0
1500.0 104.405558 24.911826 17.807054 0.752866 0.442626 402.472 0 0
1500.0 49.438335 9.702024 17.826929 -0.090868 0.215047 400.870 0 0
1500.0 100.546630 21.487603 17.813136 0.644086 0.362250 407.512 0 0
1500.0 88.818836 -7.018976 17.923987 0.507136 -0.183815 401.797 0 0
1500.0 47.429673 -34.555531 18.056568 -0.108684 -0.591801 403.799 0 0
1500.0 82.368613 -10.688527 18.300100 0.469934 -0.227261 403.230 0 0
1500.0 62.595410 -24.165286 18.301645 0.170357 -0.432359 403.120 0 0
1500.0 73.569468 -19.095843 18.033743 0.342823 -0.297899 402.154 0 0
1500.0 110.999441 31.932844 18.011405 0.887918 0.472311 404.531 0 0
1500.0 83.706360 -4.165849 18.475262 0.466561 -0.111205 411.000 0 0
1500.0 67.222333 27.614165 17.887017 0.116062 0.499535 402.087 0 0
1500.0 -4.808148 62.824280 17.886451 -0.988202 1.032095 402.999 0 0
1500.0 68.875032 -33.875206 18.031005 0.212676 -0.593601 402.948 0 0
1500.0 95.267686 -52.014500 18.012560 0.595760 -0.841122 405.329 0 0
1500.0 106.863322 -5.207409 18.024156 0.788212 -0.152471 403.542 0 0
1500.0 53.736572 28.782045 17.867192 -0.089858 0.520641 402.076 0 0
1500.0 -49.509651 97.007624 17.830459 -1.678466 1.568183 402.740 0 0
1500.0 127.079771 -33.145091 18.059222 1.296199 -0.596976 394.818 0 0
1500.0 60.393584 41.565411 18.152084 0.023844 0.684269 403.836 0 0
1500.0 97.996965 36.711852 17.868681 0.639205 0.630504 403.730 0 0
1500.0 30.322744 -0.998646 17.878361 -0.437659 0.061626 402.307 0 0
1500.0 86.108923 60.198735 17.853105 0.409889 0.964261 405.690 0 0
1500.0 73.124011 64.397048 17.853080 0.217493 1.025363 405.758 0 0
1500.0 35.376880 17.881772 17.876707 -0.358281 0.355155 402.421 0 0
1500.0 41.187171 41.533192 17.870076 -0.243615 0.657414 408.835 0 0
1500.0 95.030258 52.749954 17.856383 0.530607 0.836184 407.132 0 0
1500.0 22.725478 48.913154 17.859682 -0.513058 0.774401 407.683 0 0
1500.0 72.683469 4.073822 17.882272 0.199085 0.125953 409.799 0 0
1500.0 16.419572 39.406734 17.859760 -0.637575 0.673507 403.988 0 0
1500.0 61.146943 9.787967 17.863736 0.123841 0.175284 403.743 0 0
1500.0 118.772746 -5.585068 17.868706 0.971524 -0.140405 404.506 0 0
1500.0 77.755363 44.806831 18.123611 0.351160 0.750070 404.474 0 0
1500.0 74.673161 21.053137 18.135526 0.309343 0.397720 403.470 0 0
1500.0 96.672177 17.088330 17.976972 0.646827 0.240396 407.757 0 0
1500.0 72.594894 54.164766 17.890300 0.192067 0.888497 404.160 0 0
1500.0 39.779151 59.430706 17.887418 -0.290661 0.919192 407.690 0 0
1500.0 49.502531 42.662430 17.898076 -0.160553 0.722669 403.355 0 0
1500.0 104.387868 38.582277 17.853596 0.778666 0.590329 404.564 0 0
1500.0 126.794924 5.527782 17.808504 1.035391 0.013239 406.466 0 0
1500.0 101.469127 -17.261771 17.894148 0.746083 -0.289539 403.714 0 0
1500.0 118.333335 0.282266 17.884840 0.986445 -0.020422 404.903 0 0
1500.0 62.703498 -35.306020 17.902241 0.153866 -0.571918 403.032 0 0
1500.0 89.694628 -45.330558 18.008376 0.540617 -0.771956 403.213 0 0
1500.0 17.074101 3.399939 18.011971 -0.668728 0.093020 403.851 0 0
1500.0 68.046567 27.379645 18.021578 0.207660 0.493193 403.662 0 0
1500.0 75.292344 -22.148156 17.852493 0.241772 -0.382890 409.651 0 0
1500.0 56.429948 -63.590335 17.867714 0.023262 -0.979066 407.935 0 0
1500.0 57.616603 25.798876 18.336512 -0.020847 0.485227 398.631 0 0
1500.0 18.656166 -73.714764 18.030186 -0.745612 -1.229694 397.713 0 0
1500.0 78.785333 20.680645 17.855323 0.265514 0.372793 403.019 0 0
1500.0 23.586044 56.629479 17.830538 -0.562407 0.881840 406.768 0 0
1500.0 46.268644 -17.580161 18.148874 -0.216273 -0.268336 404.011 0 0
1500.0 68.199976 -16.544873 17.850913 0.211434 -0.219059 410.545 0 0
1500.0 89.003862 52.322347 17.827073 0.543414 0.804966 405.155 0 0
1500.0 109.462700 -40.994209 17.823550 0.842417 -0.599331 405.981 0 0
1500.0 107.739733 38.041970 17.824979 0.821786 0.585300 405.564 0 0
1500.0 117.882521 9.746195 17.828347 0.935038 0.153406 408.356 0 0
1500.0 89.142306 1.361807 17.874023 0.494647 0.098685 403.490 0 0
1500.0 109.168085 7.725817 17.862424 0.794358 0.194786 404.444 0 0
1500.0 90.699287 35.290940 17.863127 0.511818 0.617944 404.375 0 0
1500.0 3.683321 10.531024 17.837016 -0.844026 0.127916 409.150 0 0
1500.0 -6.211726 14.277783 17.826947 -1.025749 0.188898 406.406 0 0
1500.0 -1.351013 27.898121 17.827445 -0.956874 0.393019 406.163 0 0
1500.0 62.732941 19.718803 17.999695 0.018936 0.326233 403.652 0 0
1500.0 62.614200 33.822384 17.900995 0.096482 0.540237 410.559 0 0
1500.0 65.298773 45.138472 17.892490 0.146672 0.764261 404.477 0 0
1500.0 120.628031 17.904939 17.880003 0.968835 0.337140 406.274 0 0
1500.0 62.543891 42.990663 17.939056 0.139628 0.712000 404.617 0 0
1500.0 67.931073 -15.620044 18.059539 0.254143 -0.262359 404.913 0 0
1500.0 111.328681 6.960804 18.041617 0.879838 0.079407 407.715 0 0
1500.0 8.877361 -37.248189 17.809750 -0.785890 -0.622682 405.873 0 0
1500.0 88.741561 -47.331666 18.156501 0.581074 -0.791691 403.417 0 0
1500.0 -9.298441 78.537514 17.841812 -1.072463 1.219508 406.210 0 0
1500.0 40.159326 4.300482 18.338786 -0.344719 0.114795 397.626 0 0
1500.0 100.575284 64.345421 18.224582 0.827910 1.255474 394.351 0 0
1500.0 87.138269 -21.286361 17.960624 0.487861 -0.401330 404.737 0 0
1500.0 72.024171 -14.708471 17.967350 0.256987 -0.302263 404.255 0 0
1500.0 111.308910 -26.043234 17.878500 0.884351 -0.440403 405.273 0 0
1500.0 22.065591 -33.972533 17.859920 -0.614373 -0.481444 405.065 0 0
1500.0 87.249450 -17.062780 18.945302 0.702378 -0.311301 399.100 0 0
1500.0 80.717209 5.103668 18.029450 0.443204 0.118549 404.585 0 0
1500.0 32.837573 -35.490880 17.924682 -0.353032 -0.569533 411.095 0 0
1500.0 131.293179 -25.655927 18.321211 1.292715 -0.457128 402.725 0 0
1500.0 63.010298 -66.962554 18.018590 0.092651 -1.194623 400.351 0 0
1500.0 101.692825 -34.170117 17.942533 0.702618 -0.510607 410.516 0 0
1500.0 1.725541 -10.865432 17.911193 -0.915851 -0.154317 406.373 0 0
1500.0 113.807562 3.093867 18.025412 0.931360 0.081225 407.014 0 0
1500.0 89.334529 25.082162 18.037952 0.524477 0.383054 411.980 0 0
1500.0 67.372014 31.409481 17.895770 0.182096 0.494797 411.897 0 0
1500.0 101.595182 18.350281 17.885670 0.723488 0.340480 405.853 0 0
1500.0 61.990981 28.309510 17.896172 0.118039 0.499670 404.998 0 0
1500.0 124.700498 -5.998315 17.873087 1.043218 -0.031657 408.004 0 0
1500.0 111.957902 -9.790796 17.810950 0.888981 -0.183006 406.226 0 0
1500.0 92.882056 49.222931 17.882833 0.544431 0.815678 407.182 0 0
1500.0 49.946466 -38.093774 18.022874 -0.090170 -0.602100 412.410 0 0
1500.0 72.943421 4.289305 18.012603 0.296155 0.065831 412.946 0 0
1500.0 109.444590 -13.914010 17.992779 0.874335 -0.203367 407.013 0 0
1500.0 72.480613 -14.754985 18.010896 0.323362 -0.221311 405.448 0 0
1500.0 122.291851 -4.363371 17.984886 1.042333 -0.057586 408.674 0 0
1500.0 83.848289 54.172445 17.821774 0.377164 0.894392 406.929 0 0
1500.0 47.303783 36.449308 17.837887 -0.164002 0.583712 411.733 0 0
1500.0 107.431067 -24.771723 17.871406 0.747972 -0.460977 404.683 0 0
1500.0 111.240716 31.271352 18.252768 0.970653 0.490287 404.312 0 0
1500.0 47.968162 31.892489 17.905349 -0.182861 0.496770 412.489 0 0
1500.0 36.506116 36.700979 17.898500 -0.377021 0.619121 406.161 0 0
1500.0 13.681382 20.386034 17.894773 -0.724394 0.366172 406.503 0 0
1500.0 95.703856 38.316728 17.896453 0.651743 0.569027 407.618 0 0
1500.0 103.198040 28.057995 17.898106 0.729904 0.395770 410.773 0 0
1500.0 96.776383 27.298796 17.900087 0.673288 0.406397 407.086 0 0
1500.0 101.493931 -6.335201 17.901481 0.746791 -0.104359 406.918 0 0
1500.0 28.340131 36.923592 18.059677 -0.514552 0.705697 400.449 0 0
1500.0 59.974440 -10.588804 18.121768 0.017605 -0.199939 414.002 0 0
1500.0 42.208010 -1.095169 18.121324 -0.227167 -0.069226 413.971 0 0
1500.0 163.561573 53.286274 17.997424 1.814194 0.967993 401.032 0 0
1500.0 68.612282 34.501442 17.821353 0.185436 0.609535 405.952 0 0
1500.0 14.437168 15.780074 17.817957 -0.652784 0.317544 406.228 0 0
1500.0 102.801005 48.727669 17.801918 0.684450 0.793591 408.938 0 0
1500.0 95.346564 29.068489 17.888205 0.567720 0.446524 414.392 0 0
1500.0 120.655259 -17.314119 18.019596 1.005935 -0.293316 410.028 0 0
1500.0 56.837805 17.461868 17.884546 0.027975 0.339986 405.674 0 0
1500.0 45.989731 33.438843 17.859231 -0.254379 0.483108 405.666 0 0
1500.0 88.313337 -11.525919 18.122391 0.467795 -0.245067 407.305 0 0
1500.0 89.388488 -0.102548 18.021684 0.546457 -0.067893 407.002 0 0
1500.0 83.575159 13.135756 18.510771 0.464438 0.342372 393.982 0 0
1500.0 86.214692 53.009574 17.857812 0.381293 0.885626 405.314 0 0
1500.0 123.031935 -49.179241 17.853270 1.122452 -0.806552 404.366 0 0
1500.0 74.642485 -4.687617 17.971007 0.316854 -0.138240 406.698 0 0
1500.0 113.011305 27.615510 17.919381 0.874688 0.398568 411.870 0 0
1500.0 98.653153 -42.637965 17.919950 0.701053 -0.641927 408.610 0 0
1500.0 121.161777 17.706243 17.914873 1.008797 0.260410 410.706 0 0
1500.0 93.837501 36.344568 17.925310 0.634746 0.555457 407.946 0 0
1500.0 82.027894 -24.005159 18.264157 0.489698 -0.394396 408.462 0 0
1500.0 8.244321 -28.090037 17.943066 -0.837570 -0.441967 406.771 0 0
1500.0 86.893287 -13.440230 18.186752 0.562226 -0.197735 408.119 0 0
1500.0 85.854189 -14.365159 18.166382 0.485725 -0.319648 403.039 0 0
1500.0 63.972289 26.076324 18.187992 0.062977 0.415576 407.857 0 0
1500.0 47.669367 -16.751062 17.853801 -0.143360 -0.304375 414.005 0 0
1500.0 100.183313 -45.412652 17.845195 0.604742 -0.726401 412.080 0 0
1500.0 36.562380 14.571655 18.037115 -0.437978 0.220550 401.680 0 0
1500.0 89.397225 35.838776 18.345085 0.532539 0.664939 403.233 0 0
1500.0 97.980367 -81.203383 17.804237 0.661535 -1.308034 407.817 0 0
1500.0 62.647153 39.529317 18.005571 0.140169 0.667120 408.247 0 0
1500.0 95.453689 -8.071319 17.902662 0.635589 -0.183939 407.891 0 0
1500.0 143.639469 132.277677 17.855986 1.420318 2.094221 406.970 0 0
1500.0 19.495139 -42.746564 17.850979 -0.671992 -0.645569 407.772 0 0
1500.0 37.257421 8.011272 17.895346 -0.378650 0.169492 407.998 0 0
1500.0 121.737696 -3.566722 17.897667 0.995266 -0.042379 413.367 0 0
1500.0 54.618404 -21.629675 17.987744 -0.064631 -0.351710 417.925 0 0
1500.0 82.201498 -0.072680 18.076883 0.430002 0.018353 415.914 0 0
1500.0 107.529706 -33.483535 17.982856 0.916490 -0.545727 403.479 0 0
1500.0 101.901639 37.800324 17.823484 0.681486 0.593031 413.577 0 0
1500.0 121.893981 16.761518 17.816554 0.987546 0.296380 412.251 0 0
1500.0 112.592094 -28.697522 18.009022 0.899624 -0.536634 406.732 0 0
1500.0 71.430784 -16.712824 18.288887 0.246151 -0.328331 409.777 0 0
1500.0 69.718400 -14.310136 17.897011 0.238714 -0.194260 415.760 0 0
1500.0 112.710779 -17.136799 17.874718 0.909880 -0.253549 410.151 0 0
1500.0 106.120389 -22.659213 17.877869 0.815124 -0.339247 409.745 0 0
1500.0 101.825135 45.535599 17.873251 0.710563 0.663096 413.359 0 0
1500.0 82.626842 -14.514417 17.892239 0.466209 -0.219397 408.480 0 0
1500.0 69.645232 -59.358095 17.860900 0.149061 -0.922082 413.635 0 0
1500.0 89.394491 -59.480921 17.855023 0.441620 -0.941993 412.296 0 0
1500.0 57.339751 -54.407855 17.865361 -0.027701 -0.843991 414.203 0 0
1500.0 60.349065 -4.706555 17.884815 0.014878 -0.131807 415.864 0 0
1500.0 6.504684 -39.208873 17.855814 -0.788881 -0.657096 411.009 0 0
1500.0 41.745098 7.114129 17.883168 -0.274121 0.036933 408.081 0 0
1500.0 37.872926 -59.610653 17.856402 -0.320808 -0.964470 410.841 0 0
1500.0 14.401190 -50.158228 17.855059 -0.658003 -0.805046 412.315 0 0
1500.0 16.939140 -41.316358 17.862821 -0.606714 -0.660095 413.897 0 0
1500.0 36.542660 -50.353091 17.866430 -0.304256 -0.850331 408.986 0 0
1500.0 90.916223 -19.898543 18.008047 0.504174 -0.378613 409.361 0 0
1500.0 63.681747 1.569807 18.018805 0.086846 -0.049426 408.620 0 0
1500.0 41.013213 -24.359264 17.973607 -0.273966 -0.383372 416.281 0 0
1500.0 154.306742 -30.643706 17.927583 1.619680 -0.591431 404.452 0 0
1500.0 146.013282 -41.865881 17.851371 1.355197 -0.727416 408.768 0 0
1500.0 100.286307 -2.128902 17.996620 0.723120 -0.085751 410.066 0 0
1500.0 87.605524 -43.269340 17.992545 0.489430 -0.661339 415.373 0 0
1500.0 76.803572 57.422263 17.813838 0.263604 0.941753 410.822 0 0
1500.0 101.363928 36.607801 17.817925 0.640799 0.632551 410.233 0 0
1500.0 121.820562 -14.228055 17.959713 1.023459 -0.210165 413.248 0 0
1500.0 173.532109 -131.941294 17.817781 1.790750 -2.047909 411.143 0 0
1500.0 119.765879 1.482676 17.893328 0.971147 0.025516 414.223 0 0
1500.0 49.671560 -54.122640 17.884802 -0.093393 -0.836778 415.442 0 0
1500.0 83.021967 85.987006 17.895359 0.418132 1.406932 409.523 0 0
1500.0 65.129081 27.231668 17.910227 0.105128 0.450683 416.561 0 0
1500.0 34.777354 13.766926 17.901931 -0.430466 0.203172 409.457 0 0
1500.0 58.780235 -2.453280 17.908098 -0.057743 -0.049248 409.058 0 0
1500.0 57.429336 71.087100 17.929935 0.059965 1.184794 407.791 0 0
1500.0 43.536363 -32.461234 17.869992 -0.228406 -0.579828 409.708 0 0
1500.0 27.724499 -7.154966 17.873543 -0.475236 -0.188614 409.448 0 0
1500.0 12.836112 -25.497150 17.842736 -0.766042 -0.389633 410.531 0 0
1500.0 38.354161 -10.873812 17.858505 -0.383393 -0.169345 409.223 0 0
1500.0 21.207856 53.884447 17.834194 -0.625081 0.807880 411.881 0 0
1500.0 5.298525 41.455922 17.832792 -0.848629 0.610917 413.050 0 0
1500.0 12.536757 44.869024 17.834667 -0.756444 0.674035 411.756 0 0
1500.0 50.832206 -54.499405 17.855273 -0.112622 -0.904764 410.911 0 0
1500.0 95.631540 42.807503 17.899445 0.622559 0.708651 411.407 0 0
1500.0 79.168076 -9.524444 18.115260 0.414983 -0.199873 410.700 0 0
1500.0 98.164434 -20.959266 18.104007 0.695231 -0.369312 411.689 0 0
1500.0 58.390753 49.933381 17.814547 -0.026944 0.774760 415.721 0 0
1500.0 112.586395 4.237459 17.830053 0.832594 0.108253 415.452 0 0
1500.0 50.558894 9.318933 17.848857 -0.052493 0.176808 417.056 0 0
1500.0 65.518765 47.013851 17.861814 0.157394 0.787716 410.681 0 0
1500.0 38.017199 28.823127 17.840166 -0.357851 0.408028 415.130 0 0
1500.0 34.582892 25.227474 17.839293 -0.429530 0.375780 411.527 0 0
1500.0 59.396994 53.493600 17.984356 0.092180 0.927523 407.025 0 0
1500.0 149.139973 50.930767 17.885270 1.465324 0.886711 408.652 0 0
1500.0 -45.616340 -11.331252 17.858067 -1.673958 -0.248296 409.086 0 0
1500.0 95.899770 47.798928 18.057055 0.663551 0.873274 406.078 0 0
1500.0 49.677182 -23.202843 18.047433 -0.103803 -0.434947 410.658 0 0
1500.0 120.212370 8.801464 18.102507 1.160308 0.186673 403.862 0 0
1500.0 86.562558 -57.697042 17.927086 0.480023 -0.921380 413.118 0 0
1500.0 42.938012 -9.737948 17.899982 -0.184415 -0.202684 417.726 0 0
1500.0 84.807400 -58.206101 17.872312 0.427119 -0.939395 413.085 0 0
1500.0 111.508799 -36.146174 17.872552 0.826267 -0.611221 413.003 0 0
1500.0 60.571189 -62.382004 17.873601 0.066108 -1.007200 412.717 0 0
1500.0 90.545352 -31.223008 17.885730 0.528172 -0.553297 411.118 0 0
1500.0 62.078154 53.010206 17.822123 0.085148 0.882342 411.652 0 0
1500.0 119.857809 24.421749 17.813812 0.944856 0.434960 413.249 0 0
1500.0 120.884221 21.861531 17.815169 0.939596 0.388277 414.716 0 0
1500.0 40.352881 -46.079178 17.991522 -0.343324 -0.724496 409.464 0 0
1500.0 73.596702 -44.921904 17.841224 0.179635 -0.694124 417.068 0 0
1500.0 36.839223 58.097810 17.834152 -0.280110 0.942076 412.890 0 0
1500.0 105.127299 -17.709467 17.807996 0.733826 -0.280057 416.879 0 0
1500.0 42.075878 -51.018082 17.805852 -0.177734 -0.813465 411.824 0 0
1500.0 48.244900 -48.946883 17.807865 -0.083223 -0.784023 411.627 0 0
1500.0 64.118938 1.104991 17.846764 0.149130 -0.039502 410.469 0 0
1500.0 77.421405 -62.686995 17.817951 0.333515 -0.969642 415.117 0 0
1500.0 71.614525 -63.948736 17.818446 0.248081 -0.986026 415.261 0 0
1500.0 31.973398 -55.110967 18.049028 -0.418568 -0.997074 407.098 0 0
1500.0 122.936492 -10.129346 17.808989 1.002267 -0.103683 415.605 0 0
1500.0 93.710634 26.154674 17.823865 0.560602 0.413438 417.535 0 0
1500.0 91.947908 -2.016601 17.829529 0.532031 0.014048 418.011 0 0
1500.0 118.806792 17.042358 17.810414 0.938001 0.291010 415.904 0 0
1500.0 123.182347 -12.025885 17.808501 1.007646 -0.131555 415.483 0 0
1500.0 47.031219 66.768211 17.807902 -0.104318 1.021332 415.308 0 0
1500.0 95.285373 -7.266195 17.834600 0.635786 -0.061882 411.500 0 0
1500.0 103.709335 41.286311 17.820070 0.714653 0.644494 416.173 0 0
1500.0 53.775977 2.271063 17.858741 -0.096239 0.107737 410.959 0 0
1500.0 57.856136 60.316594 17.834799 -0.029643 0.935185 416.598 0 0
1500.0 109.502948 -1.382684 18.094064 0.883560 -0.005443 413.662 0 0
1500.0 61.188402 -61.749207 17.810955 0.094482 -0.943363 416.538 0 0
1500.0 110.155489 -1.782140 17.818449 0.791244 -0.076135 417.462 0 0
1500.0 101.521183 -26.354306 17.815793 0.718506 -0.458527 412.547 0 0
1500.0 116.979328 -30.184709 17.805531 0.918987 -0.497498 415.136 0 0
1500.0 123.338477 18.957489 17.791955 1.012676 0.231064 415.360 0 0
1500.0 106.678609 -17.270529 17.944292 0.871353 -0.226329 406.513 0 0
1500.0 108.625367 24.237040 17.842498 0.840617 0.398251 413.255 0 0
1500.0 13.261888 34.796507 17.897959 -0.745338 0.531377 413.373 0 0
1500.0 8.428211 15.771590 17.900788 -0.822831 0.244035 413.038 0 0
1500.0 60.062703 -15.836293 17.959710 0.096060 -0.263839 419.477 0 0
1500.0 37.928585 23.496041 17.837436 -0.250638 0.392222 419.148 0 0
1500.0 103.551147 2.603032 17.999660 0.777942 -0.005495 413.584 0 0
1500.0 145.568656 10.264034 17.941297 1.491601 0.162432 410.456 0 0
1500.0 120.356832 -5.331821 17.804980 0.966804 -0.048513 417.128 0 0
1500.0 98.070644 37.930660 17.850340 0.567326 0.639834 413.504 0 0
1500.0 63.314106 58.324754 17.848502 0.033503 0.892047 417.880 0 0
1500.0 26.950966 -21.007263 17.970964 -0.480821 -0.326604 419.592 0 0
1500.0 105.783876 40.144055 17.984971 0.804739 0.615396 415.385 0 0
1500.0 51.632770 4.976547 17.895117 -0.079303 0.138856 420.021 0 0
1500.0 108.514612 3.645285 17.799694 0.805448 0.080725 416.461 0 0
1500.0 97.416858 -34.947530 17.799209 0.654580 -0.494027 415.227 0 0
1500.0 17.531095 53.219149 17.869582 -0.584583 0.850497 416.938 0 0
1500.0 44.036352 64.112272 17.868855 -0.200409 1.025138 415.903 0 0
1500.0 77.968478 -41.237509 17.930412 0.253088 -0.672760 413.841 0 0
1500.0 -54.570756 -25.580556 17.846126 -1.798887 -0.489049 411.301 0 0
1500.0 122.053836 -13.699495 17.914323 1.021458 -0.201669 417.227 0 0
1500.0 120.877995 -11.814985 17.914648 1.020349 -0.176901 416.149 0 0
1500.0 78.871434 -24.016278 17.937507 0.373036 -0.337177 420.341 0 0
1500.0 25.713921 54.461849 17.967886 -0.491428 0.881097 415.900 0 0
1500.0 -12.169563 30.170959 17.878207 -1.151050 0.413992 412.464 0 0
1500.0 122.874812 -15.025958 17.910912 1.024373 -0.185060 417.326 0 0
1500.0 119.381565 -5.685708 17.915528 0.957053 -0.047661 418.486 0 0
1500.0 122.589464 -10.074011 17.910923 1.034484 -0.114221 416.382 0 0
1500.0 85.340532 -35.341424 18.145036 0.484439 -0.604145 415.160 0 0
1500.0 22.665760 -113.638139 17.803968 -0.553925 -1.813466 414.526 0 0
1500.0 121.812495 35.173629 17.924223 1.044874 0.558703 415.457 0 0
1500.0 118.103639 -27.072255 17.868845 0.914944 -0.477219 416.269 0 0
1500.0 80.211392 -5.884606 17.894979 0.327695 -0.151031 420.800 0 0
1500.0 63.291679 -45.766841 17.881421 0.100331 -0.777945 414.379 0 0
1500.0 47.152708 -61.239940 17.870452 -0.144134 -0.993313 415.828 0 0
1500.0 114.343492 -62.801344 18.189267 1.018259 -1.065562 411.092 0 0
1500.0 49.220490 0.150327 17.985324 -0.112703 0.067162 426.138 0 0
1500.0 125.610142 13.140662 17.814555 1.037230 0.128758 416.823 0 0
1500.0 76.653162 -52.399392 17.821353 0.316498 -0.866029 415.263 0 0
1500.0 87.459552 -54.328226 17.816866 0.475637 -0.885365 416.007 0 0
1500.0 40.406546 -29.517118 17.837451 -0.217502 -0.478381 420.654 0 0
1500.0 89.271388 -55.023012 17.817645 0.485182 -0.864241 418.434 0 0
1500.0 110.313932 -41.131046 17.875806 0.780425 -0.672599 418.099 0 0
1500.0 57.675640 -62.442305 17.871684 0.062968 -1.040852 412.111 0 0
1500.0 116.593618 -7.004711 17.821268 0.890356 -0.049640 419.453 0 0
1500.0 80.965622 -8.893203 17.839571 0.369950 -0.074934 421.141 0 0
1500.0 113.945431 9.665846 17.819529 0.903720 0.201100 415.493 0 0
1500.0 61.395749 62.952856 17.815170 0.102747 1.000976 416.226 0 0
1500.0 72.776841 6.182192 17.914834 0.281070 0.068196 421.617 0 0
1500.0 73.100109 -15.778964 17.912363 0.318813 -0.265581 414.137 0 0
1500.0 108.573858 -33.788862 17.889662 0.840898 -0.527083 416.421 0 0
1500.0 100.771160 23.950075 17.838253 0.706730 0.308625 414.841 0 0
1500.0 10.925520 -41.821303 17.818977 -0.772320 -0.665043 416.601 0 0
1500.0 87.091945 2.760460 17.838263 0.529832 0.043224 414.195 0 0
1500.0 90.974494 -30.950600 18.278994 0.548898 -0.588891 409.817 0 0
1500.0 76.577265 3.934384 17.960758 0.327139 0.097304 422.088 0 0
1500.0 123.529366 16.196146 17.841120 0.991568 0.314392 417.391 0 0
1500.0 75.151101 63.601630 17.841091 0.267317 1.005781 418.361 0 0
1500.0 23.133358 32.940800 18.005004 -0.566676 0.550585 415.916 0 0
1500.0 45.397720 -44.736290 17.932408 -0.216611 -0.674156 421.924 0 0
1500.0 27.280827 -85.645333 17.829081 -0.531679 -1.359847 415.741 0 0
1500.0 27.416212 -82.767394 17.909356 -0.539648 -1.415492 412.031 0 0
1500.0 91.468858 -74.449196 17.915468 0.608892 -1.227899 413.228 0 0
1500.0 -5.935279 -0.160959 17.821858 -0.989838 0.037104 419.516 0 0
1500.0 7.640495 36.077959 17.820902 -0.821370 0.583602 417.114 0 0
1500.0 3.912167 -8.975150 17.826898 -0.890156 -0.095514 416.166 0 0
1500.0 32.315273 -41.732255 17.833263 -0.461295 -0.601426 415.512 0 0
1500.0 38.459660 16.934603 17.844116 -0.333629 0.275693 421.919 0 0
1500.0 90.387057 -41.048987 17.913944 0.477758 -0.739329 411.403 0 0
1500.0 17.818648 19.480736 17.865484 -0.627401 0.376338 415.808 0 0
1500.0 2.207070 131.005643 17.843580 -0.825319 2.071402 416.526 0 0
1500.0 39.957268 14.431398 17.840659 -0.258503 0.300532 414.691 0 0
1500.0 84.528468 6.240397 17.834845 0.435034 0.059566 422.436 0 0
1500.0 106.648150 -3.336019 18.060517 0.776889 -0.020664 422.412 0 0
1500.0 98.237682 14.858578 18.316226 0.699776 0.204819 422.180 0 0
1500.0 72.850923 -52.561491 17.862783 0.165409 -0.872986 414.249 0 0
1500.0 151.421925 -61.869416 17.836512 1.525786 -0.999938 415.435 0 0
1500.0 131.685345 -118.142616 18.024308 1.201905 -2.041677 411.688 0 0
1500.0 85.525129 -0.544348 17.902257 0.493509 -0.059653 416.011 0 0
1500.0 111.437529 28.462259 17.810859 0.845060 0.495260 417.883 0 0
1500.0 46.060810 29.750725 17.829283 -0.147995 0.529955 415.985 0 0
1500.0 120.101089 21.457977 17.807563 0.963850 0.384438 418.723 0 0
1500.0 102.588237 34.598928 17.816304 0.674235 0.557498 421.509 0 0
1500.0 -11.970229 -75.742571 17.827184 -1.094746 -1.135026 420.257 0 0
1500.0 112.283068 -7.465610 17.832292 0.842784 -0.189699 417.452 0 0
1500.0 8.815397 -35.944217 17.827390 -0.733087 -0.619393 418.086 0 0
1500.0 46.596781 12.136049 18.172741 -0.175930 0.202865 424.885 0 0
1500.0 1.663592 0.004317 17.851998 -0.918321 0.039891 418.155 0 0
1500.0 8.097215 21.394170 17.852987 -0.822073 0.365768 418.030 0 0
1500.0 35.932284 61.723366 17.845614 -0.389797 0.959602 419.429 0 0
1500.0 -5.155447 2.792805 17.846971 -1.008849 0.081226 419.012 0 0
1500.0 80.173682 -34.684043 17.809394 0.414140 -0.557058 417.139 0 0
1500.0 83.528823 -24.040115 17.861418 0.346221 -0.428101 417.875 0 0
1500.0 98.635213 13.433362 17.848663 0.607175 0.281969 417.333 0 0
1500.0 2.798483 151.394747 17.809252 -0.870202 2.316957 419.826 0 0
1500.0 123.694893 -8.623848 17.863505 1.038818 -0.101482 420.886 0 0
1500.0 90.919887 53.060149 17.800101 0.499311 0.837444 421.877 0 0
1500.0 103.536075 -38.615015 17.929534 0.755562 -0.646478 418.616 0 0
1500.0 116.708983 8.550472 18.086247 1.008256 0.216663 414.286 0 0
1500.0 115.030500 -43.614589 18.007021 1.051385 -0.742668 412.319 0 0
1500.0 42.973039 -13.270416 17.879622 -0.279329 -0.267730 417.481 0 0
1500.0 94.954104 -35.113371 17.844599 0.620051 -0.591990 418.804 0 0
1500.0 51.714795 -16.741104 17.862301 -0.042296 -0.317905 417.375 0 0
1500.0 108.781176 -7.315065 17.959468 0.802979 -0.153330 422.963 0 0
1500.0 84.371972 34.579911 17.862206 0.389197 0.607587 418.450 0 0
1500.0 14.675644 33.302958 17.854477 -0.677588 0.580998 419.219 0 0
1500.0 23.437518 51.199421 17.851054 -0.515158 0.808412 422.899 0 0
1500.0 106.211904 -24.568237 17.931569 0.821943 -0.348456 418.974 0 0
1500.0 -1.407265 23.425552 17.804325 -0.960528 0.312350 420.214 0 0
1500.0 71.729731 -66.282505 17.802662 0.139094 -1.029592 420.742 0 0
1500.0 38.694885 -9.164898 17.829078 -0.332584 -0.165968 425.088 0 0
1500.0 30.599938 -25.601429 17.817697 -0.441877 -0.460309 419.670 0 0
1500.0 93.939124 55.312974 17.821608 0.488048 0.855478 424.051 0 0
1500.0 61.411943 -12.997747 17.821701 0.111510 -0.251730 417.583 0 0
1500.0 16.628790 12.165301 17.865817 -0.633932 0.145063 426.887 0 0
1500.0 -43.394644 48.651666 17.807783 -1.533899 0.787483 421.632 0 0
1500.0 100.220934 49.135721 17.878282 0.637542 0.784224 422.998 0 0
1500.0 81.517186 7.318838 17.901535 0.391949 0.189414 418.415 0 0
1500.0 6.380669 16.323590 17.897878 -0.850793 0.231041 420.237 0 0
1500.0 92.919653 6.225877 17.880027 0.565532 0.084333 425.789 0 0
1500.0 72.450319 1.315209 17.887036 0.275691 0.015179 426.319 0 0
1500.0 84.434494 -44.041936 17.869735 0.485709 -0.677463 420.008 0 0
1500.0 40.713678 -36.378914 17.878867 -0.335844 -0.538115 419.560 0 0
1500.0 -4.326759 -24.009391 17.860570 -0.974318 -0.327087 423.437 0 0
1500.0 12.084014 48.574959 17.859627 -0.739377 0.737078 423.010 0 0
1500.0 43.478057 -1.743476 17.887669 -0.295886 -0.002201 418.944 0 0
1500.0 84.814108 -55.767064 18.054811 0.419023 -0.981590 416.626 0 0
1500.0 57.967521 73.393146 17.841096 0.044099 1.192828 420.321 0 0
1500.0 40.953224 57.420510 17.861972 -0.327807 0.886362 421.497 0 0
1500.0 113.756115 -0.945157 17.866171 0.922829 -0.030994 421.597 0 0
1500.0 114.729980 -2.946167 17.913251 0.903605 -0.113218 421.752 0 0
1500.0 108.962372 -21.045191 18.161457 0.923946 -0.448424 413.426 0 0
1500.0 80.443556 56.091846 17.903693 0.406340 0.886693 422.741 0 0
1500.0 68.103458 40.130166 17.821613 0.122747 0.691855 420.886 0 0
1500.0 112.814157 -22.033144 17.944127 0.911836 -0.347982 423.089 0 0
1500.0 119.861840 -13.537255 17.942697 0.979235 -0.212067 425.703 0 0
1500.0 75.648492 6.231350 17.967524 0.327588 0.070844 428.394 0 0
1500.0 27.128833 40.240379 17.818175 -0.496782 0.699202 421.070 0 0
1500.0 119.311091 12.032860 17.843873 0.956590 0.201197 425.779 0 0
1500.0 25.760844 -15.762478 17.901738 -0.577228 -0.246633 420.675 0 0
1500.0 9.571550 4.218243 17.832397 -0.816477 0.089400 422.030 0 0
1500.0 38.593530 26.130719 17.895991 -0.326956 0.474873 421.767 0 0
1500.0 61.652758 -24.848243 17.978008 -0.001273 -0.367860 421.697 0 0
1500.0 49.527831 5.624582 17.980728 -0.169345 0.093866 429.335 0 0
1500.0 31.609203 7.082593 17.824260 -0.442705 0.113548 428.546 0 0
1500.0 9.890597 -2.511444 17.814022 -0.757147 -0.021537 427.678 0 0
1500.0 36.174917 56.597733 17.804031 -0.408473 0.873359 423.332 0 0
1500.0 26.913674 22.912606 17.819584 -0.511349 0.337759 428.176 0 0
1500.0 8.787404 43.334954 17.800536 -0.795428 0.649117 425.682 0 0
1500.0 35.997124 25.270555 17.822075 -0.298635 0.455516 421.725 0 0
1500.0 100.261202 2.236003 17.818767 0.637882 0.087698 428.245 0 0
1500.0 102.201407 -49.749904 17.945775 0.671675 -0.804784 425.596 0 0
1500.0 67.643209 -41.500902 17.961438 0.170444 -0.712308 422.845 0 0
1500.0 54.158897 -24.959192 17.864952 0.002203 -0.434485 423.096 0 0
1500.0 48.191746 -25.359465 17.864584 -0.089427 -0.440401 423.131 0 0
1500.0 41.461619 49.762119 18.024594 -0.263473 0.818140 424.341 0 0
1500.0 104.276868 -48.678467 18.007866 0.834068 -0.815525 420.539 0 0
1500.0 49.212517 -24.431501 18.105825 -0.226562 -0.467847 415.584 0 0
1500.0 71.394351 28.286406 17.966753 0.148244 0.455107 422.992 0 0
1500.0 49.782663 -50.671261 17.913794 -0.113336 -0.787379 429.084 0 0
1500.0 65.055686 29.190502 18.017219 0.128462 0.475419 430.284 0 0
1500.0 44.378098 48.391681 17.851842 -0.227595 0.814085 423.814 0 0
1500.0 64.693709 -73.789757 17.811296 0.053874 -1.166035 425.589 0 0
1500.0 76.801309 18.884987 18.070732 0.396313 0.279026 423.744 0 0
1500.0 61.312483 53.423890 17.856039 -0.024157 0.860415 422.467 0 0
1500.0 82.272336 -50.382673 17.889636 0.420438 -0.853587 423.204 0 0
1500.0 24.353603 29.970663 17.832954 -0.584439 0.502078 424.026 0 0
1500.0 84.057466 -45.878358 17.937512 0.501750 -0.745440 422.297 0 0
1500.0 26.379647 12.831987 17.937757 -0.528764 0.254507 424.273 0 0
1500.0 27.857504 42.027159 17.847008 -0.496640 0.668164 427.442 0 0
1500.0 13.030099 8.144689 17.850595 -0.731619 0.172571 425.921 0 0
1500.0 6.817823 33.307486 17.893093 -0.833749 0.521205 426.128 0 0
1500.0 124.815043 -21.027175 17.852935 1.105844 -0.268545 422.461 0 0
1500.0 71.739502 -1.221088 18.121214 0.236724 0.050544 432.268 0 0
1500.0 119.505467 -0.489523 17.991949 1.004038 0.028826 426.809 0 0
1500.0 110.308881 5.400563 17.998102 0.879468 0.118315 425.854 0 0
1500.0 96.150282 -5.193453 18.009414 0.615352 -0.038745 431.227 0 0
1500.0 42.170524 -42.802463 17.972927 -0.288096 -0.696078 425.238 0 0
1500.0 -25.584875 91.777208 17.922742 -1.346654 1.593360 420.717 0 0
1500.0 66.116456 17.322616 18.437653 0.179567 0.303039 434.118 0 0
1500.0 81.427539 40.014220 17.891100 0.314428 0.681259 424.146 0 0
1500.0 97.517365 -26.325458 17.808538 0.565013 -0.472019 425.497 0 0
1500.0 39.084249 8.104530 17.820349 -0.342838 0.060998 424.623 0 0
1500.0 91.871241 45.762189 17.901767 0.547301 0.700055 430.922 0 0
1500.0 68.794563 -66.212780 18.136632 0.237588 -1.151859 422.698 0 0
1500.0 105.742848 -43.729540 17.863360 0.780147 -0.687164 428.455 0 0
1500.0 100.282321 -32.217895 17.874235 0.669350 -0.494092 431.424 0 0
1500.0 104.616100 -36.444014 17.855415 0.818448 -0.562066 425.204 0 0
1500.0 68.056257 -13.748340 17.847478 0.103767 -0.272837 426.417 0 0
1500.0 53.768113 47.837789 17.813045 -0.046235 0.809425 427.734 0 0
1500.0 103.431512 41.855647 17.832587 0.720415 0.728824 427.086 0 0
1500.0 15.443361 3.585400 17.893794 -0.706640 0.104218 427.918 0 0
1500.0 35.545458 -10.238053 17.921940 -0.410649 -0.217630 426.117 0 0
1500.0 134.812487 69.735746 18.108753 1.393489 1.174508 423.009 0 0
1500.0 59.007580 41.580619 18.101546 -0.004460 0.812446 421.158 0 0
1500.0 32.936545 -61.264078 17.825273 -0.417138 -0.960689 432.309 0 0
1500.0 14.803611 -47.850997 17.825901 -0.692504 -0.771354 431.551 0 0
1500.0 39.044242 -48.349729 17.834959 -0.338829 -0.797957 429.942 0 0
1500.0 128.637139 -4.910522 17.970244 1.151695 -0.071685 431.539 0 0
1500.0 68.254657 -65.520933 17.939805 0.196136 -1.029741 433.411 0 0
1500.0 62.744426 -64.422101 17.940787 0.116430 -1.024725 432.672 0 0
1500.0 89.445299 53.415225 18.029006 0.531987 0.857815 433.723 0 0
1500.0 116.947270 -26.217177 17.871506 0.975232 -0.359750 431.697 0 0
1500.0 142.640593 -26.500642 17.949556 1.481392 -0.475310 426.984 0 0
1500.0 53.741293 68.762734 17.820156 -0.030365 1.055986 436.276 0 0
1500.0 1.276522 -108.862197 17.859861 -0.889952 -1.829291 429.332 0 0
1500.0 28.655355 -35.120861 17.884667 -0.443776 -0.616541 432.496 0 0
1500.0 91.816577 -56.322608 17.816659 0.504027 -0.913123 435.354 0 0
1500.0 90.505050 -50.716194 17.822943 0.468719 -0.802620 437.615 0 0
1500.0 123.863298 -35.864827 17.996785 1.153873 -0.639597 429.257 0 0
1500.0 14.253976 -20.158248 17.975717 -0.721246 -0.282164 433.842 0 0
1500.0 64.237922 35.409685 18.322713 0.101256 0.690621 426.678 0 0
1500.0 54.152109 46.501120 17.982972 -0.017442 0.782680 434.790 0 0
1500.0 84.637337 42.039423 17.980395 0.445944 0.711831 435.045 0 0
1500.0 53.175039 -14.642353 17.836050 -0.038886 -0.297449 433.530 0 0
1500.0 109.634898 24.937786 17.971315 0.933434 0.490458 428.281 0 0
1500.0 101.858621 -6.004451 17.899722 0.713006 -0.079244 440.468 0 0
1500.0 81.535442 -8.617377 17.908960 0.413079 -0.114954 441.645 0 0
1500.0 120.651957 -20.607673 17.830149 0.998019 -0.318414 439.498 0 0
1500.0 100.896959 -13.994819 17.870824 0.675772 -0.171240 442.481 0 0
1500.0 71.286559 47.030471 18.010809 0.291620 0.805950 434.815 0 0
1500.0 100.091909 -31.845526 17.943789 0.650031 -0.573276 437.221 0 0
1500.0 72.044609 10.394572 17.926708 0.256733 0.098369 445.304 0 0
1500.0 110.040613 2.731365 17.908182 0.859860 -0.009135 439.125 0 0
1500.0 101.558451 21.805715 17.891419 0.741495 0.368678 439.081 0 0
1500.0 -99.660980 -4.467975 17.799951 -2.432855 -0.107442 440.957 0 0
1500.0 -7.724255 6.909476 17.861529 -1.018740 0.069215 443.336 0 0
1500.0 59.478307 -19.350142 18.033229 0.017131 -0.319018 450.867 0 0
1500.0 52.869609 57.559679 18.070481 -0.119034 0.940065 439.125 0 0
1500.0 81.369500 -68.493499 18.050471 0.384195 -1.160500 440.100 0 0
1500.0 74.462067 1.829419 18.156605 0.315735 -0.045008 443.828 0 0
1500.0 79.482182 62.138880 17.793870 0.329027 0.985307 447.870 0 0
1500.0 17.880519 6.302966 17.878236 -0.660753 0.159093 447.767 0 0
1500.0 66.470271 47.114190 17.873720 0.088986 0.784488 448.161 0 0
1500.0 30.506995 -5.104409 17.886161 -0.422151 -0.015452 454.461 0 0
1500.0 60.094655 5.582466 18.046089 -0.008660 0.048663 451.251 0 0
1500.0 81.698130 61.328989 17.825149 0.393692 0.955097 459.290 0 0
