Total number of secondary electrons: 1425
1500.0 75.190151 -9.356827 20.150547 0.518530 -0.171653 298.436 0 0
1500.0 81.057397 -14.504245 19.837368 0.610415 -0.262279 302.143 0 0
1500.0 87.386825 6.170780 18.814955 0.646627 0.134079 321.575 0 0
1500.0 74.673398 -10.884053 19.274128 0.460541 -0.214364 325.636 0 0
1500.0 99.509008 -10.469406 18.252530 0.797750 -0.184571 333.069 0 0
1500.0 90.530966 20.255093 18.432484 0.666161 0.348163 333.140 0 0
1500.0 79.196623 7.864066 17.586787 0.445195 0.106346 334.362 0 0
1500.0 85.561398 -0.499122 17.694317 0.552395 0.016968 334.776 0 0
1500.0 104.785737 -1.405083 18.491132 0.941982 -0.052510 335.034 0 0
1500.0 95.328130 8.317649 17.801505 0.674577 0.180025 337.430 0 0
1500.0 89.377139 1.210747 18.403463 0.711893 -0.040927 339.492 0 0
1500.0 68.540184 3.773775 17.992627 0.269264 0.101017 340.027 0 0
1500.0 39.083689 -5.800122 17.683967 -0.289423 -0.138231 341.355 0 0
1500.0 108.608506 -0.932477 18.244059 1.120890 0.006509 341.404 0 0
1500.0 87.294554 10.505934 17.794651 0.516959 0.229734 341.648 0 0
1500.0 102.060703 4.930564 17.739216 0.780988 0.048473 341.831 0 0
1500.0 80.121791 37.995309 17.794515 0.406579 0.633801 342.228 0 0
1500.0 111.831802 -15.475324 17.575967 0.897295 -0.202718 344.989 0 0
1500.0 91.495641 -1.454471 18.277450 0.680181 -0.030187 345.109 0 0
1500.0 73.044242 -36.348232 17.749641 0.282992 -0.614517 346.519 0 0
1500.0 117.697421 -3.493498 17.355636 0.940015 0.004706 346.863 0 0
1500.0 76.395707 14.199474 18.138066 0.430577 0.250860 346.909 0 0
1500.0 30.104386 47.083820 17.889268 -0.519913 0.792803 347.654 0 0
1500.0 112.576692 35.274652 17.362242 0.851129 0.574516 347.848 0 0
1500.0 96.410209 -38.615363 17.705617 0.726237 -0.740764 347.990 0 0
1500.0 96.538726 13.625259 18.493238 0.703411 0.264384 348.201 0 0
1500.0 80.189249 19.129709 17.876911 0.371441 0.323657 348.814 0 0
1500.0 83.619966 -2.695944 17.670314 0.412049 -0.114920 348.921 0 0
1500.0 109.688688 100.611786 17.488811 0.778094 1.668226 348.927 0 0
1500.0 68.209664 6.316471 17.885857 0.209117 0.150410 349.193 0 0
1500.0 89.959559 -21.443137 17.898576 0.609997 -0.338747 349.372 0 0
1500.0 88.859466 15.899345 17.976229 0.515131 0.274290 349.406 0 0
1500.0 245.114517 107.436083 17.569504 3.196705 1.771456 349.526 0 0
1500.0 41.965425 28.153350 17.929676 -0.256395 0.453035 349.722 0 0
1500.0 76.411293 -0.367390 17.484631 0.331663 -0.070898 349.997 0 0
1500.0 78.970742 -12.096048 19.270705 0.528272 -0.200192 350.232 0 0
1500.0 82.879221 -23.742382 17.679434 0.517983 -0.401783 350.497 0 0
1500.0 78.867137 -21.192520 17.617305 0.319840 -0.383986 350.680 0 0
1500.0 83.233787 -39.127788 17.483697 0.428573 -0.651436 351.098 0 0
1500.0 140.887968 22.702151 18.249278 1.627743 0.371467 351.086 0 0
1500.0 98.591686 -45.158381 17.497268 0.665145 -0.715105 351.556 0 0
1500.0 55.539357 12.275171 17.434605 0.014847 0.245367 351.621 0 0
1500.0 86.472861 11.965209 17.595399 0.456765 0.185928 351.731 0 0
1500.0 57.818444 48.036463 17.421671 0.043694 0.720729 351.754 0 0
1500.0 101.725623 -44.998560 17.499183 0.708260 -0.709703 351.848 0 0
1500.0 77.011567 12.849951 17.465314 0.371309 0.206513 351.816 0 0
1500.0 84.792093 -8.593436 17.916699 0.435821 -0.196022 352.185 0 0
1500.0 73.046562 35.040519 17.464585 0.308806 0.541273 352.251 0 0
1500.0 83.933578 8.270572 17.829728 0.514091 0.109262 352.420 0 0
1500.0 99.919904 8.359874 17.433112 0.685344 0.182742 352.553 0 0
1500.0 112.385529 -48.824646 17.477965 0.942902 -0.767769 352.684 0 0
1500.0 121.183794 -19.079127 17.493294 0.970168 -0.340732 353.018 0 0
1500.0 85.886059 11.750981 17.678053 0.425206 0.246707 353.061 0 0
1500.0 92.100590 -0.506810 17.682251 0.558870 0.017055 353.315 0 0
1500.0 83.451650 -62.962988 17.514924 0.430265 -0.951061 353.432 0 0
1500.0 108.655266 -43.705005 17.517987 0.788852 -0.672792 353.666 0 0
1500.0 50.836041 35.907415 17.450139 -0.152187 0.605150 353.714 0 0
1500.0 105.622579 -39.233338 17.468784 0.782304 -0.569248 353.933 0 0
1500.0 75.059322 -71.602057 17.445653 0.244981 -1.052474 354.159 0 0
1500.0 118.815267 11.020770 17.470126 0.974014 0.172480 354.152 0 0
1500.0 77.204424 26.302202 17.705089 0.280762 0.456394 354.499 0 0
1500.0 72.440588 -0.843129 17.763093 0.277246 0.060284 354.538 0 0
1500.0 107.918823 23.644448 17.435642 0.791915 0.294236 354.766 0 0
1500.0 65.779159 23.458089 17.762395 0.176441 0.424000 354.789 0 0
1500.0 45.728144 -4.950085 17.656941 -0.232002 -0.093088 354.815 0 0
1500.0 102.497583 -35.674875 17.657791 0.745385 -0.560843 355.008 0 0
1500.0 117.645698 16.185755 17.438104 0.928585 0.180739 355.416 0 0
1500.0 106.653163 7.625187 18.541699 0.935201 0.098170 355.610 0 0
1500.0 57.210499 68.828373 17.452606 0.038090 1.047018 355.685 0 0
1500.0 98.578310 37.624731 17.640650 0.679787 0.671760 355.842 0 0
1500.0 70.782699 -17.814956 17.966151 0.282267 -0.278382 355.929 0 0
1500.0 37.256465 -61.598692 17.441347 -0.261986 -0.965570 355.954 0 0
1500.0 84.079350 -44.301169 17.647189 0.481200 -0.682583 356.078 0 0
1500.0 124.574193 7.071849 17.443441 1.019039 0.044980 356.232 0 0
1500.0 124.514945 -4.195633 17.493533 1.024327 -0.049914 356.380 0 0
1500.0 125.241567 15.827980 17.446630 1.023325 0.172407 356.598 0 0
1500.0 89.688525 -10.908181 17.958501 0.526962 -0.199217 356.746 0 0
1500.0 68.877905 -66.895325 17.450593 0.200375 -1.027820 356.992 0 0
1500.0 58.462959 27.476413 17.601170 0.066186 0.477415 356.994 0 0
1500.0 81.929694 -10.900351 18.152404 0.454982 -0.159169 357.057 0 0
1500.0 102.717069 50.608454 17.464081 0.676255 0.788268 357.296 0 0
1500.0 56.978326 31.675794 17.600934 0.043678 0.539822 357.119 0 0
1500.0 88.141473 18.104701 19.234131 0.746385 0.358389 357.270 0 0
1500.0 86.986417 -32.883476 17.497101 0.424260 -0.519839 357.434 0 0
1500.0 114.498242 23.106334 17.510859 0.868243 0.334169 357.454 0 0
1500.0 81.162180 -18.939765 17.567996 0.362122 -0.317458 357.605 0 0
1500.0 82.863397 -2.921900 18.299886 0.487882 -0.112834 357.570 0 0
1500.0 121.820147 11.948749 17.534754 1.010438 0.157183 357.549 0 0
1500.0 117.896349 -21.938874 18.235482 1.081941 -0.398990 357.915 0 0
1500.0 53.236460 -27.532782 17.584911 -0.004028 -0.469615 358.079 0 0
1500.0 111.855384 11.857311 17.491979 0.798270 0.217242 358.144 0 0
1500.0 112.700444 31.200625 17.678631 0.988964 0.491607 358.419 0 0
1500.0 49.042033 -44.274464 17.792004 -0.155794 -0.811189 358.558 0 0
1500.0 89.743049 -5.748406 18.767194 0.679810 -0.056624 358.973 0 0
1500.0 42.097605 -18.272260 17.795743 -0.305668 -0.259233 359.022 0 0
1500.0 94.036026 -6.968844 17.543882 0.568041 -0.086141 359.072 0 0
1500.0 85.347968 19.435804 17.515337 0.422530 0.318065 359.223 0 0
1500.0 90.999838 -7.438121 17.516797 0.499694 -0.050834 359.286 0 0
1500.0 83.724112 79.906367 17.870446 0.483687 1.353397 359.479 0 0
1500.0 54.035239 23.009692 17.843286 -0.028485 0.416639 359.860 0 0
1500.0 33.888458 -46.030408 17.618202 -0.325331 -0.755873 359.961 0 0
1500.0 95.622144 50.194371 17.617934 0.543039 0.795313 360.229 0 0
1500.0 32.923139 57.645855 17.620024 -0.361504 0.900126 360.446 0 0
1500.0 106.123828 -30.037634 17.619538 0.742444 -0.514911 360.413 0 0
1500.0 83.850482 8.892794 17.989513 0.510820 0.164029 360.774 0 0
1500.0 45.427519 66.906298 17.540702 -0.125228 1.053848 360.812 0 0
1500.0 80.697375 21.097934 18.198543 0.466433 0.364120 360.955 0 0
1500.0 139.340832 31.684918 17.821271 1.410384 0.570584 361.459 0 0
1500.0 73.791649 6.059920 18.512341 0.331208 0.143352 361.630 0 0
1500.0 60.031339 19.289235 17.664301 0.104676 0.289641 361.763 0 0
1500.0 91.171940 -33.193980 18.366011 0.725700 -0.646980 361.827 0 0
1500.0 11.071254 -12.825803 17.602224 -0.708927 -0.263842 362.132 0 0
1500.0 27.520494 51.325940 17.683518 -0.462396 0.842146 362.426 0 0
1500.0 53.304129 2.235032 18.312233 -0.015244 0.085846 362.572 0 0
1500.0 92.679302 -18.844154 17.562323 0.599335 -0.288767 362.810 0 0
1500.0 60.398840 -19.934710 18.015009 -0.000952 -0.407542 362.781 0 0
1500.0 114.886599 31.900521 17.697089 0.953119 0.480755 362.863 0 0
1500.0 11.779247 3.771283 17.970879 -0.773190 0.053292 362.901 0 0
1500.0 70.205581 -19.892757 17.704068 0.269851 -0.336507 363.083 0 0
1500.0 89.509038 -48.119952 18.204363 0.589419 -0.870301 363.296 0 0
1500.0 114.168769 -4.844269 17.726590 0.920500 -0.066726 363.479 0 0
1500.0 72.529278 4.119632 17.574302 0.296405 0.082241 363.461 0 0
1500.0 93.574870 -2.046864 18.444797 0.641487 -0.040315 363.612 0 0
1500.0 56.748292 12.112525 17.631819 -0.084505 0.191562 363.608 0 0
1500.0 117.259628 -2.867999 17.728111 0.961345 -0.037630 363.791 0 0
1500.0 65.329894 0.737502 17.534872 0.119155 0.086673 363.901 0 0
1500.0 74.767764 -32.349259 18.221809 0.250698 -0.595879 363.890 0 0
1500.0 89.886932 55.843515 17.644534 0.523279 0.866798 364.070 0 0
1500.0 71.011967 34.430203 17.679400 0.230802 0.525664 364.146 0 0
1500.0 130.078623 47.264236 18.111205 1.298183 0.802077 364.105 0 0
1500.0 125.002039 28.581138 17.528130 1.044689 0.385520 364.173 0 0
1500.0 80.247453 -46.647197 17.703987 0.413277 -0.725520 364.302 0 0
1500.0 170.987858 91.756224 17.629573 1.804027 1.455386 364.259 0 0
1500.0 121.750441 -5.458871 17.575877 0.944341 -0.128800 364.744 0 0
1500.0 119.926789 -0.813230 17.629685 0.983055 0.015502 364.762 0 0
1500.0 48.829906 -0.200674 17.985158 -0.122264 -0.064202 364.740 0 0
1500.0 30.613672 -9.588556 17.641604 -0.431311 -0.214251 364.861 0 0
1500.0 104.915006 5.345390 17.896126 0.804985 0.075859 365.028 0 0
1500.0 77.670707 0.864679 18.384713 0.371888 -0.052171 365.094 0 0
1500.0 95.485500 -40.050517 17.939775 0.647182 -0.629880 365.195 0 0
1500.0 76.218179 1.189696 17.569005 0.293803 -0.055652 365.382 0 0
1500.0 69.242279 -40.455365 17.641041 0.149614 -0.673960 365.398 0 0
1500.0 96.199563 -9.753285 18.181613 0.681843 -0.243607 365.411 0 0
1500.0 44.283104 20.801564 17.632662 -0.178599 0.386666 365.439 0 0
1500.0 175.076922 49.983471 17.596159 1.888324 0.835829 365.593 0 0
1500.0 121.749673 22.537650 17.576415 0.994546 0.319918 365.609 0 0
1500.0 85.521330 125.801144 17.619895 0.512364 1.990931 365.635 0 0
1500.0 115.106074 14.550521 17.785010 0.929453 0.231067 365.854 0 0
1500.0 117.604383 24.696900 17.726810 0.939110 0.400504 365.905 0 0
1500.0 20.639520 -35.267276 17.641606 -0.572394 -0.591692 365.931 0 0
1500.0 96.455359 -7.839634 18.409355 0.767454 -0.067416 365.880 0 0
1500.0 79.037675 -16.529222 17.772470 0.386639 -0.306037 366.050 0 0
1500.0 120.780298 -20.700213 17.715212 0.984013 -0.332967 366.215 0 0
1500.0 116.587297 19.084775 17.786972 0.946403 0.295530 366.187 0 0
1500.0 51.945523 -41.728473 17.567699 -0.074107 -0.698799 366.237 0 0
1500.0 110.923522 33.227728 17.537310 0.785944 0.561768 366.302 0 0
1500.0 47.963988 14.877480 18.211709 -0.134680 0.232894 366.410 0 0
1500.0 116.666322 31.073913 17.583983 0.922114 0.468929 366.655 0 0
1500.0 93.612582 -43.342450 18.244321 0.653995 -0.754053 366.681 0 0
1500.0 81.488914 39.608755 17.785324 0.469036 0.636296 366.633 0 0
1500.0 36.257506 -56.722616 17.644866 -0.336424 -0.898306 366.801 0 0
1500.0 77.487299 37.484556 17.709213 0.360636 0.654071 366.804 0 0
1500.0 67.931450 33.175419 18.563801 0.218742 0.602399 366.799 0 0
1500.0 33.779207 60.044402 17.540605 -0.346826 0.949416 366.804 0 0
1500.0 87.568632 -17.932635 18.106465 0.485319 -0.299988 366.855 0 0
1500.0 108.932624 -17.208862 18.409968 0.940745 -0.353497 366.935 0 0
1500.0 56.359566 22.549013 17.929733 -0.087795 0.426789 366.931 0 0
1500.0 79.500623 -47.142474 18.223035 0.413274 -0.868200 367.120 0 0
1500.0 92.762118 3.079931 17.742975 0.527704 -0.014308 367.541 0 0
1500.0 86.050203 64.014702 17.593939 0.472167 0.933492 367.591 0 0
1500.0 96.463120 -23.466105 17.732001 0.663364 -0.346254 367.639 0 0
1500.0 57.992122 68.640811 17.674423 -0.015323 1.047870 368.046 0 0
1500.0 49.405900 22.285647 18.106183 -0.122092 0.365352 368.064 0 0
1500.0 75.217299 13.534394 17.678560 0.344110 0.211997 368.075 0 0
1500.0 150.077951 -68.478424 17.725350 1.539036 -1.101221 368.160 0 0
1500.0 73.273756 45.077333 18.036545 0.286075 0.728329 368.314 0 0
1500.0 90.516699 52.061215 17.672737 0.518239 0.766110 368.362 0 0
1500.0 61.190883 -55.992715 17.644508 0.061208 -0.898353 368.652 0 0
1500.0 122.266483 19.988511 17.660865 1.046889 0.377768 368.677 0 0
1500.0 89.484087 12.954709 18.654531 0.570259 0.263145 368.754 0 0
1500.0 83.880523 13.914216 17.784425 0.437539 0.176546 368.771 0 0
1500.0 91.280389 -34.141669 17.677821 0.577963 -0.499360 369.017 0 0
1500.0 82.636351 22.501856 18.089732 0.517686 0.465652 369.051 0 0
1500.0 96.967494 7.588720 18.820127 0.764518 0.116197 369.192 0 0
1500.0 78.618311 -2.028369 18.099825 0.379941 0.042913 369.101 0 0
1500.0 109.518858 145.825898 18.285954 1.032943 2.785651 369.285 0 0
1500.0 102.087574 7.813478 17.695174 0.676809 0.132561 369.383 0 0
1500.0 105.456128 -19.634532 17.765034 0.729013 -0.303137 369.552 0 0
1500.0 87.758166 -46.358094 17.859352 0.503225 -0.738744 369.596 0 0
1500.0 71.106276 -18.888426 18.467896 0.257875 -0.329155 369.784 0 0
1500.0 85.416480 8.087254 18.315597 0.537039 0.171979 369.857 0 0
1500.0 136.475364 105.802588 17.627371 1.216262 1.629421 369.933 0 0
1500.0 103.895329 16.803332 18.207283 0.824882 0.326383 369.785 0 0
1500.0 73.593943 -4.490073 18.442396 0.339684 -0.136970 370.102 0 0
1500.0 74.440289 21.533102 17.768427 0.205492 0.367826 370.120 0 0
1500.0 91.926982 -39.271617 18.631977 0.630196 -0.752919 370.092 0 0
1500.0 99.203362 -1.636127 18.566713 0.758148 -0.099857 370.425 0 0
1500.0 47.007320 -22.027603 17.838982 -0.242867 -0.424424 370.487 0 0
1500.0 90.267940 -20.976500 18.849715 0.616187 -0.369021 370.568 0 0
1500.0 148.751153 -146.092560 17.728485 1.452574 -2.371382 370.581 0 0
1500.0 103.107713 -11.740641 18.567728 0.805778 -0.218722 370.789 0 0
1500.0 118.298776 -8.657422 17.657653 0.955367 -0.099823 370.864 0 0
1500.0 103.961274 -35.526715 18.369612 0.905662 -0.659704 370.892 0 0
1500.0 49.664841 -52.226585 17.637445 -0.196883 -0.780113 371.159 0 0
1500.0 90.227598 42.298310 17.656579 0.495259 0.697649 371.236 0 0
1500.0 48.880103 -44.309542 17.712089 -0.141510 -0.668848 371.672 0 0
1500.0 123.317109 2.053716 17.766031 1.000836 0.030282 371.728 0 0
1500.0 89.980562 59.063909 17.663685 0.534352 0.879787 371.727 0 0
1500.0 75.292236 -2.115225 17.821261 0.286715 0.043095 371.751 0 0
1500.0 72.716859 -25.889226 17.748387 0.173401 -0.431637 371.779 0 0
1500.0 109.241371 18.446780 18.101804 0.855592 0.307536 371.904 0 0
1500.0 14.678964 -2.943612 17.716522 -0.696489 0.031088 371.847 0 0
1500.0 72.840954 257.234351 17.720126 0.164157 4.112091 372.154 0 0
1500.0 68.049798 -17.988546 18.266485 0.255037 -0.281889 372.244 0 0
1500.0 57.434860 -24.935735 17.647367 0.049109 -0.420177 372.324 0 0
1500.0 96.391997 -14.229074 18.419871 0.721441 -0.190404 372.377 0 0
1500.0 92.753284 58.215340 17.740881 0.562573 0.881237 372.497 0 0
1500.0 112.160478 -60.557341 17.635233 0.794884 -0.874413 372.520 0 0
1500.0 94.703390 -6.586823 17.672820 0.593495 -0.161039 372.664 0 0
1500.0 82.974705 -20.415169 17.928000 0.361571 -0.361406 373.030 0 0
1500.0 34.606354 -28.967686 17.650881 -0.415395 -0.472847 372.978 0 0
1500.0 121.243352 12.165589 17.716198 0.961728 0.177361 373.317 0 0
1500.0 101.421244 47.543963 17.666509 0.721206 0.759346 373.243 0 0
1500.0 88.957907 8.967606 17.870801 0.495599 0.162548 373.423 0 0
1500.0 144.415977 -15.513901 17.638928 1.255292 -0.278540 373.513 0 0
1500.0 81.592781 -35.169468 17.715996 0.355298 -0.606981 373.517 0 0
1500.0 115.752663 24.573419 17.720905 0.881586 0.349281 373.597 0 0
1500.0 80.519702 -12.179305 18.353144 0.444813 -0.154143 373.718 0 0
1500.0 145.885952 17.888728 18.022077 1.507564 0.271804 373.708 0 0
1500.0 80.875884 14.576411 18.005704 0.451236 0.243202 373.825 0 0
1500.0 108.206676 34.095421 17.726172 0.773405 0.479760 373.895 0 0
1500.0 74.067601 39.829080 17.789939 0.262181 0.663393 374.075 0 0
1500.0 81.391036 -1.544537 18.597116 0.440749 -0.073095 374.437 0 0
1500.0 56.748831 40.496273 17.651190 -0.032080 0.621121 374.524 0 0
1500.0 116.167768 25.282779 18.265331 1.131769 0.470315 374.973 0 0
1500.0 79.768730 10.412030 18.553509 0.453841 0.133090 375.143 0 0
1500.0 100.514207 -17.695463 18.160863 0.724755 -0.311267 375.333 0 0
1500.0 101.760953 17.118046 18.032130 0.749446 0.218031 375.903 0 0
1500.0 62.665489 17.204955 18.373173 0.109119 0.280650 375.859 0 0
1500.0 114.059194 23.016230 18.010128 0.912755 0.356775 375.898 0 0
1500.0 98.902818 31.528022 18.138165 0.702836 0.501776 375.849 0 0
1500.0 99.594693 17.452134 18.228801 0.734325 0.285995 375.926 0 0
1500.0 116.777255 8.712618 17.761813 0.926127 0.171207 375.941 0 0
1500.0 17.508954 -27.336470 17.699817 -0.644439 -0.462054 375.696 0 0
1500.0 61.810814 -0.500646 17.704751 0.111938 0.023965 376.010 0 0
1500.0 65.338043 -51.453891 18.107888 0.145828 -0.938115 375.953 0 0
1500.0 102.614716 -50.344200 17.777403 0.705778 -0.766106 376.051 0 0
1500.0 10.167166 -24.617920 17.778323 -0.734980 -0.376110 376.160 0 0
1500.0 96.811072 5.977949 18.526335 0.726923 0.028230 376.375 0 0
1500.0 71.975226 -46.119967 17.673837 0.158083 -0.742975 376.483 0 0
1500.0 85.826143 22.504342 17.699475 0.491600 0.336730 376.349 0 0
1500.0 14.670536 -9.062684 17.701968 -0.686422 -0.212557 376.553 0 0
1500.0 54.603054 -2.615685 18.287725 -0.105372 -0.017543 376.326 0 0
1500.0 23.308588 29.101858 17.712037 -0.584766 0.451021 376.726 0 0
1500.0 192.303388 -49.966345 17.655130 1.979963 -0.739380 377.069 0 0
1500.0 92.021875 38.521370 17.699780 0.577769 0.569933 377.105 0 0
1500.0 64.394815 60.295149 17.677702 0.031212 0.926027 377.312 0 0
1500.0 35.997402 -7.954595 17.968532 -0.342421 -0.171587 377.263 0 0
1500.0 93.468294 4.988897 18.168621 0.621898 0.130899 377.477 0 0
1500.0 11.090164 -42.867747 17.678592 -0.748724 -0.585793 377.500 0 0
1500.0 69.318060 17.271762 18.005309 0.242463 0.318413 377.451 0 0
1500.0 25.931167 -40.620990 17.796701 -0.499950 -0.592073 377.603 0 0
1500.0 2.826307 -20.838049 17.714385 -0.876704 -0.286655 377.667 0 0
1500.0 92.197051 39.020149 17.830375 0.532636 0.644101 377.640 0 0
1500.0 97.435868 -8.915597 18.640194 0.824882 -0.127320 377.662 0 0
1500.0 49.257632 55.923882 17.831310 -0.096485 0.887767 377.961 0 0
1500.0 116.773647 16.045432 17.703180 0.931110 0.234177 378.038 0 0
1500.0 110.835198 32.534402 17.703565 0.843591 0.474321 378.108 0 0
1500.0 81.437333 2.466911 17.903351 0.473417 0.023242 378.101 0 0
1500.0 103.284261 -27.309319 17.858242 0.752860 -0.416046 378.394 0 0
1500.0 87.109458 40.534187 17.756745 0.502009 0.631918 378.401 0 0
1500.0 108.092179 1.242115 18.408202 0.870011 0.037665 378.595 0 0
1500.0 -7.289838 -26.826428 17.736898 -1.017867 -0.357337 378.572 0 0
1500.0 92.577503 -12.881625 17.719363 0.592309 -0.181182 378.591 0 0
1500.0 88.418648 -10.442398 18.262166 0.531024 -0.116885 378.684 0 0
1500.0 74.769631 46.781962 18.007222 0.316443 0.738025 378.786 0 0
1500.0 18.710773 55.481797 17.688863 -0.624825 0.836455 378.857 0 0
1500.0 29.418497 36.547648 17.808059 -0.443430 0.608589 379.076 0 0
1500.0 53.300204 45.505103 17.808063 -0.089605 0.741569 379.053 0 0
1500.0 38.883648 30.196670 17.770386 -0.242114 0.517192 379.081 0 0
1500.0 86.328809 26.482889 18.551736 0.507314 0.439895 379.189 0 0
1500.0 87.700721 -0.582390 18.498591 0.576030 0.052978 379.119 0 0
1500.0 1.460142 -15.671483 17.731804 -0.846440 -0.302075 379.216 0 0
1500.0 69.573439 -27.883850 17.808113 0.134894 -0.475960 379.181 0 0
1500.0 84.707796 -65.879831 17.692653 0.332916 -0.993610 379.401 0 0
1500.0 117.946676 3.768403 17.949046 0.965359 0.054158 379.398 0 0
1500.0 105.997019 -40.857320 17.744609 0.690011 -0.667434 379.392 0 0
1500.0 61.579564 7.492347 18.060704 0.023098 0.119941 379.329 0 0
1500.0 48.370976 43.202236 17.769442 -0.099034 0.707979 379.503 0 0
1500.0 172.559723 12.830199 17.728650 1.781184 0.266451 379.504 0 0
1500.0 68.155896 -21.443897 18.445343 0.268724 -0.462221 379.498 0 0
1500.0 66.018195 -19.835930 18.602827 0.206246 -0.351101 379.783 0 0
1500.0 54.667864 10.425393 18.323333 0.010915 0.222849 379.589 0 0
1500.0 80.538982 30.313961 17.766045 0.397894 0.493527 379.651 0 0
1500.0 69.642942 32.322945 17.836839 0.117144 0.510223 379.767 0 0
1500.0 10.903385 65.017537 17.830292 -0.752306 1.106581 379.750 0 0
1500.0 29.953119 64.811232 17.732591 -0.464401 0.937582 379.870 0 0
1500.0 109.107430 -8.855089 17.769199 0.802817 -0.068361 379.867 0 0
1500.0 80.851096 4.059158 18.372625 0.429152 0.013630 379.922 0 0
1500.0 99.572114 4.078646 18.478263 0.758511 0.037082 380.091 0 0
1500.0 122.301823 25.133750 17.718787 0.988144 0.348629 380.318 0 0
1500.0 -0.671541 23.259131 17.892398 -0.910717 0.380912 380.035 0 0
1500.0 93.463201 -19.241060 17.751374 0.607576 -0.291823 380.247 0 0
1500.0 92.456859 8.633074 17.751889 0.594306 0.126044 380.044 0 0
1500.0 38.146932 -42.146100 17.714984 -0.240428 -0.676492 380.301 0 0
1500.0 83.900713 -23.630974 17.748062 0.465957 -0.367186 380.341 0 0
1500.0 81.289773 24.498906 18.238170 0.401512 0.382197 380.532 0 0
1500.0 115.265816 37.962576 17.727434 0.877413 0.534705 380.513 0 0
1500.0 17.611537 50.197779 17.752417 -0.587587 0.802700 380.510 0 0
1500.0 127.003593 -37.138476 17.739339 1.023254 -0.639627 380.510 0 0
1500.0 103.332387 53.295018 17.726069 0.715675 0.765283 380.704 0 0
1500.0 46.355427 36.800886 17.934869 -0.185233 0.673252 380.841 0 0
1500.0 92.752411 6.837861 19.037768 0.710569 0.059011 380.873 0 0
1500.0 100.478547 -2.781485 18.364749 0.824648 0.014934 380.864 0 0
1500.0 69.260546 -41.475091 18.027675 0.201090 -0.683961 380.923 0 0
1500.0 42.802960 -6.274796 17.856684 -0.259753 -0.074009 381.019 0 0
1500.0 46.864224 -3.059012 18.003828 -0.144237 -0.120518 381.040 0 0
1500.0 51.620064 63.517542 17.772179 -0.049380 0.987551 381.101 0 0
1500.0 102.984193 4.970981 17.824592 0.688942 0.072072 381.227 0 0
1500.0 69.603682 -7.693637 18.041157 0.263346 -0.169875 381.243 0 0
1500.0 100.538499 15.744624 18.371832 0.764364 0.219870 381.364 0 0
1500.0 124.147089 -7.742698 17.817810 1.030382 -0.124478 381.379 0 0
1500.0 121.213958 -21.650228 17.805179 0.953254 -0.336449 381.568 0 0
1500.0 89.784195 62.109184 17.730059 0.526794 0.903664 381.576 0 0
1500.0 105.242387 49.735149 17.729267 0.749772 0.726864 381.487 0 0
1500.0 0.209767 -20.840302 17.761048 -0.863524 -0.270552 381.739 0 0
1500.0 100.722157 23.958370 17.962804 0.731926 0.350783 381.773 0 0
1500.0 68.821192 1.861447 18.235821 0.249529 0.097268 381.784 0 0
1500.0 57.274479 30.935978 18.079862 0.062838 0.525567 382.117 0 0
1500.0 70.320611 -51.286404 17.737764 0.123066 -0.755780 382.179 0 0
1500.0 31.670702 1.674389 18.211344 -0.403442 0.031833 382.203 0 0
1500.0 99.177447 -52.488239 17.792315 0.658150 -0.800618 382.290 0 0
1500.0 118.913129 14.496490 17.747491 0.966191 0.202406 382.278 0 0
1500.0 102.624192 -38.673510 17.723103 0.691322 -0.638162 382.283 0 0
1500.0 125.173883 17.495567 17.783268 1.000791 0.310143 382.590 0 0
1500.0 75.250919 66.376511 17.783543 0.288612 1.006958 382.618 0 0
1500.0 55.154793 19.790909 18.134570 0.031278 0.365838 382.445 0 0
1500.0 69.347486 2.109259 18.978415 0.230703 -0.040978 382.552 0 0
1500.0 75.313964 -8.521273 18.107054 0.324971 -0.079528 382.763 0 0
1500.0 83.389643 -45.393831 18.959442 0.623685 -0.937094 382.902 0 0
1500.0 75.866526 -32.572720 17.754658 0.196981 -0.494065 382.954 0 0
1500.0 118.094706 -11.422697 17.964303 0.971221 -0.167705 382.940 0 0
1500.0 26.902753 -0.559848 17.768182 -0.476507 -0.047190 383.078 0 0
1500.0 90.723657 -58.087966 17.823772 0.589964 -0.896524 383.079 0 0
1500.0 95.860268 43.256573 18.054941 0.634215 0.686242 383.312 0 0
1500.0 87.357266 36.035260 18.212373 0.474807 0.595140 383.374 0 0
1500.0 19.770684 -55.466729 17.759173 -0.629717 -0.805500 383.349 0 0
1500.0 47.666051 8.812542 18.286523 -0.129909 0.189032 383.394 0 0
1500.0 68.251715 -32.221067 18.447894 0.207901 -0.534490 383.610 0 0
1500.0 102.563628 -39.379681 17.805929 0.674471 -0.658171 383.613 0 0
1500.0 97.508424 6.984466 17.932240 0.614308 0.179286 383.702 0 0
1500.0 66.959596 63.632015 17.765079 0.183139 0.966365 383.740 0 0
1500.0 46.118713 -24.429550 18.012758 -0.202470 -0.415673 383.911 0 0
1500.0 35.259878 36.389435 17.770649 -0.315595 0.618272 383.918 0 0
1500.0 49.813183 16.285112 18.151484 -0.144471 0.274951 383.916 0 0
1500.0 46.003285 0.821897 18.102350 -0.279650 -0.030765 383.885 0 0
1500.0 59.910909 -8.124182 18.503690 0.053499 -0.120770 384.007 0 0
1500.0 86.970828 -7.987072 18.060860 0.447561 -0.190209 384.033 0 0
1500.0 59.777913 -5.938359 17.811085 0.003256 -0.019354 383.956 0 0
1500.0 70.413806 6.711334 17.810299 0.165246 0.173344 384.057 0 0
1500.0 72.798409 62.215830 17.802850 0.248285 0.927613 384.131 0 0
1500.0 101.469958 -13.307195 18.139626 0.695383 -0.270591 384.206 0 0
1500.0 39.654056 47.944170 17.924366 -0.254867 0.784211 384.149 0 0
1500.0 49.228932 49.905092 17.930105 -0.106949 0.813335 384.367 0 0
1500.0 147.334712 3.586191 18.486393 1.673357 0.011681 384.293 0 0
1500.0 108.964500 -45.172089 18.752343 1.079687 -0.904898 384.265 0 0
1500.0 17.659701 54.535158 17.761206 -0.629011 0.826608 384.523 0 0
1500.0 35.937887 43.777236 17.884930 -0.341692 0.719819 384.414 0 0
1500.0 35.191950 5.803045 17.877727 -0.365705 0.019742 384.398 0 0
1500.0 84.708790 -9.060676 18.486113 0.496582 -0.099835 384.584 0 0
1500.0 106.924107 -6.636824 17.964758 0.754297 -0.097554 384.809 0 0
1500.0 92.252727 31.445703 17.873319 0.584025 0.512362 384.779 0 0
1500.0 85.285857 -15.233315 17.767854 0.461974 -0.287364 384.711 0 0
1500.0 86.495027 -12.549038 17.767905 0.480370 -0.246706 384.702 0 0
1500.0 95.853681 -63.905257 17.912555 0.691919 -1.095947 384.657 0 0
1500.0 39.746283 18.149042 18.058282 -0.362247 0.267462 384.688 0 0
1500.0 29.362232 -15.873239 17.848548 -0.494675 -0.214224 384.912 0 0
1500.0 61.561485 48.721561 17.869161 0.030209 0.725916 384.938 0 0
1500.0 41.322125 59.043905 17.924312 -0.227168 0.936327 385.037 0 0
1500.0 78.366080 53.569630 17.884257 0.286994 0.858162 384.988 0 0
1500.0 98.874820 9.238439 17.766213 0.664609 0.083187 385.045 0 0
1500.0 56.219297 23.220070 17.889559 -0.021197 0.425891 385.016 0 0
1500.0 82.807215 62.448710 17.876572 0.384074 0.950158 385.220 0 0
1500.0 66.719783 30.992270 17.965205 0.172208 0.537104 385.139 0 0
1500.0 91.625834 17.442533 17.977304 0.542215 0.227415 385.412 0 0
1500.0 36.689951 -66.486427 17.737939 -0.261227 -1.013785 385.651 0 0
1500.0 91.259538 46.619871 18.058538 0.514020 0.765918 385.605 0 0
1500.0 70.903401 0.995142 18.095902 0.293992 0.059788 385.700 0 0
1500.0 104.948456 40.749337 18.064065 0.828315 0.714256 385.691 0 0
1500.0 116.899888 -38.039023 17.743690 0.908627 -0.517160 385.843 0 0
1500.0 91.752411 -58.314086 17.741440 0.489606 -0.919804 385.832 0 0
1500.0 105.150074 6.436093 17.901547 0.743314 0.165938 385.801 0 0
1500.0 67.798993 1.658018 17.836459 0.208192 0.080471 385.831 0 0
1500.0 136.304516 -0.797726 17.861813 1.297291 -0.056057 385.799 0 0
1500.0 88.633428 -31.068213 17.988433 0.496339 -0.534201 385.974 0 0
1500.0 98.389637 23.236612 18.169383 0.651815 0.420543 385.972 0 0
1500.0 80.043352 -17.321274 18.553742 0.438044 -0.250896 386.100 0 0
1500.0 57.609575 63.698592 17.766203 -0.022115 0.967542 386.319 0 0
1500.0 105.830025 1.636408 18.318993 0.830055 0.053520 386.267 0 0
1500.0 116.172809 1.039173 17.764002 0.910599 -0.039829 386.131 0 0
1500.0 63.291174 48.816316 17.851725 0.090625 0.801677 386.282 0 0
1500.0 62.403245 -26.714007 18.076558 0.029018 -0.402779 386.195 0 0
1500.0 42.225225 23.048884 17.893734 -0.198863 0.419650 386.280 0 0
1500.0 70.913815 15.322858 18.018456 0.264874 0.317887 386.160 0 0
1500.0 106.803107 23.673155 17.933154 0.815327 0.476969 386.220 0 0
1500.0 107.690728 5.837819 18.009765 0.773519 0.077629 387.133 0 0
1500.0 61.024583 -35.091099 17.853290 0.101543 -0.517823 386.552 0 0
1500.0 36.185894 -6.119748 18.135791 -0.317241 -0.073959 387.340 0 0
1500.0 80.674148 12.188738 18.579814 0.399667 0.200442 387.621 0 0
1500.0 77.623299 -0.449595 18.449540 0.398655 -0.011065 387.923 0 0
1500.0 93.624631 2.744497 18.439006 0.612116 0.030958 387.432 0 0
1500.0 65.040038 -32.047055 18.064985 0.099227 -0.492684 387.701 0 0
1500.0 79.789416 39.925477 17.888544 0.319256 0.613806 386.901 0 0
1500.0 97.246371 -0.781307 18.020219 0.626083 -0.012673 387.694 0 0
1500.0 22.525280 5.434862 17.807023 -0.536386 0.120308 387.546 0 0
1500.0 43.659890 -31.829994 17.783099 -0.168072 -0.496968 387.705 0 0
1500.0 3.763145 2.620060 17.777948 -0.824643 0.067861 387.032 0 0
1500.0 8.637648 17.234841 17.780273 -0.754598 0.272230 387.190 0 0
1500.0 115.173391 24.045224 17.899924 0.865868 0.381484 387.494 0 0
1500.0 34.999418 64.767613 17.775687 -0.306211 1.002128 386.803 0 0
1500.0 37.964591 -60.984573 17.787337 -0.361240 -0.922372 386.705 0 0
1500.0 120.270075 3.648823 17.764389 0.965440 -0.001096 386.547 0 0
1500.0 59.071076 -10.664098 18.248571 0.073039 -0.232784 386.597 0 0
1500.0 117.837058 7.885240 17.883002 0.950748 0.157157 387.536 0 0
1500.0 112.529971 4.661885 17.892490 0.892749 0.056892 387.315 0 0
1500.0 78.751311 -31.025726 18.045678 0.289591 -0.515544 387.038 0 0
1500.0 88.204489 2.837161 17.834488 0.467769 -0.032895 387.056 0 0
1500.0 64.394371 -16.619146 17.848835 0.109568 -0.332277 387.374 0 0
1500.0 210.758214 35.635177 17.838760 2.444457 0.583722 387.424 0 0
1500.0 83.774399 -69.581708 18.067174 0.498541 -1.180795 386.435 0 0
1500.0 103.265259 84.771956 17.886400 0.766143 1.423570 387.490 0 0
1500.0 99.540671 -41.183295 18.319749 0.733421 -0.747816 387.860 0 0
1500.0 27.901313 -41.823160 18.071477 -0.489960 -0.767768 387.245 0 0
1500.0 110.624642 -16.634756 18.355059 0.946361 -0.348307 387.939 0 0
1500.0 66.095231 -25.793647 18.394294 0.186090 -0.550154 387.298 0 0
1500.0 50.414585 -8.335979 18.466798 -0.063046 -0.158874 388.194 0 0
1500.0 -51.809102 91.802402 17.820900 -1.679975 1.424523 388.137 0 0
1500.0 81.816853 60.918625 17.815746 0.294902 0.954973 388.103 0 0
1500.0 65.335497 -26.993446 18.009724 0.199513 -0.450800 388.104 0 0
1500.0 51.175757 38.103880 17.854663 -0.155145 0.632385 387.999 0 0
1500.0 45.362631 -14.313589 17.804663 -0.258124 -0.173566 388.015 0 0
1500.0 138.461667 -32.227544 17.987894 1.370976 -0.515059 388.217 0 0
1500.0 72.570787 7.859919 17.928724 0.229137 0.171206 388.406 0 0
1500.0 61.552583 -19.017086 18.523607 0.116311 -0.344705 388.433 0 0
1500.0 76.195111 -5.695788 18.523615 0.330751 -0.149622 388.432 0 0
1500.0 93.844348 7.323034 18.140969 0.623855 0.049931 388.482 0 0
1500.0 91.378188 -2.276261 18.007924 0.590814 -0.077192 388.334 0 0
1500.0 75.206358 -27.862058 18.448892 0.314974 -0.501283 388.415 0 0
1500.0 -9.794753 42.712449 17.917777 -1.079469 0.729363 388.272 0 0
1500.0 40.392623 36.152020 18.022574 -0.282897 0.671065 388.437 0 0
1500.0 88.077535 -53.898767 17.851971 0.404336 -0.853969 388.571 0 0
1500.0 156.318571 -35.776712 17.982492 1.650668 -0.559839 388.535 0 0
1500.0 107.846423 -1.832050 18.137295 0.823400 -0.085506 389.219 0 0
1500.0 56.913172 -14.688694 18.066945 0.006146 -0.263700 389.036 0 0
1500.0 127.016964 5.390158 17.778725 1.029250 0.023763 388.898 0 0
1500.0 88.141770 -60.209560 17.779249 0.474768 -0.910665 388.949 0 0
1500.0 95.781607 50.503830 17.888027 0.591048 0.806667 388.630 0 0
1500.0 5.069715 27.541004 17.849366 -0.841835 0.442563 388.779 0 0
1500.0 52.923849 64.171971 17.849459 -0.132955 0.979595 389.129 0 0
1500.0 48.987410 61.888007 17.849347 -0.191485 0.948820 388.924 0 0
1500.0 7.706388 -36.852260 17.894914 -0.812513 -0.533486 388.789 0 0
1500.0 76.268951 -49.496009 17.887737 0.239933 -0.801157 388.952 0 0
1500.0 50.549874 41.112685 17.854122 -0.086329 0.695536 388.654 0 0
1500.0 77.285188 -36.813810 17.999521 0.324048 -0.627676 389.369 0 0
1500.0 41.234004 2.776000 17.891202 -0.293266 0.101491 388.644 0 0
1500.0 12.335712 -22.162058 17.794916 -0.752896 -0.289073 389.235 0 0
1500.0 18.446941 22.228764 17.795920 -0.662204 0.383347 389.061 0 0
1500.0 71.925926 48.111039 17.899451 0.158791 0.771447 389.002 0 0
1500.0 77.985642 -5.184010 18.087727 0.314183 -0.150234 389.189 0 0
1500.0 58.020244 60.086928 17.944217 0.054773 0.986000 389.203 0 0
1500.0 44.255694 42.654105 17.993738 -0.278977 0.687672 389.399 0 0
1500.0 5.172359 38.307893 17.850235 -0.830650 0.594979 389.565 0 0
1500.0 63.823373 -68.804513 17.781731 0.155261 -1.031698 389.486 0 0
1500.0 121.248021 0.799714 17.825684 1.002186 0.041427 389.646 0 0
1500.0 14.702437 29.788183 17.793451 -0.713789 0.494383 389.542 0 0
1500.0 74.206243 -4.853468 18.150703 0.282733 -0.148720 389.658 0 0
1500.0 88.596670 -4.284253 17.989507 0.501650 -0.139741 389.604 0 0
1500.0 91.357808 1.127545 18.082605 0.595828 -0.040462 389.566 0 0
1500.0 98.281576 -1.304276 18.395449 0.739073 -0.021359 389.840 0 0
1500.0 82.978591 57.017954 17.791808 0.311601 0.897072 390.079 0 0
1500.0 63.175896 -14.225868 17.876533 0.086518 -0.296516 389.915 0 0
1500.0 146.782481 18.433272 17.957410 1.471752 0.340282 389.839 0 0
1500.0 -1.568875 58.715222 17.861825 -1.015811 0.920340 389.983 0 0
1500.0 98.028621 49.677647 18.227062 0.742388 0.921417 390.056 0 0
1500.0 58.654662 -68.622653 17.856117 -0.030364 -1.047162 390.165 0 0
1500.0 74.354648 -19.886431 17.874009 0.258053 -0.382522 390.135 0 0
1500.0 91.018239 55.505821 17.879849 0.538191 0.869736 390.272 0 0
1500.0 25.126564 51.597108 17.791409 -0.550048 0.812671 390.363 0 0
1500.0 36.304672 59.049389 17.791321 -0.382818 0.921097 390.538 0 0
1500.0 68.415756 13.148266 18.431255 0.255341 0.266948 390.491 0 0
1500.0 88.123128 -9.243170 18.012301 0.489977 -0.215906 390.314 0 0
1500.0 88.222029 -20.350982 17.870713 0.468902 -0.387757 390.455 0 0
1500.0 100.009426 -20.486411 18.669948 0.840117 -0.438882 390.336 0 0
1500.0 77.280357 33.144888 17.816435 0.296336 0.510826 390.574 0 0
1500.0 110.083208 -21.618177 17.800824 0.769445 -0.352776 390.578 0 0
1500.0 74.232586 -10.621978 18.243484 0.320094 -0.181929 391.114 0 0
1500.0 88.955847 -19.041949 18.181300 0.496960 -0.313258 390.872 0 0
1500.0 53.140376 19.029275 17.994117 -0.044706 0.324716 390.860 0 0
1500.0 33.888441 37.509533 17.852637 -0.353112 0.580073 391.115 0 0
1500.0 97.129662 -30.884012 17.808047 0.585578 -0.478870 391.013 0 0
1500.0 71.114273 -36.156161 17.905014 0.180525 -0.575159 390.842 0 0
1500.0 78.101672 -34.950572 17.903274 0.278993 -0.559349 390.704 0 0
1500.0 5.953158 -44.069578 17.859157 -0.786926 -0.687491 390.637 0 0
1500.0 75.950084 64.709090 17.881622 0.315138 0.996248 390.831 0 0
1500.0 120.210135 26.438214 17.883552 0.952092 0.438330 391.222 0 0
1500.0 86.404430 62.514495 17.791694 0.357748 0.965620 391.018 0 0
1500.0 119.714112 -1.239396 17.911988 0.989582 0.016129 391.059 0 0
1500.0 93.838633 -37.602295 17.951221 0.629959 -0.558406 390.641 0 0
1500.0 82.161148 -42.720325 17.865016 0.372193 -0.722144 391.158 0 0
1500.0 92.208471 26.976498 17.837637 0.596399 0.388774 390.775 0 0
1500.0 83.838270 24.851924 17.972053 0.417049 0.453969 391.047 0 0
1500.0 78.645794 14.833726 17.982216 0.411927 0.235643 390.975 0 0
1500.0 44.939463 3.601796 18.017855 -0.212492 0.122543 390.847 0 0
1500.0 90.209601 -36.539791 18.360367 0.616244 -0.635741 390.892 0 0
1500.0 51.584083 -36.313476 18.037839 -0.136412 -0.665450 391.123 0 0
1500.0 44.716533 38.892970 17.855502 -0.203763 0.597822 391.270 0 0
1500.0 -20.744359 -6.199750 17.851924 -1.279994 -0.167657 391.260 0 0
1500.0 20.404876 -57.180379 17.818862 -0.531189 -0.894449 391.391 0 0
1500.0 18.877918 2.717749 17.898173 -0.643177 -0.012350 391.345 0 0
1500.0 50.894211 27.032549 17.846033 -0.169543 0.465705 391.440 0 0
1500.0 105.953310 50.592554 18.106772 0.853807 0.837229 391.360 0 0
1500.0 61.550939 4.933847 18.551186 0.159383 0.124602 391.752 0 0
1500.0 82.398109 20.812290 17.863569 0.311569 0.347706 391.688 0 0
1500.0 77.681811 26.998650 17.862241 0.247440 0.432514 391.621 0 0
1500.0 40.920272 -25.222923 17.846310 -0.295849 -0.369997 391.775 0 0
1500.0 -9.544504 -2.070802 17.890477 -1.043161 -0.047374 391.601 0 0
1500.0 91.773834 -18.488492 18.179396 0.537310 -0.345370 391.700 0 0
1500.0 95.763421 -45.036020 17.922502 0.598039 -0.740305 391.714 0 0
1500.0 75.043518 -56.264835 17.782131 0.322510 -0.854699 391.646 0 0
1500.0 105.295960 -15.021117 18.126924 0.814675 -0.201844 391.867 0 0
1500.0 95.111939 3.453486 18.172981 0.677227 0.053906 391.664 0 0
1500.0 46.421691 -55.105043 17.861901 -0.167195 -0.901718 391.733 0 0
1500.0 84.529442 48.084838 17.880962 0.482013 0.733396 391.736 0 0
1500.0 95.586859 34.381605 17.879574 0.624472 0.576459 391.813 0 0
1500.0 63.434103 27.601817 18.140457 0.048798 0.429855 391.582 0 0
1500.0 96.924856 -0.272380 18.015565 0.641294 -0.075767 391.865 0 0
1500.0 83.135068 8.525594 18.015419 0.473552 0.170047 391.567 0 0
1500.0 56.668384 5.803718 17.954664 -0.047520 0.130807 392.194 0 0
1500.0 105.289394 48.392878 17.854170 0.706827 0.766788 392.013 0 0
1500.0 76.471244 41.116832 17.897948 0.319305 0.655967 392.159 0 0
1500.0 112.456189 -3.261121 17.902128 0.898846 -0.074684 392.178 0 0
1500.0 61.948875 -30.498469 18.139557 0.075840 -0.532987 391.941 0 0
1500.0 53.168622 4.905821 18.071220 -0.105879 0.120256 392.218 0 0
1500.0 77.590929 -11.557953 17.904333 0.368604 -0.126344 392.302 0 0
1500.0 125.453696 -7.772594 17.832147 1.094665 -0.186060 392.249 0 0
1500.0 43.877560 -7.164053 17.911140 -0.247595 -0.074371 392.410 0 0
1500.0 72.128871 67.741194 17.798515 0.144299 1.019969 392.525 0 0
1500.0 -6.659524 -18.556788 17.801054 -0.986314 -0.222393 392.847 0 0
1500.0 47.322156 67.304984 17.842853 -0.117730 1.038009 392.446 0 0
1500.0 104.802878 48.174069 17.828690 0.697168 0.763336 392.818 0 0
1500.0 119.223393 8.195687 17.782831 0.966366 0.104461 392.661 0 0
1500.0 77.553241 -62.934651 17.784420 0.342982 -0.974948 392.347 0 0
1500.0 -4.070303 -5.382332 17.898076 -0.983186 -0.058428 392.748 0 0
1500.0 120.136862 109.126601 17.814515 0.991533 1.671832 392.859 0 0
1500.0 90.264565 -0.651775 18.234498 0.608979 -0.036295 392.592 0 0
1500.0 9.070192 30.718349 17.829116 -0.805508 0.487690 392.644 0 0
1500.0 95.775663 -16.122311 18.016155 0.665124 -0.208991 392.506 0 0
1500.0 57.782113 -30.874912 17.843576 0.051285 -0.526999 392.564 0 0
1500.0 94.343900 11.295727 17.853314 0.639121 0.171580 392.810 0 0
1500.0 12.180272 16.113996 17.920164 -0.777821 0.238184 392.512 0 0
1500.0 71.672999 -46.641587 18.172101 0.257593 -0.840260 392.850 0 0
1500.0 52.880473 18.116897 17.937006 -0.043731 0.311697 393.003 0 0
1500.0 124.297315 4.633316 17.925782 1.041735 0.068930 393.151 0 0
1500.0 52.199891 19.366764 18.328750 -0.093826 0.326639 392.945 0 0
1500.0 45.720102 33.769374 17.979283 -0.244549 0.638825 392.943 0 0
1500.0 80.841434 -21.370164 18.719141 0.402608 -0.401515 393.126 0 0
1500.0 -11.913732 -4.836947 17.841267 -1.082032 -0.043263 393.332 0 0
1500.0 93.470487 -41.102646 17.887236 0.583983 -0.684302 393.300 0 0
1500.0 107.409893 16.701104 17.817911 0.826905 0.246919 393.276 0 0
1500.0 119.540478 24.499190 17.968736 0.982532 0.363204 394.621 0 0
1500.0 112.641505 26.227172 18.103254 0.893201 0.434486 393.634 0 0
1500.0 19.056062 16.852671 17.892134 -0.591455 0.264947 393.737 0 0
1500.0 43.106482 -0.191242 17.906420 -0.257092 0.029636 394.519 0 0
1500.0 88.114831 57.641456 17.863188 0.481288 0.881020 394.369 0 0
1500.0 87.384625 -60.548443 17.862073 0.433168 -0.952208 393.915 0 0
1500.0 115.469971 -31.402088 17.899209 0.922134 -0.485595 393.764 0 0
1500.0 25.365251 55.988863 17.826873 -0.553579 0.857073 393.470 0 0
1500.0 -5.200586 -23.794372 17.827217 -0.996168 -0.324303 394.243 0 0
1500.0 -7.357001 -17.023361 17.828008 -1.023138 -0.223840 394.555 0 0
1500.0 111.584201 42.110658 17.831670 0.859571 0.594820 394.206 0 0
1500.0 123.934899 -10.485552 17.789455 1.025085 -0.203669 394.207 0 0
1500.0 102.160158 -11.526492 18.143676 0.765533 -0.128748 393.546 0 0
1500.0 87.712153 -55.535906 17.882944 0.489500 -0.888488 394.322 0 0
1500.0 115.472308 -18.448314 17.915459 0.942852 -0.289460 394.146 0 0
1500.0 101.039947 -13.770221 17.837249 0.702838 -0.261999 393.456 0 0
1500.0 108.436396 -23.065828 17.815878 0.838868 -0.357279 393.563 0 0
1500.0 112.322564 14.411491 17.815471 0.896935 0.210912 393.627 0 0
1500.0 93.163131 -42.496457 17.844449 0.611919 -0.647742 393.766 0 0
1500.0 90.544600 1.196148 18.091797 0.600867 0.047812 393.885 0 0
1500.0 81.989647 -18.467588 18.026617 0.381044 -0.359929 393.869 0 0
1500.0 84.480198 -2.569323 18.028899 0.420416 -0.115656 393.705 0 0
1500.0 85.314846 -12.005878 17.854789 0.423128 -0.264675 393.428 0 0
1500.0 80.670464 34.915905 17.885843 0.432929 0.534776 394.178 0 0
1500.0 100.760276 -32.823647 18.469311 0.754659 -0.578454 394.668 0 0
1500.0 74.803221 -6.763770 17.982421 0.355881 -0.095782 394.361 0 0
1500.0 22.646864 4.423982 17.829659 -0.595943 0.004988 394.271 0 0
1500.0 11.852273 31.665472 17.868872 -0.730786 0.588469 394.075 0 0
1500.0 77.836691 19.622830 17.986218 0.418653 0.323851 394.015 0 0
1500.0 85.021658 -38.375676 18.081513 0.540229 -0.704881 394.617 0 0
1500.0 80.872044 -2.830652 17.934072 0.377811 -0.034863 394.701 0 0
1500.0 169.925314 79.874901 17.947669 1.900932 1.291648 394.714 0 0
1500.0 15.875070 9.099020 17.826653 -0.643578 0.169095 394.966 0 0
1500.0 -6.385231 -17.932930 17.830783 -0.999545 -0.234930 395.198 0 0
1500.0 118.837451 -20.343167 17.838538 0.982308 -0.305292 395.071 0 0
1500.0 28.468873 -48.579978 17.813747 -0.516513 -0.742257 394.937 0 0
1500.0 76.858594 -57.556090 17.842506 0.240948 -0.929352 394.831 0 0
1500.0 11.881492 -17.370807 17.963577 -0.751472 -0.243260 395.004 0 0
1500.0 82.139499 35.959557 18.105720 0.373837 0.616281 394.763 0 0
1500.0 -106.416470 -123.060297 17.798120 -2.544650 -1.929193 395.060 0 0
1500.0 27.365611 -41.901641 17.818298 -0.514439 -0.703929 395.292 0 0
1500.0 22.239380 -43.196911 17.870400 -0.532322 -0.747338 395.175 0 0
1500.0 63.602282 17.453872 18.183872 0.038648 0.316716 394.785 0 0
1500.0 93.693125 -38.227460 17.883042 0.506887 -0.606509 396.349 0 0
1500.0 13.909319 44.222397 17.965941 -0.688071 0.718456 396.040 0 0
1500.0 84.636941 11.419513 18.049641 0.442675 0.116657 395.339 0 0
1500.0 63.250675 -14.800936 18.549112 0.181210 -0.254028 396.013 0 0
1500.0 53.032002 -25.465327 18.073548 -0.103700 -0.371871 395.723 0 0
1500.0 82.395385 1.106207 17.884410 0.370694 0.076456 395.980 0 0
1500.0 97.192187 -7.723981 17.956428 0.624716 -0.104766 396.076 0 0
1500.0 91.439040 8.910897 17.959748 0.543560 0.124939 396.287 0 0
1500.0 61.542496 -24.428301 18.021120 0.081579 -0.401724 396.832 0 0
1500.0 64.031807 -24.301020 17.986908 0.071133 -0.399113 396.352 0 0
1500.0 65.404716 -35.579791 17.820460 0.154090 -0.537884 396.510 0 0
1500.0 34.740020 -31.536648 17.892656 -0.317204 -0.507728 397.038 0 0
1500.0 113.492999 -25.082990 17.842156 0.859508 -0.378401 395.476 0 0
1500.0 94.634210 6.349997 18.506342 0.685996 0.100583 396.004 0 0
1500.0 109.643426 26.387862 17.828068 0.800652 0.403799 396.885 0 0
1500.0 86.633720 -25.510691 18.635964 0.551739 -0.444120 395.818 0 0
1500.0 22.199890 -56.636479 17.860456 -0.528662 -0.903583 396.278 0 0
1500.0 72.825584 -73.644376 17.842442 0.290365 -1.138048 395.636 0 0
1500.0 44.565576 22.273000 18.332964 -0.211047 0.359239 395.400 0 0
1500.0 100.738958 0.404173 17.871501 0.688435 0.079437 395.555 0 0
1500.0 89.262901 -20.156138 17.989846 0.575857 -0.294975 396.265 0 0
1500.0 79.959026 3.979338 17.996036 0.435935 0.076391 395.813 0 0
1500.0 81.384279 -9.346790 17.995193 0.457578 -0.129678 395.871 0 0
1500.0 104.778461 13.917677 17.840829 0.794640 0.204047 396.494 0 0
1500.0 100.661096 31.202025 18.097043 0.704166 0.566606 395.603 0 0
1500.0 8.415228 -71.208762 17.842114 -0.840733 -1.086898 396.719 0 0
1500.0 15.037669 41.680802 17.834493 -0.668490 0.732860 395.981 0 0
1500.0 140.590992 35.349857 17.867389 1.387686 0.531055 397.094 0 0
1500.0 122.659932 -5.259440 18.257455 1.173985 -0.129966 396.242 0 0
1500.0 75.521729 5.959514 18.729836 0.379349 0.178657 396.678 0 0
1500.0 14.031711 -25.956659 17.908239 -0.658460 -0.413783 397.187 0 0
1500.0 89.398196 -23.426286 18.109585 0.512526 -0.351598 397.340 0 0
1500.0 46.744796 -15.174396 17.827665 -0.215239 -0.250998 397.169 0 0
1500.0 92.755184 -50.389758 17.851749 0.544880 -0.778969 397.130 0 0
1500.0 121.636655 10.754498 17.886594 0.978251 0.204266 397.125 0 0
1500.0 112.303435 8.116616 18.135336 0.924524 0.137368 397.263 0 0
1500.0 73.933980 -17.960843 18.050764 0.252180 -0.351207 397.262 0 0
1500.0 42.956667 -3.912834 18.036125 -0.255357 0.000523 397.167 0 0
1500.0 43.732751 -65.204590 17.857921 -0.170372 -1.017829 397.730 0 0
1500.0 92.995673 14.875799 18.085055 0.541289 0.265989 397.660 0 0
1500.0 73.738224 5.039779 18.460634 0.348975 0.067049 397.538 0 0
1500.0 61.562027 -15.659221 18.182744 0.134448 -0.260950 397.466 0 0
1500.0 75.339637 -13.315120 18.404930 0.352042 -0.229290 397.688 0 0
1500.0 15.562931 29.637304 17.807933 -0.632589 0.485073 397.481 0 0
1500.0 89.827634 8.735583 17.853641 0.499465 0.072373 398.013 0 0
1500.0 122.998402 2.873568 17.869543 1.027004 0.038241 397.898 0 0
1500.0 111.937008 -8.545525 18.091265 0.917624 -0.119961 397.857 0 0
1500.0 6.541790 -9.779921 17.976644 -0.833961 -0.173536 398.003 0 0
1500.0 62.502094 -32.295940 18.071879 0.098304 -0.571896 397.932 0 0
1500.0 52.331884 -2.182090 17.822062 -0.154028 -0.084200 397.906 0 0
1500.0 63.732562 69.976913 18.146270 0.088241 1.180777 397.841 0 0
1500.0 50.322463 29.409658 18.032850 -0.181457 0.449970 397.632 0 0
1500.0 33.891114 52.279974 18.130978 -0.429625 0.866879 397.961 0 0
1500.0 86.343150 -12.627933 18.471061 0.572089 -0.278119 397.500 0 0
1500.0 34.097621 -10.483205 17.862622 -0.396215 -0.121801 398.168 0 0
1500.0 2.387939 -11.737256 17.982570 -0.891770 -0.153591 398.127 0 0
1500.0 95.971339 1.386608 17.927968 0.689218 0.078037 398.184 0 0
1500.0 84.442841 -38.368658 17.855113 0.445144 -0.542246 398.789 0 0
1500.0 102.872047 -16.018863 17.996348 0.716868 -0.217060 398.640 0 0
1500.0 71.841154 1.815811 18.095221 0.248144 0.085604 398.296 0 0
1500.0 79.459015 2.864735 18.005459 0.381590 0.047306 398.305 0 0
1500.0 63.091793 -22.306039 18.097800 0.135495 -0.363356 398.718 0 0
1500.0 40.794311 -6.002573 17.865140 -0.302570 -0.059457 398.326 0 0
1500.0 74.577885 0.386045 17.827137 0.278581 -0.040556 398.488 0 0
1500.0 20.106324 0.200842 17.818256 -0.561834 0.067338 398.284 0 0
1500.0 100.286199 -10.494944 17.998936 0.678664 -0.139334 398.851 0 0
1500.0 36.383466 -57.502332 17.836861 -0.313856 -0.901801 398.495 0 0
1500.0 113.894543 28.102377 17.806781 0.875902 0.432702 398.768 0 0
1500.0 105.097980 -23.373164 18.170384 0.772238 -0.422054 398.578 0 0
1500.0 55.173301 -63.634507 17.872859 -0.065893 -1.019902 398.851 0 0
1500.0 111.935239 -21.230430 18.030113 0.865004 -0.387555 398.817 0 0
1500.0 80.898494 -29.199643 18.258889 0.387629 -0.515865 398.622 0 0
1500.0 95.981249 5.495754 18.164472 0.683789 0.124810 398.425 0 0
1500.0 86.781453 -10.279294 18.067268 0.491462 -0.232261 398.605 0 0
1500.0 105.106512 -26.068826 17.900470 0.720596 -0.476986 398.836 0 0
1500.0 57.694786 -39.191867 17.913560 -0.004396 -0.680343 398.806 0 0
1500.0 187.418877 58.773305 17.867913 2.105202 0.993548 398.617 0 0
1500.0 47.529773 -33.174943 18.014780 -0.238497 -0.547748 398.236 0 0
1500.0 102.000973 2.251723 18.573127 0.908008 0.010511 398.519 0 0
1500.0 92.159572 17.184952 18.320308 0.574151 0.279850 399.022 0 0
1500.0 30.302083 -13.818780 17.974154 -0.437562 -0.198921 398.989 0 0
1500.0 87.188821 -56.323985 18.048828 0.528843 -0.911290 399.243 0 0
1500.0 106.753435 20.720674 17.819533 0.829811 0.301550 399.226 0 0
1500.0 45.081031 -97.418873 17.870347 -0.195668 -1.526918 399.401 0 0
1500.0 118.469947 -0.680409 17.978784 0.981474 -0.059899 399.407 0 0
1500.0 73.088487 -47.950045 17.906791 0.230600 -0.807585 399.426 0 0
1500.0 60.323791 -13.636970 18.950858 0.073301 -0.270406 399.517 0 0
1500.0 75.161056 12.190111 17.869741 0.310580 0.167577 399.698 0 0
1500.0 62.875600 44.355497 18.002119 0.027481 0.711539 399.622 0 0
1500.0 108.817783 7.061461 18.288570 0.880209 0.172799 399.775 0 0
1500.0 80.028220 -17.787977 17.918857 0.404898 -0.329273 399.835 0 0
1500.0 29.763362 -40.862369 17.822581 -0.444549 -0.640212 400.173 0 0
1500.0 99.537417 -18.334002 17.884384 0.680221 -0.250762 400.111 0 0
1500.0 -29.666772 28.859713 17.804278 -1.345651 0.513936 400.145 0 0
1500.0 65.787557 24.205672 17.946383 0.084605 0.396506 400.276 0 0
1500.0 5.550737 -40.434418 17.902840 -0.812825 -0.622660 400.278 0 0
1500.0 98.621083 -6.591023 17.912642 0.686275 -0.155158 400.367 0 0
1500.0 33.995871 29.333850 18.047371 -0.362735 0.563226 400.235 0 0
1500.0 51.467533 -22.181379 17.858359 -0.093338 -0.380464 400.623 0 0
1500.0 86.763218 -18.523291 17.890705 0.479524 -0.263611 400.585 0 0
1500.0 68.545854 8.004254 18.416137 0.190595 0.181486 400.689 0 0
1500.0 -1.831267 54.006501 17.979666 -1.034784 0.868316 400.612 0 0
1500.0 64.644583 2.870658 18.203416 0.184551 0.007771 401.107 0 0
1500.0 81.157389 -1.384290 18.523946 0.445742 0.023632 401.506 0 0
1500.0 86.292342 11.759366 18.052088 0.459482 0.219848 401.338 0 0
1500.0 109.082104 15.335765 17.916714 0.806685 0.231381 401.016 0 0
1500.0 4.179043 38.828434 17.812890 -0.828724 0.638471 401.303 0 0
1500.0 -15.211119 28.528942 17.795407 -1.119700 0.493497 401.413 0 0
1500.0 100.487006 -15.583172 18.191542 0.762816 -0.229265 401.206 0 0
1500.0 81.357570 -19.904420 18.260301 0.435004 -0.373882 401.555 0 0
1500.0 63.181210 -48.803824 17.929508 0.026328 -0.786244 401.065 0 0
1500.0 58.784561 40.755929 18.035813 -0.021737 0.671089 401.189 0 0
1500.0 69.603626 0.672722 18.238912 0.207024 -0.062552 401.213 0 0
1500.0 73.823322 -43.665975 17.888418 0.255087 -0.751479 401.333 0 0
1500.0 125.033101 40.082223 18.026794 1.152012 0.631673 400.810 0 0
1500.0 168.915095 83.202587 17.977153 1.866537 1.350788 400.984 0 0
1500.0 92.194045 -15.504172 18.758265 0.719877 -0.340250 400.798 0 0
1500.0 112.507549 12.362924 17.847940 0.877745 0.127227 401.700 0 0
1500.0 73.764867 18.448253 18.015652 0.302365 0.285660 401.916 0 0
1500.0 85.533467 7.583931 17.929963 0.463845 0.119099 402.220 0 0
1500.0 98.773331 52.154005 17.820590 0.621600 0.844048 401.949 0 0
1500.0 102.488092 -2.954136 17.987329 0.713004 -0.028070 402.295 0 0
1500.0 108.851961 28.632293 17.997875 0.800792 0.453990 402.376 0 0
1500.0 85.808541 -58.070898 17.941839 0.476394 -0.918166 402.280 0 0
1500.0 93.788343 -46.576901 18.032694 0.622701 -0.741246 402.507 0 0
1500.0 42.865727 -60.649575 17.919477 -0.279080 -0.949006 402.339 0 0
1500.0 49.391270 -2.474900 18.528479 -0.101250 0.003894 402.685 0 0
1500.0 63.519145 -9.330720 18.346053 0.135521 -0.216424 402.619 0 0
1500.0 44.598880 0.287273 18.080565 -0.228174 -0.052420 402.401 0 0
1500.0 57.834853 2.502793 18.082056 -0.023574 -0.018193 402.308 0 0
1500.0 90.413452 7.934143 18.167659 0.514087 0.194384 402.599 0 0
1500.0 76.709803 -57.136545 17.989360 0.300674 -0.973419 402.590 0 0
1500.0 116.717747 -39.066374 17.986752 1.050728 -0.694709 402.333 0 0
1500.0 72.980850 14.751766 18.320804 0.319545 0.239451 404.045 0 0
1500.0 81.792867 3.078366 17.872126 0.398426 0.011817 403.242 0 0
1500.0 86.530601 -37.691662 17.951698 0.444860 -0.596582 403.336 0 0
1500.0 69.116694 44.264421 17.906418 0.122590 0.680823 404.140 0 0
1500.0 3.097836 20.506558 17.821014 -0.822435 0.358520 403.136 0 0
1500.0 74.304463 61.236366 17.823764 0.254281 0.959704 403.274 0 0
1500.0 109.611749 40.694778 17.822364 0.770700 0.664540 402.947 0 0
1500.0 120.633803 18.986587 17.985103 0.997261 0.322992 403.074 0 0
1500.0 75.777077 -56.121874 17.902901 0.317550 -0.862038 404.267 0 0
1500.0 73.744229 25.486257 18.522044 0.264340 0.422867 403.120 0 0
1500.0 104.103240 1.622472 18.322212 0.805644 -0.029661 403.437 0 0
1500.0 75.436154 -3.360978 18.319099 0.404846 -0.046918 402.695 0 0
1500.0 55.967836 -43.030054 18.233221 -0.015612 -0.714944 403.133 0 0
1500.0 30.142786 53.231604 17.832416 -0.469224 0.861267 403.209 0 0
1500.0 85.504881 21.374271 18.417662 0.558863 0.349156 404.047 0 0
1500.0 156.571936 -75.186553 17.803548 1.531796 -1.166994 404.283 0 0
1500.0 43.394748 -40.986967 17.999680 -0.275973 -0.647318 403.305 0 0
1500.0 19.893338 42.653010 17.862976 -0.554189 0.721722 404.124 0 0
1500.0 41.437286 -11.066424 17.882208 -0.292631 -0.104709 402.785 0 0
1500.0 15.463460 -26.445406 17.909334 -0.645006 -0.481601 404.240 0 0
1500.0 62.592960 -41.029639 17.969295 0.036322 -0.686691 404.127 0 0
1500.0 47.637086 -18.216408 18.041360 -0.136681 -0.358734 404.112 0 0
1500.0 152.988285 28.759794 17.923439 1.582371 0.434902 402.890 0 0
1500.0 131.872006 -24.978147 17.877719 1.263825 -0.385288 403.985 0 0
1500.0 70.995130 26.794380 18.110585 0.296610 0.510257 402.743 0 0
1500.0 101.714533 -53.024893 18.011029 0.781555 -0.942481 404.044 0 0
1500.0 232.819050 33.931930 17.900146 2.958906 0.580064 404.436 0 0
1500.0 94.148402 13.626989 18.274469 0.751185 0.260984 403.911 0 0
1500.0 78.770407 -11.622948 18.077003 0.313971 -0.230113 404.952 0 0
1500.0 65.598455 30.242971 18.069295 0.098560 0.480212 406.084 0 0
1500.0 53.591739 26.018640 17.973513 -0.115439 0.368057 406.162 0 0
1500.0 75.699550 26.365545 17.844019 0.265790 0.438835 405.541 0 0
1500.0 90.392206 -36.670963 17.909719 0.521234 -0.572794 405.260 0 0
1500.0 106.442381 -4.679077 17.910419 0.748996 -0.116977 405.340 0 0
1500.0 68.387989 65.067823 17.933458 0.177450 1.020156 405.666 0 0
1500.0 95.946072 7.871676 18.430438 0.716806 0.095160 405.023 0 0
1500.0 83.465053 58.662204 17.922391 0.378512 0.948087 405.089 0 0
1500.0 109.168803 -29.089628 18.081735 0.818467 -0.505954 405.104 0 0
1500.0 100.870329 -51.467242 17.859134 0.625426 -0.826259 406.484 0 0
1500.0 80.980733 -61.792283 17.859425 0.333723 -0.975756 406.599 0 0
1500.0 85.658056 -55.423219 17.861314 0.413700 -0.908204 404.676 0 0
1500.0 84.511653 19.031993 18.563393 0.467065 0.353961 405.424 0 0
1500.0 84.873696 60.122745 17.855395 0.421793 0.959620 406.027 0 0
1500.0 42.748945 -64.825117 17.800575 -0.169147 -1.013019 405.290 0 0
1500.0 63.137951 -67.482074 17.799641 0.134158 -1.034443 406.477 0 0
1500.0 108.177142 34.941855 17.848845 0.818570 0.570444 405.122 0 0
1500.0 101.404717 50.205133 17.864233 0.657351 0.815876 406.311 0 0
1500.0 50.252752 58.588092 17.858942 -0.149891 0.951684 404.926 0 0
1500.0 87.130870 58.397126 17.855672 0.403505 0.939230 405.600 0 0
1500.0 28.394495 -52.563176 17.800927 -0.518993 -0.829962 404.926 0 0
1500.0 -3.035479 -8.260791 17.799564 -0.990694 -0.158815 405.192 0 0
1500.0 45.172827 44.713151 17.956159 -0.171744 0.749911 405.235 0 0
1500.0 72.227209 30.632191 17.962815 0.239183 0.543669 404.478 0 0
1500.0 104.265868 14.100809 17.884628 0.744925 0.287026 404.513 0 0
1500.0 72.539613 46.894237 17.811683 0.295017 0.726151 404.850 0 0
1500.0 107.548363 -16.806582 17.808207 0.823550 -0.244760 405.331 0 0
1500.0 77.560509 3.098593 18.271401 0.424146 0.014068 405.221 0 0
1500.0 73.122898 48.453602 17.862047 0.303955 0.775597 405.232 0 0
1500.0 53.833479 -30.758824 18.034843 -0.055919 -0.548068 405.077 0 0
1500.0 94.721248 31.824836 17.865522 0.611700 0.547864 405.660 0 0
1500.0 63.937800 70.455782 17.997137 0.124750 1.163132 405.189 0 0
1500.0 8.804787 26.573394 17.992547 -0.775770 0.454398 406.621 0 0
1500.0 56.217105 -40.740575 18.250634 0.003337 -0.686687 406.658 0 0
1500.0 73.795685 -6.069964 18.260779 0.271950 -0.164796 405.912 0 0
1500.0 29.435133 63.247511 17.935741 -0.438771 1.062760 404.813 0 0
1500.0 83.440843 17.498018 18.172896 0.493618 0.312191 406.298 0 0
1500.0 26.680303 8.374574 17.975584 -0.521927 0.075902 405.809 0 0
1500.0 77.991681 44.646335 17.861248 0.366071 0.736225 406.631 0 0
1500.0 11.612934 -20.782590 17.868808 -0.801657 -0.293763 405.287 0 0
1500.0 71.024735 -24.437183 17.827224 0.207706 -0.458834 406.467 0 0
1500.0 88.839137 39.197068 18.436474 0.589337 0.722551 405.658 0 0
1500.0 138.591666 -18.257210 18.288676 1.445547 -0.278527 405.842 0 0
1500.0 121.575423 -47.616401 18.079701 1.124395 -0.851566 406.146 0 0
1500.0 94.005408 -116.153352 18.115232 0.616430 -2.128703 405.279 0 0
1500.0 135.491159 46.554448 18.129993 1.403190 0.894512 406.179 0 0
1500.0 3.391156 14.578297 17.838243 -0.827613 0.262977 406.861 0 0
1500.0 74.167110 -63.281908 17.801779 0.293464 -0.962202 407.208 0 0
1500.0 105.981563 46.293474 17.864938 0.782287 0.690358 407.068 0 0
1500.0 66.777182 12.406746 18.724199 0.247984 0.256041 407.201 0 0
1500.0 116.266108 10.951296 17.803983 0.927043 0.170733 407.370 0 0
1500.0 73.184602 -62.221830 18.016245 0.247458 -0.995847 406.903 0 0
1500.0 71.939680 65.801650 17.850842 0.276905 1.008665 407.339 0 0
1500.0 19.001176 -27.574439 17.887500 -0.602911 -0.498048 406.894 0 0
1500.0 106.470662 14.342569 17.813054 0.767171 0.147820 407.111 0 0
1500.0 23.701219 -16.497663 17.932472 -0.568233 -0.196428 406.927 0 0
1500.0 81.530290 8.085530 18.080773 0.349629 0.187361 407.282 0 0
1500.0 67.533285 -3.223028 17.975646 0.189368 0.023845 407.389 0 0
1500.0 79.814152 19.073313 17.883771 0.409750 0.254639 407.445 0 0
1500.0 138.687398 -83.974006 17.893583 1.271637 -1.437713 407.001 0 0
1500.0 57.836612 -20.175995 17.895654 0.058050 -0.293436 407.906 0 0
1500.0 56.396288 -40.199406 17.990449 -0.008657 -0.614438 408.705 0 0
1500.0 74.051470 53.316408 17.865041 0.253220 0.830733 408.331 0 0
1500.0 69.443605 -93.241662 17.815950 0.150351 -1.397996 408.700 0 0
1500.0 122.781176 -15.629244 17.894171 1.000717 -0.287896 408.680 0 0
1500.0 105.269746 3.913621 18.311289 0.836688 0.059209 408.218 0 0
1500.0 17.205926 -51.765393 17.931735 -0.638850 -0.822146 408.146 0 0
1500.0 28.743927 59.113888 17.902025 -0.475424 0.928529 408.111 0 0
1500.0 115.819842 29.678569 17.983301 0.946207 0.443451 408.695 0 0
1500.0 104.680278 9.160421 18.241644 0.820788 0.103142 407.991 0 0
1500.0 0.520799 23.651267 17.818754 -0.923757 0.303027 407.475 0 0
1500.0 46.199184 -53.455871 17.881712 -0.184387 -0.885750 407.543 0 0
1500.0 82.356900 -59.864811 17.875174 0.356331 -0.961972 408.983 0 0
1500.0 101.498605 -19.945765 18.241162 0.773069 -0.322956 408.974 0 0
1500.0 85.528368 -49.958815 17.800468 0.459839 -0.821221 407.880 0 0
1500.0 89.718047 47.807224 17.836443 0.558004 0.739816 407.924 0 0
1500.0 81.753110 53.059595 17.918992 0.322055 0.860819 408.220 0 0
1500.0 98.124630 4.751813 18.298084 0.722793 0.023228 408.760 0 0
1500.0 11.126051 32.139573 17.949673 -0.769053 0.485637 408.415 0 0
1500.0 98.614981 27.061865 17.873846 0.690137 0.457343 408.164 0 0
1500.0 104.664140 24.636287 17.871139 0.779220 0.418335 408.458 0 0
1500.0 16.472254 40.990706 17.856400 -0.624051 0.697678 408.823 0 0
1500.0 31.861396 35.423180 17.865673 -0.396587 0.622637 407.826 0 0
1500.0 112.963936 12.923726 17.811938 0.899033 0.236505 408.651 0 0
1500.0 105.606910 4.093821 17.959749 0.767732 0.135221 408.580 0 0
1500.0 68.372882 44.840513 17.959585 0.198706 0.757701 408.595 0 0
1500.0 106.501850 19.862494 17.830976 0.817767 0.301207 408.575 0 0
1500.0 21.953409 -14.608465 17.836413 -0.545499 -0.302873 408.130 0 0
1500.0 57.108462 -38.427021 17.834700 0.000085 -0.671125 408.264 0 0
1500.0 86.836414 -3.506801 17.836807 0.472983 -0.128655 408.498 0 0
1500.0 117.953438 -42.608445 18.155437 1.072526 -0.687799 407.983 0 0
1500.0 84.165267 2.362379 18.118478 0.466753 0.120343 408.441 0 0
1500.0 75.179500 -33.597368 18.265930 0.275481 -0.667542 408.065 0 0
1500.0 39.429132 15.790037 18.034557 -0.300069 0.242803 409.147 0 0
1500.0 83.061782 5.118965 18.065989 0.398240 0.135945 409.375 0 0
1500.0 56.396576 41.550085 17.939538 -0.023737 0.653178 409.165 0 0
1500.0 45.872918 41.314572 17.938830 -0.171840 0.650433 409.103 0 0
1500.0 66.803961 -0.127991 17.829240 0.178607 -0.040116 410.108 0 0
1500.0 35.627904 -24.268593 17.960977 -0.365047 -0.360176 410.228 0 0
1500.0 102.350725 11.832344 17.862243 0.687817 0.209583 409.284 0 0
1500.0 62.558256 18.514649 17.873766 0.122726 0.300248 410.215 0 0
1500.0 69.765545 40.108605 17.960237 0.187598 0.640455 409.372 0 0
1500.0 72.316131 37.604812 17.891013 0.234503 0.594882 410.263 0 0
1500.0 65.915870 -37.306282 18.033263 0.117927 -0.588714 411.711 0 0
1500.0 97.918280 -42.573521 17.901179 0.622848 -0.667483 410.202 0 0
1500.0 106.375423 -17.162309 17.906758 0.737059 -0.300759 410.856 0 0
1500.0 10.080480 42.862177 17.904789 -0.733937 0.671216 409.769 0 0
1500.0 102.003360 13.424280 17.960412 0.705421 0.208054 411.674 0 0
1500.0 109.413692 1.250422 17.956970 0.814380 0.036227 411.305 0 0
1500.0 36.971515 58.628641 17.852840 -0.348609 0.900675 410.517 0 0
1500.0 59.939386 60.022951 17.855479 -0.016787 0.915532 410.917 0 0
1500.0 83.656218 -55.342382 17.879783 0.364641 -0.868678 411.011 0 0
1500.0 103.641131 50.918592 17.795116 0.745728 0.734482 409.246 0 0
1500.0 116.454421 17.570236 17.801173 0.909002 0.231684 411.262 0 0
1500.0 69.742645 -63.352295 17.797019 0.210517 -0.981981 410.757 0 0
1500.0 111.072078 39.201056 17.888691 0.831634 0.635339 410.265 0 0
1500.0 115.846491 29.442119 17.840195 0.935570 0.456210 409.787 0 0
1500.0 108.443499 -9.593400 18.370973 0.883860 -0.174518 410.305 0 0
1500.0 90.681003 -27.803810 18.428035 0.611341 -0.472401 409.979 0 0
1500.0 81.859684 61.805894 17.850240 0.357277 0.984124 410.788 0 0
1500.0 118.774153 31.015812 17.850165 0.903311 0.531845 410.621 0 0
1500.0 70.797472 63.930424 17.851577 0.192447 1.005672 411.446 0 0
1500.0 22.977043 55.996440 17.850494 -0.514787 0.906690 410.178 0 0
1500.0 95.278962 51.714547 17.806743 0.620670 0.814869 409.623 0 0
1500.0 99.125882 51.701599 17.946281 0.639968 0.825662 411.517 0 0
1500.0 114.309166 19.388388 17.951089 0.886957 0.363305 409.594 0 0
1500.0 95.946305 53.674507 17.946107 0.597598 0.860463 411.044 0 0
1500.0 109.773116 19.971075 17.953886 0.823513 0.374261 409.206 0 0
1500.0 7.414071 -39.860743 17.818921 -0.747742 -0.673692 410.146 0 0
1500.0 108.562634 -37.440891 17.819090 0.774828 -0.637639 410.109 0 0
1500.0 83.586047 -47.203948 17.966756 0.395804 -0.790452 410.600 0 0
1500.0 8.857392 -33.074105 17.810584 -0.822250 -0.485168 410.549 0 0
1500.0 85.462870 -4.939027 18.056528 0.466975 -0.151441 409.688 0 0
1500.0 81.870659 -56.131242 18.035894 0.398432 -0.909376 411.846 0 0
1500.0 78.816635 -37.914519 18.047813 0.360849 -0.652257 410.372 0 0
1500.0 89.530338 8.553362 18.240633 0.535619 0.205809 410.885 0 0
1500.0 109.004604 -29.307238 18.008508 0.792951 -0.515324 411.816 0 0
1500.0 75.317971 -25.813218 18.024691 0.293912 -0.474153 410.227 0 0
1500.0 64.673426 -44.170359 17.964512 0.052965 -0.715708 410.511 0 0
1500.0 7.009828 -34.467487 17.951902 -0.812787 -0.554375 411.989 0 0
1500.0 53.179895 -22.934001 18.088305 -0.035683 -0.429794 410.477 0 0
1500.0 83.628166 -26.959622 18.040776 0.490836 -0.440395 410.860 0 0
1500.0 74.738529 5.218831 18.010128 0.313935 0.153495 409.423 0 0
1500.0 32.156743 1.068356 17.935609 -0.449388 -0.032421 410.055 0 0
1500.0 54.630640 -5.209369 17.940508 -0.101004 -0.130519 409.737 0 0
1500.0 86.651430 47.730680 17.999446 0.464716 0.818170 410.104 0 0
1500.0 87.368951 -17.946102 18.322980 0.505101 -0.346301 411.935 0 0
1500.0 67.026395 -28.645575 17.952763 0.076579 -0.452223 409.899 0 0
1500.0 78.764929 28.318327 18.191769 0.417829 0.482585 411.713 0 0
1500.0 -14.018470 -4.960955 17.991388 -1.198663 -0.063890 409.253 0 0
1500.0 88.944051 11.529032 17.919342 0.482800 0.255771 410.734 0 0
1500.0 72.526322 37.514933 17.914284 0.227096 0.654379 411.123 0 0
1500.0 80.160013 -1.163736 17.930374 0.408263 0.039109 410.788 0 0
1500.0 151.159560 43.088081 17.861970 1.508244 0.633312 411.503 0 0
1500.0 37.294332 21.746461 17.847899 -0.374767 0.395340 410.942 0 0
1500.0 19.219264 8.960056 17.869629 -0.669930 0.156774 411.503 0 0
1500.0 42.017375 -49.148599 17.864932 -0.315845 -0.735837 411.919 0 0
1500.0 50.051746 0.462259 17.881772 -0.196406 0.025891 410.645 0 0
1500.0 69.864667 -72.694414 17.863959 0.128249 -1.229711 410.063 0 0
1500.0 78.097235 -31.726821 18.302097 0.340876 -0.572227 411.928 0 0
1500.0 84.079564 38.706556 18.537891 0.504587 0.706664 411.280 0 0
1500.0 122.605303 -37.225714 17.928100 1.123117 -0.694342 411.405 0 0
1500.0 86.836995 20.337988 17.964419 0.467062 0.422840 411.768 0 0
1500.0 53.142687 5.134567 18.275406 -0.134581 0.124900 410.440 0 0
1500.0 77.448332 13.691119 18.605693 0.410577 0.222741 412.160 0 0
1500.0 77.755801 1.147023 18.606869 0.414213 0.053400 412.251 0 0
1500.0 41.721335 23.322193 18.117098 -0.220389 0.385701 412.308 0 0
1500.0 43.910374 4.478827 17.960482 -0.228351 0.010078 412.596 0 0
1500.0 61.927590 -36.865826 18.008186 0.105155 -0.578193 412.585 0 0
1500.0 38.913650 -25.150580 17.976371 -0.300708 -0.399315 412.741 0 0
1500.0 73.776075 -34.092165 18.078060 0.274142 -0.539748 412.910 0 0
1500.0 96.050160 2.121564 18.249254 0.637692 -0.002166 413.616 0 0
1500.0 48.415288 1.281666 17.877930 -0.177041 0.069929 412.975 0 0
1500.0 86.554321 -11.701716 17.886405 0.474739 -0.154618 412.847 0 0
1500.0 63.504744 -2.433554 17.904148 0.071764 -0.102656 413.392 0 0
1500.0 98.921398 0.174381 17.814270 0.642766 -0.019057 412.676 0 0
1500.0 86.351723 -5.688435 17.894842 0.410352 -0.149111 413.640 0 0
1500.0 114.501358 -6.838256 17.884203 0.886469 -0.097460 412.275 0 0
1500.0 76.108091 50.427407 17.874050 0.321538 0.758137 413.062 0 0
1500.0 34.647604 -30.536460 17.891124 -0.350856 -0.494044 413.948 0 0
1500.0 100.024484 29.871261 17.863894 0.602610 0.495373 413.296 0 0
1500.0 44.343165 34.017814 17.871515 -0.186623 0.548938 413.981 0 0
1500.0 116.937002 3.727524 17.812870 0.907003 0.091250 412.454 0 0
1500.0 91.577805 44.730888 17.955476 0.515208 0.704078 413.424 0 0
1500.0 117.559139 10.684056 17.894355 0.922532 0.203831 412.327 0 0
1500.0 117.606961 23.479755 17.988709 0.948982 0.406875 412.171 0 0
1500.0 94.223205 -47.297813 17.892953 0.608830 -0.764133 412.292 0 0
1500.0 22.432205 45.472520 17.830869 -0.590740 0.745227 412.601 0 0
1500.0 14.136333 47.586580 17.825939 -0.704436 0.764142 413.735 0 0
1500.0 2.486109 -22.536784 17.831490 -0.894469 -0.286605 412.511 0 0
1500.0 111.648578 5.757311 18.294197 0.929107 0.075022 414.213 0 0
1500.0 -4.405232 20.208726 17.852344 -0.994916 0.317758 414.096 0 0
1500.0 19.108971 36.912064 17.861115 -0.663263 0.581086 412.320 0 0
1500.0 49.585579 55.396140 17.860946 -0.198437 0.862707 412.340 0 0
1500.0 51.353942 53.583263 17.862434 -0.171915 0.837200 412.173 0 0
1500.0 14.258371 47.448197 17.853439 -0.722939 0.727379 413.617 0 0
1500.0 67.989973 -58.749694 17.899442 0.116244 -0.948316 412.990 0 0
1500.0 83.079590 10.050386 18.377151 0.523346 0.170202 413.195 0 0
1500.0 95.310282 -19.087228 17.987413 0.619996 -0.363272 412.411 0 0
1500.0 73.559037 -57.028742 17.975752 0.281264 -0.925550 413.730 0 0
1500.0 21.608246 -49.384608 17.924684 -0.565377 -0.809031 413.930 0 0
1500.0 70.884863 -21.594790 18.164833 0.197807 -0.394369 412.622 0 0
1500.0 72.790594 -7.501726 18.016093 0.192651 -0.166282 412.221 0 0
1500.0 108.184869 33.755669 17.857729 0.835528 0.492412 414.882 0 0
1500.0 58.930250 40.208099 17.881303 0.045822 0.692928 413.717 0 0
1500.0 103.962936 -13.149924 17.894559 0.763026 -0.258204 414.214 0 0
1500.0 75.672037 -17.948472 18.137086 0.386305 -0.286073 414.310 0 0
1500.0 67.158869 -35.640290 17.830361 0.218165 -0.552997 413.464 0 0
1500.0 108.889174 5.406309 17.866174 0.857385 0.091709 414.737 0 0
1500.0 68.166853 -12.882180 18.027145 0.116044 -0.240854 414.712 0 0
1500.0 56.879400 15.146049 18.027990 -0.058978 0.193788 414.659 0 0
1500.0 82.312530 -24.413496 17.913421 0.476934 -0.409354 412.358 0 0
1500.0 76.613572 -5.435072 17.850884 0.329962 -0.017085 414.862 0 0
1500.0 113.763038 80.530019 18.037417 0.959066 1.356514 413.863 0 0
1500.0 81.684495 8.920946 18.004832 0.444370 0.078891 413.932 0 0
1500.0 125.152366 1.713826 18.474871 1.296328 0.026863 412.170 0 0
1500.0 70.239187 43.294797 18.654197 0.215698 0.779793 412.390 0 0
1500.0 56.076190 43.714618 18.017340 -0.003616 0.818400 414.063 0 0
1500.0 63.301635 -56.822009 18.238909 0.130064 -1.059830 413.268 0 0
1500.0 90.701203 31.480077 18.300246 0.568451 0.617910 414.039 0 0
1500.0 85.072319 -10.895297 18.650417 0.478484 -0.266510 413.759 0 0
1500.0 96.720747 52.627514 17.896549 0.638638 0.827496 415.043 0 0
1500.0 110.513727 37.019660 17.888697 0.866677 0.548478 414.989 0 0
1500.0 70.128411 -7.939673 17.979602 0.277116 -0.166969 414.911 0 0
1500.0 80.828883 -53.361181 18.419163 0.428204 -0.950788 415.076 0 0
1500.0 63.936249 -33.405421 18.188309 0.140397 -0.528902 416.359 0 0
1500.0 41.508281 0.297326 17.887117 -0.279478 0.048776 415.765 0 0
1500.0 90.065937 18.493813 18.008336 0.510679 0.314313 416.192 0 0
1500.0 63.558152 9.919674 18.016751 0.138908 0.192733 416.835 0 0
1500.0 50.641757 -33.411764 17.971231 -0.147759 -0.501758 416.879 0 0
1500.0 44.510201 -3.790180 17.939521 -0.230866 -0.096647 417.519 0 0
1500.0 78.959698 8.027185 18.534741 0.434652 0.100405 419.561 0 0
1500.0 5.577337 23.797237 17.821611 -0.821999 0.365882 415.359 0 0
1500.0 65.438112 -44.823304 17.905899 0.164341 -0.681260 416.738 0 0
1500.0 97.765657 22.498208 18.187836 0.647960 0.361512 417.659 0 0
1500.0 84.434905 7.075783 18.512549 0.507425 0.106994 419.819 0 0
1500.0 60.254917 -41.948121 17.970426 0.016892 -0.651839 417.703 0 0
1500.0 92.376269 35.638145 17.918127 0.545042 0.556921 417.058 0 0
1500.0 76.801663 10.064706 17.884515 0.281250 0.208491 418.343 0 0
1500.0 24.698769 55.699964 17.855404 -0.549316 0.824517 415.747 0 0
1500.0 46.942351 0.239930 17.881524 -0.218441 0.019976 418.434 0 0
1500.0 58.794495 -16.232819 17.999347 0.055162 -0.289616 419.165 0 0
1500.0 67.083106 31.824524 17.919304 0.189223 0.491735 418.866 0 0
1500.0 101.465765 45.356858 17.898997 0.706727 0.678279 416.918 0 0
1500.0 -4.156084 -18.498855 17.849937 -0.968428 -0.298085 416.672 0 0
1500.0 107.067190 -39.342171 17.891611 0.788106 -0.571466 417.296 0 0
1500.0 120.567365 13.324246 17.939327 1.009692 0.230850 415.405 0 0
1500.0 73.192385 27.507511 18.054311 0.240605 0.451868 420.210 0 0
1500.0 26.510959 -18.175162 17.848176 -0.509001 -0.231564 419.629 0 0
1500.0 115.750210 33.908638 17.853819 0.921788 0.480129 416.894 0 0
1500.0 84.638361 -56.599021 17.886088 0.440384 -0.870655 418.179 0 0
1500.0 101.929961 -16.834635 18.470671 0.807509 -0.244615 416.666 0 0
1500.0 113.513159 32.384884 17.812393 0.878167 0.471867 417.899 0 0
1500.0 104.836788 43.188090 17.813478 0.749681 0.627027 418.112 0 0
1500.0 110.829595 40.359324 17.856443 0.853676 0.601977 417.295 0 0
1500.0 101.967352 1.235824 17.873412 0.695798 0.025937 419.996 0 0
1500.0 84.988922 37.174958 17.873179 0.455927 0.534133 419.975 0 0
1500.0 -23.788538 -1.448671 17.814192 -1.294853 0.022842 415.721 0 0
1500.0 17.852543 -30.702121 18.010261 -0.650545 -0.506683 416.037 0 0
1500.0 15.012222 -23.699168 18.011275 -0.694752 -0.400926 415.936 0 0
1500.0 78.881651 -0.319160 18.234190 0.387575 0.069811 415.696 0 0
1500.0 108.173941 19.071541 18.248706 0.837080 0.356732 416.824 0 0
1500.0 114.500420 6.918764 17.961145 0.941905 0.120107 416.755 0 0
1500.0 50.783091 -65.425285 17.810469 -0.105205 -1.035594 418.482 0 0
1500.0 112.040460 5.499574 17.848030 0.880029 0.137887 416.340 0 0
1500.0 78.571630 -38.379072 18.104157 0.412991 -0.622507 416.734 0 0
1500.0 100.383522 -6.753361 18.106165 0.684282 -0.130831 422.500 0 0
1500.0 74.381682 -16.721598 18.113682 0.353361 -0.297004 415.990 0 0
1500.0 124.879150 63.612999 17.840506 1.004636 1.054150 415.648 0 0
1500.0 126.266396 -6.052900 17.823149 1.047830 -0.025326 418.462 0 0
1500.0 122.665703 14.351702 17.823668 1.001186 0.278772 418.011 0 0
1500.0 94.743481 40.562036 17.833575 0.560812 0.642128 420.882 0 0
1500.0 60.425350 32.103937 17.846453 0.068899 0.512433 422.075 0 0
1500.0 84.582972 6.912248 18.055331 0.430045 0.183537 415.797 0 0
1500.0 74.688796 -20.900078 17.896500 0.275752 -0.352364 422.530 0 0
1500.0 78.575639 105.638395 17.818076 0.352314 1.598905 419.419 0 0
1500.0 47.917878 63.646027 17.815048 -0.220170 0.989925 417.764 0 0
1500.0 59.673307 0.868605 17.992268 0.092909 -0.032931 423.463 0 0
1500.0 96.179335 -8.131444 18.246384 0.706260 -0.120017 417.603 0 0
1500.0 36.218900 20.367341 18.032580 -0.317348 0.341758 423.335 0 0
1500.0 80.056962 10.787267 17.930061 0.298052 0.217413 423.127 0 0
1500.0 41.883835 46.544603 17.917548 -0.237788 0.726714 422.078 0 0
1500.0 63.128512 63.871905 17.906215 0.064265 0.993237 420.564 0 0
1500.0 30.948014 60.854821 17.903352 -0.406879 0.963134 419.592 0 0
1500.0 55.543325 58.826290 17.910664 -0.044964 0.910637 421.295 0 0
1500.0 82.994097 -32.890787 17.948368 0.470683 -0.491890 417.280 0 0
1500.0 100.362372 -0.629891 17.946362 0.731776 -0.001942 417.521 0 0
1500.0 98.428044 29.637279 17.942121 0.695576 0.451546 418.179 0 0
1500.0 79.306016 -61.858836 17.814455 0.355452 -0.982825 418.980 0 0
1500.0 8.388286 -37.100490 17.805587 -0.792969 -0.538264 421.064 0 0
1500.0 40.747305 -27.472932 17.822756 -0.349725 -0.429556 416.145 0 0
1500.0 -1.442482 22.931961 17.907470 -0.945298 0.373566 418.877 0 0
1500.0 45.790506 -12.960113 17.933751 -0.249761 -0.169653 416.143 0 0
1500.0 31.310381 49.969850 17.957293 -0.405371 0.827938 418.229 0 0
1500.0 46.217297 65.245396 17.950418 -0.175697 1.032381 419.917 0 0
1500.0 117.700122 -3.288064 17.861736 0.957257 -0.106053 418.341 0 0
1500.0 78.134273 -61.246990 17.857871 0.354566 -0.969494 419.204 0 0
1500.0 50.690322 57.295276 17.851191 -0.128819 0.940849 418.231 0 0
1500.0 23.715384 32.370558 17.858996 -0.544968 0.571024 417.328 0 0
1500.0 54.626259 46.947467 17.861259 -0.064723 0.733498 422.781 0 0
1500.0 27.980094 -0.266548 17.869688 -0.485844 0.070613 416.472 0 0
1500.0 65.685636 -56.168691 18.071356 0.156369 -0.916731 419.004 0 0
1500.0 116.270581 -1.926328 18.046567 0.973659 -0.021289 419.353 0 0
1500.0 96.937608 -5.430342 18.421313 0.721146 -0.038933 419.431 0 0
1500.0 173.391290 -12.614445 17.941796 1.899269 -0.196346 416.246 0 0
1500.0 67.245599 68.938704 17.842992 0.219810 1.108349 416.017 0 0
1500.0 117.902132 -24.798632 17.820701 0.917378 -0.462084 417.185 0 0
1500.0 90.428438 21.167340 18.213621 0.582761 0.383404 419.085 0 0
1500.0 51.499116 58.842393 17.824942 -0.133159 0.958254 419.102 0 0
1500.0 73.767308 21.438136 17.845365 0.210229 0.404065 417.130 0 0
1500.0 106.505230 41.892046 17.823822 0.697490 0.699569 419.299 0 0
1500.0 61.313353 51.452780 17.830635 0.015591 0.855996 418.361 0 0
1500.0 105.085201 -6.522415 17.960451 0.738023 -0.172486 419.557 0 0
1500.0 35.228638 -5.601842 17.834160 -0.379764 -0.039933 424.677 0 0
1500.0 129.775089 24.232260 17.910123 1.221668 0.358600 416.299 0 0
1500.0 36.722106 7.566204 18.027753 -0.357412 0.173363 418.154 0 0
1500.0 31.916429 47.324765 18.010696 -0.422265 0.770838 419.601 0 0
1500.0 51.877147 26.709276 18.025629 -0.122818 0.468295 418.299 0 0
1500.0 58.513303 49.044599 17.975372 0.039782 0.821566 419.387 0 0
1500.0 94.342197 19.935538 18.200887 0.669657 0.318954 420.056 0 0
1500.0 25.054948 -6.975600 18.052603 -0.537213 -0.155919 418.897 0 0
1500.0 62.581945 61.485354 17.880331 0.037257 0.947546 423.316 0 0
1500.0 53.428676 63.433614 17.990903 -0.083544 1.011083 420.934 0 0
1500.0 10.747800 -25.578922 18.036071 -0.766091 -0.396863 419.867 0 0
1500.0 55.379409 3.773353 18.031375 -0.083247 0.023814 419.538 0 0
1500.0 42.290313 -25.070836 18.024609 -0.281522 -0.414959 420.122 0 0
1500.0 89.779993 1.663604 18.225263 0.553357 0.011695 426.936 0 0
1500.0 119.565113 -14.442709 17.840561 0.968948 -0.152688 420.713 0 0
1500.0 8.372707 -15.791882 18.010621 -0.802812 -0.219494 420.455 0 0
1500.0 -12.223197 48.406616 17.843899 -1.143595 0.783443 419.804 0 0
1500.0 111.972772 -22.426437 17.925825 0.899369 -0.309220 421.034 0 0
1500.0 85.316469 41.774337 18.364262 0.473088 0.743365 417.620 0 0
1500.0 37.974472 67.079865 17.864517 -0.391797 1.044848 418.902 0 0
1500.0 88.914598 -47.479954 17.914885 0.502088 -0.728246 425.511 0 0
1500.0 62.991926 -11.896035 17.876249 0.141013 -0.152747 427.189 0 0
1500.0 116.613470 30.406545 17.846721 0.940247 0.462596 423.291 0 0
1500.0 62.662656 14.843876 18.034675 0.150341 0.246777 426.581 0 0
1500.0 30.367796 48.956231 17.798626 -0.488769 0.787975 421.436 0 0
1500.0 86.632793 -43.473745 18.360596 0.514399 -0.804008 416.180 0 0
1500.0 -2.885652 60.449396 17.829005 -0.925272 0.967559 423.572 0 0
1500.0 0.977951 -118.788063 17.816595 -0.913998 -1.883206 421.675 0 0
1500.0 65.103229 29.199138 17.828208 0.084663 0.479700 427.635 0 0
1500.0 29.462115 0.411623 17.828670 -0.462472 0.083187 420.564 0 0
1500.0 91.194799 16.062207 18.249004 0.576488 0.234967 429.174 0 0
1500.0 71.606480 -50.599436 17.853807 0.252050 -0.836599 422.329 0 0
1500.0 125.648231 -2.326974 17.844418 1.043699 -0.096519 424.426 0 0
1500.0 162.118852 -85.633129 17.823310 1.667468 -1.289755 422.300 0 0
1500.0 48.481593 29.810587 17.999876 -0.097688 0.529165 422.272 0 0
1500.0 127.251572 69.264890 17.865128 1.119560 1.166489 421.119 0 0
1500.0 51.423730 5.161593 18.004535 -0.103381 0.133491 429.980 0 0
1500.0 -33.096603 -41.558292 17.893259 -1.479481 -0.613453 422.197 0 0
1500.0 13.645289 -15.449839 18.036173 -0.716762 -0.269049 423.521 0 0
1500.0 89.154841 48.918135 17.803870 0.477713 0.818907 423.953 0 0
1500.0 -2.135742 29.386210 17.799146 -0.895837 0.514292 424.955 0 0
1500.0 106.034305 32.159871 18.029621 0.784741 0.546388 424.889 0 0
1500.0 81.620517 51.207159 18.030798 0.419990 0.833975 424.716 0 0
1500.0 85.100407 25.239687 17.921216 0.429827 0.466749 422.956 0 0
1500.0 70.873580 35.006397 17.920595 0.210076 0.617036 423.004 0 0
1500.0 17.401430 3.649639 18.063966 -0.661949 0.082351 423.635 0 0
1500.0 40.340699 -3.606067 18.073516 -0.314643 -0.028851 422.948 0 0
1500.0 30.469011 -12.016109 18.069598 -0.465231 -0.158113 423.212 0 0
1500.0 -31.176733 152.798574 17.839620 -1.395667 2.420235 423.365 0 0
1500.0 43.422987 -51.787090 17.939985 -0.255473 -0.844378 424.411 0 0
1500.0 -5.876902 64.837011 17.936264 -1.042303 1.154780 418.984 0 0
1500.0 94.959889 -54.056472 17.867774 0.588106 -0.849743 427.003 0 0
1500.0 64.812249 35.128523 18.162431 0.089526 0.585523 424.216 0 0
1500.0 83.728267 16.372020 18.356691 0.484688 0.233808 431.474 0 0
1500.0 -17.836354 18.318366 18.117843 -1.328748 0.273828 418.293 0 0
1500.0 114.978716 -6.653563 17.962172 0.950105 -0.094532 425.295 0 0
1500.0 82.357705 -5.138428 18.092685 0.377932 -0.152040 420.983 0 0
1500.0 68.801688 61.279274 17.876007 0.175141 0.993430 425.731 0 0
1500.0 75.857565 56.850400 17.893234 0.230352 0.917816 425.452 0 0
1500.0 72.603867 56.035874 17.892554 0.233687 0.871595 429.185 0 0
1500.0 75.932092 1.242146 17.912998 0.273962 0.085034 431.063 0 0
1500.0 54.377293 18.242458 17.911655 -0.029601 0.359920 423.503 0 0
1500.0 116.113379 14.357011 17.890089 0.904513 0.290471 425.472 0 0
1500.0 53.444379 44.417809 17.976386 -0.066263 0.775220 423.384 0 0
1500.0 156.986808 -63.968495 17.986765 1.644773 -1.045551 423.228 0 0
1500.0 -6.183656 -8.138160 17.864498 -1.074021 -0.167253 423.447 0 0
1500.0 -2.314869 11.711787 17.803952 -0.916524 0.253787 425.671 0 0
1500.0 46.236086 64.463769 17.799334 -0.172980 1.019273 427.983 0 0
1500.0 118.905410 13.962482 18.044705 1.003404 0.214185 427.476 0 0
1500.0 71.522269 22.588965 18.043269 0.298446 0.391984 425.069 0 0
1500.0 30.294050 -19.216205 18.076459 -0.456940 -0.337601 425.366 0 0
1500.0 45.527431 -45.330586 18.069231 -0.221287 -0.731486 425.959 0 0
1500.0 48.735669 19.103371 18.082782 -0.175264 0.251812 424.930 0 0
1500.0 55.121334 16.618895 17.963004 -0.071684 0.323446 424.570 0 0
1500.0 103.814919 -21.007891 17.884713 0.800113 -0.282546 421.538 0 0
1500.0 126.770645 44.348970 17.946546 1.112952 0.695108 427.541 0 0
1500.0 120.949852 0.304199 17.899012 0.978915 -0.033915 430.019 0 0
1500.0 91.278531 15.528648 17.914997 0.589401 0.198903 425.464 0 0
1500.0 103.906902 13.307031 17.842767 0.781607 0.190789 425.899 0 0
1500.0 95.861956 12.361643 17.847723 0.662508 0.177465 425.460 0 0
1500.0 106.882602 39.086373 17.835447 0.777459 0.551392 430.074 0 0
1500.0 115.344507 29.830444 17.832970 0.905512 0.420538 429.621 0 0
1500.0 111.670111 35.021256 17.831864 0.879798 0.512060 427.457 0 0
1500.0 91.539466 -4.465575 18.642397 0.648828 -0.124291 428.488 0 0
1500.0 6.582395 -26.832930 17.879114 -0.838790 -0.367479 426.958 0 0
1500.0 84.140677 -19.199441 17.899881 0.358301 -0.355379 424.327 0 0
1500.0 124.822483 9.760991 18.339616 1.228217 0.116476 421.695 0 0
1500.0 24.652769 21.873572 17.892478 -0.533294 0.314554 432.353 0 0
1500.0 45.938771 -28.204602 17.896144 -0.257964 -0.430797 425.671 0 0
1500.0 4.757624 32.621174 17.877442 -0.832838 0.477007 430.687 0 0
1500.0 6.027175 15.347807 17.880899 -0.859991 0.240778 427.020 0 0
1500.0 26.673120 -43.682795 17.882657 -0.547494 -0.659486 426.820 0 0
1500.0 66.409443 -41.169825 17.956248 0.149535 -0.646700 432.541 0 0
1500.0 115.195212 -16.567536 17.899092 0.899486 -0.224021 431.156 0 0
1500.0 104.426862 40.900190 17.897327 0.747941 0.602537 430.886 0 0
1500.0 108.875387 -64.824432 17.871242 0.784537 -1.114051 424.011 0 0
1500.0 -8.524960 -121.548371 17.944801 -1.177901 -2.072483 422.015 0 0
1500.0 56.738672 -21.800361 18.363411 -0.056453 -0.434333 419.008 0 0
1500.0 33.671690 -58.637100 17.801124 -0.364412 -0.925208 431.208 0 0
1500.0 10.281579 -28.898057 17.831902 -0.749755 -0.440922 432.642 0 0
1500.0 -6.520265 17.429697 17.822643 -1.017075 0.228505 430.808 0 0
1500.0 33.766638 -60.506201 17.919054 -0.379708 -0.937126 431.852 0 0
1500.0 96.622616 -0.724691 18.043309 0.643120 -0.012439 433.627 0 0
1500.0 95.068807 -27.453927 18.038047 0.657807 -0.413421 429.686 0 0
1500.0 66.405544 2.885648 17.942773 0.154586 -0.032189 427.012 0 0
1500.0 133.347318 -1.889611 18.072357 1.259881 -0.064850 427.952 0 0
1500.0 79.434815 52.912914 17.909031 0.278482 0.872730 426.925 0 0
1500.0 240.270397 -21.702433 17.802326 2.757733 -0.324418 430.915 0 0
1500.0 58.559370 -79.956053 17.937947 -0.013324 -1.346183 425.903 0 0
1500.0 -16.275664 0.360280 17.814586 -1.128342 0.072614 431.202 0 0
1500.0 110.392437 16.689432 17.910988 0.825224 0.221356 433.801 0 0
1500.0 63.339635 -10.699683 17.888742 0.139909 -0.219387 429.349 0 0
1500.0 57.014679 -28.091285 17.884717 0.041282 -0.458238 433.064 0 0
1500.0 9.065817 -22.687992 17.885770 -0.795939 -0.394061 429.664 0 0
1500.0 30.977380 -59.476850 17.879187 -0.441478 -0.910690 432.787 0 0
1500.0 32.534174 -4.203239 17.901826 -0.448275 -0.115177 428.270 0 0
1500.0 50.214301 1.961818 17.906949 -0.174263 -0.019415 427.937 0 0
1500.0 3.784763 21.283871 17.884361 -0.874002 0.274440 429.838 0 0
1500.0 27.595243 -58.548686 17.877355 -0.500846 -0.915912 431.381 0 0
1500.0 62.334227 -12.311407 17.928546 -0.000585 -0.187478 427.707 0 0
1500.0 88.884320 -56.821266 17.903327 0.537931 -0.877840 431.661 0 0
1500.0 111.221933 14.819136 17.909931 0.886728 0.192759 430.444 0 0
1500.0 106.476359 -26.567996 17.911886 0.765650 -0.408881 434.670 0 0
1500.0 122.549941 -6.090909 17.903784 1.014583 -0.119280 433.302 0 0
1500.0 23.949395 -47.367439 18.011783 -0.553842 -0.754847 430.835 0 0
1500.0 81.649276 -39.178119 17.905627 0.432817 -0.647062 429.909 0 0
1500.0 37.967751 23.643227 17.965435 -0.363042 0.331292 429.430 0 0
1500.0 13.939120 4.011052 17.957387 -0.727946 0.027165 430.052 0 0
1500.0 15.857549 -26.667457 17.909159 -0.658373 -0.377440 435.526 0 0
1500.0 44.873653 10.850447 17.922936 -0.243747 0.151191 436.659 0 0
1500.0 107.500023 23.417076 18.030014 0.792092 0.357409 435.506 0 0
1500.0 112.787022 14.773692 18.107394 0.908678 0.272676 431.924 0 0
1500.0 43.783168 23.047902 18.195892 -0.245345 0.365569 430.366 0 0
1500.0 61.570162 -39.023913 17.922653 0.028530 -0.668595 430.008 0 0
1500.0 57.374504 -48.966559 17.916578 -0.035822 -0.815015 430.548 0 0
1500.0 -106.727223 42.332597 17.849914 -2.631163 0.706912 429.367 0 0
1500.0 70.197137 -11.657033 17.894275 0.200679 -0.259842 429.673 0 0
1500.0 91.286681 -11.993272 17.887618 0.526048 -0.263202 430.132 0 0
1500.0 97.350442 44.248534 17.870747 0.573831 0.706094 435.520 0 0
1500.0 61.196695 63.651371 17.864395 0.057690 1.025423 432.726 0 0
1500.0 45.615920 -65.546909 17.830190 -0.237814 -1.020529 433.295 0 0
1500.0 49.580734 -34.745254 17.850204 -0.187455 -0.590584 430.277 0 0
1500.0 73.263344 9.461332 17.982172 0.197971 0.199628 430.188 0 0
1500.0 94.225438 -15.985394 18.046098 0.562922 -0.285469 437.469 0 0
1500.0 72.328586 -10.460493 18.053423 0.284382 -0.230414 430.598 0 0
1500.0 66.157928 -14.846607 18.053679 0.189099 -0.298253 430.582 0 0
1500.0 80.616415 26.017948 17.886440 0.371217 0.416396 437.239 0 0
1500.0 77.519005 23.896454 18.191368 0.307928 0.382610 441.415 0 0
1500.0 2.175364 -14.041244 17.905467 -0.882769 -0.271956 432.233 0 0
1500.0 96.211621 -30.011652 17.894640 0.666367 -0.436594 431.538 0 0
1500.0 83.635093 -18.629747 17.934874 0.483292 -0.272441 431.241 0 0
1500.0 104.320145 -7.229608 17.925729 0.791604 -0.095535 432.093 0 0
1500.0 74.406294 5.547239 17.940557 0.309333 0.090754 437.905 0 0
1500.0 106.249870 44.879640 17.891666 0.782358 0.696535 434.462 0 0
1500.0 127.715993 -44.859503 18.044235 1.235992 -0.804587 426.728 0 0
1500.0 38.191228 -55.291139 17.812180 -0.269389 -0.864752 436.346 0 0
1500.0 44.598695 -57.755477 17.808969 -0.186781 -0.948611 432.797 0 0
1500.0 123.131775 10.428078 17.902176 1.022887 0.210631 434.346 0 0
1500.0 69.375320 27.627753 17.924433 0.237362 0.486749 431.371 0 0
1500.0 52.530179 18.511935 17.929905 -0.021190 0.310796 438.591 0 0
1500.0 92.166895 26.377301 17.919518 0.537196 0.425269 437.764 0 0
1500.0 123.342786 -7.347079 17.877625 1.012073 -0.178069 433.820 0 0
1500.0 87.376075 -4.035781 17.899807 0.494437 -0.133838 431.221 0 0
1500.0 27.560033 -44.663528 17.812944 -0.532457 -0.721965 432.398 0 0
1500.0 8.076548 27.519970 17.814965 -0.778192 0.356603 436.757 0 0
1500.0 9.792960 49.911893 17.804686 -0.779722 0.700666 434.418 0 0
1500.0 70.873018 -60.924302 18.077728 0.219504 -1.041137 430.275 0 0
1500.0 58.897074 10.726051 17.820090 -0.000964 0.246148 430.988 0 0
1500.0 72.991128 5.301263 18.247967 0.302330 0.121323 440.356 0 0
1500.0 76.438280 -6.475613 17.994760 0.315373 -0.145706 439.435 0 0
1500.0 61.033098 -25.120220 17.993262 0.101509 -0.405352 439.324 0 0
1500.0 50.051734 -34.647323 17.988176 -0.056759 -0.595308 432.395 0 0
1500.0 84.288659 -36.486338 18.194369 0.452111 -0.625392 433.780 0 0
1500.0 122.042813 -21.165553 17.871474 0.975557 -0.382972 435.390 0 0
1500.0 127.038614 0.981561 18.347638 1.364597 0.052370 422.612 0 0
1500.0 44.659359 -47.070628 17.847648 -0.249958 -0.702926 438.505 0 0
1500.0 70.013053 -44.143179 17.952621 0.132355 -0.743850 431.067 0 0
1500.0 87.484200 -50.928066 17.903421 0.407261 -0.821456 435.378 0 0
1500.0 -66.846895 66.893741 17.854004 -2.030311 1.144682 431.121 0 0
1500.0 126.433422 10.349996 18.349770 1.254903 0.232338 428.570 0 0
1500.0 68.384884 31.432519 18.056043 0.225275 0.549344 434.188 0 0
1500.0 109.831846 -9.190403 17.812208 0.782565 -0.217388 434.095 0 0
1500.0 99.295170 54.051918 17.833301 0.576771 0.858983 437.476 0 0
1500.0 23.585546 -10.630837 17.854118 -0.564593 -0.094014 433.586 0 0
1500.0 76.372796 -6.249426 17.963924 0.258349 -0.162052 433.915 0 0
1500.0 58.140287 -46.205964 17.952479 -0.022791 -0.709610 440.599 0 0
1500.0 48.498706 -22.174390 17.962078 -0.156859 -0.367039 441.386 0 0
1500.0 68.909072 -44.890094 17.950269 0.140050 -0.750886 434.944 0 0
1500.0 71.586817 -49.991749 17.952967 0.166589 -0.812830 435.248 0 0
1500.0 35.148773 -22.466306 18.037669 -0.349580 -0.354718 441.520 0 0
1500.0 52.179547 -33.598068 18.035328 -0.124502 -0.563019 434.694 0 0
1500.0 98.363699 28.465647 17.890380 0.697386 0.457904 435.120 0 0
1500.0 33.311507 -5.527739 17.975795 -0.425518 -0.037070 434.482 0 0
1500.0 51.020910 -26.821801 17.933353 -0.071250 -0.489231 434.544 0 0
1500.0 20.110718 116.717889 17.926046 -0.612667 1.915726 433.593 0 0
1500.0 58.998254 52.143096 17.886662 0.010193 0.870044 435.937 0 0
1500.0 91.150574 42.974771 17.885973 0.499694 0.729414 436.016 0 0
1500.0 73.601466 -1.996820 17.906166 0.238521 0.045886 434.361 0 0
1500.0 10.409711 3.694051 18.051308 -0.770795 0.054108 436.268 0 0
1500.0 99.034233 51.736792 17.889633 0.639977 0.829687 438.538 0 0
1500.0 61.317784 -19.393430 17.829168 0.052081 -0.384523 434.038 0 0
1500.0 106.085291 -13.407141 17.850236 0.808359 -0.166208 435.745 0 0
1500.0 128.721152 -41.787012 17.814653 1.074200 -0.686702 438.483 0 0
1500.0 112.574534 41.127292 17.791223 0.873332 0.577967 438.476 0 0
1500.0 73.764963 -3.761643 17.819630 0.279483 -0.084077 442.577 0 0
1500.0 120.746708 -50.240606 18.056839 1.100288 -0.814617 434.097 0 0
1500.0 90.171044 -54.511101 17.855843 0.559234 -0.838616 437.966 0 0
1500.0 77.906169 -52.438052 17.861477 0.380293 -0.818654 437.058 0 0
1500.0 80.420130 10.481644 17.835263 0.303825 0.216485 443.047 0 0
1500.0 -40.630293 -5.611547 17.816373 -1.568427 -0.013315 435.872 0 0
1500.0 74.299439 93.437724 17.905056 0.224580 1.510404 436.823 0 0
1500.0 85.864144 -12.678925 17.879976 0.447917 -0.128772 442.919 0 0
1500.0 134.348915 -27.276262 17.876750 1.244091 -0.376407 437.212 0 0
1500.0 38.680749 60.488458 17.835869 -0.354291 0.945698 438.900 0 0
1500.0 85.519831 41.875695 17.981665 0.517524 0.735050 433.988 0 0
1500.0 28.088102 -43.210320 17.895678 -0.453511 -0.734679 438.226 0 0
1500.0 112.655321 -18.046665 17.959181 0.914919 -0.275639 439.094 0 0
1500.0 66.251364 -11.848249 17.971915 0.069107 -0.202184 437.001 0 0
1500.0 60.833604 31.130160 17.995498 0.038060 0.552490 437.656 0 0
1500.0 28.902486 25.966343 17.992165 -0.452496 0.471034 437.909 0 0
1500.0 119.676568 10.977232 17.908114 0.996441 0.202471 439.767 0 0
1500.0 68.890070 -32.862785 17.911952 0.239615 -0.554512 438.041 0 0
1500.0 84.053010 -10.604531 17.871327 0.399200 -0.249819 435.659 0 0
1500.0 67.181218 44.969753 17.865801 0.162425 0.701191 444.399 0 0
1500.0 86.154423 5.428362 17.926273 0.453683 0.120299 445.710 0 0
1500.0 88.794277 -39.623051 18.228676 0.552899 -0.777347 431.256 0 0
1500.0 106.272678 -37.442772 17.969956 0.874052 -0.577689 434.451 0 0
1500.0 39.719260 -3.618442 18.212117 -0.270898 -0.120787 439.129 0 0
1500.0 84.205408 6.202468 18.377731 0.490616 0.073948 447.219 0 0
1500.0 125.288581 -36.877163 18.099450 1.227578 -0.697929 432.166 0 0
1500.0 47.807914 -4.553555 17.887700 -0.110628 -0.127632 445.912 0 0
1500.0 124.180463 -14.135282 17.857757 1.011049 -0.276845 441.852 0 0
1500.0 47.087237 9.042242 17.822680 -0.129292 0.191039 445.739 0 0
1500.0 99.549205 15.256474 18.236038 0.777269 0.193318 436.331 0 0
1500.0 38.645431 200.777922 17.799921 -0.313164 3.006344 442.863 0 0
1500.0 48.629816 63.430481 17.796554 -0.200077 0.961835 443.534 0 0
1500.0 2.312102 9.107387 17.801938 -0.862680 0.171024 444.331 0 0
1500.0 38.704802 20.228688 17.816187 -0.369830 0.359406 438.762 0 0
1500.0 99.831069 5.310524 18.060750 0.692517 0.051394 445.099 0 0
1500.0 70.279417 -8.745086 18.071066 0.290035 -0.159158 440.583 0 0
1500.0 104.437409 5.468688 18.056845 0.787483 0.055722 442.486 0 0
1500.0 124.153079 -8.772347 17.823033 1.043603 -0.096382 442.650 0 0
1500.0 99.960999 -27.282845 17.835431 0.713056 -0.384497 440.090 0 0
1500.0 62.136553 54.039148 17.884243 0.106845 0.827316 445.566 0 0
1500.0 92.532193 -3.969030 18.219177 0.637718 -0.017824 441.369 0 0
1500.0 80.519581 55.462547 17.831413 0.360671 0.910724 441.869 0 0
1500.0 11.526269 -35.416097 17.857972 -0.773295 -0.554362 441.985 0 0
1500.0 82.452239 47.726622 17.897380 0.417476 0.714060 446.345 0 0
1500.0 57.697988 -5.640942 17.935374 0.011937 -0.165875 440.229 0 0
1500.0 9.929943 39.047415 17.828453 -0.759424 0.598082 445.383 0 0
1500.0 20.141342 -2.111888 17.842614 -0.655194 0.002950 440.796 0 0
1500.0 21.905538 55.873785 17.824156 -0.596134 0.855704 444.232 0 0
1500.0 10.175925 9.654272 17.838379 -0.742652 0.169917 446.613 0 0
1500.0 51.257288 19.261251 17.968142 -0.129728 0.364579 440.689 0 0
1500.0 39.144841 -0.796740 18.115097 -0.331216 -0.010823 441.188 0 0
1500.0 52.166493 27.638492 18.112647 -0.130293 0.426136 441.352 0 0
1500.0 57.082179 -33.491472 18.056130 0.004870 -0.595499 441.207 0 0
1500.0 108.540242 -23.404650 18.203642 0.941446 -0.461266 435.689 0 0
1500.0 104.244163 -2.902817 18.024721 0.736262 -0.010362 449.047 0 0
1500.0 121.165990 -0.749305 18.010483 1.027051 0.020979 445.372 0 0
1500.0 38.889296 -24.339582 18.306832 -0.353795 -0.396370 437.958 0 0
1500.0 121.404030 -0.878395 17.829338 0.990546 -0.032092 447.332 0 0
1500.0 91.545975 -6.039024 17.846550 0.595849 -0.114420 442.861 0 0
1500.0 120.735476 16.124087 17.826923 1.009679 0.220997 445.364 0 0
1500.0 66.946729 22.894340 18.160345 0.213363 0.419327 443.798 0 0
1500.0 168.476043 -27.032436 18.168751 2.009610 -0.475604 436.499 0 0
1500.0 78.432032 43.217015 17.944161 0.273215 0.715803 443.990 0 0
1500.0 58.484843 -35.498657 17.859565 -0.007758 -0.568005 449.778 0 0
1500.0 13.303007 -17.807042 17.851360 -0.703038 -0.348493 443.771 0 0
1500.0 53.721265 -64.242432 17.840118 -0.077331 -1.005469 447.449 0 0
1500.0 37.474292 -43.888217 17.852565 -0.306096 -0.692076 449.162 0 0
1500.0 104.230172 -49.901006 17.838026 0.665006 -0.805818 446.680 0 0
1500.0 60.103945 -8.217568 17.867658 0.014901 -0.182528 450.382 0 0
1500.0 86.542289 4.228449 17.864844 0.495888 0.125978 443.384 0 0
1500.0 59.923538 5.982276 17.871491 0.073244 0.137393 450.809 0 0
1500.0 81.518816 -14.224779 17.866539 0.418485 -0.161444 443.267 0 0
1500.0 85.489600 -25.123027 18.000283 0.437354 -0.412707 450.752 0 0
1500.0 84.796664 -12.292840 17.903428 0.515925 -0.198460 441.040 0 0
1500.0 76.001251 55.271519 17.819688 0.355092 0.853500 443.347 0 0
1500.0 123.846207 -7.565860 17.790892 1.022389 -0.174806 446.673 0 0
1500.0 1.722143 35.287368 17.894655 -0.880167 0.541937 448.412 0 0
1500.0 78.465459 -44.785312 17.832210 0.359749 -0.647919 450.763 0 0
1500.0 43.563716 34.588219 17.983603 -0.226658 0.604671 445.411 0 0
1500.0 76.697678 45.889007 17.976492 0.279945 0.770927 446.039 0 0
1500.0 83.552943 -53.148179 17.843747 0.404799 -0.877689 446.827 0 0
1500.0 68.839969 -3.393313 18.094364 0.245427 -0.115303 445.606 0 0
1500.0 103.100432 -26.019586 18.074930 0.755583 -0.453357 447.219 0 0
1500.0 101.745796 49.403048 17.804881 0.708876 0.730485 449.308 0 0
1500.0 95.763650 -56.546288 17.803277 0.632975 -0.832212 448.066 0 0
1500.0 59.195940 66.342103 17.818564 0.051841 1.039998 448.924 0 0
1500.0 51.388673 -24.184013 18.181916 -0.170194 -0.431995 439.803 0 0
1500.0 112.041426 -7.157191 17.942318 0.847184 -0.073924 451.403 0 0
1500.0 16.022416 16.156116 17.849548 -0.711804 0.209555 446.340 0 0
1500.0 40.714442 -43.232624 17.848012 -0.330472 -0.704421 446.479 0 0
1500.0 122.806034 13.290055 17.916265 1.006815 0.248003 450.455 0 0
1500.0 58.171372 38.072628 17.936574 0.060995 0.585925 453.236 0 0
1500.0 76.703742 40.793331 18.070509 0.261966 0.736027 442.038 0 0
1500.0 81.440067 38.466511 17.809820 0.424683 0.632301 447.578 0 0
1500.0 111.913732 -6.203219 17.822579 0.866361 -0.030337 448.002 0 0
1500.0 113.311902 15.565097 18.027655 0.892742 0.299616 449.436 0 0
1500.0 84.953989 16.553083 18.044689 0.432832 0.291442 454.694 0 0
1500.0 116.859951 22.670003 17.846510 0.952969 0.334294 450.731 0 0
1500.0 40.660473 -21.513500 17.829917 -0.331990 -0.284294 447.535 0 0
1500.0 38.124720 60.508412 17.807800 -0.345483 0.927310 452.375 0 0
1500.0 94.436184 53.772095 17.937972 0.606053 0.848100 451.642 0 0
1500.0 95.650285 -45.966945 17.912683 0.570554 -0.768282 450.538 0 0
1500.0 75.854706 0.905717 18.051119 0.338033 -0.015340 456.035 0 0
1500.0 39.821020 -12.780944 18.181254 -0.267732 -0.212406 457.256 0 0
1500.0 117.595399 108.746473 17.837268 0.918031 1.782266 448.599 0 0
1500.0 41.472386 -63.377586 17.820241 -0.300775 -0.966345 453.541 0 0
1500.0 6.628616 -40.202511 17.819320 -0.811799 -0.630967 453.277 0 0
1500.0 74.815273 -46.070880 17.831943 0.195654 -0.754206 449.891 0 0
1500.0 17.716449 -39.257390 17.824653 -0.675043 -0.641355 450.696 0 0
1500.0 51.335807 -23.715809 17.844413 -0.151003 -0.373385 456.267 0 0
1500.0 117.377761 -16.135952 17.805636 0.905366 -0.177891 453.933 0 0
1500.0 25.297710 53.925671 17.802980 -0.444967 0.864819 451.935 0 0
1500.0 49.557559 41.082167 17.986083 -0.173906 0.710724 448.151 0 0
1500.0 76.690801 -64.803055 17.818927 0.237282 -1.020515 453.472 0 0
1500.0 91.412027 46.886180 17.805864 0.540116 0.787586 451.159 0 0
1500.0 80.216347 -62.933286 17.874959 0.402141 -0.965385 455.461 0 0
1500.0 117.187085 13.310246 17.935228 0.980546 0.188398 455.749 0 0
1500.0 68.068810 -24.255359 17.974176 0.230993 -0.424126 454.349 0 0
1500.0 50.469861 -17.367245 18.157817 -0.141491 -0.230513 454.667 0 0
1500.0 63.312505 -35.345328 18.085841 0.034521 -0.617006 450.972 0 0
1500.0 151.419233 6.931181 17.803793 1.485215 0.104374 456.337 0 0
1500.0 40.602336 -13.629365 18.091298 -0.371659 -0.215284 449.625 0 0
1500.0 45.129172 -64.311613 17.853300 -0.205915 -1.025473 460.364 0 0
1500.0 127.851710 -28.302430 17.832039 1.107398 -0.511285 461.940 0 0
1500.0 113.756527 -26.002811 17.903105 0.882647 -0.363820 469.119 0 0
1500.0 62.120950 -0.109418 17.928029 0.135290 0.008329 471.513 0 0
1500.0 113.285060 35.743015 17.831995 0.819679 0.592098 468.405 0 0
1500.0 73.908738 11.451196 17.856856 0.264186 0.255722 463.729 0 0
1500.0 16.591713 -30.714273 17.900647 -0.631008 -0.470306 473.220 0 0
1500.0 63.246638 -2.833684 17.972437 0.021404 -0.030568 466.863 0 0
1500.0 4.944723 41.225259 17.797115 -0.844312 0.569669 475.102 0 0
1500.0 11.410599 0.359750 17.811309 -0.728843 -0.026823 477.070 0 0
1500.0 -5.976740 12.112329 17.796032 -1.026732 0.147447 473.583 0 0
1500.0 7.428715 -32.160160 17.840703 -0.809991 -0.544348 481.406 0 0
