Total number of secondary electrons: 39
1500.0 67.070248 12.282997 18.947939 0.230825 0.234821 255.217 0 0
1500.0 72.095330 -2.613590 18.531510 0.313640 -0.089394 270.575 0 0
1500.0 59.085764 -14.826101 18.607407 0.098835 -0.294339 271.604 0 0
1500.0 68.399700 -24.934379 18.603191 0.237312 -0.443806 271.898 0 0
1500.0 83.708943 20.989669 18.370787 0.450303 0.391044 273.030 0 0
1500.0 27.639415 -10.206115 17.838530 -0.479736 -0.236559 277.480 0 0
1500.0 26.063104 -45.293169 17.823258 -0.493545 -0.766253 278.877 0 0
1500.0 11.558785 -19.423739 17.828056 -0.720425 -0.375036 278.346 0 0
1500.0 103.466200 -46.251380 17.819046 0.653706 -0.744003 282.127 0 0
1500.0 73.948699 -12.006956 17.843643 0.216979 -0.237858 284.701 0 0
1500.0 122.284160 -18.346610 17.817380 0.957941 -0.350126 279.900 0 0
1500.0 102.771458 -11.104976 17.831684 0.684508 -0.248492 278.014 0 0
1500.0 79.889697 -62.435102 17.815739 0.317678 -0.998884 280.757 0 0
1500.0 28.668815 -51.484605 17.820340 -0.450974 -0.855188 279.293 0 0
1500.0 58.964017 -55.651787 17.822660 0.007859 -0.923031 278.955 0 0
1500.0 35.115454 -34.564835 17.832425 -0.360680 -0.611385 277.951 0 0
1500.0 112.544145 -28.693852 17.820447 0.813709 -0.518458 279.375 0 0
1500.0 135.408964 8.635864 18.270725 1.466071 0.134414 274.447 0 0
1500.0 79.263217 -32.819541 17.858279 0.325655 -0.529123 292.850 0 0
1500.0 39.515465 -54.861170 17.844413 -0.252757 -0.903984 287.826 0 0
1500.0 159.052790 -34.624865 17.981798 1.646546 -0.582219 287.078 0 0
1500.0 38.798002 -6.908734 18.009257 -0.318616 -0.171432 288.044 0 0
1500.0 54.608624 -55.390853 17.990267 -0.071875 -0.899650 289.680 0 0
1500.0 73.146632 -1.410204 17.965591 0.253393 -0.099693 288.922 0 0
1500.0 93.327033 -36.857671 17.947775 0.555084 -0.637080 290.340 0 0
1500.0 34.050722 16.902665 17.932226 -0.394438 0.331032 290.132 0 0
1500.0 120.576250 -0.169455 17.897056 0.984103 -0.014373 295.288 0 0
1500.0 106.601660 -23.236905 17.904236 0.770898 -0.342544 296.306 0 0
1500.0 106.616735 11.944806 18.505603 0.973325 0.187635 285.666 0 0
1500.0 115.996282 -29.555855 17.992161 0.934307 -0.450705 297.004 0 0
1500.0 69.528006 -22.187178 17.970321 0.267022 -0.403884 290.957 0 0
1500.0 72.676570 26.176124 17.902933 0.281053 0.379531 302.293 0 0
1500.0 90.152666 55.469193 17.880406 0.562197 0.844423 297.658 0 0
1500.0 145.747195 7.061064 17.946804 1.534606 0.146494 291.978 0 0
1500.0 63.240308 53.782625 17.815801 0.034821 0.885170 297.331 0 0
1500.0 141.144794 -16.400975 17.845665 1.331640 -0.192117 297.103 0 0
1500.0 100.069940 47.384478 17.991170 0.701708 0.743746 302.041 0 0
1500.0 108.499343 12.186119 18.097605 0.846908 0.262142 302.182 0 0
1500.0 59.584251 -90.383903 17.920497 0.064046 -1.580723 302.751 0 0
